



























































































































































































































#AmpliconChromStart	Alias	Position	ProbableRef	rawA	rawC	rawD	rawG	rawI	rawN	rawT	rawDepth	consA	consC	consD	consG	consI	consN	consT	consDepth	
TP1_spike		1	G	0	0	0	100	0	0	0	100	0	0	0	54	0	0	0	54
TP1_spike		2	T	0	0	0	0	0	0	100	100	0	0	0	0	0	0	54	54
TP1_spike		3	G	0	0	0	101	0	1	0	102	0	0	0	55	0	1	0	56
TP1_spike		4	G	0	0	0	98	0	4	0	102	0	0	0	52	0	4	0	56
TP1_spike		5	T	0	0	0	0	0	1	101	102	0	0	0	0	0	1	55	56
TP1_spike		6	G	0	1	0	96	0	4	1	102	0	1	0	51	0	4	0	56
TP1_spike		7	A	101	0	0	0	0	1	0	102	55	0	0	0	0	1	0	56
TP1_spike		8	G	0	0	0	102	0	0	0	102	0	0	0	56	0	0	0	56
TP1_spike		9	G	0	0	0	101	0	1	0	102	0	0	0	55	0	1	0	56
TP1_spike		10	C	2	99	0	0	0	1	0	102	1	54	0	0	0	1	0	56
TP1_spike		11	T	1	0	0	0	0	4	97	102	1	0	0	0	0	4	51	56
TP1_spike		12	C	4	98	0	0	0	0	0	102	2	54	0	0	0	0	0	56
TP1_spike		13	C	6	96	0	0	0	0	0	102	2	54	0	0	0	0	0	56
TP1_spike		14	C	2	100	0	0	0	0	0	102	1	55	0	0	0	0	0	56
TP1_spike		15	C	2	100	0	0	0	0	0	102	0	56	0	0	0	0	0	56
TP1_spike		16	T	2	0	0	0	0	0	100	102	1	0	0	0	0	0	55	56
TP1_spike		17	T	2	0	0	0	0	0	100	102	2	0	0	0	0	0	54	56
TP1_spike		18	T	3	0	0	0	0	0	99	102	0	0	0	0	0	0	56	56
TP1_spike		19	C	0	102	0	0	0	0	0	102	0	56	0	0	0	0	0	56
TP1_spike		20	T	8	0	0	0	0	0	94	102	1	0	0	0	0	0	55	56
TP1_spike		21	T	3	0	0	0	0	0	99	102	0	0	0	0	0	0	56	56
TP1_spike		22	G	0	2	0	95	0	0	5	102	0	0	0	55	0	0	1	56
TP1_spike		23	C	16	86	0	0	0	0	0	102	1	55	0	0	0	0	0	56
TP1_spike		24	G	1	3	0	94	0	1	3	102	0	0	0	56	0	0	0	56
TP1_spike		25	G	0	21	0	80	0	0	1	102	0	4	0	51	0	0	1	56
TP1_spike		26	A	100	0	1	0	0	0	1	102	55	0	0	0	0	0	1	56
TP1_spike		27	G	0	3	0	96	0	0	3	102	0	0	0	54	0	0	2	56
TP1_spike		28	A	102	0	0	0	0	0	0	102	56	0	0	0	0	0	0	56
TP1_spike		29	T	1	0	0	0	0	0	101	102	1	0	0	0	0	0	55	56
TP1_spike		30	T	3	0	0	0	0	0	99	102	1	0	0	0	0	0	55	56
TP1_spike		31	C	4	96	0	0	0	2	0	102	2	52	0	0	0	2	0	56
TP1_spike		32	T	1	0	0	1	0	0	99	101	1	0	0	1	0	0	54	56
TP1_spike		33	C	3	96	0	1	0	0	0	100	3	52	0	1	0	0	0	56
TP1_spike		34	T	7	0	0	0	0	1	91	99	5	0	0	0	0	1	50	56
TP1_spike		35	T	3	0	0	0	0	5	89	97	3	0	0	0	0	4	47	54
TP1_spike		36	C	1	89	0	0	0	1	0	91	0	52	0	0	0	1	0	53
TP1_spike		37	C	4	85	0	0	0	2	0	91	4	47	0	0	0	2	0	53
TP1_spike		38	T	0	0	0	0	0	1	89	90	0	0	0	0	0	0	53	53
TP1_spike		39	C	3	86	0	0	0	1	0	90	3	50	0	0	0	0	0	53
TP1_spike		40	T	1	0	0	0	0	1	88	90	1	0	0	0	0	0	52	53
TP1_spike		41	G	0	1	0	87	0	0	0	88	0	0	0	52	0	0	0	52
TP1_spike		42	T	4	0	0	0	0	0	82	86	1	0	0	0	0	0	50	51
TP1_spike		43	G	0	2	0	81	0	1	1	85	0	2	0	47	0	0	1	50
TP1_spike		44	C	0	71	0	0	0	0	0	71	0	48	0	0	0	0	0	48
TP1_spike		45	G	0	0	0	70	0	0	0	70	0	0	0	47	0	0	0	47
TP1_spike		46	C	0	65	0	0	0	0	0	65	0	45	0	0	0	0	0	45
TP1_spike		47	C	0	65	0	0	0	0	0	65	0	45	0	0	0	0	0	45
TP1_spike		48	G	0	0	0	62	0	0	0	62	0	0	0	44	0	0	0	44
TP1_spike		51	C	0	89450	0	0	0	0	0	89450	0	10674	0	0	0	0	0	10674
TP1_spike		52	T	0	0	0	0	0	0	89507	89507	0	0	0	0	0	0	10725	10725
TP1_spike		53	T	0	0	0	0	0	1	89607	89608	0	0	0	0	0	1	10820	10821
TP1_spike		54	G	0	0	0	89719	0	0	0	89719	0	0	0	10926	0	0	0	10926
TP1_spike		55	C	0	89870	0	0	0	0	0	89870	0	11026	0	0	0	0	0	11026
TP1_spike		56	G	33	61	0	89875	0	3	50	90022	5	15	0	11113	0	0	7	11140
TP1_spike		57	G	9	152	0	89850	0	11	26	90048	0	42	0	11118	0	3	3	11166
TP1_spike		58	A	90067	0	0	13	0	0	19	90099	11214	0	0	1	0	0	2	11217
TP1_spike		59	G	7	40	0	90024	0	11	17	90099	0	11	0	11199	0	4	3	11217
TP1_spike		60	A	90046	11	0	7	0	24	11	90099	11210	3	0	0	0	3	1	11217
TP1_spike		61	T	39	9	0	8	0	14	90029	90099	7	0	0	2	0	1	11207	11217
TP1_spike		62	T	111	7	0	1	0	20	89960	90099	36	0	0	0	0	10	11171	11217
TP1_spike		63	C	88	89982	0	4	0	26	6	90106	28	11182	0	1	0	13	0	11224
TP1_spike		64	T	69	8	0	8	0	8	90016	90109	27	0	0	1	0	1	11198	11227
TP1_spike		65	C	73	89992	0	10	0	27	7	90109	24	11194	0	2	0	7	0	11227
TP1_spike		66	T	274	14	1	7	0	5	89808	90109	85	0	0	1	0	0	11141	11227
TP1_spike		67	T	87	3	0	3	0	2	90023	90118	27	0	0	0	0	0	11209	11236
TP1_spike		68	C	140	89970	0	6	0	5	4	90125	35	11205	0	2	0	1	0	11243
TP1_spike		69	C	104	90006	0	3	0	6	6	90125	31	11209	0	0	0	3	0	11243
TP1_spike		70	T	51	22	0	1	0	2	90049	90125	14	3	0	0	0	0	11226	11243
TP1_spike		71	C	50	90061	0	7	0	2	5	90125	19	11224	0	0	0	0	0	11243
TP1_spike		72	T	99	8	1	2	0	13	90002	90125	46	1	1	0	0	6	11189	11243
TP1_spike		73	G	17	92	1	89993	0	7	18	90128	2	31	1	11198	0	5	8	11245
TP1_spike		74	T	219	3	0	3	0	3	89902	90130	63	0	0	1	0	1	11182	11247
TP1_spike		75	G	15	99	0	89941	0	32	46	90133	4	42	0	11175	0	16	13	11250
TP1_spike		76	C	182	89910	0	3	0	7	31	90133	70	11175	0	0	0	0	5	11250
TP1_spike		77	G	21	47	0	89999	0	15	51	90133	4	21	0	11207	0	0	18	11250
TP1_spike		78	C	108	89996	0	8	0	19	6	90137	37	11214	0	0	0	3	0	11254
TP1_spike		79	C	104	90002	0	3	0	14	14	90137	28	11225	0	0	0	1	0	11254
TP1_spike		80	G	30	57	3	89989	0	2	56	90137	2	24	0	11218	0	0	10	11254
TP1_spike		81	G	21	119	0	89957	0	9	33	90139	6	49	0	11183	0	2	15	11255
TP1_spike		82	T	198	15	0	13	0	8	89905	90139	74	1	0	2	0	5	11173	11255
TP1_spike		83	C	106	90006	0	3	0	15	9	90139	33	11214	0	0	0	7	1	11255
TP1_spike		84	T	147	12	0	4	0	5	89971	90139	53	0	0	0	0	1	11201	11255
TP1_spike		85	C	39	90072	0	1	0	21	6	90139	15	11224	0	0	0	15	1	11255
TP1_spike		86	T	54	9	3	4	0	3	90066	90139	19	0	0	0	0	1	11235	11255
TP1_spike		87	C	56	90042	20	3	0	5	13	90139	27	11222	3	0	0	0	3	11255
TP1_spike		88	C	169	89938	4	11	0	12	5	90139	36	11215	1	2	0	1	0	11255
TP1_spike		89	C	74	90028	0	6	0	15	16	90139	20	11227	0	1	0	5	2	11255
TP1_spike		90	A	90076	26	1	21	0	8	7	90139	11244	6	0	4	0	1	0	11255
TP1_spike		91	G	11	45	0	89999	0	0	84	90139	0	24	0	11195	0	0	36	11255
TP1_spike		92	G	5	93	0	89973	0	1	66	90138	0	43	0	11183	0	0	28	11254
TP1_spike		93	A	90079	17	0	10	0	16	16	90138	11242	4	0	0	0	4	4	11254
TP1_spike		94	C	51	90066	1	3	0	7	10	90138	15	11238	0	0	0	1	0	11254
TP1_spike		95	A	90079	10	0	15	0	24	10	90138	11239	1	0	0	0	12	2	11254
TP1_spike		96	G	13	65	1	89920	0	7	132	90138	2	32	0	11168	0	3	49	11254
TP1_spike		97	G	42	238	0	89692	0	17	149	90138	5	101	0	11099	0	4	45	11254
TP1_spike		98	C	105	90002	2	5	0	11	13	90138	40	11208	1	3	0	1	1	11254
TP1_spike		99	A	90061	12	2	19	0	19	25	90138	11235	3	1	2	0	9	4	11254
TP1_spike		100	C	30	90033	3	8	1	48	15	90138	11	11219	0	0	0	22	2	11254
TP1_spike		101	A	90086	21	6	13	0	5	7	90138	11247	3	0	0	0	4	0	11254
TP1_spike		102	A	90097	21	0	12	0	4	4	90138	11246	3	0	1	0	3	1	11254
TP1_spike		103	A	90049	39	0	21	0	3	22	90134	11236	5	0	5	0	2	5	11253
TP1_spike		104	C	57	90049	0	1	0	19	8	90134	22	11227	0	0	0	4	0	11253
TP1_spike		105	A	90051	48	0	9	0	12	11	90131	11238	8	0	1	0	3	1	11251
TP1_spike		106	C	55	90030	0	2	0	34	10	90131	22	11215	0	0	0	13	1	11251
TP1_spike		107	G	23	56	0	90012	0	6	33	90130	1	25	0	11214	0	1	9	11250
TP1_spike		108	C	68	90010	0	2	0	38	9	90127	23	11214	0	0	0	10	1	11248
TP1_spike		109	A	89938	144	0	35	0	2	8	90127	11219	23	0	6	0	0	0	11248
TP1_spike		110	C	39	90074	0	5	0	0	9	90127	12	11234	0	0	0	0	2	11248
TP1_spike		111	C	121	89978	0	9	0	10	6	90124	31	11213	0	1	0	1	1	11247
TP1_spike		112	T	273	63	0	30	0	4	89749	90119	72	6	0	8	0	2	11156	11244
TP1_spike		113	C	74	90030	1	3	0	3	8	90119	22	11220	0	1	0	0	1	11244
TP1_spike		114	A	90059	13	5	9	0	23	10	90119	11240	2	0	0	0	2	0	11244
TP1_spike		115	A	90041	8	0	8	0	56	6	90119	11230	3	0	0	0	10	1	11244
TP1_spike		116	A	90071	31	0	13	0	3	1	90119	11232	10	0	1	0	1	0	11244
TP1_spike		117	G	8	145	0	89929	0	4	17	90103	0	47	0	11186	0	1	4	11238
TP1_spike		118	C	87	89978	0	4	0	25	5	90099	22	11206	0	0	0	5	1	11234
TP1_spike		119	T	165	8	0	17	1	21	89861	90073	65	0	0	3	1	1	11147	11217
TP1_spike		120	G	14	40	0	89973	0	22	21	90070	2	12	0	11196	0	1	4	11215
TP1_spike		121	T	140	11	69	10	0	22	89808	90060	61	1	4	3	0	5	11135	11209
TP1_spike		122	T	88	13	0	23	67	4	89857	90052	30	0	0	1	8	2	11164	11205
TP1_spike		123	C	100	89879	16	11	0	13	9	90028	24	11156	2	0	0	12	0	11194
TP1_spike		124	C	109	89832	0	42	0	7	18	90008	23	11162	0	1	0	3	1	11190
TP1_spike		125	G	27	64	0	89879	0	15	9	89994	2	29	0	11151	0	1	1	11184
TP1_spike		126	T	147	7	0	22	0	11	89742	89929	35	0	0	5	0	1	11132	11173
TP1_spike		127	C	51	89818	0	6	0	1	10	89886	11	11158	0	0	0	1	2	11172
TP1_spike		128	C	0	89745	0	0	0	9	0	89754	0	11150	0	0	0	5	0	11155
TP1_spike		129	C	0	89594	0	0	0	24	0	89618	0	11121	0	0	0	10	0	11131
TP1_spike		130	A	89364	0	0	0	0	20	0	89384	11105	0	0	0	0	4	0	11109
TP1_spike		131	G	0	0	0	89218	0	0	0	89218	0	0	0	11072	0	0	0	11072
TP1_spike		132	T	0	0	0	0	0	0	89082	89082	0	0	0	0	0	0	11039	11039
TP1_spike	TP1_spike	1	G	0	0	0	154	0	0	0	154	0	0	0	19	0	0	0	19
TP1_spike	TP1_spike	2	T	0	0	0	0	0	0	154	154	0	0	0	0	0	0	19	19
TP1_spike	TP1_spike	3	G	0	0	0	188	0	0	0	188	0	0	0	20	0	0	0	20
TP1_spike	TP1_spike	4	G	0	0	0	188	0	0	0	188	0	0	0	20	0	0	0	20
TP1_spike	TP1_spike	5	T	0	0	0	0	0	0	188	188	0	0	0	0	0	0	20	20
TP1_spike	TP1_spike	6	G	0	0	0	188	0	0	0	188	0	0	0	20	0	0	0	20
TP1_spike	TP1_spike	7	A	187	0	0	0	0	1	0	188	20	0	0	0	0	0	0	20
TP1_spike	TP1_spike	8	G	0	0	0	187	0	0	1	188	0	0	0	20	0	0	0	20
TP1_spike	TP1_spike	9	G	0	0	0	187	0	1	0	188	0	0	0	20	0	0	0	20
TP1_spike	TP1_spike	10	C	0	188	0	0	0	0	0	188	0	20	0	0	0	0	0	20
TP1_spike	TP1_spike	11	T	0	0	0	0	0	0	188	188	0	0	0	0	0	0	20	20
TP1_spike	TP1_spike	12	C	0	188	0	0	0	0	0	188	0	20	0	0	0	0	0	20
TP1_spike	TP1_spike	13	C	0	188	0	0	0	0	0	188	0	20	0	0	0	0	0	20
TP1_spike	TP1_spike	14	C	0	188	0	0	0	0	0	188	0	20	0	0	0	0	0	20
TP1_spike	TP1_spike	15	C	0	188	0	0	0	0	0	188	0	20	0	0	0	0	0	20
TP1_spike	TP1_spike	16	T	0	0	0	0	0	0	188	188	0	0	0	0	0	0	20	20
TP1_spike	TP1_spike	17	T	0	0	0	0	0	0	188	188	0	0	0	0	0	0	20	20
TP1_spike	TP1_spike	18	T	0	0	0	0	0	0	188	188	0	0	0	0	0	0	20	20
TP1_spike	TP1_spike	19	A	188	0	0	0	0	0	0	188	20	0	0	0	0	0	0	20
TP1_spike	TP1_spike	20	T	0	0	0	0	0	0	188	188	0	0	0	0	0	0	20	20
TP1_spike	TP1_spike	21	A	188	0	0	0	0	0	0	188	20	0	0	0	0	0	0	20
TP1_spike	TP1_spike	22	C	0	188	0	0	0	0	0	188	0	20	0	0	0	0	0	20
TP1_spike	TP1_spike	23	A	188	0	0	0	0	0	0	188	20	0	0	0	0	0	0	20
TP1_spike	TP1_spike	24	G	0	1	0	187	0	0	0	188	0	0	0	20	0	0	0	20
TP1_spike	TP1_spike	25	A	188	0	0	0	0	0	0	188	20	0	0	0	0	0	0	20
TP1_spike	TP1_spike	26	A	188	0	0	0	0	0	0	188	20	0	0	0	0	0	0	20
TP1_spike	TP1_spike	27	T	0	0	0	0	0	0	188	188	0	0	0	0	0	0	20	20
TP1_spike	TP1_spike	28	A	188	0	0	0	0	0	0	188	20	0	0	0	0	0	0	20
TP1_spike	TP1_spike	29	T	0	0	0	0	0	0	188	188	0	0	0	0	0	0	20	20
TP1_spike	TP1_spike	30	C	1	187	0	0	0	0	0	188	0	20	0	0	0	0	0	20
TP1_spike	TP1_spike	31	T	0	0	0	0	0	0	188	188	0	0	0	0	0	0	20	20
TP1_spike	TP1_spike	32	G	0	0	1	187	0	0	0	188	0	0	1	19	0	0	0	20
TP1_spike	TP1_spike	33	T	0	0	0	0	0	0	188	188	0	0	0	0	0	0	20	20
TP1_spike	TP1_spike	34	T	0	0	0	0	0	0	188	188	0	0	0	0	0	0	20	20
TP1_spike	TP1_spike	35	C	1	187	0	0	0	0	0	188	0	20	0	0	0	0	0	20
TP1_spike	TP1_spike	36	G	0	0	0	188	0	0	0	188	0	0	0	20	0	0	0	20
TP1_spike	TP1_spike	37	C	0	188	0	0	0	0	0	188	0	20	0	0	0	0	0	20
TP1_spike	TP1_spike	38	A	187	0	1	0	0	0	0	188	19	0	1	0	0	0	0	20
TP1_spike	TP1_spike	39	C	0	188	0	0	0	0	0	188	0	20	0	0	0	0	0	20
TP1_spike	TP1_spike	40	T	0	0	0	0	0	0	188	188	0	0	0	0	0	0	20	20
TP1_spike	TP1_spike	41	C	0	188	0	0	0	0	0	188	0	20	0	0	0	0	0	20
TP1_spike	TP1_spike	42	C	0	188	0	0	0	0	0	188	0	20	0	0	0	0	0	20
TP1_spike	TP1_spike	43	G	0	0	0	188	0	0	0	188	0	0	0	20	0	0	0	20
TP1_spike	TP1_spike	44	A	188	0	0	0	0	0	0	188	20	0	0	0	0	0	0	20
TP1_spike	TP1_spike	45	G	0	0	0	188	0	0	0	188	0	0	0	20	0	0	0	20
TP1_spike	TP1_spike	46	T	0	0	0	0	0	0	188	188	0	0	0	0	0	0	20	20
TP1_spike	TP1_spike	47	G	0	0	0	188	0	0	0	188	0	0	0	20	0	0	0	20
TP1_spike	TP1_spike	48	C	1	186	0	0	0	0	1	188	0	20	0	0	0	0	0	20
TP1_spike	TP1_spike	49	G	0	0	0	188	0	0	0	188	0	0	0	20	0	0	0	20
TP1_spike	TP1_spike	50	G	0	0	0	188	0	0	0	188	0	0	0	20	0	0	0	20
TP1_spike	TP1_spike	51	C	1	186	0	0	0	1	0	188	0	20	0	0	0	0	0	20
TP1_spike	TP1_spike	52	T	1	0	0	0	0	0	187	188	0	0	0	0	0	0	20	20
TP1_spike	TP1_spike	53	T	0	0	0	0	0	0	188	188	0	0	0	0	0	0	20	20
TP1_spike	TP1_spike	54	G	0	0	0	187	0	0	1	188	0	0	0	20	0	0	0	20
TP1_spike	TP1_spike	55	C	0	188	0	0	0	0	0	188	0	20	0	0	0	0	0	20
TP1_spike	TP1_spike	56	G	0	0	0	188	0	0	0	188	0	0	0	20	0	0	0	20
TP1_spike	TP1_spike	57	G	0	0	0	187	0	0	1	188	0	0	0	20	0	0	0	20
TP1_spike	TP1_spike	58	A	188	0	0	0	0	0	0	188	20	0	0	0	0	0	0	20
TP1_spike	TP1_spike	59	G	0	0	0	188	0	0	0	188	0	0	0	20	0	0	0	20
TP1_spike	TP1_spike	60	A	188	0	0	0	0	0	0	188	20	0	0	0	0	0	0	20
TP1_spike	TP1_spike	61	T	0	0	0	0	0	0	188	188	0	0	0	0	0	0	20	20
TP1_spike	TP1_spike	62	T	0	0	0	0	0	0	188	188	0	0	0	0	0	0	20	20
TP1_spike	TP1_spike	63	C	0	188	0	0	0	0	0	188	0	20	0	0	0	0	0	20
TP1_spike	TP1_spike	64	T	0	0	0	0	0	0	188	188	0	0	0	0	0	0	20	20
TP1_spike	TP1_spike	65	C	0	188	0	0	0	0	0	188	0	20	0	0	0	0	0	20
TP1_spike	TP1_spike	66	T	0	0	0	0	0	0	188	188	0	0	0	0	0	0	20	20
TP1_spike	TP1_spike	67	T	0	0	0	0	0	0	188	188	0	0	0	0	0	0	20	20
TP1_spike	TP1_spike	68	C	0	188	0	0	0	0	0	188	0	20	0	0	0	0	0	20
TP1_spike	TP1_spike	69	C	0	188	0	0	0	0	0	188	0	20	0	0	0	0	0	20
TP1_spike	TP1_spike	70	T	1	0	0	0	0	0	187	188	0	0	0	0	0	0	20	20
TP1_spike	TP1_spike	71	C	0	188	0	0	0	0	0	188	0	20	0	0	0	0	0	20
TP1_spike	TP1_spike	72	T	0	0	0	0	0	0	188	188	0	0	0	0	0	0	20	20
TP1_spike	TP1_spike	73	G	0	0	0	188	0	0	0	188	0	0	0	20	0	0	0	20
TP1_spike	TP1_spike	74	T	1	0	0	0	0	0	187	188	0	0	0	0	0	0	20	20
TP1_spike	TP1_spike	75	G	0	0	0	188	0	0	0	188	0	0	0	20	0	0	0	20
TP1_spike	TP1_spike	76	C	0	185	0	0	0	1	0	186	0	20	0	0	0	0	0	20
TP1_spike	TP1_spike	77	G	0	0	0	186	0	0	0	186	0	0	0	20	0	0	0	20
TP1_spike	TP1_spike	78	C	0	186	0	0	0	0	0	186	0	20	0	0	0	0	0	20
TP1_spike	TP1_spike	79	C	0	186	0	0	0	0	0	186	0	20	0	0	0	0	0	20
TP1_spike	TP1_spike	80	G	0	0	0	185	0	0	0	185	0	0	0	20	0	0	0	20
