



























































































































































































































#AmpliconChromStart	Alias	Position	ProbableRef	rawA	rawC	rawD	rawG	rawI	rawN	rawT	rawDepth	consA	consC	consD	consG	consI	consN	consT	consDepth	
TP1_spike		1	G	0	0	0	100	0	0	0	100	0	0	0	1	0	0	0	1
TP1_spike		2	T	0	0	0	0	0	0	100	100	0	0	0	0	0	0	1	1
TP1_spike		3	G	0	0	0	101	0	1	0	102	0	0	0	1	0	0	0	1
TP1_spike		4	G	0	0	0	98	0	4	0	102	0	0	0	1	0	0	0	1
TP1_spike		5	T	0	0	0	0	0	1	101	102	0	0	0	0	0	0	1	1
TP1_spike		6	G	0	1	0	96	0	4	1	102	0	0	0	1	0	0	0	1
TP1_spike		7	A	101	0	0	0	0	1	0	102	1	0	0	0	0	0	0	1
TP1_spike		8	G	0	0	0	102	0	0	0	102	0	0	0	1	0	0	0	1
TP1_spike		9	G	0	0	0	101	0	1	0	102	0	0	0	1	0	0	0	1
TP1_spike		10	C	2	99	0	0	0	1	0	102	0	1	0	0	0	0	0	1
TP1_spike		11	T	1	0	0	0	0	4	97	102	0	0	0	0	0	0	1	1
TP1_spike		12	C	4	98	0	0	0	0	0	102	0	1	0	0	0	0	0	1
TP1_spike		13	C	6	96	0	0	0	0	0	102	0	1	0	0	0	0	0	1
TP1_spike		14	C	2	100	0	0	0	0	0	102	0	1	0	0	0	0	0	1
TP1_spike		15	C	2	100	0	0	0	0	0	102	0	1	0	0	0	0	0	1
TP1_spike		16	T	2	0	0	0	0	0	100	102	0	0	0	0	0	0	1	1
TP1_spike		17	T	2	0	0	0	0	0	100	102	0	0	0	0	0	0	1	1
TP1_spike		18	T	3	0	0	0	0	0	99	102	0	0	0	0	0	0	1	1
TP1_spike		19	C	0	102	0	0	0	0	0	102	0	1	0	0	0	0	0	1
TP1_spike		20	T	8	0	0	0	0	0	94	102	0	0	0	0	0	0	1	1
TP1_spike		21	T	3	0	0	0	0	0	99	102	0	0	0	0	0	0	1	1
TP1_spike		22	G	0	2	0	95	0	0	5	102	0	0	0	1	0	0	0	1
TP1_spike		23	C	16	86	0	0	0	0	0	102	0	1	0	0	0	0	0	1
TP1_spike		24	G	1	3	0	94	0	1	3	102	0	0	0	1	0	0	0	1
TP1_spike		25	G	0	21	0	80	0	0	1	102	0	0	0	1	0	0	0	1
TP1_spike		26	A	100	0	1	0	0	0	1	102	1	0	0	0	0	0	0	1
TP1_spike		27	G	0	3	0	96	0	0	3	102	0	0	0	1	0	0	0	1
TP1_spike		28	A	102	0	0	0	0	0	0	102	1	0	0	0	0	0	0	1
TP1_spike		29	T	1	0	0	0	0	0	101	102	0	0	0	0	0	0	1	1
TP1_spike		30	T	3	0	0	0	0	0	99	102	0	0	0	0	0	0	1	1
TP1_spike		31	C	4	96	0	0	0	2	0	102	0	1	0	0	0	0	0	1
TP1_spike		32	T	1	0	0	1	0	0	99	101	0	0	0	0	0	0	1	1
TP1_spike		33	C	3	96	0	1	0	0	0	100	0	1	0	0	0	0	0	1
TP1_spike		34	T	7	0	0	0	0	1	91	99	0	0	0	0	0	0	1	1
TP1_spike		35	T	3	0	0	0	0	5	89	97	0	0	0	0	0	0	1	1
TP1_spike		36	C	1	89	0	0	0	1	0	91	0	1	0	0	0	0	0	1
TP1_spike		37	C	4	85	0	0	0	2	0	91	0	1	0	0	0	0	0	1
TP1_spike		38	T	0	0	0	0	0	1	89	90	0	0	0	0	0	0	1	1
TP1_spike		39	C	3	86	0	0	0	1	0	90	0	1	0	0	0	0	0	1
TP1_spike		40	T	1	0	0	0	0	1	88	90	0	0	0	0	0	0	1	1
TP1_spike		41	G	0	1	0	87	0	0	0	88	0	0	0	1	0	0	0	1
TP1_spike		42	T	4	0	0	0	0	0	82	86	0	0	0	0	0	0	1	1
TP1_spike		43	G	0	2	0	81	0	1	1	85	0	0	0	1	0	0	0	1
TP1_spike		44	C	0	71	0	0	0	0	0	71	0	1	0	0	0	0	0	1
TP1_spike		45	G	0	0	0	70	0	0	0	70	0	0	0	1	0	0	0	1
TP1_spike		46	C	0	65	0	0	0	0	0	65	0	1	0	0	0	0	0	1
TP1_spike		47	C	0	65	0	0	0	0	0	65	0	1	0	0	0	0	0	1
TP1_spike		48	G	0	0	0	62	0	0	0	62	0	0	0	1	0	0	0	1
TP1_spike		51	C	0	89450	0	0	0	0	0	89450	0	3823	0	0	0	0	0	3823
TP1_spike		52	T	0	0	0	0	0	0	89507	89507	0	0	0	0	0	0	3824	3824
TP1_spike		53	T	0	0	0	0	0	1	89607	89608	0	0	0	0	0	0	3825	3825
TP1_spike		54	G	0	0	0	89719	0	0	0	89719	0	0	0	3826	0	0	0	3826
TP1_spike		55	C	0	89870	0	0	0	0	0	89870	0	3828	0	0	0	0	0	3828
TP1_spike		56	G	33	61	0	89875	0	3	50	90022	0	0	0	3830	0	0	0	3830
TP1_spike		57	G	9	152	0	89850	0	11	26	90048	0	0	0	3830	0	0	0	3830
TP1_spike		58	A	90067	0	0	13	0	0	19	90099	3830	0	0	0	0	0	0	3830
TP1_spike		59	G	7	40	0	90024	0	11	17	90099	0	0	0	3830	0	0	0	3830
TP1_spike		60	A	90046	11	0	7	0	24	11	90099	3830	0	0	0	0	0	0	3830
TP1_spike		61	T	39	9	0	8	0	14	90029	90099	0	0	0	0	0	0	3830	3830
TP1_spike		62	T	111	7	0	1	0	20	89960	90099	0	0	0	0	0	0	3830	3830
TP1_spike		63	C	88	89982	0	4	0	26	6	90106	0	3830	0	0	0	0	0	3830
TP1_spike		64	T	69	8	0	8	0	8	90016	90109	0	0	0	0	0	0	3830	3830
TP1_spike		65	C	73	89992	0	10	0	27	7	90109	0	3830	0	0	0	0	0	3830
TP1_spike		66	T	274	14	1	7	0	5	89808	90109	0	0	0	0	0	0	3830	3830
TP1_spike		67	T	87	3	0	3	0	2	90023	90118	0	0	0	0	0	0	3830	3830
TP1_spike		68	C	140	89970	0	6	0	5	4	90125	0	3830	0	0	0	0	0	3830
TP1_spike		69	C	104	90006	0	3	0	6	6	90125	0	3830	0	0	0	0	0	3830
TP1_spike		70	T	51	22	0	1	0	2	90049	90125	0	0	0	0	0	0	3830	3830
TP1_spike		71	C	50	90061	0	7	0	2	5	90125	0	3830	0	0	0	0	0	3830
TP1_spike		72	T	99	8	1	2	0	13	90002	90125	0	0	0	0	0	0	3830	3830
TP1_spike		73	G	17	92	1	89993	0	7	18	90128	0	0	0	3830	0	0	0	3830
TP1_spike		74	T	219	3	0	3	0	3	89902	90130	0	0	0	0	0	0	3830	3830
TP1_spike		75	G	15	99	0	89941	0	32	46	90133	0	0	0	3830	0	0	0	3830
TP1_spike		76	C	182	89910	0	3	0	7	31	90133	0	3829	0	0	0	0	1	3830
TP1_spike		77	G	21	47	0	89999	0	15	51	90133	0	0	0	3830	0	0	0	3830
TP1_spike		78	C	108	89996	0	8	0	19	6	90137	0	3830	0	0	0	0	0	3830
TP1_spike		79	C	104	90002	0	3	0	14	14	90137	0	3830	0	0	0	0	0	3830
TP1_spike		80	G	30	57	3	89989	0	2	56	90137	0	0	0	3830	0	0	0	3830
TP1_spike		81	G	21	119	0	89957	0	9	33	90139	0	0	0	3830	0	0	0	3830
TP1_spike		82	T	198	15	0	13	0	8	89905	90139	0	0	0	0	0	0	3830	3830
TP1_spike		83	C	106	90006	0	3	0	15	9	90139	0	3830	0	0	0	0	0	3830
TP1_spike		84	T	147	12	0	4	0	5	89971	90139	0	0	0	0	0	0	3830	3830
TP1_spike		85	C	39	90072	0	1	0	21	6	90139	0	3830	0	0	0	0	0	3830
TP1_spike		86	T	54	9	3	4	0	3	90066	90139	0	0	0	0	0	0	3830	3830
TP1_spike		87	C	56	90042	20	3	0	5	13	90139	0	3830	0	0	0	0	0	3830
TP1_spike		88	C	169	89938	4	11	0	12	5	90139	0	3830	0	0	0	0	0	3830
TP1_spike		89	C	74	90028	0	6	0	15	16	90139	0	3830	0	0	0	0	0	3830
TP1_spike		90	A	90076	26	1	21	0	8	7	90139	3830	0	0	0	0	0	0	3830
TP1_spike		91	G	11	45	0	89999	0	0	84	90139	0	0	0	3830	0	0	0	3830
TP1_spike		92	G	5	93	0	89973	0	1	66	90138	0	0	0	3830	0	0	0	3830
TP1_spike		93	A	90079	17	0	10	0	16	16	90138	3830	0	0	0	0	0	0	3830
TP1_spike		94	C	51	90066	1	3	0	7	10	90138	0	3830	0	0	0	0	0	3830
TP1_spike		95	A	90079	10	0	15	0	24	10	90138	3830	0	0	0	0	0	0	3830
TP1_spike		96	G	13	65	1	89920	0	7	132	90138	0	0	0	3830	0	0	0	3830
TP1_spike		97	G	42	238	0	89692	0	17	149	90138	1	0	0	3829	0	0	0	3830
TP1_spike		98	C	105	90002	2	5	0	11	13	90138	0	3830	0	0	0	0	0	3830
TP1_spike		99	A	90061	12	2	19	0	19	25	90138	3830	0	0	0	0	0	0	3830
TP1_spike		100	C	30	90033	3	8	1	48	15	90138	0	3830	0	0	0	0	0	3830
TP1_spike		101	A	90086	21	6	13	0	5	7	90138	3830	0	0	0	0	0	0	3830
TP1_spike		102	A	90097	21	0	12	0	4	4	90138	3830	0	0	0	0	0	0	3830
TP1_spike		103	A	90049	39	0	21	0	3	22	90134	3830	0	0	0	0	0	0	3830
TP1_spike		104	C	57	90049	0	1	0	19	8	90134	0	3830	0	0	0	0	0	3830
TP1_spike		105	A	90051	48	0	9	0	12	11	90131	3830	0	0	0	0	0	0	3830
TP1_spike		106	C	55	90030	0	2	0	34	10	90131	0	3830	0	0	0	0	0	3830
TP1_spike		107	G	23	56	0	90012	0	6	33	90130	0	0	0	3830	0	0	0	3830
TP1_spike		108	C	68	90010	0	2	0	38	9	90127	0	3830	0	0	0	0	0	3830
TP1_spike		109	A	89938	144	0	35	0	2	8	90127	3830	0	0	0	0	0	0	3830
TP1_spike		110	C	39	90074	0	5	0	0	9	90127	1	3829	0	0	0	0	0	3830
TP1_spike		111	C	121	89978	0	9	0	10	6	90124	0	3830	0	0	0	0	0	3830
TP1_spike		112	T	273	63	0	30	0	4	89749	90119	0	3	0	0	0	0	3827	3830
TP1_spike		113	C	74	90030	1	3	0	3	8	90119	0	3830	0	0	0	0	0	3830
TP1_spike		114	A	90059	13	5	9	0	23	10	90119	3830	0	0	0	0	0	0	3830
TP1_spike		115	A	90041	8	0	8	0	56	6	90119	3830	0	0	0	0	0	0	3830
TP1_spike		116	A	90071	31	0	13	0	3	1	90119	3830	0	0	0	0	0	0	3830
TP1_spike		117	G	8	145	0	89929	0	4	17	90103	0	0	0	3830	0	0	0	3830
TP1_spike		118	C	87	89978	0	4	0	25	5	90099	0	3830	0	0	0	0	0	3830
TP1_spike		119	T	165	8	0	17	1	21	89861	90073	0	0	0	0	0	0	3830	3830
TP1_spike		120	G	14	40	0	89973	0	22	21	90070	0	0	0	3830	0	0	0	3830
TP1_spike		121	T	140	11	69	10	0	22	89808	90060	0	0	2	0	0	0	3828	3830
TP1_spike		122	T	88	13	0	23	67	4	89857	90052	0	0	0	0	2	0	3828	3830
TP1_spike		123	C	100	89879	16	11	0	13	9	90028	0	3828	2	0	0	0	0	3830
TP1_spike		124	C	109	89832	0	42	0	7	18	90008	0	3829	0	1	0	0	0	3830
TP1_spike		125	G	27	64	0	89879	0	15	9	89994	0	0	0	3830	0	0	0	3830
TP1_spike		126	T	147	7	0	22	0	11	89742	89929	0	0	0	0	0	0	3828	3828
TP1_spike		127	C	51	89818	0	6	0	1	10	89886	0	3828	0	0	0	0	0	3828
TP1_spike		128	C	0	89745	0	0	0	9	0	89754	0	3826	0	0	0	0	0	3826
TP1_spike		129	C	0	89594	0	0	0	24	0	89618	0	3826	0	0	0	0	0	3826
TP1_spike		130	A	89364	0	0	0	0	20	0	89384	3820	0	0	0	0	0	0	3820
TP1_spike		131	G	0	0	0	89218	0	0	0	89218	0	0	0	3816	0	0	0	3816
TP1_spike		132	T	0	0	0	0	0	0	89082	89082	0	0	0	0	0	0	3814	3814
TP1_spike	TP1_spike	1	G	0	0	0	154	0	0	0	154	0	0	0	6	0	0	0	6
TP1_spike	TP1_spike	2	T	0	0	0	0	0	0	154	154	0	0	0	0	0	0	6	6
TP1_spike	TP1_spike	3	G	0	0	0	188	0	0	0	188	0	0	0	7	0	0	0	7
TP1_spike	TP1_spike	4	G	0	0	0	188	0	0	0	188	0	0	0	7	0	0	0	7
TP1_spike	TP1_spike	5	T	0	0	0	0	0	0	188	188	0	0	0	0	0	0	7	7
TP1_spike	TP1_spike	6	G	0	0	0	188	0	0	0	188	0	0	0	7	0	0	0	7
TP1_spike	TP1_spike	7	A	187	0	0	0	0	1	0	188	7	0	0	0	0	0	0	7
TP1_spike	TP1_spike	8	G	0	0	0	187	0	0	1	188	0	0	0	7	0	0	0	7
TP1_spike	TP1_spike	9	G	0	0	0	187	0	1	0	188	0	0	0	7	0	0	0	7
TP1_spike	TP1_spike	10	C	0	188	0	0	0	0	0	188	0	7	0	0	0	0	0	7
TP1_spike	TP1_spike	11	T	0	0	0	0	0	0	188	188	0	0	0	0	0	0	7	7
TP1_spike	TP1_spike	12	C	0	188	0	0	0	0	0	188	0	7	0	0	0	0	0	7
TP1_spike	TP1_spike	13	C	0	188	0	0	0	0	0	188	0	7	0	0	0	0	0	7
TP1_spike	TP1_spike	14	C	0	188	0	0	0	0	0	188	0	7	0	0	0	0	0	7
TP1_spike	TP1_spike	15	C	0	188	0	0	0	0	0	188	0	7	0	0	0	0	0	7
TP1_spike	TP1_spike	16	T	0	0	0	0	0	0	188	188	0	0	0	0	0	0	7	7
TP1_spike	TP1_spike	17	T	0	0	0	0	0	0	188	188	0	0	0	0	0	0	7	7
TP1_spike	TP1_spike	18	T	0	0	0	0	0	0	188	188	0	0	0	0	0	0	7	7
TP1_spike	TP1_spike	19	A	188	0	0	0	0	0	0	188	7	0	0	0	0	0	0	7
TP1_spike	TP1_spike	20	T	0	0	0	0	0	0	188	188	0	0	0	0	0	0	7	7
TP1_spike	TP1_spike	21	A	188	0	0	0	0	0	0	188	7	0	0	0	0	0	0	7
TP1_spike	TP1_spike	22	C	0	188	0	0	0	0	0	188	0	7	0	0	0	0	0	7
TP1_spike	TP1_spike	23	A	188	0	0	0	0	0	0	188	7	0	0	0	0	0	0	7
TP1_spike	TP1_spike	24	G	0	1	0	187	0	0	0	188	0	0	0	7	0	0	0	7
TP1_spike	TP1_spike	25	A	188	0	0	0	0	0	0	188	7	0	0	0	0	0	0	7
TP1_spike	TP1_spike	26	A	188	0	0	0	0	0	0	188	7	0	0	0	0	0	0	7
TP1_spike	TP1_spike	27	T	0	0	0	0	0	0	188	188	0	0	0	0	0	0	7	7
TP1_spike	TP1_spike	28	A	188	0	0	0	0	0	0	188	7	0	0	0	0	0	0	7
TP1_spike	TP1_spike	29	T	0	0	0	0	0	0	188	188	0	0	0	0	0	0	7	7
TP1_spike	TP1_spike	30	C	1	187	0	0	0	0	0	188	0	7	0	0	0	0	0	7
TP1_spike	TP1_spike	31	T	0	0	0	0	0	0	188	188	0	0	0	0	0	0	7	7
TP1_spike	TP1_spike	32	G	0	0	1	187	0	0	0	188	0	0	0	7	0	0	0	7
TP1_spike	TP1_spike	33	T	0	0	0	0	0	0	188	188	0	0	0	0	0	0	7	7
TP1_spike	TP1_spike	34	T	0	0	0	0	0	0	188	188	0	0	0	0	0	0	7	7
TP1_spike	TP1_spike	35	C	1	187	0	0	0	0	0	188	0	7	0	0	0	0	0	7
TP1_spike	TP1_spike	36	G	0	0	0	188	0	0	0	188	0	0	0	7	0	0	0	7
TP1_spike	TP1_spike	37	C	0	188	0	0	0	0	0	188	0	7	0	0	0	0	0	7
TP1_spike	TP1_spike	38	A	187	0	1	0	0	0	0	188	7	0	0	0	0	0	0	7
TP1_spike	TP1_spike	39	C	0	188	0	0	0	0	0	188	0	7	0	0	0	0	0	7
TP1_spike	TP1_spike	40	T	0	0	0	0	0	0	188	188	0	0	0	0	0	0	7	7
TP1_spike	TP1_spike	41	C	0	188	0	0	0	0	0	188	0	7	0	0	0	0	0	7
TP1_spike	TP1_spike	42	C	0	188	0	0	0	0	0	188	0	7	0	0	0	0	0	7
TP1_spike	TP1_spike	43	G	0	0	0	188	0	0	0	188	0	0	0	7	0	0	0	7
TP1_spike	TP1_spike	44	A	188	0	0	0	0	0	0	188	7	0	0	0	0	0	0	7
TP1_spike	TP1_spike	45	G	0	0	0	188	0	0	0	188	0	0	0	7	0	0	0	7
TP1_spike	TP1_spike	46	T	0	0	0	0	0	0	188	188	0	0	0	0	0	0	7	7
TP1_spike	TP1_spike	47	G	0	0	0	188	0	0	0	188	0	0	0	7	0	0	0	7
TP1_spike	TP1_spike	48	C	1	186	0	0	0	0	1	188	0	7	0	0	0	0	0	7
TP1_spike	TP1_spike	49	G	0	0	0	188	0	0	0	188	0	0	0	7	0	0	0	7
TP1_spike	TP1_spike	50	G	0	0	0	188	0	0	0	188	0	0	0	7	0	0	0	7
TP1_spike	TP1_spike	51	C	1	186	0	0	0	1	0	188	0	7	0	0	0	0	0	7
TP1_spike	TP1_spike	52	T	1	0	0	0	0	0	187	188	0	0	0	0	0	0	7	7
TP1_spike	TP1_spike	53	T	0	0	0	0	0	0	188	188	0	0	0	0	0	0	7	7
TP1_spike	TP1_spike	54	G	0	0	0	187	0	0	1	188	0	0	0	7	0	0	0	7
TP1_spike	TP1_spike	55	C	0	188	0	0	0	0	0	188	0	7	0	0	0	0	0	7
TP1_spike	TP1_spike	56	G	0	0	0	188	0	0	0	188	0	0	0	7	0	0	0	7
TP1_spike	TP1_spike	57	G	0	0	0	187	0	0	1	188	0	0	0	7	0	0	0	7
TP1_spike	TP1_spike	58	A	188	0	0	0	0	0	0	188	7	0	0	0	0	0	0	7
TP1_spike	TP1_spike	59	G	0	0	0	188	0	0	0	188	0	0	0	7	0	0	0	7
TP1_spike	TP1_spike	60	A	188	0	0	0	0	0	0	188	7	0	0	0	0	0	0	7
TP1_spike	TP1_spike	61	T	0	0	0	0	0	0	188	188	0	0	0	0	0	0	7	7
TP1_spike	TP1_spike	62	T	0	0	0	0	0	0	188	188	0	0	0	0	0	0	7	7
TP1_spike	TP1_spike	63	C	0	188	0	0	0	0	0	188	0	7	0	0	0	0	0	7
TP1_spike	TP1_spike	64	T	0	0	0	0	0	0	188	188	0	0	0	0	0	0	7	7
TP1_spike	TP1_spike	65	C	0	188	0	0	0	0	0	188	0	7	0	0	0	0	0	7
TP1_spike	TP1_spike	66	T	0	0	0	0	0	0	188	188	0	0	0	0	0	0	7	7
TP1_spike	TP1_spike	67	T	0	0	0	0	0	0	188	188	0	0	0	0	0	0	7	7
TP1_spike	TP1_spike	68	C	0	188	0	0	0	0	0	188	0	7	0	0	0	0	0	7
TP1_spike	TP1_spike	69	C	0	188	0	0	0	0	0	188	0	7	0	0	0	0	0	7
TP1_spike	TP1_spike	70	T	1	0	0	0	0	0	187	188	0	0	0	0	0	0	7	7
TP1_spike	TP1_spike	71	C	0	188	0	0	0	0	0	188	0	7	0	0	0	0	0	7
TP1_spike	TP1_spike	72	T	0	0	0	0	0	0	188	188	0	0	0	0	0	0	7	7
TP1_spike	TP1_spike	73	G	0	0	0	188	0	0	0	188	0	0	0	7	0	0	0	7
TP1_spike	TP1_spike	74	T	1	0	0	0	0	0	187	188	0	0	0	0	0	0	7	7
TP1_spike	TP1_spike	75	G	0	0	0	188	0	0	0	188	0	0	0	7	0	0	0	7
TP1_spike	TP1_spike	76	C	0	185	0	0	0	1	0	186	0	7	0	0	0	0	0	7
TP1_spike	TP1_spike	77	G	0	0	0	186	0	0	0	186	0	0	0	7	0	0	0	7
TP1_spike	TP1_spike	78	C	0	186	0	0	0	0	0	186	0	7	0	0	0	0	0	7
TP1_spike	TP1_spike	79	C	0	186	0	0	0	0	0	186	0	7	0	0	0	0	0	7
TP1_spike	TP1_spike	80	G	0	0	0	185	0	0	0	185	0	0	0	7	0	0	0	7
