



























































































































































































































#AmpliconChromStart	Alias	Position	ProbableRef	rawA	rawC	rawD	rawG	rawI	rawN	rawT	rawDepth	consA	consC	consD	consG	consI	consN	consT	consDepth	
TP1_synth_reverse		1	G	0	0	0	643213	0	0	0	643213	0	0	0	2939	0	0	0	2939
TP1_synth_reverse		2	T	0	0	0	0	0	0	645218	645218	0	0	0	0	0	0	2946	2946
TP1_synth_reverse		3	G	0	0	0	647472	0	137	0	647609	0	0	0	2955	0	0	0	2955
TP1_synth_reverse		4	G	0	0	0	648586	0	62	0	648648	0	0	0	2960	0	0	0	2960
TP1_synth_reverse		5	T	0	0	0	0	0	159	648847	649006	0	0	0	0	0	0	2960	2960
TP1_synth_reverse		6	G	139	77	0	649216	0	32	124	649588	0	0	0	2961	0	0	0	2961
TP1_synth_reverse		7	A	649442	24	0	98	0	21	74	649659	2961	0	0	0	0	0	0	2961
TP1_synth_reverse		8	G	96	69	0	649417	0	95	103	649780	0	0	0	2961	0	0	0	2961
TP1_synth_reverse		9	G	107	108	0	649229	1	26	335	649806	0	0	0	2961	0	0	0	2961
TP1_synth_reverse		10	C	261	649404	1	28	1	20	118	649833	0	2961	0	0	0	0	0	2961
TP1_synth_reverse		11	T	265	121	20	22	46	50	649330	649854	0	0	0	0	0	0	2961	2961
TP1_synth_reverse		12	C	279	648456	900	29	0	68	132	649864	0	2955	6	0	0	0	0	2961
TP1_synth_reverse		13	C	349	649304	1	22	0	91	117	649884	0	2961	0	0	0	0	0	2961
TP1_synth_reverse		14	C	290	649396	0	34	0	51	124	649895	0	2961	0	0	0	0	0	2961
TP1_synth_reverse		15	C	223	648582	0	106	1	47	945	649904	0	2958	0	1	0	0	2	2961
TP1_synth_reverse		16	T	523	65	1067	35	0	26	648198	649914	0	0	4	0	0	0	2957	2961
TP1_synth_reverse		17	T	628	83	0	23	1	155	649035	649925	0	0	0	0	0	0	2961	2961
TP1_synth_reverse		18	T	445	77	0	21	1	97	649284	649925	0	0	0	0	0	0	2961	2961
TP1_synth_reverse		19	C	424	647999	1338	37	0	96	92	649986	0	2957	5	0	0	0	0	2962
TP1_synth_reverse		20	T	549	62	810	69	0	54	648442	649986	0	0	5	0	0	0	2957	2962
TP1_synth_reverse		21	T	1843	115	1	77	0	184	647766	649986	0	0	0	0	0	0	2962	2962
TP1_synth_reverse		22	G	136	652	216	647869	1	113	999	649986	0	0	1	2959	0	0	2	2962
TP1_synth_reverse		23	C	1037	646795	82	174	716	75	1125	650004	2	2947	0	1	7	0	5	2962
TP1_synth_reverse		24	G	206	582	456	648358	0	47	355	650004	0	1	1	2960	0	0	0	2962
TP1_synth_reverse		25	G	207	403	3	649083	1	67	240	650004	0	0	0	2962	0	0	0	2962
TP1_synth_reverse		26	A	649217	17	10	146	426	96	104	650016	2960	0	0	0	2	0	0	2962
TP1_synth_reverse		27	G	139	408	54	648569	20	76	750	650016	0	1	1	2959	0	0	1	2962
TP1_synth_reverse		28	A	649560	131	130	67	0	37	91	650016	2961	0	1	0	0	0	0	2962
TP1_synth_reverse		29	T	732	74	556	48	0	13	648593	650016	0	0	4	0	0	0	2958	2962
TP1_synth_reverse		30	T	2537	109	31	12	0	55	647272	650016	0	0	0	0	0	0	2962	2962
TP1_synth_reverse		31	C	778	646320	2763	40	0	15	101	650017	0	2954	8	0	0	0	0	2962
TP1_synth_reverse		32	T	960	74	95	48	0	50	648785	650012	0	0	1	0	0	0	2961	2962
TP1_synth_reverse		33	C	771	648036	881	32	0	20	267	650007	0	2957	4	0	0	0	1	2962
TP1_synth_reverse		34	T	1215	110	2599	46	0	18	646019	650007	0	0	11	0	0	0	2951	2962
TP1_synth_reverse		35	T	2968	75	683	60	17	41	646148	649992	0	0	3	0	0	0	2959	2962
TP1_synth_reverse		36	C	598	646780	2423	26	0	60	104	649991	0	2953	9	0	0	0	0	2962
TP1_synth_reverse		37	C	668	648535	4	87	0	39	644	649977	0	2961	0	0	0	0	1	2962
TP1_synth_reverse		38	T	1406	67	665	37	0	104	647691	649970	0	0	2	0	0	0	2960	2962
TP1_synth_reverse		39	C	375	649378	50	36	1	21	107	649968	0	2962	0	0	0	0	0	2962
TP1_synth_reverse		40	T	1472	82	90	23	18	26	648253	649964	0	0	1	0	0	0	2961	2962
TP1_synth_reverse		41	G	145	1339	109	646648	1	16	1698	649956	0	0	0	2962	0	0	0	2962
TP1_synth_reverse		42	T	2399	79	170	45	270	128	646862	649953	0	0	1	0	1	0	2960	2962
TP1_synth_reverse		43	G	160	1377	390	646955	6	82	987	649957	0	0	1	2960	0	0	1	2962
TP1_synth_reverse		44	C	798	646946	827	41	0	102	1241	649955	0	2955	3	0	0	0	4	2962
TP1_synth_reverse		45	G	226	414	681	645779	78	66	2706	649950	0	0	2	2959	1	0	0	2962
TP1_synth_reverse		46	C	1481	647695	295	31	0	25	447	649974	0	2960	1	0	0	0	1	2962
TP1_synth_reverse		47	C	440	648912	0	29	217	6	367	649971	0	2960	0	0	1	0	1	2962
TP1_synth_reverse		48	G	213	1295	454	645165	410	6	2424	649967	0	0	1	2959	2	0	0	2962
TP1_synth_reverse		49	A	649383	44	393	57	0	49	100	650026	2961	0	1	0	0	0	0	2962
TP1_synth_reverse		50	T	2663	458	14	24	174	28	646659	650020	0	1	0	0	2	0	2959	2962
TP1_synth_reverse		51	A	648980	37	774	84	0	70	102	650047	2960	0	2	0	0	0	0	2962
TP1_synth_reverse		52	C	626	648512	409	34	276	42	142	650041	0	2960	1	0	1	0	0	2962
TP1_synth_reverse		53	A	649138	32	618	136	5	39	87	650055	2960	0	2	0	0	0	0	2962
TP1_synth_reverse		54	G	203	390	434	648302	165	20	526	650040	0	0	1	2959	1	0	1	2962
TP1_synth_reverse		55	A	648972	152	750	106	0	41	54	650075	2960	0	3	0	0	0	0	2963
TP1_synth_reverse		56	A	649787	15	0	103	0	59	108	650072	2963	0	0	0	0	0	0	2963
TP1_synth_reverse		57	T	3441	50	39	182	337	39	645967	650055	0	0	0	0	1	0	2962	2963
TP1_synth_reverse		58	A	649813	13	15	74	0	46	118	650079	2963	0	0	0	0	0	0	2963
TP1_synth_reverse		59	T	2146	53	31	88	0	18	647727	650063	0	0	0	0	0	0	2963	2963
TP1_synth_reverse		60	C	1623	648172	4	120	0	44	93	650056	0	2963	0	0	0	0	0	2963
TP1_synth_reverse		61	T	1711	75	228	252	1	11	647765	650043	0	0	1	0	0	0	2962	2963
TP1_synth_reverse		62	G	659	265	627	647269	432	102	675	650029	0	0	2	2960	1	0	0	2963
TP1_synth_reverse		63	T	4090	73	186	39	0	39	645611	650038	0	0	2	0	0	0	2961	2963
TP1_synth_reverse		64	T	2426	56	1	84	191	80	647189	650027	0	0	0	0	1	0	2962	2963
TP1_synth_reverse		65	C	694	648150	770	58	95	89	175	650031	0	2961	1	0	1	0	0	2963
TP1_synth_reverse		66	G	528	362	302	648065	0	46	715	650018	0	0	0	2963	0	0	0	2963
TP1_synth_reverse		67	C	955	648181	474	22	147	134	115	650028	0	2963	0	0	0	0	0	2963
TP1_synth_reverse		68	A	648267	404	997	141	0	138	88	650035	2958	0	5	0	0	0	0	2963
TP1_synth_reverse		69	C	209	649490	73	37	0	81	139	650029	0	2963	0	0	0	0	0	2963
TP1_synth_reverse		70	T	1367	101	3	213	3	39	648290	650016	0	0	0	0	0	0	2963	2963
TP1_synth_reverse		71	C	345	649042	461	34	2	10	118	650012	0	2959	4	0	0	0	0	2963
TP1_synth_reverse		72	C	1008	647752	0	60	926	53	204	650003	0	2963	0	0	0	0	0	2963
TP1_synth_reverse		73	G	429	321	119	648496	227	194	198	649984	0	0	0	2963	0	0	0	2963
TP1_synth_reverse		74	A	649131	111	530	89	0	100	20	649981	2961	0	2	0	0	0	0	2963
TP1_synth_reverse		75	G	196	269	398	648903	3	18	181	649968	0	0	1	2962	0	0	0	2963
TP1_synth_reverse		76	T	3375	84	129	81	359	31	645897	649956	0	0	1	0	0	0	2962	2963
TP1_synth_reverse		77	G	156	373	27	648487	3	36	859	649941	1	0	0	2962	0	0	0	2963
TP1_synth_reverse		78	C	520	648277	499	42	0	42	554	649934	0	2962	1	0	0	0	0	2963
TP1_synth_reverse		79	G	888	902	808	646630	0	173	527	649928	1	0	3	2959	0	0	0	2963
TP1_synth_reverse		80	G	1047	212	0	648078	151	162	261	649911	1	0	0	2962	0	0	0	2963
TP1_synth_reverse		81	C	239	647843	804	65	684	125	144	649904	0	2959	2	0	2	0	0	2963
TP1_synth_reverse		82	A	647795	39	1713	118	1	69	126	649861	2961	0	2	0	0	0	0	2963
TP1_synth_reverse		83	A	649426	78	2	89	0	203	59	649857	2963	0	0	0	0	0	0	2963
TP1_synth_reverse		84	A	649389	45	0	185	98	55	29	649801	2963	0	0	0	0	0	0	2963
TP1_synth_reverse		85	G	128	271	54	648971	1	95	171	649691	0	0	0	2963	0	0	0	2963
TP1_synth_reverse		86	C	366	648890	80	43	85	52	119	649635	0	2962	1	0	0	0	0	2963
TP1_synth_reverse		87	T	1489	90	21	92	0	74	647769	649535	0	0	0	0	0	0	2963	2963
TP1_synth_reverse		88	G	177	462	29	648486	87	95	157	649493	0	0	0	2962	1	0	0	2963
TP1_synth_reverse		89	T	1071	73	111	36	0	236	647903	649430	0	0	0	0	0	0	2963	2963
TP1_synth_reverse		90	T	1096	88	1	41	1	142	647790	649159	0	0	0	0	0	0	2963	2963
TP1_synth_reverse		91	C	580	647070	0	454	3	27	805	648939	0	2963	0	0	0	0	0	2963
TP1_synth_reverse		92	C	362	647163	0	388	0	44	244	648201	0	2963	0	0	0	0	0	2963
TP1_synth_reverse		93	G	410	200	0	645847	0	73	90	646620	0	0	0	2963	0	0	0	2963
TP1_synth_reverse		94	T	860	77	0	125	0	176	645231	646469	0	0	0	0	0	0	2963	2963
TP1_synth_reverse		95	C	0	645976	0	0	0	112	0	646088	0	2963	0	0	0	0	0	2963
TP1_synth_reverse		96	C	0	645459	0	0	0	55	0	645514	0	2963	0	0	0	0	0	2963
TP1_synth_reverse		97	C	0	643514	0	0	0	142	0	643656	0	2963	0	0	0	0	0	2963
TP1_synth_reverse		98	A	641373	0	0	0	0	0	0	641373	2963	0	0	0	0	0	0	2963
TP1_synth_reverse		99	G	0	0	0	640278	0	0	0	640278	0	0	0	2963	0	0	0	2963
