



























































































































































































































#AmpliconChromStart	Alias	Position	ProbableRef	rawA	rawC	rawD	rawG	rawI	rawN	rawT	rawDepth	consA	consC	consD	consG	consI	consN	consT	consDepth	
TP1_synth_reverse		1	G	0	0	0	643213	0	0	0	643213	0	0	0	10418	0	0	0	10418
TP1_synth_reverse		2	T	0	0	0	0	0	0	645218	645218	0	0	0	0	0	0	10436	10436
TP1_synth_reverse		3	G	0	0	0	647472	0	137	0	647609	0	0	0	10465	0	0	0	10465
TP1_synth_reverse		4	G	0	0	0	648586	0	62	0	648648	0	0	0	10479	0	0	0	10479
TP1_synth_reverse		5	T	0	0	0	0	0	159	648847	649006	0	0	0	0	0	0	10481	10481
TP1_synth_reverse		6	G	139	77	0	649216	0	32	124	649588	0	0	0	10486	0	0	0	10486
TP1_synth_reverse		7	A	649442	24	0	98	0	21	74	649659	10487	0	0	0	0	0	0	10487
TP1_synth_reverse		8	G	96	69	0	649417	0	95	103	649780	0	0	0	10497	0	0	0	10497
TP1_synth_reverse		9	G	107	108	0	649229	1	26	335	649806	0	0	0	10497	0	0	1	10498
TP1_synth_reverse		10	C	261	649404	1	28	1	20	118	649833	0	10499	0	0	0	0	0	10499
TP1_synth_reverse		11	T	265	121	20	22	46	50	649330	649854	0	0	0	0	2	0	10498	10500
TP1_synth_reverse		12	C	279	648456	900	29	0	68	132	649864	0	10488	12	0	0	0	0	10500
TP1_synth_reverse		13	C	349	649304	1	22	0	91	117	649884	0	10501	0	0	0	0	0	10501
TP1_synth_reverse		14	C	290	649385	0	34	0	51	124	649884	0	10500	0	0	0	0	1	10501
TP1_synth_reverse		15	C	223	648571	0	106	1	47	945	649893	0	10494	0	1	0	0	6	10501
TP1_synth_reverse		16	T	523	65	1067	35	0	26	648177	649893	1	0	11	0	0	0	10489	10501
TP1_synth_reverse		17	T	628	83	0	23	1	155	649014	649904	0	0	0	0	0	0	10501	10501
TP1_synth_reverse		18	T	445	77	0	21	1	97	649263	649904	0	0	0	0	0	0	10501	10501
TP1_synth_reverse		19	C	424	647978	1338	37	0	96	92	649965	0	10491	11	0	0	0	0	10502
TP1_synth_reverse		20	T	547	62	810	69	0	54	648423	649965	0	0	10	0	0	0	10492	10502
TP1_synth_reverse		21	T	1843	115	1	77	0	184	647745	649965	0	0	0	0	0	0	10502	10502
TP1_synth_reverse		22	G	136	651	216	647849	1	113	999	649965	0	1	7	10488	0	0	6	10502
TP1_synth_reverse		23	C	1037	646774	82	174	716	75	1125	649983	7	10463	3	2	13	0	15	10503
TP1_synth_reverse		24	G	206	582	456	648338	0	47	354	649983	0	1	9	10490	0	0	3	10503
TP1_synth_reverse		25	G	207	403	3	649063	1	67	239	649983	0	0	0	10502	0	0	1	10503
TP1_synth_reverse		26	A	649197	16	10	146	426	96	104	649995	10499	0	0	0	5	0	0	10504
TP1_synth_reverse		27	G	139	408	54	648549	20	76	749	649995	2	4	1	10494	1	0	2	10504
TP1_synth_reverse		28	A	649539	131	130	67	0	37	91	649995	10502	0	2	0	0	0	0	10504
TP1_synth_reverse		29	T	732	74	556	48	0	13	648572	649995	0	0	13	0	0	0	10491	10504
TP1_synth_reverse		30	T	2536	109	31	12	0	55	647258	650001	0	1	2	0	0	0	10502	10505
TP1_synth_reverse		31	C	777	646306	2763	40	0	15	101	650002	0	10482	24	0	0	0	0	10506
TP1_synth_reverse		32	T	958	74	95	48	0	50	648775	650000	0	0	3	0	0	0	10503	10506
TP1_synth_reverse		33	C	771	648024	881	32	0	20	267	649995	0	10487	11	0	0	0	8	10506
TP1_synth_reverse		34	T	1214	110	2599	45	0	18	646009	649995	0	0	25	0	0	0	10481	10506
TP1_synth_reverse		35	T	2969	75	683	60	17	41	646135	649980	0	0	5	0	1	0	10500	10506
TP1_synth_reverse		36	C	598	646768	2423	26	0	60	104	649979	0	10490	16	0	0	0	0	10506
TP1_synth_reverse		37	C	669	648522	4	87	0	39	644	649965	0	10503	0	1	0	0	2	10506
TP1_synth_reverse		38	T	1405	67	665	37	0	104	647680	649958	0	0	2	0	0	0	10504	10506
TP1_synth_reverse		39	C	374	649367	50	36	1	21	107	649956	0	10503	3	0	0	0	0	10506
TP1_synth_reverse		40	T	1472	82	90	23	18	26	648241	649952	0	0	4	0	2	0	10500	10506
TP1_synth_reverse		41	G	145	1339	109	646641	1	16	1693	649944	0	1	5	10499	0	0	1	10506
TP1_synth_reverse		42	T	2399	79	170	45	270	128	646853	649944	0	0	1	0	3	0	10502	10506
TP1_synth_reverse		43	G	161	1376	390	646947	6	82	986	649948	3	0	1	10500	0	0	2	10506
TP1_synth_reverse		44	C	796	646939	827	41	0	102	1241	649946	1	10491	4	0	0	0	10	10506
TP1_synth_reverse		45	G	226	413	681	645772	78	66	2705	649941	3	2	6	10492	3	0	0	10506
TP1_synth_reverse		46	C	1480	647687	295	31	0	25	447	649965	0	10502	4	0	0	0	1	10507
TP1_synth_reverse		47	C	439	648904	0	29	217	6	367	649962	0	10502	0	0	3	0	2	10507
TP1_synth_reverse		48	G	213	1295	454	645152	410	6	2423	649953	1	2	7	10492	5	0	0	10507
TP1_synth_reverse		49	A	649369	44	393	57	0	49	100	650012	10506	0	2	0	0	0	0	10508
TP1_synth_reverse		50	T	2662	458	14	24	174	28	646646	650006	0	2	0	0	4	0	10502	10508
TP1_synth_reverse		51	A	648966	37	774	84	0	70	102	650033	10504	0	5	0	0	0	0	10509
TP1_synth_reverse		52	C	623	648501	409	34	276	42	142	650027	1	10504	2	0	2	0	0	10509
TP1_synth_reverse		53	A	649124	32	618	136	5	39	87	650041	10504	0	6	0	0	0	0	10510
TP1_synth_reverse		54	G	204	391	434	648289	165	20	523	650026	1	0	3	10503	1	0	2	10510
TP1_synth_reverse		55	A	648958	152	750	106	0	41	54	650061	10505	0	6	0	0	0	0	10511
TP1_synth_reverse		56	A	649774	14	0	103	0	59	108	650058	10511	0	0	0	0	0	0	10511
TP1_synth_reverse		57	T	3446	50	39	182	337	39	645948	650041	1	0	1	0	2	0	10507	10511
TP1_synth_reverse		58	A	649799	13	15	74	0	46	118	650065	10511	0	1	0	0	0	0	10512
TP1_synth_reverse		59	T	2147	53	31	88	0	18	647712	650049	0	0	1	0	0	0	10511	10512
TP1_synth_reverse		60	C	1622	648159	4	120	0	44	93	650042	1	10512	0	0	0	0	0	10513
TP1_synth_reverse		61	T	1712	75	228	252	1	11	647762	650041	0	0	1	0	0	0	10513	10514
TP1_synth_reverse		62	G	661	268	626	647263	432	102	676	650028	0	0	10	10500	3	0	1	10514
TP1_synth_reverse		63	T	4089	73	186	39	0	39	645611	650037	1	0	3	0	0	0	10511	10515
TP1_synth_reverse		64	T	2426	56	1	84	191	80	647188	650026	0	0	0	0	3	0	10512	10515
TP1_synth_reverse		65	C	692	648151	770	58	95	89	175	650030	0	10511	3	0	1	0	1	10516
TP1_synth_reverse		66	G	527	362	302	648063	0	46	717	650017	0	0	2	10514	0	0	0	10516
TP1_synth_reverse		67	C	955	648168	474	22	147	134	115	650015	0	10509	3	0	4	0	0	10516
TP1_synth_reverse		68	A	648254	404	997	141	0	138	88	650022	10506	0	11	0	0	0	0	10517
TP1_synth_reverse		69	C	208	649478	73	37	0	81	139	650016	0	10511	3	0	0	0	3	10517
TP1_synth_reverse		70	T	1364	101	3	213	3	39	648279	650002	1	0	0	0	0	0	10516	10517
TP1_synth_reverse		71	C	341	649032	461	34	2	10	118	649998	0	10503	14	0	0	0	0	10517
TP1_synth_reverse		72	C	1007	647739	0	60	926	53	204	649989	2	10514	0	0	1	0	0	10517
TP1_synth_reverse		73	G	428	321	119	648484	227	194	197	649970	0	0	0	10516	0	0	1	10517
TP1_synth_reverse		74	A	649117	111	530	89	0	100	20	649967	10514	0	3	0	0	0	0	10517
TP1_synth_reverse		75	G	196	270	398	648888	3	18	181	649954	1	0	5	10511	0	0	0	10517
TP1_synth_reverse		76	T	3375	84	129	81	359	31	645883	649942	0	0	3	0	2	0	10512	10517
TP1_synth_reverse		77	G	156	374	27	648479	3	36	853	649928	1	0	0	10516	0	0	0	10517
TP1_synth_reverse		78	C	515	648269	499	42	0	42	554	649921	0	10513	1	0	0	0	3	10517
TP1_synth_reverse		79	G	887	902	808	646619	0	173	526	649915	2	1	7	10506	0	0	1	10517
TP1_synth_reverse		80	G	1046	212	0	648067	151	162	260	649898	6	0	0	10509	2	0	0	10517
TP1_synth_reverse		81	C	240	647829	804	65	684	125	144	649891	0	10505	6	0	6	0	0	10517
TP1_synth_reverse		82	A	647782	39	1713	118	1	69	126	649848	10509	0	8	0	0	0	0	10517
TP1_synth_reverse		83	A	649413	78	2	89	0	203	59	649844	10517	0	0	0	0	0	0	10517
TP1_synth_reverse		84	A	649376	45	0	185	98	55	29	649788	10516	0	0	0	1	0	0	10517
TP1_synth_reverse		85	G	128	270	54	648961	1	95	170	649679	0	0	1	10516	0	0	0	10517
TP1_synth_reverse		86	C	366	648878	80	43	85	52	119	649623	0	10514	2	0	1	0	0	10517
TP1_synth_reverse		87	T	1489	90	21	92	0	74	647757	649523	0	0	2	0	0	0	10515	10517
TP1_synth_reverse		88	G	177	462	29	648474	87	95	157	649481	0	0	3	10512	1	0	1	10517
TP1_synth_reverse		89	T	1070	73	111	36	0	236	647892	649418	0	0	2	0	0	0	10515	10517
TP1_synth_reverse		90	T	1096	88	1	41	1	142	647778	649147	0	1	0	0	0	0	10515	10516
TP1_synth_reverse		91	C	580	647057	0	454	3	27	805	648926	1	10512	0	0	0	0	1	10514
TP1_synth_reverse		92	C	362	647150	0	388	0	44	244	648188	0	10509	0	0	0	0	1	10510
TP1_synth_reverse		93	G	409	200	0	645836	0	73	89	646607	0	0	0	10508	0	0	0	10508
TP1_synth_reverse		94	T	860	77	0	125	0	176	645218	646456	0	0	0	0	0	0	10508	10508
TP1_synth_reverse		95	C	0	645964	0	0	0	112	0	646076	0	10508	0	0	0	0	0	10508
TP1_synth_reverse		96	C	0	645447	0	0	0	55	0	645502	0	10508	0	0	0	0	0	10508
TP1_synth_reverse		97	C	0	643502	0	0	0	142	0	643644	0	10504	0	0	0	0	0	10504
TP1_synth_reverse		98	A	641361	0	0	0	0	0	0	641361	10498	0	0	0	0	0	0	10498
TP1_synth_reverse		99	G	0	0	0	640266	0	0	0	640266	0	0	0	10497	0	0	0	10497
