



























































































































































































































#AmpliconChromStart	Alias	Position	ProbableRef	rawA	rawC	rawD	rawG	rawI	rawN	rawT	rawDepth	consA	consC	consD	consG	consI	consN	consT	consDepth	
TP1_synth_reverse		1	G	0	0	0	643213	0	0	0	643213	0	0	0	5464	0	0	0	5464
TP1_synth_reverse		2	T	0	0	0	0	0	0	645218	645218	0	0	0	0	0	0	5474	5474
TP1_synth_reverse		3	G	0	0	0	647472	0	137	0	647609	0	0	0	5486	0	0	0	5486
TP1_synth_reverse		4	G	0	0	0	648586	0	62	0	648648	0	0	0	5492	0	0	0	5492
TP1_synth_reverse		5	T	0	0	0	0	0	159	648847	649006	0	0	0	0	0	0	5493	5493
TP1_synth_reverse		6	G	139	77	0	649216	0	32	124	649588	0	0	0	5495	0	0	0	5495
TP1_synth_reverse		7	A	649442	24	0	98	0	21	74	649659	5495	0	0	0	0	0	0	5495
TP1_synth_reverse		8	G	96	69	0	649417	0	95	103	649780	0	0	0	5501	0	0	0	5501
TP1_synth_reverse		9	G	107	108	0	649203	1	26	335	649780	0	0	0	5501	0	0	0	5501
TP1_synth_reverse		10	C	261	649378	1	28	1	20	118	649807	0	5501	0	0	0	0	0	5501
TP1_synth_reverse		11	T	265	121	20	22	46	50	649304	649828	0	0	0	0	1	0	5500	5501
TP1_synth_reverse		12	C	279	648430	900	29	0	68	132	649838	0	5495	6	0	0	0	0	5501
TP1_synth_reverse		13	C	349	649278	1	22	0	91	117	649858	0	5501	0	0	0	0	0	5501
TP1_synth_reverse		14	C	289	649371	0	34	0	51	124	649869	0	5501	0	0	0	0	0	5501
TP1_synth_reverse		15	C	223	648556	0	106	1	47	945	649878	0	5496	0	1	0	0	4	5501
TP1_synth_reverse		16	T	519	65	1067	35	0	26	648176	649888	0	0	7	0	0	0	5494	5501
TP1_synth_reverse		17	T	624	83	0	23	1	155	649013	649899	0	0	0	0	0	0	5501	5501
TP1_synth_reverse		18	T	445	77	0	21	1	97	649258	649899	0	0	0	0	0	0	5501	5501
TP1_synth_reverse		19	C	424	647973	1338	37	0	96	92	649960	0	5496	6	0	0	0	0	5502
TP1_synth_reverse		20	T	547	62	810	69	0	54	648418	649960	0	0	6	0	0	0	5496	5502
TP1_synth_reverse		21	T	1838	115	1	77	0	184	647745	649960	0	0	0	0	0	0	5502	5502
TP1_synth_reverse		22	G	136	652	215	647844	1	113	999	649960	0	1	1	5496	0	0	4	5502
TP1_synth_reverse		23	C	1037	646769	82	174	716	75	1125	649978	3	5477	3	2	9	0	9	5503
TP1_synth_reverse		24	G	206	582	456	648333	0	47	354	649978	0	1	2	5500	0	0	0	5503
TP1_synth_reverse		25	G	207	401	3	649059	1	67	240	649978	0	0	0	5503	0	0	0	5503
TP1_synth_reverse		26	A	649191	17	10	146	426	96	104	649990	5501	0	0	0	2	0	0	5503
TP1_synth_reverse		27	G	139	408	54	648546	20	76	747	649990	0	1	1	5500	0	0	1	5503
TP1_synth_reverse		28	A	649535	130	130	67	0	37	91	649990	5502	0	1	0	0	0	0	5503
TP1_synth_reverse		29	T	731	74	556	47	0	13	648569	649990	0	0	8	0	0	0	5495	5503
TP1_synth_reverse		30	T	2536	109	31	12	0	55	647253	649996	0	0	1	0	0	0	5502	5503
TP1_synth_reverse		31	C	778	646301	2763	40	0	15	100	649997	0	5491	12	0	0	0	0	5503
TP1_synth_reverse		32	T	959	74	95	48	0	50	648766	649992	0	0	2	0	0	0	5501	5503
TP1_synth_reverse		33	C	770	648017	881	32	0	20	267	649987	0	5494	5	0	0	0	4	5503
TP1_synth_reverse		34	T	1214	110	2599	46	0	18	646000	649987	0	0	12	0	0	0	5491	5503
TP1_synth_reverse		35	T	2967	75	683	60	17	41	646129	649972	0	0	3	0	0	0	5500	5503
TP1_synth_reverse		36	C	597	646761	2423	26	0	60	104	649971	0	5493	10	0	0	0	0	5503
TP1_synth_reverse		37	C	668	648515	4	87	0	39	644	649957	0	5501	0	1	0	0	1	5503
TP1_synth_reverse		38	T	1406	67	665	37	0	104	647671	649950	0	0	2	0	0	0	5501	5503
TP1_synth_reverse		39	C	375	649358	50	36	1	21	107	649948	0	5503	0	0	0	0	0	5503
TP1_synth_reverse		40	T	1466	82	90	23	18	26	648239	649944	0	0	2	0	0	0	5501	5503
TP1_synth_reverse		41	G	145	1339	109	646630	1	16	1696	649936	0	0	1	5502	0	0	0	5503
TP1_synth_reverse		42	T	2398	79	170	45	270	128	646846	649936	0	0	1	0	1	0	5501	5503
TP1_synth_reverse		43	G	160	1375	390	646941	6	82	986	649940	0	0	1	5501	0	0	1	5503
TP1_synth_reverse		44	C	797	646930	827	41	0	102	1241	649938	0	5495	4	0	0	0	4	5503
TP1_synth_reverse		45	G	226	414	681	645765	78	66	2703	649933	1	2	4	5494	2	0	0	5503
TP1_synth_reverse		46	C	1481	647678	295	31	0	25	447	649957	0	5500	2	0	0	0	1	5503
TP1_synth_reverse		47	C	440	648895	0	29	217	6	367	649954	0	5500	0	0	2	0	1	5503
TP1_synth_reverse		48	G	213	1295	454	645143	410	6	2424	649945	0	1	1	5498	3	0	0	5503
TP1_synth_reverse		49	A	649362	44	392	57	0	49	100	650004	5503	0	1	0	0	0	0	5504
TP1_synth_reverse		50	T	2661	458	14	24	174	28	646639	649998	0	1	0	0	2	0	5501	5504
TP1_synth_reverse		51	A	648958	37	774	84	0	70	102	650025	5500	0	4	0	0	0	0	5504
TP1_synth_reverse		52	C	626	648490	409	34	276	42	142	650019	1	5500	2	0	1	0	0	5504
TP1_synth_reverse		53	A	649116	32	618	136	5	39	87	650033	5501	0	3	0	0	0	0	5504
TP1_synth_reverse		54	G	203	390	434	648281	165	20	525	650018	0	0	1	5501	1	0	1	5504
TP1_synth_reverse		55	A	648950	152	750	106	0	41	54	650053	5502	0	3	0	0	0	0	5505
TP1_synth_reverse		56	A	649765	15	0	103	0	59	108	650050	5505	0	0	0	0	0	0	5505
TP1_synth_reverse		57	T	3443	50	39	182	337	39	645943	650033	0	0	1	0	1	0	5503	5505
TP1_synth_reverse		58	A	649766	13	15	74	0	46	118	650032	5505	0	0	0	0	0	0	5505
TP1_synth_reverse		59	T	2145	53	31	88	0	18	647681	650016	0	0	0	0	0	0	5505	5505
TP1_synth_reverse		60	C	1621	648127	4	120	0	44	93	650009	0	5505	0	0	0	0	0	5505
TP1_synth_reverse		61	T	1711	75	228	252	1	11	647730	650008	0	0	1	0	0	0	5505	5506
TP1_synth_reverse		62	G	661	267	627	647229	432	102	676	649994	0	0	4	5500	1	0	1	5506
TP1_synth_reverse		63	T	4089	73	186	39	0	39	645577	650003	0	0	2	0	0	0	5505	5507
TP1_synth_reverse		64	T	2428	56	1	84	191	80	647152	649992	0	0	0	0	2	0	5505	5507
TP1_synth_reverse		65	C	693	648116	770	58	95	89	175	649996	0	5505	1	0	1	0	0	5507
TP1_synth_reverse		66	G	528	362	302	648026	0	46	719	649983	0	0	1	5506	0	0	0	5507
TP1_synth_reverse		67	C	956	648145	474	22	147	134	115	649993	0	5507	0	0	1	0	0	5508
TP1_synth_reverse		68	A	648233	403	997	141	0	138	88	650000	5501	0	7	0	0	0	0	5508
TP1_synth_reverse		69	C	209	649455	73	37	0	81	139	649994	0	5507	0	0	0	0	1	5508
TP1_synth_reverse		70	T	1365	101	3	213	2	39	648258	649981	0	0	0	0	0	0	5508	5508
TP1_synth_reverse		71	C	343	649009	461	34	2	10	118	649977	0	5501	7	0	0	0	0	5508
TP1_synth_reverse		72	C	1008	647717	0	60	926	53	204	649968	1	5507	0	0	0	0	0	5508
TP1_synth_reverse		73	G	427	321	119	648465	227	194	196	649949	0	0	0	5508	0	0	0	5508
TP1_synth_reverse		74	A	649098	110	530	88	0	100	20	649946	5506	0	2	0	0	0	0	5508
TP1_synth_reverse		75	G	196	269	398	648869	3	18	180	649933	0	0	1	5507	0	0	0	5508
TP1_synth_reverse		76	T	3373	84	129	80	358	31	645866	649921	0	0	1	0	0	0	5507	5508
TP1_synth_reverse		77	G	156	374	27	648453	3	36	857	649906	1	0	0	5507	0	0	0	5508
TP1_synth_reverse		78	C	516	648246	499	42	0	42	554	649899	0	5506	1	0	0	0	1	5508
TP1_synth_reverse		79	G	887	902	808	646598	0	173	525	649893	1	0	3	5503	0	0	1	5508
TP1_synth_reverse		80	G	1046	212	0	648044	151	162	261	649876	1	0	0	5507	0	0	0	5508
TP1_synth_reverse		81	C	239	647808	804	65	684	125	144	649869	0	5502	3	0	3	0	0	5508
TP1_synth_reverse		82	A	647760	39	1713	118	1	69	126	649826	5504	0	4	0	0	0	0	5508
TP1_synth_reverse		83	A	649391	78	2	89	0	203	59	649822	5508	0	0	0	0	0	0	5508
TP1_synth_reverse		84	A	649354	45	0	185	98	55	29	649766	5508	0	0	0	0	0	0	5508
TP1_synth_reverse		85	G	128	271	54	648937	1	95	171	649657	0	0	0	5508	0	0	0	5508
TP1_synth_reverse		86	C	365	648857	80	43	85	52	119	649601	0	5506	1	0	1	0	0	5508
TP1_synth_reverse		87	T	1489	90	21	91	0	74	647737	649502	0	0	0	0	0	0	5508	5508
TP1_synth_reverse		88	G	177	462	29	648454	87	95	156	649460	0	0	0	5507	1	0	0	5508
TP1_synth_reverse		89	T	1069	73	111	36	0	236	647873	649398	0	0	1	0	0	0	5507	5508
TP1_synth_reverse		90	T	1096	88	1	41	1	142	647758	649127	0	0	0	0	0	0	5508	5508
TP1_synth_reverse		91	C	580	647037	0	454	3	27	805	648906	0	5508	0	0	0	0	0	5508
TP1_synth_reverse		92	C	362	647130	0	388	0	44	244	648168	0	5508	0	0	0	0	0	5508
TP1_synth_reverse		93	G	410	200	0	645814	0	73	90	646587	0	0	0	5508	0	0	0	5508
TP1_synth_reverse		94	T	859	77	0	123	0	176	645201	646436	0	0	0	0	0	0	5508	5508
TP1_synth_reverse		95	C	0	645943	0	0	0	112	0	646055	0	5508	0	0	0	0	0	5508
TP1_synth_reverse		96	C	0	645426	0	0	0	55	0	645481	0	5508	0	0	0	0	0	5508
TP1_synth_reverse		97	C	0	643481	0	0	0	142	0	643623	0	5508	0	0	0	0	0	5508
TP1_synth_reverse		98	A	641340	0	0	0	0	0	0	641340	5508	0	0	0	0	0	0	5508
TP1_synth_reverse		99	G	0	0	0	640245	0	0	0	640245	0	0	0	5508	0	0	0	5508
