



























































































































































































































#AmpliconChromStart	Alias	Position	ProbableRef	rawA	rawC	rawD	rawG	rawI	rawN	rawT	rawDepth	consA	consC	consD	consG	consI	consN	consT	consDepth	
TP1_synth_reverse		1	G	0	0	0	643562	0	0	0	643562	0	0	0	8533	0	0	0	8533
TP1_synth_reverse		2	T	0	0	0	0	0	0	645016	645016	0	0	0	0	0	0	8541	8541
TP1_synth_reverse		3	G	0	0	0	648199	0	129	0	648328	0	0	0	8562	0	0	0	8562
TP1_synth_reverse		4	G	0	0	0	648825	0	54	0	648879	0	0	0	8568	0	0	0	8568
TP1_synth_reverse		5	T	0	0	0	0	0	212	649075	649287	0	0	0	0	0	0	8569	8569
TP1_synth_reverse		6	G	123	65	0	649460	0	39	176	649863	0	0	0	8576	0	0	1	8577
TP1_synth_reverse		7	A	649713	29	0	91	0	12	102	649947	8580	0	0	0	0	0	0	8580
TP1_synth_reverse		8	G	89	67	0	649727	0	71	73	650027	0	0	0	8584	0	0	0	8584
TP1_synth_reverse		9	G	115	113	0	649716	0	17	185	650146	0	0	0	8586	0	0	2	8588
TP1_synth_reverse		10	C	269	649713	2	28	1	25	108	650146	0	8587	0	0	0	0	1	8588
TP1_synth_reverse		11	T	316	108	60	18	8	47	649613	650170	0	0	3	0	0	0	8586	8589
TP1_synth_reverse		12	C	280	649427	233	18	0	70	142	650170	0	8584	5	0	0	0	0	8589
TP1_synth_reverse		13	C	372	649502	3	27	1	114	151	650170	0	8589	0	0	0	0	0	8589
TP1_synth_reverse		14	C	310	649668	0	25	0	53	134	650190	0	8589	0	0	0	0	0	8589
TP1_synth_reverse		15	C	251	649434	19	44	268	53	121	650190	0	8585	0	0	4	0	0	8589
TP1_synth_reverse		16	T	515	68	389	44	2	28	649150	650196	0	0	4	0	0	0	8585	8589
TP1_synth_reverse		17	T	619	85	349	22	0	177	648948	650200	0	0	1	0	0	0	8588	8589
TP1_synth_reverse		18	T	474	103	349	21	0	120	649133	650200	0	0	1	0	0	0	8588	8589
TP1_synth_reverse		19	C	433	649330	331	26	0	106	111	650337	0	8589	1	0	0	0	0	8590
TP1_synth_reverse		20	T	580	72	370	30	0	54	649234	650340	0	0	4	0	0	0	8586	8590
TP1_synth_reverse		21	T	1763	100	331	92	0	157	647912	650355	0	0	1	0	0	0	8589	8590
TP1_synth_reverse		22	G	151	600	618	648592	0	115	279	650355	1	0	2	8586	0	0	1	8590
TP1_synth_reverse		23	C	747	648767	471	73	0	90	207	650355	0	8583	6	0	0	0	1	8590
TP1_synth_reverse		24	G	291	172	347	648861	0	69	615	650355	4	1	1	8579	0	0	5	8590
TP1_synth_reverse		25	G	407	383	459	648771	0	82	278	650380	2	0	2	8589	0	0	0	8593
TP1_synth_reverse		26	A	649670	19	323	135	0	97	136	650380	8586	0	7	0	0	0	0	8593
TP1_synth_reverse		27	G	510	168	0	649056	0	66	580	650380	6	0	0	8587	0	0	0	8593
TP1_synth_reverse		28	A	650097	100	0	50	1	58	81	650387	8593	0	0	0	0	0	0	8593
TP1_synth_reverse		29	T	722	97	237	47	0	14	649270	650387	0	0	8	0	0	0	8585	8593
TP1_synth_reverse		30	T	2571	96	45	14	0	67	647594	650387	0	0	2	0	0	0	8591	8593
TP1_synth_reverse		31	C	703	649166	241	29	0	23	96	650258	1	8586	6	0	0	0	0	8593
TP1_synth_reverse		32	T	965	118	835	45	0	60	648231	650254	0	1	10	0	0	0	8582	8593
TP1_synth_reverse		33	C	706	648669	718	49	0	16	92	650250	0	8587	6	0	0	0	0	8593
TP1_synth_reverse		34	T	1162	150	299	44	3	26	648565	650249	0	1	6	0	0	0	8586	8593
TP1_synth_reverse		35	T	2825	94	213	71	394	51	646591	650239	0	0	5	0	1	0	8587	8593
TP1_synth_reverse		36	C	590	648632	830	25	0	55	104	650236	0	8585	8	0	0	0	0	8593
TP1_synth_reverse		37	C	653	649281	48	66	1	41	141	650231	0	8592	1	0	0	0	0	8593
TP1_synth_reverse		38	T	1349	56	50	34	1	91	648876	650457	0	0	1	0	0	0	8594	8595
TP1_synth_reverse		39	C	391	649836	53	49	0	27	100	650456	0	8594	1	0	0	0	0	8595
TP1_synth_reverse		40	T	1430	77	1486	26	0	34	647401	650454	0	0	14	0	0	0	8581	8595
TP1_synth_reverse		41	G	288	1258	1697	645327	0	22	1853	650445	2	0	15	8576	0	0	2	8595
TP1_synth_reverse		42	T	2381	101	745	41	0	124	647051	650443	0	0	10	0	0	0	8585	8595
TP1_synth_reverse		43	G	297	1283	748	647613	0	82	772	650795	1	0	10	8586	0	0	0	8597
TP1_synth_reverse		44	C	790	648267	817	33	1	120	790	650818	0	8577	12	0	0	0	9	8598
TP1_synth_reverse		45	G	295	364	1516	645880	1	52	2713	650821	2	0	13	8583	0	0	0	8598
TP1_synth_reverse		46	C	1240	648517	915	36	0	22	113	650843	0	8588	11	0	0	0	0	8599
TP1_synth_reverse		47	C	457	649261	861	26	0	13	224	650842	0	8589	10	0	0	0	0	8599
TP1_synth_reverse		48	G	203	1191	1843	645147	0	8	2452	650844	3	3	14	8577	0	0	2	8599
TP1_synth_reverse		49	A	649577	45	1001	44	0	43	159	650869	8586	0	13	0	0	0	0	8599
TP1_synth_reverse		50	T	2509	95	965	21	1	19	647253	650863	0	0	11	0	0	0	8588	8599
TP1_synth_reverse		51	A	649629	51	928	91	0	76	113	650888	8588	0	12	0	0	0	0	8600
TP1_synth_reverse		52	C	563	648151	1954	39	0	45	130	650882	0	8585	15	0	0	0	0	8600
TP1_synth_reverse		53	A	649620	25	953	126	1	53	118	650896	8587	0	14	0	0	0	0	8601
TP1_synth_reverse		54	G	524	340	707	648458	301	12	549	650891	8	0	9	8580	2	0	2	8601
TP1_synth_reverse		55	A	649607	170	954	85	0	45	66	650927	8592	0	10	0	0	0	0	8602
TP1_synth_reverse		56	A	649697	19	926	97	0	45	143	650927	8592	0	10	0	0	0	0	8602
TP1_synth_reverse		57	T	3227	44	907	179	0	43	646511	650911	0	0	10	0	0	0	8592	8602
TP1_synth_reverse		58	A	650329	11	340	50	40	58	96	650924	8599	0	1	0	3	0	0	8603
TP1_synth_reverse		59	T	2204	44	379	73	0	11	648199	650910	0	0	2	0	0	0	8601	8603
TP1_synth_reverse		60	C	1465	649027	963	101	0	35	88	651679	0	8601	6	0	0	0	0	8607
TP1_synth_reverse		61	T	1618	80	377	674	0	14	649801	652564	0	0	3	2	0	0	8607	8612
TP1_synth_reverse		62	G	816	269	357	651253	0	99	749	653543	2	0	1	8611	0	0	0	8614
TP1_synth_reverse		63	T	4285	70	460	40	0	35	648657	653547	0	0	5	0	0	0	8610	8615
TP1_synth_reverse		64	T	2458	63	381	84	0	68	650498	653552	0	0	3	0	0	0	8613	8616
TP1_synth_reverse		65	C	709	652117	415	55	0	107	148	653551	0	8613	3	0	0	0	0	8616
TP1_synth_reverse		66	G	1613	340	913	649926	0	53	706	653551	5	0	7	8604	0	0	0	8616
TP1_synth_reverse		67	C	942	651088	1282	22	0	137	98	653569	0	8607	10	0	0	0	0	8617
TP1_synth_reverse		68	A	651606	343	1279	165	0	98	76	653567	8607	0	10	0	0	0	0	8617
TP1_synth_reverse		69	C	216	652765	370	34	0	74	102	653561	0	8615	2	0	0	0	0	8617
TP1_synth_reverse		70	T	1584	121	721	192	0	31	650902	653551	1	0	4	0	0	0	8612	8617
TP1_synth_reverse		71	C	347	652765	85	33	0	17	298	653545	0	8612	1	0	0	0	4	8617
TP1_synth_reverse		72	C	941	652019	4	55	0	57	466	653542	1	8610	0	0	0	0	6	8617
TP1_synth_reverse		73	G	1488	312	7	651370	0	168	185	653530	7	0	0	8610	0	0	0	8617
TP1_synth_reverse		74	A	653226	107	0	79	0	83	34	653529	8617	0	0	0	0	0	0	8617
TP1_synth_reverse		75	G	572	275	48	652415	0	15	197	653522	4	0	1	8612	0	0	0	8617
TP1_synth_reverse		76	T	3270	101	28	59	50	31	649968	653507	0	0	1	0	1	0	8615	8617
TP1_synth_reverse		77	G	745	363	108	651161	0	39	1081	653497	8	0	1	8607	0	0	1	8617
TP1_synth_reverse		78	C	599	652553	19	42	0	56	222	653491	3	8614	0	0	0	0	0	8617
TP1_synth_reverse		79	G	333	793	1068	650555	1	176	559	653485	2	0	3	8612	0	0	0	8617
TP1_synth_reverse		80	G	1250	240	1	651030	0	184	759	653464	10	1	0	8604	0	0	2	8617
TP1_synth_reverse		81	C	294	651379	446	65	0	123	1148	653455	1	8607	5	0	0	0	4	8617
TP1_synth_reverse		82	A	651561	47	1420	122	0	87	106	653343	8611	0	6	0	0	0	0	8617
TP1_synth_reverse		83	A	652847	83	6	94	0	224	86	653340	8617	0	0	0	0	0	0	8617
TP1_synth_reverse		84	A	652895	76	0	205	0	71	40	653287	8617	0	0	0	0	0	0	8617
TP1_synth_reverse		85	G	157	258	0	652533	2	98	162	653210	0	0	0	8617	0	0	0	8617
TP1_synth_reverse		86	C	344	652568	0	44	0	42	165	653163	0	8615	0	0	0	0	2	8617
TP1_synth_reverse		87	T	1420	77	1	88	0	82	651402	653070	0	0	0	0	0	0	8617	8617
TP1_synth_reverse		88	G	249	418	4	652062	3	95	205	653036	1	0	0	8616	0	0	0	8617
TP1_synth_reverse		89	T	1101	103	72	53	0	255	651396	652980	0	0	0	0	0	0	8617	8617
TP1_synth_reverse		90	T	1122	88	0	91	0	122	651288	652711	0	0	0	0	0	0	8617	8617
TP1_synth_reverse		91	C	510	651844	0	68	1	28	174	652625	0	8614	0	0	0	0	3	8617
TP1_synth_reverse		92	C	395	650818	0	375	0	49	250	651887	0	8616	0	0	0	0	1	8617
TP1_synth_reverse		93	G	527	175	0	650071	0	104	96	650973	2	0	0	8614	0	0	0	8616
TP1_synth_reverse		94	T	905	92	0	110	0	176	649441	650724	0	0	0	0	0	0	8615	8615
TP1_synth_reverse		95	C	0	649377	0	0	0	91	0	649468	0	8614	0	0	0	0	0	8614
TP1_synth_reverse		96	C	0	648472	0	0	0	68	0	648540	0	8614	0	0	0	0	0	8614
TP1_synth_reverse		97	C	0	647142	0	0	0	132	0	647274	0	8613	0	0	0	0	0	8613
TP1_synth_reverse		98	A	645152	0	0	0	0	0	0	645152	8603	0	0	0	0	0	0	8603
TP1_synth_reverse		99	G	0	0	0	643601	0	0	0	643601	0	0	0	8601	0	0	0	8601
