



























































































































































































































#AmpliconChromStart	Alias	Position	ProbableRef	rawA	rawC	rawD	rawG	rawI	rawN	rawT	rawDepth	consA	consC	consD	consG	consI	consN	consT	consDepth	
TP1_synth_reverse		1	G	0	0	0	643562	0	0	0	643562	0	0	0	7519	0	0	0	7519
TP1_synth_reverse		2	T	0	0	0	0	0	0	645016	645016	0	0	0	0	0	0	7527	7527
TP1_synth_reverse		3	G	0	0	0	648199	0	129	0	648328	0	0	0	7545	0	0	0	7545
TP1_synth_reverse		4	G	0	0	0	648825	0	54	0	648879	0	0	0	7551	0	0	0	7551
TP1_synth_reverse		5	T	0	0	0	0	0	212	649075	649287	0	0	0	0	0	0	7552	7552
TP1_synth_reverse		6	G	123	65	0	649460	0	39	176	649863	0	0	0	7557	0	0	1	7558
TP1_synth_reverse		7	A	649713	29	0	91	0	12	102	649947	7559	0	0	0	0	0	0	7559
TP1_synth_reverse		8	G	89	67	0	649727	0	71	73	650027	0	0	0	7561	0	0	0	7561
TP1_synth_reverse		9	G	115	113	0	649716	0	17	185	650146	0	0	0	7563	0	0	2	7565
TP1_synth_reverse		10	C	269	649738	2	28	1	25	108	650171	0	7566	0	0	0	0	0	7566
TP1_synth_reverse		11	T	316	108	60	18	8	47	649638	650195	0	0	3	0	0	0	7564	7567
TP1_synth_reverse		12	C	280	649459	233	18	0	71	142	650203	0	7563	4	0	0	0	0	7567
TP1_synth_reverse		13	C	372	649535	3	27	1	114	151	650203	0	7567	0	0	0	0	0	7567
TP1_synth_reverse		14	C	310	649701	0	25	0	53	134	650223	0	7567	0	0	0	0	0	7567
TP1_synth_reverse		15	C	251	649467	19	44	268	53	121	650223	0	7563	0	0	4	0	0	7567
TP1_synth_reverse		16	T	518	68	389	44	2	28	649180	650229	0	0	4	0	0	0	7563	7567
TP1_synth_reverse		17	T	624	85	349	22	0	177	648976	650233	0	0	1	0	0	0	7566	7567
TP1_synth_reverse		18	T	475	103	349	21	0	121	649164	650233	0	0	1	0	0	0	7566	7567
TP1_synth_reverse		19	C	434	649362	331	26	0	106	111	650370	0	7567	1	0	0	0	0	7568
TP1_synth_reverse		20	T	583	72	370	30	0	54	649261	650370	0	0	4	0	0	0	7564	7568
TP1_synth_reverse		21	T	1772	100	331	92	0	157	647933	650385	0	0	1	0	0	0	7567	7568
TP1_synth_reverse		22	G	152	601	618	648618	0	116	280	650385	1	0	2	7564	0	0	1	7568
TP1_synth_reverse		23	C	749	648795	471	73	0	90	207	650385	0	7561	6	0	0	0	1	7568
TP1_synth_reverse		24	G	291	173	347	648895	0	69	616	650391	4	1	1	7557	0	0	5	7568
TP1_synth_reverse		25	G	407	384	459	648805	0	82	279	650416	2	0	2	7566	0	0	0	7570
TP1_synth_reverse		26	A	649706	19	323	135	0	97	136	650416	7566	0	4	0	0	0	0	7570
TP1_synth_reverse		27	G	510	169	0	649089	0	66	582	650416	5	0	0	7565	0	0	0	7570
TP1_synth_reverse		28	A	650126	100	0	50	1	58	81	650416	7570	0	0	0	0	0	0	7570
TP1_synth_reverse		29	T	722	97	237	47	0	14	649299	650416	0	0	8	0	0	0	7562	7570
TP1_synth_reverse		30	T	2572	96	45	14	0	66	647623	650416	0	0	2	0	0	0	7568	7570
TP1_synth_reverse		31	C	703	649195	241	29	0	23	96	650287	1	7565	4	0	0	0	0	7570
TP1_synth_reverse		32	T	966	118	835	45	0	60	648259	650283	0	1	9	0	0	0	7560	7570
TP1_synth_reverse		33	C	706	648697	718	49	0	16	93	650279	0	7565	5	0	0	0	0	7570
TP1_synth_reverse		34	T	1161	150	299	44	3	26	648595	650278	0	1	5	0	0	0	7564	7570
TP1_synth_reverse		35	T	2829	94	213	71	394	51	646616	650268	0	0	4	0	1	0	7565	7570
TP1_synth_reverse		36	C	589	648662	830	25	0	55	104	650265	0	7563	7	0	0	0	0	7570
TP1_synth_reverse		37	C	655	649308	48	66	1	41	141	650260	0	7569	1	0	0	0	0	7570
TP1_synth_reverse		38	T	1350	56	50	34	1	91	648904	650486	0	0	1	0	0	0	7571	7572
TP1_synth_reverse		39	C	393	649863	53	49	0	27	100	650485	0	7571	1	0	0	0	0	7572
TP1_synth_reverse		40	T	1435	77	1486	26	0	34	647425	650483	0	0	11	0	0	0	7561	7572
TP1_synth_reverse		41	G	288	1262	1697	645348	0	22	1857	650474	2	0	11	7558	0	0	1	7572
TP1_synth_reverse		42	T	2387	101	745	41	0	124	647074	650472	0	0	7	0	0	0	7565	7572
TP1_synth_reverse		43	G	297	1288	748	647637	0	82	772	650824	1	0	7	7565	0	0	0	7573
TP1_synth_reverse		44	C	789	648296	817	33	1	121	790	650847	0	7556	9	0	0	0	9	7574
TP1_synth_reverse		45	G	295	365	1516	645904	1	52	2717	650850	2	0	10	7562	0	0	0	7574
TP1_synth_reverse		46	C	1241	648545	915	36	0	22	113	650872	0	7567	8	0	0	0	0	7575
TP1_synth_reverse		47	C	458	649289	861	26	0	13	224	650871	0	7568	7	0	0	0	0	7575
TP1_synth_reverse		48	G	204	1193	1843	645167	0	8	2458	650873	2	3	10	7558	0	0	2	7575
TP1_synth_reverse		49	A	649606	45	1001	44	0	43	159	650898	7567	0	8	0	0	0	0	7575
TP1_synth_reverse		50	T	2515	95	965	21	1	19	647276	650892	0	0	8	0	0	0	7567	7575
TP1_synth_reverse		51	A	649657	51	928	91	0	76	114	650917	7567	0	9	0	0	0	0	7576
TP1_synth_reverse		52	C	564	648180	1954	38	0	45	130	650911	0	7565	11	0	0	0	0	7576
TP1_synth_reverse		53	A	649649	25	953	126	1	53	118	650925	7567	0	10	0	0	0	0	7577
TP1_synth_reverse		54	G	525	340	707	648487	301	12	548	650920	8	0	6	7560	2	0	1	7577
TP1_synth_reverse		55	A	649636	170	954	85	0	45	66	650956	7571	0	7	0	0	0	0	7578
TP1_synth_reverse		56	A	649726	19	926	97	0	45	143	650956	7571	0	7	0	0	0	0	7578
TP1_synth_reverse		57	T	3237	44	907	179	0	43	646530	650940	0	0	7	0	0	0	7571	7578
TP1_synth_reverse		58	A	650339	11	340	50	40	58	96	650934	7576	0	1	0	1	0	0	7578
TP1_synth_reverse		59	T	2207	44	379	73	0	11	648206	650920	0	0	2	0	0	0	7576	7578
TP1_synth_reverse		60	C	1464	649038	963	101	0	35	88	651689	0	7577	5	0	0	0	0	7582
TP1_synth_reverse		61	T	1619	80	377	674	0	14	649810	652574	0	0	3	2	0	0	7582	7587
TP1_synth_reverse		62	G	817	268	357	651264	0	99	748	653553	2	0	1	7586	0	0	0	7589
TP1_synth_reverse		63	T	4287	70	460	40	0	35	648665	653557	0	0	4	0	0	0	7586	7590
TP1_synth_reverse		64	T	2463	63	381	84	0	68	650503	653562	0	0	2	0	0	0	7588	7590
TP1_synth_reverse		65	C	710	652126	415	55	0	107	148	653561	0	7588	2	0	0	0	0	7590
TP1_synth_reverse		66	G	1614	340	913	649933	0	52	709	653561	4	0	7	7579	0	0	0	7590
TP1_synth_reverse		67	C	942	651098	1282	22	0	137	98	653579	0	7584	7	0	0	0	0	7591
TP1_synth_reverse		68	A	651616	343	1279	165	0	98	76	653577	7584	0	7	0	0	0	0	7591
TP1_synth_reverse		69	C	217	652775	370	34	0	73	102	653571	0	7589	2	0	0	0	0	7591
TP1_synth_reverse		70	T	1583	121	721	192	0	31	650913	653561	1	0	4	0	0	0	7586	7591
TP1_synth_reverse		71	C	349	652773	85	33	0	17	298	653555	0	7587	1	0	0	0	3	7591
TP1_synth_reverse		72	C	943	652027	4	55	0	57	466	653552	0	7586	0	0	0	0	5	7591
TP1_synth_reverse		73	G	1489	313	7	651379	0	167	185	653540	6	0	0	7585	0	0	0	7591
TP1_synth_reverse		74	A	653235	107	0	79	0	84	34	653539	7591	0	0	0	0	0	0	7591
TP1_synth_reverse		75	G	574	275	48	652423	0	15	197	653532	2	0	1	7588	0	0	0	7591
TP1_synth_reverse		76	T	3275	101	28	59	50	31	649973	653517	0	0	1	0	1	0	7589	7591
TP1_synth_reverse		77	G	745	365	108	651169	0	38	1082	653507	8	0	1	7581	0	0	1	7591
TP1_synth_reverse		78	C	601	652561	19	42	0	56	222	653501	1	7590	0	0	0	0	0	7591
TP1_synth_reverse		79	G	334	795	1068	650560	1	176	561	653495	2	0	2	7587	0	0	0	7591
TP1_synth_reverse		80	G	1251	239	1	651039	0	184	760	653474	7	1	0	7581	0	0	2	7591
TP1_synth_reverse		81	C	294	651390	446	64	0	123	1148	653465	1	7581	5	0	0	0	4	7591
TP1_synth_reverse		82	A	651571	47	1420	122	0	87	106	653353	7587	0	4	0	0	0	0	7591
TP1_synth_reverse		83	A	652857	83	6	94	0	224	86	653350	7591	0	0	0	0	0	0	7591
TP1_synth_reverse		84	A	652905	76	0	205	0	71	40	653297	7591	0	0	0	0	0	0	7591
TP1_synth_reverse		85	G	157	258	0	652543	2	98	162	653220	0	0	0	7591	0	0	0	7591
TP1_synth_reverse		86	C	344	652578	0	44	0	42	165	653173	0	7589	0	0	0	0	2	7591
TP1_synth_reverse		87	T	1422	77	1	88	0	82	651409	653079	0	0	0	0	0	0	7591	7591
TP1_synth_reverse		88	G	249	418	4	652071	3	95	205	653045	1	0	0	7590	0	0	0	7591
TP1_synth_reverse		89	T	1101	103	72	53	0	255	651405	652989	0	0	0	0	0	0	7591	7591
TP1_synth_reverse		90	T	1123	88	0	90	0	122	651297	652720	0	0	0	0	0	0	7591	7591
TP1_synth_reverse		91	C	510	651853	0	68	1	28	174	652634	0	7589	0	0	0	0	2	7591
TP1_synth_reverse		92	C	396	650826	0	375	0	49	250	651896	0	7591	0	0	0	0	0	7591
TP1_synth_reverse		93	G	527	176	0	650078	0	104	96	650981	2	0	0	7589	0	0	0	7591
TP1_synth_reverse		94	T	905	92	0	111	0	177	649446	650731	0	0	0	0	0	0	7590	7590
TP1_synth_reverse		95	C	0	649385	0	0	0	91	0	649476	0	7589	0	0	0	0	0	7589
TP1_synth_reverse		96	C	0	648479	0	0	0	68	0	648547	0	7589	0	0	0	0	0	7589
TP1_synth_reverse		97	C	0	647150	0	0	0	132	0	647282	0	7588	0	0	0	0	0	7588
TP1_synth_reverse		98	A	645162	0	0	0	0	0	0	645162	7582	0	0	0	0	0	0	7582
TP1_synth_reverse		99	G	0	0	0	643611	0	0	0	643611	0	0	0	7580	0	0	0	7580
