



























































































































































































































#AmpliconChromStart	Alias	Position	ProbableRef	rawA	rawC	rawD	rawG	rawI	rawN	rawT	rawDepth	consA	consC	consD	consG	consI	consN	consT	consDepth	
TP1_synth_reverse		1	G	0	0	0	643562	0	0	0	643562	0	0	0	5481	0	0	0	5481
TP1_synth_reverse		2	T	0	0	0	0	0	0	645016	645016	0	0	0	0	0	0	5489	5489
TP1_synth_reverse		3	G	0	0	0	648199	0	129	0	648328	0	0	0	5504	0	0	0	5504
TP1_synth_reverse		4	G	0	0	0	648825	0	54	0	648879	0	0	0	5510	0	0	0	5510
TP1_synth_reverse		5	T	0	0	0	0	0	212	649075	649287	0	0	0	0	0	0	5511	5511
TP1_synth_reverse		6	G	123	65	0	649460	0	39	176	649863	0	0	0	5512	0	0	1	5513
TP1_synth_reverse		7	A	649713	29	0	91	0	12	102	649947	5513	0	0	0	0	0	0	5513
TP1_synth_reverse		8	G	89	67	0	649727	0	71	73	650027	0	0	0	5514	0	0	0	5514
TP1_synth_reverse		9	G	115	113	0	649716	0	17	185	650146	0	0	0	5515	0	0	2	5517
TP1_synth_reverse		10	C	269	649738	2	28	1	25	108	650171	0	5517	0	0	0	0	0	5517
TP1_synth_reverse		11	T	316	108	60	18	8	47	649638	650195	0	0	2	0	0	0	5515	5517
TP1_synth_reverse		12	C	280	649459	233	18	0	71	142	650203	0	5514	3	0	0	0	0	5517
TP1_synth_reverse		13	C	372	649535	3	27	1	114	151	650203	0	5517	0	0	0	0	0	5517
TP1_synth_reverse		14	C	310	649701	0	25	0	53	134	650223	0	5517	0	0	0	0	0	5517
TP1_synth_reverse		15	C	251	649467	19	44	268	53	121	650223	0	5513	0	0	4	0	0	5517
TP1_synth_reverse		16	T	518	68	389	44	2	28	649174	650223	0	0	4	0	0	0	5513	5517
TP1_synth_reverse		17	T	624	85	349	22	0	177	648966	650223	0	0	1	0	0	0	5516	5517
TP1_synth_reverse		18	T	475	103	349	21	0	121	649154	650223	0	0	1	0	0	0	5516	5517
TP1_synth_reverse		19	C	434	649352	331	26	0	106	111	650360	0	5517	1	0	0	0	0	5518
TP1_synth_reverse		20	T	583	72	370	30	0	54	649254	650363	0	0	1	0	0	0	5517	5518
TP1_synth_reverse		21	T	1772	100	331	92	0	157	647926	650378	0	0	1	0	0	0	5517	5518
TP1_synth_reverse		22	G	152	601	618	648612	0	116	279	650378	1	0	2	5515	0	0	0	5518
TP1_synth_reverse		23	C	749	648788	471	73	0	90	207	650378	0	5514	3	0	0	0	1	5518
TP1_synth_reverse		24	G	291	173	347	648882	0	69	616	650378	2	1	1	5509	0	0	5	5518
TP1_synth_reverse		25	G	407	384	459	648791	0	82	280	650403	2	0	2	5515	0	0	0	5519
TP1_synth_reverse		26	A	649693	19	323	135	0	97	136	650403	5515	0	4	0	0	0	0	5519
TP1_synth_reverse		27	G	510	169	0	649076	0	66	582	650403	3	0	0	5516	0	0	0	5519
TP1_synth_reverse		28	A	650113	100	0	50	1	58	81	650403	5519	0	0	0	0	0	0	5519
TP1_synth_reverse		29	T	721	97	237	47	0	14	649287	650403	0	0	5	0	0	0	5514	5519
TP1_synth_reverse		30	T	2573	96	45	14	0	67	647608	650403	0	0	2	0	0	0	5517	5519
TP1_synth_reverse		31	C	703	649182	241	29	0	23	96	650274	1	5515	3	0	0	0	0	5519
TP1_synth_reverse		32	T	966	118	835	45	0	60	648246	650270	0	1	7	0	0	0	5511	5519
TP1_synth_reverse		33	C	706	648684	718	49	0	16	93	650266	0	5514	5	0	0	0	0	5519
TP1_synth_reverse		34	T	1160	150	299	44	3	26	648583	650265	0	1	4	0	0	0	5514	5519
TP1_synth_reverse		35	T	2829	94	213	71	394	51	646603	650255	0	0	4	0	1	0	5514	5519
TP1_synth_reverse		36	C	587	648651	830	25	0	55	104	650252	0	5513	6	0	0	0	0	5519
TP1_synth_reverse		37	C	654	649296	48	66	1	41	141	650247	0	5518	1	0	0	0	0	5519
TP1_synth_reverse		38	T	1349	56	50	34	1	91	648892	650473	0	0	1	0	0	0	5520	5521
TP1_synth_reverse		39	C	391	649852	53	49	0	27	100	650472	0	5520	1	0	0	0	0	5521
TP1_synth_reverse		40	T	1432	77	1486	26	0	34	647415	650470	0	0	7	0	0	0	5514	5521
TP1_synth_reverse		41	G	288	1261	1697	645339	0	22	1854	650461	1	0	7	5512	0	0	1	5521
TP1_synth_reverse		42	T	2385	101	745	41	0	124	647063	650459	0	0	4	0	0	0	5517	5521
TP1_synth_reverse		43	G	297	1287	748	647624	0	82	773	650811	1	0	4	5517	0	0	0	5522
TP1_synth_reverse		44	C	788	648284	817	33	1	121	790	650834	0	5511	5	0	0	0	6	5522
TP1_synth_reverse		45	G	295	365	1516	645893	1	52	2715	650837	2	0	7	5513	0	0	0	5522
TP1_synth_reverse		46	C	1241	648532	915	36	0	22	113	650859	0	5517	5	0	0	0	0	5522
TP1_synth_reverse		47	C	457	649277	861	26	0	13	224	650858	0	5518	4	0	0	0	0	5522
TP1_synth_reverse		48	G	204	1193	1843	645161	0	8	2451	650860	1	2	7	5510	0	0	2	5522
TP1_synth_reverse		49	A	649593	45	1001	44	0	43	159	650885	5517	0	5	0	0	0	0	5522
TP1_synth_reverse		50	T	2512	95	965	21	1	19	647266	650879	0	0	5	0	0	0	5517	5522
TP1_synth_reverse		51	A	649644	51	928	91	0	76	114	650904	5517	0	5	0	0	0	0	5522
TP1_synth_reverse		52	C	562	648169	1954	38	0	45	130	650898	0	5515	7	0	0	0	0	5522
TP1_synth_reverse		53	A	649636	25	953	126	1	53	118	650912	5515	0	7	0	0	0	0	5522
TP1_synth_reverse		54	G	521	340	707	648480	301	12	546	650907	6	0	3	5510	2	0	1	5522
TP1_synth_reverse		55	A	649623	170	954	85	0	45	66	650943	5519	0	4	0	0	0	0	5523
TP1_synth_reverse		56	A	649713	19	926	97	0	45	143	650943	5519	0	4	0	0	0	0	5523
TP1_synth_reverse		57	T	3232	44	907	179	0	43	646522	650927	0	0	4	0	0	0	5519	5523
TP1_synth_reverse		58	A	650345	11	340	50	40	58	96	650940	5522	0	1	0	1	0	0	5524
TP1_synth_reverse		59	T	2207	44	379	73	0	11	648212	650926	0	0	2	0	0	0	5522	5524
TP1_synth_reverse		60	C	1464	649044	963	101	0	35	88	651695	0	5523	4	0	0	0	0	5527
TP1_synth_reverse		61	T	1618	80	377	674	0	14	649817	652580	0	0	2	2	0	0	5527	5531
TP1_synth_reverse		62	G	817	267	357	651272	0	99	747	653559	2	0	1	5529	0	0	0	5532
TP1_synth_reverse		63	T	4285	70	460	40	0	35	648673	653563	0	0	3	0	0	0	5530	5533
TP1_synth_reverse		64	T	2462	63	381	84	0	68	650510	653568	0	0	2	0	0	0	5531	5533
TP1_synth_reverse		65	C	710	652148	415	55	0	107	148	653583	0	5532	2	0	0	0	0	5534
TP1_synth_reverse		66	G	1615	340	913	649955	0	53	707	653583	3	0	6	5525	0	0	0	5534
TP1_synth_reverse		67	C	941	651121	1282	22	0	137	98	653601	0	5528	7	0	0	0	0	5535
TP1_synth_reverse		68	A	651638	343	1279	165	0	98	76	653599	5528	0	7	0	0	0	0	5535
TP1_synth_reverse		69	C	216	652797	370	34	0	74	102	653593	0	5533	2	0	0	0	0	5535
TP1_synth_reverse		70	T	1583	121	721	192	0	31	650935	653583	1	0	4	0	0	0	5530	5535
TP1_synth_reverse		71	C	348	652796	85	33	0	17	298	653577	0	5532	1	0	0	0	2	5535
TP1_synth_reverse		72	C	943	652049	4	55	0	57	466	653574	0	5531	0	0	0	0	4	5535
TP1_synth_reverse		73	G	1488	313	7	651401	0	168	185	653562	6	0	0	5529	0	0	0	5535
TP1_synth_reverse		74	A	653257	107	0	79	0	84	34	653561	5535	0	0	0	0	0	0	5535
TP1_synth_reverse		75	G	574	275	48	652444	0	15	198	653554	1	0	1	5533	0	0	0	5535
TP1_synth_reverse		76	T	3273	101	28	60	50	31	649996	653539	0	0	0	0	1	0	5534	5535
TP1_synth_reverse		77	G	745	364	108	651192	0	39	1081	653529	7	0	1	5526	0	0	1	5535
TP1_synth_reverse		78	C	600	652584	19	42	0	56	222	653523	1	5534	0	0	0	0	0	5535
TP1_synth_reverse		79	G	333	795	1067	650585	1	176	560	653517	1	0	2	5532	0	0	0	5535
TP1_synth_reverse		80	G	1251	240	1	651061	0	184	759	653496	6	1	0	5526	0	0	2	5535
TP1_synth_reverse		81	C	294	651411	446	65	0	123	1148	653487	1	5527	5	0	0	0	2	5535
TP1_synth_reverse		82	A	651593	47	1420	122	0	87	106	653375	5531	0	4	0	0	0	0	5535
TP1_synth_reverse		83	A	652879	83	6	94	0	224	86	653372	5535	0	0	0	0	0	0	5535
TP1_synth_reverse		84	A	652927	76	0	205	0	71	40	653319	5535	0	0	0	0	0	0	5535
TP1_synth_reverse		85	G	157	258	0	652565	2	98	162	653242	0	0	0	5535	0	0	0	5535
TP1_synth_reverse		86	C	343	652602	0	44	0	42	165	653196	0	5533	0	0	0	0	2	5535
TP1_synth_reverse		87	T	1422	77	1	88	0	82	651433	653103	0	0	0	0	0	0	5535	5535
TP1_synth_reverse		88	G	249	418	4	652095	3	95	205	653069	0	0	0	5535	0	0	0	5535
TP1_synth_reverse		89	T	1100	103	72	53	0	255	651430	653013	0	0	0	0	0	0	5535	5535
TP1_synth_reverse		90	T	1124	88	0	90	0	122	651320	652744	0	0	0	0	0	0	5535	5535
TP1_synth_reverse		91	C	510	651877	0	68	1	28	174	652658	0	5533	0	0	0	0	2	5535
TP1_synth_reverse		92	C	396	650850	0	375	0	49	250	651920	0	5535	0	0	0	0	0	5535
TP1_synth_reverse		93	G	527	176	0	650102	0	104	96	651005	0	0	0	5535	0	0	0	5535
TP1_synth_reverse		94	T	906	92	0	111	0	177	649469	650755	0	0	0	0	0	0	5534	5534
TP1_synth_reverse		95	C	0	649408	0	0	0	91	0	649499	0	5533	0	0	0	0	0	5533
TP1_synth_reverse		96	C	0	648503	0	0	0	68	0	648571	0	5533	0	0	0	0	0	5533
TP1_synth_reverse		97	C	0	647173	0	0	0	132	0	647305	0	5532	0	0	0	0	0	5532
TP1_synth_reverse		98	A	645182	0	0	0	0	0	0	645182	5529	0	0	0	0	0	0	5529
TP1_synth_reverse		99	G	0	0	0	643631	0	0	0	643631	0	0	0	5528	0	0	0	5528
