



























































































































































































































#AmpliconChromStart	Alias	Position	ProbableRef	rawA	rawC	rawD	rawG	rawI	rawN	rawT	rawDepth	consA	consC	consD	consG	consI	consN	consT	consDepth	
TP1_synth_reverse		1	G	0	0	0	643562	0	0	0	643562	0	0	0	5855	0	0	0	5855
TP1_synth_reverse		2	T	0	0	0	0	0	0	645016	645016	0	0	0	0	0	0	5863	5863
TP1_synth_reverse		3	G	0	0	0	648199	0	129	0	648328	0	0	0	5878	0	0	0	5878
TP1_synth_reverse		4	G	0	0	0	648825	0	54	0	648879	0	0	0	5884	0	0	0	5884
TP1_synth_reverse		5	T	0	0	0	0	0	212	649075	649287	0	0	0	0	0	0	5885	5885
TP1_synth_reverse		6	G	123	65	0	649460	0	39	176	649863	0	0	0	5888	0	0	1	5889
TP1_synth_reverse		7	A	649713	29	0	91	0	12	102	649947	5889	0	0	0	0	0	0	5889
TP1_synth_reverse		8	G	89	67	0	649727	0	71	73	650027	0	0	0	5890	0	0	0	5890
TP1_synth_reverse		9	G	115	113	0	649716	0	17	185	650146	0	0	0	5891	0	0	2	5893
TP1_synth_reverse		10	C	269	649738	2	28	1	25	108	650171	0	5893	0	0	0	0	0	5893
TP1_synth_reverse		11	T	316	108	60	18	8	47	649638	650195	0	0	2	0	0	0	5891	5893
TP1_synth_reverse		12	C	280	649459	233	18	0	71	142	650203	0	5890	3	0	0	0	0	5893
TP1_synth_reverse		13	C	372	649535	3	27	1	114	151	650203	0	5893	0	0	0	0	0	5893
TP1_synth_reverse		14	C	310	649701	0	25	0	53	134	650223	0	5893	0	0	0	0	0	5893
TP1_synth_reverse		15	C	251	649467	19	44	268	53	121	650223	0	5889	0	0	4	0	0	5893
TP1_synth_reverse		16	T	518	68	389	44	2	28	649174	650223	0	0	4	0	0	0	5889	5893
TP1_synth_reverse		17	T	624	85	349	22	0	177	648966	650223	0	0	1	0	0	0	5892	5893
TP1_synth_reverse		18	T	475	103	349	21	0	121	649154	650223	0	0	1	0	0	0	5892	5893
TP1_synth_reverse		19	C	434	649352	331	26	0	106	111	650360	0	5893	1	0	0	0	0	5894
TP1_synth_reverse		20	T	583	72	370	30	0	54	649254	650363	0	0	2	0	0	0	5892	5894
TP1_synth_reverse		21	T	1772	100	331	92	0	157	647926	650378	0	0	1	0	0	0	5893	5894
TP1_synth_reverse		22	G	152	601	618	648622	0	116	279	650388	1	0	2	5891	0	0	0	5894
TP1_synth_reverse		23	C	749	648798	471	73	0	90	207	650388	0	5890	3	0	0	0	1	5894
TP1_synth_reverse		24	G	291	173	347	648892	0	69	616	650388	2	1	1	5885	0	0	5	5894
TP1_synth_reverse		25	G	407	384	459	648801	0	82	280	650413	2	0	2	5891	0	0	0	5895
TP1_synth_reverse		26	A	649703	19	323	135	0	97	136	650413	5891	0	4	0	0	0	0	5895
TP1_synth_reverse		27	G	510	169	0	649086	0	66	582	650413	3	0	0	5892	0	0	0	5895
TP1_synth_reverse		28	A	650123	100	0	50	1	58	81	650413	5895	0	0	0	0	0	0	5895
TP1_synth_reverse		29	T	722	97	237	47	0	14	649296	650413	0	0	6	0	0	0	5889	5895
TP1_synth_reverse		30	T	2576	96	45	14	0	67	647615	650413	0	0	2	0	0	0	5893	5895
TP1_synth_reverse		31	C	703	649192	241	29	0	23	96	650284	1	5891	3	0	0	0	0	5895
TP1_synth_reverse		32	T	967	118	835	45	0	60	648255	650280	0	1	7	0	0	0	5887	5895
TP1_synth_reverse		33	C	706	648694	718	49	0	16	93	650276	0	5890	5	0	0	0	0	5895
TP1_synth_reverse		34	T	1160	150	299	44	3	26	648593	650275	0	1	4	0	0	0	5890	5895
TP1_synth_reverse		35	T	2831	94	213	71	394	51	646611	650265	0	0	4	0	1	0	5890	5895
TP1_synth_reverse		36	C	587	648661	830	25	0	55	104	650262	0	5889	6	0	0	0	0	5895
TP1_synth_reverse		37	C	654	649306	48	66	1	41	141	650257	0	5894	1	0	0	0	0	5895
TP1_synth_reverse		38	T	1349	56	50	34	1	91	648902	650483	0	0	1	0	0	0	5896	5897
TP1_synth_reverse		39	C	391	649862	53	49	0	27	100	650482	0	5896	1	0	0	0	0	5897
TP1_synth_reverse		40	T	1435	77	1486	26	0	34	647422	650480	0	0	8	0	0	0	5889	5897
TP1_synth_reverse		41	G	288	1261	1698	645347	0	22	1855	650471	1	0	8	5887	0	0	1	5897
TP1_synth_reverse		42	T	2386	101	745	41	0	124	647072	650469	0	0	5	0	0	0	5892	5897
TP1_synth_reverse		43	G	297	1289	748	647632	0	82	773	650821	1	0	5	5892	0	0	0	5898
TP1_synth_reverse		44	C	788	648294	817	33	1	121	790	650844	0	5884	6	0	0	0	8	5898
TP1_synth_reverse		45	G	295	366	1516	645901	1	52	2716	650847	2	0	8	5888	0	0	0	5898
TP1_synth_reverse		46	C	1242	648541	915	36	0	22	113	650869	0	5892	6	0	0	0	0	5898
TP1_synth_reverse		47	C	457	649287	861	26	0	13	224	650868	0	5893	5	0	0	0	0	5898
TP1_synth_reverse		48	G	204	1194	1843	645170	0	8	2451	650870	1	2	8	5885	0	0	2	5898
TP1_synth_reverse		49	A	649603	45	1001	44	0	43	159	650895	5892	0	6	0	0	0	0	5898
TP1_synth_reverse		50	T	2514	95	965	21	1	19	647274	650889	0	0	6	0	0	0	5892	5898
TP1_synth_reverse		51	A	649654	51	928	91	0	76	114	650914	5892	0	6	0	0	0	0	5898
TP1_synth_reverse		52	C	562	648179	1954	38	0	45	130	650908	0	5890	8	0	0	0	0	5898
TP1_synth_reverse		53	A	649646	25	953	126	1	53	118	650922	5890	0	8	0	0	0	0	5898
TP1_synth_reverse		54	G	522	341	707	648488	301	12	546	650917	6	0	4	5885	2	0	1	5898
TP1_synth_reverse		55	A	649633	170	954	85	0	45	66	650953	5894	0	5	0	0	0	0	5899
TP1_synth_reverse		56	A	649723	19	926	97	0	45	143	650953	5894	0	5	0	0	0	0	5899
TP1_synth_reverse		57	T	3237	44	907	179	0	43	646527	650937	0	0	5	0	0	0	5894	5899
TP1_synth_reverse		58	A	650355	11	340	50	40	58	96	650950	5898	0	1	0	1	0	0	5900
TP1_synth_reverse		59	T	2209	44	379	73	0	11	648220	650936	0	0	2	0	0	0	5898	5900
TP1_synth_reverse		60	C	1465	649053	963	101	0	35	88	651705	0	5898	5	0	0	0	0	5903
TP1_synth_reverse		61	T	1619	80	377	674	0	14	649826	652590	0	0	2	2	0	0	5904	5908
TP1_synth_reverse		62	G	818	267	357	651281	0	99	747	653569	2	0	1	5906	0	0	0	5909
TP1_synth_reverse		63	T	4285	70	460	40	0	35	648683	653573	0	0	3	0	0	0	5907	5910
TP1_synth_reverse		64	T	2463	63	381	84	0	68	650507	653566	0	0	2	0	0	0	5908	5910
TP1_synth_reverse		65	C	710	652130	415	55	0	107	148	653565	0	5908	2	0	0	0	0	5910
TP1_synth_reverse		66	G	1615	340	913	649937	0	53	707	653565	3	0	7	5900	0	0	0	5910
TP1_synth_reverse		67	C	941	651103	1282	22	0	137	98	653583	0	5904	7	0	0	0	0	5911
TP1_synth_reverse		68	A	651631	343	1279	165	0	98	76	653592	5904	0	7	0	0	0	0	5911
TP1_synth_reverse		69	C	216	652790	370	34	0	74	102	653586	0	5909	2	0	0	0	0	5911
TP1_synth_reverse		70	T	1583	121	721	192	0	31	650928	653576	1	0	4	0	0	0	5906	5911
TP1_synth_reverse		71	C	348	652789	85	33	0	17	298	653570	0	5908	1	0	0	0	2	5911
TP1_synth_reverse		72	C	942	652043	4	55	0	57	466	653567	0	5907	0	0	0	0	4	5911
TP1_synth_reverse		73	G	1489	313	7	651393	0	168	185	653555	6	0	0	5905	0	0	0	5911
TP1_synth_reverse		74	A	653250	107	0	79	0	84	34	653554	5911	0	0	0	0	0	0	5911
TP1_synth_reverse		75	G	574	275	48	652438	0	15	197	653547	1	0	1	5909	0	0	0	5911
TP1_synth_reverse		76	T	3272	101	28	59	50	31	649991	653532	0	0	0	0	1	0	5910	5911
TP1_synth_reverse		77	G	745	363	108	651185	0	39	1082	653522	7	0	1	5902	0	0	1	5911
TP1_synth_reverse		78	C	600	652577	19	42	0	56	222	653516	1	5910	0	0	0	0	0	5911
TP1_synth_reverse		79	G	333	794	1067	650579	1	176	560	653510	1	0	2	5908	0	0	0	5911
TP1_synth_reverse		80	G	1251	240	1	651055	0	184	758	653489	6	1	0	5902	0	0	2	5911
TP1_synth_reverse		81	C	294	651404	446	65	0	123	1148	653480	1	5902	5	0	0	0	3	5911
TP1_synth_reverse		82	A	651586	47	1420	122	0	87	106	653368	5907	0	4	0	0	0	0	5911
TP1_synth_reverse		83	A	652872	83	6	94	0	224	86	653365	5911	0	0	0	0	0	0	5911
TP1_synth_reverse		84	A	652920	76	0	205	0	71	40	653312	5911	0	0	0	0	0	0	5911
TP1_synth_reverse		85	G	157	258	0	652558	2	98	162	653235	0	0	0	5911	0	0	0	5911
TP1_synth_reverse		86	C	343	652595	0	44	0	42	165	653189	0	5909	0	0	0	0	2	5911
TP1_synth_reverse		87	T	1422	77	1	88	0	82	651426	653096	0	0	0	0	0	0	5911	5911
TP1_synth_reverse		88	G	249	418	4	652088	3	95	205	653062	0	0	0	5911	0	0	0	5911
TP1_synth_reverse		89	T	1100	103	72	53	0	255	651423	653006	0	0	0	0	0	0	5911	5911
TP1_synth_reverse		90	T	1123	88	0	90	0	122	651314	652737	0	0	0	0	0	0	5911	5911
TP1_synth_reverse		91	C	510	651870	0	68	1	28	174	652651	0	5909	0	0	0	0	2	5911
TP1_synth_reverse		92	C	397	650842	0	375	0	49	250	651913	0	5911	0	0	0	0	0	5911
TP1_synth_reverse		93	G	527	176	0	650095	0	104	96	650998	0	0	0	5911	0	0	0	5911
TP1_synth_reverse		94	T	905	92	0	111	0	177	649463	650748	0	0	0	0	0	0	5910	5910
TP1_synth_reverse		95	C	0	649400	0	0	0	91	0	649491	0	5909	0	0	0	0	0	5909
TP1_synth_reverse		96	C	0	648495	0	0	0	68	0	648563	0	5909	0	0	0	0	0	5909
TP1_synth_reverse		97	C	0	647165	0	0	0	132	0	647297	0	5908	0	0	0	0	0	5908
TP1_synth_reverse		98	A	645175	0	0	0	0	0	0	645175	5905	0	0	0	0	0	0	5905
TP1_synth_reverse		99	G	0	0	0	643624	0	0	0	643624	0	0	0	5903	0	0	0	5903
