



























































































































































































































#AmpliconChromStart	Alias	Position	ProbableRef	rawA	rawC	rawD	rawG	rawI	rawN	rawT	rawDepth	consA	consC	consD	consG	consI	consN	consT	consDepth	
TP1_synth_reverse		1	G	0	0	0	643562	0	0	0	643562	0	0	0	44056	0	0	0	44056
TP1_synth_reverse		2	T	0	0	0	0	0	0	645016	645016	0	0	0	0	0	0	44448	44448
TP1_synth_reverse		3	G	0	0	0	648199	0	129	0	648328	0	0	0	45006	0	53	0	45059
TP1_synth_reverse		4	G	0	0	0	648825	0	54	0	648879	0	0	0	45421	0	3	0	45424
TP1_synth_reverse		5	T	0	0	0	0	0	212	649075	649287	0	0	0	0	0	69	45705	45774
TP1_synth_reverse		6	G	123	65	0	649460	0	39	176	649863	4	12	0	46167	0	23	23	46229
TP1_synth_reverse		7	A	649713	29	0	91	0	12	102	649947	46286	4	0	3	0	1	3	46297
TP1_synth_reverse		8	G	89	67	0	649727	0	71	73	650027	8	10	0	46285	0	3	13	46319
TP1_synth_reverse		9	G	115	113	0	649716	0	17	185	650146	5	27	0	46303	0	0	29	46364
TP1_synth_reverse		10	C	269	649713	2	28	1	25	108	650146	62	46292	1	1	0	2	6	46364
TP1_synth_reverse		11	T	316	108	60	18	8	47	649613	650170	92	6	7	2	1	35	46241	46384
TP1_synth_reverse		12	C	280	649435	233	18	0	70	142	650178	72	46258	16	2	0	34	9	46391
TP1_synth_reverse		13	C	372	649510	3	27	1	114	151	650178	72	46271	0	3	0	33	12	46391
TP1_synth_reverse		14	C	310	649676	0	25	0	53	134	650198	47	46354	0	2	0	2	4	46409
TP1_synth_reverse		15	C	251	649442	19	44	268	53	121	650198	52	46292	10	5	25	23	2	46409
TP1_synth_reverse		16	T	515	68	389	44	2	28	649152	650198	134	7	23	4	0	3	46238	46409
TP1_synth_reverse		17	T	620	85	349	22	0	177	648949	650202	157	5	16	5	0	81	46148	46412
TP1_synth_reverse		18	T	474	103	349	21	0	120	649135	650202	132	4	16	2	0	54	46204	46412
TP1_synth_reverse		19	C	433	649332	331	26	0	106	111	650339	166	46218	6	5	0	41	6	46442
TP1_synth_reverse		20	T	582	72	370	30	0	54	649234	650342	186	3	20	5	0	18	46213	46445
TP1_synth_reverse		21	T	1765	100	331	92	0	157	647912	650357	625	2	6	9	0	23	45793	46458
TP1_synth_reverse		22	G	152	600	618	648594	0	115	278	650357	13	297	17	46049	0	13	69	46458
TP1_synth_reverse		23	C	748	648768	471	73	0	90	207	650357	247	46119	25	3	0	47	17	46458
TP1_synth_reverse		24	G	291	172	347	648863	0	69	615	650357	32	52	8	46238	0	28	100	46458
TP1_synth_reverse		25	G	407	383	459	648773	0	82	278	650382	55	148	17	46191	0	2	54	46467
TP1_synth_reverse		26	A	649672	19	323	135	0	97	136	650382	46390	2	40	11	0	16	8	46467
TP1_synth_reverse		27	G	510	168	0	649056	0	66	582	650382	40	53	0	46126	0	21	227	46467
TP1_synth_reverse		28	A	650099	100	0	50	1	58	81	650389	46416	15	0	2	0	37	3	46473
TP1_synth_reverse		29	T	721	97	237	47	0	14	649273	650389	193	6	43	6	0	6	46219	46473
TP1_synth_reverse		30	T	2571	96	45	14	0	67	647596	650389	843	7	16	0	0	41	45566	46473
TP1_synth_reverse		31	C	703	649168	241	29	0	23	96	650260	272	46152	28	1	0	6	4	46463
TP1_synth_reverse		32	T	965	118	835	45	0	60	648233	650256	235	8	65	4	0	10	46139	46461
TP1_synth_reverse		33	C	707	648670	718	49	0	16	92	650252	284	46129	32	4	0	3	6	46458
TP1_synth_reverse		34	T	1162	150	299	44	3	26	648567	650251	298	5	35	7	0	16	46097	46458
TP1_synth_reverse		35	T	2826	94	213	71	394	51	646600	650249	891	1	12	5	15	2	45535	46461
TP1_synth_reverse		36	C	588	648644	830	25	0	55	104	650246	136	46272	33	4	0	11	5	46461
TP1_synth_reverse		37	C	653	649291	48	66	1	41	141	650241	141	46300	2	7	0	3	6	46459
TP1_synth_reverse		38	T	1348	56	50	34	1	91	648887	650467	404	3	2	5	0	6	46057	46477
TP1_synth_reverse		39	C	390	649847	53	49	0	27	100	650466	92	46364	2	7	0	3	8	46476
TP1_synth_reverse		40	T	1433	77	1486	26	0	34	647408	650464	362	7	71	5	0	2	46028	46475
TP1_synth_reverse		41	G	288	1258	1697	645336	0	22	1854	650455	21	528	70	45499	0	4	349	46471
TP1_synth_reverse		42	T	2384	101	745	41	0	124	647058	650453	774	4	35	4	0	48	45605	46470
TP1_synth_reverse		43	G	297	1287	748	647618	0	82	773	650805	11	344	35	45956	0	10	156	46512
TP1_synth_reverse		44	C	790	648277	817	33	1	120	790	650828	257	46132	44	0	0	34	63	46530
TP1_synth_reverse		45	G	295	365	1516	645884	1	52	2718	650831	11	107	84	45817	1	5	510	46535
TP1_synth_reverse		46	C	1240	648527	915	36	0	22	113	650853	508	45977	49	6	0	4	9	46553
TP1_synth_reverse		47	C	457	649271	861	26	0	13	224	650852	111	46379	46	7	0	3	7	46553
TP1_synth_reverse		48	G	204	1191	1843	645154	0	8	2454	650854	27	481	89	45482	0	0	481	46560
TP1_synth_reverse		49	A	649587	45	1001	44	0	43	159	650879	46584	9	66	4	0	1	16	46680
TP1_synth_reverse		50	T	2510	95	965	21	1	19	647262	650873	502	5	52	7	0	1	46112	46679
TP1_synth_reverse		51	A	649638	51	928	91	0	76	114	650898	46602	6	54	6	0	26	4	46698
TP1_synth_reverse		52	C	562	648162	1954	39	0	45	130	650892	206	46377	97	6	0	6	1	46693
TP1_synth_reverse		53	A	649630	25	953	126	1	53	118	650906	46597	5	62	5	0	27	7	46703
TP1_synth_reverse		54	G	522	340	707	648471	301	12	548	650901	60	80	34	46380	6	1	139	46700
TP1_synth_reverse		55	A	649617	170	954	85	0	45	66	650937	46603	32	42	3	0	26	2	46708
TP1_synth_reverse		56	A	649707	19	926	97	0	45	143	650937	46630	5	40	9	0	7	17	46708
TP1_synth_reverse		57	T	3229	44	907	179	0	43	646519	650921	510	1	47	25	0	26	46091	46700
TP1_synth_reverse		58	A	650320	11	340	50	40	58	96	650915	46629	2	13	3	8	37	6	46698
TP1_synth_reverse		59	T	2204	44	379	73	0	11	648190	650901	411	5	18	10	0	2	46248	46694
TP1_synth_reverse		60	C	1466	649017	963	101	0	35	88	651670	399	46289	55	10	0	6	3	46762
TP1_synth_reverse		61	T	1619	80	377	674	0	14	649791	652555	321	3	19	68	0	1	46415	46827
TP1_synth_reverse		62	G	817	268	357	651244	0	99	749	653534	166	64	13	46352	0	14	280	46889
TP1_synth_reverse		63	T	4286	70	460	40	0	35	648647	653538	1094	1	24	12	0	2	45756	46889
TP1_synth_reverse		64	T	2462	63	381	84	0	68	650473	653531	433	3	19	8	0	5	46419	46887
TP1_synth_reverse		65	C	709	652096	415	55	0	107	148	653530	145	46704	21	1	0	11	5	46887
TP1_synth_reverse		66	G	1613	340	913	649905	0	53	706	653530	182	88	43	46288	0	31	255	46887
TP1_synth_reverse		67	C	942	651067	1282	22	0	137	98	653548	315	46456	65	3	0	46	5	46890
TP1_synth_reverse		68	A	651596	343	1279	165	0	98	76	653557	46758	63	65	5	0	4	2	46897
TP1_synth_reverse		69	C	215	652756	370	34	0	74	102	653551	46	46793	15	4	0	35	2	46895
TP1_synth_reverse		70	T	1584	121	721	192	0	31	650892	653541	255	6	32	19	0	3	46574	46889
TP1_synth_reverse		71	C	347	652755	85	33	0	17	298	653535	84	46780	2	1	0	1	17	46885
TP1_synth_reverse		72	C	941	652009	4	55	0	57	466	653532	348	46476	0	2	0	14	42	46882
TP1_synth_reverse		73	G	1488	312	7	651360	0	168	185	653520	135	66	0	46601	0	46	30	46878
TP1_synth_reverse		74	A	653216	107	0	79	0	83	34	653519	46856	12	0	3	0	5	1	46877
TP1_synth_reverse		75	G	572	275	48	652405	0	15	197	653512	50	59	6	46686	0	2	71	46874
TP1_synth_reverse		76	T	3271	101	28	59	50	31	649957	653497	966	6	8	7	6	16	45856	46865
TP1_synth_reverse		77	G	746	363	108	651152	0	39	1079	653487	57	89	6	46475	0	23	212	46862
TP1_synth_reverse		78	C	599	652543	19	42	0	56	222	653481	130	46671	2	8	0	37	13	46861
TP1_synth_reverse		79	G	333	793	1067	650543	1	176	562	653475	46	363	44	46259	0	18	130	46860
TP1_synth_reverse		80	G	1250	240	1	651021	0	184	758	653454	124	62	0	46566	0	11	86	46849
TP1_synth_reverse		81	C	294	651370	446	64	0	123	1148	653445	57	46697	33	2	0	13	43	46845
TP1_synth_reverse		82	A	651551	47	1420	122	0	87	106	653333	46635	6	62	4	0	24	6	46737
TP1_synth_reverse		83	A	652837	83	6	94	0	224	86	653330	46697	6	0	8	0	22	3	46736
TP1_synth_reverse		84	A	652885	76	0	205	0	71	40	653277	46708	5	0	11	0	6	0	46730
TP1_synth_reverse		85	G	157	258	0	652523	2	98	162	653200	18	53	0	46583	0	23	27	46704
TP1_synth_reverse		86	C	343	652560	0	44	0	42	165	653154	71	46605	0	3	0	1	10	46690
TP1_synth_reverse		87	T	1422	77	1	88	0	82	651391	653061	267	1	0	5	0	23	46369	46665
TP1_synth_reverse		88	G	250	418	4	652052	3	95	205	653027	22	30	0	46567	0	10	27	46656
TP1_synth_reverse		89	T	1100	103	72	53	0	255	651388	652971	148	5	9	7	0	86	46385	46640
TP1_synth_reverse		90	T	1122	88	0	91	0	122	651279	652702	154	3	0	10	0	10	46400	46577
TP1_synth_reverse		91	C	510	651835	0	68	1	28	174	652616	70	46468	0	4	0	2	14	46558
TP1_synth_reverse		92	C	396	650808	0	375	0	49	250	651878	49	46437	0	17	0	3	15	46521
TP1_synth_reverse		93	G	527	175	0	650062	0	104	96	650964	50	41	0	46342	0	11	13	46457
TP1_synth_reverse		94	T	905	92	0	110	0	176	649431	650714	117	7	0	8	0	31	46266	46429
TP1_synth_reverse		95	C	0	649368	0	0	0	91	0	649459	0	46323	0	0	0	23	0	46346
TP1_synth_reverse		96	C	0	648463	0	0	0	68	0	648531	0	46252	0	0	0	21	0	46273
TP1_synth_reverse		97	C	0	647133	0	0	0	132	0	647265	0	46132	0	0	0	31	0	46163
TP1_synth_reverse		98	A	645145	0	0	0	0	0	0	645145	46021	0	0	0	0	0	0	46021
TP1_synth_reverse		99	G	0	0	0	643594	0	0	0	643594	0	0	0	45911	0	0	0	45911
