



























































































































































































































#AmpliconChromStart	Alias	Position	ProbableRef	rawA	rawC	rawD	rawG	rawI	rawN	rawT	rawDepth	consA	consC	consD	consG	consI	consN	consT	consDepth	
TP1_synth_reverse		1	G	0	0	0	643562	0	0	0	643562	0	0	0	3561	0	0	0	3561
TP1_synth_reverse		2	T	0	0	0	0	0	0	645016	645016	0	0	0	0	0	0	3566	3566
TP1_synth_reverse		3	G	0	0	0	648199	0	129	0	648328	0	0	0	3576	0	0	0	3576
TP1_synth_reverse		4	G	0	0	0	648825	0	54	0	648879	0	0	0	3580	0	0	0	3580
TP1_synth_reverse		5	T	0	0	0	0	0	212	649075	649287	0	0	0	0	0	0	3581	3581
TP1_synth_reverse		6	G	123	65	0	649460	0	39	176	649863	0	0	0	3581	0	0	1	3582
TP1_synth_reverse		7	A	649713	29	0	91	0	12	102	649947	3582	0	0	0	0	0	0	3582
TP1_synth_reverse		8	G	89	67	0	649727	0	71	73	650027	0	0	0	3583	0	0	0	3583
TP1_synth_reverse		9	G	115	113	0	649716	0	17	185	650146	0	0	0	3582	0	0	2	3584
TP1_synth_reverse		10	C	269	649713	2	28	1	25	108	650146	0	3584	0	0	0	0	0	3584
TP1_synth_reverse		11	T	316	108	60	18	8	47	649613	650170	0	0	1	0	0	0	3583	3584
TP1_synth_reverse		12	C	280	649435	233	18	0	70	142	650178	0	3583	1	0	0	0	0	3584
TP1_synth_reverse		13	C	372	649510	3	27	1	114	151	650178	0	3584	0	0	0	0	0	3584
TP1_synth_reverse		14	C	310	649676	0	25	0	53	134	650198	0	3584	0	0	0	0	0	3584
TP1_synth_reverse		15	C	251	649442	19	44	268	53	121	650198	0	3582	0	0	2	0	0	3584
TP1_synth_reverse		16	T	515	68	389	44	2	28	649158	650204	0	0	1	0	0	0	3583	3584
TP1_synth_reverse		17	T	620	85	349	22	0	177	648955	650208	0	0	1	0	0	0	3583	3584
TP1_synth_reverse		18	T	474	103	349	21	0	120	649141	650208	0	0	1	0	0	0	3583	3584
TP1_synth_reverse		19	C	433	649338	331	26	0	106	111	650345	0	3584	1	0	0	0	0	3585
TP1_synth_reverse		20	T	582	72	370	30	0	54	649237	650345	0	0	1	0	0	0	3584	3585
TP1_synth_reverse		21	T	1765	100	331	92	0	157	647915	650360	0	0	1	0	0	0	3584	3585
TP1_synth_reverse		22	G	152	600	618	648596	0	115	279	650360	1	0	2	3582	0	0	0	3585
TP1_synth_reverse		23	C	748	648771	471	73	0	90	207	650360	0	3581	3	0	0	0	1	3585
TP1_synth_reverse		24	G	291	172	347	648872	0	69	615	650366	1	1	1	3578	0	0	4	3585
TP1_synth_reverse		25	G	407	383	459	648783	0	82	277	650391	1	0	2	3582	0	0	0	3585
TP1_synth_reverse		26	A	649681	19	323	135	0	97	136	650391	3581	0	4	0	0	0	0	3585
TP1_synth_reverse		27	G	510	168	0	649065	0	66	582	650391	3	0	0	3582	0	0	0	3585
TP1_synth_reverse		28	A	650108	100	0	50	1	58	81	650398	3585	0	0	0	0	0	0	3585
TP1_synth_reverse		29	T	722	97	237	47	0	14	649281	650398	0	0	2	0	0	0	3583	3585
TP1_synth_reverse		30	T	2570	96	45	14	0	66	647607	650398	0	0	0	0	0	0	3585	3585
TP1_synth_reverse		31	C	703	649177	241	29	0	23	96	650269	0	3583	2	0	0	0	0	3585
TP1_synth_reverse		32	T	965	118	835	45	0	60	648242	650265	0	1	5	0	0	0	3579	3585
TP1_synth_reverse		33	C	707	648679	718	49	0	16	92	650261	0	3581	4	0	0	0	0	3585
TP1_synth_reverse		34	T	1162	150	299	44	3	26	648576	650260	0	1	3	0	0	0	3581	3585
TP1_synth_reverse		35	T	2826	94	213	71	394	51	646601	650250	0	0	3	0	1	0	3581	3585
TP1_synth_reverse		36	C	590	648643	830	25	0	55	104	650247	0	3580	5	0	0	0	0	3585
TP1_synth_reverse		37	C	654	649291	48	66	1	41	141	650242	0	3584	1	0	0	0	0	3585
TP1_synth_reverse		38	T	1349	56	50	34	1	91	648887	650468	0	0	1	0	0	0	3586	3587
TP1_synth_reverse		39	C	392	649846	53	49	0	27	100	650467	0	3586	1	0	0	0	0	3587
TP1_synth_reverse		40	T	1434	77	1486	26	0	34	647408	650465	0	0	6	0	0	0	3581	3587
TP1_synth_reverse		41	G	288	1259	1697	645335	0	22	1855	650456	1	0	4	3581	0	0	1	3587
TP1_synth_reverse		42	T	2383	101	745	41	0	124	647060	650454	0	0	3	0	0	0	3584	3587
TP1_synth_reverse		43	G	297	1286	748	647621	0	82	772	650806	1	0	3	3584	0	0	0	3588
TP1_synth_reverse		44	C	790	648278	817	33	1	120	790	650829	0	3580	4	0	0	0	4	3588
TP1_synth_reverse		45	G	295	364	1516	645888	1	52	2716	650832	1	0	6	3581	0	0	0	3588
TP1_synth_reverse		46	C	1240	648528	915	36	0	22	113	650854	0	3584	4	0	0	0	0	3588
TP1_synth_reverse		47	C	457	649272	861	26	0	13	224	650853	0	3585	3	0	0	0	0	3588
TP1_synth_reverse		48	G	203	1191	1843	645154	0	8	2456	650855	0	1	5	3581	0	0	1	3588
TP1_synth_reverse		49	A	649588	45	1001	44	0	43	159	650880	3583	0	4	0	0	0	0	3587
TP1_synth_reverse		50	T	2511	95	965	21	1	19	647262	650874	0	0	4	0	0	0	3583	3587
TP1_synth_reverse		51	A	649639	51	928	91	0	76	114	650899	3583	0	4	0	0	0	0	3587
TP1_synth_reverse		52	C	563	648162	1954	39	0	45	130	650893	0	3581	6	0	0	0	0	3587
TP1_synth_reverse		53	A	649631	25	953	126	1	53	118	650907	3583	0	4	0	0	0	0	3587
TP1_synth_reverse		54	G	526	340	707	648467	301	12	549	650902	4	0	2	3578	2	0	1	3587
TP1_synth_reverse		55	A	649618	170	954	85	0	45	66	650938	3585	0	3	0	0	0	0	3588
TP1_synth_reverse		56	A	649708	19	926	97	0	45	143	650938	3585	0	3	0	0	0	0	3588
TP1_synth_reverse		57	T	3232	44	907	179	0	43	646517	650922	0	0	3	0	0	0	3585	3588
TP1_synth_reverse		58	A	650321	11	340	50	40	58	96	650916	3586	0	1	0	1	0	0	3588
TP1_synth_reverse		59	T	2204	44	379	73	0	11	648191	650902	0	0	1	0	0	0	3587	3588
TP1_synth_reverse		60	C	1465	649019	963	101	0	35	88	651671	0	3585	4	0	0	0	0	3589
TP1_synth_reverse		61	T	1618	80	377	674	0	14	649793	652556	0	0	1	2	0	0	3588	3591
TP1_synth_reverse		62	G	816	269	357	651245	0	99	749	653535	2	0	1	3589	0	0	0	3592
TP1_synth_reverse		63	T	4287	70	460	40	0	35	648647	653539	0	0	3	0	0	0	3589	3592
TP1_synth_reverse		64	T	2460	63	381	84	0	68	650476	653532	0	0	2	0	0	0	3590	3592
TP1_synth_reverse		65	C	709	652113	415	55	0	107	148	653547	0	3590	2	0	0	0	0	3592
TP1_synth_reverse		66	G	1612	340	913	649922	0	52	708	653547	3	0	5	3584	0	0	0	3592
TP1_synth_reverse		67	C	942	651084	1282	22	0	137	98	653565	0	3586	6	0	0	0	0	3592
TP1_synth_reverse		68	A	651602	343	1279	165	0	98	76	653563	3586	0	6	0	0	0	0	3592
TP1_synth_reverse		69	C	216	652762	370	34	0	73	102	653557	0	3590	2	0	0	0	0	3592
TP1_synth_reverse		70	T	1584	121	721	192	0	31	650898	653547	1	0	3	0	0	0	3588	3592
TP1_synth_reverse		71	C	348	652760	85	33	0	17	298	653541	0	3590	1	0	0	0	1	3592
TP1_synth_reverse		72	C	941	652015	4	55	0	57	466	653538	0	3588	0	0	0	0	4	3592
TP1_synth_reverse		73	G	1489	312	7	651366	0	167	185	653526	6	0	0	3586	0	0	0	3592
TP1_synth_reverse		74	A	653222	107	0	79	0	83	34	653525	3592	0	0	0	0	0	0	3592
TP1_synth_reverse		75	G	572	275	48	652410	0	15	198	653518	1	0	1	3590	0	0	0	3592
TP1_synth_reverse		76	T	3272	101	28	60	50	31	649961	653503	0	0	0	0	1	0	3591	3592
TP1_synth_reverse		77	G	745	364	108	651158	0	38	1080	653493	5	0	1	3585	0	0	1	3592
TP1_synth_reverse		78	C	599	652549	19	42	0	56	222	653487	1	3591	0	0	0	0	0	3592
TP1_synth_reverse		79	G	333	793	1068	650549	1	176	561	653481	1	0	2	3589	0	0	0	3592
TP1_synth_reverse		80	G	1251	240	1	651025	0	184	759	653460	4	0	0	3587	0	0	1	3592
TP1_synth_reverse		81	C	294	651376	446	64	0	123	1148	653451	0	3587	3	0	0	0	2	3592
TP1_synth_reverse		82	A	651557	47	1420	122	0	87	106	653339	3590	0	2	0	0	0	0	3592
TP1_synth_reverse		83	A	652843	83	6	94	0	224	86	653336	3592	0	0	0	0	0	0	3592
TP1_synth_reverse		84	A	652891	76	0	205	0	71	40	653283	3592	0	0	0	0	0	0	3592
TP1_synth_reverse		85	G	157	258	0	652529	2	98	162	653206	0	0	0	3592	0	0	0	3592
TP1_synth_reverse		86	C	344	652564	0	44	0	42	165	653159	0	3591	0	0	0	0	1	3592
TP1_synth_reverse		87	T	1422	77	1	88	0	82	651395	653065	0	0	0	0	0	0	3592	3592
TP1_synth_reverse		88	G	249	418	4	652057	3	95	205	653031	0	0	0	3592	0	0	0	3592
TP1_synth_reverse		89	T	1101	103	72	53	0	255	651391	652975	0	0	0	0	0	0	3592	3592
TP1_synth_reverse		90	T	1123	88	0	91	0	122	651282	652706	0	0	0	0	0	0	3592	3592
TP1_synth_reverse		91	C	510	651839	0	68	1	28	174	652620	0	3591	0	0	0	0	1	3592
TP1_synth_reverse		92	C	396	650812	0	375	0	49	250	651882	0	3592	0	0	0	0	0	3592
TP1_synth_reverse		93	G	527	175	0	650066	0	104	96	650968	0	0	0	3592	0	0	0	3592
TP1_synth_reverse		94	T	906	92	0	110	0	176	649434	650718	0	0	0	0	0	0	3592	3592
TP1_synth_reverse		95	C	0	649372	0	0	0	91	0	649463	0	3591	0	0	0	0	0	3591
TP1_synth_reverse		96	C	0	648466	0	0	0	68	0	648534	0	3591	0	0	0	0	0	3591
TP1_synth_reverse		97	C	0	647137	0	0	0	132	0	647269	0	3591	0	0	0	0	0	3591
TP1_synth_reverse		98	A	645148	0	0	0	0	0	0	645148	3591	0	0	0	0	0	0	3591
TP1_synth_reverse		99	G	0	0	0	643597	0	0	0	643597	0	0	0	3591	0	0	0	3591
