



























































































































































































































#AmpliconChromStart	Alias	Position	ProbableRef	rawA	rawC	rawD	rawG	rawI	rawN	rawT	rawDepth	consA	consC	consD	consG	consI	consN	consT	consDepth	
TP1_synth_reverse		1	G	0	0	0	436806	0	0	0	436806	0	0	0	4562	0	0	0	4562
TP1_synth_reverse		2	T	0	0	0	0	0	0	437610	437610	0	0	0	0	0	0	4566	4566
TP1_synth_reverse		3	G	0	0	0	438677	0	16	0	438693	0	0	0	4571	0	0	0	4571
TP1_synth_reverse		4	G	0	0	0	439291	0	13	0	439304	0	0	0	4575	0	0	0	4575
TP1_synth_reverse		5	T	0	0	0	0	0	42	439455	439497	0	0	0	0	0	0	4575	4575
TP1_synth_reverse		6	G	77	28	0	439723	0	58	95	439981	0	0	0	4577	0	0	0	4577
TP1_synth_reverse		7	A	440026	10	0	52	0	36	84	440208	4579	0	0	0	0	0	0	4579
TP1_synth_reverse		8	G	56	28	0	439835	0	181	233	440333	0	0	0	4579	0	0	1	4580
TP1_synth_reverse		9	G	72	64	0	440278	2	26	199	440641	0	0	0	4582	0	0	1	4583
TP1_synth_reverse		10	C	115	440080	279	21	0	7	154	440656	0	4582	1	0	0	0	0	4583
TP1_synth_reverse		11	T	144	68	175	14	339	21	439895	440656	0	0	1	0	1	0	4581	4583
TP1_synth_reverse		12	C	138	438580	1830	9	1	28	78	440664	0	4569	14	0	0	0	0	4583
TP1_synth_reverse		13	C	183	440223	2	13	0	136	119	440676	0	4583	0	0	0	0	0	4583
TP1_synth_reverse		14	C	144	440243	0	15	0	41	244	440687	0	4583	0	0	0	0	0	4583
TP1_synth_reverse		15	C	132	440312	1	8	137	10	87	440687	0	4582	0	0	1	0	0	4583
TP1_synth_reverse		16	T	280	44	700	16	0	15	439632	440687	0	0	5	0	0	0	4578	4583
TP1_synth_reverse		17	T	264	77	64	11	0	4	440277	440697	0	0	0	0	0	0	4583	4583
TP1_synth_reverse		18	T	233	64	1	6	0	13	440407	440724	0	0	0	0	0	0	4583	4583
TP1_synth_reverse		19	C	236	457502	477	21	0	64	361	458661	0	4589	3	0	0	0	3	4595
TP1_synth_reverse		20	T	352	209	266	44	0	57	457733	458661	0	1	3	0	0	0	4591	4595
TP1_synth_reverse		21	T	1206	63	0	55	13	25	457299	458661	0	0	0	0	0	0	4595	4595
TP1_synth_reverse		22	G	80	474	216	457640	24	13	226	458673	0	1	2	4591	0	0	1	4595
TP1_synth_reverse		23	C	368	457139	668	47	7	27	426	458682	0	4587	6	0	0	0	2	4595
TP1_synth_reverse		24	G	128	73	519	457671	0	19	277	458687	0	0	7	4588	0	0	0	4595
TP1_synth_reverse		25	G	365	295	127	457142	580	45	141	458695	0	1	2	4589	3	0	0	4595
TP1_synth_reverse		26	A	457778	14	520	77	220	6	80	458695	4588	0	5	0	2	0	0	4595
TP1_synth_reverse		27	G	38	174	121	457740	126	60	436	458695	0	0	2	4591	1	0	1	4595
TP1_synth_reverse		28	A	457796	59	650	52	76	17	57	458707	4588	0	6	0	1	0	0	4595
TP1_synth_reverse		29	T	415	46	417	503	1	80	457245	458707	0	0	5	0	0	0	4590	4595
TP1_synth_reverse		30	T	1929	61	14	41	0	34	456634	458713	0	0	0	0	0	0	4595	4595
TP1_synth_reverse		31	C	439	457527	327	98	24	52	236	458703	0	4589	3	1	0	0	2	4595
TP1_synth_reverse		32	T	667	39	1	80	79	4	457824	458694	0	0	0	0	1	0	4594	4595
TP1_synth_reverse		33	C	509	457879	1	24	199	16	64	458692	0	4593	0	0	2	0	0	4595
TP1_synth_reverse		34	T	1750	52	707	1228	1	34	454911	458683	0	0	7	0	0	0	4588	4595
TP1_synth_reverse		35	T	2172	52	69	210	151	25	455994	458673	0	0	1	0	2	0	4592	4595
TP1_synth_reverse		36	C	276	457980	186	52	0	52	125	458671	0	4593	1	0	0	0	1	4595
TP1_synth_reverse		37	C	227	457910	71	304	0	25	115	458652	0	4594	1	0	0	0	0	4595
TP1_synth_reverse		38	T	1213	49	81	58	24	10	457204	458639	0	0	1	0	0	0	4594	4595
TP1_synth_reverse		39	C	219	457808	222	85	127	10	163	458634	0	4591	3	0	1	0	0	4595
TP1_synth_reverse		40	T	1022	54	200	76	5	101	457171	458629	0	0	3	0	0	0	4592	4595
TP1_synth_reverse		41	G	92	895	382	454935	201	28	2090	458623	0	0	5	4588	2	0	0	4595
TP1_synth_reverse		42	T	1914	54	199	85	20	28	456320	458620	0	0	2	0	0	0	4593	4595
TP1_synth_reverse		43	G	320	192	3	455459	255	57	2340	458626	2	0	0	4591	1	0	1	4595
TP1_synth_reverse		44	C	352	457270	158	224	183	5	451	458643	0	4586	2	2	1	0	4	4595
TP1_synth_reverse		45	G	204	123	186	455783	214	12	2116	458638	1	0	1	4592	1	0	0	4595
TP1_synth_reverse		46	C	649	457179	503	78	0	26	212	458647	0	4587	8	0	0	0	0	4595
TP1_synth_reverse		47	C	155	458039	107	26	47	9	264	458647	0	4590	2	0	1	0	2	4595
TP1_synth_reverse		48	G	113	865	318	454589	114	12	2622	458633	0	0	2	4590	1	0	2	4595
TP1_synth_reverse		49	A	457624	47	9	34	39	10	82	457845	4687	0	0	0	0	0	0	4687
TP1_synth_reverse		50	T	2061	51	35	22	476	26	455509	458180	0	0	0	0	5	0	4684	4689
TP1_synth_reverse		51	A	457611	34	64	48	298	42	83	458180	4686	0	1	0	2	0	0	4689
TP1_synth_reverse		52	C	410	456693	834	51	45	42	107	458182	0	4683	6	0	0	0	0	4689
TP1_synth_reverse		53	A	457711	14	246	84	43	28	69	458195	4687	0	2	0	0	0	0	4689
TP1_synth_reverse		54	G	214	244	479	456283	96	68	801	458185	0	0	3	4684	2	0	0	4689
TP1_synth_reverse		55	A	457230	97	618	177	0	49	53	458224	4686	0	3	1	0	0	0	4690
TP1_synth_reverse		56	A	458037	8	0	45	1	35	96	458222	4690	0	0	0	0	0	0	4690
TP1_synth_reverse		57	T	2334	39	330	118	35	14	455331	458201	0	0	2	0	0	0	4688	4690
TP1_synth_reverse		58	A	457883	5	44	77	1	35	152	458197	4689	0	0	0	0	0	1	4690
TP1_synth_reverse		59	T	1090	56	49	111	171	43	456663	458183	0	0	0	0	1	0	4689	4690
TP1_synth_reverse		60	C	1455	456149	299	45	111	63	44	458166	0	4687	2	0	1	0	0	4690
TP1_synth_reverse		61	T	716	38	176	598	1	84	456540	458153	0	0	0	0	0	0	4690	4690
TP1_synth_reverse		62	G	320	215	100	456701	23	61	730	458150	0	0	0	4689	0	0	1	4690
TP1_synth_reverse		63	T	3714	39	193	41	0	16	454151	458154	0	0	0	0	0	0	4690	4690
TP1_synth_reverse		64	T	1576	32	1	112	0	32	456393	458146	0	0	0	0	0	0	4690	4690
TP1_synth_reverse		65	C	526	457085	379	16	0	49	91	458146	0	4687	3	0	0	0	0	4690
TP1_synth_reverse		66	G	742	221	110	456262	0	32	775	458142	1	0	2	4686	0	0	1	4690
TP1_synth_reverse		67	C	629	456546	625	17	185	59	87	458148	0	4685	4	0	1	0	0	4690
TP1_synth_reverse		68	A	457472	360	118	105	0	51	42	458148	4689	0	1	0	0	0	0	4690
TP1_synth_reverse		69	C	73	457326	136	24	321	30	235	458145	0	4688	1	0	0	0	1	4690
TP1_synth_reverse		70	T	712	58	89	472	47	75	456683	458136	0	0	1	0	0	0	4689	4690
TP1_synth_reverse		71	C	183	456753	994	37	0	48	117	458132	0	4686	4	0	0	0	0	4690
TP1_synth_reverse		72	C	556	456524	414	34	0	55	538	458121	1	4685	2	0	0	0	2	4690
TP1_synth_reverse		73	G	446	203	716	456227	325	38	155	458110	0	0	5	4683	2	0	0	4690
TP1_synth_reverse		74	A	456919	154	618	63	282	48	25	458109	4684	0	5	0	1	0	0	4690
TP1_synth_reverse		75	G	685	284	529	456235	1	28	328	458090	1	1	3	4684	0	0	1	4690
TP1_synth_reverse		76	T	4418	43	35	53	109	72	453345	458075	0	0	1	0	0	0	4689	4690
TP1_synth_reverse		77	G	432	229	38	456628	0	38	697	458062	1	0	0	4688	0	0	1	4690
TP1_synth_reverse		78	C	183	456019	230	28	173	113	1313	458059	0	4686	1	0	0	0	3	4690
TP1_synth_reverse		79	G	162	934	407	455395	0	51	1055	458004	0	2	2	4686	0	0	0	4690
TP1_synth_reverse		80	G	691	157	1	456131	87	89	816	457972	2	0	0	4688	0	0	0	4690
TP1_synth_reverse		81	C	107	456668	375	39	539	133	101	457962	0	4687	2	0	1	0	0	4690
TP1_synth_reverse		82	A	439156	12	582	63	1	54	137	440005	4583	0	1	0	0	0	0	4584
TP1_synth_reverse		83	A	439799	18	7	32	0	42	106	440004	4584	0	0	0	0	0	0	4584
TP1_synth_reverse		84	A	439638	7	1	48	195	35	60	439984	4583	0	0	0	1	0	0	4584
TP1_synth_reverse		85	G	84	128	1	438921	58	9	666	439867	0	0	0	4584	0	0	0	4584
TP1_synth_reverse		86	C	163	439553	0	22	0	12	73	439823	0	4583	0	0	0	0	1	4584
TP1_synth_reverse		87	T	1238	37	123	26	1	87	438252	439764	0	0	0	0	0	0	4584	4584
TP1_synth_reverse		88	G	129	197	19	439172	26	23	166	439732	0	0	0	4584	0	0	0	4584
TP1_synth_reverse		89	T	629	48	240	12	0	48	438574	439551	0	0	1	0	0	0	4583	4584
TP1_synth_reverse		90	T	716	57	0	25	0	67	438486	439351	0	0	0	0	0	0	4584	4584
TP1_synth_reverse		91	C	336	438848	0	38	1	14	76	439313	1	4583	0	0	0	0	0	4584
TP1_synth_reverse		92	C	200	438460	0	17	0	48	123	438848	0	4584	0	0	0	0	0	4584
TP1_synth_reverse		93	G	288	99	0	437980	0	6	37	438410	0	0	0	4584	0	0	0	4584
TP1_synth_reverse		94	T	654	59	0	26	0	47	437497	438283	0	0	0	0	0	0	4584	4584
TP1_synth_reverse		95	C	0	437754	0	0	0	51	0	437805	0	4584	0	0	0	0	0	4584
TP1_synth_reverse		96	C	0	437301	0	0	0	5	0	437306	0	4584	0	0	0	0	0	4584
TP1_synth_reverse		97	C	0	436386	0	0	0	2	0	436388	0	4584	0	0	0	0	0	4584
TP1_synth_reverse		98	A	434780	0	0	0	0	0	0	434780	4584	0	0	0	0	0	0	4584
TP1_synth_reverse		99	G	0	0	0	434354	0	0	0	434354	0	0	0	4584	0	0	0	4584
