



























































































































































































































#AmpliconChromStart	Alias	Position	ProbableRef	rawA	rawC	rawD	rawG	rawI	rawN	rawT	rawDepth	consA	consC	consD	consG	consI	consN	consT	consDepth	
TP1_synth_reverse		1	G	0	0	0	436806	0	0	0	436806	0	0	0	8507	0	0	0	8507
TP1_synth_reverse		2	T	0	0	0	0	0	0	437610	437610	0	0	0	0	0	0	8511	8511
TP1_synth_reverse		3	G	0	0	0	438677	0	16	0	438693	0	0	0	8526	0	0	0	8526
TP1_synth_reverse		4	G	0	0	0	439291	0	13	0	439304	0	0	0	8533	0	0	0	8533
TP1_synth_reverse		5	T	0	0	0	0	0	42	439455	439497	0	0	0	0	0	0	8535	8535
TP1_synth_reverse		6	G	77	28	0	439723	0	58	95	439981	0	0	0	8539	0	0	0	8539
TP1_synth_reverse		7	A	440026	10	0	52	0	36	84	440208	8542	0	0	0	0	0	0	8542
TP1_synth_reverse		8	G	56	28	0	439835	0	181	233	440333	0	0	0	8547	0	0	1	8548
TP1_synth_reverse		9	G	72	64	0	440278	2	26	199	440641	0	0	0	8552	0	0	1	8553
TP1_synth_reverse		10	C	115	440080	279	21	0	7	154	440656	0	8552	1	0	0	0	0	8553
TP1_synth_reverse		11	T	144	68	175	14	339	21	439895	440656	0	0	1	0	1	0	8551	8553
TP1_synth_reverse		12	C	138	438580	1830	9	1	28	78	440664	0	8534	19	0	0	0	0	8553
TP1_synth_reverse		13	C	183	440211	2	13	0	136	119	440664	0	8553	0	0	0	0	0	8553
TP1_synth_reverse		14	C	144	440231	0	15	0	41	244	440675	0	8553	0	0	0	0	0	8553
TP1_synth_reverse		15	C	132	440300	1	8	137	10	87	440675	0	8552	0	0	1	0	0	8553
TP1_synth_reverse		16	T	280	44	700	16	0	15	439620	440675	0	0	14	0	0	0	8539	8553
TP1_synth_reverse		17	T	264	77	64	11	0	4	440265	440685	0	1	1	0	0	0	8551	8553
TP1_synth_reverse		18	T	233	64	1	6	0	13	440395	440712	0	0	0	0	0	0	8554	8554
TP1_synth_reverse		19	C	236	457490	477	21	0	64	361	458649	0	8585	7	0	0	0	3	8595
TP1_synth_reverse		20	T	352	209	266	44	0	57	457721	458649	0	1	4	0	0	0	8590	8595
TP1_synth_reverse		21	T	1205	63	0	55	13	25	457288	458649	0	0	0	0	0	0	8595	8595
TP1_synth_reverse		22	G	80	473	216	457629	24	13	226	458661	1	1	6	8587	0	0	1	8596
TP1_synth_reverse		23	C	368	457118	668	47	7	27	426	458661	0	8576	13	0	0	0	7	8596
TP1_synth_reverse		24	G	128	72	519	457651	0	19	277	458666	0	0	16	8580	0	0	0	8596
TP1_synth_reverse		25	G	365	295	127	457121	580	45	141	458674	0	1	5	8587	3	0	1	8597
TP1_synth_reverse		26	A	457757	14	520	77	220	6	80	458674	8582	0	13	0	2	0	0	8597
TP1_synth_reverse		27	G	38	174	121	457719	126	60	436	458674	0	0	3	8592	1	0	1	8597
TP1_synth_reverse		28	A	457775	59	650	52	76	17	57	458686	8588	0	8	0	2	0	0	8598
TP1_synth_reverse		29	T	415	46	416	503	1	80	457225	458686	0	0	8	0	0	0	8590	8598
TP1_synth_reverse		30	T	1929	61	14	41	0	34	456613	458692	0	0	0	0	0	0	8599	8599
TP1_synth_reverse		31	C	439	457506	327	98	24	52	236	458682	0	8592	4	1	0	0	2	8599
TP1_synth_reverse		32	T	666	39	1	80	79	4	457804	458673	0	0	0	0	3	0	8596	8599
TP1_synth_reverse		33	C	509	457858	1	24	199	16	64	458671	0	8597	0	0	3	0	0	8600
TP1_synth_reverse		34	T	1746	52	707	1228	1	34	454894	458662	0	0	8	0	0	0	8592	8600
TP1_synth_reverse		35	T	2172	52	69	210	151	25	455973	458652	0	0	1	0	2	0	8597	8600
TP1_synth_reverse		36	C	275	457960	186	52	0	52	125	458650	0	8596	3	0	0	0	1	8600
TP1_synth_reverse		37	C	227	457889	71	304	0	25	115	458631	0	8599	1	0	0	0	0	8600
TP1_synth_reverse		38	T	1212	49	81	58	24	10	457184	458618	0	0	1	0	0	0	8599	8600
TP1_synth_reverse		39	C	218	457788	222	85	127	10	163	458613	0	8595	3	0	1	0	1	8600
TP1_synth_reverse		40	T	1021	54	200	76	5	101	457151	458608	0	0	4	0	0	0	8596	8600
TP1_synth_reverse		41	G	92	894	382	454915	201	28	2090	458602	0	0	10	8588	2	0	0	8600
TP1_synth_reverse		42	T	1914	54	199	85	20	28	456299	458599	0	0	5	0	1	0	8594	8600
TP1_synth_reverse		43	G	320	192	3	455440	255	57	2338	458605	3	0	0	8595	1	0	1	8600
TP1_synth_reverse		44	C	352	457251	158	224	182	5	450	458622	0	8587	2	3	1	0	7	8600
TP1_synth_reverse		45	G	204	122	186	455767	214	12	2112	458617	2	0	1	8594	2	0	1	8600
TP1_synth_reverse		46	C	649	457158	503	78	0	26	212	458626	0	8585	13	0	0	0	2	8600
TP1_synth_reverse		47	C	154	458019	107	26	47	9	264	458626	0	8594	2	0	2	0	2	8600
TP1_synth_reverse		48	G	113	865	318	454571	114	12	2619	458612	0	0	9	8586	2	0	3	8600
TP1_synth_reverse		49	A	457603	47	9	34	39	10	82	457824	8739	0	0	0	2	0	0	8741
TP1_synth_reverse		50	T	2057	51	35	22	476	26	455492	458159	0	0	1	0	6	0	8737	8744
TP1_synth_reverse		51	A	457590	34	64	48	298	42	83	458159	8741	0	1	0	2	0	0	8744
TP1_synth_reverse		52	C	408	456674	834	51	45	42	107	458161	1	8732	9	0	1	0	1	8744
TP1_synth_reverse		53	A	457690	14	246	84	43	28	69	458174	8739	0	4	0	1	0	0	8744
TP1_synth_reverse		54	G	211	244	479	456265	96	68	801	458164	0	0	7	8734	2	0	1	8744
TP1_synth_reverse		55	A	457209	97	618	177	0	49	53	458203	8740	0	4	1	0	0	0	8745
TP1_synth_reverse		56	A	458016	8	0	45	1	35	96	458201	8745	0	0	0	0	0	0	8745
TP1_synth_reverse		57	T	2331	39	330	118	35	14	455313	458180	0	0	3	0	0	0	8742	8745
TP1_synth_reverse		58	A	457867	5	44	77	1	35	152	458181	8744	0	0	0	0	0	1	8745
TP1_synth_reverse		59	T	1089	56	49	111	171	43	456648	458167	0	0	2	0	2	0	8741	8745
TP1_synth_reverse		60	C	1450	456138	299	45	111	63	44	458150	0	8741	3	0	1	0	0	8745
TP1_synth_reverse		61	T	714	38	176	598	1	84	456526	458137	0	0	2	0	0	0	8743	8745
TP1_synth_reverse		62	G	319	215	100	456686	23	61	730	458134	0	0	1	8743	0	0	1	8745
TP1_synth_reverse		63	T	3714	39	193	41	0	16	454135	458138	0	0	1	0	0	0	8744	8745
TP1_synth_reverse		64	T	1576	32	1	112	0	32	456377	458130	0	0	0	0	0	0	8745	8745
TP1_synth_reverse		65	C	525	457070	379	16	0	49	91	458130	0	8741	4	0	0	0	0	8745
TP1_synth_reverse		66	G	740	221	110	456249	0	32	774	458126	1	0	4	8739	0	0	1	8745
TP1_synth_reverse		67	C	629	456530	625	17	185	59	87	458132	0	8737	6	0	1	0	2	8746
TP1_synth_reverse		68	A	457459	360	118	106	0	51	42	458136	8743	0	3	0	0	0	0	8746
TP1_synth_reverse		69	C	73	457315	136	24	321	30	234	458133	0	8740	5	0	0	0	1	8746
TP1_synth_reverse		70	T	711	58	89	472	47	75	456672	458124	0	0	5	0	0	0	8741	8746
TP1_synth_reverse		71	C	183	456741	994	37	0	48	117	458120	0	8742	4	0	0	0	0	8746
TP1_synth_reverse		72	C	556	456512	414	34	0	55	538	458109	1	8740	2	0	0	0	3	8746
TP1_synth_reverse		73	G	446	203	716	456215	325	38	155	458098	0	0	7	8736	3	0	0	8746
TP1_synth_reverse		74	A	456907	154	618	63	282	48	25	458097	8739	0	5	0	2	0	0	8746
TP1_synth_reverse		75	G	685	283	529	456224	1	28	328	458078	2	2	5	8736	0	0	1	8746
TP1_synth_reverse		76	T	4417	43	35	53	109	72	453334	458063	0	0	1	0	0	0	8745	8746
TP1_synth_reverse		77	G	432	229	38	456616	0	38	697	458050	1	0	1	8743	0	0	1	8746
TP1_synth_reverse		78	C	183	456007	230	28	173	113	1313	458047	0	8740	1	0	0	0	5	8746
TP1_synth_reverse		79	G	162	934	407	455384	0	51	1054	457992	0	2	2	8742	0	0	0	8746
TP1_synth_reverse		80	G	691	157	1	456119	87	89	816	457960	3	0	0	8742	0	0	1	8746
TP1_synth_reverse		81	C	107	456656	375	39	539	133	101	457950	0	8743	2	0	1	0	0	8746
TP1_synth_reverse		82	A	439144	12	582	63	1	54	137	439993	8558	0	3	0	0	0	0	8561
TP1_synth_reverse		83	A	439787	18	7	32	0	42	106	439992	8561	0	0	0	0	0	0	8561
TP1_synth_reverse		84	A	439626	7	1	48	195	35	60	439972	8560	0	0	0	1	0	0	8561
TP1_synth_reverse		85	G	84	128	1	438908	58	9	667	439855	0	0	0	8561	0	0	0	8561
TP1_synth_reverse		86	C	162	439542	0	22	0	12	73	439811	0	8560	0	0	0	0	1	8561
TP1_synth_reverse		87	T	1238	37	123	26	1	87	438240	439752	0	0	0	0	0	0	8561	8561
TP1_synth_reverse		88	G	129	197	19	439160	26	23	166	439720	0	0	0	8561	0	0	0	8561
TP1_synth_reverse		89	T	629	48	239	12	0	48	438563	439539	0	0	2	0	0	0	8559	8561
TP1_synth_reverse		90	T	716	57	0	25	0	67	438474	439339	0	0	0	0	0	0	8561	8561
TP1_synth_reverse		91	C	336	438836	0	38	1	14	76	439301	2	8559	0	0	0	0	0	8561
TP1_synth_reverse		92	C	200	438448	0	17	0	48	123	438836	0	8559	0	0	0	0	0	8559
TP1_synth_reverse		93	G	288	99	0	437968	0	6	37	438398	0	0	0	8558	0	0	0	8558
TP1_synth_reverse		94	T	654	59	0	26	0	47	437485	438271	0	0	0	0	0	0	8558	8558
TP1_synth_reverse		95	C	0	437742	0	0	0	51	0	437793	0	8557	0	0	0	0	0	8557
TP1_synth_reverse		96	C	0	437289	0	0	0	5	0	437294	0	8557	0	0	0	0	0	8557
TP1_synth_reverse		97	C	0	436374	0	0	0	2	0	436376	0	8552	0	0	0	0	0	8552
TP1_synth_reverse		98	A	434769	0	0	0	0	0	0	434769	8548	0	0	0	0	0	0	8548
TP1_synth_reverse		99	G	0	0	0	434343	0	0	0	434343	0	0	0	8548	0	0	0	8548
