



























































































































































































































#AmpliconChromStart	Alias	Position	ProbableRef	rawA	rawC	rawD	rawG	rawI	rawN	rawT	rawDepth	consA	consC	consD	consG	consI	consN	consT	consDepth
TP1_synth_reverse		1	G	0	0	0	436806	0	0	0	436806	0	0	0	6469	0	0	0	6469
TP1_synth_reverse		2	T	0	0	0	0	0	0	437610	437610	0	0	0	0	0	0	6473	6473
TP1_synth_reverse		3	G	0	0	0	438677	0	16	0	438693	0	0	0	6481	0	0	0	6481
TP1_synth_reverse		4	G	0	0	0	439291	0	13	0	439304	0	0	0	6487	0	0	0	6487
TP1_synth_reverse		5	T	0	0	0	0	0	42	439455	439497	0	0	0	0	0	0	6489	6489
TP1_synth_reverse		6	G	77	28	0	439723	0	58	95	439981	0	0	0	6491	0	0	0	6491
TP1_synth_reverse		7	A	440026	10	0	52	0	36	84	440208	6493	0	0	0	0	0	0	6493
TP1_synth_reverse		8	G	56	28	0	439835	0	181	233	440333	0	0	0	6496	0	0	1	6497
TP1_synth_reverse		9	G	72	64	0	440278	2	26	199	440641	0	0	0	6499	0	0	1	6500
TP1_synth_reverse		10	C	115	440080	279	21	0	7	154	440656	0	6499	1	0	0	0	0	6500
TP1_synth_reverse		11	T	144	68	175	14	339	21	439895	440656	0	0	1	0	1	0	6498	6500
TP1_synth_reverse		12	C	138	438580	1830	9	1	28	78	440664	0	6483	17	0	0	0	0	6500
TP1_synth_reverse		13	C	183	440223	2	13	0	136	119	440676	0	6500	0	0	0	0	0	6500
TP1_synth_reverse		14	C	144	440243	0	15	0	41	244	440687	0	6500	0	0	0	0	0	6500
TP1_synth_reverse		15	C	132	440312	1	8	137	10	87	440687	0	6499	0	0	1	0	0	6500
TP1_synth_reverse		16	T	280	44	700	16	0	15	439632	440687	0	0	9	0	0	0	6491	6500
TP1_synth_reverse		17	T	264	77	64	11	0	4	440277	440697	0	1	0	0	0	0	6499	6500
TP1_synth_reverse		18	T	233	64	1	6	0	13	440407	440724	0	0	0	0	0	0	6500	6500
TP1_synth_reverse		19	C	236	457502	477	21	0	64	361	458661	0	6513	7	0	0	0	3	6523
TP1_synth_reverse		20	T	352	209	266	44	0	57	457733	458661	0	1	3	0	0	0	6519	6523
TP1_synth_reverse		21	T	1206	63	0	55	13	25	457299	458661	0	0	0	0	0	0	6523	6523
TP1_synth_reverse		22	G	80	474	216	457640	24	13	226	458673	0	1	4	6517	0	0	1	6523
TP1_synth_reverse		23	C	368	457139	668	47	7	27	426	458682	0	6506	11	0	0	0	6	6523
TP1_synth_reverse		24	G	128	73	519	457671	0	19	277	458687	0	0	11	6512	0	0	0	6523
TP1_synth_reverse		25	G	365	295	127	457134	580	45	141	458687	0	1	5	6514	3	0	0	6523
TP1_synth_reverse		26	A	457770	14	520	77	220	6	80	458687	6510	0	11	0	2	0	0	6523
TP1_synth_reverse		27	G	38	174	121	457732	126	60	436	458687	0	0	2	6519	1	0	1	6523
TP1_synth_reverse		28	A	457788	59	650	52	76	17	57	458699	6515	0	8	0	1	0	0	6524
TP1_synth_reverse		29	T	415	46	417	503	1	80	457237	458699	0	0	5	0	0	0	6519	6524
TP1_synth_reverse		30	T	1926	61	14	41	0	34	456629	458705	0	0	0	0	0	0	6524	6524
TP1_synth_reverse		31	C	438	457520	327	98	24	52	236	458695	0	6517	4	1	0	0	2	6524
TP1_synth_reverse		32	T	667	39	1	80	79	4	457816	458686	0	0	0	0	2	0	6522	6524
TP1_synth_reverse		33	C	509	457871	1	24	199	16	64	458684	0	6522	0	0	2	0	0	6524
TP1_synth_reverse		34	T	1750	52	707	1228	1	34	454903	458675	0	0	7	0	0	0	6517	6524
TP1_synth_reverse		35	T	2172	52	69	210	151	25	455986	458665	0	0	1	0	2	0	6521	6524
TP1_synth_reverse		36	C	276	457972	186	52	0	52	125	458663	0	6520	3	0	0	0	1	6524
TP1_synth_reverse		37	C	227	457902	71	304	0	25	115	458644	0	6523	1	0	0	0	0	6524
TP1_synth_reverse		38	T	1212	49	81	58	24	10	457197	458631	0	0	1	0	0	0	6523	6524
TP1_synth_reverse		39	C	219	457800	222	85	127	10	163	458626	0	6520	3	0	1	0	0	6524
TP1_synth_reverse		40	T	1022	54	200	76	5	101	457163	458621	0	0	3	0	0	0	6521	6524
TP1_synth_reverse		41	G	92	895	382	454929	201	28	2088	458615	0	0	7	6515	2	0	0	6524
TP1_synth_reverse		42	T	1914	54	199	85	20	28	456312	458612	0	0	3	0	1	0	6520	6524
TP1_synth_reverse		43	G	320	191	3	455454	255	57	2338	458618	2	0	0	6520	1	0	1	6524
TP1_synth_reverse		44	C	351	457263	158	224	183	5	451	458635	0	6515	2	2	1	0	4	6524
TP1_synth_reverse		45	G	204	123	186	455776	214	12	2115	458630	1	0	1	6521	1	0	0	6524
TP1_synth_reverse		46	C	649	457161	503	78	0	26	212	458629	0	6512	11	0	0	0	1	6524
TP1_synth_reverse		47	C	155	458021	107	26	47	9	264	458629	0	6519	2	0	1	0	2	6524
TP1_synth_reverse		48	G	113	865	318	454573	114	12	2620	458615	0	0	4	6516	2	0	2	6524
TP1_synth_reverse		49	A	457606	47	9	34	39	10	82	457827	6645	0	0	0	0	0	0	6645
TP1_synth_reverse		50	T	2057	51	35	22	476	26	455495	458162	0	0	1	0	6	0	6640	6647
TP1_synth_reverse		51	A	457593	34	64	48	298	42	83	458162	6644	0	1	0	2	0	0	6647
TP1_synth_reverse		52	C	408	456677	834	51	45	42	107	458164	0	6638	8	0	1	0	0	6647
TP1_synth_reverse		53	A	457693	14	246	84	43	28	69	458177	6643	0	3	0	1	0	0	6647
TP1_synth_reverse		54	G	212	243	479	456269	96	68	800	458167	0	0	6	6639	2	0	0	6647
TP1_synth_reverse		55	A	457212	97	618	177	0	49	53	458206	6644	0	3	1	0	0	0	6648
TP1_synth_reverse		56	A	458019	8	0	45	1	35	96	458204	6648	0	0	0	0	0	0	6648
TP1_synth_reverse		57	T	2333	39	330	118	35	14	455314	458183	0	0	2	0	0	0	6646	6648
TP1_synth_reverse		58	A	457870	5	44	77	1	35	152	458184	6647	0	0	0	0	0	1	6648
TP1_synth_reverse		59	T	1089	56	49	111	171	43	456651	458170	0	0	0	0	1	0	6647	6648
TP1_synth_reverse		60	C	1454	456137	299	45	111	63	44	458153	0	6644	3	0	1	0	0	6648
TP1_synth_reverse		61	T	716	38	176	598	1	84	456527	458140	0	0	1	0	0	0	6647	6648
TP1_synth_reverse		62	G	320	215	100	456688	23	61	730	458137	0	0	0	6647	0	0	1	6648
TP1_synth_reverse		63	T	3712	39	193	41	0	16	454140	458141	0	0	0	0	0	0	6648	6648
TP1_synth_reverse		64	T	1575	32	1	112	0	32	456381	458133	0	0	0	0	0	0	6648	6648
TP1_synth_reverse		65	C	525	457073	379	16	0	49	91	458133	0	6645	3	0	0	0	0	6648
TP1_synth_reverse		66	G	742	221	110	456250	0	32	774	458129	1	0	3	6643	0	0	1	6648
TP1_synth_reverse		67	C	629	456533	625	17	185	59	87	458135	0	6643	4	0	1	0	0	6648
TP1_synth_reverse		68	A	457463	360	118	105	0	51	42	458139	6646	0	2	0	0	0	0	6648
TP1_synth_reverse		69	C	73	457317	136	24	321	30	235	458136	0	6644	3	0	0	0	1	6648
TP1_synth_reverse		70	T	711	57	89	472	47	75	456676	458127	0	0	3	0	0	0	6645	6648
TP1_synth_reverse		71	C	183	456744	994	37	0	48	117	458123	0	6644	4	0	0	0	0	6648
TP1_synth_reverse		72	C	556	456515	414	34	0	55	538	458112	1	6643	2	0	0	0	2	6648
TP1_synth_reverse		73	G	446	203	716	456218	325	38	155	458101	0	0	5	6641	2	0	0	6648
TP1_synth_reverse		74	A	456910	154	618	63	282	48	25	458100	6641	0	5	0	2	0	0	6648
TP1_synth_reverse		75	G	683	284	529	456229	1	28	327	458081	2	1	4	6640	0	0	1	6648
TP1_synth_reverse		76	T	4417	43	35	53	109	72	453337	458066	0	0	1	0	0	0	6647	6648
TP1_synth_reverse		77	G	432	228	38	456624	0	38	694	458054	1	0	0	6646	0	0	1	6648
TP1_synth_reverse		78	C	183	456011	230	28	173	113	1313	458051	0	6643	1	0	0	0	4	6648
TP1_synth_reverse		79	G	162	934	407	455392	0	51	1051	457997	0	2	2	6644	0	0	0	6648
TP1_synth_reverse		80	G	691	156	1	456127	87	89	814	457965	2	0	0	6646	0	0	0	6648
TP1_synth_reverse		81	C	106	456662	375	39	539	133	101	457955	0	6645	2	0	1	0	0	6648
TP1_synth_reverse		82	A	439149	12	582	63	1	54	137	439998	6499	0	3	0	0	0	0	6502
TP1_synth_reverse		83	A	439792	18	7	32	0	42	106	439997	6502	0	0	0	0	0	0	6502
TP1_synth_reverse		84	A	439631	7	1	48	195	35	60	439977	6501	0	0	0	1	0	0	6502
TP1_synth_reverse		85	G	84	128	1	438914	58	9	666	439860	0	0	0	6502	0	0	0	6502
TP1_synth_reverse		86	C	163	439546	0	22	0	12	73	439816	0	6501	0	0	0	0	1	6502
TP1_synth_reverse		87	T	1238	37	123	26	1	87	438245	439757	0	0	0	0	0	0	6502	6502
TP1_synth_reverse		88	G	129	197	19	439165	26	23	166	439725	0	0	0	6502	0	0	0	6502
TP1_synth_reverse		89	T	629	48	240	12	0	48	438567	439544	0	0	1	0	0	0	6501	6502
TP1_synth_reverse		90	T	716	57	0	25	0	67	438479	439344	0	0	0	0	0	0	6502	6502
TP1_synth_reverse		91	C	336	438841	0	38	1	14	76	439306	2	6500	0	0	0	0	0	6502
TP1_synth_reverse		92	C	200	438454	0	17	0	48	123	438842	0	6500	0	0	0	0	0	6500
TP1_synth_reverse		93	G	288	99	0	437974	0	6	37	438404	0	0	0	6499	0	0	0	6499
TP1_synth_reverse		94	T	654	59	0	26	0	47	437491	438277	0	0	0	0	0	0	6499	6499
TP1_synth_reverse		95	C	0	437748	0	0	0	51	0	437799	0	6498	0	0	0	0	0	6498
TP1_synth_reverse		96	C	0	437295	0	0	0	5	0	437300	0	6498	0	0	0	0	0	6498
TP1_synth_reverse		97	C	0	436380	0	0	0	2	0	436382	0	6498	0	0	0	0	0	6498
TP1_synth_reverse		98	A	434774	0	0	0	0	0	0	434774	6497	0	0	0	0	0	0	6497
TP1_synth_reverse		99	G	0	0	0	434348	0	0	0	434348	0	0	0	6497	0	0	0	6497
