



























































































































































































































#AmpliconChromStart	Alias	Position	ProbableRef	rawA	rawC	rawD	rawG	rawI	rawN	rawT	rawDepth	consA	consC	consD	consG	consI	consN	consT	consDepth	
TP1_synth_reverse		1	G	0	0	0	990484	0	0	0	990484	0	0	0	11434	0	0	0	11434
TP1_synth_reverse		2	T	0	0	0	0	0	0	992974	992974	0	0	0	0	0	0	11447	11447
TP1_synth_reverse		3	G	0	0	0	995899	0	95	0	995994	0	0	0	11474	0	0	0	11474
TP1_synth_reverse		4	G	0	0	0	996807	0	68	0	996875	0	0	0	11480	0	0	0	11480
TP1_synth_reverse		5	T	0	0	0	0	0	18	997944	997962	0	0	0	0	0	0	11487	11487
TP1_synth_reverse		6	G	106	85	0	998126	0	10	153	998480	0	0	0	11489	0	0	0	11489
TP1_synth_reverse		7	A	998573	20	0	127	0	61	143	998924	11495	0	0	0	0	0	0	11495
TP1_synth_reverse		8	G	114	91	0	999245	0	119	123	999692	0	0	0	11503	0	0	0	11503
TP1_synth_reverse		9	G	122	177	0	999458	87	32	153	1000029	0	0	0	11508	1	0	0	11509
TP1_synth_reverse		10	C	267	999431	103	28	2	40	158	1000029	0	11507	2	0	0	0	0	11509
TP1_synth_reverse		11	T	229	150	238	12	369	34	999021	1000053	0	0	1	0	2	0	11506	11509
TP1_synth_reverse		12	C	350	996757	2700	26	1	66	165	1000065	0	11495	14	0	0	0	0	11509
TP1_synth_reverse		13	C	485	999121	201	27	1	111	173	1000119	0	11508	1	0	0	0	1	11510
TP1_synth_reverse		14	C	455	999343	85	29	0	36	171	1000119	0	11508	1	0	0	0	1	11510
TP1_synth_reverse		15	C	312	999179	342	43	20	80	143	1000119	0	11508	2	0	0	0	0	11510
TP1_synth_reverse		16	T	415	93	2949	20	0	227	996415	1000119	0	0	29	0	0	0	11481	11510
TP1_synth_reverse		17	T	372	129	259	11	0	60	999288	1000119	0	1	1	0	0	0	11508	11510
TP1_synth_reverse		18	T	380	163	260	10	172	81	999053	1000119	0	0	1	0	1	0	11508	11510
TP1_synth_reverse		19	C	410	998798	919	15	44	79	113	1000378	0	11495	15	0	1	0	0	11511
TP1_synth_reverse		20	T	260	132	1134	19	1	38	998794	1000378	0	0	19	0	0	0	11492	11511
TP1_synth_reverse		21	T	578	218	130	179	586	120	998567	1000378	1	0	3	1	6	0	11500	11511
TP1_synth_reverse		22	G	146	519	1109	997851	292	32	429	1000378	0	0	10	11499	1	0	1	11511
TP1_synth_reverse		23	C	648	997171	1175	50	745	29	560	1000378	0	11491	13	0	6	0	1	11511
TP1_synth_reverse		24	G	239	196	1181	997833	1	54	874	1000378	0	0	11	11499	0	0	1	11511
TP1_synth_reverse		25	G	142	761	776	997931	81	150	537	1000378	0	0	8	11499	3	0	1	11511
TP1_synth_reverse		26	A	997639	19	2295	196	12	45	172	1000378	11493	0	18	0	0	0	0	11511
TP1_synth_reverse		27	G	83	859	1751	996521	610	35	519	1000378	0	0	17	11486	6	0	2	11511
TP1_synth_reverse		28	A	998269	45	1265	116	522	49	112	1000378	11496	0	11	0	4	0	0	11511
TP1_synth_reverse		29	T	322	109	1825	169	1	165	997971	1000562	0	0	21	1	0	0	11491	11513
TP1_synth_reverse		30	T	1127	135	2004	70	5	153	997068	1000562	0	1	21	0	0	0	11491	11513
TP1_synth_reverse		31	C	598	996101	2556	118	415	93	371	1000252	0	11483	24	1	2	0	2	11512
TP1_synth_reverse		32	T	685	107	2741	67	4	394	995894	999892	0	0	29	0	0	0	11482	11511
TP1_synth_reverse		33	C	605	995412	2629	53	602	161	92	999554	1	11482	24	0	4	0	0	11511
TP1_synth_reverse		34	T	817	178	2625	130	2	105	994941	998798	0	0	23	0	0	0	11488	11511
TP1_synth_reverse		35	T	1692	113	1535	67	10	108	995255	998780	0	0	16	0	0	0	11495	11511
TP1_synth_reverse		36	C	648	995942	1924	26	2	75	100	998717	0	11490	20	0	0	0	0	11510
TP1_synth_reverse		37	C	707	995712	1882	67	27	83	222	998700	0	11491	17	0	1	0	1	11510
TP1_synth_reverse		38	T	870	100	2201	264	241	36	994874	998586	0	0	20	0	4	0	11486	11510
TP1_synth_reverse		39	C	486	996145	1810	56	74	94	101	998766	0	11491	18	0	2	0	0	11511
TP1_synth_reverse		40	T	1551	116	2029	36	544	185	993935	998396	0	0	20	0	2	0	11488	11510
TP1_synth_reverse		41	G	791	686	1987	994448	26	41	403	998382	3	0	20	11486	1	0	0	11510
TP1_synth_reverse		42	T	2513	319	2834	23	303	71	992206	998269	0	1	21	0	2	0	11487	11511
TP1_synth_reverse		43	G	531	551	3252	992453	4	451	806	998048	0	0	29	11479	0	0	3	11511
TP1_synth_reverse		44	C	642	992815	3379	72	95	192	1036	998231	0	11469	32	0	2	0	9	11512
TP1_synth_reverse		45	G	464	384	3282	991538	314	70	2001	998053	2	0	29	11476	4	0	1	11512
TP1_synth_reverse		46	C	919	993697	2816	476	0	11	132	998051	2	11480	27	3	0	0	0	11512
TP1_synth_reverse		47	C	381	993673	3155	55	257	24	446	997991	0	11483	26	0	2	0	1	11512
TP1_synth_reverse		48	G	394	843	4247	991152	115	54	1210	998015	1	0	38	11473	2	0	0	11514
TP1_synth_reverse		49	A	994176	43	3280	103	20	233	153	998008	11486	0	27	0	0	0	0	11513
TP1_synth_reverse		50	T	1136	96	2447	159	66	163	993913	997980	0	0	24	0	1	0	11488	11513
TP1_synth_reverse		51	A	995316	56	2359	127	22	121	152	998153	11488	0	29	0	0	0	0	11517
TP1_synth_reverse		52	C	622	993309	2943	324	340	335	242	998115	0	11485	26	2	2	0	1	11516
TP1_synth_reverse		53	A	994079	37	2798	231	356	365	158	998024	11484	0	26	0	3	0	0	11513
TP1_synth_reverse		54	G	188	308	1893	995001	8	103	303	997804	0	0	21	11492	0	0	0	11513
TP1_synth_reverse		55	A	994162	152	3083	199	0	157	99	997852	11476	1	34	1	0	0	0	11512
TP1_synth_reverse		56	A	994948	14	2233	188	0	95	142	997620	11488	0	23	0	0	0	0	11511
TP1_synth_reverse		57	T	2011	65	2586	264	138	246	992380	997690	0	0	29	0	2	0	11484	11515
TP1_synth_reverse		58	A	994134	11	2854	104	0	318	273	997694	11485	0	30	0	0	0	2	11517
TP1_synth_reverse		59	T	1089	79	3453	121	60	453	992805	998060	0	0	34	0	1	0	11484	11519
TP1_synth_reverse		60	C	1041	994635	2229	108	3	323	74	998413	0	11493	29	1	0	0	0	11523
TP1_synth_reverse		61	T	1464	170	1340	132	76	239	995028	998449	0	1	16	2	1	0	11503	11523
TP1_synth_reverse		62	G	488	301	1115	995597	16	348	557	998422	1	0	15	11506	0	0	1	11523
TP1_synth_reverse		63	T	2348	90	1182	42	0	167	995170	998999	0	0	15	1	0	0	11511	11527
TP1_synth_reverse		64	T	2120	89	1046	52	0	65	996269	999641	0	0	14	1	0	0	11513	11528
TP1_synth_reverse		65	C	1389	993843	3525	48	487	173	162	999627	0	11501	25	0	2	0	0	11528
TP1_synth_reverse		66	G	387	441	1839	996399	10	77	440	999593	1	0	20	11507	0	0	0	11528
TP1_synth_reverse		67	C	1003	996532	1881	83	13	225	105	999842	1	11512	18	1	0	0	0	11532
TP1_synth_reverse		68	A	998086	273	1171	175	7	115	80	999907	11518	0	16	0	0	0	0	11534
TP1_synth_reverse		69	C	378	997548	1624	44	126	88	245	1000053	0	11520	13	0	0	0	2	11535
TP1_synth_reverse		70	T	1520	139	1285	58	16	124	997223	1000365	2	0	11	0	0	0	11523	11536
TP1_synth_reverse		71	C	451	997505	1808	64	1	358	170	1000357	0	11519	16	0	0	0	1	11536
TP1_synth_reverse		72	C	889	997834	1204	60	4	137	202	1000330	0	11529	7	0	0	0	0	11536
TP1_synth_reverse		73	G	251	672	3139	995555	1	343	348	1000309	2	0	19	11515	0	0	0	11536
TP1_synth_reverse		74	A	996141	52	2727	847	312	141	66	1000286	11511	0	19	2	4	0	0	11536
TP1_synth_reverse		75	G	331	439	1840	997237	1	90	324	1000262	2	0	9	11524	0	0	1	11536
TP1_synth_reverse		76	T	1130	119	1665	59	386	76	996801	1000236	0	0	7	0	3	0	11526	11536
TP1_synth_reverse		77	G	111	388	1752	997656	3	61	242	1000213	0	0	10	11526	0	0	0	11536
TP1_synth_reverse		78	C	548	995874	2052	36	36	544	1115	1000205	0	11518	10	0	0	0	8	11536
TP1_synth_reverse		79	G	374	722	407	998027	0	172	491	1000193	0	0	4	11531	0	0	1	11536
TP1_synth_reverse		80	G	515	286	242	998500	3	158	453	1000157	3	0	2	11530	0	0	1	11536
TP1_synth_reverse		81	C	473	996912	2103	268	86	104	174	1000120	2	11516	15	1	2	0	0	11536
TP1_synth_reverse		82	A	996509	227	2735	196	0	96	140	999903	11520	1	15	0	0	0	0	11536
TP1_synth_reverse		83	A	999371	54	6	104	0	248	116	999899	11536	0	0	0	0	0	0	11536
TP1_synth_reverse		84	A	999112	61	0	241	93	259	72	999838	11535	0	0	1	0	0	0	11536
TP1_synth_reverse		85	G	164	362	221	998414	189	147	210	999707	0	0	1	11533	2	0	0	11536
TP1_synth_reverse		86	C	696	998583	28	93	0	82	169	999651	0	11535	0	0	0	0	1	11536
TP1_synth_reverse		87	T	1372	116	47	31	14	352	997631	999563	1	0	1	0	0	0	11534	11536
TP1_synth_reverse		88	G	319	454	4	998142	111	188	280	999498	1	0	0	11535	0	0	0	11536
TP1_synth_reverse		89	T	734	126	340	21	0	58	998180	999459	0	0	2	0	0	0	11534	11536
TP1_synth_reverse		90	T	721	139	0	19	1	93	998206	999179	0	0	0	0	0	0	11535	11535
TP1_synth_reverse		91	C	695	997756	0	86	2	332	112	998983	0	11535	0	0	0	0	0	11535
TP1_synth_reverse		92	C	443	997132	0	168	0	424	259	998426	0	11535	0	0	0	0	0	11535
TP1_synth_reverse		93	G	411	474	0	995617	0	205	187	996894	0	0	0	11531	0	0	1	11532
TP1_synth_reverse		94	T	597	130	0	56	0	86	995414	996283	0	0	0	0	0	0	11531	11531
TP1_synth_reverse		95	C	0	995515	0	0	0	193	0	995708	0	11531	0	0	0	0	0	11531
TP1_synth_reverse		96	C	0	994583	0	0	0	104	0	994687	0	11531	0	0	0	0	0	11531
TP1_synth_reverse		97	C	0	992891	0	0	1	178	0	993070	0	11529	0	0	0	0	0	11529
TP1_synth_reverse		98	A	989391	0	0	0	0	0	0	989391	11523	0	0	0	0	0	0	11523
TP1_synth_reverse		99	G	0	0	0	987247	1	0	0	987248	0	0	0	11520	0	0	0	11520
