



























































































































































































































#AmpliconChromStart	Alias	Position	ProbableRef	rawA	rawC	rawD	rawG	rawI	rawN	rawT	rawDepth	consA	consC	consD	consG	consI	consN	consT	consDepth
TP1_synth_reverse		1	G	0	0	0	682832	0	0	0	682832	0	0	0	5569	0	0	0	5569
TP1_synth_reverse		2	T	0	0	0	0	0	0	684821	684821	0	0	0	0	0	0	5575	5575
TP1_synth_reverse		3	G	0	0	0	687284	0	140	0	687424	0	0	0	5589	0	0	0	5589
TP1_synth_reverse		4	G	0	0	0	689369	0	60	0	689429	0	0	0	5601	0	0	0	5601
TP1_synth_reverse		5	T	0	0	0	0	0	193	689691	689884	0	0	0	0	0	0	5603	5603
TP1_synth_reverse		6	G	115	74	0	690244	0	34	143	690610	0	0	0	5604	0	0	1	5605
TP1_synth_reverse		7	A	691297	25	0	98	0	11	105	691536	5609	0	0	0	0	0	0	5609
TP1_synth_reverse		8	G	104	72	0	690821	0	86	564	691647	0	0	0	5608	0	0	3	5611
TP1_synth_reverse		9	G	137	127	0	691620	0	11	131	692026	1	0	0	5612	0	0	0	5613
TP1_synth_reverse		10	C	291	691121	470	21	1	14	150	692068	0	5612	0	0	0	0	1	5613
TP1_synth_reverse		11	T	326	99	619	20	23	38	690943	692068	0	0	1	0	0	0	5612	5613
TP1_synth_reverse		12	C	327	689461	2053	25	0	73	146	692085	0	5603	10	0	0	0	0	5613
TP1_synth_reverse		13	C	405	691426	1	25	0	129	125	692111	0	5613	0	0	0	0	0	5613
TP1_synth_reverse		14	C	325	691577	0	25	0	62	122	692111	0	5613	0	0	0	0	0	5613
TP1_synth_reverse		15	C	276	691591	0	57	4	60	123	692111	0	5613	0	0	0	0	0	5613
TP1_synth_reverse		16	T	578	84	43	35	0	39	691332	692111	0	0	0	0	0	0	5613	5613
TP1_synth_reverse		17	T	688	89	1	34	0	161	691149	692122	0	0	0	0	0	0	5613	5613
TP1_synth_reverse		18	T	528	105	0	23	0	121	691354	692131	0	0	0	0	0	0	5613	5613
TP1_synth_reverse		19	C	505	691027	523	40	2	94	621	692812	0	5608	4	0	0	0	2	5614
TP1_synth_reverse		20	T	613	77	776	42	0	42	691262	692812	0	0	4	0	0	0	5610	5614
TP1_synth_reverse		21	T	2097	121	0	87	0	183	690324	692812	0	0	0	0	0	0	5614	5614
TP1_synth_reverse		22	G	163	730	45	691484	0	126	282	692830	0	0	0	5613	0	0	1	5614
TP1_synth_reverse		23	C	917	687259	1522	1501	376	107	1163	692845	1	5593	10	4	3	0	3	5614
TP1_synth_reverse		24	G	325	143	882	690975	2	69	455	692851	2	0	2	5609	0	0	1	5614
TP1_synth_reverse		25	G	232	458	3	691266	147	69	676	692851	0	0	0	5607	3	0	4	5614
TP1_synth_reverse		26	A	691993	18	9	132	475	115	109	692851	5612	0	0	0	2	0	0	5614
TP1_synth_reverse		27	G	76	178	1	691015	1	71	1509	692851	0	0	0	5609	0	0	5	5614
TP1_synth_reverse		28	A	692073	90	489	71	1	47	92	692863	5611	0	3	0	0	0	0	5614
TP1_synth_reverse		29	T	804	101	330	49	0	10	691569	692863	0	0	4	0	0	0	5610	5614
TP1_synth_reverse		30	T	2856	107	179	12	0	53	689656	692863	0	0	2	0	0	0	5612	5614
TP1_synth_reverse		31	C	823	689059	2744	48	0	18	155	692847	1	5593	19	0	0	0	1	5614
TP1_synth_reverse		32	T	1034	79	209	44	9	57	691403	692835	0	0	2	0	0	0	5612	5614
TP1_synth_reverse		33	C	846	690952	819	38	54	24	94	692827	0	5608	5	0	1	0	0	5614
TP1_synth_reverse		34	T	1313	326	449	478	0	21	690239	692826	0	1	4	3	0	0	5606	5614
TP1_synth_reverse		35	T	3240	82	0	84	724	54	688626	692810	0	0	0	0	5	0	5609	5614
TP1_synth_reverse		36	C	657	691760	209	34	4	48	104	692816	0	5612	2	0	0	0	0	5614
TP1_synth_reverse		37	C	1056	690940	4	57	0	42	708	692807	1	5609	0	0	0	0	4	5614
TP1_synth_reverse		38	T	1599	62	681	41	0	95	690318	692796	0	0	3	0	0	0	5611	5614
TP1_synth_reverse		39	C	440	692100	47	42	23	30	110	692792	0	5612	2	0	0	0	0	5614
TP1_synth_reverse		40	T	1609	194	449	51	26	28	690430	692787	0	1	1	0	1	0	5611	5614
TP1_synth_reverse		41	G	135	1450	9	689015	2	17	2146	692774	0	0	0	5613	0	0	1	5614
TP1_synth_reverse		42	T	2794	124	199	34	277	124	689217	692769	0	0	4	0	3	0	5607	5614
TP1_synth_reverse		43	G	186	1465	368	689893	3	80	784	692779	1	0	5	5608	0	0	0	5614
TP1_synth_reverse		44	C	970	690209	537	69	0	100	892	692777	2	5602	7	1	0	0	2	5614
TP1_synth_reverse		45	G	427	396	928	687869	0	68	3077	692765	6	0	4	5604	0	0	0	5614
TP1_synth_reverse		46	C	1291	690328	700	245	0	35	188	692787	0	5607	3	2	0	0	2	5614
TP1_synth_reverse		47	C	548	691502	0	47	1	12	676	692786	2	5610	0	0	0	0	2	5614
TP1_synth_reverse		48	G	174	1350	529	687999	0	2	2728	692782	0	0	3	5611	0	0	0	5614
TP1_synth_reverse		49	A	692485	52	13	46	37	37	147	692817	5613	0	0	0	1	0	0	5614
TP1_synth_reverse		50	T	2825	94	2	29	337	32	689495	692814	0	0	0	0	2	0	5612	5614
TP1_synth_reverse		51	A	692330	58	214	87	2	49	99	692839	5612	0	2	0	0	0	0	5614
TP1_synth_reverse		52	C	661	690848	645	46	308	47	274	692829	0	5602	6	0	5	0	1	5614
TP1_synth_reverse		53	A	692473	35	60	134	1	37	112	692852	5613	0	1	0	0	0	0	5614
TP1_synth_reverse		54	G	208	437	255	690975	456	17	495	692843	0	0	5	5606	3	0	0	5614
TP1_synth_reverse		55	A	692446	180	68	111	0	32	88	692925	5614	0	1	0	0	0	0	5615
TP1_synth_reverse		56	A	692559	23	72	105	1	42	121	692923	5615	0	0	0	0	0	0	5615
TP1_synth_reverse		57	T	3709	45	688	147	1296	39	686976	692900	0	0	1	0	2	0	5612	5615
TP1_synth_reverse		58	A	692716	17	11	63	0	46	110	692963	5616	0	0	0	0	0	0	5616
TP1_synth_reverse		59	T	2379	52	1	97	406	16	689992	692943	0	0	0	0	2	0	5614	5616
TP1_synth_reverse		60	C	1671	690696	306	91	28	47	84	692923	0	5607	9	0	0	0	0	5616
TP1_synth_reverse		61	T	1867	90	847	267	72	20	689765	692928	0	1	6	0	3	0	5607	5617
TP1_synth_reverse		62	G	820	332	569	690311	0	98	806	692936	1	0	4	5613	0	0	0	5618
TP1_synth_reverse		63	T	4594	60	1033	38	0	38	687219	692982	1	0	4	0	0	0	5614	5619
TP1_synth_reverse		64	T	2776	60	1	95	0	89	689976	692997	0	0	0	0	0	0	5620	5620
TP1_synth_reverse		65	C	711	690487	1130	62	0	104	513	693007	0	5616	4	0	0	0	1	5621
TP1_synth_reverse		66	G	606	418	805	690112	269	46	745	693001	0	0	1	5618	2	0	0	5621
TP1_synth_reverse		67	C	1133	691202	117	25	0	156	401	693034	0	5621	1	0	0	0	0	5622
TP1_synth_reverse		68	A	691660	470	438	150	100	122	92	693032	5620	0	1	0	1	0	0	5622
TP1_synth_reverse		69	C	232	692213	325	42	0	62	152	693026	0	5619	1	0	0	0	2	5622
TP1_synth_reverse		70	T	1327	107	6	201	352	33	690988	693014	0	0	0	0	2	0	5620	5622
TP1_synth_reverse		71	C	383	691479	974	48	0	11	117	693012	0	5619	3	0	0	0	0	5622
TP1_synth_reverse		72	C	1017	690984	2	80	539	53	330	693005	0	5616	0	0	2	0	4	5622
TP1_synth_reverse		73	G	662	360	701	690897	4	174	187	692985	0	0	1	5621	0	0	0	5622
TP1_synth_reverse		74	A	692314	124	313	94	14	99	26	692984	5622	0	0	0	0	0	0	5622
TP1_synth_reverse		75	G	179	313	609	691630	0	23	217	692971	0	0	5	5617	0	0	0	5622
TP1_synth_reverse		76	T	3564	93	23	60	29	25	689162	692956	0	0	0	0	0	0	5622	5622
TP1_synth_reverse		77	G	130	460	9	690320	1091	35	898	692943	0	0	0	5619	3	0	0	5622
TP1_synth_reverse		78	C	485	690683	849	45	59	57	757	692935	0	5618	1	0	1	0	2	5622
TP1_synth_reverse		79	G	894	980	700	689608	1	168	575	692926	1	0	1	5620	0	0	0	5622
TP1_synth_reverse		80	G	993	254	1	691162	4	202	297	692913	3	0	0	5619	0	0	0	5622
TP1_synth_reverse		81	C	760	690028	781	82	854	156	244	692905	2	5611	4	0	4	0	1	5622
TP1_synth_reverse		82	A	691301	58	554	133	0	87	131	692264	5621	0	1	0	0	0	0	5622
TP1_synth_reverse		83	A	691721	88	30	134	0	203	80	692256	5622	0	0	0	0	0	0	5622
TP1_synth_reverse		84	A	691786	55	22	223	18	62	45	692211	5622	0	0	0	0	0	0	5622
TP1_synth_reverse		85	G	131	320	22	691199	133	107	193	692105	0	0	0	5622	0	0	0	5622
TP1_synth_reverse		86	C	353	691482	1	29	0	57	119	692041	0	5622	0	0	0	0	0	5622
TP1_synth_reverse		87	T	1515	96	0	96	0	71	690157	691935	0	0	0	0	0	0	5622	5622
TP1_synth_reverse		88	G	536	419	155	690452	75	93	158	691888	0	0	2	5620	0	0	0	5622
TP1_synth_reverse		89	T	1106	93	1226	42	0	273	689086	691826	0	0	2	0	0	0	5620	5622
TP1_synth_reverse		90	T	1252	105	4	41	0	156	690020	691578	0	0	0	0	0	0	5622	5622
TP1_synth_reverse		91	C	658	690544	0	84	0	28	171	691485	1	5621	0	0	0	0	0	5622
TP1_synth_reverse		92	C	374	689501	0	419	0	63	232	690589	0	5622	0	0	0	0	0	5622
TP1_synth_reverse		93	G	491	194	0	688928	0	93	126	689832	1	0	0	5621	0	0	0	5622
TP1_synth_reverse		94	T	921	81	0	105	0	177	688319	689603	0	0	0	0	0	0	5622	5622
TP1_synth_reverse		95	C	0	689020	0	0	0	105	0	689125	0	5622	0	0	0	0	0	5622
TP1_synth_reverse		96	C	0	688434	0	0	0	49	0	688483	0	5622	0	0	0	0	0	5622
TP1_synth_reverse		97	C	0	686545	0	0	0	143	0	686688	0	5620	0	0	0	0	0	5620
TP1_synth_reverse		98	A	684470	0	0	0	0	0	0	684470	5619	0	0	0	0	0	0	5619
TP1_synth_reverse		99	G	0	0	0	683636	1	0	0	683637	0	0	0	5619	0	0	0	5619
