



























































































































































































































#AmpliconChromStart	Alias	Position	ProbableRef	rawA	rawC	rawD	rawG	rawI	rawN	rawT	rawDepth	consA	consC	consD	consG	consI	consN	consT	consDepth	
TP1_synth_reverse		1	G	0	0	0	682832	0	0	0	682832	0	0	0	6709	0	0	0	6709
TP1_synth_reverse		2	T	0	0	0	0	0	0	684821	684821	0	0	0	0	0	0	6716	6716
TP1_synth_reverse		3	G	0	0	0	687284	0	140	0	687424	0	0	0	6732	0	0	0	6732
TP1_synth_reverse		4	G	0	0	0	689369	0	60	0	689429	0	0	0	6745	0	0	0	6745
TP1_synth_reverse		5	T	0	0	0	0	0	193	689691	689884	0	0	0	0	0	0	6747	6747
TP1_synth_reverse		6	G	115	74	0	690244	0	34	143	690610	0	0	0	6749	0	0	1	6750
TP1_synth_reverse		7	A	691297	25	0	98	0	11	105	691536	6754	0	0	0	0	0	0	6754
TP1_synth_reverse		8	G	104	72	0	690821	0	86	564	691647	0	0	0	6754	0	0	3	6757
TP1_synth_reverse		9	G	137	127	0	691620	0	11	131	692026	1	0	0	6758	0	0	0	6759
TP1_synth_reverse		10	C	291	691121	470	21	1	14	150	692068	0	6758	0	0	0	0	1	6759
TP1_synth_reverse		11	T	326	99	619	20	23	38	690943	692068	0	0	1	0	0	0	6758	6759
TP1_synth_reverse		12	C	327	689444	2053	25	0	73	146	692068	0	6748	11	0	0	0	0	6759
TP1_synth_reverse		13	C	405	691409	1	25	0	129	125	692094	0	6759	0	0	0	0	0	6759
TP1_synth_reverse		14	C	325	691560	0	25	0	62	122	692094	0	6759	0	0	0	0	0	6759
TP1_synth_reverse		15	C	276	691574	0	57	4	60	123	692094	0	6759	0	0	0	0	0	6759
TP1_synth_reverse		16	T	578	84	43	35	0	39	691315	692094	0	0	0	0	0	0	6759	6759
TP1_synth_reverse		17	T	687	89	1	34	0	161	691133	692105	0	0	0	0	0	0	6759	6759
TP1_synth_reverse		18	T	528	105	0	23	0	121	691337	692114	0	0	0	0	0	0	6759	6759
TP1_synth_reverse		19	C	505	691010	523	40	2	94	621	692795	0	6754	4	0	0	0	2	6760
TP1_synth_reverse		20	T	612	77	776	42	0	42	691246	692795	0	0	4	0	0	0	6756	6760
TP1_synth_reverse		21	T	2094	121	0	87	0	183	690310	692795	0	0	0	0	0	0	6760	6760
TP1_synth_reverse		22	G	163	728	45	691470	0	126	281	692813	0	0	0	6760	0	0	1	6761
TP1_synth_reverse		23	C	917	687227	1522	1501	376	107	1163	692813	1	6737	11	4	4	0	4	6761
TP1_synth_reverse		24	G	325	141	882	690945	2	69	455	692819	3	0	3	6753	0	0	2	6761
TP1_synth_reverse		25	G	231	457	3	691246	147	69	676	692829	0	0	0	6750	3	0	8	6761
TP1_synth_reverse		26	A	691971	18	9	132	475	115	109	692829	6759	0	0	0	2	0	0	6761
TP1_synth_reverse		27	G	76	178	1	690993	1	71	1509	692829	0	0	0	6756	0	0	5	6761
TP1_synth_reverse		28	A	692051	90	489	71	1	47	92	692841	6757	0	4	0	0	0	0	6761
TP1_synth_reverse		29	T	802	101	330	49	0	10	691549	692841	0	0	4	0	0	0	6757	6761
TP1_synth_reverse		30	T	2855	107	179	12	0	53	689635	692841	0	0	2	0	0	0	6759	6761
TP1_synth_reverse		31	C	821	689039	2744	48	0	18	155	692825	1	6737	22	0	0	0	1	6761
TP1_synth_reverse		32	T	1032	79	209	44	9	57	691383	692813	0	0	2	0	0	0	6759	6761
TP1_synth_reverse		33	C	846	690930	819	38	54	24	94	692805	0	6755	5	0	1	0	0	6761
TP1_synth_reverse		34	T	1312	326	449	478	0	21	690218	692804	0	1	4	4	0	0	6752	6761
TP1_synth_reverse		35	T	3237	82	0	84	724	54	688607	692788	0	0	0	0	6	0	6755	6761
TP1_synth_reverse		36	C	657	691738	209	34	4	48	104	692794	1	6757	3	0	0	0	0	6761
TP1_synth_reverse		37	C	1053	690921	4	57	0	42	708	692785	2	6755	0	0	0	0	4	6761
TP1_synth_reverse		38	T	1598	62	681	41	0	95	690297	692774	0	0	4	0	0	0	6757	6761
TP1_synth_reverse		39	C	441	692077	47	42	23	30	110	692770	0	6759	2	0	0	0	0	6761
TP1_synth_reverse		40	T	1609	194	449	51	26	28	690408	692765	0	1	1	0	1	0	6758	6761
TP1_synth_reverse		41	G	135	1446	9	688998	2	17	2145	692752	0	0	0	6760	0	0	1	6761
TP1_synth_reverse		42	T	2791	124	199	34	277	124	689198	692747	0	1	4	0	4	0	6752	6761
TP1_synth_reverse		43	G	186	1462	368	689875	3	80	783	692757	2	0	7	6752	0	0	0	6761
TP1_synth_reverse		44	C	970	690208	536	69	0	100	892	692775	2	6748	8	1	0	0	2	6761
TP1_synth_reverse		45	G	427	397	928	687869	0	68	3074	692763	6	0	4	6751	0	0	0	6761
TP1_synth_reverse		46	C	1290	690327	700	245	0	35	188	692785	0	6753	3	3	0	0	2	6761
TP1_synth_reverse		47	C	550	691498	0	47	1	12	676	692784	2	6757	0	0	0	0	2	6761
TP1_synth_reverse		48	G	175	1350	529	687999	0	2	2725	692780	0	0	3	6758	0	0	0	6761
TP1_synth_reverse		49	A	692483	52	13	46	37	37	147	692815	6760	0	0	0	1	0	0	6761
TP1_synth_reverse		50	T	2828	94	2	29	337	32	689490	692812	0	0	0	0	2	0	6759	6761
TP1_synth_reverse		51	A	692301	58	214	87	2	49	99	692810	6759	0	2	0	0	0	0	6761
TP1_synth_reverse		52	C	660	690823	644	46	308	47	274	692802	1	6746	7	0	5	0	2	6761
TP1_synth_reverse		53	A	692446	35	60	134	1	37	112	692825	6760	0	1	0	0	0	0	6761
TP1_synth_reverse		54	G	203	438	255	690950	456	17	497	692816	0	0	5	6752	4	0	0	6761
TP1_synth_reverse		55	A	692419	180	68	111	0	32	88	692898	6761	0	1	0	0	0	0	6762
TP1_synth_reverse		56	A	692532	23	72	105	1	42	121	692896	6762	0	0	0	0	0	0	6762
TP1_synth_reverse		57	T	3710	45	688	148	1296	39	686946	692872	0	0	1	0	2	0	6759	6762
TP1_synth_reverse		58	A	692688	17	11	63	0	46	110	692935	6763	0	0	0	0	0	0	6763
TP1_synth_reverse		59	T	2379	52	1	98	406	16	689963	692915	0	0	0	0	2	0	6761	6763
TP1_synth_reverse		60	C	1669	690670	306	91	28	47	84	692895	0	6753	10	0	0	0	0	6763
TP1_synth_reverse		61	T	1875	90	846	267	72	20	689730	692900	0	1	7	0	3	0	6753	6764
TP1_synth_reverse		62	G	815	334	569	690289	0	98	803	692908	1	0	5	6759	0	0	0	6765
TP1_synth_reverse		63	T	4592	60	1034	38	0	38	687192	692954	1	0	4	0	0	0	6761	6766
TP1_synth_reverse		64	T	2776	60	1	95	0	89	689948	692969	0	0	0	0	0	0	6767	6767
TP1_synth_reverse		65	C	710	690460	1130	62	0	104	513	692979	0	6763	4	0	0	0	1	6768
TP1_synth_reverse		66	G	605	418	805	690087	269	46	743	692973	0	0	1	6765	2	0	0	6768
TP1_synth_reverse		67	C	1132	691175	117	25	0	156	401	693006	0	6768	1	0	0	0	0	6769
TP1_synth_reverse		68	A	691643	469	437	150	100	122	92	693013	6766	0	2	0	1	0	0	6769
TP1_synth_reverse		69	C	232	692194	325	42	0	62	152	693007	0	6766	1	0	0	0	2	6769
TP1_synth_reverse		70	T	1328	107	6	200	352	33	690969	692995	0	0	0	0	2	0	6767	6769
TP1_synth_reverse		71	C	381	691462	974	48	0	11	117	692993	0	6764	5	0	0	0	0	6769
TP1_synth_reverse		72	C	1016	690966	2	80	539	53	330	692986	0	6761	0	0	3	0	5	6769
TP1_synth_reverse		73	G	663	360	701	690878	4	174	186	692966	0	0	2	6767	0	0	0	6769
TP1_synth_reverse		74	A	692295	124	313	94	14	99	26	692965	6769	0	0	0	0	0	0	6769
TP1_synth_reverse		75	G	179	311	609	691612	0	23	218	692952	0	0	6	6763	0	0	0	6769
TP1_synth_reverse		76	T	3563	93	23	60	29	25	689144	692937	0	0	1	0	0	0	6768	6769
TP1_synth_reverse		77	G	130	459	9	690299	1091	35	901	692924	0	0	0	6766	3	0	0	6769
TP1_synth_reverse		78	C	484	690665	849	45	59	57	757	692916	0	6765	1	0	1	0	2	6769
TP1_synth_reverse		79	G	894	981	700	689584	1	168	579	692907	2	0	1	6766	0	0	0	6769
TP1_synth_reverse		80	G	992	252	1	691145	4	202	298	692894	4	0	0	6764	0	0	1	6769
TP1_synth_reverse		81	C	758	690011	781	82	854	156	244	692886	4	6754	6	0	4	0	1	6769
TP1_synth_reverse		82	A	691281	58	554	133	0	87	131	692244	6767	0	2	0	0	0	0	6769
TP1_synth_reverse		83	A	691701	88	30	134	0	203	80	692236	6769	0	0	0	0	0	0	6769
TP1_synth_reverse		84	A	691765	55	22	224	18	62	45	692191	6769	0	0	0	0	0	0	6769
TP1_synth_reverse		85	G	130	319	22	691181	133	107	193	692085	0	0	0	6769	0	0	0	6769
TP1_synth_reverse		86	C	353	691462	1	29	0	57	119	692021	0	6769	0	0	0	0	0	6769
TP1_synth_reverse		87	T	1511	96	0	97	0	71	690140	691915	0	0	0	0	0	0	6769	6769
TP1_synth_reverse		88	G	535	419	155	690433	75	93	158	691868	0	0	3	6766	0	0	0	6769
TP1_synth_reverse		89	T	1106	93	1226	42	0	273	689066	691806	0	0	2	0	0	0	6767	6769
TP1_synth_reverse		90	T	1250	105	4	41	0	156	690002	691558	0	0	0	0	0	0	6769	6769
TP1_synth_reverse		91	C	658	690524	0	84	0	28	171	691465	1	6768	0	0	0	0	0	6769
TP1_synth_reverse		92	C	374	689481	0	419	0	63	232	690569	0	6768	0	0	0	0	0	6768
TP1_synth_reverse		93	G	491	194	0	688909	0	93	125	689812	1	0	0	6767	0	0	0	6768
TP1_synth_reverse		94	T	919	81	0	105	0	177	688301	689583	0	0	0	0	0	0	6768	6768
TP1_synth_reverse		95	C	0	689000	0	0	0	105	0	689105	0	6768	0	0	0	0	0	6768
TP1_synth_reverse		96	C	0	688413	0	0	0	49	0	688462	0	6768	0	0	0	0	0	6768
TP1_synth_reverse		97	C	0	686522	0	0	0	143	0	686665	0	6766	0	0	0	0	0	6766
TP1_synth_reverse		98	A	684448	0	0	0	0	0	0	684448	6762	0	0	0	0	0	0	6762
TP1_synth_reverse		99	G	0	0	0	683613	1	0	0	683614	0	0	0	6761	0	0	0	6761
