



























































































































































































































#AmpliconChromStart	Alias	Position	ProbableRef	rawA	rawC	rawD	rawG	rawI	rawN	rawT	rawDepth	consA	consC	consD	consG	consI	consN	consT	consDepth	
TP1_synth_reverse		1	G	0	0	0	682832	0	0	0	682832	0	0	0	6246	0	0	0	6246
TP1_synth_reverse		2	T	0	0	0	0	0	0	684821	684821	0	0	0	0	0	0	6252	6252
TP1_synth_reverse		3	G	0	0	0	687284	0	140	0	687424	0	0	0	6268	0	0	0	6268
TP1_synth_reverse		4	G	0	0	0	689369	0	60	0	689429	0	0	0	6281	0	0	0	6281
TP1_synth_reverse		5	T	0	0	0	0	0	193	689691	689884	0	0	0	0	0	0	6283	6283
TP1_synth_reverse		6	G	115	74	0	690244	0	34	143	690610	0	0	0	6285	0	0	1	6286
TP1_synth_reverse		7	A	691297	25	0	98	0	11	105	691536	6290	0	0	0	0	0	0	6290
TP1_synth_reverse		8	G	104	72	0	690821	0	86	564	691647	0	0	0	6290	0	0	3	6293
TP1_synth_reverse		9	G	137	127	0	691620	0	11	131	692026	1	0	0	6294	0	0	0	6295
TP1_synth_reverse		10	C	291	691121	470	21	1	14	150	692068	0	6294	0	0	0	0	1	6295
TP1_synth_reverse		11	T	326	99	619	20	23	38	690943	692068	0	0	1	0	0	0	6294	6295
TP1_synth_reverse		12	C	327	689444	2053	25	0	73	146	692068	0	6285	10	0	0	0	0	6295
TP1_synth_reverse		13	C	405	691409	1	25	0	129	125	692094	0	6295	0	0	0	0	0	6295
TP1_synth_reverse		14	C	325	691560	0	25	0	62	122	692094	0	6295	0	0	0	0	0	6295
TP1_synth_reverse		15	C	276	691574	0	57	4	60	123	692094	0	6295	0	0	0	0	0	6295
TP1_synth_reverse		16	T	578	84	43	35	0	39	691315	692094	0	0	0	0	0	0	6295	6295
TP1_synth_reverse		17	T	687	89	1	34	0	161	691133	692105	0	0	0	0	0	0	6295	6295
TP1_synth_reverse		18	T	528	105	0	23	0	121	691337	692114	0	0	0	0	0	0	6295	6295
TP1_synth_reverse		19	C	505	691010	523	40	2	94	621	692795	0	6290	4	0	0	0	2	6296
TP1_synth_reverse		20	T	612	77	776	42	0	42	691246	692795	0	0	4	0	0	0	6292	6296
TP1_synth_reverse		21	T	2094	121	0	87	0	183	690310	692795	0	0	0	0	0	0	6296	6296
TP1_synth_reverse		22	G	163	728	45	691452	0	126	281	692795	0	0	0	6295	0	0	1	6296
TP1_synth_reverse		23	C	917	687209	1522	1501	376	107	1163	692795	1	6274	10	4	4	0	3	6296
TP1_synth_reverse		24	G	325	141	882	690927	2	69	455	692801	3	0	3	6288	0	0	2	6296
TP1_synth_reverse		25	G	231	457	3	691218	147	69	676	692801	0	0	0	6287	3	0	6	6296
TP1_synth_reverse		26	A	691943	18	9	132	475	115	109	692801	6294	0	0	0	2	0	0	6296
TP1_synth_reverse		27	G	76	175	1	690968	1	71	1509	692801	0	0	0	6291	0	0	5	6296
TP1_synth_reverse		28	A	692023	90	489	71	1	47	92	692813	6293	0	3	0	0	0	0	6296
TP1_synth_reverse		29	T	799	101	330	49	0	10	691524	692813	0	0	4	0	0	0	6292	6296
TP1_synth_reverse		30	T	2853	107	179	12	0	53	689609	692813	0	0	2	0	0	0	6294	6296
TP1_synth_reverse		31	C	821	689011	2744	48	0	18	155	692797	1	6273	21	0	0	0	1	6296
TP1_synth_reverse		32	T	1031	79	209	44	9	57	691356	692785	0	0	2	0	0	0	6294	6296
TP1_synth_reverse		33	C	846	690902	819	38	54	24	94	692777	0	6290	5	0	1	0	0	6296
TP1_synth_reverse		34	T	1310	326	449	478	0	21	690192	692776	0	1	4	3	0	0	6288	6296
TP1_synth_reverse		35	T	3236	82	0	84	724	54	688580	692760	0	0	0	0	5	0	6291	6296
TP1_synth_reverse		36	C	653	691714	209	34	4	48	104	692766	1	6292	3	0	0	0	0	6296
TP1_synth_reverse		37	C	1053	690893	4	57	0	42	708	692757	2	6290	0	0	0	0	4	6296
TP1_synth_reverse		38	T	1595	62	681	41	0	95	690272	692746	0	0	3	0	0	0	6293	6296
TP1_synth_reverse		39	C	439	692051	47	42	23	30	110	692742	0	6294	2	0	0	0	0	6296
TP1_synth_reverse		40	T	1600	194	449	51	26	28	690389	692737	0	1	1	0	1	0	6293	6296
TP1_synth_reverse		41	G	135	1444	9	688975	2	17	2142	692724	0	0	0	6295	0	0	1	6296
TP1_synth_reverse		42	T	2788	124	199	34	277	124	689173	692719	0	1	4	0	4	0	6287	6296
TP1_synth_reverse		43	G	186	1458	368	689855	3	80	779	692729	1	0	7	6288	0	0	0	6296
TP1_synth_reverse		44	C	968	690162	536	69	0	100	892	692727	2	6283	8	1	0	0	2	6296
TP1_synth_reverse		45	G	427	396	928	687831	0	68	3072	692722	6	0	4	6286	0	0	0	6296
TP1_synth_reverse		46	C	1288	690288	700	245	0	35	188	692744	0	6288	3	3	0	0	2	6296
TP1_synth_reverse		47	C	546	691461	0	47	1	12	676	692743	2	6292	0	0	0	0	2	6296
TP1_synth_reverse		48	G	174	1349	529	687973	0	2	2720	692747	0	0	3	6293	0	0	0	6296
TP1_synth_reverse		49	A	692450	52	13	46	37	37	147	692782	6295	0	0	0	1	0	0	6296
TP1_synth_reverse		50	T	2817	94	2	28	337	32	689469	692779	0	0	0	0	2	0	6294	6296
TP1_synth_reverse		51	A	692295	58	214	87	2	49	99	692804	6295	0	2	0	0	0	0	6297
TP1_synth_reverse		52	C	656	690821	644	46	308	47	274	692796	1	6282	7	0	5	0	2	6297
TP1_synth_reverse		53	A	692440	35	60	134	1	37	112	692819	6296	0	1	0	0	0	0	6297
TP1_synth_reverse		54	G	202	436	255	690947	456	17	497	692810	0	0	5	6288	4	0	0	6297
TP1_synth_reverse		55	A	692413	180	68	111	0	32	88	692892	6297	0	1	0	0	0	0	6298
TP1_synth_reverse		56	A	692526	23	72	105	1	42	121	692890	6298	0	0	0	0	0	0	6298
TP1_synth_reverse		57	T	3700	45	688	147	1296	39	686951	692866	0	0	1	0	2	0	6295	6298
TP1_synth_reverse		58	A	692682	17	11	63	0	46	110	692929	6299	0	0	0	0	0	0	6299
TP1_synth_reverse		59	T	2378	52	1	97	406	16	689959	692909	0	0	0	0	2	0	6297	6299
TP1_synth_reverse		60	C	1670	690663	306	91	28	47	84	692889	0	6289	10	0	0	0	0	6299
TP1_synth_reverse		61	T	1863	90	847	268	72	20	689734	692894	0	1	7	0	3	0	6289	6300
TP1_synth_reverse		62	G	816	330	569	690287	0	98	802	692902	1	0	5	6295	0	0	0	6301
TP1_synth_reverse		63	T	4591	60	1033	38	0	38	687188	692948	1	0	4	0	0	0	6297	6302
TP1_synth_reverse		64	T	2772	60	1	95	0	89	689946	692963	0	0	0	0	0	0	6303	6303
TP1_synth_reverse		65	C	711	690453	1130	62	0	104	513	692973	0	6299	4	0	0	0	1	6304
TP1_synth_reverse		66	G	605	416	805	690081	269	46	745	692967	0	0	1	6301	2	0	0	6304
TP1_synth_reverse		67	C	1134	691167	117	25	0	156	401	693000	0	6304	1	0	0	0	0	6305
TP1_synth_reverse		68	A	691637	469	437	150	100	122	92	693007	6302	0	2	0	1	0	0	6305
TP1_synth_reverse		69	C	231	692189	325	42	0	62	152	693001	0	6302	1	0	0	0	2	6305
TP1_synth_reverse		70	T	1327	107	6	200	352	33	690964	692989	0	0	0	0	2	0	6303	6305
TP1_synth_reverse		71	C	383	691454	974	48	0	11	117	692987	0	6302	3	0	0	0	0	6305
TP1_synth_reverse		72	C	1016	690960	2	80	539	53	330	692980	0	6298	0	0	2	0	5	6305
TP1_synth_reverse		73	G	662	359	701	690874	4	174	186	692960	0	0	1	6304	0	0	0	6305
TP1_synth_reverse		74	A	692289	124	313	94	14	99	26	692959	6305	0	0	0	0	0	0	6305
TP1_synth_reverse		75	G	179	312	609	691605	0	23	218	692946	0	0	5	6300	0	0	0	6305
TP1_synth_reverse		76	T	3565	93	23	60	29	25	689136	692931	0	0	0	0	0	0	6305	6305
TP1_synth_reverse		77	G	130	459	9	690294	1091	35	900	692918	0	0	0	6302	3	0	0	6305
TP1_synth_reverse		78	C	485	690658	849	45	59	57	757	692910	0	6301	1	0	1	0	2	6305
TP1_synth_reverse		79	G	895	980	700	689582	1	168	575	692901	1	0	1	6303	0	0	0	6305
TP1_synth_reverse		80	G	995	252	1	691137	4	202	297	692888	4	0	0	6301	0	0	0	6305
TP1_synth_reverse		81	C	759	690004	781	82	854	156	244	692880	4	6291	5	0	4	0	1	6305
TP1_synth_reverse		82	A	691274	58	554	133	0	87	131	692237	6303	0	2	0	0	0	0	6305
TP1_synth_reverse		83	A	691694	88	30	134	0	203	80	692229	6305	0	0	0	0	0	0	6305
TP1_synth_reverse		84	A	691759	55	22	223	18	62	45	692184	6305	0	0	0	0	0	0	6305
TP1_synth_reverse		85	G	131	318	22	691174	133	107	193	692078	0	0	0	6305	0	0	0	6305
TP1_synth_reverse		86	C	353	691455	1	29	0	57	119	692014	0	6305	0	0	0	0	0	6305
TP1_synth_reverse		87	T	1513	96	0	96	0	71	690132	691908	0	0	0	0	0	0	6305	6305
TP1_synth_reverse		88	G	536	418	155	690426	75	93	158	691861	0	0	2	6303	0	0	0	6305
TP1_synth_reverse		89	T	1106	93	1226	42	0	273	689059	691799	0	0	2	0	0	0	6303	6305
TP1_synth_reverse		90	T	1249	105	4	41	0	156	689996	691551	0	0	0	0	0	0	6305	6305
TP1_synth_reverse		91	C	658	690517	0	84	0	28	171	691458	1	6304	0	0	0	0	0	6305
TP1_synth_reverse		92	C	373	689476	0	419	0	63	232	690563	0	6304	0	0	0	0	0	6304
TP1_synth_reverse		93	G	491	194	0	688903	0	93	125	689806	1	0	0	6303	0	0	0	6304
TP1_synth_reverse		94	T	919	81	0	106	0	177	688294	689577	0	0	0	0	0	0	6304	6304
TP1_synth_reverse		95	C	0	688994	0	0	0	105	0	689099	0	6304	0	0	0	0	0	6304
TP1_synth_reverse		96	C	0	688410	0	0	0	49	0	688459	0	6304	0	0	0	0	0	6304
TP1_synth_reverse		97	C	0	686523	0	0	0	143	0	686666	0	6302	0	0	0	0	0	6302
TP1_synth_reverse		98	A	684448	0	0	0	0	0	0	684448	6300	0	0	0	0	0	0	6300
TP1_synth_reverse		99	G	0	0	0	683615	1	0	0	683616	0	0	0	6300	0	0	0	6300
