



























































































































































































































#AmpliconChromStart	Alias	Position	ProbableRef	rawA	rawC	rawD	rawG	rawI	rawN	rawT	rawDepth	consA	consC	consD	consG	consI	consN	consT	consDepth	
TP1_synth_reverse		1	G	0	0	0	682832	0	0	0	682832	0	0	0	7299	0	0	0	7299
TP1_synth_reverse		2	T	0	0	0	0	0	0	684821	684821	0	0	0	0	0	0	7307	7307
TP1_synth_reverse		3	G	0	0	0	687284	0	140	0	687424	0	0	0	7327	0	0	0	7327
TP1_synth_reverse		4	G	0	0	0	689369	0	60	0	689429	0	0	0	7341	0	0	0	7341
TP1_synth_reverse		5	T	0	0	0	0	0	193	689691	689884	0	0	0	0	0	0	7343	7343
TP1_synth_reverse		6	G	115	74	0	690244	0	34	143	690610	0	0	0	7345	0	0	1	7346
TP1_synth_reverse		7	A	691297	25	0	98	0	11	105	691536	7350	0	0	0	0	0	0	7350
TP1_synth_reverse		8	G	104	72	0	690821	0	86	564	691647	0	0	0	7351	0	0	3	7354
TP1_synth_reverse		9	G	137	127	0	691620	0	11	131	692026	1	0	0	7355	0	0	0	7356
TP1_synth_reverse		10	C	291	691121	470	21	1	14	150	692068	0	7355	0	0	0	0	1	7356
TP1_synth_reverse		11	T	326	99	619	20	23	38	690943	692068	0	0	1	0	0	0	7355	7356
TP1_synth_reverse		12	C	327	689444	2053	25	0	73	146	692068	0	7345	11	0	0	0	0	7356
TP1_synth_reverse		13	C	405	691409	1	25	0	129	125	692094	0	7356	0	0	0	0	0	7356
TP1_synth_reverse		14	C	325	691560	0	25	0	62	122	692094	0	7356	0	0	0	0	0	7356
TP1_synth_reverse		15	C	276	691574	0	57	4	60	123	692094	0	7356	0	0	0	0	0	7356
TP1_synth_reverse		16	T	578	84	43	35	0	39	691315	692094	0	0	0	0	0	0	7356	7356
TP1_synth_reverse		17	T	687	89	1	34	0	161	691133	692105	0	0	0	0	0	0	7356	7356
TP1_synth_reverse		18	T	528	105	0	23	0	121	691337	692114	0	0	0	0	0	0	7356	7356
TP1_synth_reverse		19	C	505	691010	523	40	2	94	621	692795	0	7351	4	0	0	0	2	7357
TP1_synth_reverse		20	T	612	77	776	42	0	42	691246	692795	0	0	4	0	0	0	7353	7357
TP1_synth_reverse		21	T	2094	121	0	87	0	183	690310	692795	0	0	0	0	0	0	7357	7357
TP1_synth_reverse		22	G	163	728	45	691452	0	126	281	692795	0	0	0	7356	0	0	1	7357
TP1_synth_reverse		23	C	917	687209	1522	1501	376	107	1163	692795	1	7333	11	4	4	0	4	7357
TP1_synth_reverse		24	G	325	141	882	690927	2	69	455	692801	3	0	3	7349	0	0	2	7357
TP1_synth_reverse		25	G	231	457	3	691218	147	69	676	692801	0	0	0	7346	3	0	8	7357
TP1_synth_reverse		26	A	691943	18	9	132	475	115	109	692801	7355	0	0	0	2	0	0	7357
TP1_synth_reverse		27	G	76	175	1	690968	1	71	1509	692801	0	0	0	7352	0	0	5	7357
TP1_synth_reverse		28	A	692023	90	489	71	1	47	92	692813	7354	0	4	0	0	0	0	7358
TP1_synth_reverse		29	T	799	101	330	49	0	10	691524	692813	0	0	4	0	0	0	7354	7358
TP1_synth_reverse		30	T	2853	107	179	12	0	53	689609	692813	0	0	2	0	0	0	7356	7358
TP1_synth_reverse		31	C	821	689011	2744	48	0	18	155	692797	1	7332	24	0	0	0	1	7358
TP1_synth_reverse		32	T	1031	79	209	44	9	57	691356	692785	0	0	2	0	0	0	7356	7358
TP1_synth_reverse		33	C	846	690902	819	38	54	24	94	692777	0	7352	5	0	1	0	0	7358
TP1_synth_reverse		34	T	1310	326	449	478	0	21	690192	692776	0	1	4	5	0	0	7348	7358
TP1_synth_reverse		35	T	3236	82	0	84	724	54	688580	692760	0	0	0	0	8	0	7350	7358
TP1_synth_reverse		36	C	653	691714	209	34	4	48	104	692766	1	7354	3	0	0	0	0	7358
TP1_synth_reverse		37	C	1053	690893	4	57	0	42	708	692757	2	7352	0	0	0	0	4	7358
TP1_synth_reverse		38	T	1595	62	681	41	0	95	690272	692746	0	0	7	0	0	0	7351	7358
TP1_synth_reverse		39	C	439	692051	47	42	23	30	110	692742	0	7356	2	0	0	0	0	7358
TP1_synth_reverse		40	T	1600	194	449	51	26	28	690389	692737	0	1	1	0	1	0	7355	7358
TP1_synth_reverse		41	G	135	1444	9	688975	2	17	2142	692724	0	0	0	7357	0	0	1	7358
TP1_synth_reverse		42	T	2788	124	199	34	277	124	689173	692719	0	1	5	0	4	0	7348	7358
TP1_synth_reverse		43	G	186	1458	368	689855	3	80	779	692729	2	0	8	7348	0	0	0	7358
TP1_synth_reverse		44	C	968	690182	536	69	0	100	892	692747	2	7344	8	1	0	0	3	7358
TP1_synth_reverse		45	G	427	396	928	687844	0	68	3072	692735	6	0	4	7348	0	0	0	7358
TP1_synth_reverse		46	C	1288	690301	700	245	0	35	188	692757	0	7350	3	3	0	0	2	7358
TP1_synth_reverse		47	C	546	691486	0	47	1	12	676	692768	2	7354	0	0	0	0	2	7358
TP1_synth_reverse		48	G	174	1349	529	687998	0	2	2720	692772	0	0	3	7355	0	0	0	7358
TP1_synth_reverse		49	A	692475	52	13	46	37	37	147	692807	7357	0	0	0	1	0	0	7358
TP1_synth_reverse		50	T	2822	94	2	28	337	32	689489	692804	0	0	0	0	2	0	7356	7358
TP1_synth_reverse		51	A	692320	58	214	87	2	49	99	692829	7357	0	2	0	0	0	0	7359
TP1_synth_reverse		52	C	659	690841	644	46	308	47	274	692819	0	7343	8	0	6	0	2	7359
TP1_synth_reverse		53	A	692463	35	60	134	1	37	112	692842	7359	0	1	0	0	0	0	7360
TP1_synth_reverse		54	G	202	438	255	690967	456	17	498	692833	0	0	7	7349	4	0	0	7360
TP1_synth_reverse		55	A	692436	180	68	111	0	32	88	692915	7360	0	1	0	0	0	0	7361
TP1_synth_reverse		56	A	692549	23	72	105	1	42	121	692913	7361	0	0	0	0	0	0	7361
TP1_synth_reverse		57	T	3706	45	688	147	1296	39	686968	692889	0	0	2	0	2	0	7357	7361
TP1_synth_reverse		58	A	692705	17	11	63	0	46	110	692952	7362	0	0	0	0	0	0	7362
TP1_synth_reverse		59	T	2385	52	1	98	406	16	689974	692932	0	0	0	0	2	0	7360	7362
TP1_synth_reverse		60	C	1672	690695	306	91	28	47	84	692923	0	7353	10	0	0	0	0	7363
TP1_synth_reverse		61	T	1873	90	847	267	72	20	689759	692928	0	1	7	0	3	0	7353	7364
TP1_synth_reverse		62	G	817	334	569	690315	0	98	803	692936	1	0	5	7359	0	0	0	7365
TP1_synth_reverse		63	T	4597	60	1033	38	0	38	687216	692982	1	0	4	0	0	0	7361	7366
TP1_synth_reverse		64	T	2774	60	1	95	0	89	689978	692997	0	0	0	0	0	0	7367	7367
TP1_synth_reverse		65	C	711	690487	1130	62	0	104	513	693007	0	7362	4	0	0	0	2	7368
TP1_synth_reverse		66	G	606	417	805	690110	269	46	748	693001	0	0	1	7366	2	0	0	7369
TP1_synth_reverse		67	C	1134	691201	117	25	0	156	401	693034	0	7369	1	0	0	0	0	7370
TP1_synth_reverse		68	A	691662	469	437	150	100	122	92	693032	7366	0	3	0	1	0	0	7370
TP1_synth_reverse		69	C	231	692214	325	42	0	62	152	693026	0	7367	1	0	0	0	2	7370
TP1_synth_reverse		70	T	1328	107	6	200	352	33	690988	693014	0	0	0	0	2	0	7368	7370
TP1_synth_reverse		71	C	383	691478	974	49	0	11	117	693012	0	7363	7	0	0	0	0	7370
TP1_synth_reverse		72	C	1021	690980	2	80	539	53	330	693005	0	7362	0	0	3	0	5	7370
TP1_synth_reverse		73	G	664	359	701	690897	4	174	186	692985	0	0	2	7368	0	0	0	7370
TP1_synth_reverse		74	A	692314	124	313	94	14	99	26	692984	7370	0	0	0	0	0	0	7370
TP1_synth_reverse		75	G	179	312	609	691629	0	23	219	692971	2	0	6	7362	0	0	0	7370
TP1_synth_reverse		76	T	3566	93	23	60	29	25	689160	692956	0	0	1	0	0	0	7369	7370
TP1_synth_reverse		77	G	131	459	9	690315	1091	35	903	692943	0	0	0	7367	3	0	0	7370
TP1_synth_reverse		78	C	484	690684	849	45	59	57	757	692935	0	7366	1	0	1	0	2	7370
TP1_synth_reverse		79	G	894	983	700	689600	1	168	580	692926	2	0	1	7367	0	0	0	7370
TP1_synth_reverse		80	G	993	252	1	691163	4	202	298	692913	4	0	0	7365	0	0	1	7370
TP1_synth_reverse		81	C	759	690029	781	82	854	156	244	692905	5	7354	6	0	4	0	1	7370
TP1_synth_reverse		82	A	691301	58	554	133	0	87	131	692264	7368	0	2	0	0	0	0	7370
TP1_synth_reverse		83	A	691720	88	30	134	0	203	81	692256	7370	0	0	0	0	0	0	7370
TP1_synth_reverse		84	A	691786	55	22	223	18	62	45	692211	7370	0	0	0	0	0	0	7370
TP1_synth_reverse		85	G	131	318	22	691201	133	107	193	692105	0	0	0	7370	0	0	0	7370
TP1_synth_reverse		86	C	354	691481	1	29	0	57	119	692041	0	7370	0	0	0	0	0	7370
TP1_synth_reverse		87	T	1513	96	0	96	0	71	690159	691935	0	0	0	1	0	0	7369	7370
TP1_synth_reverse		88	G	536	418	155	690453	75	93	158	691888	0	0	3	7366	0	0	0	7369
TP1_synth_reverse		89	T	1107	93	1226	42	0	273	689085	691826	0	0	2	0	0	0	7367	7369
TP1_synth_reverse		90	T	1249	105	4	41	0	157	690022	691578	0	0	0	0	0	0	7369	7369
TP1_synth_reverse		91	C	658	690544	0	84	0	28	171	691485	1	7368	0	0	0	0	0	7369
TP1_synth_reverse		92	C	373	689502	0	420	0	63	232	690590	0	7367	0	0	0	0	1	7368
TP1_synth_reverse		93	G	491	194	0	688930	0	93	125	689833	1	0	0	7366	0	0	0	7367
TP1_synth_reverse		94	T	919	81	0	106	0	177	688321	689604	0	0	0	0	0	0	7367	7367
TP1_synth_reverse		95	C	0	689020	0	0	0	105	0	689125	0	7367	0	0	0	0	0	7367
TP1_synth_reverse		96	C	0	688435	0	0	0	49	0	688484	0	7367	0	0	0	0	0	7367
TP1_synth_reverse		97	C	0	686546	0	0	0	143	0	686689	0	7365	0	0	0	0	0	7365
TP1_synth_reverse		98	A	684470	0	0	0	0	0	0	684470	7360	0	0	0	0	0	0	7360
TP1_synth_reverse		99	G	0	0	0	683636	1	0	0	683637	0	0	0	7359	0	0	0	7359
