



























































































































































































































#AmpliconChromStart	Alias	Position	ProbableRef	rawA	rawC	rawD	rawG	rawI	rawN	rawT	rawDepth	consA	consC	consD	consG	consI	consN	consT	consDepth	
TP1_synth_reverse		1	G	0	0	0	682832	0	0	0	682832	0	0	0	15296	0	0	0	15296
TP1_synth_reverse		2	T	0	0	0	0	0	0	684821	684821	0	0	0	0	0	0	15347	15347
TP1_synth_reverse		3	G	0	0	0	687284	0	140	0	687424	0	0	0	15421	0	0	0	15421
TP1_synth_reverse		4	G	0	0	0	689369	0	60	0	689429	0	0	0	15475	0	0	0	15475
TP1_synth_reverse		5	T	0	0	0	0	0	193	689691	689884	0	0	0	0	0	6	15490	15496
TP1_synth_reverse		6	G	115	74	0	690244	0	34	143	690610	0	0	0	15532	0	1	4	15537
TP1_synth_reverse		7	A	691297	25	0	98	0	11	105	691536	15546	0	0	0	0	0	0	15546
TP1_synth_reverse		8	G	104	72	0	690821	0	86	564	691647	0	0	0	15543	0	2	6	15551
TP1_synth_reverse		9	G	137	127	0	691620	0	11	131	692026	1	0	0	15555	0	0	0	15556
TP1_synth_reverse		10	C	291	691121	470	21	1	14	150	692068	0	15554	2	0	0	0	1	15557
TP1_synth_reverse		11	T	326	99	619	20	23	38	690943	692068	0	0	5	0	1	0	15551	15557
TP1_synth_reverse		12	C	327	689461	2053	25	0	73	146	692085	0	15533	25	0	0	1	0	15559
TP1_synth_reverse		13	C	405	691426	1	25	0	129	125	692111	0	15558	0	0	0	2	0	15560
TP1_synth_reverse		14	C	325	691577	0	25	0	62	122	692111	0	15560	0	0	0	0	0	15560
TP1_synth_reverse		15	C	276	691591	0	57	4	60	123	692111	0	15558	0	0	1	0	1	15560
TP1_synth_reverse		16	T	578	84	43	35	0	39	691332	692111	0	0	0	0	0	1	15559	15560
TP1_synth_reverse		17	T	688	89	1	34	0	161	691149	692122	0	0	0	0	0	2	15559	15561
TP1_synth_reverse		18	T	528	105	0	23	0	121	691354	692131	1	0	0	0	0	1	15560	15562
TP1_synth_reverse		19	C	505	691027	523	40	2	94	621	692812	0	15549	9	0	0	0	5	15563
TP1_synth_reverse		20	T	613	77	776	42	0	42	691262	692812	0	0	8	0	0	2	15553	15563
TP1_synth_reverse		21	T	2097	121	0	87	0	183	690324	692812	1	0	0	0	0	1	15561	15563
TP1_synth_reverse		22	G	163	730	45	691466	0	126	282	692812	0	1	0	15557	0	2	3	15563
TP1_synth_reverse		23	C	917	687226	1522	1501	376	107	1163	692812	6	15505	20	10	8	5	9	15563
TP1_synth_reverse		24	G	325	143	882	690942	2	69	455	692818	6	0	11	15541	0	1	5	15564
TP1_synth_reverse		25	G	232	458	3	691243	147	69	676	692828	1	0	0	15532	6	2	24	15565
TP1_synth_reverse		26	A	691970	18	9	132	475	115	109	692828	15559	0	0	0	6	0	0	15565
TP1_synth_reverse		27	G	76	175	1	690995	1	71	1509	692828	0	1	0	15552	0	3	9	15565
TP1_synth_reverse		28	A	692050	90	489	71	1	47	92	692840	15555	0	9	0	0	2	0	15566
TP1_synth_reverse		29	T	800	101	330	49	0	10	691550	692840	0	0	8	0	0	0	15558	15566
TP1_synth_reverse		30	T	2855	107	179	12	0	53	689634	692840	5	0	5	0	0	0	15556	15566
TP1_synth_reverse		31	C	822	689037	2744	48	0	18	155	692824	4	15503	56	0	0	1	2	15566
TP1_synth_reverse		32	T	1033	79	209	44	9	57	691381	692812	0	0	6	0	2	0	15558	15566
TP1_synth_reverse		33	C	846	690929	819	38	54	24	94	692804	0	15554	11	0	1	0	0	15566
TP1_synth_reverse		34	T	1311	326	449	478	0	21	690218	692803	0	1	12	7	0	1	15545	15566
TP1_synth_reverse		35	T	3238	82	0	84	724	54	688605	692787	10	0	0	0	23	1	15532	15566
TP1_synth_reverse		36	C	657	691737	209	34	4	48	104	692793	2	15560	5	0	0	0	0	15567
TP1_synth_reverse		37	C	1053	690920	4	57	0	42	708	692784	4	15555	0	0	0	1	7	15567
TP1_synth_reverse		38	T	1596	62	681	41	0	95	690298	692773	1	0	7	0	0	0	15559	15567
TP1_synth_reverse		39	C	442	692075	47	42	23	30	110	692769	1	15560	4	0	2	0	0	15567
TP1_synth_reverse		40	T	1608	194	449	51	26	28	690408	692764	4	6	3	1	1	0	15552	15567
TP1_synth_reverse		41	G	135	1447	9	688997	2	17	2144	692751	0	1	0	15558	0	1	7	15567
TP1_synth_reverse		42	T	2791	124	199	34	277	124	689197	692746	7	4	12	0	7	1	15536	15567
TP1_synth_reverse		43	G	186	1463	368	689875	3	80	781	692756	5	0	19	15542	0	0	1	15567
TP1_synth_reverse		44	C	969	690188	536	69	0	100	892	692754	4	15532	19	2	0	0	10	15567
TP1_synth_reverse		45	G	427	397	928	687848	0	68	3074	692742	11	1	6	15546	0	1	2	15567
TP1_synth_reverse		46	C	1289	690307	700	245	0	35	188	692764	0	15554	4	7	0	0	3	15568
TP1_synth_reverse		47	C	550	691489	0	47	1	12	676	692775	4	15561	0	0	0	0	4	15569
TP1_synth_reverse		48	G	175	1351	529	687990	0	2	2724	692771	0	1	7	15559	0	1	1	15569
TP1_synth_reverse		49	A	692474	52	13	46	37	37	147	692806	15592	0	4	0	2	0	0	15598
TP1_synth_reverse		50	T	2818	94	2	28	337	32	689492	692803	4	0	0	0	2	1	15591	15598
TP1_synth_reverse		51	A	692292	58	214	87	2	49	99	692801	15594	0	3	0	0	1	0	15598
TP1_synth_reverse		52	C	659	690815	644	46	308	47	274	692793	1	15565	16	0	10	3	4	15599
TP1_synth_reverse		53	A	692437	35	60	134	1	37	112	692816	15598	0	1	0	0	1	0	15600
TP1_synth_reverse		54	G	204	436	255	690941	456	17	498	692807	1	0	14	15565	20	0	0	15600
TP1_synth_reverse		55	A	692410	180	68	111	0	32	88	692889	15596	0	3	0	0	2	0	15601
TP1_synth_reverse		56	A	692523	23	72	105	1	42	121	692887	15599	0	2	0	0	0	0	15601
TP1_synth_reverse		57	T	3702	45	688	148	1296	39	686946	692864	5	0	6	0	4	1	15585	15601
TP1_synth_reverse		58	A	692680	17	11	63	0	46	110	692927	15597	0	2	0	0	3	0	15602
TP1_synth_reverse		59	T	2378	52	1	97	406	16	689957	692907	1	0	0	0	3	0	15598	15602
TP1_synth_reverse		60	C	1670	690661	306	91	28	47	84	692887	1	15581	19	0	0	1	0	15602
TP1_synth_reverse		61	T	1866	90	846	267	72	20	689731	692892	3	2	22	0	4	0	15572	15603
TP1_synth_reverse		62	G	815	331	569	690284	0	98	803	692900	3	0	21	15573	0	4	3	15604
TP1_synth_reverse		63	T	4598	60	1034	38	0	38	687178	692946	13	0	12	0	0	0	15580	15605
TP1_synth_reverse		64	T	2775	60	1	95	0	89	689941	692961	2	0	0	0	0	2	15602	15606
TP1_synth_reverse		65	C	710	690452	1130	62	0	104	513	692971	1	15588	11	0	0	1	6	15607
TP1_synth_reverse		66	G	603	417	805	690080	269	46	745	692965	2	0	5	15593	4	1	3	15608
TP1_synth_reverse		67	C	1133	691166	117	25	0	156	401	692998	2	15604	3	0	0	0	0	15609
TP1_synth_reverse		68	A	691625	470	437	150	100	122	92	692996	15597	0	7	0	3	2	0	15609
TP1_synth_reverse		69	C	231	692178	325	42	0	62	152	692990	0	15605	2	0	0	0	2	15609
TP1_synth_reverse		70	T	1327	107	6	200	352	33	690953	692978	1	0	0	0	3	0	15605	15609
TP1_synth_reverse		71	C	381	691446	974	47	0	11	117	692976	0	15590	19	0	0	0	0	15609
TP1_synth_reverse		72	C	1016	690949	2	80	539	53	330	692969	3	15588	0	0	4	2	12	15609
TP1_synth_reverse		73	G	663	359	701	690861	4	174	187	692949	1	1	8	15598	0	1	0	15609
TP1_synth_reverse		74	A	692278	124	313	94	14	99	26	692948	15606	0	0	0	3	0	0	15609
TP1_synth_reverse		75	G	179	312	609	691594	0	23	218	692935	4	0	11	15594	0	0	0	15609
TP1_synth_reverse		76	T	3562	93	23	60	29	25	689128	692920	9	1	2	0	2	1	15594	15609
TP1_synth_reverse		77	G	129	460	9	690284	1091	35	899	692907	2	0	0	15594	13	0	0	15609
TP1_synth_reverse		78	C	485	690647	849	45	59	57	757	692899	1	15596	5	0	2	1	4	15609
TP1_synth_reverse		79	G	894	982	700	689571	1	168	574	692890	3	5	3	15595	0	1	2	15609
TP1_synth_reverse		80	G	992	254	1	691127	4	202	297	692877	7	0	0	15596	0	3	3	15609
TP1_synth_reverse		81	C	759	689993	781	82	854	156	244	692869	11	15573	10	0	11	1	3	15609
TP1_synth_reverse		82	A	691264	58	554	133	0	87	131	692227	15573	0	6	0	0	1	0	15580
TP1_synth_reverse		83	A	691684	88	30	134	0	203	80	692219	15578	0	0	0	0	1	0	15579
TP1_synth_reverse		84	A	691748	55	22	224	18	62	45	692174	15577	0	0	0	1	1	0	15579
TP1_synth_reverse		85	G	130	319	22	691164	133	107	193	692068	1	1	0	15577	0	0	0	15579
TP1_synth_reverse		86	C	354	691444	1	29	0	57	119	692004	0	15578	0	0	0	0	1	15579
TP1_synth_reverse		87	T	1511	96	0	97	0	71	690123	691898	3	1	0	1	0	0	15574	15579
TP1_synth_reverse		88	G	535	418	155	690417	75	93	158	691851	2	0	3	15570	0	3	0	15578
TP1_synth_reverse		89	T	1107	93	1226	42	0	273	689048	691789	1	0	6	0	0	2	15569	15578
TP1_synth_reverse		90	T	1249	105	4	41	0	156	689986	691541	0	0	1	0	0	3	15574	15578
TP1_synth_reverse		91	C	658	690507	0	84	0	28	171	691448	5	15568	0	0	0	0	5	15578
TP1_synth_reverse		92	C	373	689467	0	418	0	63	232	690553	0	15568	0	0	0	0	3	15571
TP1_synth_reverse		93	G	491	194	0	688892	0	93	126	689796	4	1	0	15561	0	0	0	15566
TP1_synth_reverse		94	T	920	81	0	105	0	177	688284	689567	1	0	0	1	0	4	15560	15566
TP1_synth_reverse		95	C	0	688984	0	0	0	105	0	689089	0	15563	0	0	0	1	0	15564
TP1_synth_reverse		96	C	0	688400	0	0	0	49	0	688449	0	15561	0	0	0	0	0	15561
TP1_synth_reverse		97	C	0	686513	0	0	0	143	0	686656	0	15547	0	0	0	5	0	15552
TP1_synth_reverse		98	A	684438	0	0	0	0	0	0	684438	15529	0	0	0	0	0	0	15529
TP1_synth_reverse		99	G	0	0	0	683605	1	0	0	683606	0	0	0	15526	0	0	0	15526
