



























































































































































































































#AmpliconChromStart	Alias	Position	ProbableRef	rawA	rawC	rawD	rawG	rawI	rawN	rawT	rawDepth	consA	consC	consD	consG	consI	consN	consT	consDepth	
TP1_synth_reverse		1	G	0	0	0	419475	0	0	0	419475	0	0	0	14012	0	0	0	14012
TP1_synth_reverse		2	T	0	0	0	0	0	0	420637	420637	0	0	0	0	0	0	14042	14042
TP1_synth_reverse		3	G	0	0	0	422597	0	71	0	422668	0	0	0	14090	0	0	0	14090
TP1_synth_reverse		4	G	0	0	0	422915	0	43	0	422958	0	0	0	14101	0	0	0	14101
TP1_synth_reverse		5	T	0	0	0	0	0	131	423131	423262	0	0	0	0	0	1	14107	14108
TP1_synth_reverse		6	G	78	40	0	423943	0	18	236	424315	0	0	0	14129	0	0	2	14131
TP1_synth_reverse		7	A	424594	21	0	52	0	8	75	424750	14144	0	0	0	0	0	0	14144
TP1_synth_reverse		8	G	117	43	0	424565	1	49	61	424836	1	0	0	14152	0	0	0	14153
TP1_synth_reverse		9	G	91	65	0	424718	5	11	89	424979	1	0	0	14158	0	0	0	14159
TP1_synth_reverse		10	C	162	424345	365	13	1	10	114	425010	0	14156	2	0	0	0	2	14160
TP1_synth_reverse		11	T	219	82	236	17	61	38	424357	425010	0	1	7	0	5	0	14147	14160
TP1_synth_reverse		12	C	163	422397	2290	13	0	47	100	425010	0	14136	24	0	0	0	0	14160
TP1_synth_reverse		13	C	209	424561	1	21	0	80	153	425025	0	14160	0	0	0	1	0	14161
TP1_synth_reverse		14	C	175	424709	0	14	0	38	101	425037	0	14161	0	0	0	0	0	14161
TP1_synth_reverse		15	C	328	424512	12	34	4	39	108	425037	1	14158	0	0	0	1	1	14161
TP1_synth_reverse		16	T	342	45	966	28	0	19	423646	425046	0	0	24	0	0	1	14137	14162
TP1_synth_reverse		17	T	406	470	465	11	0	103	423591	425046	1	6	20	0	0	5	14130	14162
TP1_synth_reverse		18	T	293	113	489	16	0	66	424069	425046	0	3	22	0	0	1	14136	14162
TP1_synth_reverse		19	C	289	424752	575	19	152	59	77	425923	0	14136	21	0	6	3	0	14166
TP1_synth_reverse		20	T	393	307	353	31	0	26	424813	425923	0	2	24	0	0	1	14139	14166
TP1_synth_reverse		21	T	1237	83	155	58	223	98	424080	425934	1	0	1	0	18	1	14146	14167
TP1_synth_reverse		22	G	87	402	644	424571	0	77	153	425934	0	1	10	14156	0	0	0	14167
TP1_synth_reverse		23	C	520	424050	608	39	466	67	184	425934	0	14130	13	0	14	1	9	14167
TP1_synth_reverse		24	G	115	95	1143	424099	0	40	442	425934	0	0	23	14138	0	2	4	14167
TP1_synth_reverse		25	G	395	282	153	424769	136	38	172	425945	3	1	1	14158	2	1	2	14168
TP1_synth_reverse		26	A	425167	15	355	97	185	66	75	425960	14155	0	5	0	9	0	0	14169
TP1_synth_reverse		27	G	49	108	407	424915	2	51	428	425960	0	0	4	14165	0	0	0	14169
TP1_synth_reverse		28	A	424923	72	532	241	81	36	75	425960	14154	0	10	1	3	1	0	14169
TP1_synth_reverse		29	T	468	454	618	40	0	8	424372	425960	0	2	19	0	0	0	14148	14169
TP1_synth_reverse		30	T	1799	68	197	3	2	38	423860	425967	3	3	6	0	0	1	14157	14170
TP1_synth_reverse		31	C	497	424737	327	19	295	8	75	425958	0	14160	8	0	1	0	1	14170
TP1_synth_reverse		32	T	633	109	528	31	168	34	424489	425992	0	3	12	0	1	1	14157	14174
TP1_synth_reverse		33	C	530	425061	255	17	0	9	120	425992	0	14159	12	0	0	0	3	14174
TP1_synth_reverse		34	T	780	83	179	30	0	10	424904	425986	0	1	12	0	0	0	14161	14174
TP1_synth_reverse		35	T	1962	52	199	41	0	36	423691	425981	2	0	10	0	0	1	14161	14174
TP1_synth_reverse		36	C	404	425052	405	20	1	32	66	425980	1	14158	15	0	0	0	0	14174
TP1_synth_reverse		37	C	459	424397	210	47	47	19	795	425974	0	14146	8	0	5	0	15	14174
TP1_synth_reverse		38	T	918	41	219	33	0	39	424715	425965	1	0	10	0	0	1	14162	14174
TP1_synth_reverse		39	C	254	425135	458	25	2	24	63	425961	0	14160	13	0	0	1	0	14174
TP1_synth_reverse		40	T	1004	103	442	11	180	14	424205	425959	0	3	17	0	7	0	14147	14174
TP1_synth_reverse		41	G	255	879	241	423014	246	9	1310	425954	11	2	12	14134	6	0	9	14174
TP1_synth_reverse		42	T	1671	58	500	31	169	65	423458	425952	2	0	12	0	4	0	14156	14174
TP1_synth_reverse		43	G	292	911	27	424192	0	42	502	425966	6	1	1	14167	0	0	0	14175
TP1_synth_reverse		44	C	525	424012	707	32	0	66	623	425965	0	14158	5	0	0	0	12	14175
TP1_synth_reverse		45	G	162	344	568	422988	0	37	1865	425964	1	5	2	14166	0	0	1	14175
TP1_synth_reverse		46	C	839	423961	724	40	0	13	397	425974	0	14166	3	0	0	1	6	14176
TP1_synth_reverse		47	C	258	425302	41	34	169	6	170	425980	0	14158	4	0	12	0	2	14176
TP1_synth_reverse		48	G	123	770	220	423179	1	6	1678	425977	2	3	8	14160	0	0	3	14176
TP1_synth_reverse		49	A	425702	27	122	36	0	29	85	426001	14180	0	13	0	0	0	0	14193
TP1_synth_reverse		50	T	1712	139	43	18	127	16	423943	425998	2	2	4	0	1	0	14184	14193
TP1_synth_reverse		51	A	425757	36	66	53	0	43	73	426028	14186	0	9	0	0	0	0	14195
TP1_synth_reverse		52	C	417	424868	605	30	0	25	80	426025	0	14181	13	0	0	0	1	14195
TP1_synth_reverse		53	A	425519	39	179	86	93	31	90	426037	14183	2	7	0	4	0	0	14196
TP1_synth_reverse		54	G	283	279	194	424815	1	15	443	426030	3	0	9	14181	0	0	3	14196
TP1_synth_reverse		55	A	425641	97	195	84	0	23	58	426098	14185	0	11	0	0	1	0	14197
TP1_synth_reverse		56	A	425903	10	25	44	0	34	81	426097	14195	0	1	0	0	1	0	14197
TP1_synth_reverse		57	T	2305	42	172	114	0	23	423429	426085	1	0	2	0	0	0	14194	14197
TP1_synth_reverse		58	A	425840	22	131	37	0	22	84	426136	14193	1	3	0	0	1	0	14198
TP1_synth_reverse		59	T	1523	59	51	85	0	12	424393	426123	1	2	2	0	0	0	14193	14198
TP1_synth_reverse		60	C	1019	424580	366	75	0	22	62	426124	2	14188	9	0	0	0	0	14199
TP1_synth_reverse		61	T	1157	55	253	161	2	12	424504	426144	1	0	8	0	1	0	14190	14200
TP1_synth_reverse		62	G	1261	218	13	423837	0	72	745	426146	9	0	2	14185	0	1	4	14201
TP1_synth_reverse		63	T	2947	53	13	72	0	22	423058	426165	8	0	1	1	0	0	14192	14202
TP1_synth_reverse		64	T	1632	52	5	77	14	47	424346	426173	2	0	0	0	2	1	14198	14203
TP1_synth_reverse		65	C	418	424516	461	45	440	50	243	426173	2	14191	6	0	4	0	0	14203
TP1_synth_reverse		66	G	372	280	336	424651	1	33	496	426169	0	0	3	14199	0	1	1	14204
TP1_synth_reverse		67	C	699	424582	698	17	0	104	80	426180	0	14194	11	0	0	0	0	14205
TP1_synth_reverse		68	A	425111	260	606	85	0	69	55	426186	14190	0	15	0	0	0	1	14206
TP1_synth_reverse		69	C	134	424633	983	20	296	49	69	426184	0	14177	19	0	10	0	0	14206
TP1_synth_reverse		70	T	899	67	808	107	7	23	424268	426179	1	0	16	0	1	0	14188	14206
TP1_synth_reverse		71	C	236	424319	1497	22	0	7	88	426169	0	14187	19	0	0	0	0	14206
TP1_synth_reverse		72	C	645	424512	560	115	48	37	246	426163	1	14187	9	3	5	0	1	14206
TP1_synth_reverse		73	G	399	196	437	424902	0	104	111	426149	6	0	22	14175	0	3	0	14206
TP1_synth_reverse		74	A	424726	63	654	59	1	66	577	426146	14178	0	17	0	0	0	11	14206
TP1_synth_reverse		75	G	206	178	529	425061	0	11	149	426134	4	0	10	14191	0	0	1	14206
TP1_synth_reverse		76	T	2269	81	676	53	48	16	422757	425900	5	1	6	0	2	0	14192	14206
TP1_synth_reverse		77	G	546	257	74	424426	0	27	561	425891	5	0	8	14192	0	0	1	14206
TP1_synth_reverse		78	C	376	423884	485	28	0	38	1077	425888	1	14187	7	0	0	1	10	14206
TP1_synth_reverse		79	G	474	605	379	423809	0	89	524	425880	7	1	5	14190	0	1	2	14206
TP1_synth_reverse		80	G	777	165	0	424611	0	119	189	425861	12	0	0	14194	0	0	0	14206
TP1_synth_reverse		81	C	710	424123	801	41	1	84	91	425851	3	14192	9	0	0	2	0	14206
TP1_synth_reverse		82	A	423790	30	1014	79	0	51	82	425046	14165	0	23	0	0	1	0	14189
TP1_synth_reverse		83	A	424681	48	4	65	0	120	33	424951	14185	0	0	0	0	0	0	14185
TP1_synth_reverse		84	A	424651	32	0	157	0	53	25	424918	14184	0	0	1	0	0	0	14185
TP1_synth_reverse		85	G	76	162	40	424356	50	65	118	424867	0	0	4	14181	0	0	0	14185
TP1_synth_reverse		86	C	252	424328	88	53	0	29	79	424829	0	14184	1	0	0	0	0	14185
TP1_synth_reverse		87	T	942	72	115	43	1	54	423543	424770	3	0	2	0	0	0	14180	14185
TP1_synth_reverse		88	G	127	279	102	424033	42	64	94	424741	0	0	1	14183	0	1	0	14185
TP1_synth_reverse		89	T	708	63	478	30	0	141	423268	424688	0	0	3	0	0	0	14182	14185
TP1_synth_reverse		90	T	767	85	1	50	1	78	423559	424541	1	0	0	2	0	0	14181	14184
TP1_synth_reverse		91	C	329	423720	0	240	1	19	155	424464	0	14183	0	0	0	0	0	14183
TP1_synth_reverse		92	C	281	423076	0	251	0	30	282	423920	0	14176	0	0	0	0	2	14178
TP1_synth_reverse		93	G	274	97	0	422427	0	60	77	422935	0	2	0	14168	0	0	0	14170
TP1_synth_reverse		94	T	588	56	0	78	0	85	422041	422848	1	0	0	0	0	0	14169	14170
TP1_synth_reverse		95	C	0	422181	0	0	0	67	0	422248	0	14165	0	0	0	1	0	14166
TP1_synth_reverse		96	C	0	421014	0	0	0	43	0	421057	0	14165	0	0	0	0	0	14165
TP1_synth_reverse		97	C	0	420203	0	0	0	92	0	420295	0	14155	0	0	0	0	0	14155
TP1_synth_reverse		98	A	418003	0	0	0	0	0	0	418003	14136	0	0	0	0	0	0	14136
TP1_synth_reverse		99	G	0	0	0	417471	0	0	0	417471	0	0	0	14132	0	0	0	14132
