



























































































































































































































#AmpliconChromStart	Alias	Position	ProbableRef	rawA	rawC	rawD	rawG	rawI	rawN	rawT	rawDepth	consA	consC	consD	consG	consI	consN	consT	consDepth	
TP1_synth_reverse		1	G	0	0	0	419475	0	0	0	419475	0	0	0	38733	0	0	0	38733
TP1_synth_reverse		2	T	0	0	0	0	0	0	420637	420637	0	0	0	0	0	0	39004	39004
TP1_synth_reverse		3	G	0	0	0	422597	0	71	0	422668	0	0	0	39403	0	22	0	39425
TP1_synth_reverse		4	G	0	0	0	422915	0	43	0	422958	0	0	0	39655	0	5	0	39660
TP1_synth_reverse		5	T	0	0	0	0	0	131	423131	423262	0	0	0	0	0	45	39857	39902
TP1_synth_reverse		6	G	78	40	0	423943	0	18	236	424315	9	4	0	40174	0	9	17	40213
TP1_synth_reverse		7	A	424594	21	0	52	0	8	75	424750	40273	2	0	4	0	1	2	40282
TP1_synth_reverse		8	G	117	43	0	424565	1	49	61	424836	7	5	0	40282	0	1	20	40315
TP1_synth_reverse		9	G	91	65	0	424718	5	11	89	424979	7	18	0	40298	2	1	17	40343
TP1_synth_reverse		10	C	162	424345	365	13	1	10	114	425010	52	40293	11	1	0	2	9	40368
TP1_synth_reverse		11	T	219	82	236	17	61	38	424357	425010	77	6	15	4	12	27	40227	40368
TP1_synth_reverse		12	C	163	422397	2290	13	0	47	100	425010	42	40203	88	1	0	24	10	40368
TP1_synth_reverse		13	C	209	424546	1	21	0	80	153	425010	46	40292	0	3	0	20	7	40368
TP1_synth_reverse		14	C	175	424682	0	14	0	38	101	425010	30	40334	0	1	0	3	0	40368
TP1_synth_reverse		15	C	328	424485	12	34	4	39	108	425010	48	40293	0	4	0	16	7	40368
TP1_synth_reverse		16	T	342	45	966	28	0	19	423619	425019	106	2	77	1	0	4	40185	40375
TP1_synth_reverse		17	T	406	470	465	11	0	103	423564	425019	142	26	42	3	0	54	40108	40375
TP1_synth_reverse		18	T	293	113	489	16	0	66	424042	425019	85	9	46	1	0	27	40207	40375
TP1_synth_reverse		19	C	288	424726	575	19	152	59	77	425896	129	40246	54	4	22	28	6	40489
TP1_synth_reverse		20	T	392	307	353	31	0	26	424787	425896	147	15	59	1	0	8	40259	40489
TP1_synth_reverse		21	T	1234	83	155	58	223	98	424056	425907	492	4	9	5	40	16	39933	40499
TP1_synth_reverse		22	G	87	402	644	424545	0	77	152	425907	11	213	37	40192	0	5	41	40499
TP1_synth_reverse		23	C	520	424029	608	39	466	67	184	425913	176	40163	52	2	53	34	23	40503
TP1_synth_reverse		24	G	115	95	1143	424084	0	40	441	425918	8	36	78	40313	0	19	54	40508
TP1_synth_reverse		25	G	395	281	153	424754	136	38	172	425929	68	122	9	40249	9	4	52	40513
TP1_synth_reverse		26	A	425151	15	355	97	185	66	75	425944	40442	5	24	7	22	16	4	40520
TP1_synth_reverse		27	G	49	108	407	424900	2	51	427	425944	5	34	21	40242	1	17	200	40520
TP1_synth_reverse		28	A	424907	72	532	241	81	36	75	425944	40417	10	39	15	5	26	8	40520
TP1_synth_reverse		29	T	467	454	618	40	0	8	424357	425944	140	13	53	1	0	4	40309	40520
TP1_synth_reverse		30	T	1799	68	197	3	2	38	423844	425951	676	16	21	1	0	26	39782	40522
TP1_synth_reverse		31	C	497	424722	327	19	294	8	75	425942	222	40254	23	2	9	2	4	40516
TP1_synth_reverse		32	T	631	109	528	31	169	34	424474	425976	166	13	38	8	7	9	40283	40524
TP1_synth_reverse		33	C	530	425045	255	17	0	9	120	425976	271	40205	34	1	0	3	10	40524
TP1_synth_reverse		34	T	778	83	179	30	0	10	424890	425970	212	8	31	4	0	7	40260	40522
TP1_synth_reverse		35	T	1963	52	199	41	0	36	423674	425965	730	4	26	10	0	7	39742	40519
TP1_synth_reverse		36	C	403	425037	405	20	1	32	66	425964	111	40349	43	3	1	8	3	40518
TP1_synth_reverse		37	C	458	424382	210	47	47	19	795	425958	120	40310	22	2	10	0	51	40515
TP1_synth_reverse		38	T	917	41	219	32	0	39	424701	425949	342	4	23	5	0	4	40132	40510
TP1_synth_reverse		39	C	252	425121	458	25	2	24	63	425945	85	40378	40	1	0	2	0	40506
TP1_synth_reverse		40	T	1005	103	442	11	180	14	424188	425943	286	6	39	2	22	2	40147	40504
TP1_synth_reverse		41	G	255	880	241	423000	246	9	1307	425938	36	397	33	39739	23	4	271	40503
TP1_synth_reverse		42	T	1675	58	500	30	169	65	423439	425936	662	2	30	2	15	20	39770	40501
TP1_synth_reverse		43	G	292	912	27	424177	0	42	500	425950	26	271	6	40078	0	8	125	40514
TP1_synth_reverse		44	C	524	423997	707	32	0	66	623	425949	199	40217	38	2	0	16	42	40514
TP1_synth_reverse		45	G	162	343	568	422977	0	37	1861	425948	11	97	21	39946	0	2	436	40513
TP1_synth_reverse		46	C	839	423946	724	39	0	13	397	425958	370	40094	23	5	0	5	25	40522
TP1_synth_reverse		47	C	258	425285	41	35	169	6	170	425964	88	40372	7	9	35	1	16	40528
TP1_synth_reverse		48	G	122	770	220	423163	1	6	1679	425961	14	378	17	39747	0	0	370	40526
TP1_synth_reverse		49	A	425686	27	122	36	0	29	85	425985	41200	4	26	5	0	2	6	41243
TP1_synth_reverse		50	T	1712	139	43	18	127	16	423927	425982	365	13	8	2	5	4	40846	41243
TP1_synth_reverse		51	A	425741	36	66	53	0	43	73	426012	41213	12	17	6	0	15	3	41266
TP1_synth_reverse		52	C	417	424856	601	30	0	25	80	426009	183	41033	33	4	0	3	8	41264
TP1_synth_reverse		53	A	425502	39	179	86	93	31	91	426021	41194	10	22	9	14	16	6	41271
TP1_synth_reverse		54	G	285	281	194	424795	1	15	443	426014	36	72	26	41041	1	3	86	41265
TP1_synth_reverse		55	A	425625	97	195	84	0	23	58	426082	41196	27	26	4	0	13	2	41268
TP1_synth_reverse		56	A	425887	10	25	44	0	34	81	426081	41236	2	5	4	0	8	12	41267
TP1_synth_reverse		57	T	2306	42	172	114	0	23	423412	426069	417	2	10	15	0	13	40805	41262
TP1_synth_reverse		58	A	425824	22	131	37	0	22	84	426120	41221	6	25	1	0	8	5	41266
TP1_synth_reverse		59	T	1522	59	51	85	0	12	424378	426107	336	5	10	17	0	3	40891	41262
TP1_synth_reverse		60	C	1019	424564	366	75	0	22	62	426108	342	40865	30	13	0	2	7	41259
TP1_synth_reverse		61	T	1158	55	253	161	2	12	424487	426128	255	5	28	27	1	3	40935	41254
TP1_synth_reverse		62	G	1260	218	13	423823	0	72	744	426130	145	60	6	40752	0	21	268	41252
TP1_synth_reverse		63	T	2948	53	13	72	0	22	423041	426149	925	3	10	10	0	3	40299	41250
TP1_synth_reverse		64	T	1632	52	5	77	14	47	424330	426157	330	6	1	9	4	3	40900	41253
TP1_synth_reverse		65	C	418	424500	461	45	440	50	243	426157	98	41076	33	4	22	7	13	41253
TP1_synth_reverse		66	G	372	279	336	424636	1	33	496	426153	78	83	26	40829	0	21	215	41252
TP1_synth_reverse		67	C	698	424567	698	17	0	104	80	426164	285	40879	54	4	0	24	8	41254
TP1_synth_reverse		68	A	425096	260	606	85	0	69	55	426171	41128	55	50	6	0	9	10	41258
TP1_synth_reverse		69	C	134	424618	983	20	296	49	69	426169	39	41109	53	5	24	21	5	41256
TP1_synth_reverse		70	T	899	67	808	107	7	23	424253	426164	200	3	42	10	3	2	40993	41253
TP1_synth_reverse		71	C	236	424304	1497	22	0	7	88	426154	57	41123	59	1	0	1	6	41247
TP1_synth_reverse		72	C	644	424498	560	115	48	37	246	426148	270	40904	23	14	13	11	11	41246
TP1_synth_reverse		73	G	399	196	437	424887	0	104	111	426134	73	54	45	41005	0	26	35	41238
TP1_synth_reverse		74	A	424710	63	654	59	1	66	578	426131	41113	13	50	7	1	5	48	41237
TP1_synth_reverse		75	G	205	178	529	425049	0	11	147	426119	32	49	32	41075	0	3	42	41233
TP1_synth_reverse		76	T	2270	81	676	53	48	16	422741	425885	793	10	28	7	9	12	40354	41213
TP1_synth_reverse		77	G	546	257	74	424412	0	27	560	425876	47	97	21	40875	0	14	155	41209
TP1_synth_reverse		78	C	375	423870	485	28	0	38	1077	425873	98	40985	48	4	0	20	54	41209
TP1_synth_reverse		79	G	474	603	379	423797	0	89	523	425865	39	303	24	40709	0	14	116	41205
TP1_synth_reverse		80	G	777	165	0	424597	0	119	188	425846	93	52	0	40999	0	7	44	41195
TP1_synth_reverse		81	C	710	424108	801	41	1	84	91	425836	43	41098	30	4	1	11	3	41190
TP1_synth_reverse		82	A	423775	30	1014	79	0	51	82	425031	40327	8	84	4	0	10	1	40434
TP1_synth_reverse		83	A	424666	48	4	65	0	120	33	424936	40341	8	0	2	0	9	2	40362
TP1_synth_reverse		84	A	424636	32	0	157	0	53	25	424903	40334	1	0	19	0	5	0	40359
TP1_synth_reverse		85	G	76	162	40	424341	50	65	118	424852	15	36	6	40246	2	22	16	40343
TP1_synth_reverse		86	C	252	424313	88	53	0	29	79	424814	69	40251	4	1	0	3	3	40331
TP1_synth_reverse		87	T	940	72	115	43	1	54	423529	424754	192	3	4	5	0	14	40096	40314
TP1_synth_reverse		88	G	127	278	102	424018	42	64	94	424725	13	38	2	40222	1	6	20	40302
TP1_synth_reverse		89	T	708	63	478	31	0	141	423251	424672	108	4	17	2	0	48	40113	40292
TP1_synth_reverse		90	T	767	85	1	50	1	78	423543	424525	147	6	0	9	0	10	40079	40251
TP1_synth_reverse		91	C	329	423704	0	240	1	19	155	424448	55	40158	0	6	0	0	7	40226
TP1_synth_reverse		92	C	281	423060	0	251	0	30	282	423904	35	40118	0	20	0	3	11	40187
TP1_synth_reverse		93	G	274	97	0	422411	0	60	77	422919	28	27	0	40024	0	9	15	40103
TP1_synth_reverse		94	T	588	56	0	79	0	85	422024	422832	105	4	0	9	0	9	39959	40086
TP1_synth_reverse		95	C	0	422166	0	0	0	67	0	422233	0	40005	0	0	0	24	0	40029
TP1_synth_reverse		96	C	0	420999	0	0	0	43	0	421042	0	39936	0	0	0	8	0	39944
TP1_synth_reverse		97	C	0	420187	0	0	0	92	0	420279	0	39831	0	0	0	24	0	39855
TP1_synth_reverse		98	A	417987	0	0	0	0	0	0	417987	39686	0	0	0	0	0	0	39686
TP1_synth_reverse		99	G	0	0	0	417455	0	0	0	417455	0	0	0	39604	0	0	0	39604
