



























































































































































































































#AmpliconChromStart	Alias	Position	ProbableRef	rawA	rawC	rawD	rawG	rawI	rawN	rawT	rawDepth	consA	consC	consD	consG	consI	consN	consT	consDepth	
TP1_synth_reverse		1	G	0	0	0	419475	0	0	0	419475	0	0	0	8670	0	0	0	8670
TP1_synth_reverse		2	T	0	0	0	0	0	0	420637	420637	0	0	0	0	0	0	8683	8683
TP1_synth_reverse		3	G	0	0	0	422597	0	71	0	422668	0	0	0	8704	0	0	0	8704
TP1_synth_reverse		4	G	0	0	0	422915	0	43	0	422958	0	0	0	8706	0	0	0	8706
TP1_synth_reverse		5	T	0	0	0	0	0	131	423131	423262	0	0	0	0	0	0	8707	8707
TP1_synth_reverse		6	G	78	40	0	423943	0	18	236	424315	0	0	0	8712	0	0	1	8713
TP1_synth_reverse		7	A	424594	21	0	52	0	8	75	424750	8722	0	0	0	0	0	0	8722
TP1_synth_reverse		8	G	117	43	0	424565	1	49	61	424836	1	0	0	8726	0	0	0	8727
TP1_synth_reverse		9	G	91	65	0	424718	5	11	89	424979	0	0	0	8731	0	0	0	8731
TP1_synth_reverse		10	C	162	424345	365	13	1	10	114	425010	0	8728	2	0	0	0	2	8732
TP1_synth_reverse		11	T	219	82	236	17	61	38	424357	425010	0	0	4	0	4	0	8724	8732
TP1_synth_reverse		12	C	163	422397	2290	13	0	47	100	425010	0	8717	15	0	0	0	0	8732
TP1_synth_reverse		13	C	209	424561	1	21	0	80	153	425025	0	8732	0	0	0	0	0	8732
TP1_synth_reverse		14	C	175	424697	0	14	0	38	101	425025	0	8732	0	0	0	0	0	8732
TP1_synth_reverse		15	C	328	424500	12	34	4	39	108	425025	1	8730	0	0	0	0	1	8732
TP1_synth_reverse		16	T	342	45	966	28	0	19	423634	425034	0	0	11	0	0	0	8721	8732
TP1_synth_reverse		17	T	406	470	465	11	0	103	423579	425034	0	3	10	0	0	0	8719	8732
TP1_synth_reverse		18	T	293	113	489	16	0	66	424057	425034	0	1	12	0	0	0	8719	8732
TP1_synth_reverse		19	C	289	424740	575	19	152	59	77	425911	0	8718	13	0	2	0	0	8733
TP1_synth_reverse		20	T	392	307	353	31	0	26	424806	425915	0	2	12	0	0	0	8719	8733
TP1_synth_reverse		21	T	1235	83	155	58	223	98	424074	425926	0	0	1	0	12	0	8720	8733
TP1_synth_reverse		22	G	87	402	644	424563	0	77	153	425926	0	0	6	8727	0	0	0	8733
TP1_synth_reverse		23	C	520	424048	608	39	466	67	184	425932	0	8715	7	0	6	0	5	8733
TP1_synth_reverse		24	G	115	95	1143	424098	0	40	441	425932	0	0	13	8718	0	0	2	8733
TP1_synth_reverse		25	G	395	281	153	424757	136	38	172	425932	3	0	1	8727	2	0	0	8733
TP1_synth_reverse		26	A	425154	15	355	97	185	66	75	425947	8723	0	4	0	7	0	0	8734
TP1_synth_reverse		27	G	49	108	407	424902	2	51	428	425947	0	0	3	8731	0	0	0	8734
TP1_synth_reverse		28	A	424910	72	532	241	81	36	75	425947	8725	0	5	1	3	0	0	8734
TP1_synth_reverse		29	T	468	454	618	40	0	8	424359	425947	0	2	12	0	0	0	8720	8734
TP1_synth_reverse		30	T	1799	68	197	3	2	39	423846	425954	0	1	4	0	0	0	8730	8735
TP1_synth_reverse		31	C	498	424724	327	19	294	8	75	425945	0	8728	6	0	1	0	0	8735
TP1_synth_reverse		32	T	633	109	528	31	168	34	424476	425979	0	2	8	0	1	0	8726	8737
TP1_synth_reverse		33	C	530	425048	255	17	0	9	120	425979	0	8729	6	0	0	0	2	8737
TP1_synth_reverse		34	T	779	83	179	30	0	10	424892	425973	0	1	7	0	0	0	8729	8737
TP1_synth_reverse		35	T	1961	52	199	41	0	36	423679	425968	0	0	7	0	0	0	8730	8737
TP1_synth_reverse		36	C	401	425042	405	20	1	32	66	425967	0	8726	11	0	0	0	0	8737
TP1_synth_reverse		37	C	457	424386	210	47	47	19	795	425961	0	8720	5	0	2	0	10	8737
TP1_synth_reverse		38	T	917	41	219	33	0	39	424703	425952	0	0	7	0	0	0	8730	8737
TP1_synth_reverse		39	C	253	425123	458	25	2	24	63	425948	0	8729	8	0	0	0	0	8737
TP1_synth_reverse		40	T	1005	103	442	11	180	14	424191	425946	0	2	11	0	4	0	8720	8737
TP1_synth_reverse		41	G	255	879	241	423003	246	9	1308	425941	6	0	6	8718	4	0	3	8737
TP1_synth_reverse		42	T	1673	58	500	31	169	65	423443	425939	0	0	9	0	3	0	8725	8737
TP1_synth_reverse		43	G	292	912	27	424179	0	42	501	425953	4	0	1	8732	0	0	0	8737
TP1_synth_reverse		44	C	523	424009	707	32	0	66	623	425960	0	8723	4	0	0	0	10	8737
TP1_synth_reverse		45	G	162	344	568	422988	0	37	1860	425959	1	4	2	8730	0	0	0	8737
TP1_synth_reverse		46	C	839	423956	724	40	0	13	397	425969	0	8731	3	0	0	0	3	8737
TP1_synth_reverse		47	C	257	425292	41	34	168	6	170	425968	0	8723	2	0	10	0	2	8737
TP1_synth_reverse		48	G	123	770	220	423170	1	6	1675	425965	1	0	4	8731	0	0	1	8737
TP1_synth_reverse		49	A	425690	27	122	36	0	29	85	425989	8732	0	8	0	0	0	0	8740
TP1_synth_reverse		50	T	1715	139	43	18	127	16	423928	425986	0	2	2	0	1	0	8735	8740
TP1_synth_reverse		51	A	425745	36	66	53	0	43	73	426016	8737	0	4	0	0	0	0	8741
TP1_synth_reverse		52	C	416	424857	605	30	0	25	80	426013	0	8734	7	0	0	0	0	8741
TP1_synth_reverse		53	A	425506	39	179	86	93	31	91	426025	8733	1	4	0	4	0	0	8742
TP1_synth_reverse		54	G	283	282	194	424801	1	15	442	426018	1	0	5	8736	0	0	0	8742
TP1_synth_reverse		55	A	425629	97	195	84	0	23	58	426086	8737	0	6	0	0	0	0	8743
TP1_synth_reverse		56	A	425892	10	25	44	0	34	80	426085	8742	0	1	0	0	0	0	8743
TP1_synth_reverse		57	T	2306	42	172	114	0	23	423416	426073	0	0	2	0	0	0	8741	8743
TP1_synth_reverse		58	A	425828	22	131	37	0	22	84	426124	8741	1	2	0	0	0	0	8744
TP1_synth_reverse		59	T	1524	59	51	85	0	12	424380	426111	0	2	2	0	0	0	8740	8744
TP1_synth_reverse		60	C	1016	424571	366	75	0	22	62	426112	0	8740	5	0	0	0	0	8745
TP1_synth_reverse		61	T	1161	55	253	161	2	12	424488	426132	0	0	3	0	0	0	8743	8746
TP1_synth_reverse		62	G	1259	218	13	423828	0	72	744	426134	5	0	2	8737	0	0	3	8747
TP1_synth_reverse		63	T	2947	53	13	72	0	22	423046	426153	0	0	0	1	0	0	8747	8748
TP1_synth_reverse		64	T	1634	52	5	77	14	47	424332	426161	0	0	0	0	1	0	8748	8749
TP1_synth_reverse		65	C	418	424504	461	45	440	50	243	426161	1	8741	4	0	3	0	0	8749
TP1_synth_reverse		66	G	370	280	336	424643	1	34	493	426157	0	0	1	8747	0	0	1	8749
TP1_synth_reverse		67	C	697	424572	698	17	0	104	80	426168	0	8747	3	0	0	0	0	8750
TP1_synth_reverse		68	A	425099	260	606	85	0	69	55	426174	8739	0	12	0	0	0	0	8751
TP1_synth_reverse		69	C	134	424621	983	19	296	50	69	426172	0	8733	13	0	5	0	0	8751
TP1_synth_reverse		70	T	899	67	808	107	7	23	424256	426167	0	0	13	0	0	0	8738	8751
TP1_synth_reverse		71	C	238	424305	1497	22	0	7	88	426157	0	8737	14	0	0	0	0	8751
TP1_synth_reverse		72	C	641	424505	560	115	47	37	246	426151	0	8741	6	2	1	0	1	8751
TP1_synth_reverse		73	G	401	195	437	424887	0	105	112	426137	3	0	12	8736	0	0	0	8751
TP1_synth_reverse		74	A	424714	63	654	59	1	66	577	426134	8736	0	11	0	0	0	4	8751
TP1_synth_reverse		75	G	206	178	529	425049	0	11	149	426122	3	0	5	8742	0	0	1	8751
TP1_synth_reverse		76	T	2267	81	676	53	48	16	422747	425888	0	1	3	0	0	0	8747	8751
TP1_synth_reverse		77	G	546	256	74	424416	0	28	560	425880	4	0	2	8745	0	0	0	8751
TP1_synth_reverse		78	C	376	423873	485	28	0	38	1077	425877	0	8740	4	0	0	0	7	8751
TP1_synth_reverse		79	G	473	604	379	423801	0	89	523	425869	4	0	1	8746	0	0	0	8751
TP1_synth_reverse		80	G	777	165	0	424600	0	119	189	425850	5	0	0	8746	0	0	0	8751
TP1_synth_reverse		81	C	710	424112	801	41	1	84	91	425840	3	8745	3	0	0	0	0	8751
TP1_synth_reverse		82	A	423780	30	1014	79	0	51	81	425035	8737	0	14	0	0	0	0	8751
TP1_synth_reverse		83	A	424670	48	4	65	0	120	33	424940	8747	0	0	0	0	0	0	8747
TP1_synth_reverse		84	A	424640	32	0	157	0	53	25	424907	8747	0	0	0	0	0	0	8747
TP1_synth_reverse		85	G	76	162	40	424345	50	65	118	424856	0	0	2	8745	0	0	0	8747
TP1_synth_reverse		86	C	252	424317	88	53	0	29	79	424818	0	8746	1	0	0	0	0	8747
TP1_synth_reverse		87	T	942	72	115	43	1	54	423530	424757	0	0	2	0	0	0	8745	8747
TP1_synth_reverse		88	G	127	279	102	424020	42	64	94	424728	0	0	1	8746	0	0	0	8747
TP1_synth_reverse		89	T	708	63	478	30	0	141	423257	424677	0	0	2	0	0	0	8745	8747
TP1_synth_reverse		90	T	767	85	1	50	1	78	423548	424530	0	0	0	0	0	0	8747	8747
TP1_synth_reverse		91	C	329	423709	0	240	1	19	155	424453	0	8747	0	0	0	0	0	8747
TP1_synth_reverse		92	C	281	423065	0	251	0	30	282	423909	0	8744	0	0	0	0	1	8745
TP1_synth_reverse		93	G	274	97	0	422416	0	60	77	422924	0	0	0	8741	0	0	0	8741
TP1_synth_reverse		94	T	588	56	0	77	0	85	422030	422836	0	0	0	0	0	0	8741	8741
TP1_synth_reverse		95	C	0	422169	0	0	0	67	0	422236	0	8740	0	0	0	0	0	8740
TP1_synth_reverse		96	C	0	421002	0	0	0	43	0	421045	0	8739	0	0	0	0	0	8739
TP1_synth_reverse		97	C	0	420191	0	0	0	92	0	420283	0	8736	0	0	0	0	0	8736
TP1_synth_reverse		98	A	417992	0	0	0	0	0	0	417992	8730	0	0	0	0	0	0	8730
TP1_synth_reverse		99	G	0	0	0	417460	0	0	0	417460	0	0	0	8729	0	0	0	8729
