



























































































































































































































#AmpliconChromStart	Alias	Position	ProbableRef	rawA	rawC	rawD	rawG	rawI	rawN	rawT	rawDepth	consA	consC	consD	consG	consI	consN	consT	consDepth	
TP1_synth_reverse		1	G	0	0	0	419475	0	0	0	419475	0	0	0	3395	0	0	0	3395
TP1_synth_reverse		2	T	0	0	0	0	0	0	420637	420637	0	0	0	0	0	0	3401	3401
TP1_synth_reverse		3	G	0	0	0	422597	0	71	0	422668	0	0	0	3408	0	0	0	3408
TP1_synth_reverse		4	G	0	0	0	422915	0	43	0	422958	0	0	0	3409	0	0	0	3409
TP1_synth_reverse		5	T	0	0	0	0	0	131	423131	423262	0	0	0	0	0	0	3410	3410
TP1_synth_reverse		6	G	78	40	0	423943	0	18	236	424315	0	0	0	3412	0	0	1	3413
TP1_synth_reverse		7	A	424594	21	0	52	0	8	75	424750	3416	0	0	0	0	0	0	3416
TP1_synth_reverse		8	G	117	43	0	424565	1	49	61	424836	1	0	0	3415	0	0	0	3416
TP1_synth_reverse		9	G	91	65	0	424718	5	11	89	424979	0	0	0	3417	0	0	0	3417
TP1_synth_reverse		10	C	162	424345	365	13	1	10	114	425010	0	3415	1	0	0	0	1	3417
TP1_synth_reverse		11	T	219	82	236	17	61	38	424357	425010	0	0	3	0	0	0	3414	3417
TP1_synth_reverse		12	C	163	422397	2290	13	0	47	100	425010	0	3407	10	0	0	0	0	3417
TP1_synth_reverse		13	C	209	424546	1	21	0	80	153	425010	0	3417	0	0	0	0	0	3417
TP1_synth_reverse		14	C	175	424694	0	14	0	38	101	425022	0	3417	0	0	0	0	0	3417
TP1_synth_reverse		15	C	328	424497	12	34	4	39	108	425022	1	3415	0	0	0	0	1	3417
TP1_synth_reverse		16	T	342	45	966	28	0	19	423631	425031	0	0	5	0	0	0	3412	3417
TP1_synth_reverse		17	T	406	470	465	11	0	103	423576	425031	0	2	5	0	0	0	3410	3417
TP1_synth_reverse		18	T	293	113	489	16	0	66	424054	425031	0	0	6	0	0	0	3411	3417
TP1_synth_reverse		19	C	288	424738	575	19	152	59	77	425908	0	3409	8	0	1	0	0	3418
TP1_synth_reverse		20	T	393	307	353	31	0	26	424802	425912	0	1	2	0	0	0	3415	3418
TP1_synth_reverse		21	T	1236	83	155	58	223	98	424070	425923	0	0	1	0	2	0	3415	3418
TP1_synth_reverse		22	G	87	402	644	424561	0	77	152	425923	0	0	4	3414	0	0	0	3418
TP1_synth_reverse		23	C	520	424039	608	39	466	67	184	425923	0	3413	3	0	2	0	0	3418
TP1_synth_reverse		24	G	115	95	1143	424093	0	40	442	425928	0	0	6	3410	0	0	2	3418
TP1_synth_reverse		25	G	395	282	153	424763	136	38	172	425939	2	0	1	3414	1	0	0	3418
TP1_synth_reverse		26	A	425161	15	355	97	185	66	75	425954	3412	0	4	0	2	0	0	3418
TP1_synth_reverse		27	G	49	108	407	424910	2	51	427	425954	0	0	2	3416	0	0	0	3418
TP1_synth_reverse		28	A	424917	72	532	241	81	36	75	425954	3412	0	3	1	2	0	0	3418
TP1_synth_reverse		29	T	467	454	618	40	0	8	424367	425954	0	2	7	0	0	0	3409	3418
TP1_synth_reverse		30	T	1799	68	197	3	2	39	423853	425961	0	0	2	0	0	0	3416	3418
TP1_synth_reverse		31	C	496	424732	327	19	295	8	75	425952	0	3414	3	0	1	0	0	3418
TP1_synth_reverse		32	T	633	109	528	31	169	34	424482	425986	0	1	3	0	1	0	3413	3418
TP1_synth_reverse		33	C	530	425055	255	17	0	9	120	425986	0	3415	2	0	0	0	1	3418
TP1_synth_reverse		34	T	779	83	179	30	0	10	424899	425980	0	0	2	0	0	0	3416	3418
TP1_synth_reverse		35	T	1962	52	199	41	0	36	423685	425975	0	0	3	0	0	0	3415	3418
TP1_synth_reverse		36	C	404	425046	405	20	1	32	66	425974	0	3413	5	0	0	0	0	3418
TP1_synth_reverse		37	C	458	424392	210	47	47	19	795	425968	0	3408	2	0	1	0	7	3418
TP1_synth_reverse		38	T	918	41	219	32	0	39	424710	425959	0	0	2	0	0	0	3416	3418
TP1_synth_reverse		39	C	252	425131	458	25	2	24	63	425955	0	3414	4	0	0	0	0	3418
TP1_synth_reverse		40	T	1003	103	442	11	180	14	424200	425953	0	1	5	0	1	0	3411	3418
TP1_synth_reverse		41	G	255	880	241	423008	246	9	1309	425948	3	0	2	3409	2	0	2	3418
TP1_synth_reverse		42	T	1673	58	500	30	169	65	423451	425946	0	0	5	0	3	0	3410	3418
TP1_synth_reverse		43	G	292	911	27	424187	0	42	501	425960	2	0	0	3416	0	0	0	3418
TP1_synth_reverse		44	C	525	424014	707	32	0	66	623	425967	0	3411	2	0	0	0	5	3418
TP1_synth_reverse		45	G	162	343	568	422994	0	37	1862	425966	0	1	1	3416	0	0	0	3418
TP1_synth_reverse		46	C	839	423964	724	39	0	13	397	425976	0	3413	2	0	0	0	3	3418
TP1_synth_reverse		47	C	258	425303	41	35	169	6	170	425982	0	3417	0	0	1	0	0	3418
TP1_synth_reverse		48	G	122	770	220	423180	1	6	1680	425979	0	0	1	3417	0	0	0	3418
TP1_synth_reverse		49	A	425704	27	122	36	0	29	85	426003	3418	0	0	0	0	0	0	3418
TP1_synth_reverse		50	T	1715	139	43	18	127	16	423942	426000	0	1	0	0	1	0	3416	3418
TP1_synth_reverse		51	A	425759	36	66	53	0	43	73	426030	3418	0	0	0	0	0	0	3418
TP1_synth_reverse		52	C	419	424872	601	30	0	25	80	426027	0	3416	2	0	0	0	0	3418
TP1_synth_reverse		53	A	425521	39	179	86	93	31	90	426039	3415	0	1	0	2	0	0	3418
TP1_synth_reverse		54	G	284	280	194	424814	1	15	444	426032	1	0	1	3416	0	0	0	3418
TP1_synth_reverse		55	A	425643	97	195	84	0	23	58	426100	3418	0	1	0	0	0	0	3419
TP1_synth_reverse		56	A	425905	10	25	44	0	34	81	426099	3419	0	0	0	0	0	0	3419
TP1_synth_reverse		57	T	2306	42	172	114	0	23	423430	426087	0	0	1	0	0	0	3418	3419
TP1_synth_reverse		58	A	425842	22	131	37	0	22	84	426138	3419	0	1	0	0	0	0	3420
TP1_synth_reverse		59	T	1527	59	51	85	0	12	424391	426125	0	0	0	0	0	0	3420	3420
TP1_synth_reverse		60	C	1019	424571	366	75	0	22	62	426115	0	3418	2	0	0	0	0	3420
TP1_synth_reverse		61	T	1158	55	253	161	2	12	424494	426135	0	0	2	0	0	0	3419	3421
TP1_synth_reverse		62	G	1260	218	13	423830	0	72	744	426137	4	0	0	3415	0	0	2	3421
TP1_synth_reverse		63	T	2952	53	13	72	0	22	423044	426156	0	0	0	1	0	0	3421	3422
TP1_synth_reverse		64	T	1633	52	5	77	14	47	424336	426164	0	0	0	0	0	0	3422	3422
TP1_synth_reverse		65	C	418	424507	461	45	440	50	243	426164	0	3416	3	0	3	0	0	3422
TP1_synth_reverse		66	G	372	279	336	424639	1	34	496	426157	0	0	1	3421	0	0	0	3422
TP1_synth_reverse		67	C	698	424571	698	17	0	104	80	426168	0	3419	3	0	0	0	0	3422
TP1_synth_reverse		68	A	425100	260	606	85	0	69	55	426175	3420	0	2	0	0	0	0	3422
TP1_synth_reverse		69	C	134	424621	983	20	296	50	69	426173	0	3414	5	0	3	0	0	3422
TP1_synth_reverse		70	T	900	67	808	107	7	23	424256	426168	0	0	3	0	0	0	3419	3422
TP1_synth_reverse		71	C	236	424308	1497	22	0	7	88	426158	0	3415	7	0	0	0	0	3422
TP1_synth_reverse		72	C	645	424501	560	115	48	37	246	426152	0	3418	2	1	0	0	1	3422
TP1_synth_reverse		73	G	401	196	437	424887	0	105	112	426138	1	0	3	3418	0	0	0	3422
TP1_synth_reverse		74	A	424714	63	654	59	1	66	578	426135	3416	0	3	0	0	0	3	3422
TP1_synth_reverse		75	G	205	178	529	425053	0	11	147	426123	1	0	2	3419	0	0	0	3422
TP1_synth_reverse		76	T	2272	81	676	53	48	16	422743	425889	0	0	2	0	0	0	3420	3422
TP1_synth_reverse		77	G	546	257	74	424414	0	28	561	425880	3	0	0	3419	0	0	0	3422
TP1_synth_reverse		78	C	375	423874	485	28	0	38	1077	425877	0	3413	4	0	0	0	5	3422
TP1_synth_reverse		79	G	474	604	379	423800	0	89	523	425869	1	0	1	3420	0	0	0	3422
TP1_synth_reverse		80	G	777	165	0	424601	0	119	188	425850	3	0	0	3419	0	0	0	3422
TP1_synth_reverse		81	C	710	424112	801	41	1	84	91	425840	2	3417	3	0	0	0	0	3422
TP1_synth_reverse		82	A	423779	30	1014	79	0	51	82	425035	3419	0	3	0	0	0	0	3422
TP1_synth_reverse		83	A	424670	48	4	65	0	120	33	424940	3421	0	0	0	0	0	0	3421
TP1_synth_reverse		84	A	424641	32	0	156	0	53	25	424907	3421	0	0	0	0	0	0	3421
TP1_synth_reverse		85	G	76	162	40	424345	50	65	118	424856	0	0	0	3421	0	0	0	3421
TP1_synth_reverse		86	C	252	424317	88	53	0	29	79	424818	0	3420	1	0	0	0	0	3421
TP1_synth_reverse		87	T	940	72	115	43	1	54	423533	424758	0	0	0	0	0	0	3421	3421
TP1_synth_reverse		88	G	127	278	102	424022	42	64	94	424729	0	0	0	3421	0	0	0	3421
TP1_synth_reverse		89	T	708	63	478	31	0	141	423255	424676	0	0	1	0	0	0	3420	3421
TP1_synth_reverse		90	T	767	85	1	50	1	78	423547	424529	0	0	0	0	0	0	3421	3421
TP1_synth_reverse		91	C	329	423708	0	240	1	19	155	424452	0	3421	0	0	0	0	0	3421
TP1_synth_reverse		92	C	281	423064	0	251	0	30	282	423908	0	3420	0	0	0	0	1	3421
TP1_synth_reverse		93	G	274	97	0	422415	0	60	77	422923	0	0	0	3420	0	0	0	3420
TP1_synth_reverse		94	T	588	56	0	78	0	85	422028	422835	0	0	0	0	0	0	3420	3420
TP1_synth_reverse		95	C	0	422169	0	0	0	67	0	422236	0	3420	0	0	0	0	0	3420
TP1_synth_reverse		96	C	0	421001	0	0	0	43	0	421044	0	3420	0	0	0	0	0	3420
TP1_synth_reverse		97	C	0	420189	0	0	0	92	0	420281	0	3420	0	0	0	0	0	3420
TP1_synth_reverse		98	A	417989	0	0	0	0	0	0	417989	3420	0	0	0	0	0	0	3420
TP1_synth_reverse		99	G	0	0	0	417457	0	0	0	417457	0	0	0	3420	0	0	0	3420
