



























































































































































































































#AmpliconChromStart	Alias	Position	ProbableRef	rawA	rawC	rawD	rawG	rawI	rawN	rawT	rawDepth	consA	consC	consD	consG	consI	consN	consT	consDepth	
TP1_synth_reverse		1	G	0	0	0	419475	0	0	0	419475	0	0	0	6336	0	0	0	6336
TP1_synth_reverse		2	T	0	0	0	0	0	0	420637	420637	0	0	0	0	0	0	6344	6344
TP1_synth_reverse		3	G	0	0	0	422597	0	71	0	422668	0	0	0	6359	0	0	0	6359
TP1_synth_reverse		4	G	0	0	0	422915	0	43	0	422958	0	0	0	6361	0	0	0	6361
TP1_synth_reverse		5	T	0	0	0	0	0	131	423131	423262	0	0	0	0	0	0	6362	6362
TP1_synth_reverse		6	G	78	40	0	423943	0	18	236	424315	0	0	0	6366	0	0	1	6367
TP1_synth_reverse		7	A	424594	21	0	52	0	8	75	424750	6374	0	0	0	0	0	0	6374
TP1_synth_reverse		8	G	117	43	0	424565	1	49	61	424836	1	0	0	6377	0	0	0	6378
TP1_synth_reverse		9	G	91	65	0	424718	5	11	89	424979	0	0	0	6380	0	0	0	6380
TP1_synth_reverse		10	C	162	424345	365	13	1	10	114	425010	0	6377	2	0	0	0	2	6381
TP1_synth_reverse		11	T	219	82	236	17	61	38	424357	425010	0	0	3	0	4	0	6374	6381
TP1_synth_reverse		12	C	163	422397	2290	13	0	47	100	425010	0	6369	12	0	0	0	0	6381
TP1_synth_reverse		13	C	209	424546	1	21	0	80	153	425010	0	6381	0	0	0	0	0	6381
TP1_synth_reverse		14	C	175	424694	0	14	0	38	101	425022	0	6381	0	0	0	0	0	6381
TP1_synth_reverse		15	C	328	424497	12	34	4	39	108	425022	1	6379	0	0	0	0	1	6381
TP1_synth_reverse		16	T	342	45	966	28	0	19	423631	425031	0	0	8	0	0	0	6373	6381
TP1_synth_reverse		17	T	406	470	465	11	0	103	423576	425031	0	2	7	0	0	0	6372	6381
TP1_synth_reverse		18	T	293	113	489	16	0	66	424054	425031	0	1	9	0	0	0	6371	6381
TP1_synth_reverse		19	C	288	424738	575	19	152	59	77	425908	0	6371	10	0	1	0	0	6382
TP1_synth_reverse		20	T	393	307	353	31	0	26	424802	425912	0	1	5	0	0	0	6376	6382
TP1_synth_reverse		21	T	1236	83	155	58	223	98	424070	425923	0	0	1	0	5	0	6376	6382
TP1_synth_reverse		22	G	87	402	644	424561	0	77	152	425923	0	0	4	6378	0	0	0	6382
TP1_synth_reverse		23	C	520	424039	608	39	466	67	184	425923	0	6369	6	0	4	0	3	6382
TP1_synth_reverse		24	G	115	95	1143	424093	0	40	442	425928	0	0	9	6371	0	0	2	6382
TP1_synth_reverse		25	G	395	282	153	424763	136	38	172	425939	3	0	1	6378	1	0	0	6383
TP1_synth_reverse		26	A	425161	15	355	97	185	66	75	425954	6377	0	4	0	3	0	0	6384
TP1_synth_reverse		27	G	49	108	407	424910	2	51	427	425954	0	0	3	6381	0	0	0	6384
TP1_synth_reverse		28	A	424917	72	532	241	81	36	75	425954	6377	0	3	1	3	0	0	6384
TP1_synth_reverse		29	T	467	454	618	40	0	8	424367	425954	0	2	8	0	0	0	6374	6384
TP1_synth_reverse		30	T	1799	68	197	3	2	39	423853	425961	0	0	2	0	0	0	6382	6384
TP1_synth_reverse		31	C	496	424732	327	19	295	8	75	425952	0	6380	3	0	1	0	0	6384
TP1_synth_reverse		32	T	633	109	528	31	169	34	424482	425986	0	2	3	0	1	0	6380	6386
TP1_synth_reverse		33	C	530	425055	255	17	0	9	120	425986	0	6381	3	0	0	0	2	6386
TP1_synth_reverse		34	T	779	83	179	30	0	10	424899	425980	0	0	3	0	0	0	6383	6386
TP1_synth_reverse		35	T	1962	52	199	41	0	36	423685	425975	0	0	3	0	0	0	6383	6386
TP1_synth_reverse		36	C	404	425046	405	20	1	32	66	425974	0	6379	7	0	0	0	0	6386
TP1_synth_reverse		37	C	458	424392	210	47	47	19	795	425968	0	6373	3	0	1	0	9	6386
TP1_synth_reverse		38	T	918	41	219	32	0	39	424710	425959	0	0	5	0	0	0	6381	6386
TP1_synth_reverse		39	C	252	425131	458	25	2	24	63	425955	0	6380	6	0	0	0	0	6386
TP1_synth_reverse		40	T	1003	103	442	11	180	14	424200	425953	0	1	8	0	4	0	6373	6386
TP1_synth_reverse		41	G	255	880	241	423008	246	9	1309	425948	4	0	4	6372	3	0	3	6386
TP1_synth_reverse		42	T	1673	58	500	30	169	65	423451	425946	0	0	7	0	3	0	6376	6386
TP1_synth_reverse		43	G	292	911	27	424187	0	42	501	425960	2	0	1	6383	0	0	0	6386
TP1_synth_reverse		44	C	525	424014	707	32	0	66	623	425967	0	6374	4	0	0	0	8	6386
TP1_synth_reverse		45	G	162	343	568	422994	0	37	1862	425966	0	3	2	6381	0	0	0	6386
TP1_synth_reverse		46	C	839	423964	724	39	0	13	397	425976	0	6380	3	0	0	0	3	6386
TP1_synth_reverse		47	C	258	425296	41	35	169	6	170	425975	0	6376	1	0	7	0	2	6386
TP1_synth_reverse		48	G	122	770	220	423173	1	6	1680	425972	0	0	3	6382	0	0	1	6386
TP1_synth_reverse		49	A	425697	27	122	36	0	29	85	425996	6381	0	5	0	0	0	0	6386
TP1_synth_reverse		50	T	1715	139	43	18	127	16	423935	425993	0	1	1	0	1	0	6383	6386
TP1_synth_reverse		51	A	425752	36	66	53	0	43	73	426023	6386	0	1	0	0	0	0	6387
TP1_synth_reverse		52	C	419	424865	601	30	0	25	80	426020	0	6383	4	0	0	0	0	6387
TP1_synth_reverse		53	A	425500	39	179	86	93	31	90	426018	6382	0	3	0	2	0	0	6387
TP1_synth_reverse		54	G	284	280	194	424793	1	15	444	426011	1	0	4	6382	0	0	0	6387
TP1_synth_reverse		55	A	425622	97	195	84	0	23	58	426079	6384	0	4	0	0	0	0	6388
TP1_synth_reverse		56	A	425885	10	25	44	0	34	80	426078	6387	0	1	0	0	0	0	6388
TP1_synth_reverse		57	T	2306	42	172	114	0	23	423409	426066	0	0	2	0	0	0	6386	6388
TP1_synth_reverse		58	A	425821	22	131	37	0	22	84	426117	6386	1	2	0	0	0	0	6389
TP1_synth_reverse		59	T	1526	59	51	85	0	12	424371	426104	0	1	1	0	0	0	6387	6389
TP1_synth_reverse		60	C	1016	424564	366	75	0	22	62	426105	0	6388	2	0	0	0	0	6390
TP1_synth_reverse		61	T	1158	55	253	161	2	12	424484	426125	0	0	2	0	0	0	6389	6391
TP1_synth_reverse		62	G	1259	218	13	423823	0	72	742	426127	5	0	0	6385	0	0	2	6392
TP1_synth_reverse		63	T	2945	53	13	72	0	22	423041	426146	0	0	0	1	0	0	6392	6393
TP1_synth_reverse		64	T	1633	52	5	77	14	47	424326	426154	0	0	0	0	0	0	6394	6394
TP1_synth_reverse		65	C	418	424497	461	45	440	50	243	426154	0	6387	4	0	3	0	0	6394
TP1_synth_reverse		66	G	372	279	336	424636	1	34	492	426150	0	0	1	6393	0	0	0	6394
TP1_synth_reverse		67	C	696	424566	698	17	0	104	80	426161	0	6392	3	0	0	0	0	6395
TP1_synth_reverse		68	A	425093	260	606	85	0	69	55	426168	6388	0	8	0	0	0	0	6396
TP1_synth_reverse		69	C	134	424615	983	19	296	50	69	426166	0	6383	10	0	3	0	0	6396
TP1_synth_reverse		70	T	900	67	808	107	7	23	424249	426161	0	0	8	0	0	0	6388	6396
TP1_synth_reverse		71	C	236	424301	1497	22	0	7	88	426151	0	6387	9	0	0	0	0	6396
TP1_synth_reverse		72	C	636	424503	560	115	48	37	246	426145	0	6388	4	2	1	0	1	6396
TP1_synth_reverse		73	G	401	196	437	424880	0	105	112	426131	3	0	6	6387	0	0	0	6396
TP1_synth_reverse		74	A	424707	63	654	59	1	66	578	426128	6387	0	6	0	0	0	3	6396
TP1_synth_reverse		75	G	205	178	529	425046	0	11	147	426116	2	0	2	6392	0	0	0	6396
TP1_synth_reverse		76	T	2267	81	676	53	48	16	422741	425882	0	1	2	0	0	0	6393	6396
TP1_synth_reverse		77	G	546	256	74	424408	0	28	561	425873	4	0	1	6391	0	0	0	6396
TP1_synth_reverse		78	C	374	423868	485	28	0	38	1077	425870	1	6386	4	0	0	0	5	6396
TP1_synth_reverse		79	G	474	604	379	423794	0	89	522	425862	1	0	1	6394	0	0	0	6396
TP1_synth_reverse		80	G	777	165	0	424594	0	119	188	425843	4	0	0	6392	0	0	0	6396
TP1_synth_reverse		81	C	710	424105	801	41	1	84	91	425833	2	6391	3	0	0	0	0	6396
TP1_synth_reverse		82	A	423772	30	1014	79	0	51	82	425028	6389	0	7	0	0	0	0	6396
TP1_synth_reverse		83	A	424663	48	4	65	0	120	33	424933	6395	0	0	0	0	0	0	6395
TP1_synth_reverse		84	A	424633	32	0	157	0	53	25	424900	6395	0	0	0	0	0	0	6395
TP1_synth_reverse		85	G	76	162	40	424338	50	65	118	424849	0	0	0	6395	0	0	0	6395
TP1_synth_reverse		86	C	252	424310	88	53	0	29	79	424811	0	6394	1	0	0	0	0	6395
TP1_synth_reverse		87	T	940	72	115	43	1	54	423526	424751	0	0	1	0	0	0	6394	6395
TP1_synth_reverse		88	G	126	278	102	424016	42	64	94	424722	0	0	0	6395	0	0	0	6395
TP1_synth_reverse		89	T	708	63	478	31	0	141	423248	424669	0	0	2	0	0	0	6393	6395
TP1_synth_reverse		90	T	767	85	1	50	1	78	423540	424522	0	0	0	0	0	0	6395	6395
TP1_synth_reverse		91	C	329	423701	0	240	1	19	155	424445	0	6395	0	0	0	0	0	6395
TP1_synth_reverse		92	C	281	423057	0	251	0	30	282	423901	0	6393	0	0	0	0	1	6394
TP1_synth_reverse		93	G	274	97	0	422408	0	60	77	422916	0	0	0	6391	0	0	0	6391
TP1_synth_reverse		94	T	588	56	0	79	0	85	422020	422828	0	0	0	0	0	0	6391	6391
TP1_synth_reverse		95	C	0	422162	0	0	0	67	0	422229	0	6390	0	0	0	0	0	6390
TP1_synth_reverse		96	C	0	420994	0	0	0	43	0	421037	0	6390	0	0	0	0	0	6390
TP1_synth_reverse		97	C	0	420182	0	0	0	92	0	420274	0	6388	0	0	0	0	0	6388
TP1_synth_reverse		98	A	417982	0	0	0	0	0	0	417982	6386	0	0	0	0	0	0	6386
TP1_synth_reverse		99	G	0	0	0	417450	0	0	0	417450	0	0	0	6386	0	0	0	6386
