



























































































































































































































#AmpliconChromStart	Alias	Position	ProbableRef	rawA	rawC	rawD	rawG	rawI	rawN	rawT	rawDepth	consA	consC	consD	consG	consI	consN	consT	consDepth	
TP1_synth_reverse		1	G	0	0	0	419475	0	0	0	419475	0	0	0	5483	0	0	0	5483
TP1_synth_reverse		2	T	0	0	0	0	0	0	420637	420637	0	0	0	0	0	0	5491	5491
TP1_synth_reverse		3	G	0	0	0	422597	0	71	0	422668	0	0	0	5506	0	0	0	5506
TP1_synth_reverse		4	G	0	0	0	422915	0	43	0	422958	0	0	0	5508	0	0	0	5508
TP1_synth_reverse		5	T	0	0	0	0	0	131	423131	423262	0	0	0	0	0	0	5509	5509
TP1_synth_reverse		6	G	78	40	0	423943	0	18	236	424315	0	0	0	5512	0	0	1	5513
TP1_synth_reverse		7	A	424594	21	0	52	0	8	75	424750	5518	0	0	0	0	0	0	5518
TP1_synth_reverse		8	G	117	43	0	424565	1	49	61	424836	1	0	0	5520	0	0	0	5521
TP1_synth_reverse		9	G	91	65	0	424718	5	11	89	424979	0	0	0	5522	0	0	0	5522
TP1_synth_reverse		10	C	162	424345	365	13	1	10	114	425010	0	5518	2	0	0	0	2	5522
TP1_synth_reverse		11	T	219	82	236	17	61	38	424357	425010	0	0	3	0	3	0	5516	5522
TP1_synth_reverse		12	C	163	422397	2290	13	0	47	100	425010	0	5510	12	0	0	0	0	5522
TP1_synth_reverse		13	C	209	424561	1	21	0	80	153	425025	0	5522	0	0	0	0	0	5522
TP1_synth_reverse		14	C	175	424709	0	14	0	38	101	425037	0	5522	0	0	0	0	0	5522
TP1_synth_reverse		15	C	328	424512	12	34	4	39	108	425037	1	5520	0	0	0	0	1	5522
TP1_synth_reverse		16	T	342	45	966	28	0	19	423646	425046	0	0	8	0	0	0	5514	5522
TP1_synth_reverse		17	T	406	470	465	11	0	103	423591	425046	0	2	6	0	0	0	5514	5522
TP1_synth_reverse		18	T	293	113	489	16	0	66	424069	425046	0	1	8	0	0	0	5513	5522
TP1_synth_reverse		19	C	289	424752	575	19	152	59	77	425923	0	5513	9	0	1	0	0	5523
TP1_synth_reverse		20	T	393	307	353	31	0	26	424817	425927	0	1	4	0	0	0	5518	5523
TP1_synth_reverse		21	T	1237	83	155	58	223	98	424084	425938	0	0	1	0	4	0	5518	5523
TP1_synth_reverse		22	G	87	402	644	424575	0	77	153	425938	0	0	4	5519	0	0	0	5523
TP1_synth_reverse		23	C	520	424060	608	39	466	67	184	425944	0	5510	6	0	4	0	3	5523
TP1_synth_reverse		24	G	115	95	1143	424109	0	40	442	425944	0	0	9	5512	0	0	2	5523
TP1_synth_reverse		25	G	395	282	153	424779	136	38	172	425955	2	0	1	5519	1	0	0	5523
TP1_synth_reverse		26	A	425177	15	355	97	185	66	75	425970	5517	0	4	0	3	0	0	5524
TP1_synth_reverse		27	G	49	108	407	424925	2	51	428	425970	0	0	2	5522	0	0	0	5524
TP1_synth_reverse		28	A	424933	72	532	241	81	36	75	425970	5517	0	3	1	3	0	0	5524
TP1_synth_reverse		29	T	468	454	618	40	0	8	424382	425970	0	2	7	0	0	0	5515	5524
TP1_synth_reverse		30	T	1800	68	197	3	2	39	423868	425977	0	0	2	0	0	0	5522	5524
TP1_synth_reverse		31	C	498	424746	327	19	295	8	75	425968	0	5520	3	0	1	0	0	5524
TP1_synth_reverse		32	T	634	109	528	31	168	34	424498	426002	0	2	3	0	1	0	5520	5526
TP1_synth_reverse		33	C	530	425071	255	17	0	9	120	426002	0	5521	3	0	0	0	2	5526
TP1_synth_reverse		34	T	781	83	179	30	0	10	424913	425996	0	0	2	0	0	0	5524	5526
TP1_synth_reverse		35	T	1964	52	199	41	0	36	423699	425991	0	0	3	0	0	0	5523	5526
TP1_synth_reverse		36	C	404	425062	405	20	1	32	66	425990	0	5520	6	0	0	0	0	5526
TP1_synth_reverse		37	C	459	424407	210	47	47	19	795	425984	0	5514	2	0	1	0	9	5526
TP1_synth_reverse		38	T	918	41	219	33	0	39	424725	425975	0	0	3	0	0	0	5523	5526
TP1_synth_reverse		39	C	254	425145	458	25	2	24	63	425971	0	5521	5	0	0	0	0	5526
TP1_synth_reverse		40	T	1006	103	442	11	180	14	424213	425969	0	1	6	0	3	0	5516	5526
TP1_synth_reverse		41	G	255	880	241	423023	246	9	1310	425964	4	0	3	5513	3	0	3	5526
TP1_synth_reverse		42	T	1673	58	500	31	169	65	423466	425962	0	0	6	0	3	0	5517	5526
TP1_synth_reverse		43	G	292	913	27	424200	0	42	502	425976	2	0	1	5523	0	0	0	5526
TP1_synth_reverse		44	C	525	424022	707	32	0	66	623	425975	0	5517	3	0	0	0	6	5526
TP1_synth_reverse		45	G	162	344	568	422997	0	37	1866	425974	0	3	2	5521	0	0	0	5526
TP1_synth_reverse		46	C	840	423970	724	40	0	13	397	425984	0	5520	3	0	0	0	3	5526
TP1_synth_reverse		47	C	258	425305	41	34	169	6	170	425983	0	5519	1	0	5	0	1	5526
TP1_synth_reverse		48	G	123	771	220	423180	1	6	1679	425980	0	0	3	5522	0	0	1	5526
TP1_synth_reverse		49	A	425705	27	122	36	0	29	85	426004	5524	0	2	0	0	0	0	5526
TP1_synth_reverse		50	T	1714	139	43	18	127	16	423944	426001	0	1	1	0	1	0	5523	5526
TP1_synth_reverse		51	A	425760	36	66	53	0	43	73	426031	5525	0	1	0	0	0	0	5526
TP1_synth_reverse		52	C	417	424871	605	30	0	25	80	426028	0	5522	4	0	0	0	0	5526
TP1_synth_reverse		53	A	425507	39	179	86	93	31	91	426026	5521	0	3	0	2	0	0	5526
TP1_synth_reverse		54	G	284	281	194	424801	1	15	443	426019	1	0	3	5522	0	0	0	5526
TP1_synth_reverse		55	A	425630	97	195	84	0	23	58	426087	5524	0	3	0	0	0	0	5527
TP1_synth_reverse		56	A	425893	10	25	44	0	34	80	426086	5526	0	1	0	0	0	0	5527
TP1_synth_reverse		57	T	2306	42	172	114	0	23	423417	426074	0	0	2	0	0	0	5525	5527
TP1_synth_reverse		58	A	425829	22	131	37	0	22	84	426125	5526	0	2	0	0	0	0	5528
TP1_synth_reverse		59	T	1522	59	51	85	0	12	424383	426112	0	1	1	0	0	0	5526	5528
TP1_synth_reverse		60	C	1016	424572	366	75	0	22	62	426113	0	5527	2	0	0	0	0	5529
TP1_synth_reverse		61	T	1159	55	253	161	2	12	424491	426133	0	0	2	0	0	0	5528	5530
TP1_synth_reverse		62	G	1260	218	13	423829	0	72	743	426135	4	0	0	5525	0	0	2	5531
TP1_synth_reverse		63	T	2941	53	13	72	0	22	423053	426154	0	0	0	1	0	0	5531	5532
TP1_synth_reverse		64	T	1633	52	5	77	14	47	424334	426162	0	0	0	0	0	0	5533	5533
TP1_synth_reverse		65	C	418	424505	461	45	440	50	243	426162	0	5526	4	0	3	0	0	5533
TP1_synth_reverse		66	G	372	280	336	424643	1	34	492	426158	0	0	1	5532	0	0	0	5533
TP1_synth_reverse		67	C	697	424573	698	17	0	104	80	426169	0	5531	3	0	0	0	0	5534
TP1_synth_reverse		68	A	425100	260	606	85	0	69	55	426175	5528	0	6	0	0	0	0	5534
TP1_synth_reverse		69	C	134	424622	983	19	296	50	69	426173	0	5523	8	0	3	0	0	5534
TP1_synth_reverse		70	T	900	67	808	107	7	23	424256	426168	0	0	6	0	0	0	5528	5534
TP1_synth_reverse		71	C	237	424307	1497	22	0	7	88	426158	0	5527	7	0	0	0	0	5534
TP1_synth_reverse		72	C	636	424510	560	115	48	37	246	426152	0	5528	2	2	1	0	1	5534
TP1_synth_reverse		73	G	399	196	437	424890	0	105	111	426138	3	0	4	5527	0	0	0	5534
TP1_synth_reverse		74	A	424715	63	654	59	1	66	577	426135	5527	0	4	0	0	0	3	5534
TP1_synth_reverse		75	G	206	178	529	425050	0	11	149	426123	2	0	2	5530	0	0	0	5534
TP1_synth_reverse		76	T	2264	81	676	53	48	16	422751	425889	0	1	2	0	0	0	5531	5534
TP1_synth_reverse		77	G	546	256	74	424415	0	28	561	425880	4	0	1	5529	0	0	0	5534
TP1_synth_reverse		78	C	376	423873	485	28	0	38	1077	425877	1	5524	4	0	0	0	5	5534
TP1_synth_reverse		79	G	474	605	379	423798	0	89	524	425869	1	0	1	5532	0	0	0	5534
TP1_synth_reverse		80	G	777	165	0	424600	0	119	189	425850	4	0	0	5530	0	0	0	5534
TP1_synth_reverse		81	C	710	424112	801	41	1	84	91	425840	2	5529	3	0	0	0	0	5534
TP1_synth_reverse		82	A	423779	30	1014	79	0	51	82	425035	5528	0	6	0	0	0	0	5534
TP1_synth_reverse		83	A	424670	48	4	65	0	120	33	424940	5533	0	0	0	0	0	0	5533
TP1_synth_reverse		84	A	424640	32	0	157	0	53	25	424907	5533	0	0	0	0	0	0	5533
TP1_synth_reverse		85	G	76	162	40	424345	50	65	118	424856	0	0	0	5533	0	0	0	5533
TP1_synth_reverse		86	C	252	424317	88	53	0	29	79	424818	0	5532	1	0	0	0	0	5533
TP1_synth_reverse		87	T	942	72	115	43	1	54	423531	424758	0	0	1	0	0	0	5532	5533
TP1_synth_reverse		88	G	126	279	102	424022	42	64	94	424729	0	0	0	5533	0	0	0	5533
TP1_synth_reverse		89	T	708	63	478	30	0	141	423256	424676	0	0	2	0	0	0	5531	5533
TP1_synth_reverse		90	T	767	85	1	50	1	78	423547	424529	0	0	0	0	0	0	5533	5533
TP1_synth_reverse		91	C	329	423708	0	240	1	19	155	424452	0	5533	0	0	0	0	0	5533
TP1_synth_reverse		92	C	281	423064	0	251	0	30	282	423908	0	5531	0	0	0	0	1	5532
TP1_synth_reverse		93	G	274	97	0	422415	0	60	77	422923	0	0	0	5530	0	0	0	5530
TP1_synth_reverse		94	T	588	56	0	78	0	85	422029	422836	0	0	0	0	0	0	5530	5530
TP1_synth_reverse		95	C	0	422169	0	0	0	67	0	422236	0	5530	0	0	0	0	0	5530
TP1_synth_reverse		96	C	0	421002	0	0	0	43	0	421045	0	5530	0	0	0	0	0	5530
TP1_synth_reverse		97	C	0	420191	0	0	0	92	0	420283	0	5530	0	0	0	0	0	5530
TP1_synth_reverse		98	A	417991	0	0	0	0	0	0	417991	5530	0	0	0	0	0	0	5530
TP1_synth_reverse		99	G	0	0	0	417459	0	0	0	417459	0	0	0	5530	0	0	0	5530
