



























































































































































































































#AmpliconChromStart	Alias	Position	ProbableRef	rawA	rawC	rawD	rawG	rawI	rawN	rawT	rawDepth	consA	consC	consD	consG	consI	consN	consT	consDepth	
TP1_synth_reverse		1	G	0	0	0	471754	0	0	0	471754	0	0	0	11794	0	0	0	11794
TP1_synth_reverse		2	T	0	0	0	0	0	0	472843	472843	0	0	0	0	0	0	11812	11812
TP1_synth_reverse		3	G	0	0	0	473688	0	83	0	473771	0	0	0	11853	0	0	0	11853
TP1_synth_reverse		4	G	0	0	0	474151	0	52	0	474203	0	0	0	11872	0	1	0	11873
TP1_synth_reverse		5	T	0	0	0	0	0	145	474381	474526	0	0	0	0	0	1	11889	11890
TP1_synth_reverse		6	G	98	50	0	475428	0	22	117	475715	1	0	0	11920	0	0	1	11922
TP1_synth_reverse		7	A	475852	12	0	71	0	9	59	476003	11926	0	0	1	0	0	0	11927
TP1_synth_reverse		8	G	446	48	0	475396	0	61	94	476045	2	0	0	11926	0	0	2	11930
TP1_synth_reverse		9	G	67	87	0	475853	0	10	125	476142	0	0	0	11934	0	1	1	11936
TP1_synth_reverse		10	C	413	475626	2	20	0	18	83	476162	2	11935	0	0	0	0	0	11937
TP1_synth_reverse		11	T	234	80	327	21	54	38	475408	476162	0	0	7	0	2	4	11924	11937
TP1_synth_reverse		12	C	270	475464	250	17	0	72	89	476162	0	11930	6	0	0	1	0	11937
TP1_synth_reverse		13	C	245	475591	1	15	0	90	220	476162	0	11935	0	0	0	2	0	11937
TP1_synth_reverse		14	C	240	475765	0	20	0	39	98	476162	0	11937	0	0	0	0	0	11937
TP1_synth_reverse		15	C	236	475604	0	35	151	50	86	476162	0	11927	0	0	10	0	0	11937
TP1_synth_reverse		16	T	449	74	736	26	1	24	474852	476162	0	1	15	0	0	1	11920	11937
TP1_synth_reverse		17	T	474	43	456	18	0	117	475054	476162	1	0	8	0	0	2	11926	11937
TP1_synth_reverse		18	T	374	62	456	22	1	75	475172	476162	0	0	8	0	0	0	11929	11937
TP1_synth_reverse		19	C	327	475395	591	148	293	74	65	476893	1	11899	18	9	9	3	0	11939
TP1_synth_reverse		20	T	487	39	521	40	1	43	475762	476893	0	0	11	0	0	0	11928	11939
TP1_synth_reverse		21	T	1533	82	1703	69	4	127	473375	476893	3	0	24	0	0	1	11911	11939
TP1_synth_reverse		22	G	110	521	1351	474379	239	97	196	476893	0	2	23	11907	5	2	0	11939
TP1_synth_reverse		23	C	599	474995	892	38	48	74	247	476893	0	11907	16	0	7	2	7	11939
TP1_synth_reverse		24	G	475	114	1158	474786	0	44	316	476893	9	0	20	11909	0	1	0	11939
TP1_synth_reverse		25	G	155	345	824	475075	249	54	191	476893	0	0	17	11920	2	0	0	11939
TP1_synth_reverse		26	A	475297	18	1236	99	80	63	100	476893	11913	0	19	0	6	1	0	11939
TP1_synth_reverse		27	G	67	159	1267	474779	95	56	470	476893	0	0	26	11910	2	1	0	11939
TP1_synth_reverse		28	A	475402	59	1267	54	0	37	74	476893	11911	0	26	0	0	2	0	11939
TP1_synth_reverse		29	T	527	64	1487	37	3	7	474768	476893	0	0	43	0	0	0	11896	11939
TP1_synth_reverse		30	T	2143	82	1465	99	245	54	472805	476893	5	1	40	1	7	3	11882	11939
TP1_synth_reverse		31	C	1420	473761	1444	16	1	15	83	476740	6	11894	38	0	0	0	0	11938
TP1_synth_reverse		32	T	728	53	1071	43	0	46	474872	476813	0	0	32	0	0	0	11909	11941
TP1_synth_reverse		33	C	672	473976	927	28	0	9	52	475664	1	11905	31	0	0	0	0	11937
TP1_synth_reverse		34	T	952	69	882	40	2	13	473582	475540	0	0	25	0	0	0	11905	11930
TP1_synth_reverse		35	T	2335	73	822	55	287	33	472298	475903	4	0	19	0	3	0	11902	11928
TP1_synth_reverse		36	C	578	473483	1761	16	0	53	68	475959	3	11887	43	0	0	0	0	11933
TP1_synth_reverse		37	C	651	474082	1216	36	3	28	82	476098	0	11916	23	0	0	0	0	11939
TP1_synth_reverse		38	T	1088	35	825	32	2	62	474038	476082	1	1	13	0	0	1	11923	11939
TP1_synth_reverse		39	C	336	472652	2945	30	1	28	80	476072	1	11903	34	0	0	0	1	11939
TP1_synth_reverse		40	T	1201	69	1920	18	0	22	472835	476065	3	0	43	0	0	0	11893	11939
TP1_synth_reverse		41	G	618	1089	2082	470750	0	15	1485	476039	1	3	47	11885	0	0	3	11939
TP1_synth_reverse		42	T	1954	44	2084	28	2	69	472563	476744	2	0	48	0	0	0	11898	11948
TP1_synth_reverse		43	G	134	1032	2140	473048	0	45	651	477050	1	1	48	11902	0	0	0	11952
TP1_synth_reverse		44	C	932	473116	2003	33	180	89	695	477048	2	11887	46	0	5	3	9	11952
TP1_synth_reverse		45	G	146	291	2231	472006	0	41	2319	477034	0	1	55	11895	0	0	1	11952
TP1_synth_reverse		46	C	1013	472697	3186	48	0	22	115	477081	1	11877	73	0	0	0	3	11954
TP1_synth_reverse		47	C	362	474794	1620	21	44	5	169	477015	0	11910	38	0	6	1	0	11955
TP1_synth_reverse		48	G	133	967	1966	471925	19	8	1978	476996	1	3	44	11903	0	0	3	11954
TP1_synth_reverse		49	A	474633	44	2139	44	0	29	90	476979	11908	0	59	0	0	1	0	11968
TP1_synth_reverse		50	T	1935	53	2311	16	0	14	472514	476843	3	0	58	0	0	0	11906	11967
TP1_synth_reverse		51	A	474684	28	2038	57	0	52	71	476930	11918	0	50	0	0	2	0	11970
TP1_synth_reverse		52	C	505	474156	2127	27	0	38	96	476949	0	11926	50	0	0	0	0	11976
TP1_synth_reverse		53	A	474536	27	2012	73	203	32	93	476976	11919	0	53	0	3	2	0	11977
TP1_synth_reverse		54	G	164	272	2018	473827	9	14	663	476967	0	0	57	11914	1	0	5	11977
TP1_synth_reverse		55	A	474581	121	2323	75	0	24	62	477186	11914	0	60	0	0	0	0	11974
TP1_synth_reverse		56	A	474919	11	2050	74	6	32	86	477178	11934	0	38	0	1	1	0	11974
TP1_synth_reverse		57	T	2594	39	3385	113	0	24	470997	477152	1	0	55	0	0	1	11917	11974
TP1_synth_reverse		58	A	475651	10	1709	52	0	39	320	477781	11935	0	38	0	0	0	4	11977
TP1_synth_reverse		59	T	1637	36	1848	72	0	14	475833	479440	0	0	37	1	0	0	11965	12003
TP1_synth_reverse		60	C	1181	476045	1771	68	4	28	392	479489	1	11969	33	0	1	0	3	12007
TP1_synth_reverse		61	T	1354	67	1562	190	7	9	476376	479565	2	0	37	1	0	0	11968	12008
TP1_synth_reverse		62	G	588	241	834	477251	1	81	606	479602	10	0	23	11976	0	1	1	12011
TP1_synth_reverse		63	T	3312	40	653	26	0	22	475886	479939	10	0	24	0	0	0	11983	12017
TP1_synth_reverse		64	T	1852	42	343	72	0	66	477647	480022	1	0	11	0	0	1	12008	12021
TP1_synth_reverse		65	C	534	479004	498	36	1	63	120	480256	0	12012	16	1	0	0	2	12031
TP1_synth_reverse		66	G	444	296	295	478623	4	47	543	480252	0	0	10	12012	0	2	7	12031
TP1_synth_reverse		67	C	751	478506	1021	14	216	89	105	480702	0	12020	15	0	0	1	4	12040
TP1_synth_reverse		68	A	479668	285	482	130	0	72	64	480701	12024	0	15	0	0	1	0	12040
TP1_synth_reverse		69	C	180	480804	374	18	116	41	118	481651	2	12013	21	0	5	3	3	12047
TP1_synth_reverse		70	T	991	336	357	151	648	20	479135	481638	2	2	25	0	4	0	12014	12047
TP1_synth_reverse		71	C	275	479778	1411	28	2	21	108	481623	0	12013	32	1	0	0	1	12047
TP1_synth_reverse		72	C	795	479830	723	56	72	41	101	481618	1	12023	15	0	7	1	0	12047
TP1_synth_reverse		73	G	373	248	1566	478700	5	133	574	481599	5	0	30	11998	1	7	6	12047
TP1_synth_reverse		74	A	480116	80	1213	114	0	64	10	481597	12019	0	27	1	0	0	0	12047
TP1_synth_reverse		75	G	134	250	1450	479586	0	18	140	481578	1	1	22	12023	0	0	0	12047
TP1_synth_reverse		76	T	2591	52	1093	66	1	19	477731	481553	8	0	17	0	0	0	12022	12047
TP1_synth_reverse		77	G	125	276	599	479878	0	27	615	481520	1	1	12	12032	0	1	0	12047
TP1_synth_reverse		78	C	394	479081	1464	72	23	43	440	481517	0	12016	20	1	1	0	9	12047
TP1_synth_reverse		79	G	776	733	1335	478106	0	140	414	481504	6	3	25	12012	0	1	0	12047
TP1_synth_reverse		80	G	372	188	1045	479513	0	147	222	481487	10	0	12	12021	0	3	1	12047
TP1_synth_reverse		81	C	237	479746	1048	58	174	101	116	481480	2	12029	12	0	3	1	0	12047
TP1_synth_reverse		82	A	479043	160	1434	92	0	63	96	480888	11996	2	35	0	0	1	0	12034
TP1_synth_reverse		83	A	480493	58	6	102	0	160	59	480878	12031	0	0	1	0	2	0	12034
TP1_synth_reverse		84	A	480498	47	0	152	53	59	26	480835	12031	0	0	0	2	1	0	12034
TP1_synth_reverse		85	G	76	192	36	480259	4	68	124	480759	0	1	1	12031	0	0	0	12033
TP1_synth_reverse		86	C	299	480237	25	24	0	50	85	480720	0	12032	1	0	0	0	0	12033
TP1_synth_reverse		87	T	1112	391	34	76	11	56	478953	480633	2	0	1	0	1	2	12027	12033
TP1_synth_reverse		88	G	129	316	1	479968	3	68	110	480595	0	0	0	12031	0	2	0	12033
TP1_synth_reverse		89	T	842	72	226	41	0	171	479188	480540	1	0	3	0	0	1	12028	12033
TP1_synth_reverse		90	T	1058	45	45	39	0	90	479112	480389	2	0	2	0	0	1	12028	12033
TP1_synth_reverse		91	C	622	479397	0	54	1	31	180	480285	4	12025	0	0	0	0	1	12030
TP1_synth_reverse		92	C	287	478292	0	330	0	34	144	479087	0	12022	0	0	0	1	0	12023
TP1_synth_reverse		93	G	283	143	0	478345	0	63	91	478925	1	0	0	12021	0	0	0	12022
TP1_synth_reverse		94	T	702	65	0	93	0	145	477826	478831	0	0	0	0	0	2	12019	12021
TP1_synth_reverse		95	C	0	478433	0	0	0	72	0	478505	0	12020	0	0	0	0	0	12020
TP1_synth_reverse		96	C	0	477977	0	0	0	52	0	478029	0	12018	0	0	0	0	0	12018
TP1_synth_reverse		97	C	0	477323	0	0	0	100	0	477423	0	12017	0	0	0	0	0	12017
TP1_synth_reverse		98	A	475153	0	0	0	0	0	0	475153	11997	0	0	0	0	0	0	11997
TP1_synth_reverse		99	G	0	0	0	474139	0	0	0	474139	0	0	0	11997	0	0	0	11997
