



























































































































































































































#AmpliconChromStart	Alias	Position	ProbableRef	rawA	rawC	rawD	rawG	rawI	rawN	rawT	rawDepth	consA	consC	consD	consG	consI	consN	consT	consDepth	
TP1_synth_reverse		1	G	0	0	0	471754	0	0	0	471754	0	0	0	38872	0	0	0	38872
TP1_synth_reverse		2	T	0	0	0	0	0	0	472843	472843	0	0	0	0	0	0	39179	39179
TP1_synth_reverse		3	G	0	0	0	473688	0	83	0	473771	0	0	0	39613	0	27	0	39640
TP1_synth_reverse		4	G	0	0	0	474151	0	52	0	474203	0	0	0	39950	0	1	0	39951
TP1_synth_reverse		5	T	0	0	0	0	0	145	474381	474526	0	0	0	0	0	47	40182	40229
TP1_synth_reverse		6	G	98	50	0	475428	0	22	117	475715	4	7	0	40614	0	8	19	40652
TP1_synth_reverse		7	A	475852	12	0	71	0	9	59	476003	40703	3	0	4	0	1	5	40716
TP1_synth_reverse		8	G	446	48	0	475396	0	61	94	476045	13	7	0	40679	0	8	28	40735
TP1_synth_reverse		9	G	67	87	0	475853	0	10	125	476142	1	27	0	40705	0	1	34	40768
TP1_synth_reverse		10	C	413	475626	2	20	0	18	83	476162	59	40717	2	1	0	4	4	40787
TP1_synth_reverse		11	T	234	80	327	21	54	38	475408	476162	69	5	15	2	5	29	40662	40787
TP1_synth_reverse		12	C	270	475464	250	17	0	72	89	476162	66	40663	22	3	0	29	4	40787
TP1_synth_reverse		13	C	245	475591	1	15	0	90	220	476162	72	40683	0	0	0	27	5	40787
TP1_synth_reverse		14	C	240	475765	0	20	0	39	98	476162	49	40731	0	1	0	2	4	40787
TP1_synth_reverse		15	C	236	475604	0	35	151	50	86	476162	64	40665	0	5	22	23	8	40787
TP1_synth_reverse		16	T	449	74	736	26	1	24	474852	476162	157	8	45	2	0	5	40570	40787
TP1_synth_reverse		17	T	474	43	456	18	0	117	475054	476162	192	4	23	2	0	58	40508	40787
TP1_synth_reverse		18	T	374	62	456	22	1	75	475172	476162	110	3	23	4	0	28	40619	40787
TP1_synth_reverse		19	C	327	475395	591	148	293	74	65	476893	142	40675	44	26	23	28	5	40943
TP1_synth_reverse		20	T	487	39	521	40	1	43	475762	476893	184	3	33	10	0	11	40702	40943
TP1_synth_reverse		21	T	1533	82	1703	69	4	127	473375	476893	605	4	82	9	2	21	40220	40943
TP1_synth_reverse		22	G	110	521	1351	474379	239	97	196	476893	15	295	74	40498	17	6	38	40943
TP1_synth_reverse		23	C	599	474995	892	38	48	74	247	476893	206	40605	46	5	16	41	24	40943
TP1_synth_reverse		24	G	475	114	1158	474786	0	44	316	476893	40	47	78	40703	0	17	58	40943
TP1_synth_reverse		25	G	155	345	824	475075	249	54	191	476893	32	155	51	40634	9	3	59	40943
TP1_synth_reverse		26	A	475297	18	1236	99	80	63	100	476893	40836	0	69	3	9	15	11	40943
TP1_synth_reverse		27	G	67	159	1267	474779	95	56	470	476893	6	67	80	40550	9	21	210	40943
TP1_synth_reverse		28	A	475402	59	1267	54	0	37	74	476893	40819	11	79	6	0	25	3	40943
TP1_synth_reverse		29	T	527	64	1487	37	3	7	474768	476893	171	6	117	1	2	4	40642	40943
TP1_synth_reverse		30	T	2143	82	1465	99	245	54	472805	476893	832	10	112	6	24	31	39928	40943
TP1_synth_reverse		31	C	1420	473761	1444	16	1	15	83	476740	255	40562	105	1	0	4	1	40928
TP1_synth_reverse		32	T	728	53	1071	43	0	46	474872	476813	224	2	118	10	0	5	40573	40932
TP1_synth_reverse		33	C	672	473976	927	28	0	9	52	475664	304	40513	104	4	0	2	3	40930
TP1_synth_reverse		34	T	952	69	882	40	2	13	473582	475540	282	2	82	5	1	11	40525	40908
TP1_synth_reverse		35	T	2335	73	822	55	287	33	472298	475903	907	6	68	11	9	6	39914	40921
TP1_synth_reverse		36	C	578	473483	1761	16	0	53	68	475959	184	40582	152	4	0	9	3	40934
TP1_synth_reverse		37	C	651	474082	1216	36	3	28	82	476098	192	40659	88	5	1	4	3	40952
TP1_synth_reverse		38	T	1088	35	825	32	2	62	474038	476082	414	1	67	3	2	3	40452	40942
TP1_synth_reverse		39	C	336	472652	2945	30	1	28	80	476072	115	40659	151	4	0	2	3	40934
TP1_synth_reverse		40	T	1201	69	1920	18	0	22	472835	476065	370	5	170	1	0	3	40382	40931
TP1_synth_reverse		41	G	618	1089	2082	470750	0	15	1485	476039	28	495	183	39750	0	2	456	40914
TP1_synth_reverse		42	T	1954	44	2084	28	2	69	472563	476744	787	5	180	3	1	22	39985	40983
TP1_synth_reverse		43	G	134	1032	2140	473048	0	45	651	477050	13	299	176	40339	0	7	181	41015
TP1_synth_reverse		44	C	932	473116	2003	33	180	89	695	477048	280	40462	174	2	22	22	52	41014
TP1_synth_reverse		45	G	146	291	2231	472006	0	41	2319	477034	14	101	186	40130	0	3	567	41001
TP1_synth_reverse		46	C	1013	472697	3186	48	0	22	115	477081	474	40287	232	15	0	6	13	41027
TP1_synth_reverse		47	C	362	474794	1620	21	44	5	169	477015	118	40763	134	3	11	2	8	41039
TP1_synth_reverse		48	G	133	967	1966	471925	19	8	1978	476996	20	461	165	39882	0	0	502	41030
TP1_synth_reverse		49	A	474633	44	2139	44	0	29	90	476979	41316	8	188	5	0	0	11	41528
TP1_synth_reverse		50	T	1935	53	2311	16	0	14	472514	476843	458	2	201	5	0	2	40854	41522
TP1_synth_reverse		51	A	474684	28	2038	57	0	52	71	476930	41362	7	162	3	0	19	6	41559
TP1_synth_reverse		52	C	505	474156	2127	27	0	38	96	476949	214	41176	160	4	0	3	11	41568
TP1_synth_reverse		53	A	474536	27	2012	73	203	32	93	476976	41383	3	148	6	15	16	12	41583
TP1_synth_reverse		54	G	164	272	2018	473827	9	14	663	476967	46	83	158	41184	6	3	95	41575
TP1_synth_reverse		55	A	474581	121	2323	75	0	24	62	477186	41321	29	199	5	0	17	5	41576
TP1_synth_reverse		56	A	474919	11	2050	74	6	32	86	477178	41418	1	131	5	1	6	12	41574
TP1_synth_reverse		57	T	2594	39	3385	113	0	24	470997	477152	481	2	213	24	0	11	40821	41552
TP1_synth_reverse		58	A	475651	10	1709	52	0	39	320	477781	41419	0	127	0	0	18	26	41590
TP1_synth_reverse		59	T	1637	36	1848	72	0	14	475833	479440	399	2	123	10	0	1	41190	41725
TP1_synth_reverse		60	C	1181	476045	1771	68	4	28	392	479489	373	41217	102	8	3	6	19	41728
TP1_synth_reverse		61	T	1354	67	1562	190	7	9	476376	479565	298	6	113	32	1	0	41275	41725
TP1_synth_reverse		62	G	588	241	834	477251	1	81	606	479602	136	75	71	41147	1	17	280	41727
TP1_synth_reverse		63	T	3312	40	653	26	0	22	475886	479939	1041	2	74	8	0	1	40629	41755
TP1_synth_reverse		64	T	1852	42	343	72	0	66	477647	480022	389	6	34	11	0	7	41320	41767
TP1_synth_reverse		65	C	534	479004	498	36	1	63	120	480256	131	41579	58	3	1	11	7	41790
TP1_synth_reverse		66	G	444	296	295	478623	4	47	543	480252	96	100	49	41290	3	27	224	41789
TP1_synth_reverse		67	C	751	478506	1021	14	216	89	105	480702	281	41418	76	1	9	25	18	41828
TP1_synth_reverse		68	A	479668	285	482	130	0	72	64	480701	41690	53	55	8	0	10	11	41827
TP1_synth_reverse		69	C	180	480804	374	18	116	41	118	481651	44	41749	61	1	12	23	9	41899
TP1_synth_reverse		70	T	991	336	357	151	648	20	479135	481638	244	11	66	21	31	3	41519	41895
TP1_synth_reverse		71	C	275	479778	1411	28	2	21	108	481623	73	41682	120	4	0	3	9	41891
TP1_synth_reverse		72	C	795	479830	723	56	72	41	101	481618	317	41464	65	5	18	9	11	41889
TP1_synth_reverse		73	G	373	248	1566	478700	5	133	574	481599	71	58	132	41530	1	41	44	41877
TP1_synth_reverse		74	A	480116	80	1213	114	0	64	10	481597	41751	8	104	10	0	3	0	41876
TP1_synth_reverse		75	G	134	250	1450	479586	0	18	140	481578	25	82	102	41599	0	3	53	41864
TP1_synth_reverse		76	T	2591	52	1093	66	1	19	477731	481553	870	7	85	13	0	11	40866	41852
TP1_synth_reverse		77	G	125	276	599	479878	0	27	615	481520	21	89	39	41500	0	18	166	41833
TP1_synth_reverse		78	C	394	479081	1464	72	23	43	440	481517	97	41568	87	14	2	21	43	41832
TP1_synth_reverse		79	G	776	733	1335	478106	0	140	414	481504	62	397	87	41148	0	16	116	41826
TP1_synth_reverse		80	G	372	188	1045	479513	0	147	222	481487	85	53	60	41560	0	12	48	41818
TP1_synth_reverse		81	C	237	479746	1048	58	174	101	116	481480	50	41646	69	7	15	20	6	41813
TP1_synth_reverse		82	A	479043	160	1434	92	0	63	96	480888	41097	18	116	2	0	15	3	41251
TP1_synth_reverse		83	A	480493	58	6	102	0	160	59	480878	41199	10	0	18	0	16	2	41245
TP1_synth_reverse		84	A	480498	47	0	152	53	59	26	480835	41210	6	0	8	3	4	2	41233
TP1_synth_reverse		85	G	76	192	36	480259	4	68	124	480759	23	46	8	41084	0	15	28	41204
TP1_synth_reverse		86	C	299	480237	25	24	0	50	85	480720	63	41108	3	3	0	5	4	41186
TP1_synth_reverse		87	T	1112	391	34	76	11	56	478953	480633	237	14	3	9	1	20	40875	41159
TP1_synth_reverse		88	G	129	316	1	479968	3	68	110	480595	20	46	0	41049	0	7	25	41147
TP1_synth_reverse		89	T	842	72	226	41	0	171	479188	480540	117	3	17	3	0	52	40944	41136
TP1_synth_reverse		90	T	1058	45	45	39	0	90	479112	480389	157	5	7	4	0	8	40908	41089
TP1_synth_reverse		91	C	622	479397	0	54	1	31	180	480285	74	40964	0	9	0	2	7	41056
TP1_synth_reverse		92	C	287	478292	0	330	0	34	144	479087	23	40946	0	30	0	0	10	41009
TP1_synth_reverse		93	G	283	143	0	478345	0	63	91	478925	30	39	0	40879	0	14	15	40977
TP1_synth_reverse		94	T	702	65	0	93	0	145	477826	478831	98	7	0	13	0	14	40823	40955
TP1_synth_reverse		95	C	0	478433	0	0	0	72	0	478505	0	40886	0	0	0	16	0	40902
TP1_synth_reverse		96	C	0	477977	0	0	0	52	0	478029	0	40835	0	0	0	15	0	40850
TP1_synth_reverse		97	C	0	477323	0	0	0	100	0	477423	0	40759	0	0	0	19	0	40778
TP1_synth_reverse		98	A	475153	0	0	0	0	0	0	475153	40645	0	0	0	0	0	0	40645
TP1_synth_reverse		99	G	0	0	0	474139	0	0	0	474139	0	0	0	40532	0	0	0	40532
