



























































































































































































































#AmpliconChromStart	Alias	Position	ProbableRef	rawA	rawC	rawD	rawG	rawI	rawN	rawT	rawDepth	consA	consC	consD	consG	consI	consN	consT	consDepth	
TP1_synth_forward		5	T	0	0	0	0	0	0	990	990	0	0	0	0	0	0	5	5
TP1_synth_forward		6	G	0	0	0	2714	0	0	0	2714	0	0	0	19	0	0	0	19
TP1_synth_forward		7	A	3389	0	0	0	0	0	0	3389	25	0	0	0	0	0	0	25
TP1_synth_forward		8	G	0	0	0	9289	0	0	0	9289	0	0	0	70	0	0	0	70
TP1_synth_forward		9	G	0	0	0	9337	0	0	0	9337	0	0	0	71	0	0	0	71
TP1_synth_forward		10	C	11	9368	0	1	0	1	0	9381	0	72	0	0	0	0	0	72
TP1_synth_forward		11	T	21	1	0	1	0	27	9331	9381	0	0	0	0	0	0	72	72
TP1_synth_forward		12	C	10	9344	0	0	0	27	0	9381	0	72	0	0	0	0	0	72
TP1_synth_forward		13	C	18	9392	0	1	0	4	4	9419	0	75	0	0	0	0	0	75
TP1_synth_forward		14	C	26	9414	0	0	0	2	0	9442	0	76	0	0	0	0	0	76
TP1_synth_forward		15	C	8	9421	0	0	2	27	0	9458	0	77	0	0	0	0	0	77
TP1_synth_forward		16	T	56	1	3	0	0	5	9404	9469	0	0	0	0	0	0	77	77
TP1_synth_forward		17	T	115	0	0	2	0	28	9324	9469	0	0	0	0	0	0	77	77
TP1_synth_forward		18	T	44	1	4	1	0	4	9460	9514	0	0	0	0	0	0	78	78
TP1_synth_forward		19	A	10190	0	5	0	1	27	3	10226	80	0	0	0	0	0	0	80
TP1_synth_forward		20	T	52	1	1	0	1	3	10168	10226	0	0	0	0	0	0	80	80
TP1_synth_forward		21	A	10246	0	0	1	0	3	1	10251	81	0	0	0	0	0	0	81
TP1_synth_forward		22	C	21	10210	0	5	10	2	3	10251	0	80	0	0	1	0	0	81
TP1_synth_forward		23	A	10234	2	0	2	12	1	0	10251	81	0	0	0	0	0	0	81
TP1_synth_forward		24	G	8	26	2	10194	0	1	20	10251	0	0	0	81	0	0	0	81
TP1_synth_forward		25	A	10242	2	3	2	0	1	1	10251	81	0	0	0	0	0	0	81
TP1_synth_forward		26	A	10245	0	0	2	0	0	4	10251	81	0	0	0	0	0	0	81
TP1_synth_forward		27	T	87	0	2	4	0	0	10158	10251	0	0	0	0	0	0	81	81
TP1_synth_forward		28	A	10248	0	1	0	0	0	2	10251	81	0	0	0	0	0	0	81
TP1_synth_forward		29	T	55	2	0	1	1	2	10190	10251	0	0	0	0	0	0	81	81
TP1_synth_forward		30	C	19	10203	0	1	1	25	2	10251	0	81	0	0	0	0	0	81
TP1_synth_forward		31	T	63	2	0	2	525	2	9657	10251	0	0	0	0	3	0	78	81
TP1_synth_forward		32	G	10	77	2	10142	5	1	14	10251	0	0	0	81	0	0	0	81
TP1_synth_forward		33	T	139	0	1	0	1	1	10259	10401	0	0	0	0	0	0	92	92
TP1_synth_forward		34	T	85	2	0	1	0	0	10313	10401	0	0	0	0	0	0	92	92
TP1_synth_forward		35	C	34	10346	2	0	15	1	3	10401	0	92	0	0	0	0	0	92
TP1_synth_forward		36	G	4	55	1	10254	1	2	84	10401	0	0	0	92	0	0	0	92
TP1_synth_forward		37	C	60	10343	0	1	1	1	0	10406	0	92	0	0	0	0	0	92
TP1_synth_forward		38	A	10395	7	3	1	1	0	4	10411	92	0	0	0	0	0	0	92
TP1_synth_forward		39	C	38	10369	3	0	0	0	1	10411	0	92	0	0	0	0	0	92
TP1_synth_forward		40	T	107	0	3	4	2	1	10293	10410	0	0	0	0	0	0	92	92
TP1_synth_forward		41	C	37	10365	6	0	0	3	2	10413	0	92	0	0	0	0	0	92
TP1_synth_forward		42	C	47	10351	3	0	7	1	4	10413	0	92	0	0	0	0	0	92
TP1_synth_forward		43	G	2	109	4	10183	1	2	111	10412	0	0	0	92	0	0	0	92
TP1_synth_forward		44	A	10393	0	3	0	11	1	4	10412	92	0	0	0	0	0	0	92
TP1_synth_forward		45	G	2	64	5	10227	2	1	110	10411	0	0	0	92	0	0	0	92
TP1_synth_forward		46	T	155	0	4	0	3	0	10249	10411	0	0	0	0	0	0	92	92
TP1_synth_forward		47	G	3	39	4	10190	0	0	175	10411	0	0	0	92	0	0	0	92
TP1_synth_forward		48	C	82	10317	2	0	6	0	4	10411	0	92	0	0	0	0	0	92
TP1_synth_forward		49	G	5	24	3	10272	1	1	102	10408	0	0	0	92	0	0	0	92
TP1_synth_forward		50	G	20	56	2	10280	0	2	47	10407	0	0	0	92	0	0	0	92
TP1_synth_forward		51	C	37	11017	1	0	1	0	9	11065	0	93	0	0	0	0	0	93
TP1_synth_forward		52	T	67	2	1	4	1	0	10263	10338	0	0	0	0	0	0	91	91
TP1_synth_forward		53	T	151	3	0	3	224	1	9972	10354	0	0	0	0	2	0	90	92
TP1_synth_forward		54	G	11	21	3	10295	4	1	36	10371	0	0	0	93	0	0	0	93
TP1_synth_forward		55	C	47	10345	2	2	8	1	3	10408	0	94	0	0	0	0	0	94
TP1_synth_forward		56	G	26	8	3	10343	0	1	61	10442	0	0	0	95	0	0	0	95
TP1_synth_forward		57	G	48	11	0	10413	0	1	26	10499	0	0	0	96	0	0	0	96
TP1_synth_forward		58	A	10656	2	1	1	2	0	3	10665	97	0	0	0	0	0	0	97
TP1_synth_forward		59	G	30	63	2	10556	3	0	10	10664	0	0	0	97	0	0	0	97
TP1_synth_forward		60	A	10876	6	0	3	0	0	0	10885	98	0	0	0	0	0	0	98
TP1_synth_forward		61	T	77	0	114	1	0	1	10691	10884	0	0	1	0	0	0	97	98
TP1_synth_forward		62	T	74	2	0	2	0	2	10844	10924	0	0	0	0	0	0	99	99
TP1_synth_forward		63	C	28	10908	3	1	0	0	7	10947	0	99	0	0	0	0	1	100
TP1_synth_forward		64	T	113	1	0	3	0	0	10867	10984	0	0	0	0	0	0	101	101
TP1_synth_forward		65	C	36	10969	1	3	0	1	0	11010	0	102	0	0	0	0	0	102
TP1_synth_forward		66	T	108	5	0	4	0	30	10891	11038	0	0	0	0	0	0	103	103
TP1_synth_forward		67	T	88	2	0	4	0	4	10940	11038	0	0	0	0	0	0	103	103
TP1_synth_forward		68	C	49	10992	7	2	0	3	2	11055	0	104	0	0	0	0	0	104
TP1_synth_forward		69	C	41	10983	0	4	0	18	9	11055	0	104	0	0	0	0	0	104
TP1_synth_forward		70	T	46	0	1	5	2	4	10996	11054	0	0	0	0	0	0	104	104
TP1_synth_forward		71	C	19	11024	5	2	0	2	2	11054	0	104	0	0	0	0	0	104
TP1_synth_forward		72	T	47	1	2	4	0	1	10999	11054	0	0	0	0	0	0	104	104
TP1_synth_forward		73	G	15	14	4	10984	1	25	10	11053	0	0	0	104	0	0	0	104
TP1_synth_forward		74	T	64	0	3	5	2	4	10975	11053	0	0	0	0	0	0	104	104
TP1_synth_forward		75	G	8	19	2	10996	0	2	24	11051	0	0	0	104	0	0	0	104
TP1_synth_forward		76	C	38	11003	2	1	0	1	5	11050	0	104	0	0	0	0	0	104
TP1_synth_forward		77	G	12	22	1	10935	8	21	49	11048	0	0	0	103	1	0	0	104
TP1_synth_forward		78	C	22	11015	2	1	0	4	3	11047	0	104	0	0	0	0	0	104
TP1_synth_forward		79	C	32	11002	0	1	1	3	7	11046	0	104	0	0	0	0	0	104
TP1_synth_forward		80	G	27	23	0	10974	1	2	18	11045	0	0	0	104	0	0	0	104
TP1_synth_forward		81	C	20	10352	0	3	3	5	1	10384	0	103	0	0	0	0	0	103
TP1_synth_forward		82	A	10371	2	4	4	0	2	1	10384	103	0	0	0	0	0	0	103
TP1_synth_forward		83	A	10373	0	0	9	0	0	2	10384	103	0	0	0	0	0	0	103
TP1_synth_forward		84	A	10362	2	0	14	0	0	5	10383	103	0	0	0	0	0	0	103
TP1_synth_forward		85	G	1	21	3	10345	0	0	9	10379	0	0	0	103	0	0	0	103
TP1_synth_forward		86	C	22	10349	0	1	0	2	1	10375	0	103	0	0	0	0	0	103
TP1_synth_forward		87	T	43	1	2	7	0	3	10313	10369	0	0	0	0	0	0	103	103
TP1_synth_forward		88	G	13	16	2	10327	0	2	7	10367	0	0	0	103	0	0	0	103
TP1_synth_forward		89	T	67	1	0	4	0	0	10293	10365	0	0	0	0	0	0	103	103
TP1_synth_forward		90	T	57	1	0	5	0	0	10294	10357	0	0	0	0	0	0	103	103
TP1_synth_forward		91	C	12	10321	6	7	0	2	3	10351	0	103	0	0	0	0	0	103
TP1_synth_forward		92	C	10	10323	0	8	0	3	3	10347	0	103	0	0	0	0	0	103
TP1_synth_forward		93	G	7	7	0	10320	0	2	8	10344	0	0	0	103	0	0	0	103
TP1_synth_forward		94	T	38	3	0	11	0	4	10282	10338	0	0	0	0	0	0	103	103
TP1_synth_forward		95	C	6	10318	0	3	0	4	6	10337	0	103	0	0	0	0	0	103
TP1_synth_forward		96	C	0	10313	0	0	0	1	0	10314	0	103	0	0	0	0	0	103
TP1_synth_forward		97	C	0	10246	0	0	0	0	0	10246	0	103	0	0	0	0	0	103
TP1_synth_forward		98	A	9913	0	0	0	0	0	0	9913	103	0	0	0	0	0	0	103
TP1_synth_forward		99	G	0	0	0	9893	0	0	0	9893	0	0	0	103	0	0	0	103
TP1_synth_forward		100	T	0	0	0	0	0	0	9823	9823	0	0	0	0	0	0	103	103
TP1_synth_forward	TP1_synth_forward	1	G	0	0	0	800321	0	0	0	800321	0	0	0	13102	0	0	0	13102
TP1_synth_forward	TP1_synth_forward	2	T	0	0	0	0	0	0	801559	801559	0	0	0	0	0	0	13115	13115
TP1_synth_forward	TP1_synth_forward	3	G	0	0	0	803587	0	122	0	803709	0	0	0	13141	0	0	0	13141
TP1_synth_forward	TP1_synth_forward	4	G	0	0	0	805803	0	91	0	805894	0	0	0	13164	0	0	0	13164
TP1_synth_forward	TP1_synth_forward	5	T	0	0	0	0	0	232	805662	805894	0	0	0	0	0	0	13164	13164
TP1_synth_forward	TP1_synth_forward	6	G	148	97	0	805500	0	35	114	805894	0	0	0	13164	0	0	0	13164
TP1_synth_forward	TP1_synth_forward	7	A	805523	95	0	118	0	12	146	805894	13164	0	0	0	0	0	0	13164
TP1_synth_forward	TP1_synth_forward	8	G	417	78	0	805054	1	98	246	805894	2	0	0	13160	0	0	2	13164
TP1_synth_forward	TP1_synth_forward	9	G	134	153	0	805207	239	14	147	805894	0	0	0	13162	2	0	0	13164
TP1_synth_forward	TP1_synth_forward	10	C	293	805383	6	43	3	28	138	805894	0	13164	0	0	0	0	0	13164
TP1_synth_forward	TP1_synth_forward	11	T	296	140	96	31	1524	29	803778	805894	0	0	2	0	26	0	13136	13164
TP1_synth_forward	TP1_synth_forward	12	C	298	802022	3290	27	2	69	186	805894	0	13142	22	0	0	0	0	13164
TP1_synth_forward	TP1_synth_forward	13	C	394	805174	0	25	3	127	171	805894	0	13164	0	0	0	0	0	13164
TP1_synth_forward	TP1_synth_forward	14	C	288	805330	18	25	4	65	164	805894	0	13163	1	0	0	0	0	13164
TP1_synth_forward	TP1_synth_forward	15	C	245	803829	33	62	1572	37	116	805894	0	13140	2	0	22	0	0	13164
TP1_synth_forward	TP1_synth_forward	16	T	456	77	955	24	2	30	804350	805894	0	0	22	0	0	0	13142	13164
TP1_synth_forward	TP1_synth_forward	17	T	606	245	153	13	2	164	804711	805894	0	2	10	0	0	0	13152	13164
TP1_synth_forward	TP1_synth_forward	18	T	516	374	921	22	73	141	803847	805894	0	5	18	0	2	0	13139	13164
TP1_synth_forward	TP1_synth_forward	19	A	804306	8	1002	94	185	88	211	805894	13139	0	21	0	4	0	0	13164
TP1_synth_forward	TP1_synth_forward	20	T	553	103	525	23	837	67	803786	805894	0	0	10	0	10	0	13144	13164
TP1_synth_forward	TP1_synth_forward	21	A	804874	15	435	96	29	180	265	805894	13153	0	10	0	1	0	0	13164
TP1_synth_forward	TP1_synth_forward	22	C	354	803044	595	101	1464	149	187	805894	0	13130	13	0	21	0	0	13164
TP1_synth_forward	TP1_synth_forward	23	A	798697	529	478	157	5777	100	156	805894	13049	5	14	0	96	0	0	13164
TP1_synth_forward	TP1_synth_forward	24	G	140	176	952	803423	925	63	215	805894	0	0	19	13137	8	0	0	13164
TP1_synth_forward	TP1_synth_forward	25	A	803091	50	2300	276	1	87	89	805894	13133	0	31	0	0	0	0	13164
TP1_synth_forward	TP1_synth_forward	26	A	805402	5	39	142	18	138	150	805894	13158	0	6	0	0	0	0	13164
TP1_synth_forward	TP1_synth_forward	27	T	1487	110	252	130	257	94	803564	805894	0	1	13	0	6	0	13144	13164
TP1_synth_forward	TP1_synth_forward	28	A	804106	16	1411	88	0	76	197	805894	13150	0	13	0	0	0	1	13164
TP1_synth_forward	TP1_synth_forward	29	T	643	91	526	27	30	12	804565	805894	0	0	12	0	1	0	13151	13164
TP1_synth_forward	TP1_synth_forward	30	C	851	804784	36	13	34	47	129	805894	0	13161	3	0	0	0	0	13164
TP1_synth_forward	TP1_synth_forward	31	T	2048	102	164	35	7789	24	795584	805746	0	0	9	0	83	0	13072	13164
TP1_synth_forward	TP1_synth_forward	32	G	784	755	1639	801344	529	66	588	805705	10	0	18	13127	9	0	0	13164
TP1_synth_forward	TP1_synth_forward	33	T	3822	96	173	37	4	16	801526	805674	0	1	11	0	0	0	13152	13164
TP1_synth_forward	TP1_synth_forward	34	T	1304	132	36	9	88	25	804074	805668	0	2	2	0	5	0	13155	13164
TP1_synth_forward	TP1_synth_forward	35	C	1224	797166	138	61	6746	51	255	805641	2	13068	2	0	88	0	4	13164
TP1_synth_forward	TP1_synth_forward	36	G	216	1188	145	801878	636	73	1492	805628	0	1	2	13153	7	0	1	13164
TP1_synth_forward	TP1_synth_forward	37	C	499	803948	194	22	692	44	216	805615	0	13152	2	0	2	0	8	13164
TP1_synth_forward	TP1_synth_forward	38	A	802997	203	1728	141	207	91	236	805603	13143	1	14	0	6	0	0	13164
TP1_synth_forward	TP1_synth_forward	39	C	370	803360	1505	70	20	48	213	805586	1	13149	12	0	0	0	2	13164
TP1_synth_forward	TP1_synth_forward	40	T	1183	163	1128	75	1088	34	801901	805572	0	1	10	0	9	0	13144	13164
TP1_synth_forward	TP1_synth_forward	41	C	529	802033	2786	25	8	22	165	805568	0	13145	19	0	0	0	0	13164
TP1_synth_forward	TP1_synth_forward	42	C	1343	797892	1077	65	4315	134	714	805540	0	13103	9	0	43	0	9	13164
TP1_synth_forward	TP1_synth_forward	43	G	259	1060	1650	800597	452	79	1422	805519	0	0	15	13137	9	0	3	13164
TP1_synth_forward	TP1_synth_forward	44	A	800484	51	1434	71	3246	145	76	805507	13111	0	11	0	42	0	0	13164
TP1_synth_forward	TP1_synth_forward	45	G	525	542	1048	800873	42	69	2378	805477	2	0	8	13154	0	0	0	13164
TP1_synth_forward	TP1_synth_forward	46	T	3709	99	1057	18	2004	36	798507	805430	0	0	8	1	25	0	13130	13164
TP1_synth_forward	TP1_synth_forward	47	G	744	1541	1022	798993	14	11	3077	805402	6	1	7	13149	0	0	1	13164
TP1_synth_forward	TP1_synth_forward	48	C	717	800266	697	33	2184	7	1493	805397	1	13129	4	0	27	0	3	13164
TP1_synth_forward	TP1_synth_forward	49	G	336	443	1037	801383	13	60	2107	805379	1	0	12	13150	0	0	1	13164
TP1_synth_forward	TP1_synth_forward	50	G	798	750	669	801821	13	20	1299	805370	4	0	6	13150	0	0	4	13164
TP1_synth_forward	TP1_synth_forward	51	C	775	803565	350	50	14	94	515	805363	0	13156	6	0	0	0	2	13164
TP1_synth_forward	TP1_synth_forward	52	T	2752	73	713	234	9	48	801527	805356	0	0	12	0	0	0	13152	13164
TP1_synth_forward	TP1_synth_forward	53	T	3019	135	147	176	2941	48	798883	805349	0	0	3	0	32	0	13129	13164
TP1_synth_forward	TP1_synth_forward	54	G	254	319	328	803523	13	27	875	805339	1	0	6	13154	0	0	3	13164
TP1_synth_forward	TP1_synth_forward	55	C	773	800244	516	79	3121	37	561	805331	1	13115	11	0	31	0	6	13164
TP1_synth_forward	TP1_synth_forward	56	G	534	163	1862	801150	9	69	1536	805323	0	0	27	13136	0	0	1	13164
TP1_synth_forward	TP1_synth_forward	57	G	636	169	25	803599	204	55	611	805299	4	0	1	13158	1	0	0	13164
TP1_synth_forward	TP1_synth_forward	58	A	803929	96	206	182	698	48	128	805287	13155	1	3	1	4	0	0	13164
TP1_synth_forward	TP1_synth_forward	59	G	333	599	327	802755	773	17	457	805261	2	0	5	13151	6	0	0	13164
TP1_synth_forward	TP1_synth_forward	60	A	804696	204	35	161	2	45	114	805257	13162	0	2	0	0	0	0	13164
TP1_synth_forward	TP1_synth_forward	61	T	1074	86	74	118	1	31	803860	805244	0	0	3	0	0	0	13161	13164
TP1_synth_forward	TP1_synth_forward	62	T	2169	106	86	32	0	115	802689	805197	0	0	1	0	0	0	13163	13164
TP1_synth_forward	TP1_synth_forward	63	C	1394	802331	1188	46	0	46	167	805172	0	13159	4	0	0	0	1	13164
TP1_synth_forward	TP1_synth_forward	64	T	2528	99	115	208	0	93	802115	805158	0	0	2	0	0	0	13162	13164
TP1_synth_forward	TP1_synth_forward	65	C	733	803741	281	164	0	119	114	805152	0	13161	3	0	0	0	0	13164
TP1_synth_forward	TP1_synth_forward	66	T	2517	109	29	134	0	31	802330	805150	0	0	1	0	0	0	13163	13164
TP1_synth_forward	TP1_synth_forward	67	T	4367	89	2	74	0	150	800454	805136	0	0	0	0	0	0	13164	13164
TP1_synth_forward	TP1_synth_forward	68	C	1308	802512	959	45	0	138	170	805132	0	13156	8	0	0	0	0	13164
TP1_synth_forward	TP1_synth_forward	69	C	827	802859	10	146	0	72	1210	805124	0	13158	0	0	0	0	6	13164
TP1_synth_forward	TP1_synth_forward	70	T	984	134	325	117	226	36	803298	805120	0	3	6	0	2	0	13153	13164
TP1_synth_forward	TP1_synth_forward	71	C	297	804018	609	39	1	26	128	805118	0	13156	8	0	0	0	0	13164
TP1_synth_forward	TP1_synth_forward	72	T	2534	103	593	581	5	70	801229	805115	0	0	2	1	0	0	13161	13164
TP1_synth_forward	TP1_synth_forward	73	G	1069	485	1636	801063	0	204	649	805106	4	1	8	13151	0	0	0	13164
TP1_synth_forward	TP1_synth_forward	74	T	1977	107	1005	45	586	130	801253	805103	0	0	5	0	13	0	13146	13164
TP1_synth_forward	TP1_synth_forward	75	G	849	272	638	803021	34	15	267	805096	3	0	1	13157	3	0	0	13164
TP1_synth_forward	TP1_synth_forward	76	C	1030	802061	639	60	57	35	1209	805091	0	13145	1	0	4	0	14	13164
TP1_synth_forward	TP1_synth_forward	77	G	993	384	33	801523	988	30	1123	805074	6	0	1	13150	1	0	6	13164
TP1_synth_forward	TP1_synth_forward	78	C	312	802634	919	26	0	54	1127	805072	0	13153	4	0	0	0	7	13164
TP1_synth_forward	TP1_synth_forward	79	C	327	803135	8	73	277	207	1037	805064	0	13153	0	0	1	0	10	13164
TP1_synth_forward	TP1_synth_forward	80	G	1528	618	141	802189	0	231	340	805047	17	0	4	13143	0	0	0	13164
TP1_synth_forward	TP1_synth_forward	81	C	223	803149	603	34	731	161	138	805039	1	13151	4	0	8	0	0	13164
TP1_synth_forward	TP1_synth_forward	82	A	803405	104	1184	155	0	111	79	805038	13157	0	7	0	0	0	0	13164
TP1_synth_forward	TP1_synth_forward	83	A	804546	58	4	149	0	212	66	805035	13164	0	0	0	0	0	0	13164
TP1_synth_forward	TP1_synth_forward	84	A	804561	67	0	244	0	88	49	805009	13164	0	0	0	0	0	0	13164
TP1_synth_forward	TP1_synth_forward	85	G	146	348	823	803347	0	104	182	804950	0	0	5	13159	0	0	0	13164
TP1_synth_forward	TP1_synth_forward	86	C	365	803985	24	37	93	62	337	804903	0	13158	0	0	5	0	1	13164
TP1_synth_forward	TP1_synth_forward	87	T	1482	107	470	90	3	111	802548	804811	0	0	0	0	0	0	13164	13164
TP1_synth_forward	TP1_synth_forward	88	G	264	474	593	803087	4	120	209	804751	2	0	2	13160	0	0	0	13164
TP1_synth_forward	TP1_synth_forward	89	T	1111	109	118	37	0	282	803014	804671	0	0	2	0	0	0	13161	13163
TP1_synth_forward	TP1_synth_forward	90	T	1420	141	0	377	69	158	801154	803319	1	0	0	3	2	0	13153	13159
TP1_synth_forward	TP1_synth_forward	91	C	508	801363	966	233	0	46	129	803245	0	13154	3	2	0	0	0	13159
TP1_synth_forward	TP1_synth_forward	92	C	368	801991	0	490	0	62	254	803165	0	13159	0	0	0	0	0	13159
TP1_synth_forward	TP1_synth_forward	93	G	664	215	0	801948	0	103	137	803067	2	0	0	13157	0	0	0	13159
TP1_synth_forward	TP1_synth_forward	94	T	1080	82	0	140	0	205	801171	802678	0	0	0	0	0	0	13156	13156
TP1_synth_forward	TP1_synth_forward	95	C	211	802113	0	56	0	107	142	802629	0	13156	0	0	0	0	0	13156
TP1_synth_forward	TP1_synth_forward	96	C	0	801243	0	0	0	88	0	801331	0	13153	0	0	0	0	0	13153
TP1_synth_forward	TP1_synth_forward	97	C	0	799862	0	0	0	172	0	800034	0	13148	0	0	0	0	0	13148
TP1_synth_forward	TP1_synth_forward	98	A	796874	0	0	0	0	104	0	796978	13136	0	0	0	0	0	0	13136
TP1_synth_forward	TP1_synth_forward	99	G	0	0	0	796099	0	0	0	796099	0	0	0	13134	0	0	0	13134
TP1_synth_forward	TP1_synth_forward	100	T	0	0	0	0	0	0	794487	794487	0	0	0	0	0	0	13132	13132
