



























































































































































































































#AmpliconChromStart	Alias	Position	ProbableRef	rawA	rawC	rawD	rawG	rawI	rawN	rawT	rawDepth	consA	consC	consD	consG	consI	consN	consT	consDepth	
TP1_synth_forward		5	T	0	0	0	0	0	0	990	990	0	0	0	0	0	0	3	3
TP1_synth_forward		6	G	0	0	0	2714	0	0	0	2714	0	0	0	14	0	0	0	14
TP1_synth_forward		7	A	3389	0	0	0	0	0	0	3389	20	0	0	0	0	0	0	20
TP1_synth_forward		8	G	0	0	0	9289	0	0	0	9289	0	0	0	59	0	0	0	59
TP1_synth_forward		9	G	0	0	0	9337	0	0	0	9337	0	0	0	60	0	0	0	60
TP1_synth_forward		10	C	11	9368	0	1	0	1	0	9381	0	61	0	0	0	0	0	61
TP1_synth_forward		11	T	21	1	0	1	0	27	9331	9381	0	0	0	0	0	0	61	61
TP1_synth_forward		12	C	10	9365	0	0	0	27	0	9402	0	61	0	0	0	0	0	61
TP1_synth_forward		13	C	18	9413	0	1	0	4	4	9440	0	62	0	0	0	0	0	62
TP1_synth_forward		14	C	26	9435	0	0	0	2	0	9463	0	63	0	0	0	0	0	63
TP1_synth_forward		15	C	8	9426	0	0	2	27	0	9463	0	63	0	0	0	0	0	63
TP1_synth_forward		16	T	56	1	3	0	0	5	9409	9474	0	0	0	0	0	0	63	63
TP1_synth_forward		17	T	118	0	0	2	0	28	9326	9474	0	0	0	0	0	0	63	63
TP1_synth_forward		18	T	45	1	4	1	0	4	9464	9519	0	0	0	0	0	0	64	64
TP1_synth_forward		19	A	10195	0	5	0	1	27	3	10231	66	0	0	0	0	0	0	66
TP1_synth_forward		20	T	51	1	1	0	1	3	10174	10231	0	0	0	0	0	0	66	66
TP1_synth_forward		21	A	10251	0	0	1	0	3	1	10256	67	0	0	0	0	0	0	67
TP1_synth_forward		22	C	22	10214	0	5	10	2	3	10256	0	66	0	0	1	0	0	67
TP1_synth_forward		23	A	10239	2	0	2	12	1	0	10256	67	0	0	0	0	0	0	67
TP1_synth_forward		24	G	7	27	2	10200	0	1	19	10256	0	0	0	67	0	0	0	67
TP1_synth_forward		25	A	10255	2	3	2	0	1	1	10264	68	0	0	0	0	0	0	68
TP1_synth_forward		26	A	10258	0	0	2	0	0	4	10264	68	0	0	0	0	0	0	68
TP1_synth_forward		27	T	92	0	2	4	0	0	10166	10264	0	0	0	0	0	0	68	68
TP1_synth_forward		28	A	10260	0	1	1	0	0	2	10264	68	0	0	0	0	0	0	68
TP1_synth_forward		29	T	56	2	0	1	1	2	10202	10264	0	0	0	0	0	0	68	68
TP1_synth_forward		30	C	19	10216	0	1	1	25	2	10264	0	68	0	0	0	0	0	68
TP1_synth_forward		31	T	66	2	0	2	526	2	9666	10264	0	0	0	0	2	0	66	68
TP1_synth_forward		32	G	10	77	2	10156	5	1	13	10264	0	0	0	68	0	0	0	68
TP1_synth_forward		33	T	140	0	1	0	1	1	10271	10414	0	0	0	0	0	0	77	77
TP1_synth_forward		34	T	86	2	0	1	0	0	10338	10427	0	0	0	0	0	0	78	78
TP1_synth_forward		35	C	33	10371	2	0	17	1	3	10427	0	78	0	0	0	0	0	78
TP1_synth_forward		36	G	4	55	1	10282	1	2	82	10427	0	0	0	78	0	0	0	78
TP1_synth_forward		37	C	61	10363	0	1	1	1	0	10427	0	78	0	0	0	0	0	78
TP1_synth_forward		38	A	10416	7	3	1	1	0	4	10432	78	0	0	0	0	0	0	78
TP1_synth_forward		39	C	40	10388	3	0	0	0	1	10432	0	78	0	0	0	0	0	78
TP1_synth_forward		40	T	113	0	3	4	2	1	10308	10431	0	0	0	0	0	0	78	78
TP1_synth_forward		41	C	41	10378	6	0	0	3	2	10430	0	78	0	0	0	0	0	78
TP1_synth_forward		42	C	44	10371	3	0	7	1	4	10430	0	78	0	0	0	0	0	78
TP1_synth_forward		43	G	2	106	4	10201	1	2	113	10429	0	0	0	78	0	0	0	78
TP1_synth_forward		44	A	10410	0	3	0	11	1	4	10429	78	0	0	0	0	0	0	78
TP1_synth_forward		45	G	2	67	5	10242	2	1	109	10428	0	0	0	78	0	0	0	78
TP1_synth_forward		46	T	163	0	4	0	3	0	10258	10428	0	0	0	0	0	0	78	78
TP1_synth_forward		47	G	3	42	4	10207	0	0	172	10428	0	0	0	78	0	0	0	78
TP1_synth_forward		48	C	88	10328	2	0	6	0	4	10428	0	78	0	0	0	0	0	78
TP1_synth_forward		49	G	5	21	3	10288	1	1	106	10425	0	0	0	78	0	0	0	78
TP1_synth_forward		50	G	22	54	2	10299	0	2	45	10424	0	0	0	78	0	0	0	78
TP1_synth_forward		51	C	36	11035	1	0	1	0	9	11082	0	79	0	0	0	0	0	79
TP1_synth_forward		52	T	69	2	1	3	1	0	10279	10355	0	0	0	0	0	0	77	77
TP1_synth_forward		53	T	152	3	0	3	224	1	9988	10371	0	0	0	0	2	0	76	78
TP1_synth_forward		54	G	11	21	3	10311	4	1	37	10388	0	0	0	79	0	0	0	79
TP1_synth_forward		55	C	47	10363	2	1	8	1	3	10425	0	80	0	0	0	0	0	80
TP1_synth_forward		56	G	28	8	3	10355	0	1	64	10459	0	0	0	81	0	0	0	81
TP1_synth_forward		57	G	50	11	0	10425	0	1	29	10516	0	0	0	82	0	0	0	82
TP1_synth_forward		58	A	10673	2	1	1	2	0	3	10682	83	0	0	0	0	0	0	83
TP1_synth_forward		59	G	37	64	2	10565	3	0	9	10680	0	0	0	83	0	0	0	83
TP1_synth_forward		60	A	10892	6	0	3	0	0	0	10901	84	0	0	0	0	0	0	84
TP1_synth_forward		61	T	80	0	114	1	0	1	10704	10900	0	0	1	0	0	0	83	84
TP1_synth_forward		62	T	77	2	0	2	0	2	10857	10940	0	0	0	0	0	0	85	85
TP1_synth_forward		63	C	29	10923	3	1	0	0	7	10963	0	85	0	0	0	0	1	86
TP1_synth_forward		64	T	114	1	0	3	0	0	10882	11000	0	0	0	0	0	0	87	87
TP1_synth_forward		65	C	34	10988	1	2	0	1	0	11026	0	88	0	0	0	0	0	88
TP1_synth_forward		66	T	109	5	0	5	0	30	10905	11054	0	0	0	0	0	0	89	89
TP1_synth_forward		67	T	89	2	0	4	0	4	10955	11054	0	0	0	0	0	0	89	89
TP1_synth_forward		68	C	49	11008	7	2	0	3	2	11071	0	90	0	0	0	0	0	90
TP1_synth_forward		69	C	40	11000	0	4	0	18	9	11071	0	90	0	0	0	0	0	90
TP1_synth_forward		70	T	47	0	1	5	2	4	11011	11070	0	0	0	0	0	0	90	90
TP1_synth_forward		71	C	18	11041	5	2	0	2	2	11070	0	90	0	0	0	0	0	90
TP1_synth_forward		72	T	48	1	2	4	0	1	11014	11070	0	0	0	0	0	0	90	90
TP1_synth_forward		73	G	14	14	4	11000	1	25	11	11069	0	0	0	90	0	0	0	90
TP1_synth_forward		74	T	64	0	3	5	2	4	10991	11069	0	0	0	0	0	0	90	90
TP1_synth_forward		75	G	7	19	2	11013	0	2	24	11067	0	0	0	90	0	0	0	90
TP1_synth_forward		76	C	36	11022	2	1	0	1	4	11066	0	90	0	0	0	0	0	90
TP1_synth_forward		77	G	12	24	1	10951	8	21	47	11064	0	0	0	89	1	0	0	90
TP1_synth_forward		78	C	19	11034	2	1	0	4	3	11063	0	90	0	0	0	0	0	90
TP1_synth_forward		79	C	31	11019	0	1	1	3	7	11062	0	90	0	0	0	0	0	90
TP1_synth_forward		80	G	26	22	0	10994	1	2	16	11061	0	0	0	90	0	0	0	90
TP1_synth_forward		81	C	18	10370	0	3	2	6	1	10400	0	89	0	0	0	0	0	89
TP1_synth_forward		82	A	10387	2	4	4	0	2	1	10400	89	0	0	0	0	0	0	89
TP1_synth_forward		83	A	10389	0	0	9	0	0	2	10400	89	0	0	0	0	0	0	89
TP1_synth_forward		84	A	10378	2	0	14	0	0	5	10399	89	0	0	0	0	0	0	89
TP1_synth_forward		85	G	1	22	3	10360	0	0	9	10395	0	0	0	89	0	0	0	89
TP1_synth_forward		86	C	23	10364	0	1	0	2	1	10391	0	89	0	0	0	0	0	89
TP1_synth_forward		87	T	44	1	2	6	0	3	10329	10385	0	0	0	0	0	0	89	89
TP1_synth_forward		88	G	13	15	2	10344	0	2	7	10383	0	0	0	89	0	0	0	89
TP1_synth_forward		89	T	67	1	0	4	0	0	10308	10380	0	0	0	0	0	0	89	89
TP1_synth_forward		90	T	60	1	0	5	0	0	10306	10372	0	0	0	0	0	0	89	89
TP1_synth_forward		91	C	11	10337	6	7	0	2	3	10366	0	89	0	0	0	0	0	89
TP1_synth_forward		92	C	9	10340	0	8	0	3	3	10363	0	89	0	0	0	0	0	89
TP1_synth_forward		93	G	8	8	0	10332	0	3	9	10360	0	0	0	89	0	0	0	89
TP1_synth_forward		94	T	40	3	0	11	0	4	10296	10354	0	0	0	0	0	0	89	89
TP1_synth_forward		95	C	6	10334	0	3	0	4	6	10353	0	89	0	0	0	0	0	89
TP1_synth_forward		96	C	0	10330	0	0	0	1	0	10331	0	89	0	0	0	0	0	89
TP1_synth_forward		97	C	0	10263	0	0	0	0	0	10263	0	89	0	0	0	0	0	89
TP1_synth_forward		98	A	9930	0	0	0	0	0	0	9930	89	0	0	0	0	0	0	89
TP1_synth_forward		99	G	0	0	0	9909	0	0	0	9909	0	0	0	89	0	0	0	89
TP1_synth_forward		100	T	0	0	0	0	0	0	9841	9841	0	0	0	0	0	0	89	89
TP1_synth_forward	TP1_synth_forward	1	G	0	0	0	800321	0	0	0	800321	0	0	0	10992	0	0	0	10992
TP1_synth_forward	TP1_synth_forward	2	T	0	0	0	0	0	0	801559	801559	0	0	0	0	0	0	11001	11001
TP1_synth_forward	TP1_synth_forward	3	G	0	0	0	803587	0	122	0	803709	0	0	0	11023	0	0	0	11023
TP1_synth_forward	TP1_synth_forward	4	G	0	0	0	805803	0	91	0	805894	0	0	0	11042	0	0	0	11042
TP1_synth_forward	TP1_synth_forward	5	T	0	0	0	0	0	232	805662	805894	0	0	0	0	0	0	11042	11042
TP1_synth_forward	TP1_synth_forward	6	G	148	97	0	805500	0	35	114	805894	0	0	0	11042	0	0	0	11042
TP1_synth_forward	TP1_synth_forward	7	A	805523	95	0	118	0	12	146	805894	11042	0	0	0	0	0	0	11042
TP1_synth_forward	TP1_synth_forward	8	G	417	78	0	805054	1	98	246	805894	2	0	0	11038	0	0	2	11042
TP1_synth_forward	TP1_synth_forward	9	G	134	153	0	805207	239	14	147	805894	0	0	0	11041	1	0	0	11042
TP1_synth_forward	TP1_synth_forward	10	C	293	805383	6	43	3	28	138	805894	0	11042	0	0	0	0	0	11042
TP1_synth_forward	TP1_synth_forward	11	T	296	140	96	31	1524	29	803778	805894	0	0	2	0	22	0	11018	11042
TP1_synth_forward	TP1_synth_forward	12	C	298	802022	3290	27	2	69	186	805894	0	11024	18	0	0	0	0	11042
TP1_synth_forward	TP1_synth_forward	13	C	394	805174	0	25	3	127	171	805894	0	11042	0	0	0	0	0	11042
TP1_synth_forward	TP1_synth_forward	14	C	288	805330	18	25	4	65	164	805894	0	11041	1	0	0	0	0	11042
TP1_synth_forward	TP1_synth_forward	15	C	245	803829	33	62	1572	37	116	805894	0	11020	2	0	20	0	0	11042
TP1_synth_forward	TP1_synth_forward	16	T	456	77	955	24	2	30	804350	805894	0	0	15	0	0	0	11027	11042
TP1_synth_forward	TP1_synth_forward	17	T	606	245	153	13	2	164	804711	805894	0	2	6	0	0	0	11034	11042
TP1_synth_forward	TP1_synth_forward	18	T	516	374	921	22	73	141	803847	805894	0	5	14	0	1	0	11022	11042
TP1_synth_forward	TP1_synth_forward	19	A	804306	8	1002	94	185	88	211	805894	11022	0	16	0	4	0	0	11042
TP1_synth_forward	TP1_synth_forward	20	T	553	103	525	23	837	67	803786	805894	0	0	8	0	9	0	11025	11042
TP1_synth_forward	TP1_synth_forward	21	A	804874	15	435	96	29	180	265	805894	11033	0	8	0	1	0	0	11042
TP1_synth_forward	TP1_synth_forward	22	C	354	803044	595	101	1464	149	187	805894	0	11012	11	0	19	0	0	11042
TP1_synth_forward	TP1_synth_forward	23	A	798697	529	478	157	5777	100	156	805894	10940	4	10	0	88	0	0	11042
TP1_synth_forward	TP1_synth_forward	24	G	140	176	952	803423	925	63	215	805894	0	0	15	11019	8	0	0	11042
TP1_synth_forward	TP1_synth_forward	25	A	803091	50	2300	276	1	87	89	805894	11021	0	21	0	0	0	0	11042
TP1_synth_forward	TP1_synth_forward	26	A	805402	5	39	142	18	138	150	805894	11040	0	2	0	0	0	0	11042
TP1_synth_forward	TP1_synth_forward	27	T	1487	110	252	130	257	94	803564	805894	0	1	9	0	6	0	11026	11042
TP1_synth_forward	TP1_synth_forward	28	A	804106	16	1411	88	0	76	197	805894	11031	0	10	0	0	0	1	11042
TP1_synth_forward	TP1_synth_forward	29	T	643	91	526	27	30	12	804565	805894	0	0	9	0	0	0	11033	11042
TP1_synth_forward	TP1_synth_forward	30	C	851	804784	36	13	34	47	129	805894	0	11041	1	0	0	0	0	11042
TP1_synth_forward	TP1_synth_forward	31	T	2048	102	164	35	7789	24	795584	805746	0	0	6	0	70	0	10966	11042
TP1_synth_forward	TP1_synth_forward	32	G	784	755	1639	801344	529	66	588	805705	6	0	12	11017	7	0	0	11042
TP1_synth_forward	TP1_synth_forward	33	T	3822	96	173	37	4	16	801526	805674	0	1	9	0	0	0	11032	11042
TP1_synth_forward	TP1_synth_forward	34	T	1304	132	36	9	88	25	804074	805668	0	2	2	0	1	0	11037	11042
TP1_synth_forward	TP1_synth_forward	35	C	1224	797166	138	61	6746	51	255	805641	2	10960	2	0	75	0	3	11042
TP1_synth_forward	TP1_synth_forward	36	G	216	1188	145	801878	636	73	1492	805628	0	1	2	11031	7	0	1	11042
TP1_synth_forward	TP1_synth_forward	37	C	499	803948	194	22	692	44	216	805615	0	11033	2	0	2	0	5	11042
TP1_synth_forward	TP1_synth_forward	38	A	802997	203	1728	141	207	91	236	805603	11023	1	12	0	6	0	0	11042
TP1_synth_forward	TP1_synth_forward	39	C	370	803360	1505	70	20	48	213	805586	1	11027	12	0	0	0	2	11042
TP1_synth_forward	TP1_synth_forward	40	T	1183	163	1128	75	1088	34	801901	805572	0	0	10	0	6	0	11026	11042
TP1_synth_forward	TP1_synth_forward	41	C	529	802033	2786	25	8	22	165	805568	0	11024	18	0	0	0	0	11042
TP1_synth_forward	TP1_synth_forward	42	C	1343	797892	1077	65	4315	134	714	805540	0	10994	9	0	31	0	8	11042
TP1_synth_forward	TP1_synth_forward	43	G	259	1060	1650	800597	452	79	1422	805519	0	0	13	11021	7	0	1	11042
TP1_synth_forward	TP1_synth_forward	44	A	800484	51	1434	71	3246	145	76	805507	10996	0	10	0	36	0	0	11042
TP1_synth_forward	TP1_synth_forward	45	G	525	542	1048	800873	42	69	2378	805477	1	0	8	11033	0	0	0	11042
TP1_synth_forward	TP1_synth_forward	46	T	3709	99	1057	18	2004	36	798507	805430	0	0	8	1	18	0	11015	11042
TP1_synth_forward	TP1_synth_forward	47	G	744	1541	1022	798993	14	11	3077	805402	5	1	6	11030	0	0	0	11042
TP1_synth_forward	TP1_synth_forward	48	C	717	800266	697	33	2184	7	1493	805397	1	11016	4	0	19	0	2	11042
TP1_synth_forward	TP1_synth_forward	49	G	336	443	1037	801383	13	60	2107	805379	0	0	9	11032	0	0	1	11042
TP1_synth_forward	TP1_synth_forward	50	G	798	750	669	801821	13	20	1299	805370	3	0	4	11033	0	0	2	11042
TP1_synth_forward	TP1_synth_forward	51	C	775	803565	350	50	14	94	515	805363	0	11035	5	0	0	0	2	11042
TP1_synth_forward	TP1_synth_forward	52	T	2752	73	713	234	9	48	801527	805356	0	0	10	0	0	0	11032	11042
TP1_synth_forward	TP1_synth_forward	53	T	3019	135	147	176	2941	48	798883	805349	0	0	3	0	24	0	11015	11042
TP1_synth_forward	TP1_synth_forward	54	G	254	319	328	803523	13	27	875	805339	1	0	6	11033	0	0	2	11042
TP1_synth_forward	TP1_synth_forward	55	C	773	800244	516	79	3121	37	561	805331	0	11001	10	0	28	0	3	11042
TP1_synth_forward	TP1_synth_forward	56	G	534	163	1862	801150	9	69	1536	805323	0	0	22	11019	0	0	1	11042
TP1_synth_forward	TP1_synth_forward	57	G	636	169	25	803599	204	55	611	805299	3	0	1	11037	1	0	0	11042
TP1_synth_forward	TP1_synth_forward	58	A	803929	96	206	182	698	48	128	805287	11033	1	3	1	4	0	0	11042
TP1_synth_forward	TP1_synth_forward	59	G	333	599	327	802755	773	17	457	805261	1	0	4	11032	5	0	0	11042
TP1_synth_forward	TP1_synth_forward	60	A	804696	204	35	161	2	45	114	805257	11040	0	2	0	0	0	0	11042
TP1_synth_forward	TP1_synth_forward	61	T	1074	86	74	118	1	31	803860	805244	0	0	3	0	0	0	11039	11042
TP1_synth_forward	TP1_synth_forward	62	T	2169	106	86	32	0	115	802689	805197	0	0	1	0	0	0	11041	11042
TP1_synth_forward	TP1_synth_forward	63	C	1394	802331	1188	46	0	46	167	805172	0	11038	3	0	0	0	1	11042
TP1_synth_forward	TP1_synth_forward	64	T	2528	99	115	208	0	93	802115	805158	0	0	0	0	0	0	11042	11042
TP1_synth_forward	TP1_synth_forward	65	C	733	803741	281	164	0	119	114	805152	0	11040	2	0	0	0	0	11042
TP1_synth_forward	TP1_synth_forward	66	T	2517	109	29	134	0	31	802330	805150	0	0	1	0	0	0	11041	11042
TP1_synth_forward	TP1_synth_forward	67	T	4367	89	2	74	0	150	800454	805136	0	0	0	0	0	0	11042	11042
TP1_synth_forward	TP1_synth_forward	68	C	1308	802512	959	45	0	138	170	805132	0	11035	7	0	0	0	0	11042
TP1_synth_forward	TP1_synth_forward	69	C	827	802859	10	146	0	72	1210	805124	0	11036	0	0	0	0	6	11042
TP1_synth_forward	TP1_synth_forward	70	T	984	134	325	117	226	36	803298	805120	0	3	4	0	1	0	11034	11042
TP1_synth_forward	TP1_synth_forward	71	C	297	804018	609	39	1	26	128	805118	0	11035	7	0	0	0	0	11042
TP1_synth_forward	TP1_synth_forward	72	T	2534	103	593	581	5	70	801229	805115	0	0	1	1	0	0	11040	11042
TP1_synth_forward	TP1_synth_forward	73	G	1069	485	1636	801063	0	204	649	805106	2	1	5	11034	0	0	0	11042
TP1_synth_forward	TP1_synth_forward	74	T	1977	107	1005	45	586	130	801253	805103	0	0	3	0	11	0	11028	11042
TP1_synth_forward	TP1_synth_forward	75	G	849	272	638	803021	34	15	267	805096	2	0	1	11037	2	0	0	11042
TP1_synth_forward	TP1_synth_forward	76	C	1030	802061	639	60	57	35	1209	805091	0	11025	1	0	3	0	13	11042
TP1_synth_forward	TP1_synth_forward	77	G	993	384	33	801523	988	30	1123	805074	4	0	0	11032	1	0	5	11042
TP1_synth_forward	TP1_synth_forward	78	C	312	802634	919	26	0	54	1127	805072	0	11035	3	0	0	0	4	11042
TP1_synth_forward	TP1_synth_forward	79	C	327	803135	8	73	277	207	1037	805064	0	11032	0	0	1	0	9	11042
TP1_synth_forward	TP1_synth_forward	80	G	1528	618	141	802189	0	231	340	805047	13	0	4	11025	0	0	0	11042
TP1_synth_forward	TP1_synth_forward	81	C	223	803149	603	34	731	161	138	805039	0	11032	3	0	7	0	0	11042
TP1_synth_forward	TP1_synth_forward	82	A	803405	104	1184	155	0	111	79	805038	11038	0	4	0	0	0	0	11042
TP1_synth_forward	TP1_synth_forward	83	A	804546	58	4	149	0	212	66	805035	11042	0	0	0	0	0	0	11042
TP1_synth_forward	TP1_synth_forward	84	A	804561	67	0	244	0	88	49	805009	11042	0	0	0	0	0	0	11042
TP1_synth_forward	TP1_synth_forward	85	G	146	348	823	803347	0	104	182	804950	0	0	4	11038	0	0	0	11042
TP1_synth_forward	TP1_synth_forward	86	C	365	803985	24	37	93	62	337	804903	0	11039	0	0	2	0	1	11042
TP1_synth_forward	TP1_synth_forward	87	T	1482	107	470	90	3	111	802548	804811	0	0	0	0	0	0	11042	11042
TP1_synth_forward	TP1_synth_forward	88	G	264	474	593	803087	4	120	209	804751	1	0	2	11039	0	0	0	11042
TP1_synth_forward	TP1_synth_forward	89	T	1111	109	118	37	0	282	803014	804671	0	0	2	0	0	0	11039	11041
TP1_synth_forward	TP1_synth_forward	90	T	1420	141	0	377	69	158	801154	803319	1	0	0	2	1	0	11036	11040
TP1_synth_forward	TP1_synth_forward	91	C	508	801363	966	233	0	46	129	803245	0	11036	2	2	0	0	0	11040
TP1_synth_forward	TP1_synth_forward	92	C	368	801991	0	490	0	62	254	803165	0	11040	0	0	0	0	0	11040
TP1_synth_forward	TP1_synth_forward	93	G	664	215	0	801948	0	103	137	803067	1	0	0	11039	0	0	0	11040
TP1_synth_forward	TP1_synth_forward	94	T	1080	82	0	140	0	205	801171	802678	0	0	0	0	0	0	11039	11039
TP1_synth_forward	TP1_synth_forward	95	C	211	802113	0	56	0	107	142	802629	0	11039	0	0	0	0	0	11039
TP1_synth_forward	TP1_synth_forward	96	C	0	801243	0	0	0	88	0	801331	0	11037	0	0	0	0	0	11037
TP1_synth_forward	TP1_synth_forward	97	C	0	799862	0	0	0	172	0	800034	0	11035	0	0	0	0	0	11035
TP1_synth_forward	TP1_synth_forward	98	A	796874	0	0	0	0	104	0	796978	11028	0	0	0	0	0	0	11028
TP1_synth_forward	TP1_synth_forward	99	G	0	0	0	796099	0	0	0	796099	0	0	0	11028	0	0	0	11028
TP1_synth_forward	TP1_synth_forward	100	T	0	0	0	0	0	0	794487	794487	0	0	0	0	0	0	11027	11027
