



























































































































































































































#AmpliconChromStart	Alias	Position	ProbableRef	rawA	rawC	rawD	rawG	rawI	rawN	rawT	rawDepth	consA	consC	consD	consG	consI	consN	consT	consDepth	
TP1_synth_forward		5	T	0	0	0	0	0	0	1628	1628	0	0	0	0	0	0	616	616
TP1_synth_forward		6	G	0	0	0	2274	0	0	0	2274	0	0	0	1059	0	0	0	1059
TP1_synth_forward		7	A	3182	0	0	0	0	0	0	3182	1116	0	0	0	0	0	0	1116
TP1_synth_forward		8	G	0	0	0	3749	0	0	0	3749	0	0	0	1159	0	0	0	1159
TP1_synth_forward		9	G	0	0	0	4564	0	0	0	4564	0	0	0	1204	0	0	0	1204
TP1_synth_forward		10	C	2	4576	0	0	0	0	0	4578	2	1212	0	0	0	0	0	1214
TP1_synth_forward		11	T	28	0	0	0	0	0	4562	4590	16	0	0	0	0	0	1209	1225
TP1_synth_forward		12	C	4	4595	0	0	0	1	0	4600	2	1228	0	0	0	0	0	1230
TP1_synth_forward		13	C	13	4610	0	0	0	2	0	4625	11	1230	0	0	0	2	0	1243
TP1_synth_forward		14	C	25	4611	0	0	0	0	1	4637	14	1239	0	0	0	0	0	1253
TP1_synth_forward		15	C	7	4634	0	0	0	0	0	4641	4	1253	0	0	0	0	0	1257
TP1_synth_forward		16	T	28	1	2	0	0	0	4610	4641	12	0	2	0	0	0	1243	1257
TP1_synth_forward		17	T	78	0	0	0	0	0	4571	4649	30	0	0	0	0	0	1233	1263
TP1_synth_forward		18	T	33	1	0	0	0	0	4629	4663	15	0	0	0	0	0	1258	1273
TP1_synth_forward		19	A	4652	0	29	1	0	0	0	4682	1280	0	3	0	0	0	0	1283
TP1_synth_forward		20	T	17	0	0	0	0	0	4665	4682	8	0	0	0	0	0	1275	1283
TP1_synth_forward		21	A	4695	0	3	0	0	0	1	4699	1290	0	3	0	0	0	0	1293
TP1_synth_forward		22	C	10	4684	5	0	0	0	0	4699	3	1287	3	0	0	0	0	1293
TP1_synth_forward		23	A	4685	1	7	1	0	2	3	4699	1283	1	6	0	0	2	1	1293
TP1_synth_forward		24	G	0	10	17	4665	0	0	7	4699	0	4	8	1277	0	0	4	1293
TP1_synth_forward		25	A	4691	4	2	0	0	1	1	4699	1286	3	2	0	0	1	1	1293
TP1_synth_forward		26	A	4697	0	0	1	0	0	1	4699	1293	0	0	0	0	0	0	1293
TP1_synth_forward		27	T	55	2	0	2	2	1	4637	4699	26	1	0	1	2	0	1263	1293
TP1_synth_forward		28	A	4690	2	7	0	0	0	0	4699	1290	0	3	0	0	0	0	1293
TP1_synth_forward		29	T	17	1	3	2	0	0	4676	4699	11	0	2	1	0	0	1279	1293
TP1_synth_forward		30	C	7	4686	2	1	0	1	2	4699	5	1286	1	1	0	0	0	1293
TP1_synth_forward		31	T	56	0	0	1	0	0	4642	4699	32	0	0	0	0	0	1261	1293
TP1_synth_forward		32	G	8	25	1	4653	0	1	12	4700	6	9	0	1269	0	0	10	1294
TP1_synth_forward		33	T	70	0	0	1	0	1	4628	4700	40	0	0	1	0	0	1253	1294
TP1_synth_forward		34	T	71	0	0	0	3	0	4627	4701	51	0	0	0	2	0	1242	1295
TP1_synth_forward		35	C	13	4670	15	0	0	0	3	4701	10	1275	10	0	0	0	0	1295
TP1_synth_forward		36	G	0	8	1	4592	0	0	99	4700	0	4	0	1230	0	0	60	1294
TP1_synth_forward		37	C	24	4671	1	0	4	0	0	4700	11	1279	1	0	3	0	0	1294
TP1_synth_forward		38	A	4697	0	1	0	0	1	1	4700	1291	0	1	0	0	1	1	1294
TP1_synth_forward		39	C	9	4679	8	1	0	1	2	4700	7	1278	6	0	0	1	2	1294
TP1_synth_forward		40	T	62	0	4	1	0	0	4633	4700	30	0	3	0	0	0	1261	1294
TP1_synth_forward		41	C	8	4685	5	0	0	1	1	4700	5	1285	4	0	0	0	0	1294
TP1_synth_forward		42	C	24	4675	0	0	0	0	1	4700	8	1286	0	0	0	0	0	1294
TP1_synth_forward		43	G	2	12	2	4625	0	0	59	4700	1	5	2	1250	0	0	36	1294
TP1_synth_forward		44	A	4691	2	6	0	0	1	0	4700	1289	0	5	0	0	0	0	1294
TP1_synth_forward		45	G	5	23	2	4643	0	2	24	4699	3	13	2	1255	0	2	18	1293
TP1_synth_forward		46	T	78	2	2	1	0	0	4686	4769	29	1	2	1	0	0	1275	1308
TP1_synth_forward		47	G	29	16	1	4709	0	0	14	4769	17	9	1	1274	0	0	7	1308
TP1_synth_forward		48	C	21	4744	1	1	0	1	1	4769	9	1297	1	0	0	1	0	1308
TP1_synth_forward		49	G	7	4	4	4697	0	0	57	4769	3	1	3	1272	0	0	29	1308
TP1_synth_forward		50	G	12	10	2	4706	0	2	36	4768	4	9	1	1275	0	2	17	1308
TP1_synth_forward		51	C	12	4751	2	10	0	1	1	4777	7	1303	1	0	0	0	1	1312
TP1_synth_forward		52	T	64	0	2	3	0	0	4708	4777	29	0	1	1	0	0	1281	1312
TP1_synth_forward		53	T	78	0	1	3	0	0	4695	4777	37	0	1	0	0	0	1274	1312
TP1_synth_forward		54	G	29	15	8	4722	0	1	6	4781	8	9	4	1289	0	1	1	1312
TP1_synth_forward		55	C	21	4757	1	1	0	1	0	4781	12	1298	1	0	0	1	0	1312
TP1_synth_forward		56	G	8	7	3	4722	0	0	41	4781	4	2	2	1284	0	0	20	1312
TP1_synth_forward		57	G	8	6	0	4753	0	0	29	4796	4	2	0	1291	0	0	17	1314
TP1_synth_forward		58	A	4820	0	0	0	0	0	0	4820	1315	0	0	0	0	0	0	1315
TP1_synth_forward		59	G	3	10	0	4788	0	1	18	4820	3	3	0	1300	0	0	9	1315
TP1_synth_forward		60	A	4848	3	0	1	0	2	1	4855	1313	0	0	1	0	2	0	1316
TP1_synth_forward		61	T	25	0	0	11	0	0	4819	4855	15	0	0	9	0	0	1292	1316
TP1_synth_forward		62	T	33	0	0	12	0	1	4808	4854	25	0	0	5	0	1	1284	1315
TP1_synth_forward		63	C	9	4839	2	1	0	1	1	4853	4	1307	2	0	0	1	0	1314
TP1_synth_forward		64	T	43	0	1	4	0	3	4806	4857	17	0	1	3	0	2	1293	1316
TP1_synth_forward		65	C	6	4847	4	0	0	0	0	4857	2	1311	3	0	0	0	0	1316
TP1_synth_forward		66	T	41	1	0	1	0	0	4813	4856	21	0	0	0	0	0	1294	1315
TP1_synth_forward		67	T	65	1	0	2	0	0	4788	4856	37	0	0	1	0	0	1277	1315
TP1_synth_forward		68	C	6	4846	2	1	0	0	1	4856	3	1311	1	0	0	0	0	1315
TP1_synth_forward		69	C	15	4829	0	1	0	0	8	4853	7	1306	0	0	0	0	0	1313
TP1_synth_forward		70	T	29	0	0	1	0	2	4821	4853	21	0	0	0	0	2	1290	1313
TP1_synth_forward		71	C	4	4848	0	0	0	1	0	4853	4	1308	0	0	0	1	0	1313
TP1_synth_forward		72	T	36	2	0	0	2	0	4812	4852	16	1	0	0	1	0	1294	1312
TP1_synth_forward		73	G	7	23	3	4812	0	0	7	4852	4	8	2	1293	0	0	5	1312
TP1_synth_forward		74	T	43	2	2	1	3	1	4800	4852	23	0	2	1	2	0	1284	1312
TP1_synth_forward		75	G	5	11	2	4826	0	0	7	4851	4	8	2	1296	0	0	2	1312
TP1_synth_forward		76	C	14	4831	2	1	0	0	3	4851	7	1301	2	1	0	0	1	1312
TP1_synth_forward		77	G	0	8	3	4809	3	0	28	4851	0	4	3	1284	2	0	19	1312
TP1_synth_forward		78	C	6	4841	2	0	0	1	1	4851	5	1305	2	0	0	0	0	1312
TP1_synth_forward		79	C	8	4837	3	0	0	2	0	4850	5	1303	2	0	0	2	0	1312
TP1_synth_forward		80	G	3	14	4	4807	0	3	18	4849	1	5	3	1293	0	2	8	1312
TP1_synth_forward		81	C	7	4819	9	3	5	1	3	4847	5	1296	3	2	4	0	0	1310
TP1_synth_forward		82	A	4841	2	1	2	0	1	0	4847	1309	0	1	0	0	0	0	1310
TP1_synth_forward		83	A	4839	4	0	3	0	0	1	4847	1310	0	0	0	0	0	0	1310
TP1_synth_forward		84	A	4835	5	0	5	0	0	0	4845	1306	2	0	1	0	0	0	1309
TP1_synth_forward		85	G	2	4	0	4826	0	2	6	4840	2	2	0	1295	0	2	6	1307
TP1_synth_forward		86	C	10	4823	0	2	0	1	2	4838	8	1295	0	2	0	1	0	1306
TP1_synth_forward		87	T	66	0	1	5	0	0	4758	4830	21	0	1	1	0	0	1280	1303
TP1_synth_forward		88	G	8	8	3	4804	0	0	3	4826	5	5	2	1285	0	0	3	1300
TP1_synth_forward		89	T	40	1	0	3	0	0	4778	4822	20	0	0	1	0	0	1276	1297
TP1_synth_forward		90	T	32	2	0	0	0	2	4782	4818	20	0	0	0	0	2	1272	1294
TP1_synth_forward		91	C	11	4802	1	1	0	1	0	4816	2	1290	0	1	0	0	0	1293
TP1_synth_forward		92	C	8	4806	0	0	0	0	1	4815	2	1291	0	0	0	0	0	1293
TP1_synth_forward		93	G	10	7	0	4788	0	0	4	4809	6	1	0	1281	0	0	3	1291
TP1_synth_forward		94	T	37	2	0	3	0	0	4760	4802	19	1	0	2	0	0	1266	1288
TP1_synth_forward		95	C	1	4798	0	0	0	2	0	4801	1	1285	0	0	0	1	0	1287
TP1_synth_forward		96	C	0	4786	0	0	0	1	0	4787	0	1283	0	0	0	1	0	1284
TP1_synth_forward		97	C	0	4779	0	0	0	0	0	4779	0	1280	0	0	0	0	0	1280
TP1_synth_forward		98	A	4757	0	0	0	0	1	0	4758	1273	0	0	0	0	0	0	1273
TP1_synth_forward		99	G	0	0	0	4741	0	0	0	4741	0	0	0	1263	0	0	0	1263
TP1_synth_forward		100	T	0	0	0	0	0	0	4698	4698	0	0	0	0	0	0	1244	1244
TP1_synth_forward	TP1_synth_forward	1	G	0	0	0	837425	0	0	0	837425	0	0	0	36947	0	0	0	36947
TP1_synth_forward	TP1_synth_forward	2	T	0	0	0	0	0	0	838852	838852	0	0	0	0	0	0	37387	37387
TP1_synth_forward	TP1_synth_forward	3	G	0	0	0	842090	0	12	0	842102	0	0	0	38275	0	8	0	38283
TP1_synth_forward	TP1_synth_forward	4	G	0	0	0	843241	0	7	0	843248	0	0	0	38958	0	1	0	38959
TP1_synth_forward	TP1_synth_forward	5	T	0	0	0	0	0	21	843227	843248	0	0	0	0	0	1	38958	38959
TP1_synth_forward	TP1_synth_forward	6	G	150	69	0	842673	0	207	149	843248	6	7	0	38889	0	46	11	38959
TP1_synth_forward	TP1_synth_forward	7	A	842772	49	0	95	0	173	159	843248	38932	2	0	5	0	15	5	38959
TP1_synth_forward	TP1_synth_forward	8	G	132	48	0	842897	0	51	120	843248	4	6	0	38940	0	0	9	38959
TP1_synth_forward	TP1_synth_forward	9	G	145	115	0	842430	57	331	170	843248	8	36	0	38883	2	17	13	38959
TP1_synth_forward	TP1_synth_forward	10	C	141	842704	0	25	0	211	167	843248	19	38876	0	2	0	58	4	38959
TP1_synth_forward	TP1_synth_forward	11	T	434	163	14	16	9	161	842451	843248	71	9	2	0	2	32	38843	38959
TP1_synth_forward	TP1_synth_forward	12	C	164	838068	4733	12	0	66	205	843248	16	38766	139	1	0	33	4	38959
TP1_synth_forward	TP1_synth_forward	13	C	338	842639	2	25	0	109	135	843248	27	38898	0	1	0	23	10	38959
TP1_synth_forward	TP1_synth_forward	14	C	280	842725	0	44	0	36	163	843248	28	38916	0	0	0	11	4	38959
TP1_synth_forward	TP1_synth_forward	15	C	166	842860	2	5	1	98	116	843248	19	38924	1	2	1	5	7	38959
TP1_synth_forward	TP1_synth_forward	16	T	526	76	1065	10	0	58	841513	843248	99	2	84	0	0	5	38769	38959
TP1_synth_forward	TP1_synth_forward	17	T	406	65	86	34	0	59	842598	843248	69	1	55	2	0	33	38799	38959
TP1_synth_forward	TP1_synth_forward	18	T	263	82	87	14	0	189	842613	843248	42	2	54	0	0	33	38828	38959
TP1_synth_forward	TP1_synth_forward	19	A	842137	8	670	108	0	85	240	843248	38850	0	85	0	0	14	10	38959
TP1_synth_forward	TP1_synth_forward	20	T	323	585	4	46	1	115	842174	843248	75	12	2	1	1	21	38847	38959
TP1_synth_forward	TP1_synth_forward	21	A	841287	20	1552	112	0	91	186	843248	38835	0	96	3	0	16	9	38959
TP1_synth_forward	TP1_synth_forward	22	C	244	840398	2308	56	1	62	179	843248	26	38836	74	3	1	16	3	38959
TP1_synth_forward	TP1_synth_forward	23	A	840105	20	2553	149	3	223	195	843248	38776	1	113	3	3	57	6	38959
TP1_synth_forward	TP1_synth_forward	24	G	128	63	4208	837806	4	199	840	843248	7	10	148	38672	0	72	50	38959
TP1_synth_forward	TP1_synth_forward	25	A	841256	22	1587	145	0	124	114	843248	38791	1	98	4	0	60	5	38959
TP1_synth_forward	TP1_synth_forward	26	A	842944	8	1	109	1	62	123	843248	38929	1	1	2	0	24	2	38959
TP1_synth_forward	TP1_synth_forward	27	T	973	88	8	91	919	60	841109	843248	169	3	3	4	30	4	38746	38959
TP1_synth_forward	TP1_synth_forward	28	A	839996	17	2880	88	0	107	160	843248	38907	2	33	0	0	11	6	38959
TP1_synth_forward	TP1_synth_forward	29	T	492	84	357	326	0	107	841882	843248	103	0	38	17	0	51	38750	38959
TP1_synth_forward	TP1_synth_forward	30	C	374	842189	417	63	47	35	123	843248	56	38843	44	4	2	7	3	38959
TP1_synth_forward	TP1_synth_forward	31	T	1987	82	10	15	1	20	841115	843230	330	4	4	0	1	6	38599	38944
TP1_synth_forward	TP1_synth_forward	32	G	250	236	1595	840220	181	48	685	843215	11	43	62	38727	7	8	77	38935
TP1_synth_forward	TP1_synth_forward	33	T	1782	92	16	4	3	147	841165	843209	210	2	3	0	0	51	38665	38931
TP1_synth_forward	TP1_synth_forward	34	T	3046	89	4	4	774	173	839099	843189	371	3	2	0	26	40	38476	38918
TP1_synth_forward	TP1_synth_forward	35	C	681	838312	3691	28	222	56	185	843175	106	38666	98	1	20	12	4	38907
TP1_synth_forward	TP1_synth_forward	36	G	410	245	2283	838435	1	191	1568	843133	26	68	64	38448	0	57	206	38869
TP1_synth_forward	TP1_synth_forward	37	C	295	841204	276	33	991	178	146	843123	50	38735	14	1	42	16	4	38862
TP1_synth_forward	TP1_synth_forward	38	A	842067	92	653	107	0	89	106	843114	38796	12	21	1	0	15	9	38854
TP1_synth_forward	TP1_synth_forward	39	C	165	839744	2080	95	0	74	933	843091	28	38693	76	9	0	16	16	38838
TP1_synth_forward	TP1_synth_forward	40	T	2428	121	1116	16	15	66	839295	843057	410	4	51	4	6	5	38334	38814
TP1_synth_forward	TP1_synth_forward	41	C	378	839909	2461	33	0	116	158	843055	78	38581	84	1	0	61	8	38813
TP1_synth_forward	TP1_synth_forward	42	C	388	842142	85	44	0	69	313	843041	62	38694	11	7	0	18	16	38808
TP1_synth_forward	TP1_synth_forward	43	G	240	276	920	840213	0	41	1307	842997	12	63	56	38428	0	3	213	38775
TP1_synth_forward	TP1_synth_forward	44	A	841459	15	1263	68	0	109	77	842991	38720	2	40	1	0	7	2	38772
TP1_synth_forward	TP1_synth_forward	45	G	1539	411	687	839378	0	289	671	842975	27	84	20	38413	0	84	133	38761
TP1_synth_forward	TP1_synth_forward	46	T	1703	107	736	31	3	133	840244	842957	220	5	18	1	3	40	38463	38750
TP1_synth_forward	TP1_synth_forward	47	G	650	274	1571	839850	0	178	418	842941	62	63	28	38505	0	15	65	38738
TP1_synth_forward	TP1_synth_forward	48	C	384	839521	2501	39	2	309	179	842935	57	38544	60	2	2	62	8	38735
TP1_synth_forward	TP1_synth_forward	49	G	231	271	2654	837591	0	222	1963	842932	11	48	80	38372	0	84	137	38732
TP1_synth_forward	TP1_synth_forward	50	G	211	281	2518	839401	0	141	349	842901	24	67	48	38485	0	28	59	38711
TP1_synth_forward	TP1_synth_forward	51	C	249	838652	2519	1093	0	234	150	842897	33	38585	48	27	0	13	3	38709
TP1_synth_forward	TP1_synth_forward	52	T	1889	85	1621	169	1	183	838943	842891	355	3	31	8	0	9	38299	38705
TP1_synth_forward	TP1_synth_forward	53	T	1467	151	1214	87	2	68	839897	842886	216	12	24	1	2	5	38444	38704
TP1_synth_forward	TP1_synth_forward	54	G	201	216	3246	838730	0	180	283	842856	26	46	88	38420	0	49	53	38682
TP1_synth_forward	TP1_synth_forward	55	C	333	839927	1693	28	3	376	486	842846	45	38455	50	2	3	101	25	38681
TP1_synth_forward	TP1_synth_forward	56	G	260	139	1620	840085	0	241	492	842837	14	37	82	38448	0	31	63	38675
TP1_synth_forward	TP1_synth_forward	57	G	151	95	910	840642	96	98	815	842807	10	22	31	38499	14	3	80	38659
TP1_synth_forward	TP1_synth_forward	58	A	841417	19	958	159	1	56	189	842799	38604	1	39	7	0	2	4	38657
TP1_synth_forward	TP1_synth_forward	59	G	103	121	160	840569	283	50	1466	842752	7	20	11	38482	35	8	67	38630
TP1_synth_forward	TP1_synth_forward	60	A	842394	63	2	107	0	51	130	842747	38609	2	2	4	0	9	2	38628
TP1_synth_forward	TP1_synth_forward	61	T	435	78	9	445	0	100	841669	842736	69	3	4	41	0	6	38501	38624
TP1_synth_forward	TP1_synth_forward	62	T	1410	140	2	465	49	99	840467	842632	223	2	2	28	2	19	38316	38592
TP1_synth_forward	TP1_synth_forward	63	C	506	840985	278	47	2	160	625	842603	67	38464	19	1	0	15	13	38579
TP1_synth_forward	TP1_synth_forward	64	T	2130	115	252	70	0	111	839883	842561	310	2	18	6	0	25	38196	38557
TP1_synth_forward	TP1_synth_forward	65	C	205	840438	1386	31	219	126	142	842547	28	38452	46	1	8	10	5	38550
TP1_synth_forward	TP1_synth_forward	66	T	1898	123	28	57	3	81	840344	842534	313	4	2	4	0	3	38218	38544
TP1_synth_forward	TP1_synth_forward	67	T	2174	109	2	48	179	89	839912	842513	308	3	0	2	6	2	38218	38539
TP1_synth_forward	TP1_synth_forward	68	C	352	840688	1209	27	0	105	127	842508	62	38412	53	1	0	9	1	38538
TP1_synth_forward	TP1_synth_forward	69	C	491	841598	31	66	3	110	191	842490	68	38383	12	4	1	54	7	38529
TP1_synth_forward	TP1_synth_forward	70	T	1810	62	182	30	0	240	840150	842474	279	0	15	4	0	52	38171	38521
TP1_synth_forward	TP1_synth_forward	71	C	465	841650	69	18	1	129	137	842469	71	38422	4	0	1	17	2	38517
TP1_synth_forward	TP1_synth_forward	72	T	2414	96	62	23	358	120	839385	842458	362	4	7	1	13	27	38099	38513
TP1_synth_forward	TP1_synth_forward	73	G	341	359	1414	839080	2	120	1114	842430	30	82	39	38273	0	12	59	38495
TP1_synth_forward	TP1_synth_forward	74	T	1552	109	745	20	679	111	839204	842420	191	4	23	2	14	3	38250	38487
TP1_synth_forward	TP1_synth_forward	75	G	190	176	733	840912	1	105	289	842406	23	26	16	38349	0	4	61	38479
TP1_synth_forward	TP1_synth_forward	76	C	467	840462	732	64	0	204	473	842402	53	38374	16	2	0	25	6	38476
TP1_synth_forward	TP1_synth_forward	77	G	268	382	2750	836053	428	116	2385	842382	10	77	93	38136	12	8	121	38457
TP1_synth_forward	TP1_synth_forward	78	C	207	841019	805	41	0	126	183	842381	26	38387	27	1	0	9	6	38456
TP1_synth_forward	TP1_synth_forward	79	C	689	839412	1040	39	272	169	740	842361	71	38253	21	0	17	53	31	38446
TP1_synth_forward	TP1_synth_forward	80	G	1001	1485	1241	837034	1	76	1496	842334	31	150	33	38072	0	14	132	38432
TP1_synth_forward	TP1_synth_forward	81	C	286	836725	2523	1059	1526	44	140	842303	36	38266	55	22	31	4	4	38418
TP1_synth_forward	TP1_synth_forward	82	A	841617	50	218	223	0	35	156	842299	38369	4	33	5	0	0	6	38417
TP1_synth_forward	TP1_synth_forward	83	A	841837	59	64	136	1	81	114	842292	38388	3	13	3	0	7	1	38415
TP1_synth_forward	TP1_synth_forward	84	A	841585	92	0	227	1	268	105	842278	38368	12	0	4	0	29	2	38415
TP1_synth_forward	TP1_synth_forward	85	G	315	228	0	841308	2	186	152	842191	50	45	0	38237	0	22	25	38379
TP1_synth_forward	TP1_synth_forward	86	C	407	841198	0	212	3	142	155	842117	52	38294	0	7	0	8	1	38362
TP1_synth_forward	TP1_synth_forward	87	T	3031	101	736	383	3	165	837599	842018	408	0	15	8	2	42	37872	38347
TP1_synth_forward	TP1_synth_forward	88	G	292	305	1237	839740	8	64	271	841917	46	30	25	38187	0	8	28	38324
TP1_synth_forward	TP1_synth_forward	89	T	1169	110	114	35	0	43	840356	841827	90	0	8	2	0	16	38185	38301
TP1_synth_forward	TP1_synth_forward	90	T	1818	173	0	26	461	46	839198	841722	185	5	0	1	8	31	38046	38276
TP1_synth_forward	TP1_synth_forward	91	C	828	839748	782	97	0	20	177	841652	75	38149	19	9	0	7	6	38265
TP1_synth_forward	TP1_synth_forward	92	C	377	840821	0	169	0	31	204	841602	26	38218	0	4	0	5	5	38258
TP1_synth_forward	TP1_synth_forward	93	G	415	462	0	840358	0	53	158	841446	26	76	0	38118	0	3	18	38241
TP1_synth_forward	TP1_synth_forward	94	T	1691	137	0	86	0	87	838632	840633	165	2	0	3	0	40	37988	38198
TP1_synth_forward	TP1_synth_forward	95	C	194	840026	0	45	0	145	198	840608	28	38133	0	1	0	28	6	38196
TP1_synth_forward	TP1_synth_forward	96	C	0	839959	0	0	0	73	0	840032	0	38133	0	0	0	33	0	38166
TP1_synth_forward	TP1_synth_forward	97	C	0	839136	0	0	0	62	0	839198	0	38114	0	0	0	6	0	38120
TP1_synth_forward	TP1_synth_forward	98	A	834127	0	0	0	0	31	0	834158	37974	0	0	0	0	4	0	37978
TP1_synth_forward	TP1_synth_forward	99	G	0	0	0	832207	0	0	0	832207	0	0	0	37807	0	0	0	37807
TP1_synth_forward	TP1_synth_forward	100	T	0	0	0	0	0	0	830499	830499	0	0	0	0	0	0	37606	37606
