



























































































































































































































#AmpliconChromStart	Alias	Position	ProbableRef	rawA	rawC	rawD	rawG	rawI	rawN	rawT	rawDepth	consA	consC	consD	consG	consI	consN	consT	consDepth
TP1_synth_reverse		1	G	0	0	0	809876	0	0	0	809876	0	0	0	11391	0	0	0	11391
TP1_synth_reverse		2	T	0	0	0	0	0	0	811662	811662	0	0	0	0	0	0	11402	11402
TP1_synth_reverse		3	G	0	0	0	815194	0	82	0	815276	0	0	0	11433	0	0	0	11433
TP1_synth_reverse		4	G	0	0	0	815988	0	45	0	816033	0	0	0	11440	0	0	0	11440
TP1_synth_reverse		5	T	0	0	0	0	0	22	816616	816638	0	0	0	0	0	0	11448	11448
TP1_synth_reverse		6	G	128	75	0	817053	0	12	182	817450	0	0	0	11455	0	0	0	11455
TP1_synth_reverse		7	A	817162	23	0	101	0	54	293	817633	11458	0	0	0	0	0	1	11459
TP1_synth_reverse		8	G	114	65	0	819201	1	93	111	819585	0	0	0	11481	0	0	1	11482
TP1_synth_reverse		9	G	122	124	0	819046	9	27	498	819826	0	0	0	11481	0	0	4	11485
TP1_synth_reverse		10	C	185	819261	1	40	163	20	189	819859	0	11483	0	0	2	0	1	11486
TP1_synth_reverse		11	T	172	163	186	13	657	21	818818	820030	0	0	2	0	10	0	11475	11487
TP1_synth_reverse		12	C	262	816984	2517	54	1	58	173	820049	0	11459	28	0	0	0	0	11487
TP1_synth_reverse		13	C	389	819311	145	18	2	81	113	820059	0	11487	0	0	0	0	0	11487
TP1_synth_reverse		14	C	344	819547	0	20	1	39	108	820059	0	11487	0	0	0	0	0	11487
TP1_synth_reverse		15	C	263	818022	521	41	912	69	231	820059	0	11470	4	0	11	0	2	11487
TP1_synth_reverse		16	T	352	103	1249	15	0	171	818180	820070	0	0	13	0	0	0	11474	11487
TP1_synth_reverse		17	T	317	149	141	11	0	57	819395	820070	0	0	3	0	0	0	11484	11487
TP1_synth_reverse		18	T	281	313	45	8	283	48	819092	820070	0	1	1	0	5	0	11480	11487
TP1_synth_reverse		19	C	320	818291	270	14	682	61	563	820201	0	11472	3	0	10	0	3	11488
TP1_synth_reverse		20	T	213	106	916	17	3	26	818920	820201	0	1	13	0	0	0	11474	11488
TP1_synth_reverse		21	T	425	251	343	177	2489	95	816421	820201	0	1	5	0	35	0	11447	11488
TP1_synth_reverse		22	G	221	340	674	818329	157	20	460	820201	2	0	8	11474	2	0	2	11488
TP1_synth_reverse		23	C	520	815006	1080	65	2979	24	545	820219	0	11433	14	0	38	0	4	11489
TP1_synth_reverse		24	G	498	164	603	817874	8	29	1043	820219	5	0	9	11473	0	0	2	11489
TP1_synth_reverse		25	G	239	551	323	818190	354	121	453	820231	2	0	8	11474	4	0	1	11489
TP1_synth_reverse		26	A	817936	18	1261	160	856	47	138	820416	11458	0	18	0	14	0	0	11490
TP1_synth_reverse		27	G	202	671	392	818123	378	12	638	820416	1	0	5	11473	4	0	7	11490
TP1_synth_reverse		28	A	819248	76	664	199	97	38	107	820429	11474	1	11	1	3	0	0	11490
TP1_synth_reverse		29	T	221	178	1037	113	0	135	818912	820596	0	1	17	0	0	0	11473	11491
TP1_synth_reverse		30	T	1020	170	533	44	28	116	818685	820596	1	1	9	0	1	0	11479	11491
TP1_synth_reverse		31	C	544	818287	1177	36	225	72	254	820595	1	11468	18	0	3	0	1	11491
TP1_synth_reverse		32	T	495	345	496	42	1	333	818877	820589	0	1	8	0	0	0	11482	11491
TP1_synth_reverse		33	C	397	819375	486	33	88	123	83	820585	0	11477	13	0	1	0	0	11491
TP1_synth_reverse		34	T	620	333	628	80	3	73	818846	820583	0	1	12	0	0	0	11478	11491
TP1_synth_reverse		35	T	1304	131	113	55	634	71	818267	820575	0	0	3	0	5	0	11483	11491
TP1_synth_reverse		36	C	582	818551	1287	28	4	57	66	820575	1	11476	14	0	0	0	0	11491
TP1_synth_reverse		37	C	507	818934	209	81	131	58	641	820561	0	11480	2	1	1	0	7	11491
TP1_synth_reverse		38	T	618	128	509	243	45	25	818989	820557	0	1	5	0	0	0	11485	11491
TP1_synth_reverse		39	C	375	819058	605	46	301	69	105	820559	0	11482	5	0	4	0	0	11491
TP1_synth_reverse		40	T	1157	101	973	33	2000	146	816146	820556	0	0	11	0	24	0	11456	11491
TP1_synth_reverse		41	G	977	550	924	817284	244	22	558	820559	8	0	13	11465	3	0	2	11491
TP1_synth_reverse		42	T	1939	121	776	42	2000	67	815611	820556	0	0	11	0	26	0	11454	11491
TP1_synth_reverse		43	G	686	384	759	817456	316	376	588	820565	3	0	8	11475	4	0	2	11492
TP1_synth_reverse		44	C	451	815255	1352	68	2028	160	1249	820563	0	11437	17	0	22	0	16	11492
TP1_synth_reverse		45	G	681	408	862	816367	620	62	1547	820547	6	1	8	11466	7	0	4	11492
TP1_synth_reverse		46	C	651	817621	1779	48	1	12	435	820547	0	11472	15	0	0	0	5	11492
TP1_synth_reverse		47	C	293	817652	882	46	1363	28	280	820544	0	11466	7	0	17	0	2	11492
TP1_synth_reverse		48	G	393	579	1028	817002	171	39	1311	820523	2	0	9	11475	2	0	4	11492
TP1_synth_reverse		49	A	818463	48	1536	85	44	206	157	820539	11477	0	14	0	1	0	0	11492
TP1_synth_reverse		50	T	1042	139	696	143	246	108	818151	820525	1	1	8	0	3	0	11479	11492
TP1_synth_reverse		51	A	818437	215	1375	93	160	112	140	820532	11476	3	12	0	1	0	0	11492
TP1_synth_reverse		52	C	641	818387	669	95	346	238	153	820529	1	11481	5	0	4	0	1	11492
TP1_synth_reverse		53	A	817523	51	1439	182	658	290	400	820543	11468	0	16	0	6	0	3	11493
TP1_synth_reverse		54	G	238	251	879	817826	457	89	793	820533	3	1	11	11467	4	0	7	11493
TP1_synth_reverse		55	A	818594	492	832	95	0	100	447	820560	11477	6	8	0	0	0	3	11494
TP1_synth_reverse		56	A	819576	11	636	130	0	86	119	820558	11489	0	5	0	0	0	0	11494
TP1_synth_reverse		57	T	1654	243	980	225	330	191	816908	820531	2	2	11	0	3	0	11476	11494
TP1_synth_reverse		58	A	819020	29	805	89	54	302	227	820526	11482	0	9	0	2	0	1	11494
TP1_synth_reverse		59	T	842	433	983	86	347	384	817427	820502	0	3	10	0	2	0	11479	11494
TP1_synth_reverse		60	C	785	818265	842	55	215	241	86	820489	0	11481	10	0	3	0	0	11494
TP1_synth_reverse		61	T	1078	234	2040	45	267	205	816610	820479	0	1	19	0	2	0	11472	11494
TP1_synth_reverse		62	G	735	241	1064	817218	111	302	784	820455	5	0	13	11473	0	0	3	11494
TP1_synth_reverse		63	T	1832	194	1275	15	1	164	816969	820450	0	1	17	0	0	0	11476	11494
TP1_synth_reverse		64	T	1643	535	628	27	8	50	817549	820440	1	7	11	0	0	0	11475	11494
TP1_synth_reverse		65	C	1110	815603	2679	26	596	159	259	820432	0	11455	29	0	8	0	2	11494
TP1_synth_reverse		66	G	856	398	2085	816156	106	62	754	820417	6	1	20	11465	0	0	2	11494
TP1_synth_reverse		67	C	739	817115	2151	39	28	204	133	820409	0	11472	20	0	1	0	1	11494
TP1_synth_reverse		68	A	817916	216	1543	143	217	82	291	820408	11479	0	13	0	1	0	1	11494
TP1_synth_reverse		69	C	278	818135	1350	42	159	59	379	820402	0	11480	12	0	1	0	1	11494
TP1_synth_reverse		70	T	1210	260	1878	49	15	121	816863	820396	0	2	21	0	0	0	11471	11494
TP1_synth_reverse		71	C	338	817527	1708	28	0	281	510	820392	1	11476	14	0	0	0	3	11494
TP1_synth_reverse		72	C	707	818164	976	56	8	121	348	820380	0	11483	9	0	0	0	2	11494
TP1_synth_reverse		73	G	1058	483	2830	814846	337	312	498	820364	9	0	30	11450	2	0	3	11494
TP1_synth_reverse		74	A	815957	370	3019	156	709	97	49	820357	11452	3	33	1	5	0	0	11494
TP1_synth_reverse		75	G	169	701	2117	816700	42	67	544	820340	0	4	26	11458	1	0	5	11494
TP1_synth_reverse		76	T	818	1051	1971	58	180	53	816185	820316	0	12	24	0	1	0	11457	11494
TP1_synth_reverse		77	G	419	566	2081	816694	64	57	408	820289	3	1	16	11467	1	0	6	11494
TP1_synth_reverse		78	C	595	815178	2390	42	175	464	1439	820283	1	11455	20	0	4	0	14	11494
TP1_synth_reverse		79	G	565	527	2989	815354	0	117	725	820277	2	0	23	11467	0	0	2	11494
TP1_synth_reverse		80	G	269	359	934	817482	61	109	1032	820246	3	1	6	11480	1	0	3	11494
TP1_synth_reverse		81	C	318	818387	1158	94	32	96	143	820228	1	11477	15	0	1	0	0	11494
TP1_synth_reverse		82	A	816438	98	3245	142	0	60	126	820109	11460	0	34	0	0	0	0	11494
TP1_synth_reverse		83	A	818815	52	828	87	0	197	127	820106	11484	0	9	0	0	0	1	11494
TP1_synth_reverse		84	A	819321	41	353	134	0	182	48	820079	11492	0	2	0	0	0	0	11494
TP1_synth_reverse		85	G	139	303	505	818594	21	112	311	819985	1	0	6	11486	0	0	1	11494
TP1_synth_reverse		86	C	483	819082	7	74	13	66	221	819946	0	11492	0	2	0	0	0	11494
TP1_synth_reverse		87	T	1097	94	133	22	0	291	818239	819876	0	0	2	0	0	0	11492	11494
TP1_synth_reverse		88	G	203	445	133	818458	157	113	230	819739	0	0	2	11491	1	0	0	11494
TP1_synth_reverse		89	T	640	152	396	16	0	46	818299	819549	0	0	1	0	0	0	11493	11494
TP1_synth_reverse		90	T	529	86	0	144	0	68	818601	819428	0	0	0	1	0	0	11493	11494
TP1_synth_reverse		91	C	693	817794	0	100	0	271	257	819115	0	11494	0	0	0	0	0	11494
TP1_synth_reverse		92	C	454	817555	0	76	0	341	215	818641	0	11492	0	0	0	0	0	11492
TP1_synth_reverse		93	G	480	358	0	816603	0	139	189	817769	2	0	0	11489	0	0	0	11491
TP1_synth_reverse		94	T	509	96	0	74	0	67	816872	817618	0	0	0	0	0	0	11489	11489
TP1_synth_reverse		95	C	0	817043	0	0	0	168	0	817211	0	11489	0	0	0	0	0	11489
TP1_synth_reverse		96	C	0	816310	0	0	0	100	0	816410	0	11488	0	0	0	0	0	11488
TP1_synth_reverse		97	C	0	814927	0	0	0	159	0	815086	0	11486	0	0	0	0	0	11486
TP1_synth_reverse		98	A	811772	0	0	0	0	0	0	811772	11482	0	0	0	0	0	0	11482
TP1_synth_reverse		99	G	0	0	0	810174	1	0	0	810175	0	0	0	11482	0	0	0	11482
