



























































































































































































































#AmpliconChromStart	Alias	Position	ProbableRef	rawA	rawC	rawD	rawG	rawI	rawN	rawT	rawDepth	consA	consC	consD	consG	consI	consN	consT	consDepth	
TP1_synth_reverse		1	G	0	0	0	809876	0	0	0	809876	0	0	0	25967	0	0	0	25967
TP1_synth_reverse		2	T	0	0	0	0	0	0	811662	811662	0	0	0	0	0	0	26003	26003
TP1_synth_reverse		3	G	0	0	0	815194	0	82	0	815276	0	0	0	26071	0	0	0	26071
TP1_synth_reverse		4	G	0	0	0	815988	0	45	0	816033	0	0	0	26090	0	0	0	26090
TP1_synth_reverse		5	T	0	0	0	0	0	22	816616	816638	0	0	0	0	0	1	26105	26106
TP1_synth_reverse		6	G	128	75	0	817053	0	12	182	817450	1	0	0	26121	0	0	2	26124
TP1_synth_reverse		7	A	817162	23	0	101	0	54	293	817633	26131	0	0	0	0	0	2	26133
TP1_synth_reverse		8	G	114	65	0	819201	1	93	111	819585	0	0	0	26173	0	0	2	26175
TP1_synth_reverse		9	G	122	124	0	819046	9	27	498	819826	1	0	0	26173	1	0	5	26180
TP1_synth_reverse		10	C	185	819261	1	40	163	20	189	819859	0	26176	0	0	2	1	2	26181
TP1_synth_reverse		11	T	172	163	186	13	657	21	818818	820030	0	1	3	0	22	0	26156	26182
TP1_synth_reverse		12	C	262	816984	2517	54	1	58	173	820049	0	26138	45	0	0	0	1	26184
TP1_synth_reverse		13	C	389	819311	145	18	2	81	113	820059	0	26185	0	0	0	0	0	26185
TP1_synth_reverse		14	C	344	819547	0	20	1	39	108	820059	1	26184	0	0	0	0	0	26185
TP1_synth_reverse		15	C	263	818022	521	41	912	69	231	820059	0	26148	6	0	28	0	3	26185
TP1_synth_reverse		16	T	352	103	1249	15	0	171	818180	820070	0	3	28	0	0	1	26153	26185
TP1_synth_reverse		17	T	317	149	141	11	0	57	819395	820070	0	1	9	0	0	2	26173	26185
TP1_synth_reverse		18	T	281	313	45	8	283	48	819092	820070	0	1	5	0	14	0	26165	26185
TP1_synth_reverse		19	C	320	818291	270	14	682	61	563	820201	0	26152	11	0	17	0	6	26186
TP1_synth_reverse		20	T	213	106	916	17	3	26	818920	820201	0	5	31	0	0	0	26150	26186
TP1_synth_reverse		21	T	425	251	343	177	2489	95	816421	820201	0	4	11	1	81	1	26088	26186
TP1_synth_reverse		22	G	221	340	674	818329	157	20	460	820201	8	0	18	26141	7	0	12	26186
TP1_synth_reverse		23	C	520	815006	1080	65	2979	24	545	820219	0	26041	40	1	95	0	11	26188
TP1_synth_reverse		24	G	498	164	603	817874	8	29	1043	820219	13	2	24	26147	0	0	2	26188
TP1_synth_reverse		25	G	239	551	323	818190	354	121	453	820231	4	0	9	26164	7	2	3	26189
TP1_synth_reverse		26	A	817936	18	1261	160	856	47	138	820416	26121	0	40	2	28	0	0	26191
TP1_synth_reverse		27	G	202	671	392	818123	378	12	638	820416	2	0	11	26160	7	0	11	26191
TP1_synth_reverse		28	A	819248	76	664	199	97	38	107	820429	26169	1	17	2	3	0	0	26192
TP1_synth_reverse		29	T	221	178	1037	113	0	135	818912	820596	0	1	26	0	0	0	26166	26193
TP1_synth_reverse		30	T	1020	170	533	44	28	116	818685	820596	2	1	15	0	3	0	26172	26193
TP1_synth_reverse		31	C	544	818287	1177	36	225	72	254	820595	1	26152	34	0	5	0	2	26194
TP1_synth_reverse		32	T	495	345	496	42	1	333	818877	820589	1	2	16	0	0	3	26172	26194
TP1_synth_reverse		33	C	397	819375	486	33	88	123	83	820585	0	26168	19	0	4	3	0	26194
TP1_synth_reverse		34	T	620	333	628	80	3	73	818846	820583	0	1	26	0	0	1	26166	26194
TP1_synth_reverse		35	T	1304	131	113	55	634	71	818267	820575	0	1	9	0	15	0	26169	26194
TP1_synth_reverse		36	C	582	818551	1287	28	4	57	66	820575	2	26163	28	0	0	0	1	26194
TP1_synth_reverse		37	C	507	818934	209	81	131	58	641	820561	0	26174	5	1	4	0	10	26194
TP1_synth_reverse		38	T	618	128	509	243	45	25	818989	820557	1	3	16	0	6	0	26169	26195
TP1_synth_reverse		39	C	375	819052	605	46	301	69	105	820553	0	26171	10	0	14	0	0	26195
TP1_synth_reverse		40	T	1157	101	973	33	2000	146	816140	820550	1	1	21	0	55	0	26117	26195
TP1_synth_reverse		41	G	977	550	924	817278	244	22	558	820553	18	0	25	26139	11	0	3	26196
TP1_synth_reverse		42	T	1939	121	776	42	2000	67	815605	820550	1	2	30	0	57	1	26106	26197
TP1_synth_reverse		43	G	686	384	759	817450	316	376	588	820559	7	0	14	26155	15	2	5	26198
TP1_synth_reverse		44	C	451	815249	1352	68	2028	160	1249	820557	0	26076	35	0	49	0	38	26198
TP1_synth_reverse		45	G	681	407	862	816362	620	62	1547	820541	15	2	16	26139	14	0	12	26198
TP1_synth_reverse		46	C	651	817615	1779	48	1	12	435	820541	0	26156	33	0	0	0	10	26199
TP1_synth_reverse		47	C	293	817647	882	45	1363	28	280	820538	0	26145	20	0	32	0	2	26199
TP1_synth_reverse		48	G	393	578	1028	816997	171	39	1311	820517	7	1	27	26153	3	0	9	26200
TP1_synth_reverse		49	A	818457	48	1536	85	44	206	157	820533	26159	0	39	1	1	1	0	26201
TP1_synth_reverse		50	T	1042	139	696	143	246	108	818145	820519	2	4	33	0	4	1	26157	26201
TP1_synth_reverse		51	A	818431	215	1375	93	160	112	140	820526	26160	11	26	0	3	0	2	26202
TP1_synth_reverse		52	C	641	818381	669	95	346	238	153	820523	1	26177	10	0	9	2	3	26202
TP1_synth_reverse		53	A	817517	51	1439	182	658	290	400	820537	26137	0	36	0	20	4	6	26203
TP1_synth_reverse		54	G	238	250	879	817821	457	89	793	820527	6	3	21	26148	8	3	14	26203
TP1_synth_reverse		55	A	818588	492	832	95	0	100	447	820554	26159	16	25	0	0	0	4	26204
TP1_synth_reverse		56	A	819570	11	636	130	0	86	119	820552	26190	0	13	0	0	1	0	26204
TP1_synth_reverse		57	T	1654	243	980	225	330	191	816902	820525	6	4	25	0	3	2	26164	26204
TP1_synth_reverse		58	A	819023	29	805	89	54	302	227	820529	26181	1	17	0	3	2	1	26205
TP1_synth_reverse		59	T	840	433	983	85	347	384	817433	820505	0	3	22	0	4	1	26175	26205
TP1_synth_reverse		60	C	783	818270	842	55	215	241	86	820492	1	26171	27	0	5	1	0	26205
TP1_synth_reverse		61	T	1077	234	2040	45	267	205	816614	820482	1	1	48	1	5	4	26145	26205
TP1_synth_reverse		62	G	735	241	1064	817223	111	302	782	820458	13	0	40	26139	3	5	5	26205
TP1_synth_reverse		63	T	1832	194	1275	15	1	164	816972	820453	1	4	42	0	0	2	26156	26205
TP1_synth_reverse		64	T	1641	535	628	27	8	50	817554	820443	3	14	21	1	1	0	26165	26205
TP1_synth_reverse		65	C	1111	815605	2679	26	596	159	259	820435	4	26117	60	0	20	1	3	26205
TP1_synth_reverse		66	G	856	397	2085	816160	106	62	754	820420	21	1	41	26131	3	2	7	26206
TP1_synth_reverse		67	C	738	817119	2151	39	28	204	133	820412	0	26156	42	1	3	2	2	26206
TP1_synth_reverse		68	A	817919	216	1543	143	217	82	291	820411	26173	1	30	0	1	0	1	26206
TP1_synth_reverse		69	C	278	818138	1350	42	159	59	379	820405	1	26175	24	0	1	0	5	26206
TP1_synth_reverse		70	T	1208	260	1878	49	15	121	816868	820399	1	4	44	0	0	1	26157	26207
TP1_synth_reverse		71	C	338	817530	1708	28	0	281	510	820395	1	26162	38	0	0	2	4	26207
TP1_synth_reverse		72	C	707	818167	976	56	8	121	348	820383	1	26173	20	0	1	2	10	26207
TP1_synth_reverse		73	G	1058	483	2830	814849	337	312	498	820367	20	6	63	26102	4	3	9	26207
TP1_synth_reverse		74	A	815960	370	3019	156	709	97	49	820360	26123	5	67	1	10	1	0	26207
TP1_synth_reverse		75	G	169	701	2117	816703	42	67	544	820343	5	15	54	26119	4	1	9	26207
TP1_synth_reverse		76	T	818	1051	1971	58	180	53	816188	820319	0	28	58	1	2	0	26117	26206
TP1_synth_reverse		77	G	419	566	2081	816697	64	57	408	820292	7	1	42	26140	2	0	14	26206
TP1_synth_reverse		78	C	595	815181	2390	42	175	464	1439	820286	1	26110	52	0	9	4	30	26206
TP1_synth_reverse		79	G	565	527	2989	815357	0	117	725	820280	4	0	56	26140	0	0	6	26206
TP1_synth_reverse		80	G	269	359	934	817485	61	109	1032	820249	10	8	15	26161	1	0	11	26206
TP1_synth_reverse		81	C	318	818390	1158	94	32	96	143	820231	2	26171	30	0	2	1	0	26206
TP1_synth_reverse		82	A	816442	98	3244	142	0	60	126	820112	26119	0	85	0	0	1	0	26205
TP1_synth_reverse		83	A	818818	52	828	87	0	197	127	820109	26185	0	16	0	0	1	3	26205
TP1_synth_reverse		84	A	819324	41	353	134	0	182	48	820082	26198	0	5	0	0	2	0	26205
TP1_synth_reverse		85	G	139	303	505	818597	21	112	311	819988	1	0	8	26193	0	1	2	26205
TP1_synth_reverse		86	C	482	819086	7	74	13	66	221	819949	0	26200	1	2	1	0	1	26205
TP1_synth_reverse		87	T	1097	94	133	22	0	291	818242	819879	2	0	4	0	0	2	26197	26205
TP1_synth_reverse		88	G	203	445	133	818461	157	113	230	819742	6	0	5	26186	2	5	0	26204
TP1_synth_reverse		89	T	639	152	396	16	0	46	818303	819552	0	0	3	0	0	1	26199	26203
TP1_synth_reverse		90	T	528	86	0	144	0	68	818605	819431	0	0	0	4	0	1	26198	26203
TP1_synth_reverse		91	C	693	817797	0	100	0	271	257	819118	3	26194	0	2	0	2	2	26203
TP1_synth_reverse		92	C	454	817558	0	76	0	341	215	818644	0	26188	0	4	0	4	0	26196
TP1_synth_reverse		93	G	480	358	0	816606	0	139	189	817772	4	1	0	26181	0	0	1	26187
TP1_synth_reverse		94	T	509	96	0	74	0	67	816875	817621	2	0	0	0	0	0	26177	26179
TP1_synth_reverse		95	C	0	817046	0	0	0	168	0	817214	0	26178	0	0	0	0	0	26178
TP1_synth_reverse		96	C	0	816313	0	0	0	100	0	816413	0	26172	0	0	0	3	0	26175
TP1_synth_reverse		97	C	0	814930	0	0	0	159	0	815089	0	26165	0	0	0	0	0	26165
TP1_synth_reverse		98	A	811775	0	0	0	0	0	0	811775	26128	0	0	0	0	0	0	26128
TP1_synth_reverse		99	G	0	0	0	810177	1	0	0	810178	0	0	0	26114	0	0	0	26114
