



























































































































































































































#AmpliconChromStart	Alias	Position	ProbableRef	rawA	rawC	rawD	rawG	rawI	rawN	rawT	rawDepth	consA	consC	consD	consG	consI	consN	consT	consDepth	
TP1_synth_reverse		1	G	0	0	0	809876	0	0	0	809876	0	0	0	13399	0	0	0	13399
TP1_synth_reverse		2	T	0	0	0	0	0	0	811662	811662	0	0	0	0	0	0	13411	13411
TP1_synth_reverse		3	G	0	0	0	815194	0	82	0	815276	0	0	0	13446	0	0	0	13446
TP1_synth_reverse		4	G	0	0	0	815988	0	45	0	816033	0	0	0	13453	0	0	0	13453
TP1_synth_reverse		5	T	0	0	0	0	0	22	816616	816638	0	0	0	0	0	0	13462	13462
TP1_synth_reverse		6	G	128	75	0	817053	0	12	182	817450	0	0	0	13469	0	0	0	13469
TP1_synth_reverse		7	A	817162	23	0	101	0	54	293	817633	13473	0	0	0	0	0	1	13474
TP1_synth_reverse		8	G	114	65	0	819201	1	93	111	819585	0	0	0	13501	0	0	1	13502
TP1_synth_reverse		9	G	122	124	0	819046	9	27	498	819826	0	0	0	13500	1	0	4	13505
TP1_synth_reverse		10	C	185	819261	1	40	163	20	189	819859	0	13503	0	0	2	0	1	13506
TP1_synth_reverse		11	T	172	163	186	13	657	21	818818	820030	0	0	2	0	13	0	13492	13507
TP1_synth_reverse		12	C	262	816984	2517	54	1	58	173	820049	0	13477	31	0	0	0	0	13508
TP1_synth_reverse		13	C	389	819311	145	18	2	81	113	820059	0	13508	0	0	0	0	0	13508
TP1_synth_reverse		14	C	344	819561	0	20	1	39	108	820073	0	13509	0	0	0	0	0	13509
TP1_synth_reverse		15	C	263	818036	521	41	912	69	231	820073	0	13491	4	0	12	0	2	13509
TP1_synth_reverse		16	T	352	103	1249	15	0	171	818194	820084	0	1	17	0	0	0	13491	13509
TP1_synth_reverse		17	T	317	149	141	11	0	57	819409	820084	0	1	3	0	0	0	13505	13509
TP1_synth_reverse		18	T	281	313	45	8	283	48	819106	820084	0	1	1	0	6	0	13501	13509
TP1_synth_reverse		19	C	320	818305	270	14	682	61	563	820215	0	13492	3	0	11	0	4	13510
TP1_synth_reverse		20	T	213	106	916	17	3	26	818934	820215	0	1	16	0	0	0	13493	13510
TP1_synth_reverse		21	T	425	251	343	177	2489	95	816435	820215	0	2	5	0	39	0	13464	13510
TP1_synth_reverse		22	G	221	340	674	818343	157	20	460	820215	2	0	8	13493	3	0	4	13510
TP1_synth_reverse		23	C	521	815019	1080	65	2979	24	545	820233	0	13447	16	0	43	0	5	13511
TP1_synth_reverse		24	G	498	165	603	817886	8	29	1044	820233	7	0	10	13492	0	0	2	13511
TP1_synth_reverse		25	G	239	551	323	818204	354	121	453	820245	2	0	8	13496	4	0	1	13511
TP1_synth_reverse		26	A	817950	18	1261	160	856	47	138	820430	13477	0	20	1	15	0	0	13513
TP1_synth_reverse		27	G	202	672	392	818136	378	12	638	820430	1	0	8	13492	4	0	8	13513
TP1_synth_reverse		28	A	819262	76	664	199	97	38	107	820443	13498	1	11	1	3	0	0	13514
TP1_synth_reverse		29	T	222	178	1037	113	0	135	818925	820610	0	1	17	0	0	0	13497	13515
TP1_synth_reverse		30	T	1021	170	533	44	28	116	818698	820610	1	1	10	0	2	0	13501	13515
TP1_synth_reverse		31	C	545	818300	1177	36	225	72	254	820609	1	13489	20	0	4	0	1	13515
TP1_synth_reverse		32	T	497	345	496	42	1	333	818889	820603	0	1	8	0	0	0	13506	13515
TP1_synth_reverse		33	C	397	819389	486	33	88	123	83	820599	0	13501	13	0	1	0	0	13515
TP1_synth_reverse		34	T	620	333	628	80	3	73	818860	820597	0	1	12	0	0	0	13502	13515
TP1_synth_reverse		35	T	1304	131	113	55	634	71	818285	820593	0	0	3	0	5	0	13507	13515
TP1_synth_reverse		36	C	583	818565	1287	28	4	57	66	820590	1	13500	14	0	0	0	0	13515
TP1_synth_reverse		37	C	508	818948	209	81	131	58	641	820576	0	13503	2	1	1	0	8	13515
TP1_synth_reverse		38	T	618	128	509	243	45	25	819004	820572	0	2	5	0	2	0	13506	13515
TP1_synth_reverse		39	C	376	819072	605	46	301	69	105	820574	0	13504	6	0	5	0	0	13515
TP1_synth_reverse		40	T	1158	101	973	33	2000	146	816160	820571	0	0	12	0	28	0	13475	13515
TP1_synth_reverse		41	G	978	551	924	817295	244	22	560	820574	8	0	15	13487	3	0	2	13515
TP1_synth_reverse		42	T	1939	121	776	42	2000	67	815626	820571	0	0	12	0	30	0	13473	13515
TP1_synth_reverse		43	G	687	385	759	817447	316	376	588	820558	4	0	9	13494	6	0	2	13515
TP1_synth_reverse		44	C	451	815248	1352	68	2028	160	1249	820556	0	13450	19	0	26	0	20	13515
TP1_synth_reverse		45	G	682	409	862	816358	620	62	1547	820540	7	1	9	13484	9	0	5	13515
TP1_synth_reverse		46	C	651	817614	1779	48	1	12	435	820540	0	13492	17	0	0	0	6	13515
TP1_synth_reverse		47	C	294	817644	882	46	1363	28	280	820537	0	13484	10	0	19	0	2	13515
TP1_synth_reverse		48	G	393	577	1028	816994	171	39	1314	820516	2	0	12	13494	2	0	5	13515
TP1_synth_reverse		49	A	818456	48	1536	85	44	206	157	820532	13498	0	16	0	1	0	0	13515
TP1_synth_reverse		50	T	1042	139	696	142	246	108	818145	820518	1	1	10	0	3	0	13500	13515
TP1_synth_reverse		51	A	818430	215	1375	93	160	112	140	820525	13497	4	14	0	1	0	0	13516
TP1_synth_reverse		52	C	643	818377	669	95	346	238	153	820521	1	13505	5	0	4	0	1	13516
TP1_synth_reverse		53	A	817515	51	1439	182	658	290	400	820535	13486	0	18	0	10	0	3	13517
TP1_synth_reverse		54	G	238	251	879	817818	457	89	793	820525	3	1	12	13488	5	0	8	13517
TP1_synth_reverse		55	A	818586	492	832	95	0	100	447	820552	13499	7	9	0	0	0	3	13518
TP1_synth_reverse		56	A	819568	11	636	130	0	86	119	820550	13512	0	6	0	0	0	0	13518
TP1_synth_reverse		57	T	1656	243	980	224	330	191	816899	820523	3	2	12	0	3	0	13498	13518
TP1_synth_reverse		58	A	819012	29	805	89	54	302	227	820518	13505	0	10	0	2	0	1	13518
TP1_synth_reverse		59	T	841	433	983	86	347	384	817420	820494	0	3	12	0	2	0	13501	13518
TP1_synth_reverse		60	C	786	818256	842	55	215	241	86	820481	0	13502	13	0	3	0	0	13518
TP1_synth_reverse		61	T	1079	234	2040	43	267	205	816603	820471	0	1	21	0	2	0	13494	13518
TP1_synth_reverse		62	G	736	241	1064	817208	111	302	785	820447	7	0	16	13492	0	0	3	13518
TP1_synth_reverse		63	T	1820	194	1275	15	1	164	816973	820442	0	1	21	0	0	0	13496	13518
TP1_synth_reverse		64	T	1638	535	628	27	8	50	817546	820432	1	7	12	0	0	0	13498	13518
TP1_synth_reverse		65	C	1113	815592	2679	26	596	159	259	820424	0	13475	32	0	9	0	2	13518
TP1_synth_reverse		66	G	858	399	2085	816146	106	62	753	820409	9	1	23	13480	1	0	4	13518
TP1_synth_reverse		67	C	739	817108	2151	38	28	204	133	820401	0	13494	21	0	2	0	1	13518
TP1_synth_reverse		68	A	817908	216	1543	143	217	82	291	820400	13502	0	14	0	1	0	1	13518
TP1_synth_reverse		69	C	278	818134	1350	42	159	59	372	820394	0	13503	13	0	1	0	1	13518
TP1_synth_reverse		70	T	1210	260	1878	49	15	121	816855	820388	0	2	26	0	0	0	13490	13518
TP1_synth_reverse		71	C	338	817519	1708	28	0	281	510	820384	1	13496	18	0	0	0	3	13518
TP1_synth_reverse		72	C	707	818156	976	56	8	121	348	820372	0	13502	11	0	1	0	4	13518
TP1_synth_reverse		73	G	1058	483	2830	814838	337	312	498	820356	11	0	35	13466	3	0	3	13518
TP1_synth_reverse		74	A	815949	370	3019	156	709	97	49	820349	13471	3	38	1	5	0	0	13518
TP1_synth_reverse		75	G	169	701	2117	816691	42	67	545	820332	1	7	31	13472	1	0	6	13518
TP1_synth_reverse		76	T	815	1051	1971	58	180	53	816180	820308	0	13	27	0	1	0	13477	13518
TP1_synth_reverse		77	G	419	566	2081	816687	64	57	407	820281	3	1	21	13484	1	0	8	13518
TP1_synth_reverse		78	C	596	815169	2390	42	175	464	1439	820275	1	13469	25	0	5	0	18	13518
TP1_synth_reverse		79	G	565	523	2989	815349	0	117	726	820269	2	0	28	13486	0	0	2	13518
TP1_synth_reverse		80	G	269	359	934	817474	61	109	1032	820238	4	2	8	13499	1	0	4	13518
TP1_synth_reverse		81	C	318	818379	1158	94	32	96	143	820220	1	13500	16	0	1	0	0	13518
TP1_synth_reverse		82	A	816430	98	3245	142	0	60	126	820101	13483	0	35	0	0	0	0	13518
TP1_synth_reverse		83	A	818807	52	828	87	0	197	127	820098	13508	0	9	0	0	0	1	13518
TP1_synth_reverse		84	A	819313	41	353	134	0	182	48	820071	13516	0	2	0	0	0	0	13518
TP1_synth_reverse		85	G	139	303	505	818586	21	112	311	819977	1	0	7	13509	0	0	1	13518
TP1_synth_reverse		86	C	483	819074	7	74	13	66	221	819938	0	13516	0	2	0	0	0	13518
TP1_synth_reverse		87	T	1097	94	133	22	0	291	818231	819868	0	0	2	0	0	0	13516	13518
TP1_synth_reverse		88	G	202	447	133	818449	157	113	230	819731	0	0	2	13515	1	0	0	13518
TP1_synth_reverse		89	T	640	152	396	16	0	46	818289	819539	0	0	1	0	0	0	13517	13518
TP1_synth_reverse		90	T	529	86	0	144	0	68	818591	819418	0	0	0	2	0	0	13516	13518
TP1_synth_reverse		91	C	693	817784	0	100	0	271	257	819105	0	13517	0	1	0	0	0	13518
TP1_synth_reverse		92	C	454	817545	0	76	0	341	215	818631	0	13514	0	2	0	0	0	13516
TP1_synth_reverse		93	G	480	358	0	816591	0	139	189	817757	2	0	0	13512	0	0	0	13514
TP1_synth_reverse		94	T	509	96	0	74	0	67	816860	817606	0	0	0	0	0	0	13512	13512
TP1_synth_reverse		95	C	0	817030	0	0	0	168	0	817198	0	13512	0	0	0	0	0	13512
TP1_synth_reverse		96	C	0	816297	0	0	0	100	0	816397	0	13511	0	0	0	0	0	13511
TP1_synth_reverse		97	C	0	814914	0	0	0	159	0	815073	0	13508	0	0	0	0	0	13508
TP1_synth_reverse		98	A	811759	0	0	0	0	0	0	811759	13502	0	0	0	0	0	0	13502
TP1_synth_reverse		99	G	0	0	0	810160	1	0	0	810161	0	0	0	13501	0	0	0	13501
