



























































































































































































































#AmpliconChromStart	Alias	Position	ProbableRef	rawA	rawC	rawD	rawG	rawI	rawN	rawT	rawDepth	consA	consC	consD	consG	consI	consN	consT	consDepth	
TP1_synth_reverse		1	G	0	0	0	809876	0	0	0	809876	0	0	0	12613	0	0	0	12613
TP1_synth_reverse		2	T	0	0	0	0	0	0	811662	811662	0	0	0	0	0	0	12625	12625
TP1_synth_reverse		3	G	0	0	0	815194	0	82	0	815276	0	0	0	12658	0	0	0	12658
TP1_synth_reverse		4	G	0	0	0	815988	0	45	0	816033	0	0	0	12665	0	0	0	12665
TP1_synth_reverse		5	T	0	0	0	0	0	22	816616	816638	0	0	0	0	0	0	12674	12674
TP1_synth_reverse		6	G	128	75	0	817053	0	12	182	817450	0	0	0	12681	0	0	0	12681
TP1_synth_reverse		7	A	817162	23	0	101	0	54	293	817633	12684	0	0	0	0	0	1	12685
TP1_synth_reverse		8	G	114	65	0	819201	1	93	111	819585	0	0	0	12712	0	0	1	12713
TP1_synth_reverse		9	G	122	124	0	819046	9	27	498	819826	0	0	0	12712	0	0	4	12716
TP1_synth_reverse		10	C	185	819261	1	40	163	20	189	819859	0	12714	0	0	2	0	1	12717
TP1_synth_reverse		11	T	172	163	186	13	657	21	818818	820030	0	0	2	0	12	0	12704	12718
TP1_synth_reverse		12	C	262	816984	2517	54	1	58	173	820049	0	12690	29	0	0	0	0	12719
TP1_synth_reverse		13	C	389	819301	145	18	2	81	113	820049	0	12719	0	0	0	0	0	12719
TP1_synth_reverse		14	C	344	819537	0	20	1	39	108	820049	0	12719	0	0	0	0	0	12719
TP1_synth_reverse		15	C	263	818012	521	41	912	69	231	820049	0	12701	4	0	12	0	2	12719
TP1_synth_reverse		16	T	352	103	1249	15	0	171	818170	820060	0	1	15	0	0	0	12703	12719
TP1_synth_reverse		17	T	317	149	141	11	0	57	819385	820060	0	0	3	0	0	0	12716	12719
TP1_synth_reverse		18	T	280	313	45	8	283	48	819083	820060	0	1	1	0	6	0	12711	12719
TP1_synth_reverse		19	C	320	818281	270	14	682	61	563	820191	0	12703	3	0	11	0	3	12720
TP1_synth_reverse		20	T	213	106	916	17	3	26	818910	820191	0	1	15	0	0	0	12704	12720
TP1_synth_reverse		21	T	425	251	343	177	2489	95	816411	820191	0	2	5	0	37	0	12676	12720
TP1_synth_reverse		22	G	221	340	674	818319	157	20	460	820191	2	0	8	12704	3	0	3	12720
TP1_synth_reverse		23	C	520	814996	1080	65	2979	24	545	820209	0	12659	15	0	43	0	4	12721
TP1_synth_reverse		24	G	498	164	603	817865	8	29	1042	820209	5	0	10	12704	0	0	2	12721
TP1_synth_reverse		25	G	239	551	323	818181	354	121	452	820221	2	0	8	12706	4	0	1	12721
TP1_synth_reverse		26	A	817926	18	1261	160	856	47	138	820406	12688	0	19	1	15	0	0	12723
TP1_synth_reverse		27	G	202	671	392	818113	378	12	638	820406	1	0	7	12703	4	0	8	12723
TP1_synth_reverse		28	A	819238	76	664	199	97	38	107	820419	12708	1	11	1	3	0	0	12724
TP1_synth_reverse		29	T	221	178	1037	113	0	135	818902	820586	0	1	17	0	0	0	12707	12725
TP1_synth_reverse		30	T	1020	170	533	44	28	116	818675	820586	1	1	10	0	2	0	12711	12725
TP1_synth_reverse		31	C	544	818277	1177	36	225	72	254	820585	1	12700	20	0	3	0	1	12725
TP1_synth_reverse		32	T	494	345	496	42	1	333	818868	820579	0	1	8	0	0	0	12716	12725
TP1_synth_reverse		33	C	396	819366	486	33	88	123	83	820575	0	12711	13	0	1	0	0	12725
TP1_synth_reverse		34	T	620	333	628	80	3	73	818836	820573	0	1	12	0	0	0	12712	12725
TP1_synth_reverse		35	T	1304	131	113	55	634	71	818261	820569	0	0	3	0	5	0	12717	12725
TP1_synth_reverse		36	C	581	818546	1287	28	4	57	66	820569	1	12710	14	0	0	0	0	12725
TP1_synth_reverse		37	C	507	818928	209	81	131	58	641	820555	0	12713	2	1	1	0	8	12725
TP1_synth_reverse		38	T	618	128	509	243	45	25	818983	820551	0	2	5	0	2	0	12716	12725
TP1_synth_reverse		39	C	375	819052	605	46	301	69	105	820553	0	12716	5	0	4	0	0	12725
TP1_synth_reverse		40	T	1158	101	973	33	2000	146	816139	820550	0	0	11	0	27	0	12687	12725
TP1_synth_reverse		41	G	978	550	924	817278	244	22	557	820553	8	0	14	12698	3	0	2	12725
TP1_synth_reverse		42	T	1938	121	776	42	2000	67	815606	820550	0	0	12	0	28	0	12685	12725
TP1_synth_reverse		43	G	686	384	759	817451	316	376	587	820559	4	0	9	12705	6	0	2	12726
TP1_synth_reverse		44	C	451	815249	1352	68	2028	160	1249	820557	0	12664	19	0	25	0	18	12726
TP1_synth_reverse		45	G	681	408	862	816362	620	62	1546	820541	6	1	9	12697	8	0	5	12726
TP1_synth_reverse		46	C	650	817616	1779	48	1	12	435	820541	0	12704	16	0	0	0	6	12726
TP1_synth_reverse		47	C	293	817646	882	46	1363	28	280	820538	0	12696	10	0	18	0	2	12726
TP1_synth_reverse		48	G	393	578	1028	816998	171	39	1310	820517	2	0	12	12705	2	0	5	12726
TP1_synth_reverse		49	A	818457	48	1536	85	44	206	157	820533	12709	0	16	0	1	0	0	12726
TP1_synth_reverse		50	T	1043	139	696	143	246	108	818144	820519	1	1	10	0	3	0	12711	12726
TP1_synth_reverse		51	A	818431	215	1375	93	160	112	140	820526	12707	4	14	0	1	0	0	12726
TP1_synth_reverse		52	C	642	818380	669	95	346	238	153	820523	1	12715	5	0	4	0	1	12726
TP1_synth_reverse		53	A	817518	50	1439	182	658	290	400	820537	12699	0	16	0	9	0	3	12727
TP1_synth_reverse		54	G	238	250	879	817821	457	89	793	820527	3	1	11	12700	4	0	8	12727
TP1_synth_reverse		55	A	818588	492	832	95	0	100	447	820554	12710	7	8	0	0	0	3	12728
TP1_synth_reverse		56	A	819570	11	636	130	0	86	119	820552	12723	0	5	0	0	0	0	12728
TP1_synth_reverse		57	T	1655	243	980	224	330	191	816902	820525	3	2	12	0	3	0	12708	12728
TP1_synth_reverse		58	A	819023	29	805	89	54	302	227	820529	12716	0	10	0	2	0	1	12729
TP1_synth_reverse		59	T	842	433	983	86	347	384	817430	820505	0	3	11	0	2	0	12713	12729
TP1_synth_reverse		60	C	786	818267	842	55	215	241	86	820492	0	12714	12	0	3	0	0	12729
TP1_synth_reverse		61	T	1076	234	2040	44	267	205	816616	820482	0	1	21	0	2	0	12705	12729
TP1_synth_reverse		62	G	735	240	1064	817222	111	302	784	820458	6	0	14	12706	0	0	3	12729
TP1_synth_reverse		63	T	1832	194	1275	15	1	164	816972	820453	0	1	19	0	0	0	12709	12729
TP1_synth_reverse		64	T	1643	535	628	27	8	50	817552	820443	1	7	12	0	0	0	12709	12729
TP1_synth_reverse		65	C	1113	815603	2679	26	596	159	259	820435	0	12689	30	0	8	0	2	12729
TP1_synth_reverse		66	G	857	399	2085	816157	106	62	754	820420	7	1	21	12695	1	0	4	12729
TP1_synth_reverse		67	C	740	817117	2151	39	28	204	133	820412	0	12707	20	0	1	0	1	12729
TP1_synth_reverse		68	A	817919	216	1543	143	217	82	291	820411	12714	0	13	0	1	0	1	12729
TP1_synth_reverse		69	C	278	818138	1350	42	159	59	379	820405	0	12714	13	0	1	0	1	12729
TP1_synth_reverse		70	T	1209	260	1878	49	15	121	816861	820393	0	2	24	0	0	0	12703	12729
TP1_synth_reverse		71	C	338	817525	1708	27	0	281	510	820389	1	12709	16	0	0	0	3	12729
TP1_synth_reverse		72	C	707	818161	976	56	8	121	348	820377	0	12717	10	0	0	0	2	12729
TP1_synth_reverse		73	G	1058	483	2830	814843	337	312	498	820361	11	0	33	12679	3	0	3	12729
TP1_synth_reverse		74	A	815954	370	3019	156	709	97	49	820354	12685	3	35	1	5	0	0	12729
TP1_synth_reverse		75	G	169	701	2117	816697	42	67	544	820337	0	5	28	12690	1	0	5	12729
TP1_synth_reverse		76	T	818	1051	1971	58	180	53	816182	820313	0	13	25	0	1	0	12690	12729
TP1_synth_reverse		77	G	419	566	2081	816691	64	57	408	820286	3	1	19	12698	1	0	7	12729
TP1_synth_reverse		78	C	595	815175	2390	42	175	464	1439	820280	1	12685	23	0	4	0	16	12729
TP1_synth_reverse		79	G	565	527	2989	815351	0	117	725	820274	2	0	27	12698	0	0	2	12729
TP1_synth_reverse		80	G	269	359	934	817479	61	109	1032	820243	3	2	8	12711	1	0	4	12729
TP1_synth_reverse		81	C	318	818384	1158	94	32	96	143	820225	1	12711	16	0	1	0	0	12729
TP1_synth_reverse		82	A	816435	98	3245	142	0	60	126	820106	12694	0	35	0	0	0	0	12729
TP1_synth_reverse		83	A	818812	52	828	87	0	197	127	820103	12719	0	9	0	0	0	1	12729
TP1_synth_reverse		84	A	819318	41	353	134	0	182	48	820076	12727	0	2	0	0	0	0	12729
TP1_synth_reverse		85	G	139	303	505	818591	21	112	311	819982	1	0	6	12721	0	0	1	12729
TP1_synth_reverse		86	C	483	819079	7	74	13	66	221	819943	0	12727	0	2	0	0	0	12729
TP1_synth_reverse		87	T	1096	94	133	21	0	291	818238	819873	0	0	2	0	0	0	12727	12729
TP1_synth_reverse		88	G	203	445	133	818455	157	113	230	819736	0	0	2	12726	1	0	0	12729
TP1_synth_reverse		89	T	639	152	396	16	0	46	818297	819546	0	0	1	0	0	0	12728	12729
TP1_synth_reverse		90	T	529	86	0	144	0	68	818598	819425	0	0	0	2	0	0	12727	12729
TP1_synth_reverse		91	C	692	817792	0	100	0	271	257	819112	0	12729	0	0	0	0	0	12729
TP1_synth_reverse		92	C	454	817552	0	76	0	341	215	818638	0	12725	0	2	0	0	0	12727
TP1_synth_reverse		93	G	480	358	0	816600	0	139	189	817766	2	0	0	12723	0	0	0	12725
TP1_synth_reverse		94	T	509	96	0	74	0	67	816869	817615	0	0	0	0	0	0	12723	12723
TP1_synth_reverse		95	C	0	817040	0	0	0	168	0	817208	0	12723	0	0	0	0	0	12723
TP1_synth_reverse		96	C	0	816307	0	0	0	100	0	816407	0	12722	0	0	0	0	0	12722
TP1_synth_reverse		97	C	0	814924	0	0	0	159	0	815083	0	12719	0	0	0	0	0	12719
TP1_synth_reverse		98	A	811769	0	0	0	0	0	0	811769	12713	0	0	0	0	0	0	12713
TP1_synth_reverse		99	G	0	0	0	810170	1	0	0	810171	0	0	0	12713	0	0	0	12713
