



























































































































































































































#AmpliconChromStart	Alias	Position	ProbableRef	rawA	rawC	rawD	rawG	rawI	rawN	rawT	rawDepth	consA	consC	consD	consG	consI	consN	consT	consDepth	
TP1_synth_reverse		1	G	0	0	0	809876	0	0	0	809876	0	0	0	11963	0	0	0	11963
TP1_synth_reverse		2	T	0	0	0	0	0	0	811662	811662	0	0	0	0	0	0	11974	11974
TP1_synth_reverse		3	G	0	0	0	815194	0	82	0	815276	0	0	0	12005	0	0	0	12005
TP1_synth_reverse		4	G	0	0	0	815988	0	45	0	816033	0	0	0	12012	0	0	0	12012
TP1_synth_reverse		5	T	0	0	0	0	0	22	816616	816638	0	0	0	0	0	0	12021	12021
TP1_synth_reverse		6	G	128	75	0	817053	0	12	182	817450	0	0	0	12028	0	0	0	12028
TP1_synth_reverse		7	A	817162	23	0	101	0	54	293	817633	12031	0	0	0	0	0	1	12032
TP1_synth_reverse		8	G	114	65	0	819201	1	93	111	819585	0	0	0	12054	0	0	1	12055
TP1_synth_reverse		9	G	122	124	0	819046	9	27	498	819826	0	0	0	12054	0	0	4	12058
TP1_synth_reverse		10	C	185	819261	1	40	163	20	189	819859	0	12056	0	0	2	0	1	12059
TP1_synth_reverse		11	T	172	163	186	13	657	21	818818	820030	0	0	2	0	11	0	12047	12060
TP1_synth_reverse		12	C	262	816984	2517	54	1	58	173	820049	0	12032	28	0	0	0	0	12060
TP1_synth_reverse		13	C	389	819311	145	18	2	81	113	820059	0	12060	0	0	0	0	0	12060
TP1_synth_reverse		14	C	344	819561	0	20	1	39	108	820073	0	12060	0	0	0	0	0	12060
TP1_synth_reverse		15	C	263	818036	521	41	912	69	231	820073	0	12043	4	0	11	0	2	12060
TP1_synth_reverse		16	T	352	103	1249	15	0	171	818194	820084	0	1	14	0	0	0	12045	12060
TP1_synth_reverse		17	T	317	149	141	11	0	57	819409	820084	0	0	3	0	0	0	12057	12060
TP1_synth_reverse		18	T	281	313	45	8	283	48	819106	820084	0	1	1	0	5	0	12053	12060
TP1_synth_reverse		19	C	320	818305	270	14	682	61	563	820215	0	12045	3	0	10	0	3	12061
TP1_synth_reverse		20	T	213	106	916	17	3	26	818934	820215	0	1	15	0	0	0	12045	12061
TP1_synth_reverse		21	T	425	251	343	177	2489	95	816435	820215	0	1	5	0	36	0	12019	12061
TP1_synth_reverse		22	G	221	340	674	818343	157	20	460	820215	2	0	8	12046	2	0	3	12061
TP1_synth_reverse		23	C	521	815001	1080	65	2979	24	545	820215	0	12001	14	0	42	0	4	12061
TP1_synth_reverse		24	G	498	165	603	817868	8	29	1044	820215	5	0	10	12044	0	0	2	12061
TP1_synth_reverse		25	G	239	551	323	818186	354	121	453	820227	2	0	8	12046	4	0	1	12061
TP1_synth_reverse		26	A	817932	18	1261	160	856	47	138	820412	12028	0	19	0	15	0	0	12062
TP1_synth_reverse		27	G	202	672	392	818118	378	12	638	820412	1	0	6	12044	4	0	7	12062
TP1_synth_reverse		28	A	819244	76	664	199	97	38	107	820425	12046	1	11	1	3	0	0	12062
TP1_synth_reverse		29	T	222	178	1037	113	0	135	818907	820592	0	1	17	0	0	0	12045	12063
TP1_synth_reverse		30	T	1020	170	533	44	28	116	818681	820592	1	1	9	0	1	0	12051	12063
TP1_synth_reverse		31	C	544	818283	1177	36	225	72	254	820591	1	12040	18	0	3	0	1	12063
TP1_synth_reverse		32	T	496	345	496	42	1	333	818872	820585	0	1	8	0	0	0	12054	12063
TP1_synth_reverse		33	C	397	819371	486	33	88	123	83	820581	0	12049	13	0	1	0	0	12063
TP1_synth_reverse		34	T	620	333	628	80	3	73	818842	820579	0	1	12	0	0	0	12050	12063
TP1_synth_reverse		35	T	1298	131	113	55	634	71	818273	820575	0	0	3	0	5	0	12055	12063
TP1_synth_reverse		36	C	583	818550	1287	28	4	57	66	820575	1	12048	14	0	0	0	0	12063
TP1_synth_reverse		37	C	506	818935	209	81	131	58	641	820561	0	12052	2	1	1	0	7	12063
TP1_synth_reverse		38	T	618	128	509	243	45	25	818989	820557	0	1	5	0	2	0	12055	12063
TP1_synth_reverse		39	C	376	819057	605	46	301	69	105	820559	0	12054	5	0	4	0	0	12063
TP1_synth_reverse		40	T	1157	101	973	33	2000	146	816146	820556	0	0	11	0	25	0	12027	12063
TP1_synth_reverse		41	G	978	551	924	817280	244	22	560	820559	8	0	14	12036	3	0	2	12063
TP1_synth_reverse		42	T	1933	121	776	42	2000	67	815617	820556	0	0	11	0	28	0	12024	12063
TP1_synth_reverse		43	G	687	384	759	817434	316	376	587	820543	3	0	9	12044	5	0	2	12063
TP1_synth_reverse		44	C	451	815233	1352	68	2028	160	1249	820541	0	12002	19	0	24	0	18	12063
TP1_synth_reverse		45	G	682	409	862	816346	620	62	1544	820525	6	1	9	12036	7	0	4	12063
TP1_synth_reverse		46	C	650	817600	1779	48	1	12	435	820525	0	12042	16	0	0	0	5	12063
TP1_synth_reverse		47	C	293	817630	882	46	1363	28	280	820522	0	12035	9	0	17	0	2	12063
TP1_synth_reverse		48	G	393	577	1028	816980	171	39	1313	820501	2	0	11	12043	2	0	5	12063
TP1_synth_reverse		49	A	818441	48	1536	85	44	206	157	820517	12047	0	15	0	1	0	0	12063
TP1_synth_reverse		50	T	1038	139	696	140	246	108	818136	820503	1	1	9	0	3	0	12049	12063
TP1_synth_reverse		51	A	818415	215	1375	93	160	112	140	820510	12046	3	13	0	1	0	0	12063
TP1_synth_reverse		52	C	639	818366	669	95	346	238	153	820506	1	12052	5	0	4	0	1	12063
TP1_synth_reverse		53	A	817500	51	1439	182	658	290	400	820520	12039	0	16	0	6	0	3	12064
TP1_synth_reverse		54	G	238	251	879	817803	457	89	793	820510	3	1	11	12037	4	0	8	12064
TP1_synth_reverse		55	A	818571	492	832	95	0	100	447	820537	12048	6	8	0	0	0	3	12065
TP1_synth_reverse		56	A	819553	11	636	130	0	86	119	820535	12060	0	5	0	0	0	0	12065
TP1_synth_reverse		57	T	1656	243	980	222	330	191	816886	820508	2	2	11	0	3	0	12047	12065
TP1_synth_reverse		58	A	818997	29	805	89	54	302	227	820503	12053	0	9	0	2	0	1	12065
TP1_synth_reverse		59	T	841	433	983	85	347	384	817406	820479	0	3	10	0	2	0	12050	12065
TP1_synth_reverse		60	C	786	818241	842	55	215	241	86	820466	0	12051	11	0	3	0	0	12065
TP1_synth_reverse		61	T	1079	234	2040	43	267	205	816588	820456	0	1	20	0	2	0	12042	12065
TP1_synth_reverse		62	G	736	241	1064	817193	111	302	785	820432	6	0	13	12043	0	0	3	12065
TP1_synth_reverse		63	T	1817	194	1275	15	1	164	816961	820427	0	1	17	0	0	0	12047	12065
TP1_synth_reverse		64	T	1639	535	628	27	8	50	817530	820417	1	7	11	0	0	0	12046	12065
TP1_synth_reverse		65	C	1113	815577	2679	26	596	159	259	820409	0	12026	29	0	8	0	2	12065
TP1_synth_reverse		66	G	858	399	2085	816131	106	62	753	820394	6	1	20	12035	0	0	3	12065
TP1_synth_reverse		67	C	740	817092	2151	38	28	204	133	820386	0	12043	20	0	1	0	1	12065
TP1_synth_reverse		68	A	817893	216	1543	143	217	82	291	820385	12050	0	13	0	1	0	1	12065
TP1_synth_reverse		69	C	278	818119	1350	42	159	59	372	820379	0	12051	12	0	1	0	1	12065
TP1_synth_reverse		70	T	1210	260	1878	49	15	121	816840	820373	0	2	21	0	0	0	12042	12065
TP1_synth_reverse		71	C	338	817504	1708	28	0	281	510	820369	1	12047	14	0	0	0	3	12065
TP1_synth_reverse		72	C	708	818140	976	56	8	121	348	820357	0	12054	9	0	0	0	2	12065
TP1_synth_reverse		73	G	1058	483	2830	814823	337	312	498	820341	9	0	32	12019	2	0	3	12065
TP1_synth_reverse		74	A	815934	370	3019	156	709	97	49	820334	12022	3	34	1	5	0	0	12065
TP1_synth_reverse		75	G	169	701	2117	816676	42	67	545	820317	0	4	27	12028	1	0	5	12065
TP1_synth_reverse		76	T	816	1051	1971	57	180	53	816165	820293	0	13	24	0	1	0	12027	12065
TP1_synth_reverse		77	G	419	566	2081	816671	64	57	408	820266	3	1	17	12036	1	0	7	12065
TP1_synth_reverse		78	C	596	815154	2390	42	175	464	1439	820260	1	12024	22	0	4	0	14	12065
TP1_synth_reverse		79	G	565	523	2988	815335	0	117	726	820254	2	0	24	12037	0	0	2	12065
TP1_synth_reverse		80	G	269	359	934	817458	61	109	1033	820223	3	2	6	12050	1	0	3	12065
TP1_synth_reverse		81	C	318	818364	1158	94	32	96	143	820205	1	12048	15	0	1	0	0	12065
TP1_synth_reverse		82	A	816416	98	3244	142	0	60	126	820086	12031	0	34	0	0	0	0	12065
TP1_synth_reverse		83	A	818792	52	828	87	0	197	127	820083	12055	0	9	0	0	0	1	12065
TP1_synth_reverse		84	A	819298	41	353	134	0	182	48	820056	12063	0	2	0	0	0	0	12065
TP1_synth_reverse		85	G	139	303	505	818571	21	112	311	819962	1	0	6	12057	0	0	1	12065
TP1_synth_reverse		86	C	483	819060	7	73	13	66	221	819923	0	12063	0	2	0	0	0	12065
TP1_synth_reverse		87	T	1097	94	133	22	0	291	818216	819853	0	0	2	0	0	0	12063	12065
TP1_synth_reverse		88	G	203	447	133	818433	157	113	230	819716	0	0	2	12062	1	0	0	12065
TP1_synth_reverse		89	T	640	152	396	16	0	46	818274	819524	0	0	1	0	0	0	12064	12065
TP1_synth_reverse		90	T	529	86	0	144	0	68	818576	819403	0	0	0	2	0	0	12063	12065
TP1_synth_reverse		91	C	693	817769	0	100	0	271	257	819090	0	12065	0	0	0	0	0	12065
TP1_synth_reverse		92	C	454	817530	0	76	0	341	215	818616	0	12062	0	1	0	0	0	12063
TP1_synth_reverse		93	G	480	358	0	816576	0	139	189	817742	2	0	0	12060	0	0	0	12062
TP1_synth_reverse		94	T	509	96	0	74	0	67	816845	817591	0	0	0	0	0	0	12060	12060
TP1_synth_reverse		95	C	0	817015	0	0	0	168	0	817183	0	12060	0	0	0	0	0	12060
TP1_synth_reverse		96	C	0	816282	0	0	0	100	0	816382	0	12059	0	0	0	0	0	12059
TP1_synth_reverse		97	C	0	814899	0	0	0	159	0	815058	0	12056	0	0	0	0	0	12056
TP1_synth_reverse		98	A	811744	0	0	0	0	0	0	811744	12051	0	0	0	0	0	0	12051
TP1_synth_reverse		99	G	0	0	0	810145	1	0	0	810146	0	0	0	12051	0	0	0	12051
