



























































































































































































































#AmpliconChromStart	Alias	Position	ProbableRef	rawA	rawC	rawD	rawG	rawI	rawN	rawT	rawDepth	consA	consC	consD	consG	consI	consN	consT	consDepth	
TP1_synth_reverse		1	G	0	0	0	809876	0	0	0	809876	0	0	0	6898	0	0	0	6898
TP1_synth_reverse		2	T	0	0	0	0	0	0	811662	811662	0	0	0	0	0	0	6907	6907
TP1_synth_reverse		3	G	0	0	0	815194	0	82	0	815276	0	0	0	6926	0	0	0	6926
TP1_synth_reverse		4	G	0	0	0	815988	0	45	0	816033	0	0	0	6932	0	0	0	6932
TP1_synth_reverse		5	T	0	0	0	0	0	22	816616	816638	0	0	0	0	0	0	6938	6938
TP1_synth_reverse		6	G	128	75	0	817053	0	12	182	817450	0	0	0	6943	0	0	0	6943
TP1_synth_reverse		7	A	817162	23	0	101	0	54	293	817633	6944	0	0	0	0	0	1	6945
TP1_synth_reverse		8	G	114	65	0	819201	1	93	111	819585	0	0	0	6961	0	0	0	6961
TP1_synth_reverse		9	G	122	124	0	819046	9	27	498	819826	0	0	0	6960	0	0	3	6963
TP1_synth_reverse		10	C	185	819261	1	40	163	20	189	819859	0	6961	0	0	1	0	1	6963
TP1_synth_reverse		11	T	172	163	186	13	657	21	818818	820030	0	0	2	0	6	0	6956	6964
TP1_synth_reverse		12	C	262	816984	2517	54	1	58	173	820049	0	6945	19	0	0	0	0	6964
TP1_synth_reverse		13	C	389	819311	145	18	2	81	113	820059	0	6964	0	0	0	0	0	6964
TP1_synth_reverse		14	C	344	819561	0	20	1	39	108	820073	0	6964	0	0	0	0	0	6964
TP1_synth_reverse		15	C	263	818036	521	41	912	69	231	820073	0	6951	3	0	8	0	2	6964
TP1_synth_reverse		16	T	352	103	1249	15	0	171	818194	820084	0	0	9	0	0	0	6955	6964
TP1_synth_reverse		17	T	317	149	141	11	0	57	819409	820084	0	0	1	0	0	0	6963	6964
TP1_synth_reverse		18	T	281	313	45	8	283	48	819106	820084	0	1	0	0	2	0	6961	6964
TP1_synth_reverse		19	C	320	818305	270	14	682	61	563	820215	0	6955	1	0	7	0	2	6965
TP1_synth_reverse		20	T	213	106	916	17	3	26	818934	820215	0	0	7	0	0	0	6958	6965
TP1_synth_reverse		21	T	425	251	343	177	2489	95	816435	820215	0	1	2	0	24	0	6938	6965
TP1_synth_reverse		22	G	221	340	674	818343	157	20	460	820215	1	0	3	6958	2	0	1	6965
TP1_synth_reverse		23	C	521	815019	1080	65	2979	24	545	820233	0	6929	9	0	24	0	3	6965
TP1_synth_reverse		24	G	498	165	603	817886	8	29	1044	820233	3	0	5	6955	0	0	2	6965
TP1_synth_reverse		25	G	239	551	323	818204	354	121	453	820245	2	0	5	6954	3	0	1	6965
TP1_synth_reverse		26	A	817950	18	1261	160	856	47	138	820430	6945	0	11	0	10	0	0	6966
TP1_synth_reverse		27	G	202	672	392	818136	378	12	638	820430	1	0	3	6953	4	0	5	6966
TP1_synth_reverse		28	A	819262	76	664	199	97	38	107	820443	6957	1	6	1	1	0	0	6966
TP1_synth_reverse		29	T	222	178	1037	113	0	135	818925	820610	0	1	9	0	0	0	6957	6967
TP1_synth_reverse		30	T	1021	170	533	44	28	116	818698	820610	1	1	6	0	0	0	6959	6967
TP1_synth_reverse		31	C	545	818293	1177	36	225	72	254	820602	1	6952	11	0	2	0	1	6967
TP1_synth_reverse		32	T	497	345	496	42	1	333	818882	820596	0	1	5	0	0	0	6961	6967
TP1_synth_reverse		33	C	397	819382	486	33	88	123	83	820592	0	6960	6	0	1	0	0	6967
TP1_synth_reverse		34	T	620	333	628	80	3	73	818853	820590	0	1	8	0	0	0	6958	6967
TP1_synth_reverse		35	T	1304	131	113	55	634	71	818278	820586	0	0	1	0	4	0	6962	6967
TP1_synth_reverse		36	C	583	818561	1287	28	4	57	66	820586	1	6958	8	0	0	0	0	6967
TP1_synth_reverse		37	C	507	818945	209	81	131	58	641	820572	0	6959	2	1	0	0	5	6967
TP1_synth_reverse		38	T	618	128	509	243	45	25	819000	820568	0	0	4	0	0	0	6963	6967
TP1_synth_reverse		39	C	376	819068	605	46	301	69	105	820570	0	6960	5	0	2	0	0	6967
TP1_synth_reverse		40	T	1158	101	973	33	2000	146	816156	820567	0	0	9	0	16	0	6942	6967
TP1_synth_reverse		41	G	978	550	924	817292	244	22	560	820570	3	0	9	6951	2	0	2	6967
TP1_synth_reverse		42	T	1940	121	776	42	2000	67	815618	820564	0	0	7	0	15	0	6945	6967
TP1_synth_reverse		43	G	687	385	759	817440	316	376	588	820551	3	0	5	6955	2	0	2	6967
TP1_synth_reverse		44	C	451	815241	1352	68	2028	160	1249	820549	0	6928	10	0	17	0	12	6967
TP1_synth_reverse		45	G	682	409	862	816352	620	62	1546	820533	4	1	7	6946	6	0	3	6967
TP1_synth_reverse		46	C	651	817607	1779	48	1	12	435	820533	0	6951	12	0	0	0	4	6967
TP1_synth_reverse		47	C	294	817637	882	46	1363	28	280	820530	0	6949	5	0	13	0	0	6967
TP1_synth_reverse		48	G	393	577	1028	816988	171	39	1313	820509	2	0	6	6956	1	0	2	6967
TP1_synth_reverse		49	A	818449	48	1536	85	44	206	157	820525	6955	0	10	0	1	0	0	6966
TP1_synth_reverse		50	T	1042	139	696	142	246	108	818138	820511	1	1	5	0	2	0	6957	6966
TP1_synth_reverse		51	A	818423	215	1375	93	160	112	140	820518	6953	1	11	0	1	0	0	6966
TP1_synth_reverse		52	C	642	818372	669	94	346	238	153	820514	1	6958	4	0	3	0	0	6966
TP1_synth_reverse		53	A	817508	51	1439	182	658	290	400	820528	6946	0	13	0	5	0	2	6966
TP1_synth_reverse		54	G	238	251	879	817811	457	89	793	820518	1	0	11	6945	3	0	6	6966
TP1_synth_reverse		55	A	818579	492	832	95	0	100	447	820545	6955	4	6	0	0	0	1	6966
TP1_synth_reverse		56	A	819561	11	636	130	0	86	119	820543	6962	0	4	0	0	0	0	6966
TP1_synth_reverse		57	T	1655	243	980	223	330	191	816894	820516	2	1	9	0	2	0	6952	6966
TP1_synth_reverse		58	A	819014	29	805	89	54	302	227	820520	6957	0	7	0	1	0	1	6966
TP1_synth_reverse		59	T	838	433	983	86	347	384	817425	820496	0	3	8	0	1	0	6954	6966
TP1_synth_reverse		60	C	783	818261	842	55	215	241	86	820483	0	6958	6	0	2	0	0	6966
TP1_synth_reverse		61	T	1079	234	2040	43	267	205	816605	820473	0	1	15	0	1	0	6949	6966
TP1_synth_reverse		62	G	733	241	1064	817213	111	302	785	820449	2	0	6	6956	0	0	2	6966
TP1_synth_reverse		63	T	1818	194	1275	15	1	164	816977	820444	0	1	8	0	0	0	6957	6966
TP1_synth_reverse		64	T	1637	535	628	27	8	50	817549	820434	0	5	3	0	0	0	6958	6966
TP1_synth_reverse		65	C	1113	815594	2679	26	596	159	259	820426	0	6938	21	0	5	0	2	6966
TP1_synth_reverse		66	G	856	399	2085	816150	106	62	753	820411	5	0	16	6943	0	0	2	6966
TP1_synth_reverse		67	C	739	817110	2151	38	28	204	133	820403	0	6949	17	0	0	0	0	6966
TP1_synth_reverse		68	A	817910	216	1543	143	217	82	291	820402	6953	0	11	0	1	0	1	6966
TP1_synth_reverse		69	C	277	818137	1350	42	159	59	372	820396	0	6955	9	0	1	0	1	6966
TP1_synth_reverse		70	T	1210	260	1878	49	15	121	816857	820390	0	1	14	0	0	0	6951	6966
TP1_synth_reverse		71	C	336	817523	1708	28	0	281	510	820386	0	6951	12	0	0	0	3	6966
TP1_synth_reverse		72	C	706	818159	976	56	8	121	348	820374	0	6956	8	0	0	0	2	6966
TP1_synth_reverse		73	G	1058	483	2830	814840	337	312	498	820358	8	0	21	6933	2	0	2	6966
TP1_synth_reverse		74	A	815951	370	3019	156	709	97	49	820351	6940	2	19	1	4	0	0	6966
TP1_synth_reverse		75	G	169	701	2117	816693	42	67	545	820334	0	3	18	6942	0	0	3	6966
TP1_synth_reverse		76	T	814	1051	1971	58	180	53	816183	820310	0	9	16	0	1	0	6940	6966
TP1_synth_reverse		77	G	419	566	2081	816688	64	57	408	820283	2	1	13	6947	1	0	2	6966
TP1_synth_reverse		78	C	595	815172	2390	42	175	464	1439	820277	0	6940	16	0	1	0	9	6966
TP1_synth_reverse		79	G	564	523	2989	815352	0	117	726	820271	1	0	17	6947	0	0	1	6966
TP1_synth_reverse		80	G	269	358	934	817476	61	109	1033	820240	1	1	4	6956	1	0	3	6966
TP1_synth_reverse		81	C	318	818381	1158	94	32	96	143	820222	1	6956	9	0	0	0	0	6966
TP1_synth_reverse		82	A	816432	98	3245	142	0	60	126	820103	6943	0	23	0	0	0	0	6966
TP1_synth_reverse		83	A	818809	52	828	87	0	197	127	820100	6962	0	4	0	0	0	0	6966
TP1_synth_reverse		84	A	819315	41	353	134	0	182	48	820073	6964	0	2	0	0	0	0	6966
TP1_synth_reverse		85	G	139	303	505	818588	21	112	311	819979	0	0	5	6960	0	0	1	6966
TP1_synth_reverse		86	C	483	819076	7	74	13	66	221	819940	0	6966	0	0	0	0	0	6966
TP1_synth_reverse		87	T	1097	94	133	22	0	291	818233	819870	0	0	1	0	0	0	6965	6966
TP1_synth_reverse		88	G	203	447	133	818450	157	113	230	819733	0	0	1	6964	1	0	0	6966
TP1_synth_reverse		89	T	638	152	396	16	0	46	818293	819541	0	0	0	0	0	0	6966	6966
TP1_synth_reverse		90	T	528	86	0	144	0	68	818594	819420	0	0	0	1	0	0	6965	6966
TP1_synth_reverse		91	C	693	817786	0	100	0	271	257	819107	0	6966	0	0	0	0	0	6966
TP1_synth_reverse		92	C	454	817547	0	76	0	341	215	818633	0	6965	0	0	0	0	0	6965
TP1_synth_reverse		93	G	480	358	0	816593	0	139	189	817759	0	0	0	6965	0	0	0	6965
TP1_synth_reverse		94	T	509	96	0	74	0	67	816862	817608	0	0	0	0	0	0	6965	6965
TP1_synth_reverse		95	C	0	817032	0	0	0	168	0	817200	0	6965	0	0	0	0	0	6965
TP1_synth_reverse		96	C	0	816299	0	0	0	100	0	816399	0	6964	0	0	0	0	0	6964
TP1_synth_reverse		97	C	0	814916	0	0	0	159	0	815075	0	6964	0	0	0	0	0	6964
TP1_synth_reverse		98	A	811761	0	0	0	0	0	0	811761	6964	0	0	0	0	0	0	6964
TP1_synth_reverse		99	G	0	0	0	810165	1	0	0	810166	0	0	0	6964	0	0	0	6964
