



























































































































































































































#AmpliconChromStart	Alias	Position	ProbableRef	rawA	rawC	rawD	rawG	rawI	rawN	rawT	rawDepth	consA	consC	consD	consG	consI	consN	consT	consDepth	
TP1_synth_reverse		1	G	0	0	0	534874	0	0	0	534874	0	0	0	13219	0	0	0	13219
TP1_synth_reverse		2	T	0	0	0	0	0	0	536494	536494	0	0	0	0	0	0	13252	13252
TP1_synth_reverse		3	G	0	0	0	538972	0	97	0	539069	0	0	0	13321	0	1	0	13322
TP1_synth_reverse		4	G	0	0	0	539743	0	57	0	539800	0	0	0	13348	0	1	0	13349
TP1_synth_reverse		5	T	0	0	0	0	0	178	539994	540172	0	0	0	0	0	1	13373	13374
TP1_synth_reverse		6	G	196	84	0	540276	0	24	110	540690	3	0	0	13410	0	0	2	13415
TP1_synth_reverse		7	A	540626	16	0	76	0	7	71	540796	13422	0	0	0	0	0	0	13422
TP1_synth_reverse		8	G	98	78	0	540770	0	66	96	541108	0	0	0	13432	0	0	2	13434
TP1_synth_reverse		9	G	94	133	0	540844	1	14	122	541208	1	0	0	13436	0	0	1	13438
TP1_synth_reverse		10	C	224	540773	2	112	0	21	117	541249	0	13438	0	1	0	0	0	13439
TP1_synth_reverse		11	T	285	113	19	15	22	42	540753	541249	0	0	1	0	0	1	13437	13439
TP1_synth_reverse		12	C	283	540401	362	13	0	78	126	541263	0	13429	7	0	0	3	1	13440
TP1_synth_reverse		13	C	353	540585	1	31	0	94	199	541263	0	13439	0	0	0	0	1	13440
TP1_synth_reverse		14	C	278	540823	0	30	0	37	95	541263	0	13439	0	0	0	1	0	13440
TP1_synth_reverse		15	C	275	540992	2	44	1	51	108	541473	0	13441	0	0	0	0	0	13441
TP1_synth_reverse		16	T	543	55	1550	21	0	20	539296	541485	1	0	15	0	0	0	13426	13442
TP1_synth_reverse		17	T	669	78	29	30	0	128	540551	541485	1	0	1	0	0	2	13438	13442
TP1_synth_reverse		18	T	536	91	1	20	1	99	540737	541485	1	0	0	0	0	0	13441	13442
TP1_synth_reverse		19	C	408	541107	131	261	1	84	72	542064	0	13427	13	2	0	2	0	13444
TP1_synth_reverse		20	T	606	336	6	25	0	42	541049	542064	1	2	0	0	0	1	13440	13444
TP1_synth_reverse		21	T	1904	99	37	44	0	116	539864	542064	3	0	3	0	0	0	13438	13444
TP1_synth_reverse		22	G	115	697	63	540765	1	83	361	542085	0	2	3	13434	0	2	4	13445
TP1_synth_reverse		23	C	758	540818	242	50	0	73	144	542085	0	13437	8	0	0	0	0	13445
TP1_synth_reverse		24	G	218	130	377	540410	0	43	915	542093	4	0	6	13423	0	1	12	13446
TP1_synth_reverse		25	G	216	458	369	540327	435	73	227	542105	2	1	6	13428	3	0	7	13447
TP1_synth_reverse		26	A	541205	11	646	95	0	96	73	542126	13433	0	14	0	0	1	0	13448
TP1_synth_reverse		27	G	74	217	1375	539829	0	62	569	542126	3	0	11	13434	0	0	0	13448
TP1_synth_reverse		28	A	541042	89	333	61	488	48	65	542126	13442	0	3	0	3	0	0	13448
TP1_synth_reverse		29	T	792	73	666	43	4	11	540537	542126	0	0	8	0	0	0	13440	13448
TP1_synth_reverse		30	T	2854	91	0	11	1	54	539115	542126	8	0	0	0	0	2	13438	13448
TP1_synth_reverse		31	C	718	541284	5	29	0	16	65	542117	0	13447	1	0	0	0	0	13448
TP1_synth_reverse		32	T	985	60	0	43	0	36	540992	542116	1	0	0	0	0	0	13447	13448
TP1_synth_reverse		33	C	807	541191	1	23	0	14	79	542115	0	13448	0	0	0	0	0	13448
TP1_synth_reverse		34	T	1241	101	891	40	1	21	539578	541873	1	0	16	0	0	0	13430	13447
TP1_synth_reverse		35	T	3116	90	0	73	0	38	538546	541863	8	1	0	0	0	0	13438	13447
TP1_synth_reverse		36	C	530	540483	679	17	0	45	106	541860	1	13434	10	0	0	0	2	13447
TP1_synth_reverse		37	C	641	541018	4	48	1	27	113	541852	0	13446	0	0	0	1	0	13447
TP1_synth_reverse		38	T	1453	59	213	25	1	77	540016	541844	1	1	5	0	0	0	13440	13447
TP1_synth_reverse		39	C	353	540826	455	30	64	20	92	541840	0	13432	14	0	1	0	0	13447
TP1_synth_reverse		40	T	1569	81	212	18	1	19	539934	541834	2	0	5	0	0	0	13440	13447
TP1_synth_reverse		41	G	276	1508	446	537689	0	16	1892	541827	3	6	8	13422	0	0	8	13447
TP1_synth_reverse		42	T	2607	75	211	31	212	97	538591	541824	5	0	5	0	2	1	13434	13447
TP1_synth_reverse		43	G	261	1469	365	538815	2	62	862	541836	10	2	8	13422	0	1	5	13448
TP1_synth_reverse		44	C	812	539668	713	41	0	85	528	541847	0	13430	9	0	0	1	8	13448
TP1_synth_reverse		45	G	219	367	220	538197	6	45	2796	541850	8	2	5	13427	0	1	5	13448
TP1_synth_reverse		46	C	1259	539269	1178	27	1	20	95	541849	2	13424	19	0	0	1	2	13448
TP1_synth_reverse		47	C	482	540538	631	20	0	4	171	541846	1	13437	10	0	0	0	0	13448
TP1_synth_reverse		48	G	202	1196	1008	537025	0	4	2407	541842	5	3	19	13419	0	0	2	13448
TP1_synth_reverse		49	A	540601	41	870	318	0	29	91	541950	13451	0	15	0	0	0	0	13466
TP1_synth_reverse		50	T	2567	62	920	28	0	16	538354	541947	4	0	13	0	0	0	13449	13466
TP1_synth_reverse		51	A	541019	50	650	137	0	45	70	541971	13454	0	12	0	0	1	0	13467
TP1_synth_reverse		52	C	543	540587	634	40	0	48	97	541949	0	13457	10	0	0	0	0	13467
TP1_synth_reverse		53	A	540845	16	821	132	29	30	89	541962	13453	0	12	0	1	2	0	13468
TP1_synth_reverse		54	G	159	383	636	540520	7	15	461	542181	0	0	10	13461	1	0	0	13472
TP1_synth_reverse		55	A	541028	165	864	67	0	36	60	542220	13454	0	19	0	0	0	0	13473
TP1_synth_reverse		56	A	541348	15	631	59	1	48	115	542217	13461	0	10	0	0	2	0	13473
TP1_synth_reverse		57	T	3278	52	1023	159	0	33	537745	542290	2	0	13	0	0	0	13459	13474
TP1_synth_reverse		58	A	540833	14	824	47	0	45	560	542323	13457	0	12	0	0	1	6	13476
TP1_synth_reverse		59	T	2170	185	590	75	33	1	539249	542303	2	2	11	0	2	0	13459	13476
TP1_synth_reverse		60	C	1360	540071	684	76	0	28	79	542298	1	13462	11	0	0	2	0	13476
TP1_synth_reverse		61	T	1672	226	551	243	0	14	539593	542299	1	2	10	0	0	1	13463	13477
TP1_synth_reverse		62	G	724	324	149	540260	0	86	763	542306	7	0	8	13457	0	1	5	13478
TP1_synth_reverse		63	T	4335	59	577	30	0	30	536951	541982	6	1	16	0	0	0	13453	13476
TP1_synth_reverse		64	T	2507	51	3	97	34	77	539457	542226	0	1	0	0	2	0	13475	13478
TP1_synth_reverse		65	C	554	541151	18	46	3	75	185	542032	0	13475	0	0	0	1	2	13478
TP1_synth_reverse		66	G	644	378	8	539763	485	43	702	542023	3	1	0	13465	5	0	4	13478
TP1_synth_reverse		67	C	932	540068	284	23	2	112	613	542034	0	13470	3	0	0	2	4	13479
TP1_synth_reverse		68	A	541833	337	82	144	0	95	94	542585	13482	0	1	0	0	0	0	13483
TP1_synth_reverse		69	C	225	541580	618	27	1	53	77	542581	0	13480	2	0	0	1	0	13483
TP1_synth_reverse		70	T	1312	88	83	177	35	20	540859	542574	0	0	1	0	0	0	13482	13483
TP1_synth_reverse		71	C	358	541575	517	30	0	8	82	542570	1	13477	5	0	0	0	0	13483
TP1_synth_reverse		72	C	901	541424	2	68	1	31	133	542560	0	13483	0	0	0	0	0	13483
TP1_synth_reverse		73	G	829	277	53	540573	441	153	227	542553	4	0	6	13466	4	2	1	13483
TP1_synth_reverse		74	A	541824	90	248	79	0	80	23	542344	13475	0	3	0	0	3	0	13481
TP1_synth_reverse		75	G	161	332	3	541614	0	14	202	542326	3	0	0	13477	0	1	0	13481
TP1_synth_reverse		76	T	3424	131	339	77	0	17	538316	542304	9	2	5	0	0	0	13465	13481
TP1_synth_reverse		77	G	2094	406	1161	537733	2	34	856	542286	27	1	9	13441	0	0	3	13481
TP1_synth_reverse		78	C	462	539630	569	35	1196	48	339	542279	1	13457	7	0	12	2	2	13481
TP1_synth_reverse		79	G	458	916	392	539331	0	133	1045	542275	12	2	6	13456	0	2	3	13481
TP1_synth_reverse		80	G	901	237	307	540407	2	149	256	542259	10	0	4	13467	0	0	0	13481
TP1_synth_reverse		81	C	989	540689	312	45	2	98	115	542250	7	13467	4	0	0	3	0	13481
TP1_synth_reverse		82	A	540984	47	388	122	0	56	95	541692	13465	0	5	0	0	0	0	13470
TP1_synth_reverse		83	A	541182	61	3	79	0	160	203	541688	13464	0	0	0	0	1	5	13470
TP1_synth_reverse		84	A	541368	59	0	165	0	43	20	541655	13469	0	0	0	0	1	0	13470
TP1_synth_reverse		85	G	111	266	0	540885	0	80	240	541582	0	0	0	13470	0	0	0	13470
TP1_synth_reverse		86	C	342	541023	0	34	1	43	87	541530	0	13470	0	0	0	0	0	13470
TP1_synth_reverse		87	T	1292	65	270	78	1	62	539666	541434	0	0	4	0	0	0	13466	13470
TP1_synth_reverse		88	G	175	366	307	540136	206	72	119	541381	1	0	8	13457	1	2	0	13469
TP1_synth_reverse		89	T	1043	81	65	61	1	197	539873	541321	0	0	2	0	0	3	13464	13469
TP1_synth_reverse		90	T	1082	144	0	30	0	103	539717	541076	1	1	0	0	0	2	13463	13467
TP1_synth_reverse		91	C	846	539837	0	90	0	23	200	540996	5	13456	0	1	0	1	4	13467
TP1_synth_reverse		92	C	313	539447	0	368	0	25	194	540347	0	13463	0	0	0	1	1	13465
TP1_synth_reverse		93	G	454	177	0	539312	0	66	86	540095	2	0	0	13458	0	2	0	13462
TP1_synth_reverse		94	T	894	83	0	89	0	140	538395	539601	2	0	0	0	0	2	13451	13455
TP1_synth_reverse		95	C	0	538894	0	0	0	69	0	538963	0	13448	0	0	0	1	0	13449
TP1_synth_reverse		96	C	0	538355	0	0	0	50	0	538405	0	13447	0	0	0	0	0	13447
TP1_synth_reverse		97	C	0	537174	0	0	0	100	0	537274	0	13442	0	0	0	1	0	13443
TP1_synth_reverse		98	A	535194	0	0	0	0	0	0	535194	13424	0	0	0	0	0	0	13424
TP1_synth_reverse		99	G	0	0	0	534547	1	0	0	534548	0	0	0	13417	0	0	0	13417
