



























































































































































































































#AmpliconChromStart	Alias	Position	ProbableRef	rawA	rawC	rawD	rawG	rawI	rawN	rawT	rawDepth	consA	consC	consD	consG	consI	consN	consT	consDepth	
TP1_synth_reverse		1	G	0	0	0	534874	0	0	0	534874	0	0	0	6286	0	0	0	6286
TP1_synth_reverse		2	T	0	0	0	0	0	0	536494	536494	0	0	0	0	0	0	6298	6298
TP1_synth_reverse		3	G	0	0	0	538972	0	97	0	539069	0	0	0	6311	0	0	0	6311
TP1_synth_reverse		4	G	0	0	0	539743	0	57	0	539800	0	0	0	6318	0	0	0	6318
TP1_synth_reverse		5	T	0	0	0	0	0	178	539994	540172	0	0	0	0	0	0	6319	6319
TP1_synth_reverse		6	G	196	84	0	540276	0	24	110	540690	1	0	0	6319	0	0	0	6320
TP1_synth_reverse		7	A	540626	16	0	76	0	7	71	540796	6323	0	0	0	0	0	0	6323
TP1_synth_reverse		8	G	98	78	0	540770	0	66	96	541108	0	0	0	6326	0	0	0	6326
TP1_synth_reverse		9	G	94	133	0	540844	1	14	122	541208	1	0	0	6327	0	0	1	6329
TP1_synth_reverse		10	C	224	540773	2	112	0	21	117	541249	0	6329	0	1	0	0	0	6330
TP1_synth_reverse		11	T	285	113	19	15	22	42	540753	541249	0	0	1	0	0	0	6329	6330
TP1_synth_reverse		12	C	283	540401	362	13	0	78	126	541263	0	6326	4	0	0	0	0	6330
TP1_synth_reverse		13	C	353	540585	1	31	0	94	199	541263	0	6329	0	0	0	0	1	6330
TP1_synth_reverse		14	C	278	540823	0	30	0	37	95	541263	0	6330	0	0	0	0	0	6330
TP1_synth_reverse		15	C	275	540992	2	44	1	51	108	541473	0	6331	0	0	0	0	0	6331
TP1_synth_reverse		16	T	543	55	1550	21	0	20	539296	541485	0	0	7	0	0	0	6324	6331
TP1_synth_reverse		17	T	669	78	29	30	0	128	540551	541485	0	0	1	0	0	0	6330	6331
TP1_synth_reverse		18	T	536	91	1	20	1	99	540737	541485	0	0	0	0	0	0	6331	6331
TP1_synth_reverse		19	C	408	541107	131	261	1	84	72	542064	0	6327	4	1	0	0	0	6332
TP1_synth_reverse		20	T	606	336	6	25	0	42	541049	542064	0	1	0	0	0	0	6331	6332
TP1_synth_reverse		21	T	1904	99	37	44	0	116	539864	542064	0	0	2	0	0	0	6330	6332
TP1_synth_reverse		22	G	115	697	63	540765	1	83	361	542085	0	0	2	6329	0	0	2	6333
TP1_synth_reverse		23	C	758	540818	242	50	0	73	144	542085	0	6327	6	0	0	0	0	6333
TP1_synth_reverse		24	G	218	130	377	540402	0	43	915	542085	2	0	4	6324	0	0	3	6333
TP1_synth_reverse		25	G	216	458	369	540319	435	73	227	542097	1	0	4	6325	2	0	1	6333
TP1_synth_reverse		26	A	541197	11	646	95	0	96	73	542118	6327	0	7	0	0	0	0	6334
TP1_synth_reverse		27	G	74	217	1375	539821	0	62	569	542118	0	0	7	6327	0	0	0	6334
TP1_synth_reverse		28	A	541034	89	333	61	488	48	65	542118	6330	0	2	0	2	0	0	6334
TP1_synth_reverse		29	T	792	73	666	43	4	11	540529	542118	0	0	6	0	0	0	6328	6334
TP1_synth_reverse		30	T	2854	91	0	11	1	54	539107	542118	0	0	0	0	0	0	6334	6334
TP1_synth_reverse		31	C	716	541278	5	29	0	16	65	542109	0	6334	0	0	0	0	0	6334
TP1_synth_reverse		32	T	985	60	0	43	0	36	540984	542108	0	0	0	0	0	0	6334	6334
TP1_synth_reverse		33	C	807	541183	1	23	0	14	79	542107	0	6334	0	0	0	0	0	6334
TP1_synth_reverse		34	T	1241	101	891	40	1	21	539570	541865	0	0	6	0	0	0	6328	6334
TP1_synth_reverse		35	T	3116	90	0	73	0	38	538538	541855	0	0	0	0	0	0	6334	6334
TP1_synth_reverse		36	C	529	540476	679	17	0	45	106	541852	0	6328	6	0	0	0	0	6334
TP1_synth_reverse		37	C	640	541011	4	48	1	27	113	541844	0	6334	0	0	0	0	0	6334
TP1_synth_reverse		38	T	1452	59	213	25	1	77	540009	541836	0	1	3	0	0	0	6330	6334
TP1_synth_reverse		39	C	353	540818	455	30	64	20	92	541832	0	6326	7	0	1	0	0	6334
TP1_synth_reverse		40	T	1569	81	212	18	1	19	539926	541826	0	0	3	0	0	0	6331	6334
TP1_synth_reverse		41	G	276	1508	446	537681	0	16	1892	541819	3	1	4	6321	0	0	5	6334
TP1_synth_reverse		42	T	2607	75	211	31	212	97	538583	541816	0	0	3	0	1	0	6330	6334
TP1_synth_reverse		43	G	261	1467	365	538811	2	62	860	541828	5	0	5	6323	0	0	1	6334
TP1_synth_reverse		44	C	809	539663	713	41	0	85	528	541839	0	6326	5	0	0	0	3	6334
TP1_synth_reverse		45	G	219	367	220	538191	6	45	2794	541842	2	0	3	6328	0	0	1	6334
TP1_synth_reverse		46	C	1259	539261	1178	27	1	20	95	541841	0	6322	11	0	0	0	1	6334
TP1_synth_reverse		47	C	482	540530	631	20	0	4	171	541838	1	6327	6	0	0	0	0	6334
TP1_synth_reverse		48	G	202	1196	1008	537021	0	4	2403	541834	1	0	9	6324	0	0	0	6334
TP1_synth_reverse		49	A	540593	41	870	318	0	29	91	541942	6332	0	7	0	0	0	0	6339
TP1_synth_reverse		50	T	2566	62	920	28	0	16	538347	541939	0	0	7	0	0	0	6332	6339
TP1_synth_reverse		51	A	541011	50	650	137	0	45	70	541963	6333	0	6	0	0	0	0	6339
TP1_synth_reverse		52	C	541	540581	634	40	0	48	97	541941	0	6333	6	0	0	0	0	6339
TP1_synth_reverse		53	A	540837	16	821	132	29	30	89	541954	6332	0	7	0	1	0	0	6340
TP1_synth_reverse		54	G	157	383	636	540516	7	15	459	542173	0	0	6	6337	0	0	0	6343
TP1_synth_reverse		55	A	541020	165	864	67	0	36	60	542212	6335	0	9	0	0	0	0	6344
TP1_synth_reverse		56	A	541340	15	631	59	1	48	115	542209	6338	0	6	0	0	0	0	6344
TP1_synth_reverse		57	T	3276	52	1023	159	0	33	537739	542282	0	0	8	0	0	0	6337	6345
TP1_synth_reverse		58	A	540825	14	824	47	0	45	560	542315	6336	0	7	0	0	0	3	6346
TP1_synth_reverse		59	T	2170	185	590	75	33	1	539241	542295	0	1	6	0	1	0	6338	6346
TP1_synth_reverse		60	C	1359	540074	684	76	0	28	79	542300	0	6341	6	0	0	0	0	6347
TP1_synth_reverse		61	T	1672	226	551	243	0	14	539595	542301	0	1	5	0	0	0	6342	6348
TP1_synth_reverse		62	G	724	324	149	540262	0	86	763	542308	4	0	3	6340	0	0	2	6349
TP1_synth_reverse		63	T	4335	59	577	30	0	30	536953	541984	0	0	4	0	0	0	6345	6349
TP1_synth_reverse		64	T	2507	51	3	97	34	77	539459	542228	0	0	0	0	0	0	6351	6351
TP1_synth_reverse		65	C	554	541153	18	46	3	75	185	542034	0	6350	0	0	0	0	1	6351
TP1_synth_reverse		66	G	644	378	8	539766	485	43	701	542025	2	0	0	6344	4	0	1	6351
TP1_synth_reverse		67	C	932	540070	284	23	2	112	613	542036	0	6347	2	0	0	0	3	6352
TP1_synth_reverse		68	A	541834	337	82	145	0	95	94	542587	6353	0	1	0	0	0	0	6354
TP1_synth_reverse		69	C	225	541582	618	27	1	53	77	542583	0	6353	1	0	0	0	0	6354
TP1_synth_reverse		70	T	1312	88	83	177	35	20	540861	542576	0	0	1	0	0	0	6353	6354
TP1_synth_reverse		71	C	358	541577	517	30	0	8	82	542572	0	6352	2	0	0	0	0	6354
TP1_synth_reverse		72	C	901	541426	2	68	1	31	133	542562	0	6354	0	0	0	0	0	6354
TP1_synth_reverse		73	G	829	277	53	540575	441	153	227	542555	2	0	2	6347	2	0	1	6354
TP1_synth_reverse		74	A	541826	90	248	79	0	80	23	542346	6352	0	2	0	0	0	0	6354
TP1_synth_reverse		75	G	161	332	3	541616	0	14	202	542328	1	0	0	6352	0	1	0	6354
TP1_synth_reverse		76	T	3424	131	339	77	0	17	538318	542306	0	1	2	0	0	0	6351	6354
TP1_synth_reverse		77	G	2094	406	1161	537735	2	34	856	542288	12	0	3	6337	0	0	2	6354
TP1_synth_reverse		78	C	461	539633	569	35	1196	48	339	542281	1	6345	3	0	4	0	1	6354
TP1_synth_reverse		79	G	458	916	392	539332	0	133	1046	542277	5	0	4	6343	0	0	2	6354
TP1_synth_reverse		80	G	901	237	307	540409	2	149	256	542261	1	0	1	6352	0	0	0	6354
TP1_synth_reverse		81	C	989	540691	312	45	2	98	115	542252	4	6349	1	0	0	0	0	6354
TP1_synth_reverse		82	A	540986	47	388	122	0	56	95	541694	6351	0	1	0	0	0	0	6352
TP1_synth_reverse		83	A	541184	61	3	79	0	160	203	541690	6350	0	0	0	0	0	2	6352
TP1_synth_reverse		84	A	541370	59	0	165	0	43	20	541657	6352	0	0	0	0	0	0	6352
TP1_synth_reverse		85	G	111	266	0	540887	0	80	240	541584	0	0	0	6352	0	0	0	6352
TP1_synth_reverse		86	C	341	541026	0	34	1	43	87	541532	0	6352	0	0	0	0	0	6352
TP1_synth_reverse		87	T	1293	65	270	78	1	62	539667	541436	0	0	2	0	0	0	6350	6352
TP1_synth_reverse		88	G	176	366	307	540137	206	72	119	541383	0	0	2	6350	0	0	0	6352
TP1_synth_reverse		89	T	1043	81	65	61	1	197	539876	541324	0	0	2	0	0	0	6350	6352
TP1_synth_reverse		90	T	1082	144	0	30	0	103	539720	541079	0	0	0	0	0	0	6351	6351
TP1_synth_reverse		91	C	846	539840	0	90	0	23	200	540999	0	6349	0	1	0	0	1	6351
TP1_synth_reverse		92	C	312	539451	0	368	0	25	194	540350	0	6349	0	0	0	0	1	6350
TP1_synth_reverse		93	G	454	177	0	539315	0	66	86	540098	1	0	0	6348	0	0	0	6349
TP1_synth_reverse		94	T	894	83	0	89	0	140	538398	539604	0	0	0	0	0	0	6348	6348
TP1_synth_reverse		95	C	0	538897	0	0	0	69	0	538966	0	6347	0	0	0	0	0	6347
TP1_synth_reverse		96	C	0	538358	0	0	0	50	0	538408	0	6347	0	0	0	0	0	6347
TP1_synth_reverse		97	C	0	537177	0	0	0	100	0	537277	0	6347	0	0	0	0	0	6347
TP1_synth_reverse		98	A	535197	0	0	0	0	0	0	535197	6345	0	0	0	0	0	0	6345
TP1_synth_reverse		99	G	0	0	0	534550	1	0	0	534551	0	0	0	6344	0	0	0	6344
