



























































































































































































































#AmpliconChromStart	Alias	Position	ProbableRef	rawA	rawC	rawD	rawG	rawI	rawN	rawT	rawDepth	consA	consC	consD	consG	consI	consN	consT	consDepth	
TP1_synth_reverse		1	G	0	0	0	610013	0	0	0	610013	0	0	0	6582	0	0	0	6582
TP1_synth_reverse		2	T	0	0	0	0	0	0	612129	612129	0	0	0	0	0	0	6589	6589
TP1_synth_reverse		3	G	0	0	0	615416	0	9	0	615425	0	0	0	6603	0	0	0	6603
TP1_synth_reverse		4	G	0	0	0	615835	0	19	0	615854	0	0	0	6609	0	0	0	6609
TP1_synth_reverse		5	T	0	0	0	0	0	60	616094	616154	0	0	0	0	0	0	6611	6611
TP1_synth_reverse		6	G	95	50	0	616229	0	79	213	616666	0	0	0	6615	0	0	1	6616
TP1_synth_reverse		7	A	616489	10	0	73	0	59	88	616719	6618	0	0	0	0	0	0	6618
TP1_synth_reverse		8	G	82	42	0	616557	1	273	90	617045	0	0	0	6620	0	0	0	6620
TP1_synth_reverse		9	G	107	59	0	616740	3	33	168	617110	0	0	0	6622	0	0	1	6623
TP1_synth_reverse		10	C	157	616639	69	23	103	6	124	617121	0	6620	1	0	2	0	0	6623
TP1_synth_reverse		11	T	154	99	517	7	582	32	615730	617121	0	0	1	0	9	0	6613	6623
TP1_synth_reverse		12	C	179	616358	379	17	1	58	129	617121	0	6618	5	0	0	0	0	6623
TP1_synth_reverse		13	C	257	616537	2	19	0	208	98	617121	0	6623	0	0	0	0	0	6623
TP1_synth_reverse		14	C	193	616737	0	14	0	67	110	617121	0	6623	0	0	0	0	0	6623
TP1_synth_reverse		15	C	158	616572	0	17	253	7	114	617121	0	6622	0	0	1	0	0	6623
TP1_synth_reverse		16	T	331	54	1165	19	0	14	615538	617121	1	0	13	0	0	0	6609	6623
TP1_synth_reverse		17	T	328	82	1	13	0	8	616701	617133	0	0	0	0	0	0	6623	6623
TP1_synth_reverse		18	T	261	78	1193	14	1	12	615594	617153	0	0	4	0	0	0	6619	6623
TP1_synth_reverse		19	C	302	627883	2093	28	29	89	74	630498	0	6628	13	0	1	0	0	6642
TP1_synth_reverse		20	T	424	72	1257	61	0	88	628596	630498	0	0	5	0	0	0	6637	6642
TP1_synth_reverse		21	T	1351	103	1202	69	0	38	627735	630498	0	0	4	0	0	0	6638	6642
TP1_synth_reverse		22	G	112	446	1425	627853	69	18	575	630498	0	0	7	6631	1	0	3	6642
TP1_synth_reverse		23	C	455	627608	1333	76	671	40	632	630815	0	6634	5	0	4	0	2	6645
TP1_synth_reverse		24	G	185	81	797	629416	0	24	312	630815	0	0	8	6637	0	0	0	6645
TP1_synth_reverse		25	G	104	279	496	628151	1525	72	188	630815	0	0	2	6639	4	0	0	6645
TP1_synth_reverse		26	A	628949	13	1205	113	414	9	112	630815	6637	0	4	0	4	0	0	6645
TP1_synth_reverse		27	G	68	147	1275	627877	201	81	1166	630815	0	0	8	6633	1	0	3	6645
TP1_synth_reverse		28	A	628940	89	857	59	785	20	76	630826	6639	0	3	0	4	0	0	6646
TP1_synth_reverse		29	T	427	95	1459	698	4	108	628139	630930	0	0	8	0	0	0	6640	6648
TP1_synth_reverse		30	T	2175	64	486	54	357	61	627733	630930	0	0	3	0	5	0	6640	6648
TP1_synth_reverse		31	C	597	627121	2977	44	0	62	95	630896	0	6632	16	0	0	0	0	6648
TP1_synth_reverse		32	T	809	64	740	98	1	12	629152	630876	0	0	7	0	0	0	6641	6648
TP1_synth_reverse		33	C	617	628681	1921	24	0	28	70	631341	0	6640	9	0	0	0	0	6649
TP1_synth_reverse		34	T	2118	66	2815	1686	1	59	624583	631328	0	0	13	0	0	0	6636	6649
TP1_synth_reverse		35	T	2415	74	1591	252	1	38	626840	631211	0	0	8	0	0	0	6638	6646
TP1_synth_reverse		36	C	435	585353	44403	77	4	76	280	630628	3	6310	331	0	0	0	2	6646
TP1_synth_reverse		37	C	360	626886	2546	374	1	42	204	630413	0	6627	14	0	0	0	1	6642
TP1_synth_reverse		38	T	1443	30	1647	78	9	18	627460	630685	0	0	15	0	0	0	6628	6643
TP1_synth_reverse		39	C	278	628139	2040	114	2	25	82	630680	0	6628	15	0	0	0	0	6643
TP1_synth_reverse		40	T	1255	68	1985	133	0	124	627231	630796	0	0	16	0	0	0	6628	6644
TP1_synth_reverse		41	G	115	1005	1093	625978	1	43	2554	630789	0	0	8	6636	0	0	0	6644
TP1_synth_reverse		42	T	2367	76	772	138	0	46	628097	631496	0	0	5	0	0	0	6643	6648
TP1_synth_reverse		43	G	114	230	642	628473	0	94	2707	632260	0	0	5	6644	0	0	1	6650
TP1_synth_reverse		44	C	429	628063	2031	553	238	11	931	632256	0	6631	10	3	1	0	5	6650
TP1_synth_reverse		45	G	878	130	1696	626077	1	20	3461	632263	2	0	7	6641	0	0	1	6651
TP1_synth_reverse		46	C	783	628945	2277	98	0	30	142	632275	0	6640	10	0	0	0	1	6651
TP1_synth_reverse		47	C	226	628729	2219	45	0	17	199	631435	0	6644	7	0	0	0	0	6651
TP1_synth_reverse		48	G	149	994	2237	625156	0	13	2862	631411	0	0	7	6644	0	0	0	6651
TP1_synth_reverse		49	A	629297	37	1507	33	0	12	144	631030	6689	0	6	0	0	0	0	6695
TP1_synth_reverse		50	T	2712	60	1158	34	574	49	626161	630748	0	0	7	0	3	0	6684	6694
TP1_synth_reverse		51	A	628849	28	1934	59	198	64	128	631260	6684	0	10	0	1	0	0	6695
TP1_synth_reverse		52	C	700	628230	1463	62	611	64	124	631254	1	6684	8	0	2	0	0	6695
TP1_synth_reverse		53	A	630224	20	735	129	4	39	103	631254	6691	0	4	0	0	0	0	6695
TP1_synth_reverse		54	G	296	371	327	628885	135	95	1136	631245	0	1	4	6688	2	0	0	6695
TP1_synth_reverse		55	A	629682	84	1054	69	0	58	81	631028	6686	0	10	0	0	0	0	6696
TP1_synth_reverse		56	A	630885	7	433	64	0	41	125	631555	6692	0	5	0	0	0	0	6697
TP1_synth_reverse		57	T	3548	44	656	153	1	21	627101	631524	0	0	6	0	0	0	6691	6697
TP1_synth_reverse		58	A	630416	20	883	104	0	54	119	631596	6692	0	7	0	0	0	0	6699
TP1_synth_reverse		59	T	1461	53	1265	161	183	64	628388	631575	0	0	9	0	2	0	6688	6699
TP1_synth_reverse		60	C	1877	628863	571	81	42	84	72	631590	0	6695	6	0	0	0	0	6701
TP1_synth_reverse		61	T	1053	65	2345	887	0	108	627088	631546	0	0	17	0	0	0	6684	6701
TP1_synth_reverse		62	G	390	247	1108	628814	122	96	733	631510	0	0	10	6690	1	0	0	6701
TP1_synth_reverse		63	T	4346	64	2375	43	1	21	623972	630822	0	0	19	0	0	0	6689	6708
TP1_synth_reverse		64	T	2034	59	1479	135	2	45	627055	630809	0	0	15	0	0	0	6693	6708
TP1_synth_reverse		65	C	596	627740	2251	21	0	48	146	630802	0	6689	19	0	0	0	0	6708
TP1_synth_reverse		66	G	885	323	1512	627468	0	40	1134	631362	0	0	19	6689	0	0	3	6711
TP1_synth_reverse		67	C	792	628527	1771	16	78	94	82	631360	0	6691	19	0	1	0	0	6711
TP1_synth_reverse		68	A	628617	569	1855	163	0	88	65	631357	6690	0	21	0	0	0	0	6711
TP1_synth_reverse		69	C	101	630089	1327	48	126	48	509	632248	0	6696	14	0	2	0	1	6713
TP1_synth_reverse		70	T	1057	146	1063	568	1	107	629799	632741	2	2	12	0	0	0	6703	6719
TP1_synth_reverse		71	C	250	630268	1964	53	0	63	95	632693	1	6702	16	0	0	0	0	6719
TP1_synth_reverse		72	C	582	629822	1729	61	278	87	128	632687	0	6705	13	0	1	0	0	6719
TP1_synth_reverse		73	G	532	298	3867	626912	869	68	116	632662	0	0	22	6692	5	0	0	6719
TP1_synth_reverse		74	A	630090	208	2222	51	1	61	25	632658	6700	0	19	0	0	0	0	6719
TP1_synth_reverse		75	G	373	202	2183	629753	35	35	59	632640	0	0	19	6700	0	0	0	6719
TP1_synth_reverse		76	T	5079	91	2107	76	156	96	625002	632607	0	0	20	0	0	0	6699	6719
TP1_synth_reverse		77	G	168	282	2034	629292	1	53	751	632581	0	0	13	6705	0	0	1	6719
TP1_synth_reverse		78	C	200	628248	2562	990	169	146	261	632576	0	6697	14	6	1	0	1	6719
TP1_synth_reverse		79	G	561	1116	1932	627757	0	77	1085	632528	0	2	10	6707	0	0	0	6719
TP1_synth_reverse		80	G	242	189	479	630624	113	114	740	632501	2	0	6	6709	1	0	1	6719
TP1_synth_reverse		81	C	155	630700	622	35	645	178	152	632487	1	6709	7	0	2	0	0	6719
TP1_synth_reverse		82	A	617861	14	953	101	0	73	163	619165	6649	0	7	0	0	0	0	6656
TP1_synth_reverse		83	A	618658	23	232	69	1	62	113	619158	6654	0	2	0	0	0	0	6656
TP1_synth_reverse		84	A	618874	27	0	84	0	58	85	619128	6656	0	0	0	0	0	0	6656
TP1_synth_reverse		85	G	117	194	0	617542	198	19	912	618982	0	0	0	6656	0	0	0	6656
TP1_synth_reverse		86	C	218	618349	39	205	0	27	91	618929	0	6656	0	0	0	0	0	6656
TP1_synth_reverse		87	T	1937	45	315	40	144	113	616253	618847	0	0	0	0	1	0	6655	6656
TP1_synth_reverse		88	G	180	265	285	617904	2	41	137	618814	1	0	1	6654	0	0	0	6656
TP1_synth_reverse		89	T	812	78	828	14	0	59	616972	618763	0	0	0	0	0	0	6656	6656
TP1_synth_reverse		90	T	937	71	5	62	0	114	617189	618378	0	0	0	0	0	0	6656	6656
TP1_synth_reverse		91	C	488	617402	0	21	0	26	128	618065	0	6656	0	0	0	0	0	6656
TP1_synth_reverse		92	C	227	616640	0	17	0	79	181	617144	0	6656	0	0	0	0	0	6656
TP1_synth_reverse		93	G	368	172	0	615547	0	32	59	616178	0	0	0	6655	0	0	0	6655
TP1_synth_reverse		94	T	963	67	0	46	0	73	614805	615954	0	0	0	0	0	0	6655	6655
TP1_synth_reverse		95	C	0	615165	0	0	0	67	0	615232	0	6655	0	0	0	0	0	6655
TP1_synth_reverse		96	C	0	614746	0	0	0	9	0	614755	0	6655	0	0	0	0	0	6655
TP1_synth_reverse		97	C	0	613819	0	0	0	6	0	613825	0	6654	0	0	0	0	0	6654
TP1_synth_reverse		98	A	611521	0	0	0	0	0	0	611521	6652	0	0	0	0	0	0	6652
TP1_synth_reverse		99	G	0	0	0	610551	0	0	0	610551	0	0	0	6651	0	0	0	6651
