



























































































































































































































#AmpliconChromStart	Alias	Position	ProbableRef	rawA	rawC	rawD	rawG	rawI	rawN	rawT	rawDepth	consA	consC	consD	consG	consI	consN	consT	consDepth	
TP1_synth_reverse		1	G	0	0	0	610013	0	0	0	610013	0	0	0	3781	0	0	0	3781
TP1_synth_reverse		2	T	0	0	0	0	0	0	612129	612129	0	0	0	0	0	0	3787	3787
TP1_synth_reverse		3	G	0	0	0	615416	0	9	0	615425	0	0	0	3798	0	0	0	3798
TP1_synth_reverse		4	G	0	0	0	615835	0	19	0	615854	0	0	0	3801	0	0	0	3801
TP1_synth_reverse		5	T	0	0	0	0	0	60	616094	616154	0	0	0	0	0	0	3802	3802
TP1_synth_reverse		6	G	95	50	0	616229	0	79	213	616666	0	0	0	3804	0	0	1	3805
TP1_synth_reverse		7	A	616489	10	0	73	0	59	88	616719	3805	0	0	0	0	0	0	3805
TP1_synth_reverse		8	G	82	42	0	616557	1	273	90	617045	0	0	0	3806	0	0	0	3806
TP1_synth_reverse		9	G	107	59	0	616740	3	33	168	617110	0	0	0	3806	0	0	1	3807
TP1_synth_reverse		10	C	157	616639	69	23	103	6	124	617121	0	3805	1	0	1	0	0	3807
TP1_synth_reverse		11	T	154	99	517	7	582	32	615730	617121	0	0	1	0	7	0	3799	3807
TP1_synth_reverse		12	C	179	616358	379	17	1	58	129	617121	0	3803	4	0	0	0	0	3807
TP1_synth_reverse		13	C	257	616537	2	19	0	208	98	617121	0	3807	0	0	0	0	0	3807
TP1_synth_reverse		14	C	193	616737	0	14	0	67	110	617121	0	3807	0	0	0	0	0	3807
TP1_synth_reverse		15	C	158	616572	0	17	253	7	114	617121	0	3806	0	0	1	0	0	3807
TP1_synth_reverse		16	T	331	54	1165	19	0	14	615538	617121	0	0	8	0	0	0	3799	3807
TP1_synth_reverse		17	T	328	82	1	13	0	8	616689	617121	0	0	0	0	0	0	3807	3807
TP1_synth_reverse		18	T	261	78	1193	14	1	12	615582	617141	0	0	4	0	0	0	3803	3807
TP1_synth_reverse		19	C	302	627871	2093	28	29	89	74	630486	0	3800	10	0	1	0	0	3811
TP1_synth_reverse		20	T	424	72	1257	61	0	88	628584	630486	0	0	4	0	0	0	3807	3811
TP1_synth_reverse		21	T	1351	103	1202	69	0	38	627723	630486	0	0	4	0	0	0	3807	3811
TP1_synth_reverse		22	G	112	446	1425	627841	69	18	575	630486	0	0	6	3803	1	0	1	3811
TP1_synth_reverse		23	C	455	627596	1333	76	671	40	632	630803	0	3803	5	0	3	0	1	3812
TP1_synth_reverse		24	G	185	81	797	629404	0	24	312	630803	0	0	5	3807	0	0	0	3812
TP1_synth_reverse		25	G	104	279	496	628139	1525	72	188	630803	0	0	2	3806	4	0	0	3812
TP1_synth_reverse		26	A	628937	13	1205	113	414	9	112	630803	3806	0	3	0	3	0	0	3812
TP1_synth_reverse		27	G	68	147	1275	627865	201	81	1166	630803	0	0	5	3803	1	0	3	3812
TP1_synth_reverse		28	A	628928	89	857	59	785	20	76	630814	3807	0	2	0	3	0	0	3812
TP1_synth_reverse		29	T	427	95	1459	698	4	108	628127	630918	0	0	6	0	0	0	3808	3814
TP1_synth_reverse		30	T	2175	64	486	54	357	61	627721	630918	0	0	1	0	3	0	3810	3814
TP1_synth_reverse		31	C	596	627110	2977	44	0	62	95	630884	0	3800	14	0	0	0	0	3814
TP1_synth_reverse		32	T	809	64	740	98	1	12	629140	630864	0	0	4	0	0	0	3810	3814
TP1_synth_reverse		33	C	617	628669	1921	24	0	28	70	631329	0	3809	7	0	0	0	0	3816
TP1_synth_reverse		34	T	2118	66	2815	1686	1	59	624571	631316	0	0	10	0	0	0	3806	3816
TP1_synth_reverse		35	T	2415	74	1591	252	1	38	626828	631199	0	0	6	0	0	0	3809	3815
TP1_synth_reverse		36	C	434	585343	44402	77	4	76	280	630616	1	3579	234	0	0	0	1	3815
TP1_synth_reverse		37	C	360	626885	2546	374	1	42	204	630412	0	3803	11	0	0	0	1	3815
TP1_synth_reverse		38	T	1443	30	1647	78	9	18	627459	630684	0	0	11	0	0	0	3805	3816
TP1_synth_reverse		39	C	278	628138	2040	114	2	25	82	630679	0	3805	11	0	0	0	0	3816
TP1_synth_reverse		40	T	1255	68	1985	133	0	124	627230	630795	0	0	12	0	0	0	3805	3817
TP1_synth_reverse		41	G	115	1005	1093	625977	1	43	2554	630788	0	0	6	3811	0	0	0	3817
TP1_synth_reverse		42	T	2368	76	772	138	0	46	628095	631495	0	0	4	0	0	0	3815	3819
TP1_synth_reverse		43	G	114	230	642	628472	0	94	2707	632259	0	0	5	3816	0	0	0	3821
TP1_synth_reverse		44	C	428	628063	2031	553	238	11	931	632255	0	3809	7	2	1	0	2	3821
TP1_synth_reverse		45	G	878	130	1696	626076	1	20	3461	632262	2	0	6	3812	0	0	1	3821
TP1_synth_reverse		46	C	783	628930	2277	98	0	30	142	632260	0	3812	9	0	0	0	0	3821
TP1_synth_reverse		47	C	226	628713	2220	45	0	17	199	631420	0	3814	7	0	0	0	0	3821
TP1_synth_reverse		48	G	149	994	2238	625143	0	13	2859	631396	0	0	7	3814	0	0	0	3821
TP1_synth_reverse		49	A	629288	37	1507	33	0	12	144	631021	3852	0	6	0	0	0	0	3858
TP1_synth_reverse		50	T	2713	60	1158	34	574	49	626137	630725	0	0	7	0	3	0	3848	3858
TP1_synth_reverse		51	A	628826	28	1934	59	198	64	128	631237	3848	0	10	0	1	0	0	3859
TP1_synth_reverse		52	C	699	628208	1463	62	611	64	124	631231	1	3848	8	0	2	0	0	3859
TP1_synth_reverse		53	A	630202	20	735	129	4	39	102	631231	3855	0	4	0	0	0	0	3859
TP1_synth_reverse		54	G	295	371	327	628870	135	95	1137	631230	0	0	4	3854	1	0	0	3859
TP1_synth_reverse		55	A	629667	84	1054	69	0	58	81	631013	3851	0	9	0	0	0	0	3860
TP1_synth_reverse		56	A	630870	7	433	64	0	41	125	631540	3856	0	5	0	0	0	0	3861
TP1_synth_reverse		57	T	3546	44	656	153	1	21	627088	631509	0	0	5	0	0	0	3856	3861
TP1_synth_reverse		58	A	630401	20	883	104	0	54	119	631581	3856	0	6	0	0	0	0	3862
TP1_synth_reverse		59	T	1460	53	1265	161	183	64	628374	631560	0	0	7	0	1	0	3854	3862
TP1_synth_reverse		60	C	1876	628849	571	81	42	84	72	631575	0	3858	4	0	0	0	0	3862
TP1_synth_reverse		61	T	1052	65	2345	888	0	108	627073	631531	0	0	10	0	0	0	3852	3862
TP1_synth_reverse		62	G	391	246	1108	628800	122	96	732	631495	0	0	7	3854	1	0	0	3862
TP1_synth_reverse		63	T	4343	64	2375	43	1	21	623960	630807	0	0	13	0	0	0	3850	3863
TP1_synth_reverse		64	T	2034	59	1479	135	2	45	627040	630794	0	0	9	0	0	0	3854	3863
TP1_synth_reverse		65	C	597	627724	2251	21	0	48	146	630787	0	3852	11	0	0	0	0	3863
TP1_synth_reverse		66	G	887	323	1512	627450	0	40	1135	631347	0	0	12	3851	0	0	2	3865
TP1_synth_reverse		67	C	791	628514	1771	15	78	94	82	631345	0	3852	12	0	1	0	0	3865
TP1_synth_reverse		68	A	628652	569	1855	163	0	88	65	631392	3853	0	13	0	0	0	0	3866
TP1_synth_reverse		69	C	101	630124	1327	48	126	48	509	632283	0	3857	8	0	1	0	1	3867
TP1_synth_reverse		70	T	1057	146	1063	569	1	107	629833	632776	0	0	6	0	0	0	3865	3871
TP1_synth_reverse		71	C	250	630304	1964	52	0	63	95	632728	1	3862	8	0	0	0	0	3871
TP1_synth_reverse		72	C	582	629857	1729	61	278	87	128	632722	0	3863	7	0	1	0	0	3871
TP1_synth_reverse		73	G	532	298	3867	626947	869	68	117	632698	0	0	15	3852	4	0	0	3871
TP1_synth_reverse		74	A	630126	208	2222	51	1	61	25	632694	3859	0	12	0	0	0	0	3871
TP1_synth_reverse		75	G	373	202	2183	629789	35	35	59	632676	0	0	12	3859	0	0	0	3871
TP1_synth_reverse		76	T	5076	91	2107	76	156	96	625041	632643	0	0	13	0	0	0	3858	3871
TP1_synth_reverse		77	G	168	282	2034	629330	1	53	749	632617	0	0	9	3861	0	0	1	3871
TP1_synth_reverse		78	C	199	628285	2562	990	169	146	261	632612	0	3856	10	4	1	0	0	3871
TP1_synth_reverse		79	G	561	1113	1932	627798	0	77	1083	632564	0	1	6	3864	0	0	0	3871
TP1_synth_reverse		80	G	243	189	479	630661	113	114	738	632537	1	0	4	3864	1	0	1	3871
TP1_synth_reverse		81	C	153	630739	622	35	645	178	152	632524	0	3866	4	0	1	0	0	3871
TP1_synth_reverse		82	A	617907	14	953	101	0	73	163	619211	3825	0	5	0	0	0	0	3830
TP1_synth_reverse		83	A	618705	23	232	69	1	62	112	619204	3828	0	2	0	0	0	0	3830
TP1_synth_reverse		84	A	618920	27	0	84	0	58	85	619174	3830	0	0	0	0	0	0	3830
TP1_synth_reverse		85	G	117	194	0	617587	198	19	912	619027	0	0	0	3830	0	0	0	3830
TP1_synth_reverse		86	C	218	618394	39	205	0	27	91	618974	0	3830	0	0	0	0	0	3830
TP1_synth_reverse		87	T	1937	45	315	40	144	113	616298	618892	0	0	0	0	1	0	3829	3830
TP1_synth_reverse		88	G	180	265	285	617949	2	41	137	618859	0	0	1	3829	0	0	0	3830
TP1_synth_reverse		89	T	809	78	828	14	0	59	617020	618808	0	0	0	0	0	0	3830	3830
TP1_synth_reverse		90	T	937	71	5	62	0	114	617234	618423	0	0	0	0	0	0	3830	3830
TP1_synth_reverse		91	C	488	617447	0	21	0	26	128	618110	0	3830	0	0	0	0	0	3830
TP1_synth_reverse		92	C	227	616685	0	17	0	79	181	617189	0	3830	0	0	0	0	0	3830
TP1_synth_reverse		93	G	368	172	0	615592	0	32	59	616223	0	0	0	3830	0	0	0	3830
TP1_synth_reverse		94	T	962	67	0	46	0	73	614851	615999	0	0	0	0	0	0	3830	3830
TP1_synth_reverse		95	C	0	615210	0	0	0	67	0	615277	0	3830	0	0	0	0	0	3830
TP1_synth_reverse		96	C	0	614792	0	0	0	9	0	614801	0	3830	0	0	0	0	0	3830
TP1_synth_reverse		97	C	0	613866	0	0	0	6	0	613872	0	3830	0	0	0	0	0	3830
TP1_synth_reverse		98	A	611568	0	0	0	0	0	0	611568	3830	0	0	0	0	0	0	3830
TP1_synth_reverse		99	G	0	0	0	610598	0	0	0	610598	0	0	0	3829	0	0	0	3829
