



























































































































































































































#AmpliconChromStart	Alias	Position	ProbableRef	rawA	rawC	rawD	rawG	rawI	rawN	rawT	rawDepth	consA	consC	consD	consG	consI	consN	consT	consDepth	
TP1_synth_forward		5	T	0	0	0	0	0	0	254	254	0	0	0	0	0	0	224	224
TP1_synth_forward		6	G	0	0	0	621	0	0	0	621	0	0	0	498	0	0	0	498
TP1_synth_forward		7	A	1000	0	0	0	0	0	0	1000	534	0	0	0	0	0	0	534
TP1_synth_forward		8	G	0	0	0	1246	0	0	0	1246	0	0	0	563	0	0	0	563
TP1_synth_forward		9	G	0	0	0	1612	0	0	0	1612	0	0	0	590	0	0	0	590
TP1_synth_forward		10	C	3	1609	0	0	0	0	0	1612	3	587	0	0	0	0	0	590
TP1_synth_forward		11	T	2	0	0	0	0	0	1642	1644	2	0	0	0	0	0	600	602
TP1_synth_forward		12	C	4	1720	0	0	0	0	0	1724	4	604	0	0	0	0	0	608
TP1_synth_forward		13	C	12	1743	0	0	0	0	0	1755	7	628	0	0	0	0	0	635
TP1_synth_forward		14	C	6	1748	0	0	0	1	0	1755	3	632	0	0	0	0	0	635
TP1_synth_forward		15	C	3	1751	0	0	1	0	0	1755	3	632	0	0	0	0	0	635
TP1_synth_forward		16	T	24	0	6	0	0	0	1725	1755	18	0	6	0	0	0	611	635
TP1_synth_forward		17	T	38	0	1	0	0	0	1716	1755	24	0	1	0	0	0	610	635
TP1_synth_forward		18	T	21	0	0	0	0	0	1746	1767	11	0	0	0	0	0	633	644
TP1_synth_forward		19	A	2048	0	1	0	0	0	0	2049	896	0	1	0	0	0	0	897
TP1_synth_forward		20	T	14	0	0	1	0	0	2034	2049	9	0	0	0	0	0	888	897
TP1_synth_forward		21	A	2053	1	4	0	0	0	1	2059	896	1	4	0	0	0	1	902
TP1_synth_forward		22	C	8	2050	1	0	0	0	0	2059	6	895	1	0	0	0	0	902
TP1_synth_forward		23	A	2059	0	0	0	0	0	0	2059	902	0	0	0	0	0	0	902
TP1_synth_forward		24	G	3	15	1	2037	0	0	3	2059	1	11	1	888	0	0	1	902
TP1_synth_forward		25	A	2055	1	2	1	0	0	0	2059	898	1	2	1	0	0	0	902
TP1_synth_forward		26	A	2059	0	0	0	0	0	0	2059	902	0	0	0	0	0	0	902
TP1_synth_forward		27	T	34	0	3	0	0	0	2022	2059	21	0	3	0	0	0	878	902
TP1_synth_forward		28	A	2061	0	3	0	0	0	0	2064	903	0	3	0	0	0	0	906
TP1_synth_forward		29	T	12	0	1	1	0	0	2050	2064	9	0	1	1	0	0	895	906
TP1_synth_forward		30	C	5	2053	4	0	1	1	0	2064	2	899	4	0	1	0	0	906
TP1_synth_forward		31	T	14	0	6	0	0	0	2044	2064	14	0	5	0	0	0	887	906
TP1_synth_forward		32	G	7	28	6	2020	0	0	3	2064	4	18	6	876	0	0	2	906
TP1_synth_forward		33	T	44	0	7	0	0	0	2013	2064	39	0	5	0	0	0	862	906
TP1_synth_forward		34	T	29	0	3	6	0	0	2299	2337	18	0	2	5	0	0	906	931
TP1_synth_forward		35	C	8	2321	7	0	0	1	0	2337	7	918	6	0	0	0	0	931
TP1_synth_forward		36	G	0	13	4	2269	0	0	51	2337	0	12	3	882	0	0	34	931
TP1_synth_forward		37	C	13	2315	7	0	0	0	1	2336	7	919	5	0	0	0	0	931
TP1_synth_forward		38	A	2325	0	8	1	0	0	2	2336	924	0	6	1	0	0	0	931
TP1_synth_forward		39	C	10	2318	3	3	0	0	2	2336	6	918	3	2	0	0	2	931
TP1_synth_forward		40	T	23	0	1	5	0	0	2307	2336	19	0	1	5	0	0	906	931
TP1_synth_forward		41	C	6	2609	5	0	0	0	0	2620	6	954	4	0	0	0	0	964
TP1_synth_forward		42	C	9	2608	3	0	0	0	0	2620	5	957	2	0	0	0	0	964
TP1_synth_forward		43	G	1	12	8	2544	0	0	55	2620	0	11	7	903	0	0	43	964
TP1_synth_forward		44	A	3049	0	5	0	0	0	0	3054	995	0	4	0	0	0	0	999
TP1_synth_forward		45	G	1	9	3	2991	0	0	50	3054	1	7	2	956	0	0	33	999
TP1_synth_forward		46	T	34	0	9	0	2	0	3413	3458	26	0	6	0	2	0	991	1025
TP1_synth_forward		47	G	0	14	10	3941	0	0	71	4036	0	9	7	1001	0	0	52	1069
TP1_synth_forward		48	C	14	3968	126	0	0	0	1	4109	8	1052	15	0	0	0	0	1075
TP1_synth_forward		49	G	2	4	31	4048	0	0	57	4142	1	3	14	1018	0	0	43	1079
TP1_synth_forward		50	G	6	12	8	4394	0	0	36	4456	2	7	7	1066	0	0	19	1101
TP1_synth_forward		51	C	6	4703	13	5	1	0	2	4730	2	1105	12	5	1	0	1	1126
TP1_synth_forward		52	T	15	1	7	6	0	0	4501	4530	7	1	6	5	0	0	875	894
TP1_synth_forward		53	T	30	0	4	4	0	0	4492	4530	15	0	3	3	0	0	873	894
TP1_synth_forward		54	G	5	4	7	4694	0	0	15	4725	3	3	6	888	0	0	11	911
TP1_synth_forward		55	C	17	4699	9	0	0	0	0	4725	11	894	6	0	0	0	0	911
TP1_synth_forward		56	G	5	2	12	5422	0	0	40	5481	3	1	10	921	0	0	24	959
TP1_synth_forward		57	G	15	3	7	5443	0	0	11	5479	11	1	5	933	0	0	7	957
TP1_synth_forward		58	A	6017	0	10	1	1	0	3	6032	981	0	8	0	0	0	0	989
TP1_synth_forward		59	G	17	12	9	5989	0	2	3	6032	10	9	8	962	0	0	0	989
TP1_synth_forward		60	A	6002	2	82	4	0	0	0	6090	983	1	12	1	0	0	0	997
TP1_synth_forward		61	T	18	0	84	7	0	0	6175	6284	6	0	12	6	0	0	992	1016
TP1_synth_forward		62	T	28	2	80	2	0	1	6171	6284	14	0	9	2	0	1	990	1016
TP1_synth_forward		63	C	11	6325	79	0	0	0	0	6415	7	1018	8	0	0	0	0	1033
TP1_synth_forward		64	T	27	0	77	2	0	0	6361	6467	16	0	6	2	0	0	1022	1046
TP1_synth_forward		65	C	11	6448	7	1	0	0	0	6467	5	1037	3	1	0	0	0	1046
TP1_synth_forward		66	T	36	2	3	3	0	0	6423	6467	18	1	1	1	0	0	1025	1046
TP1_synth_forward		67	T	32	2	1	2	0	0	6506	6543	18	1	0	1	0	0	1042	1062
TP1_synth_forward		68	C	12	6527	3	0	0	0	1	6543	3	1058	1	0	0	0	0	1062
TP1_synth_forward		69	C	13	6525	1	1	0	0	3	6543	4	1057	0	1	0	0	0	1062
TP1_synth_forward		70	T	23	0	1	4	0	0	6515	6543	9	0	0	2	0	0	1051	1062
TP1_synth_forward		71	C	3	6557	1	0	0	0	1	6562	2	1061	0	0	0	0	0	1063
TP1_synth_forward		72	T	24	2	5	1	0	0	6530	6562	12	2	5	1	0	0	1043	1063
TP1_synth_forward		73	G	11	6	3	6526	0	0	16	6562	6	2	2	1052	0	0	1	1063
TP1_synth_forward		74	T	22	0	4	3	0	0	6533	6562	10	0	3	2	0	0	1048	1063
TP1_synth_forward		75	G	9	5	9	6523	0	0	16	6562	7	4	6	1040	0	0	6	1063
TP1_synth_forward		76	C	7	6545	7	0	0	1	2	6562	1	1055	5	0	0	1	1	1063
TP1_synth_forward		77	G	6	4	6	6507	0	1	37	6561	4	1	3	1026	0	0	28	1062
TP1_synth_forward		78	C	5	6549	7	0	0	0	0	6561	4	1054	4	0	0	0	0	1062
TP1_synth_forward		79	C	3	6553	1	1	0	1	2	6561	1	1061	0	0	0	0	0	1062
TP1_synth_forward		80	G	7	11	2	6519	0	0	22	6561	3	7	1	1035	0	0	16	1062
TP1_synth_forward		81	C	3	6281	0	0	0	1	2	6287	3	1034	0	0	0	0	0	1037
TP1_synth_forward		82	A	6280	0	3	1	0	2	0	6286	1033	0	3	0	0	1	0	1037
TP1_synth_forward		83	A	6280	1	0	1	0	0	4	6286	1037	0	0	0	0	0	0	1037
TP1_synth_forward		84	A	6280	1	0	3	0	0	2	6286	1036	0	0	1	0	0	0	1037
TP1_synth_forward		85	G	1	3	0	6257	0	0	23	6284	0	1	0	1021	0	0	14	1036
TP1_synth_forward		86	C	5	6272	2	2	0	0	1	6282	4	1028	2	1	0	0	1	1036
TP1_synth_forward		87	T	33	0	0	6	0	0	6238	6277	15	0	0	2	0	0	1017	1034
TP1_synth_forward		88	G	2	17	0	6250	0	0	5	6274	2	1	0	1028	0	0	2	1033
TP1_synth_forward		89	T	26	0	0	0	0	0	6246	6272	10	0	0	0	0	0	1022	1032
TP1_synth_forward		90	T	21	2	0	8	0	0	6241	6272	9	0	0	2	0	0	1021	1032
TP1_synth_forward		91	C	10	6255	0	1	0	1	3	6270	3	1026	0	0	0	0	1	1030
TP1_synth_forward		92	C	5	6256	0	2	0	2	4	6269	1	1027	0	0	0	1	1	1030
TP1_synth_forward		93	G	5	4	0	6256	0	0	3	6268	2	0	0	1025	0	0	2	1029
TP1_synth_forward		94	T	22	0	0	3	0	1	6238	6264	9	0	0	0	0	1	1017	1027
TP1_synth_forward		95	C	2	6261	0	0	0	1	0	6264	1	1025	0	0	0	1	0	1027
TP1_synth_forward		96	C	0	6252	0	0	0	0	0	6252	0	1026	0	0	0	0	0	1026
TP1_synth_forward		97	C	0	6239	0	0	0	0	0	6239	0	1024	0	0	0	0	0	1024
TP1_synth_forward		98	A	6229	0	0	0	0	0	0	6229	1018	0	0	0	0	0	0	1018
TP1_synth_forward		99	G	0	0	0	6212	0	0	0	6212	0	0	0	1015	0	0	0	1015
TP1_synth_forward		100	T	0	0	0	0	0	0	6181	6181	0	0	0	0	0	0	1003	1003
TP1_synth_forward	TP1_synth_forward	1	G	0	0	0	561997	0	0	0	561997	0	0	0	31991	0	0	0	31991
TP1_synth_forward	TP1_synth_forward	2	T	0	0	0	0	0	0	562523	562523	0	0	0	0	0	0	32312	32312
TP1_synth_forward	TP1_synth_forward	3	G	0	0	0	564576	0	15	0	564591	0	0	0	32677	0	1	0	32678
TP1_synth_forward	TP1_synth_forward	4	G	0	0	0	566111	0	21	0	566132	0	0	0	32973	0	1	0	32974
TP1_synth_forward	TP1_synth_forward	5	T	0	0	0	0	0	50	566082	566132	0	0	0	0	0	4	32970	32974
TP1_synth_forward	TP1_synth_forward	6	G	97	40	0	565773	0	67	155	566132	2	6	0	32922	0	32	12	32974
TP1_synth_forward	TP1_synth_forward	7	A	565942	8	0	75	0	33	74	566132	32947	0	0	2	0	21	4	32974
TP1_synth_forward	TP1_synth_forward	8	G	93	530	0	565191	0	241	77	566132	5	16	0	32881	0	61	11	32974
TP1_synth_forward	TP1_synth_forward	9	G	96	76	0	565535	1	24	400	566132	2	19	0	32935	1	3	14	32974
TP1_synth_forward	TP1_synth_forward	10	C	121	565733	120	22	1	8	127	566132	14	32951	1	2	0	2	4	32974
TP1_synth_forward	TP1_synth_forward	11	T	154	83	558	17	7	35	565278	566132	32	3	11	2	2	7	32917	32974
TP1_synth_forward	TP1_synth_forward	12	C	155	559046	6753	9	0	37	132	566132	23	32727	200	0	0	21	3	32974
TP1_synth_forward	TP1_synth_forward	13	C	241	565357	252	21	0	184	77	566132	25	32897	4	1	0	45	2	32974
TP1_synth_forward	TP1_synth_forward	14	C	175	565759	0	19	0	52	127	566132	17	32938	0	0	0	12	7	32974
TP1_synth_forward	TP1_synth_forward	15	C	115	565680	118	8	10	4	197	566132	13	32948	3	0	5	1	4	32974
TP1_synth_forward	TP1_synth_forward	16	T	322	130	8848	11	0	25	556796	566132	59	7	396	0	0	16	32496	32974
TP1_synth_forward	TP1_synth_forward	17	T	267	54	705	11	0	6	565089	566132	48	1	30	1	0	3	32891	32974
TP1_synth_forward	TP1_synth_forward	18	T	214	49	446	4	1	15	565403	566132	34	3	17	0	1	4	32915	32974
TP1_synth_forward	TP1_synth_forward	19	A	561855	7	3706	61	1	73	429	566132	32784	1	145	3	1	19	21	32974
TP1_synth_forward	TP1_synth_forward	20	T	232	57	1603	27	1	86	564126	566132	47	1	84	2	0	8	32832	32974
TP1_synth_forward	TP1_synth_forward	21	A	562502	457	2925	63	0	30	155	566132	32748	34	172	2	0	2	16	32974
TP1_synth_forward	TP1_synth_forward	22	C	769	563815	1324	50	41	22	111	566132	39	32839	83	3	1	4	5	32974
TP1_synth_forward	TP1_synth_forward	23	A	563631	19	1830	290	205	33	124	566132	32802	9	126	8	17	8	4	32974
TP1_synth_forward	TP1_synth_forward	24	G	224	97	1719	563719	147	19	207	566132	14	22	104	32791	9	9	25	32974
TP1_synth_forward	TP1_synth_forward	25	A	561567	12	4380	72	0	46	55	566132	32708	5	246	6	0	6	3	32974
TP1_synth_forward	TP1_synth_forward	26	A	564852	4	1068	74	2	11	121	566132	32897	1	61	3	1	5	6	32974
TP1_synth_forward	TP1_synth_forward	27	T	744	55	2126	33	188	63	562923	566132	121	1	142	5	7	39	32659	32974
TP1_synth_forward	TP1_synth_forward	28	A	561903	9	4081	40	0	15	84	566132	32770	0	196	0	0	7	1	32974
TP1_synth_forward	TP1_synth_forward	29	T	361	58	3884	152	2	79	561596	566132	72	8	211	16	1	33	32633	32974
TP1_synth_forward	TP1_synth_forward	30	C	456	562239	3054	15	252	46	70	566132	120	32682	150	1	8	13	0	32974
TP1_synth_forward	TP1_synth_forward	31	T	1089	191	4649	27	1	67	559938	565962	319	12	242	6	0	27	32302	32908
TP1_synth_forward	TP1_synth_forward	32	G	221	384	5609	559190	144	7	323	565878	19	90	280	32389	11	3	81	32873
TP1_synth_forward	TP1_synth_forward	33	T	2219	100	4397	52	1	24	558994	565787	511	12	234	10	0	15	32066	32848
TP1_synth_forward	TP1_synth_forward	34	T	1213	52	832	445	72	45	563030	565689	173	2	62	58	7	17	32517	32836
TP1_synth_forward	TP1_synth_forward	35	C	670	561050	3705	101	2	37	117	565682	147	32473	184	5	2	18	1	32830
TP1_synth_forward	TP1_synth_forward	36	G	205	506	4092	557949	1	72	2840	565665	13	170	227	32058	0	42	309	32819
TP1_synth_forward	TP1_synth_forward	37	C	177	560381	4814	60	88	29	111	565660	27	32532	229	7	10	2	8	32815
TP1_synth_forward	TP1_synth_forward	38	A	559593	53	5615	107	0	21	258	565647	32524	8	238	6	0	9	24	32809
TP1_synth_forward	TP1_synth_forward	39	C	127	560419	4216	90	117	18	647	565634	29	32509	208	11	4	14	26	32801
TP1_synth_forward	TP1_synth_forward	40	T	747	78	4296	285	1	134	560055	565596	163	4	224	35	0	63	32300	32789
TP1_synth_forward	TP1_synth_forward	41	C	313	558917	6038	43	0	40	92	565443	59	32382	295	5	0	25	7	32773
TP1_synth_forward	TP1_synth_forward	42	C	413	561746	2982	52	1	40	175	565409	133	32457	146	2	0	12	10	32760
TP1_synth_forward	TP1_synth_forward	43	G	121	376	6113	555366	1	68	2823	564868	5	84	269	32038	0	4	338	32738
TP1_synth_forward	TP1_synth_forward	44	A	558905	51	5483	94	260	14	47	564854	32466	5	247	5	6	2	3	32734
TP1_synth_forward	TP1_synth_forward	45	G	281	182	6527	554469	4	14	3352	564829	25	48	313	31909	3	1	423	32722
TP1_synth_forward	TP1_synth_forward	46	T	1675	343	7254	81	599	35	554377	564364	396	6	312	18	18	17	31919	32686
TP1_synth_forward	TP1_synth_forward	47	G	103	601	5905	554285	3	13	3412	564322	19	187	280	31848	0	10	319	32663
TP1_synth_forward	TP1_synth_forward	48	C	231	557820	5481	40	260	11	477	564320	38	32330	246	5	22	4	17	32662
TP1_synth_forward	TP1_synth_forward	49	G	431	117	7284	553133	10	16	3000	563991	47	43	297	31723	5	10	514	32639
TP1_synth_forward	TP1_synth_forward	50	G	180	187	3638	557981	1	42	1884	563913	26	53	160	32066	0	14	304	32623
TP1_synth_forward	TP1_synth_forward	51	C	193	557525	5529	204	141	59	258	563909	58	32241	241	18	12	40	12	32622
TP1_synth_forward	TP1_synth_forward	52	T	1267	322	5036	1147	0	71	556053	563896	372	21	236	153	0	49	31784	32615
TP1_synth_forward	TP1_synth_forward	53	T	1027	72	2716	317	299	38	559343	563812	257	3	130	36	8	31	32133	32598
TP1_synth_forward	TP1_synth_forward	54	G	481	444	3538	558270	1	62	1007	563803	19	50	169	32254	0	25	78	32595
TP1_synth_forward	TP1_synth_forward	55	C	267	557887	4663	44	346	54	521	563782	55	32257	218	12	12	19	20	32593
TP1_synth_forward	TP1_synth_forward	56	G	1212	138	6518	553191	2	43	2667	563771	52	39	295	31693	0	6	505	32590
TP1_synth_forward	TP1_synth_forward	57	G	1012	69	4325	557027	1	15	1229	563678	90	11	204	32132	0	1	126	32564
TP1_synth_forward	TP1_synth_forward	58	A	557217	29	5511	256	100	44	108	563265	32264	2	265	10	1	3	6	32551
TP1_synth_forward	TP1_synth_forward	59	G	660	213	3902	557871	1	48	368	563063	129	38	180	32096	0	29	60	32532
TP1_synth_forward	TP1_synth_forward	60	A	557419	169	4766	281	3	80	77	562795	32239	15	226	15	0	21	3	32519
TP1_synth_forward	TP1_synth_forward	61	T	480	72	5487	305	0	95	556324	562763	93	7	248	45	0	7	32112	32512
TP1_synth_forward	TP1_synth_forward	62	T	1178	270	3401	89	0	83	557704	562725	173	10	148	7	0	21	32141	32500
TP1_synth_forward	TP1_synth_forward	63	C	978	559009	2485	43	8	29	66	562618	178	32176	116	3	4	7	2	32486
TP1_synth_forward	TP1_synth_forward	64	T	2607	169	2552	284	0	57	556721	562390	296	7	140	22	0	40	31963	32468
TP1_synth_forward	TP1_synth_forward	65	C	656	556418	4850	86	69	51	240	562370	88	32128	188	7	11	29	3	32454
TP1_synth_forward	TP1_synth_forward	66	T	2011	271	5252	259	1	39	554532	562365	254	9	232	17	0	10	31931	32453
TP1_synth_forward	TP1_synth_forward	67	T	2463	536	2389	93	95	80	556680	562336	566	24	122	11	6	62	31652	32443
TP1_synth_forward	TP1_synth_forward	68	C	834	556852	4147	54	1	78	104	562070	119	32058	205	2	0	43	1	32428
TP1_synth_forward	TP1_synth_forward	69	C	312	559878	1346	128	0	46	353	562063	40	32287	61	6	0	11	19	32424
TP1_synth_forward	TP1_synth_forward	70	T	593	220	1685	267	0	89	559205	562059	102	11	86	23	0	31	32169	32422
TP1_synth_forward	TP1_synth_forward	71	C	211	560064	1589	48	11	57	77	562057	26	32278	81	1	6	26	4	32422
TP1_synth_forward	TP1_synth_forward	72	T	1914	528	1798	330	0	95	557385	562050	396	20	76	24	0	57	31844	32417
TP1_synth_forward	TP1_synth_forward	73	G	751	255	1975	558802	1	54	207	562045	62	56	100	32168	0	14	13	32413
TP1_synth_forward	TP1_synth_forward	74	T	937	68	1275	109	158	59	559428	562034	201	6	68	12	3	13	32103	32406
TP1_synth_forward	TP1_synth_forward	75	G	744	99	3520	556948	432	43	237	562023	54	19	163	32093	26	19	29	32403
TP1_synth_forward	TP1_synth_forward	76	C	473	559033	2062	98	1	87	266	562020	107	32114	142	5	0	17	17	32402
TP1_synth_forward	TP1_synth_forward	77	G	515	167	935	558756	0	56	1573	562002	31	36	72	32102	0	11	146	32398
TP1_synth_forward	TP1_synth_forward	78	C	95	559542	2031	28	0	125	169	561990	7	32187	145	1	0	53	4	32397
TP1_synth_forward	TP1_synth_forward	79	C	232	559377	2066	20	0	66	155	561916	23	32243	79	1	0	30	8	32384
TP1_synth_forward	TP1_synth_forward	80	G	743	699	3282	556141	10	95	909	561879	35	96	137	31976	3	30	91	32368
TP1_synth_forward	TP1_synth_forward	81	C	127	558691	1859	17	364	180	639	561877	15	32198	83	1	12	44	14	32367
TP1_synth_forward	TP1_synth_forward	82	A	557557	267	3735	95	1	85	136	561876	32164	6	141	5	0	45	6	32367
TP1_synth_forward	TP1_synth_forward	83	A	561232	179	264	56	1	61	80	561873	32323	8	17	2	0	8	6	32364
TP1_synth_forward	TP1_synth_forward	84	A	561388	36	199	94	1	51	77	561846	32344	3	5	2	0	4	3	32361
TP1_synth_forward	TP1_synth_forward	85	G	102	204	276	559920	231	22	997	561752	9	41	18	32097	9	4	152	32330
TP1_synth_forward	TP1_synth_forward	86	C	182	560438	505	245	218	16	105	561709	31	32239	22	6	9	2	13	32322
TP1_synth_forward	TP1_synth_forward	87	T	2617	77	347	42	1	74	558470	561628	319	5	5	7	1	44	31933	32314
TP1_synth_forward	TP1_synth_forward	88	G	146	292	345	560642	0	38	137	561600	10	22	5	32230	0	22	21	32310
TP1_synth_forward	TP1_synth_forward	89	T	720	72	513	38	0	50	560170	561563	72	1	28	4	0	33	32163	32301
TP1_synth_forward	TP1_synth_forward	90	T	930	91	1	26	278	105	559628	561059	128	4	1	1	12	53	32089	32288
TP1_synth_forward	TP1_synth_forward	91	C	443	559987	196	50	1	30	87	560794	58	32183	7	1	0	12	7	32268
TP1_synth_forward	TP1_synth_forward	92	C	457	559955	0	22	0	74	174	560682	14	32190	0	2	0	49	6	32261
TP1_synth_forward	TP1_synth_forward	93	G	380	225	0	559913	0	23	56	560597	25	46	0	32153	0	13	8	32245
TP1_synth_forward	TP1_synth_forward	94	T	1020	81	0	63	0	64	558997	560225	112	3	0	3	0	35	32056	32209
TP1_synth_forward	TP1_synth_forward	95	C	105	559888	0	49	0	70	95	560207	15	32139	0	4	0	42	3	32203
TP1_synth_forward	TP1_synth_forward	96	C	0	559816	0	0	0	24	0	559840	0	32164	0	0	0	14	0	32178
TP1_synth_forward	TP1_synth_forward	97	C	0	558930	0	0	0	11	0	558941	0	32115	0	0	0	1	0	32116
TP1_synth_forward	TP1_synth_forward	98	A	555601	0	0	0	0	30	0	555631	31982	0	0	0	0	12	0	31994
TP1_synth_forward	TP1_synth_forward	99	G	0	0	0	555051	0	0	0	555051	0	0	0	31910	0	0	0	31910
TP1_synth_forward	TP1_synth_forward	100	T	0	0	0	0	0	0	554113	554113	0	0	0	0	0	0	31794	31794
