



























































































































































































































#AmpliconChromStart	Alias	Position	ProbableRef	rawA	rawC	rawD	rawG	rawI	rawN	rawT	rawDepth	consA	consC	consD	consG	consI	consN	consT	consDepth
TP1_synth_forward	TP1_synth_forward	1	G	0	0	0	528440	0	0	0	528440	0	0	0	13233	0	0	0	13233
TP1_synth_forward	TP1_synth_forward	2	T	0	0	0	0	0	0	529565	529565	0	0	0	0	0	0	13249	13249
TP1_synth_forward	TP1_synth_forward	3	G	0	0	0	531787	0	7	0	531794	0	0	0	13278	0	0	0	13278
TP1_synth_forward	TP1_synth_forward	4	G	0	0	0	532703	0	4	0	532707	0	0	0	13287	0	0	0	13287
TP1_synth_forward	TP1_synth_forward	5	T	0	0	0	0	0	13	532694	532707	0	0	0	0	0	0	13287	13287
TP1_synth_forward	TP1_synth_forward	6	G	202	52	0	532174	0	120	159	532707	1	0	0	13286	0	0	0	13287
TP1_synth_forward	TP1_synth_forward	7	A	532394	17	0	76	0	118	102	532707	13287	0	0	0	0	0	0	13287
TP1_synth_forward	TP1_synth_forward	8	G	109	18	0	532392	0	23	165	532707	1	0	0	13285	0	0	1	13287
TP1_synth_forward	TP1_synth_forward	9	G	111	71	0	532124	0	228	173	532707	0	0	0	13286	0	0	1	13287
TP1_synth_forward	TP1_synth_forward	10	C	93	532289	87	26	2	100	110	532707	0	13286	1	0	0	0	0	13287
TP1_synth_forward	TP1_synth_forward	11	T	269	167	70	12	169	94	531926	532707	0	2	1	0	2	0	13282	13287
TP1_synth_forward	TP1_synth_forward	12	C	111	530613	1813	11	0	34	125	532707	0	13255	32	0	0	0	0	13287
TP1_synth_forward	TP1_synth_forward	13	C	186	532348	1	10	1	68	93	532707	0	13287	0	0	0	0	0	13287
TP1_synth_forward	TP1_synth_forward	14	C	171	532382	0	15	1	17	121	532707	0	13287	0	0	0	0	0	13287
TP1_synth_forward	TP1_synth_forward	15	C	99	532137	200	9	93	75	94	532707	0	13281	4	0	2	0	0	13287
TP1_synth_forward	TP1_synth_forward	16	T	298	50	1725	11	0	31	530592	532707	0	0	35	0	0	0	13252	13287
TP1_synth_forward	TP1_synth_forward	17	T	229	38	220	20	0	25	532175	532707	0	0	5	0	0	0	13282	13287
TP1_synth_forward	TP1_synth_forward	18	T	155	135	191	20	53	97	532056	532707	0	3	3	1	1	0	13279	13287
TP1_synth_forward	TP1_synth_forward	19	A	531953	10	484	76	27	53	104	532707	13278	0	9	0	0	0	0	13287
TP1_synth_forward	TP1_synth_forward	20	T	208	60	388	26	9	68	531948	532707	0	0	9	0	0	0	13278	13287
TP1_synth_forward	TP1_synth_forward	21	A	531503	17	852	83	98	61	93	532707	13267	0	18	0	2	0	0	13287
TP1_synth_forward	TP1_synth_forward	22	C	145	531250	978	38	96	43	157	532707	0	13262	22	0	2	0	1	13287
TP1_synth_forward	TP1_synth_forward	23	A	531047	16	857	105	412	148	122	532707	13264	0	15	1	7	0	0	13287
TP1_synth_forward	TP1_synth_forward	24	G	82	80	1437	530804	27	110	167	532707	0	1	27	13258	0	1	0	13287
TP1_synth_forward	TP1_synth_forward	25	A	531153	19	1275	81	0	102	77	532707	13268	0	19	0	0	0	0	13287
TP1_synth_forward	TP1_synth_forward	26	A	531652	7	798	74	29	50	97	532707	13272	0	14	0	1	0	0	13287
TP1_synth_forward	TP1_synth_forward	27	T	573	50	1324	44	43	43	530630	532707	0	0	25	0	1	0	13261	13287
TP1_synth_forward	TP1_synth_forward	28	A	531004	8	1521	44	0	70	60	532707	13258	0	29	0	0	0	0	13287
TP1_synth_forward	TP1_synth_forward	29	T	307	67	1612	282	69	83	530287	532707	0	0	26	2	0	0	13259	13287
TP1_synth_forward	TP1_synth_forward	30	C	232	529703	2587	43	2	21	119	532707	0	13248	38	0	0	0	1	13287
TP1_synth_forward	TP1_synth_forward	31	T	1305	76	2492	16	109	12	528369	532379	0	0	40	0	1	0	13245	13286
TP1_synth_forward	TP1_synth_forward	32	G	134	177	2938	527834	232	43	212	531570	0	1	49	13231	4	0	1	13286
TP1_synth_forward	TP1_synth_forward	33	T	1171	135	3037	6	1	118	526736	531204	0	2	49	0	0	0	13233	13284
TP1_synth_forward	TP1_synth_forward	34	T	1888	248	2395	0	10	114	525982	530637	0	3	40	0	0	0	13238	13281
TP1_synth_forward	TP1_synth_forward	35	C	548	526329	2810	21	173	28	173	530082	2	13228	46	0	3	0	1	13280
TP1_synth_forward	TP1_synth_forward	36	G	223	165	2750	525021	64	147	952	529322	0	0	43	13234	1	0	0	13278
TP1_synth_forward	TP1_synth_forward	37	C	213	525714	3076	16	41	146	93	529299	1	13229	48	0	0	0	0	13278
TP1_synth_forward	TP1_synth_forward	38	A	525644	53	3324	72	63	50	49	529255	13233	0	44	0	1	0	0	13278
TP1_synth_forward	TP1_synth_forward	39	C	137	525032	3575	58	114	49	199	529164	0	13226	47	0	3	0	2	13278
TP1_synth_forward	TP1_synth_forward	40	T	1404	71	5020	14	202	32	521018	527761	0	0	64	0	2	0	13207	13273
TP1_synth_forward	TP1_synth_forward	41	C	244	521821	5201	19	0	78	130	527493	1	13214	58	0	0	0	0	13273
TP1_synth_forward	TP1_synth_forward	42	C	283	522276	4346	29	99	39	242	527314	1	13212	58	0	0	0	1	13272
TP1_synth_forward	TP1_synth_forward	43	G	196	135	4908	521128	34	27	802	527230	0	0	64	13206	0	0	0	13270
TP1_synth_forward	TP1_synth_forward	44	A	522212	10	4522	120	159	74	48	527145	13204	0	61	2	2	0	0	13269
TP1_synth_forward	TP1_synth_forward	45	G	223	279	5067	520765	53	198	484	527069	0	0	65	13202	1	0	1	13269
TP1_synth_forward	TP1_synth_forward	46	T	1122	60	4863	53	222	83	520457	526860	0	0	62	1	1	0	13205	13269
TP1_synth_forward	TP1_synth_forward	47	G	253	154	4643	520837	110	95	240	526332	1	0	59	13206	2	0	0	13268
TP1_synth_forward	TP1_synth_forward	48	C	256	520126	5038	23	229	212	280	526164	0	13203	62	0	1	0	2	13268
TP1_synth_forward	TP1_synth_forward	49	G	265	88	4872	520003	3	126	379	525736	3	0	60	13204	0	0	1	13268
TP1_synth_forward	TP1_synth_forward	50	G	192	170	4428	520605	10	85	216	525706	1	0	59	13208	0	0	0	13268
TP1_synth_forward	TP1_synth_forward	51	C	168	519930	4519	646	99	153	170	525685	0	13211	57	0	0	0	0	13268
TP1_synth_forward	TP1_synth_forward	52	T	1124	69	4464	81	0	104	519232	525074	0	0	54	0	0	0	13213	13267
TP1_synth_forward	TP1_synth_forward	53	T	979	88	3898	50	111	44	519673	524843	0	0	50	0	1	0	13216	13267
TP1_synth_forward	TP1_synth_forward	54	G	255	133	3352	520518	89	113	192	524652	1	0	42	13223	1	0	0	13267
TP1_synth_forward	TP1_synth_forward	55	C	197	520049	3216	32	295	227	370	524386	0	13220	43	0	3	0	1	13267
TP1_synth_forward	TP1_synth_forward	56	G	278	276	3606	519759	0	161	302	524382	0	2	48	13217	0	0	0	13267
TP1_synth_forward	TP1_synth_forward	57	G	147	116	2464	521126	11	68	191	524123	0	0	32	13235	0	0	0	13267
TP1_synth_forward	TP1_synth_forward	58	A	520858	21	2896	94	85	40	112	524106	13231	0	36	0	0	0	0	13267
TP1_synth_forward	TP1_synth_forward	59	G	156	122	2874	520415	23	22	187	523799	0	0	36	13229	1	0	0	13266
TP1_synth_forward	TP1_synth_forward	60	A	520345	31	3029	75	117	30	82	523709	13226	0	39	1	0	0	0	13266
TP1_synth_forward	TP1_synth_forward	61	T	307	90	2724	278	0	60	520203	523662	1	1	34	0	0	0	13230	13266
TP1_synth_forward	TP1_synth_forward	62	T	875	91	1929	274	0	55	520287	523511	0	0	27	0	0	0	13239	13266
TP1_synth_forward	TP1_synth_forward	63	C	277	520614	2252	32	69	90	152	523486	0	13242	23	0	1	0	0	13266
TP1_synth_forward	TP1_synth_forward	64	T	1324	87	1902	30	3	77	519766	523189	0	0	24	0	0	0	13242	13266
TP1_synth_forward	TP1_synth_forward	65	C	130	520968	1706	24	163	101	90	523182	0	13247	19	0	0	0	0	13266
TP1_synth_forward	TP1_synth_forward	66	T	1192	280	1842	36	1	50	519682	523083	0	1	21	0	0	0	13243	13265
TP1_synth_forward	TP1_synth_forward	67	T	1332	183	1247	38	48	53	520101	523002	0	1	13	0	0	0	13251	13265
TP1_synth_forward	TP1_synth_forward	68	C	214	520592	1994	15	27	74	84	523000	0	13249	16	0	0	0	0	13265
TP1_synth_forward	TP1_synth_forward	69	C	305	521082	1136	50	4	82	271	522930	0	13255	8	0	0	0	2	13265
TP1_synth_forward	TP1_synth_forward	70	T	1179	94	1356	103	76	125	519563	522496	0	0	10	1	1	0	13252	13264
TP1_synth_forward	TP1_synth_forward	71	C	349	520346	1525	16	79	78	79	522472	1	13251	11	0	1	0	0	13264
TP1_synth_forward	TP1_synth_forward	72	T	1530	139	1520	12	94	90	519071	522456	0	1	14	0	1	0	13248	13264
TP1_synth_forward	TP1_synth_forward	73	G	285	252	1235	520105	105	79	279	522340	1	0	9	13251	1	0	2	13264
TP1_synth_forward	TP1_synth_forward	74	T	986	258	1019	22	152	70	519828	522335	0	1	8	0	0	0	13255	13264
TP1_synth_forward	TP1_synth_forward	75	G	424	95	1451	520111	8	62	163	522314	1	0	11	13252	0	0	0	13264
TP1_synth_forward	TP1_synth_forward	76	C	290	519522	1381	38	304	125	651	522311	1	13247	9	0	1	0	6	13264
TP1_synth_forward	TP1_synth_forward	77	G	243	217	1144	519983	215	69	428	522299	0	0	12	13250	2	0	0	13264
TP1_synth_forward	TP1_synth_forward	78	C	261	520064	1502	31	1	100	334	522293	1	13253	10	0	0	0	0	13264
TP1_synth_forward	TP1_synth_forward	79	C	206	520151	638	25	236	98	932	522286	1	13249	8	1	2	0	3	13264
TP1_synth_forward	TP1_synth_forward	80	G	376	521	1073	519755	14	31	491	522261	0	4	8	13252	0	0	0	13264
TP1_synth_forward	TP1_synth_forward	81	C	179	520484	1257	22	70	24	210	522246	0	13256	8	0	0	0	0	13264
TP1_synth_forward	TP1_synth_forward	82	A	520243	31	1716	113	1	33	102	522239	13249	0	15	0	0	0	0	13264
TP1_synth_forward	TP1_synth_forward	83	A	521397	52	579	64	0	65	80	522237	13259	0	5	0	0	0	0	13264
TP1_synth_forward	TP1_synth_forward	84	A	521573	55	191	159	0	161	76	522215	13264	0	0	0	0	0	0	13264
TP1_synth_forward	TP1_synth_forward	85	G	130	158	248	521305	111	116	96	522164	0	0	0	13264	0	0	0	13264
TP1_synth_forward	TP1_synth_forward	86	C	202	521410	90	73	81	85	166	522107	0	13264	0	0	0	0	0	13264
TP1_synth_forward	TP1_synth_forward	87	T	1882	56	242	238	44	92	519478	522032	0	0	1	0	0	0	13263	13264
TP1_synth_forward	TP1_synth_forward	88	G	238	140	214	521101	14	53	229	521989	0	0	1	13263	0	0	0	13264
TP1_synth_forward	TP1_synth_forward	89	T	751	80	246	32	0	19	520653	521781	0	0	1	0	0	0	13263	13264
TP1_synth_forward	TP1_synth_forward	90	T	1196	80	53	38	374	29	519796	521566	0	0	0	0	1	0	13263	13264
TP1_synth_forward	TP1_synth_forward	91	C	338	520233	565	153	1	8	115	521413	0	13262	2	0	0	0	0	13264
TP1_synth_forward	TP1_synth_forward	92	C	250	520735	0	61	0	34	180	521260	0	13264	0	0	0	0	0	13264
TP1_synth_forward	TP1_synth_forward	93	G	389	270	0	520264	0	35	105	521063	1	0	0	13263	0	0	0	13264
TP1_synth_forward	TP1_synth_forward	94	T	1127	64	0	53	0	45	519372	520661	0	0	0	0	0	0	13264	13264
TP1_synth_forward	TP1_synth_forward	95	C	118	520019	0	35	0	76	159	520407	0	13264	0	0	0	0	0	13264
TP1_synth_forward	TP1_synth_forward	96	C	1	519611	0	0	0	36	0	519648	0	13261	0	0	0	0	0	13261
TP1_synth_forward	TP1_synth_forward	97	C	0	518773	0	0	0	61	0	518834	0	13260	0	0	0	0	0	13260
TP1_synth_forward	TP1_synth_forward	98	A	516900	0	0	0	0	11	0	516911	13258	0	0	0	0	0	0	13258
TP1_synth_forward	TP1_synth_forward	99	G	3	0	0	516008	0	0	0	516011	0	0	0	13258	0	0	0	13258
TP1_synth_forward	TP1_synth_forward	100	T	0	0	0	0	0	0	514501	514501	0	0	0	0	0	0	13257	13257
