



























































































































































































































#AmpliconChromStart	Alias	Position	ProbableRef	rawA	rawC	rawD	rawG	rawI	rawN	rawT	rawDepth	consA	consC	consD	consG	consI	consN	consT	consDepth	
TP1_synth_forward		5	T	0	0	0	0	0	0	719	719	0	0	0	0	0	0	486	486
TP1_synth_forward		6	G	0	0	0	1249	0	0	0	1249	0	0	0	841	0	0	0	841
TP1_synth_forward		7	A	1305	0	0	0	0	0	0	1305	875	0	0	0	0	0	0	875
TP1_synth_forward		8	G	0	0	0	1505	0	0	0	1505	0	0	0	919	0	0	0	919
TP1_synth_forward		9	G	0	0	0	1644	0	0	0	1644	0	0	0	953	0	0	0	953
TP1_synth_forward		10	C	1	1641	0	1	0	1	0	1644	1	951	0	1	0	0	0	953
TP1_synth_forward		11	T	19	1	0	0	0	0	1624	1644	11	1	0	0	0	0	941	953
TP1_synth_forward		12	C	3	1641	0	0	0	0	0	1644	1	952	0	0	0	0	0	953
TP1_synth_forward		13	C	11	1633	0	0	0	0	0	1644	8	945	0	0	0	0	0	953
TP1_synth_forward		14	C	15	1629	0	0	0	0	0	1644	11	942	0	0	0	0	0	953
TP1_synth_forward		15	C	5	1638	0	0	1	0	0	1644	3	949	0	0	1	0	0	953
TP1_synth_forward		16	T	25	0	0	1	0	1	1680	1707	18	0	0	0	0	1	944	963
TP1_synth_forward		17	T	43	0	0	0	0	2	1662	1707	26	0	0	0	0	1	936	963
TP1_synth_forward		18	T	17	1	0	0	0	0	1689	1707	11	1	0	0	0	0	951	963
TP1_synth_forward		19	A	1702	0	1	0	1	1	2	1707	959	0	1	0	1	1	1	963
TP1_synth_forward		20	T	14	0	0	0	0	0	1693	1707	10	0	0	0	0	0	953	963
TP1_synth_forward		21	A	1698	2	4	1	0	0	2	1707	957	2	2	1	0	0	1	963
TP1_synth_forward		22	C	4	1701	0	1	0	0	1	1707	3	959	0	0	0	0	1	963
TP1_synth_forward		23	A	1704	2	0	0	1	0	0	1707	960	2	0	0	1	0	0	963
TP1_synth_forward		24	G	0	5	1	1697	0	0	4	1707	0	3	0	956	0	0	4	963
TP1_synth_forward		25	A	1704	0	2	1	0	0	0	1707	960	0	2	1	0	0	0	963
TP1_synth_forward		26	A	1886	0	1	0	0	0	1	1888	978	0	1	0	0	0	1	980
TP1_synth_forward		27	T	30	0	1	1	0	0	1856	1888	20	0	1	0	0	0	959	980
TP1_synth_forward		28	A	1886	0	1	1	0	0	0	1888	979	0	1	0	0	0	0	980
TP1_synth_forward		29	T	7	0	1	0	0	0	1880	1888	5	0	1	0	0	0	974	980
TP1_synth_forward		30	C	5	1878	4	0	0	0	1	1888	1	975	3	0	0	0	1	980
TP1_synth_forward		31	T	26	0	4	1	1	0	1856	1888	19	0	4	1	1	0	955	980
TP1_synth_forward		32	G	4	18	7	1853	0	1	5	1888	3	10	7	957	0	0	3	980
TP1_synth_forward		33	T	45	0	8	0	0	0	1937	1990	31	0	8	0	0	0	954	993
TP1_synth_forward		34	T	35	0	5	0	0	0	2009	2049	19	0	5	0	0	0	983	1007
TP1_synth_forward		35	C	8	2031	7	0	1	0	0	2047	5	995	6	0	1	0	0	1007
TP1_synth_forward		36	G	1	3	8	2093	0	0	54	2159	0	2	7	984	0	0	35	1028
TP1_synth_forward		37	C	9	2141	9	0	0	0	0	2159	7	1013	8	0	0	0	0	1028
TP1_synth_forward		38	A	2147	1	10	0	0	1	0	2159	1018	1	9	0	0	0	0	1028
TP1_synth_forward		39	C	0	2147	11	0	0	0	1	2159	0	1018	9	0	0	0	1	1028
TP1_synth_forward		40	T	23	2	48	0	0	0	2181	2254	14	1	11	0	0	0	1015	1041
TP1_synth_forward		41	C	8	2385	14	0	0	0	1	2408	6	1040	11	0	0	0	0	1057
TP1_synth_forward		42	C	7	2388	12	0	0	0	1	2408	2	1044	10	0	0	0	1	1057
TP1_synth_forward		43	G	1	3	12	2367	0	0	25	2408	1	1	10	1031	0	0	14	1057
TP1_synth_forward		44	A	2394	1	11	0	0	2	0	2408	1046	1	9	0	0	1	0	1057
TP1_synth_forward		45	G	0	14	10	2377	0	0	7	2408	0	7	8	1038	0	0	4	1057
TP1_synth_forward		46	T	46	0	9	0	0	0	2351	2406	26	0	7	0	0	0	1023	1056
TP1_synth_forward		47	G	15	11	11	2359	0	0	8	2404	11	6	9	1025	0	0	3	1054
TP1_synth_forward		48	C	11	2484	7	0	0	1	1	2504	6	1056	6	0	0	0	1	1069
TP1_synth_forward		49	G	3	6	9	2461	0	1	24	2504	2	3	7	1041	0	0	16	1069
TP1_synth_forward		50	G	5	2	5	2916	0	0	15	2943	4	1	5	1109	0	0	9	1128
TP1_synth_forward		51	C	2	2930	10	1	0	0	0	2943	1	1120	7	0	0	0	0	1128
TP1_synth_forward		52	T	42	0	6	0	0	4	3319	3371	28	0	6	0	0	2	1125	1161
TP1_synth_forward		53	T	51	1	6	1	0	0	3655	3714	29	0	6	1	0	0	1198	1234
TP1_synth_forward		54	G	11	8	6	3898	1	0	10	3934	6	4	6	1240	1	0	3	1260
TP1_synth_forward		55	C	11	4208	6	0	1	0	0	4226	7	1292	6	0	1	0	0	1306
TP1_synth_forward		56	G	0	5	9	4199	0	1	12	4226	0	1	7	1291	0	0	7	1306
TP1_synth_forward		57	G	1	2	3	4383	0	0	10	4399	1	0	3	1340	0	0	5	1349
TP1_synth_forward		58	A	4493	0	4	0	0	0	1	4498	1360	0	4	0	0	0	0	1364
TP1_synth_forward		59	G	0	5	3	4481	0	0	9	4498	0	2	3	1352	0	0	7	1364
TP1_synth_forward		60	A	4870	4	4	0	1	0	3	4882	1407	1	4	0	0	0	0	1412
TP1_synth_forward		61	T	16	0	4	8	0	1	5191	5220	9	0	3	6	0	0	1430	1448
TP1_synth_forward		62	T	37	1	2	4	0	0	5766	5810	20	0	2	2	0	0	1524	1548
TP1_synth_forward		63	C	11	5794	4	0	0	0	1	5810	7	1538	3	0	0	0	0	1548
TP1_synth_forward		64	T	17	1	1	0	0	0	6082	6101	13	0	1	0	0	0	1587	1601
TP1_synth_forward		65	C	4	6253	2	1	1	0	2	6263	3	1612	2	1	1	0	1	1620
TP1_synth_forward		66	T	32	0	5	0	0	2	6580	6619	18	0	3	0	0	1	1644	1666
TP1_synth_forward		67	T	45	2	2	3	0	2	7138	7192	25	1	2	3	0	0	1695	1726
TP1_synth_forward		68	C	8	7491	4	1	0	0	0	7504	4	1762	3	0	0	0	0	1769
TP1_synth_forward		69	C	9	7949	3	0	0	0	0	7961	6	1802	3	0	0	0	0	1811
TP1_synth_forward		70	T	23	0	6	0	0	4	8286	8319	11	0	6	0	0	2	1809	1828
TP1_synth_forward		71	C	5	8496	3	0	0	0	0	8504	4	1834	3	0	0	0	0	1841
TP1_synth_forward		72	T	35	0	9	0	1	0	8458	8503	22	0	8	0	1	0	1809	1840
TP1_synth_forward		73	G	3	16	13	8462	0	3	6	8503	1	8	7	1819	0	1	4	1840
TP1_synth_forward		74	T	42	0	2	1	0	1	8457	8503	22	0	2	1	0	0	1815	1840
TP1_synth_forward		75	G	4	3	4	8484	0	0	7	8502	3	2	3	1828	0	0	3	1839
TP1_synth_forward		76	C	10	8480	3	0	1	1	7	8502	4	1828	3	0	0	1	3	1839
TP1_synth_forward		77	G	2	2	1	8478	0	2	17	8502	1	2	1	1826	0	1	8	1839
TP1_synth_forward		78	C	9	8487	3	0	0	1	2	8502	6	1829	3	0	0	0	1	1839
TP1_synth_forward		79	C	15	8474	10	0	2	0	1	8502	9	1824	3	0	2	0	1	1839
TP1_synth_forward		80	G	1	4	10	8471	0	1	15	8502	1	4	3	1821	0	0	10	1839
TP1_synth_forward		81	C	7	8477	9	4	1	0	4	8502	2	1831	2	2	1	0	1	1839
TP1_synth_forward		82	A	8481	2	11	3	0	2	3	8502	1833	1	3	2	0	0	0	1839
TP1_synth_forward		83	A	8491	2	2	5	0	1	0	8501	1837	0	1	0	0	0	0	1838
TP1_synth_forward		84	A	8489	2	1	5	0	2	1	8500	1837	0	1	0	0	0	0	1838
TP1_synth_forward		85	G	1	2	1	8485	1	2	5	8497	1	1	1	1827	1	2	3	1836
TP1_synth_forward		86	C	10	8482	0	2	0	0	1	8495	3	1830	0	2	0	0	0	1835
TP1_synth_forward		87	T	43	1	0	1	0	0	8446	8491	22	0	0	0	0	0	1810	1832
TP1_synth_forward		88	G	4	15	1	8463	0	0	5	8488	2	8	0	1820	0	0	1	1831
TP1_synth_forward		89	T	47	0	2	1	0	0	8432	8482	25	0	1	0	0	0	1801	1827
TP1_synth_forward		90	T	37	0	0	5	1	1	8436	8480	20	0	0	1	1	0	1804	1826
TP1_synth_forward		91	C	6	8470	2	1	0	0	1	8480	1	1823	1	1	0	0	0	1826
TP1_synth_forward		92	C	9	8462	0	0	0	2	4	8477	5	1819	0	0	0	0	2	1826
TP1_synth_forward		93	G	3	3	0	8459	0	0	10	8475	2	1	0	1819	0	0	4	1826
TP1_synth_forward		94	T	33	0	0	6	0	0	8425	8464	16	0	0	1	0	0	1806	1823
TP1_synth_forward		95	C	0	8460	0	2	0	0	1	8463	0	1822	0	0	0	0	0	1822
TP1_synth_forward		96	C	2	8448	0	0	0	0	0	8450	0	1816	0	0	0	0	0	1816
TP1_synth_forward		97	C	0	8439	0	0	0	0	0	8439	0	1810	0	0	0	0	0	1810
TP1_synth_forward		98	A	8421	0	0	0	0	2	0	8423	1804	0	0	0	0	0	0	1804
TP1_synth_forward		99	G	0	0	0	8349	0	0	0	8349	0	0	0	1792	0	0	0	1792
TP1_synth_forward		100	T	0	0	0	0	0	0	8286	8286	0	0	0	0	0	0	1765	1765
TP1_synth_forward	TP1_synth_forward	1	G	0	0	0	528440	0	0	0	528440	0	0	0	73702	0	0	0	73702
TP1_synth_forward	TP1_synth_forward	2	T	0	0	0	0	0	0	529565	529565	0	0	0	0	0	0	74041	74041
TP1_synth_forward	TP1_synth_forward	3	G	0	0	0	531787	0	7	0	531794	0	0	0	74853	0	4	0	74857
TP1_synth_forward	TP1_synth_forward	4	G	0	0	0	532703	0	4	0	532707	0	0	0	75379	0	0	0	75379
TP1_synth_forward	TP1_synth_forward	5	T	0	0	0	0	0	13	532694	532707	0	0	0	0	0	1	75378	75379
TP1_synth_forward	TP1_synth_forward	6	G	202	52	0	532174	0	120	159	532707	12	2	0	75318	0	29	18	75379
TP1_synth_forward	TP1_synth_forward	7	A	532394	17	0	76	0	118	102	532707	75347	1	0	7	0	18	6	75379
TP1_synth_forward	TP1_synth_forward	8	G	109	18	0	532392	0	23	165	532707	9	1	0	75349	0	0	20	75379
TP1_synth_forward	TP1_synth_forward	9	G	111	71	0	532124	0	228	173	532707	10	25	0	75299	0	26	19	75379
TP1_synth_forward	TP1_synth_forward	10	C	93	532289	87	26	2	100	110	532707	11	75323	7	3	0	27	8	75379
TP1_synth_forward	TP1_synth_forward	11	T	269	167	70	12	169	94	531926	532707	71	10	8	4	24	32	75230	75379
TP1_synth_forward	TP1_synth_forward	12	C	111	530613	1813	11	0	34	125	532707	23	75178	149	1	0	17	11	75379
TP1_synth_forward	TP1_synth_forward	13	C	186	532348	1	10	1	68	93	532707	31	75325	1	2	0	14	6	75379
TP1_synth_forward	TP1_synth_forward	14	C	171	532382	0	15	1	17	121	532707	18	75339	0	3	0	7	12	75379
TP1_synth_forward	TP1_synth_forward	15	C	99	532137	200	9	93	75	94	532707	15	75311	21	1	15	9	7	75379
TP1_synth_forward	TP1_synth_forward	16	T	298	50	1725	11	0	31	530592	532707	73	5	174	1	0	6	75120	75379
TP1_synth_forward	TP1_synth_forward	17	T	229	38	220	20	0	25	532175	532707	53	3	26	1	0	13	75283	75379
TP1_synth_forward	TP1_synth_forward	18	T	155	135	191	20	53	97	532056	532707	42	17	38	2	12	28	75240	75379
TP1_synth_forward	TP1_synth_forward	19	A	531953	10	484	76	27	53	104	532707	75277	2	70	7	6	7	10	75379
TP1_synth_forward	TP1_synth_forward	20	T	208	60	388	26	9	68	531948	532707	62	6	58	5	3	10	75235	75379
TP1_synth_forward	TP1_synth_forward	21	A	531503	17	852	83	98	61	93	532707	75261	4	82	8	9	8	7	75379
TP1_synth_forward	TP1_synth_forward	22	C	145	531250	978	38	96	43	157	532707	13	75228	90	4	8	9	27	75379
TP1_synth_forward	TP1_synth_forward	23	A	531047	16	857	105	412	148	122	532707	75194	3	94	11	26	40	11	75379
TP1_synth_forward	TP1_synth_forward	24	G	82	80	1437	530804	27	110	167	532707	8	18	123	75149	10	44	27	75379
TP1_synth_forward	TP1_synth_forward	25	A	531153	19	1275	81	0	102	77	532707	75165	3	148	4	0	51	8	75379
TP1_synth_forward	TP1_synth_forward	26	A	531652	7	798	74	29	50	97	532707	75244	1	99	4	10	14	7	75379
TP1_synth_forward	TP1_synth_forward	27	T	573	50	1324	44	43	43	530630	532707	150	6	157	4	7	8	75047	75379
TP1_synth_forward	TP1_synth_forward	28	A	531004	8	1521	44	0	70	60	532707	75205	0	161	2	0	5	6	75379
TP1_synth_forward	TP1_synth_forward	29	T	307	67	1612	282	69	83	530287	532707	82	7	169	40	14	45	75022	75379
TP1_synth_forward	TP1_synth_forward	30	C	232	529703	2587	43	2	21	119	532707	59	75067	236	5	0	3	9	75379
TP1_synth_forward	TP1_synth_forward	31	T	1305	76	2492	16	109	12	528369	532379	344	2	231	0	11	0	74768	75356
TP1_synth_forward	TP1_synth_forward	32	G	134	177	2938	527834	232	43	212	531570	17	43	241	74938	18	3	58	75318
TP1_synth_forward	TP1_synth_forward	33	T	1171	135	3037	6	1	118	526736	531204	273	19	297	3	0	52	74646	75290
TP1_synth_forward	TP1_synth_forward	34	T	1888	248	2395	0	10	114	525982	530637	395	31	193	0	4	31	74601	75255
TP1_synth_forward	TP1_synth_forward	35	C	548	526329	2810	21	173	28	173	530082	135	74765	258	1	27	6	22	75214
TP1_synth_forward	TP1_synth_forward	36	G	223	165	2750	525021	64	147	952	529322	24	62	269	74565	8	55	178	75161
TP1_synth_forward	TP1_synth_forward	37	C	213	525714	3076	16	41	146	93	529299	33	74813	275	1	10	14	7	75153
TP1_synth_forward	TP1_synth_forward	38	A	525644	53	3324	72	63	50	49	529255	74817	13	292	5	8	11	2	75148
TP1_synth_forward	TP1_synth_forward	39	C	137	525032	3575	58	114	49	199	529164	30	74703	338	9	11	14	15	75120
TP1_synth_forward	TP1_synth_forward	40	T	1404	71	5020	14	202	32	521018	527761	366	10	499	0	20	3	74149	75047
TP1_synth_forward	TP1_synth_forward	41	C	244	521821	5201	19	0	78	130	527493	70	74435	444	4	0	50	15	75018
TP1_synth_forward	TP1_synth_forward	42	C	283	522276	4346	29	99	39	242	527314	61	74534	379	0	10	6	14	75004
TP1_synth_forward	TP1_synth_forward	43	G	196	135	4908	521128	34	27	802	527230	15	39	450	74290	12	3	169	74978
TP1_synth_forward	TP1_synth_forward	44	A	522212	10	4522	120	159	74	48	527145	74491	2	427	9	23	9	5	74966
TP1_synth_forward	TP1_synth_forward	45	G	223	279	5067	520765	53	198	484	527069	16	82	470	74204	5	62	113	74952
TP1_synth_forward	TP1_synth_forward	46	T	1122	60	4863	53	222	83	520457	526860	247	6	464	5	25	18	74177	74942
TP1_synth_forward	TP1_synth_forward	47	G	253	154	4643	520837	110	95	240	526332	56	64	436	74274	10	10	51	74901
TP1_synth_forward	TP1_synth_forward	48	C	256	520126	5038	23	229	212	280	526164	53	74250	468	3	26	49	37	74886
TP1_synth_forward	TP1_synth_forward	49	G	265	88	4872	520003	3	126	379	525736	21	37	480	74184	3	57	80	74862
TP1_synth_forward	TP1_synth_forward	50	G	192	170	4428	520605	10	85	216	525706	39	46	416	74277	3	13	52	74846
TP1_synth_forward	TP1_synth_forward	51	C	168	519930	4519	646	99	153	170	525685	35	74262	444	43	15	13	25	74837
TP1_synth_forward	TP1_synth_forward	52	T	1124	69	4464	81	0	104	519232	525074	331	11	447	7	0	8	74000	74804
TP1_synth_forward	TP1_synth_forward	53	T	979	88	3898	50	111	44	519673	524843	254	7	381	4	18	3	74125	74792
TP1_synth_forward	TP1_synth_forward	54	G	255	133	3352	520518	89	113	192	524652	33	49	346	74257	4	29	42	74760
TP1_synth_forward	TP1_synth_forward	55	C	197	520049	3216	32	295	227	370	524386	48	74225	336	4	33	65	36	74747
TP1_synth_forward	TP1_synth_forward	56	G	278	276	3606	519759	0	161	302	524382	21	44	369	74233	0	25	54	74746
TP1_synth_forward	TP1_synth_forward	57	G	147	116	2464	521126	11	68	191	524123	13	27	285	74341	8	9	42	74725
TP1_synth_forward	TP1_synth_forward	58	A	520858	21	2896	94	85	40	112	524106	74383	4	316	3	4	5	7	74722
TP1_synth_forward	TP1_synth_forward	59	G	156	122	2874	520415	23	22	187	523799	10	26	304	74290	3	5	47	74685
TP1_synth_forward	TP1_synth_forward	60	A	520345	31	3029	75	117	30	82	523709	74336	3	312	10	5	5	4	74675
TP1_synth_forward	TP1_synth_forward	61	T	307	90	2724	278	0	60	520203	523662	60	5	312	38	0	11	74239	74665
TP1_synth_forward	TP1_synth_forward	62	T	875	91	1929	274	0	55	520287	523511	232	8	242	32	0	12	74093	74619
TP1_synth_forward	TP1_synth_forward	63	C	277	520614	2252	32	69	90	152	523486	58	74262	262	0	3	13	9	74607
TP1_synth_forward	TP1_synth_forward	64	T	1324	87	1902	30	3	77	519766	523189	341	8	206	2	1	18	73991	74567
TP1_synth_forward	TP1_synth_forward	65	C	130	520968	1706	24	163	101	90	523182	27	74308	184	2	14	18	9	74562
TP1_synth_forward	TP1_synth_forward	66	T	1192	280	1842	36	1	50	519682	523083	310	13	195	7	1	8	74016	74550
TP1_synth_forward	TP1_synth_forward	67	T	1332	183	1247	38	48	53	520101	523002	299	18	147	3	4	10	74058	74539
TP1_synth_forward	TP1_synth_forward	68	C	214	520592	1994	15	27	74	84	523000	52	74245	219	2	6	10	5	74539
TP1_synth_forward	TP1_synth_forward	69	C	305	521082	1136	50	4	82	271	522930	65	74294	109	2	2	32	23	74527
TP1_synth_forward	TP1_synth_forward	70	T	1179	94	1356	103	76	125	519563	522496	316	5	127	7	9	29	74007	74500
TP1_synth_forward	TP1_synth_forward	71	C	349	520346	1525	16	79	78	79	522472	69	74256	136	2	12	14	4	74493
TP1_synth_forward	TP1_synth_forward	72	T	1530	139	1520	12	94	90	519071	522456	370	15	138	1	18	25	73920	74487
TP1_synth_forward	TP1_synth_forward	73	G	285	252	1235	520105	105	79	279	522340	22	62	127	74203	12	13	40	74479
TP1_synth_forward	TP1_synth_forward	74	T	986	258	1019	22	152	70	519828	522335	202	29	105	2	16	8	74114	74476
TP1_synth_forward	TP1_synth_forward	75	G	424	95	1451	520111	8	62	163	522314	38	33	142	74188	1	6	54	74462
TP1_synth_forward	TP1_synth_forward	76	C	290	519522	1381	38	304	125	651	522311	63	74138	141	0	20	22	78	74462
TP1_synth_forward	TP1_synth_forward	77	G	243	217	1144	519983	215	69	428	522299	18	71	120	74144	24	7	68	74452
TP1_synth_forward	TP1_synth_forward	78	C	261	520064	1502	31	1	100	334	522293	30	74247	116	9	0	14	34	74450
TP1_synth_forward	TP1_synth_forward	79	C	206	520151	638	25	236	98	932	522286	35	74209	72	5	25	34	66	74446
TP1_synth_forward	TP1_synth_forward	80	G	376	521	1073	519755	14	31	491	522261	34	119	108	74063	4	5	99	74432
TP1_synth_forward	TP1_synth_forward	81	C	179	520484	1257	22	70	24	210	522246	36	74257	105	2	12	2	10	74424
TP1_synth_forward	TP1_synth_forward	82	A	520243	31	1716	113	1	33	102	522239	74257	5	143	7	0	2	7	74421
TP1_synth_forward	TP1_synth_forward	83	A	521397	52	579	64	0	65	80	522237	74347	7	43	9	0	8	6	74420
TP1_synth_forward	TP1_synth_forward	84	A	521573	55	191	159	0	161	76	522215	74338	8	13	8	0	32	10	74409
TP1_synth_forward	TP1_synth_forward	85	G	130	158	248	521305	111	116	96	522164	34	46	18	74239	7	20	16	74380
TP1_synth_forward	TP1_synth_forward	86	C	202	521410	90	73	81	85	166	522107	45	74278	6	7	8	9	14	74367
TP1_synth_forward	TP1_synth_forward	87	T	1882	56	242	238	44	92	519478	522032	401	2	16	17	3	35	73858	74332
TP1_synth_forward	TP1_synth_forward	88	G	238	140	214	521101	14	53	229	521989	38	21	16	74188	4	13	39	74319
TP1_synth_forward	TP1_synth_forward	89	T	751	80	246	32	0	19	520653	521781	122	7	31	1	0	9	74122	74292
TP1_synth_forward	TP1_synth_forward	90	T	1196	80	53	38	374	29	519796	521566	221	6	1	4	27	22	73972	74253
TP1_synth_forward	TP1_synth_forward	91	C	338	520233	565	153	1	8	115	521413	57	74106	43	9	1	4	10	74230
TP1_synth_forward	TP1_synth_forward	92	C	250	520735	0	61	0	34	180	521260	21	74169	0	3	0	3	13	74209
TP1_synth_forward	TP1_synth_forward	93	G	389	270	0	520264	0	35	105	521063	51	74	0	74031	0	5	10	74171
TP1_synth_forward	TP1_synth_forward	94	T	1127	64	0	53	0	45	519372	520661	200	7	0	6	0	21	73891	74125
TP1_synth_forward	TP1_synth_forward	95	C	118	520019	0	35	0	76	159	520407	11	74070	0	4	0	20	11	74116
TP1_synth_forward	TP1_synth_forward	96	C	1	519611	0	0	0	36	0	519648	0	74033	0	0	0	15	0	74048
TP1_synth_forward	TP1_synth_forward	97	C	0	518773	0	0	0	61	0	518834	0	73958	0	0	0	14	0	73972
TP1_synth_forward	TP1_synth_forward	98	A	516900	0	0	0	0	11	0	516911	73787	0	0	0	0	3	0	73790
TP1_synth_forward	TP1_synth_forward	99	G	3	0	0	516008	0	0	0	516011	0	0	0	73640	0	0	0	73640
TP1_synth_forward	TP1_synth_forward	100	T	0	0	0	0	0	0	514501	514501	0	0	0	0	0	0	73424	73424
