



























































































































































































































#AmpliconChromStart	Alias	Position	ProbableRef	rawA	rawC	rawD	rawG	rawI	rawN	rawT	rawDepth	consA	consC	consD	consG	consI	consN	consT	consDepth	
TP1_synth_reverse		1	G	0	0	0	920917	0	0	0	920917	0	0	0	9472	0	0	0	9472
TP1_synth_reverse		2	T	0	0	0	0	0	0	923057	923057	0	0	0	0	0	0	9483	9483
TP1_synth_reverse		3	G	0	0	0	926645	0	111	0	926756	0	0	0	9512	0	0	0	9512
TP1_synth_reverse		4	G	0	0	0	927692	0	70	0	927762	0	0	0	9518	0	0	0	9518
TP1_synth_reverse		5	T	0	0	0	0	0	23	928501	928524	0	0	0	0	0	0	9525	9525
TP1_synth_reverse		6	G	113	89	0	929039	0	16	308	929565	0	0	0	9529	0	0	2	9531
TP1_synth_reverse		7	A	929649	24	0	111	0	82	156	930022	9536	0	0	0	0	0	0	9536
TP1_synth_reverse		8	G	158	66	0	930746	0	107	466	931543	1	0	0	9545	0	0	5	9551
TP1_synth_reverse		9	G	197	145	0	931050	36	32	307	931767	1	0	0	9552	0	0	1	9554
TP1_synth_reverse		10	C	319	931238	18	28	21	32	143	931799	1	9553	0	0	0	0	0	9554
TP1_synth_reverse		11	T	197	231	422	15	909	35	930014	931823	0	1	3	0	9	0	9541	9554
TP1_synth_reverse		12	C	304	929984	1262	33	2	80	172	931837	0	9545	9	0	0	0	0	9554
TP1_synth_reverse		13	C	478	931110	2	29	2	116	100	931837	0	9554	0	0	0	0	0	9554
TP1_synth_reverse		14	C	405	931206	0	22	1	44	169	931847	0	9554	0	0	0	0	0	9554
TP1_synth_reverse		15	C	399	930476	197	42	552	77	115	931858	1	9546	3	0	4	0	0	9554
TP1_synth_reverse		16	T	341	93	1493	18	2	229	929702	931878	0	0	12	0	0	0	9542	9554
TP1_synth_reverse		17	T	339	225	508	6	0	63	930737	931878	0	1	6	0	0	0	9547	9554
TP1_synth_reverse		18	T	356	147	331	7	251	79	930711	931882	0	0	4	0	3	0	9547	9554
TP1_synth_reverse		19	C	382	930156	616	26	502	87	228	931997	0	9544	6	0	5	0	0	9555
TP1_synth_reverse		20	T	273	85	1349	21	0	35	930234	931997	1	0	13	0	0	0	9541	9555
TP1_synth_reverse		21	T	474	180	545	62	1908	117	928711	931997	0	0	7	0	16	0	9532	9555
TP1_synth_reverse		22	G	815	401	1156	929184	142	28	271	931997	4	0	10	9540	1	0	0	9555
TP1_synth_reverse		23	C	580	926428	645	61	3447	33	810	932004	0	9506	8	0	35	0	6	9555
TP1_synth_reverse		24	G	509	183	1316	929156	4	53	783	932004	1	0	13	9539	0	0	2	9555
TP1_synth_reverse		25	G	205	629	1025	929091	180	142	746	932018	1	0	11	9540	1	0	2	9555
TP1_synth_reverse		26	A	928457	11	1459	179	1768	45	127	932046	9522	0	13	0	20	0	0	9555
TP1_synth_reverse		27	G	88	773	536	930291	70	38	250	932046	0	0	4	9550	1	0	0	9555
TP1_synth_reverse		28	A	930191	239	1152	133	165	32	134	932046	9540	2	11	1	1	0	0	9555
TP1_synth_reverse		29	T	291	173	1410	118	0	166	929888	932046	0	1	13	0	0	0	9541	9555
TP1_synth_reverse		30	T	949	182	849	90	2	130	929844	932046	0	1	7	1	0	0	9546	9555
TP1_synth_reverse		31	C	520	930372	838	44	2	82	172	932030	0	9547	7	0	0	0	1	9555
TP1_synth_reverse		32	T	563	251	1313	53	66	382	929394	932022	0	3	12	0	1	0	9539	9555
TP1_synth_reverse		33	C	527	929574	1338	49	152	139	241	932020	1	9541	11	0	1	0	1	9555
TP1_synth_reverse		34	T	769	290	1025	91	0	107	929683	931965	0	2	10	0	0	0	9544	9556
TP1_synth_reverse		35	T	1440	163	875	62	259	86	929063	931948	0	1	7	0	2	0	9546	9556
TP1_synth_reverse		36	C	535	928941	2120	25	1	70	255	931947	0	9535	18	0	0	0	3	9556
TP1_synth_reverse		37	C	569	929268	891	50	261	87	635	931761	0	9542	8	0	2	0	4	9556
TP1_synth_reverse		38	T	675	587	1180	242	38	26	929002	931750	0	5	13	0	1	0	9537	9556
TP1_synth_reverse		39	C	416	929452	1352	44	2	92	365	931723	0	9541	13	0	0	0	2	9556
TP1_synth_reverse		40	T	1259	226	1633	30	1891	164	926517	931720	0	2	17	0	17	0	9520	9556
TP1_synth_reverse		41	G	642	557	1879	928061	9	32	409	931589	1	0	22	9532	0	0	1	9556
TP1_synth_reverse		42	T	2238	342	1131	27	852	77	926968	931635	0	3	13	0	9	0	9532	9557
TP1_synth_reverse		43	G	1148	455	1145	928022	124	396	510	931800	6	0	11	9538	1	0	2	9558
TP1_synth_reverse		44	C	519	925940	2630	62	855	169	1620	931795	0	9518	20	0	8	0	12	9558
TP1_synth_reverse		45	G	567	360	1773	926811	674	67	1455	931707	3	0	17	9531	5	0	2	9558
TP1_synth_reverse		46	C	795	927155	2992	51	2	10	699	931704	0	9521	29	0	1	0	7	9558
TP1_synth_reverse		47	C	354	928660	1502	42	622	39	503	931722	0	9533	15	0	8	0	2	9558
TP1_synth_reverse		48	G	456	645	1717	927751	111	55	962	931697	1	1	15	9540	1	0	0	9558
TP1_synth_reverse		49	A	929119	60	1897	267	6	215	135	931699	9537	0	19	1	0	0	0	9557
TP1_synth_reverse		50	T	1152	231	2188	401	34	131	927412	931549	2	1	22	2	0	0	9530	9557
TP1_synth_reverse		51	A	928769	83	2124	146	151	145	144	931562	9533	0	23	0	1	0	0	9557
TP1_synth_reverse		52	C	551	928260	1826	189	145	304	225	931500	0	9535	18	1	1	0	1	9556
TP1_synth_reverse		53	A	927074	22	2900	191	641	331	281	931440	9518	0	31	0	6	0	1	9556
TP1_synth_reverse		54	G	441	254	2271	927836	278	108	238	931426	4	0	22	9528	2	0	0	9556
TP1_synth_reverse		55	A	927452	203	3385	289	0	147	100	931576	9521	1	34	1	0	0	0	9557
TP1_synth_reverse		56	A	929812	13	1247	174	0	119	322	931687	9543	0	15	0	0	0	1	9559
TP1_synth_reverse		57	T	1791	75	1503	260	80	264	927681	931654	0	0	19	0	1	0	9539	9559
TP1_synth_reverse		58	A	929772	20	1285	111	9	307	160	931664	9542	0	17	0	0	0	0	9559
TP1_synth_reverse		59	T	986	169	1481	99	128	403	928372	931638	0	1	18	0	2	0	9538	9559
TP1_synth_reverse		60	C	862	928235	1808	189	2	268	260	931624	0	9537	19	1	0	0	2	9559
TP1_synth_reverse		61	T	1269	155	1775	53	216	245	927897	931610	0	1	19	0	1	0	9538	9559
TP1_synth_reverse		62	G	660	267	1904	927971	10	365	414	931591	3	0	20	9536	0	0	0	9559
TP1_synth_reverse		63	T	2130	81	2291	15	0	208	926861	931586	0	0	21	0	0	0	9538	9559
TP1_synth_reverse		64	T	1908	424	1731	27	1	57	927564	931712	0	3	19	0	0	0	9539	9561
TP1_synth_reverse		65	C	1209	926657	2973	47	358	161	292	931697	0	9529	27	0	4	0	1	9561
TP1_synth_reverse		66	G	763	393	2285	927582	0	73	595	931691	4	0	22	9532	0	0	3	9561
TP1_synth_reverse		67	C	926	927728	2528	54	1	236	126	931599	0	9536	25	0	0	0	0	9561
TP1_synth_reverse		68	A	928138	252	2778	155	0	103	83	931509	9532	0	29	0	0	0	0	9561
TP1_synth_reverse		69	C	324	927149	3143	46	2	70	1198	931932	0	9529	27	0	0	0	7	9563
TP1_synth_reverse		70	T	1160	281	2742	52	56	115	927511	931917	0	1	21	0	1	0	9540	9563
TP1_synth_reverse		71	C	399	926530	4265	31	0	339	348	931912	0	9529	31	0	0	0	3	9563
TP1_synth_reverse		72	C	755	927942	2332	54	383	154	280	931900	0	9542	20	0	1	0	0	9563
TP1_synth_reverse		73	G	663	522	2884	927149	2	342	326	931888	4	0	25	9534	0	0	0	9563
TP1_synth_reverse		74	A	928327	77	2992	148	48	134	104	931830	9533	1	27	0	1	0	1	9563
TP1_synth_reverse		75	G	293	449	3279	927453	0	90	256	931820	2	0	30	9529	0	0	2	9563
TP1_synth_reverse		76	T	964	180	2800	58	302	67	927427	931798	0	1	24	0	2	0	9536	9563
TP1_synth_reverse		77	G	935	372	2244	927665	140	77	343	931776	4	0	18	9541	0	0	0	9563
TP1_synth_reverse		78	C	518	926114	2175	148	488	487	1838	931768	0	9528	20	0	3	0	12	9563
TP1_synth_reverse		79	G	485	597	3183	926506	2	149	752	931674	1	1	27	9531	0	0	3	9563
TP1_synth_reverse		80	G	1085	288	987	928592	0	140	558	931650	6	0	10	9545	0	0	2	9563
TP1_synth_reverse		81	C	467	929009	1401	115	132	120	391	931635	3	9548	11	0	0	0	1	9563
TP1_synth_reverse		82	A	927690	244	3235	148	0	70	149	931536	9539	2	22	0	0	0	0	9563
TP1_synth_reverse		83	A	930367	66	676	96	0	225	104	931534	9558	0	5	0	0	0	0	9563
TP1_synth_reverse		84	A	930609	89	261	198	0	256	81	931494	9561	0	2	0	0	0	0	9563
TP1_synth_reverse		85	G	194	327	287	930300	3	111	160	931382	0	0	1	9562	0	0	0	9563
TP1_synth_reverse		86	C	780	930243	70	36	37	83	85	931334	1	9561	1	0	0	0	0	9563
TP1_synth_reverse		87	T	1310	105	188	54	0	320	929290	931267	1	0	2	0	0	0	9560	9563
TP1_synth_reverse		88	G	222	545	335	929569	121	173	230	931195	1	0	3	9559	0	0	0	9563
TP1_synth_reverse		89	T	698	108	233	26	0	60	930020	931145	0	0	1	0	0	0	9562	9563
TP1_synth_reverse		90	T	611	118	1	89	1	88	929759	930667	0	0	0	0	0	0	9563	9563
TP1_synth_reverse		91	C	584	929199	0	326	1	303	170	930583	0	9560	0	2	0	0	1	9563
TP1_synth_reverse		92	C	470	928220	0	245	0	422	321	929678	1	9559	0	2	0	0	1	9563
TP1_synth_reverse		93	G	334	365	0	927671	0	188	208	928766	1	0	0	9561	0	0	1	9563
TP1_synth_reverse		94	T	559	123	0	57	0	84	927681	928504	0	0	0	0	0	0	9563	9563
TP1_synth_reverse		95	C	0	927760	0	0	0	176	0	927936	0	9563	0	0	0	0	0	9563
TP1_synth_reverse		96	C	0	926952	0	0	0	116	0	927068	0	9562	0	0	0	0	0	9562
TP1_synth_reverse		97	C	0	925596	0	0	0	167	0	925763	0	9562	0	0	0	0	0	9562
TP1_synth_reverse		98	A	922266	0	0	0	0	0	0	922266	9562	0	0	0	0	0	0	9562
TP1_synth_reverse		99	G	0	0	0	920083	0	0	0	920083	0	0	0	9562	0	0	0	9562
