



























































































































































































































#AmpliconChromStart	Alias	Position	ProbableRef	rawA	rawC	rawD	rawG	rawI	rawN	rawT	rawDepth	consA	consC	consD	consG	consI	consN	consT	consDepth	
TP1_synth_reverse		1	G	0	0	0	920917	0	0	0	920917	0	0	0	69488	0	0	0	69488
TP1_synth_reverse		2	T	0	0	0	0	0	0	923057	923057	0	0	0	0	0	0	69978	69978
TP1_synth_reverse		3	G	0	0	0	926645	0	111	0	926756	0	0	0	70560	0	36	0	70596
TP1_synth_reverse		4	G	0	0	0	927692	0	70	0	927762	0	0	0	71012	0	34	0	71046
TP1_synth_reverse		5	T	0	0	0	0	0	23	928501	928524	0	0	0	0	0	18	71311	71329
TP1_synth_reverse		6	G	113	89	0	929039	0	16	308	929565	2	8	0	71698	0	7	22	71737
TP1_synth_reverse		7	A	929649	24	0	111	0	82	156	930022	71739	2	0	7	0	32	7	71787
TP1_synth_reverse		8	G	158	66	0	930746	0	107	466	931543	10	6	0	71797	0	26	30	71869
TP1_synth_reverse		9	G	197	145	0	931050	36	32	307	931767	10	35	0	71838	1	5	22	71911
TP1_synth_reverse		10	C	319	931238	18	28	21	32	143	931799	48	71869	2	1	2	1	8	71931
TP1_synth_reverse		11	T	197	231	422	15	909	35	930014	931823	33	12	23	1	42	3	71840	71954
TP1_synth_reverse		12	C	304	929984	1262	33	2	80	172	931837	60	71783	74	3	0	35	7	71962
TP1_synth_reverse		13	C	478	931110	2	29	2	116	100	931837	78	71826	0	1	0	50	7	71962
TP1_synth_reverse		14	C	405	931206	0	22	1	44	169	931847	55	71887	0	1	0	19	10	71972
TP1_synth_reverse		15	C	399	930465	197	42	552	77	115	931847	61	71839	10	2	17	36	7	71972
TP1_synth_reverse		16	T	341	93	1493	18	2	229	929691	931867	75	5	110	1	0	59	71739	71989
TP1_synth_reverse		17	T	339	225	508	6	0	63	930726	931867	64	18	25	3	0	27	71852	71989
TP1_synth_reverse		18	T	356	147	331	7	251	79	930696	931867	81	8	23	0	12	15	71850	71989
TP1_synth_reverse		19	C	382	930141	616	26	502	87	228	931982	119	71714	42	1	54	31	41	72002
TP1_synth_reverse		20	T	272	85	1349	21	0	35	930220	931982	55	5	107	1	0	15	71819	72002
TP1_synth_reverse		21	T	474	180	545	62	1908	117	928696	931982	116	14	39	6	138	10	71679	72002
TP1_synth_reverse		22	G	815	401	1156	929177	142	28	271	931990	31	139	70	71706	13	5	44	72008
TP1_synth_reverse		23	C	577	926424	645	61	3447	33	810	931997	143	71533	51	5	218	6	56	72012
TP1_synth_reverse		24	G	509	183	1316	929150	4	53	782	931997	23	41	129	71685	1	23	110	72012
TP1_synth_reverse		25	G	205	629	1025	929085	180	142	745	932011	23	150	61	71641	25	33	85	72018
TP1_synth_reverse		26	A	928450	11	1459	179	1768	45	127	932039	71757	2	107	7	123	23	10	72029
TP1_synth_reverse		27	G	88	774	536	930283	70	38	250	932039	6	146	51	71711	5	21	89	72029
TP1_synth_reverse		28	A	930184	239	1152	133	165	32	134	932039	71880	21	83	7	17	14	7	72029
TP1_synth_reverse		29	T	290	173	1410	118	0	166	929882	932039	61	13	109	16	0	51	71779	72029
TP1_synth_reverse		30	T	950	182	849	90	2	130	929836	932039	291	12	74	12	2	20	71618	72029
TP1_synth_reverse		31	C	519	930366	838	44	2	82	172	932023	143	71760	72	0	1	32	9	72017
TP1_synth_reverse		32	T	563	251	1313	53	66	382	929387	932015	98	21	110	7	10	39	71726	72011
TP1_synth_reverse		33	C	526	929568	1338	49	152	139	241	932013	173	71694	97	3	8	19	16	72010
TP1_synth_reverse		34	T	769	290	1025	91	0	107	929676	931958	164	13	82	11	0	14	71732	72016
TP1_synth_reverse		35	T	1441	163	875	62	259	86	929055	931941	402	12	67	6	18	26	71480	72011
TP1_synth_reverse		36	C	534	928935	2120	25	1	70	255	931940	131	71708	138	0	0	16	18	72011
TP1_synth_reverse		37	C	569	929266	891	50	261	87	635	931759	106	71747	72	5	13	15	48	72006
TP1_synth_reverse		38	T	675	587	1180	242	38	26	929000	931748	181	30	83	24	3	20	71657	71998
TP1_synth_reverse		39	C	416	929450	1352	44	2	92	365	931721	106	71747	93	2	1	22	17	71988
TP1_synth_reverse		40	T	1261	226	1633	30	1891	164	926513	931718	261	12	110	5	129	22	71447	71986
TP1_synth_reverse		41	G	641	557	1879	928060	9	32	409	931587	90	152	115	71525	3	3	89	71977
TP1_synth_reverse		42	T	2237	342	1131	27	852	77	926967	931633	526	25	103	3	47	17	71276	71997
TP1_synth_reverse		43	G	1147	456	1145	928020	124	396	510	931798	94	110	73	71571	12	38	102	72000
TP1_synth_reverse		44	C	519	925938	2630	62	855	169	1620	931793	127	71510	142	0	69	37	114	71999
TP1_synth_reverse		45	G	566	361	1773	926810	674	67	1454	931705	25	113	118	71458	45	35	199	71993
TP1_synth_reverse		46	C	792	927156	2992	51	2	10	699	931702	300	71455	161	9	1	4	60	71990
TP1_synth_reverse		47	C	354	928636	1502	42	622	39	503	931698	66	71740	68	5	40	23	45	71987
TP1_synth_reverse		48	G	456	646	1717	927728	111	55	960	931673	31	215	82	71457	5	22	158	71970
TP1_synth_reverse		49	A	929095	60	1897	267	6	215	135	931675	71906	7	94	18	3	34	6	72068
TP1_synth_reverse		50	T	1151	231	2188	401	34	131	927389	931525	243	7	124	23	2	19	71620	72038
TP1_synth_reverse		51	A	928745	83	2124	146	151	145	144	931538	71839	20	123	13	4	39	9	72047
TP1_synth_reverse		52	C	550	928237	1826	189	145	304	225	931476	178	71657	123	37	10	15	16	72036
TP1_synth_reverse		53	A	927050	22	2900	191	641	331	281	931416	71738	4	173	16	54	35	11	72031
TP1_synth_reverse		54	G	440	254	2271	927813	278	108	238	931402	40	59	133	71722	14	22	38	72028
TP1_synth_reverse		55	A	927428	203	3385	289	0	147	100	931552	71792	24	197	11	0	14	4	72042
TP1_synth_reverse		56	A	929788	13	1247	174	0	119	322	931663	71905	2	85	13	0	18	32	72055
TP1_synth_reverse		57	T	1792	75	1503	259	80	264	927657	931630	343	3	114	35	8	40	71499	72042
TP1_synth_reverse		58	A	929748	20	1285	111	9	307	160	931640	71738	3	114	3	1	173	12	72044
TP1_synth_reverse		59	T	987	169	1481	99	128	403	928347	931614	219	10	132	9	7	67	71581	72025
TP1_synth_reverse		60	C	863	928210	1808	189	2	268	260	931600	208	71605	145	5	0	32	26	72021
TP1_synth_reverse		61	T	1268	155	1776	54	216	245	927872	931586	232	10	162	7	8	52	71545	72016
TP1_synth_reverse		62	G	661	267	1905	927945	10	365	414	931567	75	44	151	71402	6	179	149	72006
TP1_synth_reverse		63	T	2131	81	2292	15	0	208	926835	931562	501	0	174	2	0	66	71260	72003
TP1_synth_reverse		64	T	1906	424	1731	27	1	57	927542	931688	365	10	122	3	0	10	71500	72010
TP1_synth_reverse		65	C	1209	926633	2973	47	358	161	292	931673	245	71487	197	2	31	20	21	72003
TP1_synth_reverse		66	G	764	393	2285	927557	0	73	595	931667	72	100	161	71555	0	8	103	71999
TP1_synth_reverse		67	C	924	927706	2528	54	1	236	126	931575	287	71472	191	8	0	23	6	71987
TP1_synth_reverse		68	A	928129	252	2778	155	0	103	83	931500	71723	33	200	12	0	17	4	71989
TP1_synth_reverse		69	C	324	927140	3143	46	2	70	1198	931923	74	71669	189	3	0	6	66	72007
TP1_synth_reverse		70	T	1159	281	2742	53	56	115	927502	931908	278	14	159	6	7	18	71518	72000
TP1_synth_reverse		71	C	397	926523	4265	31	0	339	348	931903	92	71575	233	0	0	76	23	71999
TP1_synth_reverse		72	C	753	927935	2332	54	383	154	280	931891	238	71514	145	5	11	64	18	71995
TP1_synth_reverse		73	G	663	521	2884	927141	2	342	326	931879	52	135	207	71333	2	198	60	71987
TP1_synth_reverse		74	A	928318	77	2992	148	48	134	104	931821	71676	7	210	13	5	57	12	71980
TP1_synth_reverse		75	G	293	448	3279	927445	0	90	256	931811	32	88	208	71594	0	21	34	71977
TP1_synth_reverse		76	T	962	180	2800	58	302	67	927420	931789	240	15	191	15	21	3	71479	71964
TP1_synth_reverse		77	G	935	372	2244	927657	140	77	342	931767	54	89	151	71567	8	11	72	71952
TP1_synth_reverse		78	C	517	926106	2175	148	488	487	1838	931759	86	71482	163	9	31	62	115	71948
TP1_synth_reverse		79	G	485	597	3183	926498	2	149	751	931665	30	202	218	71392	0	17	76	71935
TP1_synth_reverse		80	G	1085	288	987	928584	0	140	557	931641	61	80	80	71588	0	31	76	71916
TP1_synth_reverse		81	C	467	929000	1401	115	132	120	391	931626	63	71703	94	4	2	19	25	71910
TP1_synth_reverse		82	A	927681	244	3235	148	0	70	149	931527	71579	9	203	6	0	13	6	71816
TP1_synth_reverse		83	A	930358	66	676	96	0	225	104	931525	71707	6	59	7	0	34	3	71816
TP1_synth_reverse		84	A	930600	89	261	198	0	256	81	931485	71723	11	19	11	0	42	5	71811
TP1_synth_reverse		85	G	194	327	287	930293	3	111	159	931374	32	93	14	71567	2	34	27	71769
TP1_synth_reverse		86	C	778	930237	70	36	37	83	85	931326	105	71620	7	2	3	8	5	71750
TP1_synth_reverse		87	T	1310	105	188	54	0	320	929281	931258	271	5	12	3	0	33	71403	71727
TP1_synth_reverse		88	G	222	544	335	929562	121	173	230	931187	18	50	19	71521	3	23	62	71696
TP1_synth_reverse		89	T	697	108	233	26	0	60	930013	931137	91	0	11	4	0	16	71553	71675
TP1_synth_reverse		90	T	610	117	1	89	1	88	929753	930659	87	6	0	3	1	9	71533	71639
TP1_synth_reverse		91	C	585	929190	0	326	1	303	170	930575	118	71442	0	18	0	38	9	71625
TP1_synth_reverse		92	C	470	928212	0	245	0	422	321	929670	59	71415	0	14	0	57	18	71563
TP1_synth_reverse		93	G	334	365	0	927662	0	188	209	928758	25	83	0	71311	0	36	32	71487
TP1_synth_reverse		94	T	559	123	0	57	0	84	927673	928496	91	5	0	8	0	12	71349	71465
TP1_synth_reverse		95	C	0	927752	0	0	0	176	0	927928	0	71385	0	0	0	15	0	71400
TP1_synth_reverse		96	C	0	926944	0	0	0	116	0	927060	0	71294	0	0	0	24	0	71318
TP1_synth_reverse		97	C	0	925588	0	0	0	167	0	925755	0	71146	0	0	0	52	0	71198
TP1_synth_reverse		98	A	922250	0	0	0	0	0	0	922250	71023	0	0	0	0	0	0	71023
TP1_synth_reverse		99	G	0	0	0	920066	0	0	0	920066	0	0	0	70844	0	0	0	70844
