



























































































































































































































#AmpliconChromStart	Alias	Position	ProbableRef	rawA	rawC	rawD	rawG	rawI	rawN	rawT	rawDepth	consA	consC	consD	consG	consI	consN	consT	consDepth	
TP1_synth_reverse		1	G	0	0	0	920917	0	0	0	920917	0	0	0	14378	0	0	0	14378
TP1_synth_reverse		2	T	0	0	0	0	0	0	923057	923057	0	0	0	0	0	0	14394	14394
TP1_synth_reverse		3	G	0	0	0	926645	0	111	0	926756	0	0	0	14439	0	0	0	14439
TP1_synth_reverse		4	G	0	0	0	927692	0	70	0	927762	0	0	0	14454	0	0	0	14454
TP1_synth_reverse		5	T	0	0	0	0	0	23	928501	928524	0	0	0	0	0	0	14461	14461
TP1_synth_reverse		6	G	113	89	0	929039	0	16	308	929565	0	0	0	14465	0	0	3	14468
TP1_synth_reverse		7	A	929649	24	0	111	0	82	156	930022	14474	0	0	0	0	0	0	14474
TP1_synth_reverse		8	G	158	66	0	930746	0	107	466	931543	1	0	0	14490	0	0	5	14496
TP1_synth_reverse		9	G	197	145	0	931050	36	32	307	931767	2	0	0	14498	0	0	2	14502
TP1_synth_reverse		10	C	319	931238	18	28	21	32	143	931799	1	14500	0	0	1	0	1	14503
TP1_synth_reverse		11	T	197	231	422	15	909	35	930014	931823	0	1	4	0	9	0	14489	14503
TP1_synth_reverse		12	C	304	929984	1262	33	2	80	172	931837	0	14488	15	0	0	0	0	14503
TP1_synth_reverse		13	C	478	931110	2	29	2	116	100	931837	0	14503	0	0	0	0	0	14503
TP1_synth_reverse		14	C	405	931206	0	22	1	44	169	931847	0	14503	0	0	0	0	0	14503
TP1_synth_reverse		15	C	399	930476	197	42	552	77	115	931858	1	14494	4	0	4	0	0	14503
TP1_synth_reverse		16	T	341	93	1493	18	2	229	929702	931878	0	0	18	0	0	0	14485	14503
TP1_synth_reverse		17	T	339	225	508	6	0	63	930737	931878	0	2	8	0	0	0	14493	14503
TP1_synth_reverse		18	T	356	147	331	7	251	79	930711	931882	0	0	6	0	3	0	14494	14503
TP1_synth_reverse		19	C	382	930156	616	26	502	87	228	931997	0	14484	10	0	6	0	4	14504
TP1_synth_reverse		20	T	273	85	1349	21	0	35	930234	931997	1	0	19	0	0	0	14484	14504
TP1_synth_reverse		21	T	474	180	545	62	1908	117	928711	931997	0	1	11	0	27	0	14465	14504
TP1_synth_reverse		22	G	815	401	1156	929192	142	28	271	932005	5	0	18	14479	2	0	0	14504
TP1_synth_reverse		23	C	580	926436	645	61	3447	33	810	932012	0	14438	12	1	44	0	9	14504
TP1_synth_reverse		24	G	509	183	1316	929164	4	53	783	932012	1	1	23	14477	0	0	2	14504
TP1_synth_reverse		25	G	205	629	1025	929099	180	142	746	932026	1	0	15	14485	1	0	3	14505
TP1_synth_reverse		26	A	928465	11	1459	179	1768	45	127	932054	14465	0	18	0	24	0	0	14507
TP1_synth_reverse		27	G	88	775	536	930297	70	38	250	932054	0	0	7	14499	1	0	0	14507
TP1_synth_reverse		28	A	930199	239	1152	133	165	32	134	932054	14488	2	14	1	2	0	0	14507
TP1_synth_reverse		29	T	291	173	1410	118	0	166	929896	932054	0	1	19	0	0	0	14487	14507
TP1_synth_reverse		30	T	951	182	849	90	2	130	929850	932054	0	2	12	1	0	0	14492	14507
TP1_synth_reverse		31	C	520	930380	838	44	2	82	172	932038	0	14492	14	0	0	0	1	14507
TP1_synth_reverse		32	T	563	251	1313	53	66	382	929402	932030	0	4	19	0	1	0	14483	14507
TP1_synth_reverse		33	C	527	929581	1338	49	152	139	241	932027	1	14482	18	0	3	0	3	14507
TP1_synth_reverse		34	T	771	290	1025	91	0	107	929688	931972	0	2	19	0	0	0	14487	14508
TP1_synth_reverse		35	T	1441	163	875	62	259	86	929069	931955	0	1	16	0	3	0	14488	14508
TP1_synth_reverse		36	C	535	928948	2120	25	1	70	255	931954	0	14474	30	0	0	0	4	14508
TP1_synth_reverse		37	C	569	929275	891	50	261	87	635	931768	0	14481	17	0	2	0	7	14507
TP1_synth_reverse		38	T	675	587	1180	242	38	26	929009	931757	0	5	18	0	1	0	14483	14507
TP1_synth_reverse		39	C	416	929459	1352	44	2	92	365	931730	0	14483	20	0	0	0	3	14506
TP1_synth_reverse		40	T	1261	226	1633	30	1891	164	926522	931727	0	2	25	0	26	0	14453	14506
TP1_synth_reverse		41	G	642	557	1879	928068	9	32	409	931596	1	0	30	14474	0	0	1	14506
TP1_synth_reverse		42	T	2238	342	1131	27	852	77	926975	931642	0	3	15	0	10	0	14479	14507
TP1_synth_reverse		43	G	1148	456	1145	928028	124	396	510	931807	6	0	12	14487	2	0	2	14509
TP1_synth_reverse		44	C	519	925947	2630	62	855	169	1620	931802	0	14454	25	0	14	0	16	14509
TP1_synth_reverse		45	G	567	360	1773	926818	674	67	1455	931714	4	0	22	14474	7	0	2	14509
TP1_synth_reverse		46	C	795	927162	2992	51	2	10	699	931711	0	14467	33	0	1	0	8	14509
TP1_synth_reverse		47	C	354	928645	1502	42	622	39	503	931707	0	14478	18	0	10	0	3	14509
TP1_synth_reverse		48	G	456	645	1717	927735	111	55	963	931682	4	2	19	14483	1	0	0	14509
TP1_synth_reverse		49	A	929104	60	1897	267	6	215	135	931684	14486	0	21	1	0	0	0	14508
TP1_synth_reverse		50	T	1153	231	2188	401	34	131	927396	931534	2	1	30	2	0	0	14470	14505
TP1_synth_reverse		51	A	928754	83	2124	146	151	145	144	931547	14472	1	29	2	2	0	0	14506
TP1_synth_reverse		52	C	549	928247	1826	189	145	304	225	931485	0	14476	24	1	2	0	2	14505
TP1_synth_reverse		53	A	927066	22	2900	191	641	331	281	931432	14458	0	36	0	10	0	1	14505
TP1_synth_reverse		54	G	441	254	2271	927827	278	108	238	931417	4	0	28	14470	3	0	0	14505
TP1_synth_reverse		55	A	927443	203	3385	289	0	147	100	931567	14465	1	40	1	0	0	0	14507
TP1_synth_reverse		56	A	929803	13	1247	174	0	119	322	931678	14489	0	19	0	0	0	1	14509
TP1_synth_reverse		57	T	1792	75	1503	260	80	264	927671	931645	0	0	26	0	1	0	14482	14509
TP1_synth_reverse		58	A	929763	20	1285	111	9	307	160	931655	14483	0	26	0	1	0	0	14510
TP1_synth_reverse		59	T	986	169	1481	99	128	403	928363	931629	0	1	26	0	2	0	14481	14510
TP1_synth_reverse		60	C	862	928226	1808	189	2	268	260	931615	1	14473	33	1	0	0	2	14510
TP1_synth_reverse		61	T	1269	155	1776	53	216	245	927887	931601	0	1	32	0	1	0	14476	14510
TP1_synth_reverse		62	G	661	267	1905	927960	10	365	414	931582	4	0	34	14471	0	0	1	14510
TP1_synth_reverse		63	T	2131	81	2292	15	0	208	926850	931577	0	0	33	0	0	0	14477	14510
TP1_synth_reverse		64	T	1908	424	1731	27	1	57	927555	931703	0	3	30	0	0	0	14479	14512
TP1_synth_reverse		65	C	1209	926648	2973	47	358	161	292	931688	0	14463	43	0	5	0	1	14512
TP1_synth_reverse		66	G	764	393	2285	927572	0	73	595	931682	4	0	36	14469	0	0	3	14512
TP1_synth_reverse		67	C	927	927718	2528	54	1	236	126	931590	0	14475	37	0	0	0	0	14512
TP1_synth_reverse		68	A	928144	252	2778	155	0	103	83	931515	14470	0	43	0	0	0	0	14513
TP1_synth_reverse		69	C	324	927155	3143	46	2	70	1198	931938	0	14471	36	0	0	0	9	14516
TP1_synth_reverse		70	T	1160	281	2742	52	56	115	927517	931923	0	3	29	0	1	0	14483	14516
TP1_synth_reverse		71	C	399	926536	4265	31	0	339	348	931918	1	14465	47	0	0	0	3	14516
TP1_synth_reverse		72	C	755	927948	2332	54	383	154	280	931906	0	14484	31	0	1	0	0	14516
TP1_synth_reverse		73	G	663	522	2884	927155	2	342	326	931894	6	0	37	14473	0	0	0	14516
TP1_synth_reverse		74	A	928333	77	2992	148	48	134	104	931836	14475	1	37	1	1	0	1	14516
TP1_synth_reverse		75	G	293	449	3279	927459	0	90	256	931826	3	0	39	14472	0	0	2	14516
TP1_synth_reverse		76	T	962	180	2800	58	302	67	927435	931804	0	3	32	0	3	0	14478	14516
TP1_synth_reverse		77	G	935	372	2244	927672	140	77	342	931782	4	0	23	14487	0	0	2	14516
TP1_synth_reverse		78	C	518	926120	2175	148	488	487	1838	931774	0	14465	30	1	4	0	16	14516
TP1_synth_reverse		79	G	485	596	3183	926513	2	149	752	931680	1	1	33	14475	0	0	3	14513
TP1_synth_reverse		80	G	1085	288	987	928598	0	140	558	931656	7	0	14	14490	0	0	2	14513
TP1_synth_reverse		81	C	467	929015	1401	115	132	120	391	931641	4	14491	17	0	0	0	1	14513
TP1_synth_reverse		82	A	927696	244	3235	148	0	70	149	931542	14481	2	30	0	0	0	0	14513
TP1_synth_reverse		83	A	930373	66	676	96	0	225	104	931540	14504	0	9	0	0	0	0	14513
TP1_synth_reverse		84	A	930615	89	261	198	0	256	81	931500	14510	0	3	0	0	0	0	14513
TP1_synth_reverse		85	G	194	327	287	930306	3	111	160	931388	1	0	1	14511	0	0	0	14513
TP1_synth_reverse		86	C	780	930249	70	36	37	83	85	931340	1	14511	1	0	0	0	0	14513
TP1_synth_reverse		87	T	1310	105	188	54	0	320	929295	931272	1	0	2	0	0	0	14510	14513
TP1_synth_reverse		88	G	222	545	335	929575	121	173	230	931201	1	0	3	14508	1	0	0	14513
TP1_synth_reverse		89	T	698	108	233	26	0	60	930026	931151	0	0	3	0	0	0	14510	14513
TP1_synth_reverse		90	T	611	117	1	89	1	88	929766	930673	0	0	0	0	0	0	14512	14512
TP1_synth_reverse		91	C	585	929203	0	326	1	303	170	930588	0	14508	0	3	0	0	1	14512
TP1_synth_reverse		92	C	470	928225	0	245	0	422	321	929683	1	14506	0	2	0	0	1	14510
TP1_synth_reverse		93	G	334	365	0	927676	0	188	208	928771	2	0	0	14507	0	0	1	14510
TP1_synth_reverse		94	T	559	123	0	57	0	84	927686	928509	0	0	0	0	0	0	14510	14510
TP1_synth_reverse		95	C	0	927764	0	0	0	176	0	927940	0	14510	0	0	0	0	0	14510
TP1_synth_reverse		96	C	0	926956	0	0	0	116	0	927072	0	14508	0	0	0	0	0	14508
TP1_synth_reverse		97	C	0	925600	0	0	0	167	0	925767	0	14507	0	0	0	0	0	14507
TP1_synth_reverse		98	A	922262	0	0	0	0	0	0	922262	14504	0	0	0	0	0	0	14504
TP1_synth_reverse		99	G	0	0	0	920078	0	0	0	920078	0	0	0	14500	0	0	0	14500
