



























































































































































































































#AmpliconChromStart	Alias	Position	ProbableRef	rawA	rawC	rawD	rawG	rawI	rawN	rawT	rawDepth	consA	consC	consD	consG	consI	consN	consT	consDepth	
TP1_synth_reverse		1	G	0	0	0	920917	0	0	0	920917	0	0	0	8110	0	0	0	8110
TP1_synth_reverse		2	T	0	0	0	0	0	0	923057	923057	0	0	0	0	0	0	8119	8119
TP1_synth_reverse		3	G	0	0	0	926645	0	111	0	926756	0	0	0	8146	0	0	0	8146
TP1_synth_reverse		4	G	0	0	0	927692	0	70	0	927762	0	0	0	8152	0	0	0	8152
TP1_synth_reverse		5	T	0	0	0	0	0	23	928501	928524	0	0	0	0	0	0	8157	8157
TP1_synth_reverse		6	G	113	89	0	929039	0	16	308	929565	0	0	0	8160	0	0	2	8162
TP1_synth_reverse		7	A	929649	24	0	111	0	82	156	930022	8166	0	0	0	0	0	0	8166
TP1_synth_reverse		8	G	158	66	0	930746	0	107	466	931543	1	0	0	8176	0	0	4	8181
TP1_synth_reverse		9	G	197	145	0	931050	36	32	307	931767	1	0	0	8182	0	0	1	8184
TP1_synth_reverse		10	C	319	931238	18	28	21	32	143	931799	1	8183	0	0	0	0	0	8184
TP1_synth_reverse		11	T	197	231	422	15	909	35	930014	931823	0	1	3	0	8	0	8172	8184
TP1_synth_reverse		12	C	304	929984	1262	33	2	80	172	931837	0	8175	9	0	0	0	0	8184
TP1_synth_reverse		13	C	478	931110	2	29	2	116	100	931837	0	8184	0	0	0	0	0	8184
TP1_synth_reverse		14	C	405	931206	0	22	1	44	169	931847	0	8184	0	0	0	0	0	8184
TP1_synth_reverse		15	C	399	930476	197	42	552	77	115	931858	1	8176	3	0	4	0	0	8184
TP1_synth_reverse		16	T	341	93	1493	18	2	229	929702	931878	0	0	11	0	0	0	8173	8184
TP1_synth_reverse		17	T	339	225	508	6	0	63	930737	931878	0	1	5	0	0	0	8178	8184
TP1_synth_reverse		18	T	356	147	331	7	251	79	930707	931878	0	0	3	0	3	0	8178	8184
TP1_synth_reverse		19	C	382	930152	616	26	502	87	228	931993	0	8176	4	0	5	0	0	8185
TP1_synth_reverse		20	T	273	85	1349	21	0	35	930230	931993	1	0	11	0	0	0	8173	8185
TP1_synth_reverse		21	T	474	180	545	62	1908	117	928707	931993	0	0	6	0	13	0	8166	8185
TP1_synth_reverse		22	G	815	401	1156	929180	142	28	271	931993	4	0	9	8171	1	0	0	8185
TP1_synth_reverse		23	C	579	926425	645	61	3447	33	810	932000	0	8141	7	0	31	0	6	8185
TP1_synth_reverse		24	G	509	183	1316	929152	4	53	783	932000	1	0	12	8170	0	0	2	8185
TP1_synth_reverse		25	G	205	629	1025	929087	180	142	746	932014	1	0	11	8170	1	0	2	8185
TP1_synth_reverse		26	A	928453	11	1459	179	1768	45	127	932042	8154	0	13	0	18	0	0	8185
TP1_synth_reverse		27	G	88	773	536	930287	70	38	250	932042	0	0	4	8180	1	0	0	8185
TP1_synth_reverse		28	A	930187	239	1152	133	165	32	134	932042	8171	2	10	1	1	0	0	8185
TP1_synth_reverse		29	T	290	173	1410	118	0	166	929885	932042	0	1	11	0	0	0	8173	8185
TP1_synth_reverse		30	T	948	182	849	90	2	130	929841	932042	0	0	7	0	0	0	8178	8185
TP1_synth_reverse		31	C	520	930368	838	44	2	82	172	932026	0	8177	7	0	0	0	1	8185
TP1_synth_reverse		32	T	563	251	1313	53	66	382	929390	932018	0	2	12	0	1	0	8170	8185
TP1_synth_reverse		33	C	526	929571	1338	49	152	139	241	932016	1	8172	10	0	1	0	1	8185
TP1_synth_reverse		34	T	768	290	1025	91	0	107	929680	931961	0	2	9	0	0	0	8175	8186
TP1_synth_reverse		35	T	1440	163	875	62	259	86	929059	931944	0	1	7	0	2	0	8176	8186
TP1_synth_reverse		36	C	535	928937	2120	25	1	70	255	931943	0	8167	17	0	0	0	2	8186
TP1_synth_reverse		37	C	569	929269	891	50	261	87	635	931762	0	8173	8	0	2	0	3	8186
TP1_synth_reverse		38	T	675	587	1180	242	38	26	929003	931751	0	4	12	0	1	0	8169	8186
TP1_synth_reverse		39	C	416	929453	1352	44	2	92	365	931724	0	8172	12	0	0	0	2	8186
TP1_synth_reverse		40	T	1259	226	1633	30	1891	164	926518	931721	0	2	16	0	16	0	8152	8186
TP1_synth_reverse		41	G	642	557	1879	928062	9	32	409	931590	1	0	19	8165	0	0	1	8186
TP1_synth_reverse		42	T	2237	342	1131	27	852	77	926970	931636	0	3	11	0	9	0	8164	8187
TP1_synth_reverse		43	G	1148	455	1145	928023	124	396	510	931801	6	0	10	8169	1	0	2	8188
TP1_synth_reverse		44	C	519	925941	2630	62	855	169	1620	931796	0	8150	20	0	7	0	11	8188
TP1_synth_reverse		45	G	567	361	1773	926811	674	67	1455	931708	3	0	15	8163	5	0	2	8188
TP1_synth_reverse		46	C	794	927152	2992	51	2	10	699	931700	0	8158	23	0	0	0	7	8188
TP1_synth_reverse		47	C	354	928656	1502	42	622	39	503	931718	0	8168	12	0	6	0	2	8188
TP1_synth_reverse		48	G	457	645	1717	927747	111	55	961	931693	1	0	12	8174	1	0	0	8188
TP1_synth_reverse		49	A	929115	60	1897	267	6	215	135	931695	8170	0	16	1	0	0	0	8187
TP1_synth_reverse		50	T	1152	231	2188	401	34	131	927408	931545	2	1	18	2	0	0	8164	8187
TP1_synth_reverse		51	A	928765	83	2124	146	151	145	144	931558	8166	0	20	0	1	0	0	8187
TP1_synth_reverse		52	C	552	928255	1826	189	145	304	225	931496	0	8168	15	1	1	0	1	8186
TP1_synth_reverse		53	A	927077	22	2900	191	641	331	281	931443	8154	0	26	0	5	0	1	8186
TP1_synth_reverse		54	G	440	254	2271	927840	278	108	238	931429	2	0	20	8162	2	0	0	8186
TP1_synth_reverse		55	A	927455	203	3385	289	0	147	100	931579	8154	1	31	1	0	0	0	8187
TP1_synth_reverse		56	A	929815	13	1247	174	0	119	322	931690	8175	0	13	0	0	0	1	8189
TP1_synth_reverse		57	T	1790	75	1503	259	80	264	927686	931657	0	0	15	0	1	0	8173	8189
TP1_synth_reverse		58	A	929775	20	1285	111	9	307	160	931667	8177	0	12	0	0	0	0	8189
TP1_synth_reverse		59	T	986	169	1481	99	128	403	928375	931641	0	1	15	0	1	0	8172	8189
TP1_synth_reverse		60	C	863	928237	1808	189	2	268	260	931627	0	8172	15	1	0	0	1	8189
TP1_synth_reverse		61	T	1269	155	1775	54	216	245	927899	931613	0	1	15	0	1	0	8172	8189
TP1_synth_reverse		62	G	660	267	1904	927974	10	365	414	931594	3	0	15	8171	0	0	0	8189
TP1_synth_reverse		63	T	2131	81	2291	15	0	208	926863	931589	0	0	16	0	0	0	8173	8189
TP1_synth_reverse		64	T	1908	424	1731	27	1	57	927567	931715	0	2	16	0	0	0	8173	8191
TP1_synth_reverse		65	C	1209	926660	2973	47	358	161	292	931700	0	8164	23	0	3	0	1	8191
TP1_synth_reverse		66	G	763	393	2285	927585	0	73	595	931694	3	0	20	8166	0	0	2	8191
TP1_synth_reverse		67	C	927	927730	2528	54	1	236	126	931602	0	8168	23	0	0	0	0	8191
TP1_synth_reverse		68	A	928141	252	2778	155	0	103	83	931512	8166	0	25	0	0	0	0	8191
TP1_synth_reverse		69	C	324	927152	3143	46	2	70	1198	931935	0	8161	25	0	0	0	7	8193
TP1_synth_reverse		70	T	1159	281	2742	53	56	115	927514	931920	0	1	18	0	0	0	8174	8193
TP1_synth_reverse		71	C	399	926533	4265	31	0	339	348	931915	0	8165	26	0	0	0	2	8193
TP1_synth_reverse		72	C	755	927945	2332	54	383	154	280	931903	0	8177	15	0	1	0	0	8193
TP1_synth_reverse		73	G	663	521	2884	927153	2	342	326	931891	3	0	20	8170	0	0	0	8193
TP1_synth_reverse		74	A	928330	77	2992	148	48	134	104	931833	8168	1	22	0	1	0	1	8193
TP1_synth_reverse		75	G	293	448	3279	927457	0	90	256	931823	2	0	26	8163	0	0	2	8193
TP1_synth_reverse		76	T	963	180	2800	58	302	67	927431	931801	0	0	21	0	2	0	8170	8193
TP1_synth_reverse		77	G	935	372	2244	927668	140	77	343	931779	4	0	15	8174	0	0	0	8193
TP1_synth_reverse		78	C	517	926118	2175	148	488	487	1838	931771	0	8166	15	0	3	0	9	8193
TP1_synth_reverse		79	G	485	597	3183	926509	2	149	752	931677	1	1	22	8166	0	0	3	8193
TP1_synth_reverse		80	G	1085	288	987	928595	0	140	558	931653	6	0	7	8178	0	0	2	8193
TP1_synth_reverse		81	C	467	929012	1401	115	132	120	391	931638	1	8184	8	0	0	0	0	8193
TP1_synth_reverse		82	A	927693	244	3235	148	0	70	149	931539	8171	2	20	0	0	0	0	8193
TP1_synth_reverse		83	A	930370	66	676	96	0	225	104	931537	8190	0	3	0	0	0	0	8193
TP1_synth_reverse		84	A	930612	89	261	198	0	256	81	931497	8192	0	1	0	0	0	0	8193
TP1_synth_reverse		85	G	194	327	287	930304	3	111	159	931385	0	0	1	8192	0	0	0	8193
TP1_synth_reverse		86	C	780	930246	70	36	37	83	85	931337	1	8192	0	0	0	0	0	8193
TP1_synth_reverse		87	T	1309	105	188	54	0	320	929294	931270	1	0	1	0	0	0	8191	8193
TP1_synth_reverse		88	G	222	545	335	929573	121	173	230	931199	1	0	3	8189	0	0	0	8193
TP1_synth_reverse		89	T	698	108	233	26	0	60	930024	931149	0	0	1	0	0	0	8192	8193
TP1_synth_reverse		90	T	611	118	1	89	1	88	929763	930671	0	0	0	0	0	0	8193	8193
TP1_synth_reverse		91	C	584	929202	0	326	1	303	170	930586	0	8190	0	2	0	0	1	8193
TP1_synth_reverse		92	C	470	928223	0	245	0	422	321	929681	0	8191	0	1	0	0	1	8193
TP1_synth_reverse		93	G	334	365	0	927673	0	188	209	928769	0	0	0	8192	0	0	1	8193
TP1_synth_reverse		94	T	559	123	0	57	0	84	927684	928507	0	0	0	0	0	0	8193	8193
TP1_synth_reverse		95	C	0	927764	0	0	0	176	0	927940	0	8193	0	0	0	0	0	8193
TP1_synth_reverse		96	C	0	926956	0	0	0	116	0	927072	0	8193	0	0	0	0	0	8193
TP1_synth_reverse		97	C	0	925600	0	0	0	167	0	925767	0	8193	0	0	0	0	0	8193
TP1_synth_reverse		98	A	922270	0	0	0	0	0	0	922270	8193	0	0	0	0	0	0	8193
TP1_synth_reverse		99	G	0	0	0	920087	0	0	0	920087	0	0	0	8193	0	0	0	8193
