



























































































































































































































#AmpliconChromStart	Alias	Position	ProbableRef	rawA	rawC	rawD	rawG	rawI	rawN	rawT	rawDepth	consA	consC	consD	consG	consI	consN	consT	consDepth	
TP1_synth_reverse		1	G	0	0	0	920917	0	0	0	920917	0	0	0	15342	0	0	0	15342
TP1_synth_reverse		2	T	0	0	0	0	0	0	923057	923057	0	0	0	0	0	0	15358	15358
TP1_synth_reverse		3	G	0	0	0	926645	0	111	0	926756	0	0	0	15405	0	0	0	15405
TP1_synth_reverse		4	G	0	0	0	927692	0	70	0	927762	0	0	0	15420	0	0	0	15420
TP1_synth_reverse		5	T	0	0	0	0	0	23	928501	928524	0	0	0	0	0	0	15427	15427
TP1_synth_reverse		6	G	113	89	0	929039	0	16	308	929565	0	0	0	15431	0	0	3	15434
TP1_synth_reverse		7	A	929649	24	0	111	0	82	156	930022	15441	0	0	0	0	0	0	15441
TP1_synth_reverse		8	G	158	66	0	930746	0	107	466	931543	1	0	0	15457	0	0	5	15463
TP1_synth_reverse		9	G	197	145	0	931050	36	32	307	931767	2	0	0	15465	0	0	2	15469
TP1_synth_reverse		10	C	319	931238	18	28	21	32	143	931799	1	15467	0	0	1	0	1	15470
TP1_synth_reverse		11	T	197	231	422	15	909	35	930014	931823	0	1	4	0	9	0	15456	15470
TP1_synth_reverse		12	C	304	929984	1262	33	2	80	172	931837	0	15454	16	0	0	0	0	15470
TP1_synth_reverse		13	C	478	931110	2	29	2	116	100	931837	0	15470	0	0	0	0	0	15470
TP1_synth_reverse		14	C	405	931206	0	22	1	44	169	931847	0	15470	0	0	0	0	0	15470
TP1_synth_reverse		15	C	399	930476	197	42	552	77	115	931858	1	15461	4	0	4	0	0	15470
TP1_synth_reverse		16	T	341	93	1493	18	2	229	929702	931878	0	0	19	0	0	0	15451	15470
TP1_synth_reverse		17	T	339	225	508	6	0	63	930737	931878	0	2	9	0	0	0	15459	15470
TP1_synth_reverse		18	T	356	147	331	7	251	79	930707	931878	0	0	7	0	3	0	15460	15470
TP1_synth_reverse		19	C	382	930152	616	26	502	87	228	931993	0	15450	11	0	6	0	4	15471
TP1_synth_reverse		20	T	273	85	1349	21	0	35	930230	931993	1	0	19	0	0	0	15451	15471
TP1_synth_reverse		21	T	474	180	545	62	1908	117	928707	931993	0	1	11	0	29	0	15430	15471
TP1_synth_reverse		22	G	815	401	1156	929180	142	28	271	931993	5	0	18	15446	2	0	0	15471
TP1_synth_reverse		23	C	579	926425	645	61	3447	33	810	932000	0	15400	12	1	48	0	10	15471
TP1_synth_reverse		24	G	509	183	1316	929152	4	53	783	932000	1	1	25	15442	0	0	2	15471
TP1_synth_reverse		25	G	205	629	1025	929087	180	142	746	932014	1	0	17	15450	1	0	3	15472
TP1_synth_reverse		26	A	928453	11	1459	179	1768	45	127	932042	15428	0	20	0	26	0	0	15474
TP1_synth_reverse		27	G	88	773	536	930287	70	38	250	932042	0	0	9	15464	1	0	0	15474
TP1_synth_reverse		28	A	930187	239	1152	133	165	32	134	932042	15453	2	16	1	2	0	0	15474
TP1_synth_reverse		29	T	290	173	1410	118	0	166	929885	932042	0	1	22	0	0	0	15451	15474
TP1_synth_reverse		30	T	948	182	849	90	2	130	929841	932042	0	2	15	1	0	0	15456	15474
TP1_synth_reverse		31	C	520	930368	838	44	2	82	172	932026	0	15455	18	0	0	0	1	15474
TP1_synth_reverse		32	T	563	251	1313	53	66	382	929390	932018	0	4	22	0	1	0	15447	15474
TP1_synth_reverse		33	C	526	929570	1338	49	152	139	241	932015	1	15446	21	0	3	0	3	15474
TP1_synth_reverse		34	T	768	290	1025	91	0	107	929679	931960	0	2	22	0	0	0	15451	15475
TP1_synth_reverse		35	T	1440	163	875	62	259	86	929058	931943	0	1	17	0	3	0	15454	15475
TP1_synth_reverse		36	C	535	928936	2120	25	1	70	255	931942	0	15440	31	0	0	0	4	15475
TP1_synth_reverse		37	C	569	929263	891	50	261	87	635	931756	0	15446	18	0	2	0	8	15474
TP1_synth_reverse		38	T	675	587	1180	242	38	26	928997	931745	0	5	20	0	1	0	15448	15474
TP1_synth_reverse		39	C	416	929447	1352	44	2	92	365	931718	0	15448	22	0	0	0	3	15473
TP1_synth_reverse		40	T	1259	226	1633	30	1891	164	926512	931715	0	2	27	0	26	0	15418	15473
TP1_synth_reverse		41	G	642	557	1879	928056	9	32	409	931584	1	0	33	15438	0	0	1	15473
TP1_synth_reverse		42	T	2237	342	1131	27	852	77	926964	931630	0	4	19	0	10	0	15442	15475
TP1_synth_reverse		43	G	1148	455	1145	928017	124	396	510	931795	6	0	15	15452	2	0	2	15477
TP1_synth_reverse		44	C	519	925935	2630	62	855	169	1620	931790	0	15417	28	0	14	0	18	15477
TP1_synth_reverse		45	G	567	360	1773	926806	674	67	1455	931702	4	0	25	15438	8	0	2	15477
TP1_synth_reverse		46	C	794	927151	2992	51	2	10	699	931699	0	15432	36	0	1	0	8	15477
TP1_synth_reverse		47	C	354	928655	1502	42	622	39	503	931717	0	15442	20	0	11	0	4	15477
TP1_synth_reverse		48	G	456	644	1717	927748	111	55	961	931692	4	2	21	15449	1	0	0	15477
TP1_synth_reverse		49	A	929114	60	1897	267	6	215	135	931694	15453	0	23	1	0	0	0	15477
TP1_synth_reverse		50	T	1151	231	2188	401	34	131	927408	931544	2	1	32	2	0	0	15437	15474
TP1_synth_reverse		51	A	928764	83	2124	146	151	145	144	931557	15439	1	31	2	2	0	0	15475
TP1_synth_reverse		52	C	551	928255	1826	189	145	304	225	931495	0	15443	25	1	3	0	2	15474
TP1_synth_reverse		53	A	927076	22	2900	191	641	331	281	931442	15427	0	36	0	10	0	1	15474
TP1_synth_reverse		54	G	440	254	2271	927839	278	108	238	931428	5	0	28	15438	3	0	0	15474
TP1_synth_reverse		55	A	927454	203	3385	289	0	147	100	931578	15433	1	41	1	0	0	0	15476
TP1_synth_reverse		56	A	929814	13	1247	174	0	119	322	931689	15456	0	20	0	0	0	2	15478
TP1_synth_reverse		57	T	1791	75	1503	260	80	264	927683	931656	0	0	26	0	1	0	15451	15478
TP1_synth_reverse		58	A	929774	20	1285	111	9	307	160	931666	15452	0	26	0	1	0	0	15479
TP1_synth_reverse		59	T	985	169	1481	99	128	403	928375	931640	0	1	28	0	2	0	15448	15479
TP1_synth_reverse		60	C	862	928237	1808	189	2	268	260	931626	1	15441	34	1	0	0	2	15479
TP1_synth_reverse		61	T	1269	155	1775	53	216	245	927899	931612	0	1	33	0	1	0	15444	15479
TP1_synth_reverse		62	G	660	267	1904	927973	10	365	414	931593	5	0	35	15438	0	0	1	15479
TP1_synth_reverse		63	T	2131	81	2291	15	0	208	926862	931588	0	0	36	0	0	0	15443	15479
TP1_synth_reverse		64	T	1908	424	1731	27	1	57	927566	931714	0	3	31	0	0	0	15447	15481
TP1_synth_reverse		65	C	1209	926659	2973	47	358	161	292	931699	1	15427	45	0	7	0	1	15481
TP1_synth_reverse		66	G	763	393	2285	927584	0	73	595	931693	5	0	37	15436	0	0	3	15481
TP1_synth_reverse		67	C	927	927729	2528	54	1	236	126	931601	0	15442	38	0	0	1	0	15481
TP1_synth_reverse		68	A	928155	252	2778	155	0	103	83	931526	15438	0	44	0	0	0	0	15482
TP1_synth_reverse		69	C	324	927166	3143	46	2	70	1198	931949	0	15439	37	0	0	0	9	15485
TP1_synth_reverse		70	T	1159	281	2742	52	56	115	927529	931934	0	3	30	0	1	0	15451	15485
TP1_synth_reverse		71	C	399	926547	4265	31	0	339	348	931929	1	15432	49	0	0	0	3	15485
TP1_synth_reverse		72	C	756	927958	2332	54	383	154	280	931917	0	15452	32	0	1	0	0	15485
TP1_synth_reverse		73	G	663	521	2884	927167	2	342	326	931905	7	0	38	15440	0	0	0	15485
TP1_synth_reverse		74	A	928344	77	2992	148	48	134	104	931847	15442	1	39	1	1	0	1	15485
TP1_synth_reverse		75	G	293	448	3279	927471	0	90	256	931837	3	0	40	15440	0	0	2	15485
TP1_synth_reverse		76	T	963	180	2800	58	302	67	927445	931815	0	3	34	0	3	0	15445	15485
TP1_synth_reverse		77	G	935	372	2244	927682	140	77	343	931793	4	0	25	15454	0	0	2	15485
TP1_synth_reverse		78	C	518	926131	2175	148	488	487	1838	931785	0	15430	32	1	4	0	18	15485
TP1_synth_reverse		79	G	485	597	3183	926523	2	149	752	931691	1	1	37	15440	0	0	3	15482
TP1_synth_reverse		80	G	1085	288	987	928609	0	140	558	931667	7	0	18	15454	0	0	3	15482
TP1_synth_reverse		81	C	467	929026	1401	115	132	120	391	931652	4	15456	21	0	0	0	1	15482
TP1_synth_reverse		82	A	927707	244	3235	148	0	70	149	931553	15444	2	36	0	0	0	0	15482
TP1_synth_reverse		83	A	930384	66	676	96	0	225	104	931551	15468	0	14	0	0	0	0	15482
TP1_synth_reverse		84	A	930626	89	261	198	0	256	81	931511	15478	0	4	0	0	0	0	15482
TP1_synth_reverse		85	G	194	327	287	930318	3	111	159	931399	1	0	1	15480	0	0	0	15482
TP1_synth_reverse		86	C	780	930260	70	36	37	83	85	931351	1	15480	1	0	0	0	0	15482
TP1_synth_reverse		87	T	1310	105	188	54	0	320	929307	931284	1	0	2	0	0	0	15479	15482
TP1_synth_reverse		88	G	222	545	335	929588	121	173	230	931214	1	0	3	15477	1	0	0	15482
TP1_synth_reverse		89	T	697	108	233	26	0	60	930040	931164	0	0	3	0	0	0	15479	15482
TP1_synth_reverse		90	T	611	118	1	89	1	88	929778	930686	0	0	0	0	0	0	15481	15481
TP1_synth_reverse		91	C	584	929217	0	326	1	303	170	930601	0	15477	0	3	0	0	1	15481
TP1_synth_reverse		92	C	470	928238	0	245	0	422	321	929696	1	15474	0	2	0	0	1	15478
TP1_synth_reverse		93	G	334	365	0	927689	0	188	208	928784	2	0	0	15475	0	0	1	15478
TP1_synth_reverse		94	T	559	123	0	57	0	84	927699	928522	0	0	0	0	0	0	15478	15478
TP1_synth_reverse		95	C	0	927779	0	0	0	176	0	927955	0	15478	0	0	0	0	0	15478
TP1_synth_reverse		96	C	0	926971	0	0	0	116	0	927087	0	15476	0	0	0	0	0	15476
TP1_synth_reverse		97	C	0	925615	0	0	0	167	0	925782	0	15474	0	0	0	0	0	15474
TP1_synth_reverse		98	A	922277	0	0	0	0	0	0	922277	15469	0	0	0	0	0	0	15469
TP1_synth_reverse		99	G	0	0	0	920094	0	0	0	920094	0	0	0	15464	0	0	0	15464
