



























































































































































































































#AmpliconChromStart	Alias	Position	ProbableRef	rawA	rawC	rawD	rawG	rawI	rawN	rawT	rawDepth	consA	consC	consD	consG	consI	consN	consT	consDepth	
TP1_synth_reverse		1	G	0	0	0	920917	0	0	0	920917	0	0	0	18489	0	0	0	18489
TP1_synth_reverse		2	T	0	0	0	0	0	0	923057	923057	0	0	0	0	0	0	18507	18507
TP1_synth_reverse		3	G	0	0	0	926645	0	111	0	926756	0	0	0	18562	0	0	0	18562
TP1_synth_reverse		4	G	0	0	0	927692	0	70	0	927762	0	0	0	18581	0	0	0	18581
TP1_synth_reverse		5	T	0	0	0	0	0	23	928501	928524	0	0	0	0	0	0	18588	18588
TP1_synth_reverse		6	G	113	89	0	929039	0	16	308	929565	0	0	0	18594	0	0	3	18597
TP1_synth_reverse		7	A	929649	24	0	111	0	82	156	930022	18605	0	0	0	0	0	0	18605
TP1_synth_reverse		8	G	158	66	0	930746	0	107	466	931543	1	0	0	18621	0	0	7	18629
TP1_synth_reverse		9	G	197	145	0	931050	36	32	307	931767	3	0	0	18630	0	0	2	18635
TP1_synth_reverse		10	C	319	931238	18	28	21	32	143	931799	1	18633	0	0	1	0	1	18636
TP1_synth_reverse		11	T	197	231	422	15	909	35	930014	931823	0	1	6	0	10	0	18619	18636
TP1_synth_reverse		12	C	304	929984	1262	33	2	80	172	931837	0	18616	21	0	0	0	0	18637
TP1_synth_reverse		13	C	478	931110	2	29	2	116	100	931837	0	18637	0	0	0	0	0	18637
TP1_synth_reverse		14	C	405	931206	0	22	1	44	169	931847	0	18637	0	0	0	0	0	18637
TP1_synth_reverse		15	C	399	930465	197	42	552	77	115	931847	1	18627	4	0	4	0	1	18637
TP1_synth_reverse		16	T	341	93	1493	18	2	229	929691	931867	0	0	24	0	0	0	18614	18638
TP1_synth_reverse		17	T	339	225	508	6	0	63	930726	931867	0	2	11	0	0	0	18625	18638
TP1_synth_reverse		18	T	356	147	331	7	251	79	930696	931867	0	0	8	0	3	0	18627	18638
TP1_synth_reverse		19	C	382	930141	616	26	502	87	228	931982	0	18609	13	0	8	0	9	18639
TP1_synth_reverse		20	T	272	85	1349	21	0	35	930220	931982	1	0	27	0	0	0	18611	18639
TP1_synth_reverse		21	T	474	180	545	62	1908	117	928696	931982	0	2	12	0	38	0	18587	18639
TP1_synth_reverse		22	G	815	401	1156	929177	142	28	271	931990	5	0	19	18613	2	0	0	18639
TP1_synth_reverse		23	C	577	926417	645	61	3447	33	810	931990	0	18557	13	1	57	0	11	18639
TP1_synth_reverse		24	G	509	183	1316	929143	4	53	782	931990	2	1	31	18603	0	0	2	18639
TP1_synth_reverse		25	G	205	629	1025	929078	180	142	745	932004	2	0	18	18613	2	0	5	18640
TP1_synth_reverse		26	A	928443	11	1459	179	1768	45	127	932032	18584	0	25	0	33	0	0	18642
TP1_synth_reverse		27	G	88	774	536	930276	70	38	250	932032	1	0	14	18624	2	0	1	18642
TP1_synth_reverse		28	A	930177	239	1152	133	165	32	134	932032	18615	2	22	1	2	0	0	18642
TP1_synth_reverse		29	T	290	173	1410	118	0	166	929875	932032	0	1	31	0	0	0	18610	18642
TP1_synth_reverse		30	T	950	182	849	90	2	130	929829	932032	0	2	21	1	0	0	18618	18642
TP1_synth_reverse		31	C	519	930359	838	44	2	82	172	932016	0	18618	21	0	0	0	3	18642
TP1_synth_reverse		32	T	563	251	1313	53	66	382	929380	932008	0	4	27	0	1	1	18609	18642
TP1_synth_reverse		33	C	526	929561	1338	49	152	139	241	932006	1	18610	25	0	3	0	3	18642
TP1_synth_reverse		34	T	769	290	1025	91	0	107	929669	931951	0	2	26	0	0	0	18615	18643
TP1_synth_reverse		35	T	1439	163	875	62	259	86	929050	931934	0	1	18	0	4	0	18620	18643
TP1_synth_reverse		36	C	534	928928	2120	25	1	70	255	931933	0	18601	38	0	0	0	4	18643
TP1_synth_reverse		37	C	569	929259	891	50	261	87	635	931752	0	18606	20	0	4	0	12	18642
TP1_synth_reverse		38	T	673	587	1180	242	38	26	928995	931741	0	6	22	0	2	0	18612	18642
TP1_synth_reverse		39	C	416	929443	1352	44	2	92	365	931714	0	18612	25	0	0	0	4	18641
TP1_synth_reverse		40	T	1260	226	1633	30	1890	164	926508	931711	0	3	31	0	32	0	18575	18641
TP1_synth_reverse		41	G	641	556	1879	928054	9	32	409	931580	3	0	37	18600	0	0	1	18641
TP1_synth_reverse		42	T	2237	342	1131	27	852	77	926960	931626	0	4	23	0	11	0	18606	18644
TP1_synth_reverse		43	G	1147	455	1145	928014	124	396	510	931791	6	0	19	18616	3	0	2	18646
TP1_synth_reverse		44	C	518	925932	2630	62	855	169	1620	931786	0	18573	35	0	18	0	20	18646
TP1_synth_reverse		45	G	566	360	1773	926804	674	67	1454	931698	4	0	31	18599	10	0	2	18646
TP1_synth_reverse		46	C	792	927144	2992	51	2	10	699	931690	0	18592	42	0	1	0	11	18646
TP1_synth_reverse		47	C	354	928646	1502	42	622	39	503	931708	0	18607	25	0	12	0	4	18648
TP1_synth_reverse		48	G	456	645	1717	927739	111	55	960	931683	4	2	26	18615	1	0	0	18648
TP1_synth_reverse		49	A	929105	60	1897	267	6	215	135	931685	18617	1	29	1	0	0	0	18648
TP1_synth_reverse		50	T	1151	231	2188	401	34	131	927399	931535	2	1	38	2	0	0	18600	18643
TP1_synth_reverse		51	A	928755	83	2124	146	151	145	144	931548	18599	2	37	3	3	0	0	18644
TP1_synth_reverse		52	C	552	928245	1826	189	145	304	225	931486	0	18607	29	1	3	0	3	18643
TP1_synth_reverse		53	A	927067	22	2900	191	641	331	281	931433	18589	0	41	0	13	0	1	18644
TP1_synth_reverse		54	G	440	253	2271	927832	278	108	237	931419	7	0	31	18602	4	0	0	18644
TP1_synth_reverse		55	A	927445	203	3385	289	0	147	100	931569	18596	1	48	1	0	0	0	18646
TP1_synth_reverse		56	A	929805	13	1247	174	0	119	322	931680	18621	0	25	0	0	0	2	18648
TP1_synth_reverse		57	T	1790	75	1503	258	80	264	927677	931647	0	0	31	0	2	0	18615	18648
TP1_synth_reverse		58	A	929766	20	1285	111	9	306	160	931657	18615	0	33	0	1	0	0	18649
TP1_synth_reverse		59	T	986	169	1481	99	128	403	928365	931631	0	1	36	0	2	0	18610	18649
TP1_synth_reverse		60	C	864	928226	1808	189	2	268	260	931617	1	18598	45	1	0	0	4	18649
TP1_synth_reverse		61	T	1268	155	1776	54	216	245	927889	931603	0	1	43	0	1	0	18604	18649
TP1_synth_reverse		62	G	660	267	1905	927964	10	364	414	931584	5	0	42	18600	1	0	1	18649
TP1_synth_reverse		63	T	2133	81	2292	15	0	208	926850	931579	0	0	47	0	0	0	18602	18649
TP1_synth_reverse		64	T	1906	424	1731	27	1	57	927559	931705	0	3	38	0	0	0	18611	18652
TP1_synth_reverse		65	C	1209	926650	2973	47	358	161	292	931690	1	18581	60	0	9	0	1	18652
TP1_synth_reverse		66	G	764	393	2285	927574	0	73	595	931684	6	0	47	18596	0	0	3	18652
TP1_synth_reverse		67	C	925	927722	2528	54	1	236	126	931592	0	18601	49	0	0	1	0	18651
TP1_synth_reverse		68	A	928146	252	2778	155	0	103	83	931517	18596	1	55	0	0	0	0	18652
TP1_synth_reverse		69	C	324	927157	3143	46	2	70	1198	931940	0	18596	48	0	0	0	11	18655
TP1_synth_reverse		70	T	1159	281	2742	53	56	115	927519	931925	0	5	37	0	1	0	18612	18655
TP1_synth_reverse		71	C	397	926540	4265	31	0	339	348	931920	1	18596	54	0	0	0	4	18655
TP1_synth_reverse		72	C	755	927950	2332	54	383	154	280	931908	1	18615	37	0	2	0	0	18655
TP1_synth_reverse		73	G	663	521	2884	927159	2	341	326	931896	10	0	44	18601	0	0	0	18655
TP1_synth_reverse		74	A	928335	77	2992	148	48	134	104	931838	18602	1	47	2	2	0	1	18655
TP1_synth_reverse		75	G	293	448	3279	927462	0	90	256	931828	3	0	46	18603	0	0	3	18655
TP1_synth_reverse		76	T	963	180	2800	58	302	67	927436	931806	0	3	41	0	4	0	18607	18655
TP1_synth_reverse		77	G	935	372	2244	927674	140	77	342	931784	5	1	30	18617	0	0	2	18655
TP1_synth_reverse		78	C	515	926125	2175	148	488	487	1838	931776	0	18585	38	2	6	0	24	18655
TP1_synth_reverse		79	G	485	597	3183	926516	2	149	750	931682	2	1	44	18598	0	0	4	18649
TP1_synth_reverse		80	G	1084	288	987	928602	0	140	557	931658	9	1	21	18615	0	0	3	18649
TP1_synth_reverse		81	C	467	929017	1401	115	132	120	391	931643	5	18615	28	0	0	0	1	18649
TP1_synth_reverse		82	A	927698	244	3235	148	0	70	149	931544	18607	2	40	0	0	0	0	18649
TP1_synth_reverse		83	A	930375	66	676	96	0	225	104	931542	18635	0	14	0	0	0	0	18649
TP1_synth_reverse		84	A	930617	89	261	198	0	256	81	931502	18645	0	4	0	0	0	0	18649
TP1_synth_reverse		85	G	194	327	287	930310	3	111	159	931391	1	0	1	18647	0	0	0	18649
TP1_synth_reverse		86	C	778	930254	70	36	37	83	85	931343	1	18647	1	0	0	0	0	18649
TP1_synth_reverse		87	T	1309	105	188	54	0	320	929299	931275	1	0	2	0	0	0	18646	18649
TP1_synth_reverse		88	G	222	543	335	929580	121	173	230	931204	2	0	3	18643	1	0	0	18649
TP1_synth_reverse		89	T	697	108	233	26	0	60	930030	931154	0	0	3	0	0	0	18646	18649
TP1_synth_reverse		90	T	610	118	1	89	1	88	929769	930676	0	0	0	0	0	0	18648	18648
TP1_synth_reverse		91	C	585	929206	0	326	1	303	170	930591	0	18644	0	3	0	0	1	18648
TP1_synth_reverse		92	C	470	928228	0	245	0	422	321	929686	1	18638	0	4	0	0	1	18644
TP1_synth_reverse		93	G	334	365	0	927678	0	188	209	928774	4	0	0	18636	0	0	1	18641
TP1_synth_reverse		94	T	559	123	0	57	0	84	927689	928512	0	0	0	0	0	0	18641	18641
TP1_synth_reverse		95	C	0	927768	0	0	0	176	0	927944	0	18639	0	0	0	0	0	18639
TP1_synth_reverse		96	C	0	926960	0	0	0	116	0	927076	0	18637	0	0	0	0	0	18637
TP1_synth_reverse		97	C	0	925604	0	0	0	167	0	925771	0	18633	0	0	0	0	0	18633
TP1_synth_reverse		98	A	922266	0	0	0	0	0	0	922266	18622	0	0	0	0	0	0	18622
TP1_synth_reverse		99	G	0	0	0	920082	0	0	0	920082	0	0	0	18615	0	0	0	18615
