



























































































































































































































#AmpliconChromStart	Alias	Position	ProbableRef	rawA	rawC	rawD	rawG	rawI	rawN	rawT	rawDepth	consA	consC	consD	consG	consI	consN	consT	consDepth	
TP1_synth_reverse		1	G	0	0	0	633993	0	0	0	633993	0	0	0	5649	0	0	0	5649
TP1_synth_reverse		2	T	0	0	0	0	0	0	634953	634953	0	0	0	0	0	0	5652	5652
TP1_synth_reverse		3	G	0	0	0	635833	0	120	0	635953	0	0	0	5662	0	0	0	5662
TP1_synth_reverse		4	G	0	0	0	636815	0	65	0	636880	0	0	0	5669	0	0	0	5669
TP1_synth_reverse		5	T	0	0	0	0	0	190	637215	637405	0	0	0	0	0	0	5673	5673
TP1_synth_reverse		6	G	123	85	0	637719	0	22	216	638165	0	0	0	5678	0	0	1	5679
TP1_synth_reverse		7	A	638168	24	0	79	0	10	106	638387	5681	0	0	0	0	0	0	5681
TP1_synth_reverse		8	G	109	58	0	638292	0	81	78	638618	0	0	0	5684	0	0	0	5684
TP1_synth_reverse		9	G	122	96	0	637876	2	12	547	638655	0	0	0	5681	0	0	3	5684
TP1_synth_reverse		10	C	244	638007	270	26	0	23	120	638690	0	5683	1	0	0	0	0	5684
TP1_synth_reverse		11	T	299	113	151	22	11	49	638045	638690	0	0	1	0	0	0	5683	5684
TP1_synth_reverse		12	C	297	638022	125	28	0	86	145	638703	0	5683	1	0	0	0	0	5684
TP1_synth_reverse		13	C	343	638077	0	23	0	90	170	638703	0	5684	0	0	0	0	0	5684
TP1_synth_reverse		14	C	262	638284	0	28	0	58	86	638718	0	5684	0	0	0	0	0	5684
TP1_synth_reverse		15	C	248	638194	37	61	1	47	135	638723	0	5683	1	0	0	0	0	5684
TP1_synth_reverse		16	T	506	249	259	27	0	29	637653	638723	0	1	5	0	0	0	5678	5684
TP1_synth_reverse		17	T	634	171	38	25	0	155	637700	638723	0	1	1	0	0	0	5682	5684
TP1_synth_reverse		18	T	488	86	37	20	185	116	637791	638723	0	0	1	0	1	0	5682	5684
TP1_synth_reverse		19	C	455	638314	1	35	3	99	575	639482	0	5683	0	0	0	0	2	5685
TP1_synth_reverse		20	T	574	69	80	40	0	54	638667	639484	0	0	1	0	0	0	5684	5685
TP1_synth_reverse		21	T	1819	110	16	73	0	154	637312	639484	0	0	0	0	0	0	5685	5685
TP1_synth_reverse		22	G	366	619	734	637316	0	122	344	639501	1	0	3	5679	0	0	2	5685
TP1_synth_reverse		23	C	761	637668	605	54	32	67	321	639508	0	5679	2	0	1	0	3	5685
TP1_synth_reverse		24	G	804	145	881	637296	0	51	331	639508	4	0	4	5677	0	0	0	5685
TP1_synth_reverse		25	G	235	418	525	638056	11	72	209	639526	0	0	1	5685	0	0	0	5686
TP1_synth_reverse		26	A	638197	14	641	116	388	96	91	639543	5681	0	3	0	3	0	0	5687
TP1_synth_reverse		27	G	80	196	525	637720	2	70	950	639543	0	0	1	5683	0	0	3	5687
TP1_synth_reverse		28	A	638443	84	797	85	1	44	89	639543	5683	0	4	0	0	0	0	5687
TP1_synth_reverse		29	T	628	91	628	44	0	8	638144	639543	0	0	3	0	0	0	5684	5687
TP1_synth_reverse		30	T	2587	348	525	15	24	57	635987	639543	0	1	1	0	1	0	5684	5687
TP1_synth_reverse		31	C	719	637850	765	29	0	22	150	639535	0	5682	5	0	0	0	0	5687
TP1_synth_reverse		32	T	931	91	927	43	0	61	637458	639511	0	0	4	0	0	0	5682	5686
TP1_synth_reverse		33	C	761	638605	3	35	0	17	92	639513	0	5686	0	0	0	0	0	5686
TP1_synth_reverse		34	T	1138	113	537	52	1	23	637646	639510	0	0	3	0	0	0	5683	5686
TP1_synth_reverse		35	T	2910	75	44	72	0	46	636363	639510	0	0	0	0	0	0	5686	5686
TP1_synth_reverse		36	C	551	638766	8	20	0	61	102	639508	0	5686	0	0	0	0	0	5686
TP1_synth_reverse		37	C	661	638566	6	66	0	32	173	639504	0	5685	0	0	0	0	1	5686
TP1_synth_reverse		38	T	1360	355	6	35	77	93	637573	639499	0	1	0	0	2	0	5683	5686
TP1_synth_reverse		39	C	397	638417	146	34	0	32	467	639493	0	5681	3	0	0	0	2	5686
TP1_synth_reverse		40	T	1448	78	57	14	0	25	637866	639488	0	0	1	0	0	0	5685	5686
TP1_synth_reverse		41	G	141	1215	195	636139	0	19	1774	639483	0	0	6	5680	0	0	0	5686
TP1_synth_reverse		42	T	2349	71	191	40	0	116	636712	639479	0	0	6	0	0	0	5680	5686
TP1_synth_reverse		43	G	381	1348	506	636431	0	77	732	639475	2	0	7	5676	0	0	1	5686
TP1_synth_reverse		44	C	721	637691	506	42	129	129	273	639491	0	5676	7	0	3	0	0	5686
TP1_synth_reverse		45	G	271	381	252	635012	1	49	3535	639501	1	0	6	5673	0	0	6	5686
TP1_synth_reverse		46	C	1263	637162	261	45	0	23	763	639517	0	5678	6	0	0	0	2	5686
TP1_synth_reverse		47	C	437	638442	375	19	0	7	236	639516	0	5679	7	0	0	0	0	5686
TP1_synth_reverse		48	G	1070	1440	948	633603	45	7	2397	639510	2	2	17	5663	1	0	1	5686
TP1_synth_reverse		49	A	638131	48	560	39	0	44	132	638954	5678	0	7	0	0	0	0	5685
TP1_synth_reverse		50	T	2480	70	1380	15	0	13	634987	638945	0	0	7	0	0	0	5678	5685
TP1_synth_reverse		51	A	637258	50	1382	97	0	64	111	638962	5678	0	8	0	0	0	0	5686
TP1_synth_reverse		52	C	586	636663	1494	43	0	32	140	638958	0	5678	8	0	0	0	0	5686
TP1_synth_reverse		53	A	637412	32	1225	135	0	45	109	638958	5680	0	6	0	0	0	0	5686
TP1_synth_reverse		54	G	741	312	1108	636329	0	13	451	638954	2	0	6	5678	0	0	0	5686
TP1_synth_reverse		55	A	636465	174	2178	85	0	41	57	639000	5677	0	10	0	0	0	0	5687
TP1_synth_reverse		56	A	637622	13	1054	86	57	48	119	638999	5681	0	6	0	0	0	0	5687
TP1_synth_reverse		57	T	3340	132	1081	167	0	41	634219	638980	0	0	6	0	0	0	5681	5687
TP1_synth_reverse		58	A	637711	10	1085	68	0	52	83	639009	5682	0	6	0	0	0	0	5688
TP1_synth_reverse		59	T	2159	54	950	83	0	19	635686	638951	0	0	4	0	0	0	5684	5688
TP1_synth_reverse		60	C	1472	635936	1304	88	0	39	102	638941	0	5682	6	0	0	0	0	5688
TP1_synth_reverse		61	T	1638	84	680	245	0	23	636280	638950	0	0	5	0	0	0	5684	5689
TP1_synth_reverse		62	G	1533	301	453	635849	0	103	700	638939	5	0	3	5681	0	0	0	5689
TP1_synth_reverse		63	T	4250	64	531	37	1	27	634051	638961	0	0	4	0	0	0	5686	5690
TP1_synth_reverse		64	T	2446	980	118	67	0	77	635931	639619	0	2	2	0	0	0	5689	5693
TP1_synth_reverse		65	C	639	637867	813	71	0	89	149	639628	0	5684	10	0	0	0	0	5694
TP1_synth_reverse		66	G	1456	344	314	636486	0	56	967	639623	4	0	4	5685	0	0	1	5694
TP1_synth_reverse		67	C	993	638228	155	26	0	119	102	639623	0	5692	2	0	0	0	0	5694
TP1_synth_reverse		68	A	638820	335	111	147	0	117	91	639621	5693	0	1	0	0	0	0	5694
TP1_synth_reverse		69	C	183	638606	55	26	575	69	103	639617	0	5692	0	0	2	0	0	5694
TP1_synth_reverse		70	T	1216	101	151	172	0	23	637949	639612	0	0	0	0	0	0	5694	5694
TP1_synth_reverse		71	C	349	638667	444	29	0	8	109	639606	0	5690	4	0	0	0	0	5694
TP1_synth_reverse		72	C	912	638352	55	73	0	48	164	639604	0	5694	0	0	0	0	0	5694
TP1_synth_reverse		73	G	997	282	60	637907	1	181	164	639592	2	0	0	5692	0	0	0	5694
TP1_synth_reverse		74	A	638735	92	539	107	0	93	24	639590	5692	0	1	1	0	0	0	5694
TP1_synth_reverse		75	G	1185	269	31	637306	1	12	781	639585	4	0	0	5689	0	0	1	5694
TP1_synth_reverse		76	T	3281	369	191	63	88	27	635549	639568	0	3	1	0	1	0	5689	5694
TP1_synth_reverse		77	G	850	376	314	637161	1	28	822	639552	6	0	3	5684	0	0	1	5694
TP1_synth_reverse		78	C	542	637663	327	41	341	40	590	639544	0	5689	1	0	1	0	3	5694
TP1_synth_reverse		79	G	1134	846	29	636675	0	165	691	639540	5	1	0	5686	0	0	2	5694
TP1_synth_reverse		80	G	1328	234	0	637438	1	175	354	639530	10	1	0	5682	0	0	1	5694
TP1_synth_reverse		81	C	307	637208	229	54	1141	126	458	639523	0	5691	0	0	3	0	0	5694
TP1_synth_reverse		82	A	637244	55	1156	102	1	57	112	638727	5690	0	3	0	0	0	0	5693
TP1_synth_reverse		83	A	638265	61	5	112	0	211	70	638724	5693	0	0	0	0	0	0	5693
TP1_synth_reverse		84	A	638302	53	0	214	0	63	38	638670	5693	0	0	0	0	0	0	5693
TP1_synth_reverse		85	G	133	274	0	637669	0	109	400	638585	0	0	0	5693	0	0	0	5693
TP1_synth_reverse		86	C	354	638003	0	33	3	31	109	638533	0	5693	0	0	0	0	0	5693
TP1_synth_reverse		87	T	1396	88	1	74	0	74	636797	638430	0	0	0	0	0	0	5693	5693
TP1_synth_reverse		88	G	491	414	3	637254	3	78	133	638376	2	0	0	5691	0	0	0	5693
TP1_synth_reverse		89	T	1066	94	115	44	0	244	636744	638307	0	0	0	0	0	0	5693	5693
TP1_synth_reverse		90	T	1069	73	0	33	0	137	636470	637782	0	0	0	0	0	0	5693	5693
TP1_synth_reverse		91	C	456	636239	0	63	0	29	108	636895	0	5693	0	0	0	0	0	5693
TP1_synth_reverse		92	C	361	634587	0	389	0	45	185	635567	0	5693	0	0	0	0	0	5693
TP1_synth_reverse		93	G	684	163	0	633796	0	78	114	634835	4	0	0	5689	0	0	0	5693
TP1_synth_reverse		94	T	880	78	0	92	0	182	633438	634670	0	0	0	0	0	0	5693	5693
TP1_synth_reverse		95	C	0	633915	0	0	0	88	0	634003	0	5692	0	0	0	0	0	5692
TP1_synth_reverse		96	C	0	633247	0	0	0	40	0	633287	0	5691	0	0	0	0	0	5691
TP1_synth_reverse		97	C	0	631074	0	0	0	126	0	631200	0	5690	0	0	0	0	0	5690
TP1_synth_reverse		98	A	627738	0	0	0	0	0	0	627738	5687	0	0	0	0	0	0	5687
TP1_synth_reverse		99	G	0	0	0	626574	0	0	0	626574	0	0	0	5686	0	0	0	5686
