



























































































































































































































#AmpliconChromStart	Alias	Position	ProbableRef	rawA	rawC	rawD	rawG	rawI	rawN	rawT	rawDepth	consA	consC	consD	consG	consI	consN	consT	consDepth
TP1_synth_reverse		1	G	0	0	0	633993	0	0	0	633993	0	0	0	5031	0	0	0	5031
TP1_synth_reverse		2	T	0	0	0	0	0	0	634953	634953	0	0	0	0	0	0	5034	5034
TP1_synth_reverse		3	G	0	0	0	635833	0	120	0	635953	0	0	0	5043	0	0	0	5043
TP1_synth_reverse		4	G	0	0	0	636815	0	65	0	636880	0	0	0	5050	0	0	0	5050
TP1_synth_reverse		5	T	0	0	0	0	0	190	637215	637405	0	0	0	0	0	0	5054	5054
TP1_synth_reverse		6	G	123	85	0	637719	0	22	216	638165	0	0	0	5057	0	0	1	5058
TP1_synth_reverse		7	A	638168	24	0	79	0	10	106	638387	5060	0	0	0	0	0	0	5060
TP1_synth_reverse		8	G	109	58	0	638292	0	81	78	638618	0	0	0	5063	0	0	0	5063
TP1_synth_reverse		9	G	122	96	0	637876	2	12	547	638655	0	0	0	5060	0	0	3	5063
TP1_synth_reverse		10	C	244	638007	270	26	0	23	120	638690	0	5062	1	0	0	0	0	5063
TP1_synth_reverse		11	T	299	113	151	22	11	49	638045	638690	0	0	1	0	0	0	5062	5063
TP1_synth_reverse		12	C	297	638022	125	28	0	86	145	638703	0	5063	0	0	0	0	0	5063
TP1_synth_reverse		13	C	343	638087	0	23	0	90	170	638713	0	5063	0	0	0	0	0	5063
TP1_synth_reverse		14	C	262	638294	0	28	0	58	86	638728	0	5063	0	0	0	0	0	5063
TP1_synth_reverse		15	C	248	638204	37	61	1	47	135	638733	0	5062	1	0	0	0	0	5063
TP1_synth_reverse		16	T	506	249	259	27	0	29	637663	638733	0	1	4	0	0	0	5058	5063
TP1_synth_reverse		17	T	634	171	38	25	0	155	637710	638733	0	1	1	0	0	0	5061	5063
TP1_synth_reverse		18	T	488	86	37	20	185	116	637801	638733	0	0	1	0	1	0	5061	5063
TP1_synth_reverse		19	C	455	638324	1	35	3	99	575	639492	0	5062	0	0	0	0	2	5064
TP1_synth_reverse		20	T	575	69	80	40	0	54	638676	639494	0	0	1	0	0	0	5063	5064
TP1_synth_reverse		21	T	1819	110	16	73	0	154	637322	639494	0	0	0	0	0	0	5064	5064
TP1_synth_reverse		22	G	366	619	734	637307	0	122	346	639494	1	0	3	5058	0	0	2	5064
TP1_synth_reverse		23	C	761	637661	605	54	32	67	321	639501	0	5058	2	0	1	0	3	5064
TP1_synth_reverse		24	G	804	145	881	637288	0	51	332	639501	3	0	4	5057	0	0	0	5064
TP1_synth_reverse		25	G	235	418	525	638049	11	72	209	639519	0	0	1	5063	0	0	0	5064
TP1_synth_reverse		26	A	638190	14	641	116	388	96	91	639536	5058	0	3	0	3	0	0	5064
TP1_synth_reverse		27	G	80	196	525	637712	2	70	951	639536	0	0	1	5060	0	0	3	5064
TP1_synth_reverse		28	A	638440	83	797	85	1	44	89	639539	5060	0	4	0	0	0	0	5064
TP1_synth_reverse		29	T	629	91	628	44	0	8	638139	639539	0	0	3	0	0	0	5061	5064
TP1_synth_reverse		30	T	2586	348	525	15	24	57	635984	639539	0	1	1	0	1	0	5061	5064
TP1_synth_reverse		31	C	719	637846	765	29	0	22	150	639531	0	5059	5	0	0	0	0	5064
TP1_synth_reverse		32	T	930	91	927	43	0	61	637450	639502	0	0	4	0	0	0	5059	5063
TP1_synth_reverse		33	C	761	638591	3	35	0	17	92	639499	0	5063	0	0	0	0	0	5063
TP1_synth_reverse		34	T	1139	113	537	52	1	23	637631	639496	0	0	3	0	0	0	5060	5063
TP1_synth_reverse		35	T	2909	75	44	72	0	46	636350	639496	0	0	0	0	0	0	5063	5063
TP1_synth_reverse		36	C	552	638751	8	20	0	61	102	639494	0	5063	0	0	0	0	0	5063
TP1_synth_reverse		37	C	661	638552	6	66	0	32	173	639490	0	5062	0	0	0	0	1	5063
TP1_synth_reverse		38	T	1362	355	6	35	77	93	637557	639485	0	1	0	0	2	0	5060	5063
TP1_synth_reverse		39	C	398	638402	146	34	0	32	467	639479	0	5059	2	0	0	0	2	5063
TP1_synth_reverse		40	T	1444	78	57	14	0	25	637856	639474	0	0	1	0	0	0	5062	5063
TP1_synth_reverse		41	G	141	1215	195	636123	0	19	1776	639469	0	0	5	5058	0	0	0	5063
TP1_synth_reverse		42	T	2346	71	191	40	0	116	636701	639465	0	0	5	0	0	0	5058	5063
TP1_synth_reverse		43	G	381	1344	506	636420	0	77	733	639461	2	0	6	5054	0	0	1	5063
TP1_synth_reverse		44	C	722	637676	506	42	129	129	273	639477	0	5054	6	0	3	0	0	5063
TP1_synth_reverse		45	G	271	380	252	634998	1	49	3536	639487	1	0	5	5052	0	0	5	5063
TP1_synth_reverse		46	C	1263	637148	261	45	0	23	763	639503	0	5057	5	0	0	0	1	5063
TP1_synth_reverse		47	C	436	638429	375	19	0	7	236	639502	0	5058	5	0	0	0	0	5063
TP1_synth_reverse		48	G	1070	1438	948	633591	45	7	2397	639496	2	2	15	5042	1	0	1	5063
TP1_synth_reverse		49	A	638117	48	560	39	0	44	132	638940	5057	0	6	0	0	0	0	5063
TP1_synth_reverse		50	T	2474	70	1380	15	0	13	634984	638936	0	0	6	0	0	0	5057	5063
TP1_synth_reverse		51	A	637249	50	1382	97	0	64	111	638953	5056	0	7	0	0	0	0	5063
TP1_synth_reverse		52	C	585	636655	1494	43	0	32	140	638949	0	5056	7	0	0	0	0	5063
TP1_synth_reverse		53	A	637403	32	1225	135	0	45	109	638949	5059	0	4	0	0	0	0	5063
TP1_synth_reverse		54	G	741	310	1108	636321	0	13	452	638945	2	0	5	5056	0	0	0	5063
TP1_synth_reverse		55	A	636456	174	2178	85	0	41	57	638991	5056	0	8	0	0	0	0	5064
TP1_synth_reverse		56	A	637613	13	1054	86	57	48	119	638990	5059	0	5	0	0	0	0	5064
TP1_synth_reverse		57	T	3336	132	1081	167	0	41	634214	638971	0	0	5	0	0	0	5059	5064
TP1_synth_reverse		58	A	637702	10	1085	68	0	52	83	639000	5060	0	5	0	0	0	0	5065
TP1_synth_reverse		59	T	2157	54	950	83	0	19	635679	638942	0	0	4	0	0	0	5061	5065
TP1_synth_reverse		60	C	1472	635927	1304	88	0	39	102	638932	0	5059	6	0	0	0	0	5065
TP1_synth_reverse		61	T	1639	84	680	245	0	23	636270	638941	0	0	5	0	0	0	5061	5066
TP1_synth_reverse		62	G	1530	299	453	635845	0	103	700	638930	4	0	3	5059	0	0	0	5066
TP1_synth_reverse		63	T	4250	64	531	36	1	27	634043	638952	0	0	4	0	0	0	5063	5067
TP1_synth_reverse		64	T	2445	980	118	67	0	77	635923	639610	0	2	2	0	0	0	5065	5069
TP1_synth_reverse		65	C	640	637857	813	71	0	89	149	639619	0	5060	9	0	0	0	0	5069
TP1_synth_reverse		66	G	1455	344	314	636478	0	56	967	639614	3	0	4	5061	0	0	1	5069
TP1_synth_reverse		67	C	994	638218	155	26	0	119	102	639614	0	5067	2	0	0	0	0	5069
TP1_synth_reverse		68	A	638810	335	111	147	0	117	92	639612	5068	0	1	0	0	0	0	5069
TP1_synth_reverse		69	C	183	638597	55	26	575	69	103	639608	0	5067	0	0	2	0	0	5069
TP1_synth_reverse		70	T	1216	100	151	172	0	23	637941	639603	0	0	0	0	0	0	5069	5069
TP1_synth_reverse		71	C	349	638658	444	29	0	8	109	639597	0	5065	4	0	0	0	0	5069
TP1_synth_reverse		72	C	914	638341	55	73	0	48	164	639595	0	5069	0	0	0	0	0	5069
TP1_synth_reverse		73	G	997	281	60	637899	1	181	164	639583	2	0	0	5067	0	0	0	5069
TP1_synth_reverse		74	A	638726	92	539	107	0	93	24	639581	5067	0	1	1	0	0	0	5069
TP1_synth_reverse		75	G	1185	268	31	637300	1	12	779	639576	4	0	0	5064	0	0	1	5069
TP1_synth_reverse		76	T	3280	369	191	63	88	27	635541	639559	0	3	1	0	0	0	5065	5069
TP1_synth_reverse		77	G	850	375	314	637153	1	28	822	639543	6	0	2	5060	0	0	1	5069
TP1_synth_reverse		78	C	548	637648	327	41	341	40	590	639535	0	5064	1	0	1	0	3	5069
TP1_synth_reverse		79	G	1134	847	29	636662	0	165	694	639531	5	0	0	5062	0	0	2	5069
TP1_synth_reverse		80	G	1329	234	0	637429	1	175	353	639521	9	1	0	5058	0	0	1	5069
TP1_synth_reverse		81	C	308	637198	229	54	1141	126	458	639514	0	5066	0	0	3	0	0	5069
TP1_synth_reverse		82	A	637232	55	1156	102	1	57	112	638715	5065	0	3	0	0	0	0	5068
TP1_synth_reverse		83	A	638253	61	5	112	0	211	70	638712	5068	0	0	0	0	0	0	5068
TP1_synth_reverse		84	A	638290	53	0	214	0	63	38	638658	5068	0	0	0	0	0	0	5068
TP1_synth_reverse		85	G	133	274	0	637657	0	109	400	638573	0	0	0	5068	0	0	0	5068
TP1_synth_reverse		86	C	354	637991	0	33	3	31	109	638521	0	5068	0	0	0	0	0	5068
TP1_synth_reverse		87	T	1396	88	1	74	0	74	636785	638418	0	0	0	0	0	0	5068	5068
TP1_synth_reverse		88	G	491	413	3	637243	3	78	133	638364	2	0	0	5066	0	0	0	5068
TP1_synth_reverse		89	T	1062	94	115	44	0	244	636736	638295	0	0	0	0	0	0	5068	5068
TP1_synth_reverse		90	T	1068	73	0	34	0	137	636458	637770	0	0	0	0	0	0	5068	5068
TP1_synth_reverse		91	C	455	636228	0	63	0	29	108	636883	0	5068	0	0	0	0	0	5068
TP1_synth_reverse		92	C	361	634575	0	389	0	45	185	635555	0	5068	0	0	0	0	0	5068
TP1_synth_reverse		93	G	684	162	0	633785	0	78	114	634823	4	0	0	5064	0	0	0	5068
TP1_synth_reverse		94	T	879	78	0	92	0	182	633427	634658	0	0	0	0	0	0	5068	5068
TP1_synth_reverse		95	C	0	633903	0	0	0	88	0	633991	0	5068	0	0	0	0	0	5068
TP1_synth_reverse		96	C	0	633235	0	0	0	40	0	633275	0	5067	0	0	0	0	0	5067
TP1_synth_reverse		97	C	0	631062	0	0	0	126	0	631188	0	5066	0	0	0	0	0	5066
TP1_synth_reverse		98	A	627726	0	0	0	0	0	0	627726	5064	0	0	0	0	0	0	5064
TP1_synth_reverse		99	G	0	0	0	626563	0	0	0	626563	0	0	0	5063	0	0	0	5063
