



























































































































































































































#AmpliconChromStart	Alias	Position	ProbableRef	rawA	rawC	rawD	rawG	rawI	rawN	rawT	rawDepth	consA	consC	consD	consG	consI	consN	consT	consDepth	
TP1_synth_reverse		1	G	0	0	0	633993	0	0	0	633993	0	0	0	2853	0	0	0	2853
TP1_synth_reverse		2	T	0	0	0	0	0	0	634953	634953	0	0	0	0	0	0	2855	2855
TP1_synth_reverse		3	G	0	0	0	635833	0	120	0	635953	0	0	0	2860	0	0	0	2860
TP1_synth_reverse		4	G	0	0	0	636815	0	65	0	636880	0	0	0	2865	0	0	0	2865
TP1_synth_reverse		5	T	0	0	0	0	0	190	637215	637405	0	0	0	0	0	0	2866	2866
TP1_synth_reverse		6	G	123	85	0	637719	0	22	216	638165	0	0	0	2868	0	0	1	2869
TP1_synth_reverse		7	A	638168	24	0	79	0	10	106	638387	2870	0	0	0	0	0	0	2870
TP1_synth_reverse		8	G	109	58	0	638292	0	81	78	638618	0	0	0	2872	0	0	0	2872
TP1_synth_reverse		9	G	122	96	0	637876	2	12	547	638655	0	0	0	2870	0	0	2	2872
TP1_synth_reverse		10	C	244	638007	270	26	0	23	120	638690	0	2871	1	0	0	0	0	2872
TP1_synth_reverse		11	T	299	113	151	22	11	49	638045	638690	0	0	0	0	0	0	2872	2872
TP1_synth_reverse		12	C	297	638022	125	28	0	86	145	638703	0	2872	0	0	0	0	0	2872
TP1_synth_reverse		13	C	343	638087	0	23	0	90	170	638713	0	2872	0	0	0	0	0	2872
TP1_synth_reverse		14	C	262	638294	0	28	0	58	86	638728	0	2872	0	0	0	0	0	2872
TP1_synth_reverse		15	C	248	638204	37	61	1	47	135	638733	0	2871	1	0	0	0	0	2872
TP1_synth_reverse		16	T	506	249	259	27	0	29	637663	638733	0	1	3	0	0	0	2868	2872
TP1_synth_reverse		17	T	634	171	38	25	0	155	637710	638733	0	1	1	0	0	0	2870	2872
TP1_synth_reverse		18	T	488	86	37	20	185	116	637801	638733	0	0	1	0	1	0	2870	2872
TP1_synth_reverse		19	C	455	638324	1	35	3	99	575	639492	0	2872	0	0	0	0	1	2873
TP1_synth_reverse		20	T	575	69	80	40	0	54	638676	639494	0	0	1	0	0	0	2872	2873
TP1_synth_reverse		21	T	1819	110	16	73	0	154	637322	639494	0	0	0	0	0	0	2873	2873
TP1_synth_reverse		22	G	366	619	734	637307	0	122	346	639494	1	0	3	2867	0	0	2	2873
TP1_synth_reverse		23	C	761	637661	605	54	32	67	321	639501	0	2870	2	0	0	0	1	2873
TP1_synth_reverse		24	G	804	145	881	637288	0	51	332	639501	3	0	3	2867	0	0	0	2873
TP1_synth_reverse		25	G	235	418	525	638031	11	72	209	639501	0	0	1	2872	0	0	0	2873
TP1_synth_reverse		26	A	638172	14	641	116	388	96	91	639518	2869	0	2	0	2	0	0	2873
TP1_synth_reverse		27	G	80	196	525	637694	2	70	951	639518	0	0	1	2870	0	0	2	2873
TP1_synth_reverse		28	A	638422	83	797	85	1	44	89	639521	2869	0	4	0	0	0	0	2873
TP1_synth_reverse		29	T	629	91	628	44	0	8	638121	639521	0	0	2	0	0	0	2871	2873
TP1_synth_reverse		30	T	2586	348	525	15	24	57	635966	639521	0	1	1	0	0	0	2871	2873
TP1_synth_reverse		31	C	719	637828	765	29	0	22	150	639513	0	2870	3	0	0	0	0	2873
TP1_synth_reverse		32	T	928	91	927	43	0	61	637439	639489	0	0	2	0	0	0	2871	2873
TP1_synth_reverse		33	C	760	638584	3	35	0	17	92	639491	0	2873	0	0	0	0	0	2873
TP1_synth_reverse		34	T	1138	113	537	52	1	23	637624	639488	0	0	1	0	0	0	2872	2873
TP1_synth_reverse		35	T	2909	75	44	72	0	46	636342	639488	0	0	0	0	0	0	2873	2873
TP1_synth_reverse		36	C	549	638746	8	20	0	61	102	639486	0	2873	0	0	0	0	0	2873
TP1_synth_reverse		37	C	660	638545	6	66	0	32	173	639482	0	2872	0	0	0	0	1	2873
TP1_synth_reverse		38	T	1361	355	6	35	77	93	637550	639477	0	1	0	0	0	0	2872	2873
TP1_synth_reverse		39	C	396	638396	146	34	0	32	467	639471	0	2870	2	0	0	0	1	2873
TP1_synth_reverse		40	T	1443	78	57	14	0	25	637849	639466	0	0	1	0	0	0	2872	2873
TP1_synth_reverse		41	G	141	1214	195	636116	0	19	1773	639458	0	0	3	2870	0	0	0	2873
TP1_synth_reverse		42	T	2345	71	191	40	0	116	636691	639454	0	0	3	0	0	0	2870	2873
TP1_synth_reverse		43	G	381	1345	506	636408	0	77	733	639450	1	0	4	2868	0	0	0	2873
TP1_synth_reverse		44	C	720	637667	506	42	129	129	273	639466	0	2868	4	0	1	0	0	2873
TP1_synth_reverse		45	G	271	380	252	634977	1	49	3535	639465	1	0	3	2867	0	0	2	2873
TP1_synth_reverse		46	C	1264	637125	261	45	0	23	763	639481	0	2869	3	0	0	0	1	2873
TP1_synth_reverse		47	C	435	638408	375	19	0	7	236	639480	0	2870	3	0	0	0	0	2873
TP1_synth_reverse		48	G	1070	1437	948	633575	45	7	2392	639474	2	2	6	2861	1	0	1	2873
TP1_synth_reverse		49	A	638095	48	560	39	0	44	132	638918	2869	0	4	0	0	0	0	2873
TP1_synth_reverse		50	T	2474	70	1380	15	0	13	634962	638914	0	0	5	0	0	0	2868	2873
TP1_synth_reverse		51	A	637227	50	1382	97	0	64	111	638931	2868	0	5	0	0	0	0	2873
TP1_synth_reverse		52	C	584	636634	1494	43	0	32	140	638927	0	2868	5	0	0	0	0	2873
TP1_synth_reverse		53	A	637382	32	1225	135	0	45	108	638927	2870	0	3	0	0	0	0	2873
TP1_synth_reverse		54	G	735	307	1108	636313	0	13	447	638923	1	0	3	2869	0	0	0	2873
TP1_synth_reverse		55	A	636434	174	2178	85	0	41	57	638969	2869	0	5	0	0	0	0	2874
TP1_synth_reverse		56	A	637591	13	1054	86	57	48	119	638968	2871	0	3	0	0	0	0	2874
TP1_synth_reverse		57	T	3330	132	1081	167	0	41	634198	638949	0	0	3	0	0	0	2871	2874
TP1_synth_reverse		58	A	637680	10	1085	68	0	52	83	638978	2871	0	3	0	0	0	0	2874
TP1_synth_reverse		59	T	2153	54	950	83	0	19	635661	638920	0	0	2	0	0	0	2872	2874
TP1_synth_reverse		60	C	1464	635913	1304	88	0	39	102	638910	0	2870	4	0	0	0	0	2874
TP1_synth_reverse		61	T	1637	84	680	245	0	23	636250	638919	0	0	5	0	0	0	2869	2874
TP1_synth_reverse		62	G	1527	298	453	635828	0	103	699	638908	3	0	3	2868	0	0	0	2874
TP1_synth_reverse		63	T	4249	64	531	37	1	27	634021	638930	0	0	3	0	0	0	2871	2874
TP1_synth_reverse		64	T	2445	980	118	67	0	77	635901	639588	0	2	2	0	0	0	2871	2875
TP1_synth_reverse		65	C	637	637838	813	71	0	89	149	639597	0	2868	7	0	0	0	0	2875
TP1_synth_reverse		66	G	1455	343	314	636457	0	56	967	639592	2	0	4	2868	0	0	1	2875
TP1_synth_reverse		67	C	991	638199	155	26	0	119	102	639592	0	2873	2	0	0	0	0	2875
TP1_synth_reverse		68	A	638788	335	111	147	0	117	92	639590	2874	0	1	0	0	0	0	2875
TP1_synth_reverse		69	C	183	638579	55	26	575	69	103	639590	0	2874	0	0	1	0	0	2875
TP1_synth_reverse		70	T	1215	101	151	171	0	23	637924	639585	0	0	0	0	0	0	2875	2875
TP1_synth_reverse		71	C	347	638642	444	29	0	8	109	639579	0	2873	2	0	0	0	0	2875
TP1_synth_reverse		72	C	913	638325	55	72	0	48	164	639577	0	2875	0	0	0	0	0	2875
TP1_synth_reverse		73	G	997	281	60	637881	1	181	164	639565	2	0	0	2873	0	0	0	2875
TP1_synth_reverse		74	A	638708	92	539	107	0	93	24	639563	2874	0	1	0	0	0	0	2875
TP1_synth_reverse		75	G	1184	268	31	637281	1	12	781	639558	2	0	0	2872	0	0	1	2875
TP1_synth_reverse		76	T	3280	369	191	63	88	27	635523	639541	0	3	0	0	0	0	2872	2875
TP1_synth_reverse		77	G	850	375	314	637136	1	28	821	639525	5	0	2	2868	0	0	0	2875
TP1_synth_reverse		78	C	545	637633	327	41	341	40	590	639517	0	2872	1	0	0	0	2	2875
TP1_synth_reverse		79	G	1133	845	29	636648	0	165	693	639513	5	0	0	2868	0	0	2	2875
TP1_synth_reverse		80	G	1329	233	0	637412	1	175	353	639503	4	0	0	2870	0	0	1	2875
TP1_synth_reverse		81	C	308	637180	229	54	1141	126	458	639496	0	2872	0	0	3	0	0	2875
TP1_synth_reverse		82	A	637214	55	1156	102	1	57	112	638697	2872	0	2	0	0	0	0	2874
TP1_synth_reverse		83	A	638235	61	5	112	0	211	70	638694	2874	0	0	0	0	0	0	2874
TP1_synth_reverse		84	A	638273	53	0	213	0	63	38	638640	2874	0	0	0	0	0	0	2874
TP1_synth_reverse		85	G	133	273	0	637640	0	109	400	638555	0	0	0	2874	0	0	0	2874
TP1_synth_reverse		86	C	354	637973	0	33	3	31	109	638503	0	2874	0	0	0	0	0	2874
TP1_synth_reverse		87	T	1395	88	1	74	0	74	636769	638401	0	0	0	0	0	0	2874	2874
TP1_synth_reverse		88	G	491	412	3	637227	3	78	133	638347	1	0	0	2873	0	0	0	2874
TP1_synth_reverse		89	T	1062	94	115	44	0	244	636719	638278	0	0	0	0	0	0	2874	2874
TP1_synth_reverse		90	T	1068	73	0	34	0	137	636441	637753	0	0	0	0	0	0	2874	2874
TP1_synth_reverse		91	C	456	636210	0	63	0	29	108	636866	0	2874	0	0	0	0	0	2874
TP1_synth_reverse		92	C	360	634559	0	389	0	45	185	635538	0	2874	0	0	0	0	0	2874
TP1_synth_reverse		93	G	684	163	0	633767	0	78	114	634806	2	0	0	2872	0	0	0	2874
TP1_synth_reverse		94	T	879	78	0	92	0	182	633410	634641	0	0	0	0	0	0	2874	2874
TP1_synth_reverse		95	C	0	633887	0	0	0	88	0	633975	0	2874	0	0	0	0	0	2874
TP1_synth_reverse		96	C	0	633220	0	0	0	40	0	633260	0	2874	0	0	0	0	0	2874
TP1_synth_reverse		97	C	0	631047	0	0	0	126	0	631173	0	2874	0	0	0	0	0	2874
TP1_synth_reverse		98	A	627711	0	0	0	0	0	0	627711	2874	0	0	0	0	0	0	2874
TP1_synth_reverse		99	G	0	0	0	626548	0	0	0	626548	0	0	0	2874	0	0	0	2874
