



























































































































































































































#AmpliconChromStart	Alias	Position	ProbableRef	rawA	rawC	rawD	rawG	rawI	rawN	rawT	rawDepth	consA	consC	consD	consG	consI	consN	consT	consDepth	
TP1_synth_reverse		1	G	0	0	0	633993	0	0	0	633993	0	0	0	9986	0	0	0	9986
TP1_synth_reverse		2	T	0	0	0	0	0	0	634953	634953	0	0	0	0	0	0	9998	9998
TP1_synth_reverse		3	G	0	0	0	635833	0	120	0	635953	0	0	0	10020	0	0	0	10020
TP1_synth_reverse		4	G	0	0	0	636815	0	65	0	636880	0	0	0	10032	0	0	0	10032
TP1_synth_reverse		5	T	0	0	0	0	0	190	637215	637405	0	0	0	0	0	0	10040	10040
TP1_synth_reverse		6	G	123	85	0	637719	0	22	216	638165	0	0	0	10048	0	0	2	10050
TP1_synth_reverse		7	A	638168	24	0	79	0	10	106	638387	10053	0	0	0	0	0	0	10053
TP1_synth_reverse		8	G	109	58	0	638292	0	81	78	638618	0	0	0	10056	0	0	1	10057
TP1_synth_reverse		9	G	122	96	0	637876	2	12	547	638655	0	0	0	10055	0	0	3	10058
TP1_synth_reverse		10	C	244	638007	270	26	0	23	120	638690	0	10058	1	0	0	0	0	10059
TP1_synth_reverse		11	T	299	113	151	22	11	49	638045	638690	0	0	1	0	0	0	10058	10059
TP1_synth_reverse		12	C	297	638009	125	28	0	86	145	638690	0	10055	4	0	0	0	0	10059
TP1_synth_reverse		13	C	343	638074	0	23	0	90	170	638700	0	10059	0	0	0	0	0	10059
TP1_synth_reverse		14	C	262	638281	0	28	0	58	86	638715	0	10060	0	0	0	0	0	10060
TP1_synth_reverse		15	C	248	638191	37	61	1	47	135	638720	0	10059	1	0	0	0	0	10060
TP1_synth_reverse		16	T	506	249	259	27	0	29	637650	638720	0	1	9	0	0	0	10050	10060
TP1_synth_reverse		17	T	632	171	38	25	0	155	637699	638720	0	1	1	0	0	0	10058	10060
TP1_synth_reverse		18	T	488	86	37	20	185	116	637788	638720	0	0	1	0	1	0	10058	10060
TP1_synth_reverse		19	C	455	638311	1	35	3	99	575	639479	0	10059	0	0	0	0	2	10061
TP1_synth_reverse		20	T	575	69	80	40	0	54	638663	639481	0	0	4	0	0	0	10057	10061
TP1_synth_reverse		21	T	1817	110	16	73	0	154	637311	639481	0	0	2	0	0	0	10059	10061
TP1_synth_reverse		22	G	366	619	734	637312	0	122	345	639498	2	0	7	10051	0	0	2	10062
TP1_synth_reverse		23	C	760	637666	605	54	32	67	321	639505	0	10052	5	0	1	0	4	10062
TP1_synth_reverse		24	G	804	145	881	637292	0	51	332	639505	4	0	9	10049	0	0	0	10062
TP1_synth_reverse		25	G	235	416	525	638056	11	72	208	639523	0	0	2	10060	1	0	0	10063
TP1_synth_reverse		26	A	638194	14	641	116	388	96	91	639540	10056	0	4	0	4	0	0	10064
TP1_synth_reverse		27	G	80	196	525	637716	2	70	951	639540	0	0	2	10054	0	0	8	10064
TP1_synth_reverse		28	A	638443	84	797	85	1	44	89	639543	10058	0	6	0	0	0	0	10064
TP1_synth_reverse		29	T	630	91	628	44	0	8	638142	639543	0	0	5	0	0	0	10059	10064
TP1_synth_reverse		30	T	2586	348	525	15	24	57	635988	639543	0	1	2	0	1	0	10060	10064
TP1_synth_reverse		31	C	719	637850	765	29	0	22	150	639535	0	10052	9	0	0	0	3	10064
TP1_synth_reverse		32	T	930	91	927	43	0	61	637454	639506	0	0	8	0	0	0	10054	10062
TP1_synth_reverse		33	C	761	638595	3	35	0	17	92	639503	0	10062	0	0	0	0	0	10062
TP1_synth_reverse		34	T	1139	113	537	52	1	23	637635	639500	0	0	5	0	0	0	10057	10062
TP1_synth_reverse		35	T	2910	75	44	72	0	46	636353	639500	1	0	1	0	0	0	10061	10063
TP1_synth_reverse		36	C	551	638756	8	20	0	61	102	639498	0	10062	1	0	0	0	0	10063
TP1_synth_reverse		37	C	660	638557	6	66	0	32	173	639494	0	10062	0	0	0	0	1	10063
TP1_synth_reverse		38	T	1360	355	6	35	77	93	637563	639489	1	1	0	0	5	0	10056	10063
TP1_synth_reverse		39	C	397	638407	146	34	0	32	467	639483	0	10054	5	0	0	0	4	10063
TP1_synth_reverse		40	T	1445	78	57	14	0	25	637859	639478	0	0	1	0	0	0	10062	10063
TP1_synth_reverse		41	G	141	1216	195	636125	0	19	1777	639473	0	0	7	10056	0	0	0	10063
TP1_synth_reverse		42	T	2347	71	191	40	0	116	636704	639469	0	0	7	0	0	0	10056	10063
TP1_synth_reverse		43	G	381	1342	506	636424	0	77	735	639465	4	0	8	10049	0	0	2	10063
TP1_synth_reverse		44	C	723	637679	506	42	129	129	273	639481	0	10047	9	0	7	0	0	10063
TP1_synth_reverse		45	G	271	380	252	635002	1	49	3536	639491	3	0	8	10043	0	0	10	10064
TP1_synth_reverse		46	C	1263	637152	261	45	0	23	763	639507	0	10054	9	0	0	0	2	10065
TP1_synth_reverse		47	C	437	638432	375	19	0	7	236	639506	0	10056	9	0	0	0	0	10065
TP1_synth_reverse		48	G	1070	1440	948	633594	45	7	2396	639500	5	2	21	10033	2	0	2	10065
TP1_synth_reverse		49	A	638121	48	560	39	0	44	132	638944	10058	0	7	0	0	0	0	10065
TP1_synth_reverse		50	T	2478	70	1380	15	0	13	634984	638940	0	0	8	0	0	0	10057	10065
TP1_synth_reverse		51	A	637253	50	1382	97	0	64	111	638957	10056	0	10	0	0	0	0	10066
TP1_synth_reverse		52	C	586	636658	1494	43	0	32	140	638953	0	10057	9	0	0	0	0	10066
TP1_synth_reverse		53	A	637407	32	1225	135	0	45	109	638953	10059	0	7	0	0	0	0	10066
TP1_synth_reverse		54	G	742	311	1108	636323	0	13	452	638949	5	0	12	10049	0	0	0	10066
TP1_synth_reverse		55	A	636460	174	2178	85	0	41	57	638995	10053	0	14	0	0	0	0	10067
TP1_synth_reverse		56	A	637617	13	1054	86	57	48	119	638994	10058	0	7	0	2	0	0	10067
TP1_synth_reverse		57	T	3335	132	1081	167	0	41	634219	638975	0	1	8	0	0	0	10058	10067
TP1_synth_reverse		58	A	637676	10	1085	68	0	52	83	638974	10058	0	9	0	0	0	0	10067
TP1_synth_reverse		59	T	2155	54	950	83	0	19	635656	638917	0	0	6	0	0	0	10061	10067
TP1_synth_reverse		60	C	1473	635901	1304	88	0	39	102	638907	0	10057	10	0	0	0	0	10067
TP1_synth_reverse		61	T	1639	84	680	245	0	23	636245	638916	0	0	9	0	0	0	10059	10068
TP1_synth_reverse		62	G	1531	301	453	635817	0	103	700	638905	9	0	6	10053	0	0	0	10068
TP1_synth_reverse		63	T	4251	64	531	36	1	27	634017	638927	1	0	7	0	0	0	10061	10069
TP1_synth_reverse		64	T	2442	980	118	67	0	77	635901	639585	0	2	2	0	0	0	10068	10072
TP1_synth_reverse		65	C	640	637832	813	71	0	89	149	639594	0	10058	15	0	0	0	0	10073
TP1_synth_reverse		66	G	1456	343	314	636453	0	56	967	639589	6	0	7	10059	0	0	1	10073
TP1_synth_reverse		67	C	994	638193	155	26	0	119	102	639589	0	10068	5	0	0	0	0	10073
TP1_synth_reverse		68	A	638785	335	111	147	0	117	92	639587	10068	0	5	0	0	0	0	10073
TP1_synth_reverse		69	C	181	638578	55	26	575	69	103	639587	0	10067	4	0	2	0	0	10073
TP1_synth_reverse		70	T	1216	100	151	172	0	23	637920	639582	0	0	5	0	0	0	10068	10073
TP1_synth_reverse		71	C	349	638637	444	29	0	8	109	639576	0	10058	14	1	0	0	0	10073
TP1_synth_reverse		72	C	914	638320	55	73	0	48	164	639574	0	10069	4	0	0	0	0	10073
TP1_synth_reverse		73	G	997	281	60	637878	1	181	164	639562	2	0	4	10067	0	0	0	10073
TP1_synth_reverse		74	A	638705	92	539	107	0	93	24	639560	10067	0	5	1	0	0	0	10073
TP1_synth_reverse		75	G	1184	268	31	637280	1	12	779	639555	7	0	3	10061	0	0	2	10073
TP1_synth_reverse		76	T	3281	369	191	62	88	27	635520	639538	1	3	5	0	2	0	10062	10073
TP1_synth_reverse		77	G	850	376	314	637132	1	28	821	639522	9	0	9	10053	0	0	2	10073
TP1_synth_reverse		78	C	548	637627	327	41	341	40	590	639514	0	10066	1	0	1	0	5	10073
TP1_synth_reverse		79	G	1134	846	29	636643	0	165	693	639510	10	1	1	10057	0	0	4	10073
TP1_synth_reverse		80	G	1329	234	0	637408	1	175	353	639500	21	1	0	10050	0	0	1	10073
TP1_synth_reverse		81	C	308	637178	229	54	1141	125	458	639493	0	10066	1	0	4	0	2	10073
TP1_synth_reverse		82	A	637211	55	1156	102	1	57	112	638694	10064	0	5	0	0	0	0	10069
TP1_synth_reverse		83	A	638232	61	5	112	0	211	70	638691	10069	0	0	0	0	0	0	10069
TP1_synth_reverse		84	A	638270	53	0	214	0	63	37	638637	10069	0	0	0	0	0	0	10069
TP1_synth_reverse		85	G	133	274	0	637637	0	109	399	638552	0	0	0	10069	0	0	0	10069
TP1_synth_reverse		86	C	353	637974	0	32	3	31	109	638502	0	10069	0	0	0	0	0	10069
TP1_synth_reverse		87	T	1396	88	1	74	0	74	636767	638400	1	0	0	0	0	0	10068	10069
TP1_synth_reverse		88	G	490	414	3	637225	3	78	133	638346	2	0	0	10066	0	0	0	10068
TP1_synth_reverse		89	T	1065	94	115	44	0	244	636715	638277	0	0	0	0	0	0	10068	10068
TP1_synth_reverse		90	T	1069	73	0	33	0	137	636440	637752	0	0	0	0	0	0	10068	10068
TP1_synth_reverse		91	C	455	636210	0	63	0	29	108	636865	0	10068	0	0	0	0	0	10068
TP1_synth_reverse		92	C	361	634557	0	389	0	45	185	635537	0	10065	0	0	0	0	0	10065
TP1_synth_reverse		93	G	683	162	0	633768	0	78	114	634805	5	0	0	10059	0	0	0	10064
TP1_synth_reverse		94	T	878	78	0	92	0	182	633410	634640	0	0	0	0	0	0	10062	10062
TP1_synth_reverse		95	C	0	633885	0	0	0	88	0	633973	0	10059	0	0	0	0	0	10059
TP1_synth_reverse		96	C	0	633217	0	0	0	40	0	633257	0	10050	0	0	0	0	0	10050
TP1_synth_reverse		97	C	0	631044	0	0	0	126	0	631170	0	10045	0	0	0	0	0	10045
TP1_synth_reverse		98	A	627709	0	0	0	0	0	0	627709	10027	0	0	0	0	0	0	10027
TP1_synth_reverse		99	G	0	0	0	626545	0	0	0	626545	0	0	0	10026	0	0	0	10026
