



























































































































































































































#AmpliconChromStart	Alias	Position	ProbableRef	rawA	rawC	rawD	rawG	rawI	rawN	rawT	rawDepth	consA	consC	consD	consG	consI	consN	consT	consDepth	
TP1_synth_forward		5	T	0	0	0	0	0	0	323	323	0	0	0	0	0	0	197	197
TP1_synth_forward		6	G	0	0	0	678	0	0	0	678	0	0	0	511	0	0	0	511
TP1_synth_forward		7	A	746	0	0	0	0	0	0	746	551	0	0	0	0	0	0	551
TP1_synth_forward		8	G	0	0	0	1081	0	0	0	1081	0	0	0	566	0	0	0	566
TP1_synth_forward		9	G	0	0	0	1102	0	0	0	1102	0	0	0	581	0	0	0	581
TP1_synth_forward		10	C	5	1117	0	0	0	1	0	1123	4	594	0	0	0	0	0	598
TP1_synth_forward		11	T	13	0	0	1	0	13	1104	1131	11	0	0	1	0	10	584	606
TP1_synth_forward		12	C	3	1117	0	0	0	11	0	1131	2	593	0	0	0	11	0	606
TP1_synth_forward		13	C	12	1136	0	0	0	3	1	1152	7	614	0	0	0	2	1	624
TP1_synth_forward		14	C	8	1154	0	1	0	2	0	1165	7	627	0	0	0	1	0	635
TP1_synth_forward		15	C	4	1159	0	0	0	10	0	1173	3	630	0	0	0	10	0	643
TP1_synth_forward		16	T	30	1	2	0	0	2	1138	1173	21	1	2	0	0	1	618	643
TP1_synth_forward		17	T	54	1	0	0	0	13	1105	1173	40	1	0	0	0	11	591	643
TP1_synth_forward		18	T	22	0	0	0	0	3	1148	1173	14	0	0	0	0	2	627	643
TP1_synth_forward		19	A	1551	0	1	0	0	11	2	1565	998	0	1	0	0	11	2	1012
TP1_synth_forward		20	T	23	0	0	0	0	3	1539	1565	17	0	0	0	0	3	992	1012
TP1_synth_forward		21	A	1573	1	0	0	0	5	0	1579	1016	1	0	0	0	3	0	1020
TP1_synth_forward		22	C	11	1567	1	0	0	0	0	1579	9	1010	1	0	0	0	0	1020
TP1_synth_forward		23	A	1577	0	0	0	2	0	0	1579	1019	0	0	0	1	0	0	1020
TP1_synth_forward		24	G	3	17	2	1548	0	0	9	1579	1	11	2	1000	0	0	6	1020
TP1_synth_forward		25	A	1577	0	0	1	0	0	1	1579	1018	0	0	1	0	0	1	1020
TP1_synth_forward		26	A	1576	0	0	2	0	0	1	1579	1019	0	0	0	0	0	1	1020
TP1_synth_forward		27	T	43	0	0	1	0	1	1534	1579	28	0	0	1	0	0	991	1020
TP1_synth_forward		28	A	1579	0	0	0	0	0	0	1579	1020	0	0	0	0	0	0	1020
TP1_synth_forward		29	T	29	0	1	1	0	1	1547	1579	23	0	1	1	0	0	995	1020
TP1_synth_forward		30	C	10	1558	0	0	0	11	0	1579	8	1001	0	0	0	11	0	1020
TP1_synth_forward		31	T	32	0	3	0	0	2	1542	1579	20	0	3	0	0	2	995	1020
TP1_synth_forward		32	G	2	33	4	1529	0	1	10	1579	1	28	4	979	0	1	7	1020
TP1_synth_forward		33	T	68	6	3	0	0	0	1502	1579	55	5	3	0	0	0	957	1020
TP1_synth_forward		34	T	36	1	1	0	0	0	1541	1579	26	1	1	0	0	0	992	1020
TP1_synth_forward		35	C	9	1572	1	0	0	0	0	1582	5	1017	1	0	0	0	0	1023
TP1_synth_forward		36	G	0	22	1	1526	0	1	32	1582	0	20	1	975	0	1	26	1023
TP1_synth_forward		37	C	18	1564	0	0	0	0	0	1582	16	1007	0	0	0	0	0	1023
TP1_synth_forward		38	A	1578	2	0	1	0	0	1	1582	1020	1	0	1	0	0	1	1023
TP1_synth_forward		39	C	18	1564	0	0	0	0	0	1582	14	1009	0	0	0	0	0	1023
TP1_synth_forward		40	T	46	1	0	1	0	0	1535	1583	38	1	0	1	0	0	983	1023
TP1_synth_forward		41	C	16	1564	2	0	0	0	0	1582	13	1008	1	0	0	0	0	1022
TP1_synth_forward		42	C	14	1567	0	0	0	0	1	1582	9	1013	0	0	0	0	0	1022
TP1_synth_forward		43	G	0	38	0	1519	0	2	23	1582	0	33	0	970	0	0	19	1022
TP1_synth_forward		44	A	1580	0	2	0	0	1	0	1583	1021	0	2	0	0	1	0	1024
TP1_synth_forward		45	G	0	23	2	1712	0	0	38	1775	0	19	2	988	0	0	28	1037
TP1_synth_forward		46	T	41	1	0	0	0	0	1733	1775	29	1	0	0	0	0	1007	1037
TP1_synth_forward		47	G	0	20	1	1687	0	0	67	1775	0	17	1	963	0	0	56	1037
TP1_synth_forward		48	C	27	1745	2	0	0	0	1	1775	16	1019	1	0	0	0	1	1037
TP1_synth_forward		49	G	4	9	5	1725	0	0	31	1774	4	4	4	1004	0	0	21	1037
TP1_synth_forward		50	G	8	22	0	1722	0	0	22	1774	6	16	0	1001	0	0	14	1037
TP1_synth_forward		51	C	13	2136	2	0	0	0	1	2152	6	1057	2	0	0	0	1	1066
TP1_synth_forward		52	T	31	0	1	1	0	0	1731	1764	18	0	1	1	0	0	680	700
TP1_synth_forward		53	T	57	0	1	3	1	0	1702	1764	37	0	1	3	1	0	658	700
TP1_synth_forward		54	G	3	16	0	1744	1	0	10	1774	0	11	0	689	1	0	8	709
TP1_synth_forward		55	C	21	1693	2	0	0	2	55	1773	18	684	2	0	0	2	2	708
TP1_synth_forward		56	G	10	3	3	1734	0	0	25	1775	8	2	3	684	0	0	13	710
TP1_synth_forward		57	G	10	8	2	1756	0	1	10	1787	4	6	2	694	0	1	9	716
TP1_synth_forward		58	A	1810	0	2	0	0	0	0	1812	721	0	2	0	0	0	0	723
TP1_synth_forward		59	G	8	23	0	1773	1	0	5	1810	7	17	0	694	1	0	3	722
TP1_synth_forward		60	A	1874	3	0	0	0	0	1	1878	737	3	0	0	0	0	1	741
TP1_synth_forward		61	T	19	0	0	5	0	0	2099	2123	15	0	0	4	0	0	730	749
TP1_synth_forward		62	T	36	0	0	0	0	0	2085	2121	24	0	0	0	0	0	723	747
TP1_synth_forward		63	C	13	2117	0	0	0	0	1	2131	11	736	0	0	0	0	1	748
TP1_synth_forward		64	T	23	0	1	1	0	0	2104	2129	14	0	1	0	0	0	731	746
TP1_synth_forward		65	C	13	2121	0	0	0	1	0	2135	9	738	0	0	0	0	0	747
TP1_synth_forward		66	T	38	0	0	3	0	10	2084	2135	22	0	0	2	0	10	713	747
TP1_synth_forward		67	T	33	0	0	1	0	3	2100	2137	22	0	0	1	0	3	722	748
TP1_synth_forward		68	C	10	2125	1	1	0	4	0	2141	8	741	0	0	0	3	0	752
TP1_synth_forward		69	C	9	2124	0	3	0	10	1	2147	7	739	0	1	0	10	0	757
TP1_synth_forward		70	T	13	0	1	2	0	2	2129	2147	8	0	1	1	0	2	745	757
TP1_synth_forward		71	C	3	2144	0	0	0	0	0	2147	2	755	0	0	0	0	0	757
TP1_synth_forward		72	T	15	0	1	1	0	1	2128	2146	8	0	1	0	0	0	747	756
TP1_synth_forward		73	G	4	7	3	2112	0	11	9	2146	4	3	3	729	0	10	7	756
TP1_synth_forward		74	T	30	0	0	1	0	2	2113	2146	21	0	0	0	0	2	733	756
TP1_synth_forward		75	G	1	10	0	2127	4	1	3	2146	1	10	0	739	3	1	2	756
TP1_synth_forward		76	C	16	2125	1	0	0	1	2	2145	13	740	1	0	0	0	1	755
TP1_synth_forward		77	G	2	4	1	2112	0	9	17	2145	2	4	1	724	0	9	15	755
TP1_synth_forward		78	C	13	2127	2	0	0	3	0	2145	11	739	2	0	0	3	0	755
TP1_synth_forward		79	C	14	2129	0	0	2	0	0	2145	12	742	0	0	1	0	0	755
TP1_synth_forward		80	G	8	7	0	2122	0	0	8	2145	7	5	0	736	0	0	7	755
TP1_synth_forward		81	C	6	1753	1	1	1	0	3	1765	6	714	1	0	0	0	3	724
TP1_synth_forward		82	A	1762	1	2	0	0	0	0	1765	721	1	2	0	0	0	0	724
TP1_synth_forward		83	A	1760	1	0	4	0	0	0	1765	720	1	0	3	0	0	0	724
TP1_synth_forward		84	A	1759	2	0	4	0	0	0	1765	720	1	0	3	0	0	0	724
TP1_synth_forward		85	G	0	8	0	1754	0	0	2	1764	0	4	0	719	0	0	1	724
TP1_synth_forward		86	C	9	1755	0	0	0	0	0	1764	8	716	0	0	0	0	0	724
TP1_synth_forward		87	T	17	0	0	3	0	0	1742	1762	10	0	0	2	0	0	711	723
TP1_synth_forward		88	G	2	2	0	1756	0	0	2	1762	2	1	0	719	0	0	1	723
TP1_synth_forward		89	T	16	0	0	2	0	1	1741	1760	12	0	0	1	0	0	708	721
TP1_synth_forward		90	T	20	0	0	1	0	0	1737	1758	16	0	0	0	0	0	703	719
TP1_synth_forward		91	C	5	1747	0	3	0	1	0	1756	3	713	0	1	0	1	0	718
TP1_synth_forward		92	C	6	1742	0	4	0	0	1	1753	5	711	0	0	0	0	1	717
TP1_synth_forward		93	G	2	1	0	1745	0	2	2	1752	2	0	0	713	0	0	2	717
TP1_synth_forward		94	T	14	0	0	2	0	1	1732	1749	8	0	0	2	0	1	703	714
TP1_synth_forward		95	C	2	1746	0	0	0	0	1	1749	1	713	0	0	0	0	0	714
TP1_synth_forward		96	C	0	1500	0	0	0	0	0	1500	0	702	0	0	0	0	0	702
TP1_synth_forward		97	C	0	1487	0	0	0	0	0	1487	0	691	0	0	0	0	0	691
TP1_synth_forward		98	A	1480	0	0	0	0	0	0	1480	687	0	0	0	0	0	0	687
TP1_synth_forward		99	G	0	0	0	1471	0	0	0	1471	0	0	0	682	0	0	0	682
TP1_synth_forward		100	T	0	0	0	0	0	0	1442	1442	0	0	0	0	0	0	667	667
TP1_synth_forward	TP1_synth_forward	1	G	0	0	0	424704	0	0	0	424704	0	0	0	30009	0	0	0	30009
TP1_synth_forward	TP1_synth_forward	2	T	0	0	0	0	0	0	426104	426104	0	0	0	0	0	0	30285	30285
TP1_synth_forward	TP1_synth_forward	3	G	0	0	0	426943	0	82	0	427025	0	0	0	30643	0	20	0	30663
TP1_synth_forward	TP1_synth_forward	4	G	0	0	0	427516	0	37	0	427553	0	0	0	30927	0	5	0	30932
TP1_synth_forward	TP1_synth_forward	5	T	0	0	0	0	0	131	427422	427553	0	0	0	0	0	52	30880	30932
TP1_synth_forward	TP1_synth_forward	6	G	108	42	0	427238	0	18	147	427553	6	8	0	30892	0	10	16	30932
TP1_synth_forward	TP1_synth_forward	7	A	427417	16	0	54	0	7	59	427553	30926	3	0	2	0	0	1	30932
TP1_synth_forward	TP1_synth_forward	8	G	82	40	0	427200	0	62	169	427553	9	7	0	30895	0	3	18	30932
TP1_synth_forward	TP1_synth_forward	9	G	81	77	0	427274	1	16	104	427553	3	29	0	30879	1	1	19	30932
TP1_synth_forward	TP1_synth_forward	10	C	180	427255	0	23	0	18	77	427553	39	30884	0	4	0	2	3	30932
TP1_synth_forward	TP1_synth_forward	11	T	171	74	36	11	633	14	426614	427553	51	3	3	2	52	3	30818	30932
TP1_synth_forward	TP1_synth_forward	12	C	175	425593	1637	16	0	30	102	427553	39	30814	71	1	0	2	5	30932
TP1_synth_forward	TP1_synth_forward	13	C	208	427192	1	15	1	76	60	427553	34	30869	0	1	1	23	4	30932
TP1_synth_forward	TP1_synth_forward	14	C	191	427235	0	17	1	45	64	427553	21	30905	0	1	0	5	0	30932
TP1_synth_forward	TP1_synth_forward	15	C	177	427073	0	41	194	17	51	427553	41	30873	0	2	14	0	2	30932
TP1_synth_forward	TP1_synth_forward	16	T	317	39	765	16	0	13	426403	427553	68	2	46	3	0	1	30812	30932
TP1_synth_forward	TP1_synth_forward	17	T	353	43	61	13	0	99	426984	427553	84	1	6	1	0	37	30803	30932
TP1_synth_forward	TP1_synth_forward	18	T	266	33	1	12	2	78	427161	427553	69	2	0	0	1	32	30828	30932
TP1_synth_forward	TP1_synth_forward	19	A	426702	3	638	46	0	46	118	427553	30858	1	54	1	0	8	10	30932
TP1_synth_forward	TP1_synth_forward	20	T	324	41	236	17	0	53	426882	427553	94	1	23	0	0	12	30802	30932
TP1_synth_forward	TP1_synth_forward	21	A	426827	7	284	189	0	109	137	427553	30871	0	25	9	0	8	19	30932
TP1_synth_forward	TP1_synth_forward	22	C	250	426526	512	42	45	74	104	427553	48	30813	47	5	5	13	1	30932
TP1_synth_forward	TP1_synth_forward	23	A	426235	19	424	85	523	62	205	427553	30800	9	53	4	20	36	10	30932
TP1_synth_forward	TP1_synth_forward	24	G	68	95	271	426898	23	54	144	427553	6	28	46	30796	10	18	28	30932
TP1_synth_forward	TP1_synth_forward	25	A	427180	22	95	154	1	56	45	427553	30893	3	22	8	0	5	1	30932
TP1_synth_forward	TP1_synth_forward	26	A	426929	3	192	57	205	81	86	427553	30877	2	18	2	15	13	5	30932
TP1_synth_forward	TP1_synth_forward	27	T	903	47	192	73	127	37	426174	427553	188	1	18	8	6	16	30695	30932
TP1_synth_forward	TP1_synth_forward	28	A	427329	3	39	54	7	33	88	427553	30881	1	15	1	5	22	7	30932
TP1_synth_forward	TP1_synth_forward	29	T	378	46	437	8	0	9	426675	427553	85	1	32	1	0	5	30808	30932
TP1_synth_forward	TP1_synth_forward	30	C	495	426455	517	7	0	23	56	427553	182	30697	38	0	0	5	10	30932
TP1_synth_forward	TP1_synth_forward	31	T	1170	51	1166	16	0	18	425058	427479	464	1	78	2	0	3	30320	30868
TP1_synth_forward	TP1_synth_forward	32	G	99	433	1077	425068	30	36	716	427459	5	126	80	30497	1	4	140	30853
TP1_synth_forward	TP1_synth_forward	33	T	2047	799	637	12	0	15	423943	427453	677	26	62	1	0	1	30082	30849
TP1_synth_forward	TP1_synth_forward	34	T	772	41	312	11	1	16	425946	427099	182	2	38	1	0	9	30593	30825
TP1_synth_forward	TP1_synth_forward	35	C	594	425444	787	24	51	43	154	427097	205	30542	51	2	5	4	15	30824
TP1_synth_forward	TP1_synth_forward	36	G	101	624	325	425130	98	39	764	427081	11	286	41	30292	8	6	168	30812
TP1_synth_forward	TP1_synth_forward	37	C	258	426447	262	12	0	26	74	427079	64	30703	38	0	0	1	4	30810
TP1_synth_forward	TP1_synth_forward	38	A	426543	54	242	70	0	50	117	427076	30741	7	31	4	0	4	23	30810
TP1_synth_forward	TP1_synth_forward	39	C	158	426544	242	35	1	23	69	427072	39	30725	31	9	0	2	2	30808
TP1_synth_forward	TP1_synth_forward	40	T	724	77	338	52	62	20	425793	427066	180	2	30	10	5	1	30574	30802
TP1_synth_forward	TP1_synth_forward	41	C	333	424359	1951	12	1	17	388	427061	78	30594	97	4	0	4	24	30801
TP1_synth_forward	TP1_synth_forward	42	C	699	425536	188	24	4	77	200	426728	250	30470	13	4	1	22	16	30776
TP1_synth_forward	TP1_synth_forward	43	G	101	627	260	424670	347	55	643	426703	5	163	22	30429	21	8	115	30763
TP1_synth_forward	TP1_synth_forward	44	A	425508	26	860	31	15	72	47	426559	30677	5	48	1	4	18	3	30756
TP1_synth_forward	TP1_synth_forward	45	G	72	312	956	423877	0	50	1279	426546	1	105	41	30376	0	2	223	30748
TP1_synth_forward	TP1_synth_forward	46	T	1956	55	198	11	1	15	424303	426539	628	2	18	0	1	6	30087	30742
TP1_synth_forward	TP1_synth_forward	47	G	177	771	314	423634	0	5	1622	426523	14	332	34	30005	0	2	343	30730
TP1_synth_forward	TP1_synth_forward	48	C	370	425450	560	19	13	4	106	426522	81	30593	39	0	10	0	6	30729
TP1_synth_forward	TP1_synth_forward	49	G	164	268	1207	423691	9	24	1151	426514	37	122	78	30134	9	0	343	30723
TP1_synth_forward	TP1_synth_forward	50	G	151	384	467	424782	0	11	714	426509	26	102	33	30304	0	4	251	30720
TP1_synth_forward	TP1_synth_forward	51	C	397	423572	2067	20	4	48	392	426500	155	30408	110	2	0	15	23	30713
TP1_synth_forward	TP1_synth_forward	52	T	1497	34	1309	116	4	28	423509	426497	563	0	70	25	1	2	30050	30711
TP1_synth_forward	TP1_synth_forward	53	T	1559	86	1086	88	721	24	422921	426485	504	5	53	10	41	11	30084	30708
TP1_synth_forward	TP1_synth_forward	54	G	95	244	371	425104	5	5	653	426477	15	52	38	30541	2	2	53	30703
TP1_synth_forward	TP1_synth_forward	55	C	418	425002	673	44	0	27	301	426465	133	30479	53	4	0	16	14	30699
TP1_synth_forward	TP1_synth_forward	56	G	289	74	790	423588	0	40	1682	426463	93	27	74	30237	0	9	258	30698
TP1_synth_forward	TP1_synth_forward	57	G	182	103	615	425185	12	16	340	426453	45	16	43	30462	5	11	114	30696
TP1_synth_forward	TP1_synth_forward	58	A	425373	24	832	85	1	35	98	426448	30606	5	51	4	0	22	8	30696
TP1_synth_forward	TP1_synth_forward	59	G	193	304	699	424173	798	12	257	426436	58	72	51	30356	40	3	110	30690
TP1_synth_forward	TP1_synth_forward	60	A	425204	122	539	79	1	23	466	426434	30603	21	36	8	0	1	20	30689
TP1_synth_forward	TP1_synth_forward	61	T	567	39	890	83	0	8	424837	426424	131	1	62	10	0	2	30479	30685
TP1_synth_forward	TP1_synth_forward	62	T	1167	53	732	25	54	76	424295	426402	176	0	45	3	12	19	30425	30680
TP1_synth_forward	TP1_synth_forward	63	C	815	424581	792	15	0	23	168	426394	281	30316	59	3	0	3	15	30677
TP1_synth_forward	TP1_synth_forward	64	T	1472	43	950	120	1	51	423739	426376	247	2	55	12	0	1	30351	30668
TP1_synth_forward	TP1_synth_forward	65	C	382	423975	1658	101	105	57	91	426369	80	30449	110	11	5	5	6	30666
TP1_synth_forward	TP1_synth_forward	66	T	1452	61	1316	74	1	19	423442	426365	303	1	58	8	0	4	30291	30665
TP1_synth_forward	TP1_synth_forward	67	T	2328	56	731	57	0	83	423094	426349	651	2	26	6	0	23	29956	30664
TP1_synth_forward	TP1_synth_forward	68	C	685	424421	1028	29	0	80	105	426348	172	30438	34	5	0	5	10	30664
TP1_synth_forward	TP1_synth_forward	69	C	442	425199	515	80	0	43	67	426346	68	30555	20	7	0	9	3	30662
TP1_synth_forward	TP1_synth_forward	70	T	559	47	569	53	0	21	425090	426339	101	3	26	9	0	2	30519	30660
TP1_synth_forward	TP1_synth_forward	71	C	173	425145	912	23	0	16	69	426338	21	30578	50	1	0	2	8	30660
TP1_synth_forward	TP1_synth_forward	72	T	1383	44	437	46	0	29	424398	426337	465	5	23	4	0	9	30154	30660
TP1_synth_forward	TP1_synth_forward	73	G	243	181	907	424801	0	113	86	426331	23	40	47	30513	0	16	18	30657
TP1_synth_forward	TP1_synth_forward	74	T	1118	61	116	32	182	62	424754	426325	317	5	22	2	25	4	30279	30654
TP1_synth_forward	TP1_synth_forward	75	G	88	152	1054	424264	400	11	354	426323	9	42	37	30509	25	2	29	30653
TP1_synth_forward	TP1_synth_forward	76	C	504	424240	1044	36	8	18	469	426319	188	30376	51	2	6	8	21	30652
TP1_synth_forward	TP1_synth_forward	77	G	173	185	1125	424372	8	13	436	426312	15	40	51	30444	1	2	97	30650
TP1_synth_forward	TP1_synth_forward	78	C	196	423646	1324	843	0	39	264	426312	36	30499	48	29	0	24	14	30650
TP1_synth_forward	TP1_synth_forward	79	C	157	424595	747	24	313	101	369	426306	29	30549	21	4	12	15	19	30649
TP1_synth_forward	TP1_synth_forward	80	G	293	264	17	425481	1	104	137	426297	38	64	0	30511	0	8	23	30644
TP1_synth_forward	TP1_synth_forward	81	C	128	424397	450	17	502	89	711	426294	24	30548	24	0	16	10	19	30641
TP1_synth_forward	TP1_synth_forward	82	A	425687	48	204	273	0	38	44	426294	30589	4	19	13	0	13	3	30641
TP1_synth_forward	TP1_synth_forward	83	A	425601	40	4	481	1	118	48	426293	30590	4	1	33	0	10	2	30640
TP1_synth_forward	TP1_synth_forward	84	A	426041	47	0	126	0	30	38	426282	30621	3	0	9	0	4	1	30638
TP1_synth_forward	TP1_synth_forward	85	G	92	182	0	425804	1	70	102	426251	11	36	0	30537	0	24	21	30629
TP1_synth_forward	TP1_synth_forward	86	C	197	425870	0	27	0	34	98	426226	39	30575	0	3	0	4	4	30625
TP1_synth_forward	TP1_synth_forward	87	T	911	65	1	61	0	44	425094	426176	178	6	0	5	0	13	30409	30611
TP1_synth_forward	TP1_synth_forward	88	G	96	261	440	425148	8	75	118	426146	7	24	11	30527	0	7	26	30602
TP1_synth_forward	TP1_synth_forward	89	T	589	62	411	19	1	149	424823	426054	74	0	20	1	0	46	30450	30591
TP1_synth_forward	TP1_synth_forward	90	T	829	63	0	295	249	85	424482	426003	113	5	0	7	3	10	30443	30581
TP1_synth_forward	TP1_synth_forward	91	C	302	425335	13	191	0	23	90	425954	53	30496	0	14	0	0	4	30567
TP1_synth_forward	TP1_synth_forward	92	C	202	424642	0	530	0	27	520	425921	29	30480	0	35	0	2	18	30564
TP1_synth_forward	TP1_synth_forward	93	G	251	115	0	425322	0	55	86	425829	28	25	0	30483	0	4	14	30554
TP1_synth_forward	TP1_synth_forward	94	T	624	64	0	85	0	99	424842	425714	98	1	0	8	0	18	30417	30542
TP1_synth_forward	TP1_synth_forward	95	C	106	425394	0	33	0	66	90	425689	7	30501	0	3	0	24	5	30540
TP1_synth_forward	TP1_synth_forward	96	C	0	424716	0	0	0	38	0	424754	0	30465	0	0	0	16	0	30481
TP1_synth_forward	TP1_synth_forward	97	C	0	423299	0	0	0	92	0	423391	0	30369	0	0	0	28	0	30397
TP1_synth_forward	TP1_synth_forward	98	A	422391	0	0	0	0	70	0	422461	30290	0	0	0	0	23	0	30313
TP1_synth_forward	TP1_synth_forward	99	G	0	0	0	422095	0	0	0	422095	0	0	0	30260	0	0	0	30260
TP1_synth_forward	TP1_synth_forward	100	T	0	0	0	0	0	0	421320	421320	0	0	0	0	0	0	30160	30160
