



























































































































































































































#AmpliconChromStart	Alias	Position	ProbableRef	rawA	rawC	rawD	rawG	rawI	rawN	rawT	rawDepth	consA	consC	consD	consG	consI	consN	consT	consDepth	
TP1_synth_reverse		1	G	0	0	0	734208	0	0	0	734208	0	0	0	15520	0	0	0	15520
TP1_synth_reverse		2	T	0	0	0	0	0	0	735942	735942	0	0	0	0	0	0	15540	15540
TP1_synth_reverse		3	G	0	0	0	738544	0	63	0	738607	0	0	0	15569	0	0	0	15569
TP1_synth_reverse		4	G	0	0	0	739207	0	59	0	739266	0	0	0	15582	0	0	0	15582
TP1_synth_reverse		5	T	0	0	0	0	0	12	739719	739731	0	0	0	0	0	0	15592	15592
TP1_synth_reverse		6	G	111	64	0	739656	0	13	329	740173	0	0	0	15591	0	0	5	15596
TP1_synth_reverse		7	A	740016	19	0	80	0	75	116	740306	15599	0	0	0	0	0	0	15599
TP1_synth_reverse		8	G	83	67	0	739481	0	99	726	740456	0	0	0	15599	0	0	5	15604
TP1_synth_reverse		9	G	77	118	0	740433	4	23	117	740772	0	0	0	15610	0	0	0	15610
TP1_synth_reverse		10	C	230	740354	1	24	2	21	162	740794	0	15610	0	0	0	0	1	15611
TP1_synth_reverse		11	T	151	129	36	10	14	28	740426	740794	0	0	1	0	0	0	15610	15611
TP1_synth_reverse		12	C	268	740002	165	12	0	76	271	740794	1	15609	0	0	0	0	1	15611
TP1_synth_reverse		13	C	405	740196	0	19	0	70	104	740794	0	15611	0	0	0	0	0	15611
TP1_synth_reverse		14	C	385	740240	0	17	0	40	112	740794	0	15611	0	0	0	0	0	15611
TP1_synth_reverse		15	C	271	740341	0	20	6	58	98	740794	1	15610	0	0	0	0	0	15611
TP1_synth_reverse		16	T	298	79	165	14	0	187	740051	740794	0	0	2	0	0	0	15609	15611
TP1_synth_reverse		17	T	312	106	1	6	0	56	740313	740794	0	0	0	0	0	0	15611	15611
TP1_synth_reverse		18	T	281	125	1	4	2	53	740328	740794	0	0	0	0	0	0	15611	15611
TP1_synth_reverse		19	C	406	740993	6	17	3	63	90	741578	1	15611	0	0	0	0	0	15612
TP1_synth_reverse		20	T	200	83	81	7	0	21	741186	741578	0	0	3	0	0	0	15609	15612
TP1_synth_reverse		21	T	445	145	3	45	8	88	740853	741587	0	1	0	0	0	0	15611	15612
TP1_synth_reverse		22	G	271	400	75	740076	4	11	765	741602	2	0	1	15593	0	0	17	15613
TP1_synth_reverse		23	C	808	740043	29	66	23	26	617	741612	6	15600	0	0	0	0	8	15614
TP1_synth_reverse		24	G	465	199	29	740025	0	31	863	741612	5	1	1	15604	0	0	3	15614
TP1_synth_reverse		25	G	125	613	4	740352	2	97	434	741627	0	1	0	15611	0	0	3	15615
TP1_synth_reverse		26	A	741205	19	11	240	9	43	125	741652	15615	0	0	1	0	0	0	15616
TP1_synth_reverse		27	G	70	699	44	740180	0	12	647	741652	0	0	2	15610	0	0	4	15616
TP1_synth_reverse		28	A	741379	14	64	88	6	30	92	741673	15615	0	2	0	0	0	0	15617
TP1_synth_reverse		29	T	258	107	221	128	0	121	740838	741673	0	0	4	0	0	0	15613	15617
TP1_synth_reverse		30	T	892	109	14	41	1	101	740515	741673	1	0	1	0	0	0	15615	15617
TP1_synth_reverse		31	C	1139	740197	21	27	0	60	224	741668	4	15612	1	0	0	0	1	15618
TP1_synth_reverse		32	T	503	56	16	47	0	330	740716	741668	0	0	1	0	0	0	15618	15619
TP1_synth_reverse		33	C	480	740901	17	34	1	113	116	741662	1	15616	1	0	0	0	1	15619
TP1_synth_reverse		34	T	612	111	113	62	0	72	740691	741661	0	0	3	0	0	0	15616	15619
TP1_synth_reverse		35	T	1326	104	40	59	5	91	740024	741649	0	0	2	0	0	0	15617	15619
TP1_synth_reverse		36	C	1001	740283	53	27	0	46	235	741645	2	15614	2	0	0	0	1	15619
TP1_synth_reverse		37	C	837	740532	49	47	0	52	113	741630	4	15613	2	0	0	0	0	15619
TP1_synth_reverse		38	T	612	157	53	198	1	20	740577	741618	0	1	2	0	0	0	15616	15619
TP1_synth_reverse		39	C	439	740923	53	42	0	71	84	741612	2	15615	2	0	0	0	0	15619
TP1_synth_reverse		40	T	1102	263	57	26	6	149	740003	741606	0	6	2	0	0	0	15611	15619
TP1_synth_reverse		41	G	735	524	54	739623	1	18	639	741594	3	0	2	15607	0	0	7	15619
TP1_synth_reverse		42	T	1900	115	10	24	6	56	739491	741602	0	1	0	0	0	0	15619	15620
TP1_synth_reverse		43	G	587	415	11	739821	4	341	459	741638	0	0	0	15616	0	0	5	15621
TP1_synth_reverse		44	C	677	740010	15	75	9	157	716	741659	3	15610	0	0	0	0	9	15622
TP1_synth_reverse		45	G	335	303	7	738760	3	45	2192	741645	2	1	0	15607	0	0	12	15622
TP1_synth_reverse		46	C	796	740499	126	35	0	13	172	741641	4	15611	4	0	0	0	3	15622
TP1_synth_reverse		47	C	361	740873	4	168	5	32	215	741658	1	15621	0	1	0	0	0	15623
TP1_synth_reverse		48	G	368	572	21	739420	1	34	1232	741648	4	1	0	15612	0	0	7	15624
TP1_synth_reverse		49	A	741275	36	7	69	0	172	112	741671	15624	0	0	0	0	0	0	15624
TP1_synth_reverse		50	T	834	72	4	141	1	108	740496	741656	0	0	0	0	0	0	15624	15624
TP1_synth_reverse		51	A	741331	39	11	98	2	98	109	741688	15625	0	0	0	0	0	0	15625
TP1_synth_reverse		52	C	743	740498	6	91	1	239	103	741681	3	15622	0	0	0	0	0	15625
TP1_synth_reverse		53	A	741083	26	9	230	3	266	142	741759	15624	0	0	1	0	0	1	15626
TP1_synth_reverse		54	G	132	212	16	740718	7	63	595	741743	0	0	0	15621	0	0	5	15626
TP1_synth_reverse		55	A	741347	72	11	271	1	107	68	741877	15626	0	0	1	0	0	0	15627
TP1_synth_reverse		56	A	741523	11	4	149	1	70	116	741874	15627	0	0	0	0	0	0	15627
TP1_synth_reverse		57	T	1425	59	11	183	4	194	739976	741852	1	0	0	0	0	0	15626	15627
TP1_synth_reverse		58	A	741381	12	116	80	0	236	112	741937	15627	0	1	0	0	0	0	15628
TP1_synth_reverse		59	T	807	56	195	93	0	320	740442	741913	0	0	3	0	0	0	15625	15628
TP1_synth_reverse		60	C	724	740832	10	47	0	223	54	741890	3	15625	0	0	0	0	0	15628
TP1_synth_reverse		61	T	1031	192	3	35	1	177	740457	741896	0	1	0	0	0	0	15628	15629
TP1_synth_reverse		62	G	469	190	66	739942	2	290	917	741876	3	0	1	15617	0	0	8	15629
TP1_synth_reverse		63	T	1795	58	10	18	0	118	739955	741954	0	0	0	0	0	0	15630	15630
TP1_synth_reverse		64	T	1546	52	7	13	2	43	740296	741959	0	0	0	0	0	0	15631	15631
TP1_synth_reverse		65	C	1019	740476	46	42	3	127	235	741948	2	15626	1	0	0	0	2	15631
TP1_synth_reverse		66	G	986	324	40	738814	0	51	1721	741936	6	0	1	15600	0	0	24	15631
TP1_synth_reverse		67	C	776	740652	155	61	0	186	134	741964	1	15627	2	1	0	0	1	15632
TP1_synth_reverse		68	A	741533	195	6	136	0	87	59	742016	15633	0	0	0	0	0	0	15633
TP1_synth_reverse		69	C	276	741343	188	81	0	42	80	742010	1	15628	3	1	0	0	0	15633
TP1_synth_reverse		70	T	977	493	175	60	2	79	740213	741999	1	6	2	0	0	0	15624	15633
TP1_synth_reverse		71	C	601	740968	17	28	1	287	94	741996	3	15630	0	0	0	0	0	15633
TP1_synth_reverse		72	C	631	740860	7	59	1	102	330	741990	0	15631	0	0	0	0	2	15633
TP1_synth_reverse		73	G	364	435	22	740296	0	300	557	741974	5	0	0	15626	0	0	2	15633
TP1_synth_reverse		74	A	741618	45	8	149	3	92	57	741972	15631	0	0	1	0	0	1	15633
TP1_synth_reverse		75	G	108	329	21	740570	0	47	874	741949	1	0	0	15615	0	0	17	15633
TP1_synth_reverse		76	T	812	86	26	78	3	51	740881	741937	0	0	0	0	0	0	15633	15633
TP1_synth_reverse		77	G	318	292	86	740650	2	51	513	741912	3	0	2	15620	0	0	8	15633
TP1_synth_reverse		78	C	532	739675	23	49	2	413	1214	741908	0	15615	0	0	0	0	18	15633
TP1_synth_reverse		79	G	242	467	13	733303	0	101	7773	741899	5	0	0	15527	0	0	101	15633
TP1_synth_reverse		80	G	148	226	5	737085	1	116	4299	741880	2	0	0	15571	0	0	60	15633
TP1_synth_reverse		81	C	657	740865	20	71	5	85	160	741863	5	15628	0	0	0	0	0	15633
TP1_synth_reverse		82	A	740525	35	244	145	0	70	134	741153	15631	0	2	0	0	0	0	15633
TP1_synth_reverse		83	A	740696	52	15	94	0	205	90	741152	15633	0	0	0	0	0	0	15633
TP1_synth_reverse		84	A	740682	45	2	124	0	221	48	741122	15633	0	0	0	0	0	0	15633
TP1_synth_reverse		85	G	146	238	0	740135	198	115	191	741023	0	0	0	15630	3	0	0	15633
TP1_synth_reverse		86	C	1044	739517	3	51	73	60	241	740989	8	15623	0	0	0	0	2	15633
TP1_synth_reverse		87	T	947	86	32	26	19	242	739567	740919	0	0	0	0	0	0	15633	15633
TP1_synth_reverse		88	G	152	355	5	739772	248	140	203	740875	0	0	0	15630	3	0	0	15633
TP1_synth_reverse		89	T	530	92	608	24	0	39	739545	740838	0	0	4	0	0	0	15629	15633
TP1_synth_reverse		90	T	545	104	2	19	2	70	739975	740717	0	0	0	0	0	0	15632	15632
TP1_synth_reverse		91	C	420	739725	0	96	0	264	104	740609	0	15632	0	0	0	0	0	15632
TP1_synth_reverse		92	C	581	738988	0	78	0	320	206	740173	1	15627	0	2	0	0	0	15630
TP1_synth_reverse		93	G	253	261	0	738356	0	116	140	739126	0	0	0	15628	0	0	0	15628
TP1_synth_reverse		94	T	412	104	0	48	0	63	738110	738737	0	0	0	0	0	0	15628	15628
TP1_synth_reverse		95	C	0	737932	0	0	0	145	0	738077	0	15628	0	0	0	0	0	15628
TP1_synth_reverse		96	C	0	737227	0	0	0	95	0	737322	0	15623	0	0	0	0	0	15623
TP1_synth_reverse		97	C	0	735938	0	0	0	144	0	736082	0	15620	0	0	0	0	0	15620
TP1_synth_reverse		98	A	734088	0	0	0	0	0	0	734088	15615	0	0	0	0	0	0	15615
TP1_synth_reverse		99	G	0	0	0	733197	0	0	0	733197	0	0	0	15609	0	0	0	15609
