



























































































































































































































#AmpliconChromStart	Alias	Position	ProbableRef	rawA	rawC	rawD	rawG	rawI	rawN	rawT	rawDepth	consA	consC	consD	consG	consI	consN	consT	consDepth
TP1_synth_reverse		1	G	0	0	0	734208	0	0	0	734208	0	0	0	10055	0	0	0	10055
TP1_synth_reverse		2	T	0	0	0	0	0	0	735942	735942	0	0	0	0	0	0	10071	10071
TP1_synth_reverse		3	G	0	0	0	738544	0	63	0	738607	0	0	0	10091	0	0	0	10091
TP1_synth_reverse		4	G	0	0	0	739207	0	59	0	739266	0	0	0	10096	0	0	0	10096
TP1_synth_reverse		5	T	0	0	0	0	0	12	739719	739731	0	0	0	0	0	0	10100	10100
TP1_synth_reverse		6	G	111	64	0	739656	0	13	329	740173	0	0	0	10098	0	0	4	10102
TP1_synth_reverse		7	A	740016	19	0	80	0	75	116	740306	10104	0	0	0	0	0	0	10104
TP1_synth_reverse		8	G	83	67	0	739481	0	99	726	740456	0	0	0	10103	0	0	3	10106
TP1_synth_reverse		9	G	77	118	0	740433	4	23	117	740772	0	0	0	10111	0	0	0	10111
TP1_synth_reverse		10	C	230	740354	1	24	2	21	162	740794	0	10111	0	0	0	0	1	10112
TP1_synth_reverse		11	T	151	129	36	10	14	28	740426	740794	0	0	1	0	0	0	10111	10112
TP1_synth_reverse		12	C	268	740002	165	12	0	76	271	740794	0	10111	0	0	0	0	1	10112
TP1_synth_reverse		13	C	405	740196	0	19	0	70	104	740794	0	10112	0	0	0	0	0	10112
TP1_synth_reverse		14	C	385	740240	0	17	0	40	112	740794	0	10112	0	0	0	0	0	10112
TP1_synth_reverse		15	C	271	740341	0	20	6	58	98	740794	1	10111	0	0	0	0	0	10112
TP1_synth_reverse		16	T	298	79	165	14	0	187	740051	740794	0	0	1	0	0	0	10111	10112
TP1_synth_reverse		17	T	312	106	1	6	0	56	740313	740794	0	0	0	0	0	0	10112	10112
TP1_synth_reverse		18	T	281	125	1	4	2	53	740328	740794	0	0	0	0	0	0	10112	10112
TP1_synth_reverse		19	C	406	740993	6	17	3	63	90	741578	1	10112	0	0	0	0	0	10113
TP1_synth_reverse		20	T	200	83	81	7	0	21	741186	741578	0	0	1	0	0	0	10112	10113
TP1_synth_reverse		21	T	445	145	3	45	8	88	740853	741587	0	0	0	0	0	0	10113	10113
TP1_synth_reverse		22	G	271	400	75	740076	4	11	765	741602	2	0	0	10102	0	0	9	10113
TP1_synth_reverse		23	C	808	740033	29	66	23	26	617	741602	4	10104	0	0	0	0	5	10113
TP1_synth_reverse		24	G	465	199	29	740015	0	31	863	741602	4	1	0	10106	0	0	2	10113
TP1_synth_reverse		25	G	125	613	4	740342	2	97	434	741617	0	1	0	10112	0	0	1	10114
TP1_synth_reverse		26	A	741195	19	11	240	9	43	125	741642	10114	0	0	1	0	0	0	10115
TP1_synth_reverse		27	G	70	699	44	740170	0	12	647	741642	0	0	1	10110	0	0	4	10115
TP1_synth_reverse		28	A	741369	14	64	88	6	30	92	741663	10114	0	2	0	0	0	0	10116
TP1_synth_reverse		29	T	258	107	221	128	0	121	740828	741663	0	0	3	0	0	0	10113	10116
TP1_synth_reverse		30	T	890	109	14	41	1	101	740507	741663	1	0	0	0	0	0	10115	10116
TP1_synth_reverse		31	C	1138	740188	21	27	0	60	224	741658	3	10112	0	0	0	0	1	10116
TP1_synth_reverse		32	T	503	56	16	47	0	330	740706	741658	0	0	0	0	0	0	10116	10116
TP1_synth_reverse		33	C	480	740896	17	34	1	113	116	741657	0	10116	0	0	0	0	0	10116
TP1_synth_reverse		34	T	611	111	113	62	0	72	740687	741656	0	0	3	0	0	0	10113	10116
TP1_synth_reverse		35	T	1325	104	40	59	5	91	740020	741644	0	0	2	0	0	0	10114	10116
TP1_synth_reverse		36	C	1001	740293	53	27	0	46	235	741655	2	10111	2	0	0	0	1	10116
TP1_synth_reverse		37	C	837	740542	49	47	0	52	113	741640	4	10110	2	0	0	0	0	10116
TP1_synth_reverse		38	T	614	157	53	198	1	20	740585	741628	0	1	2	0	0	0	10113	10116
TP1_synth_reverse		39	C	439	740933	53	42	0	71	84	741622	1	10113	2	0	0	0	0	10116
TP1_synth_reverse		40	T	1100	263	57	26	6	149	740015	741616	0	3	2	0	0	0	10111	10116
TP1_synth_reverse		41	G	736	523	54	739633	1	18	639	741604	2	0	2	10107	0	0	5	10116
TP1_synth_reverse		42	T	1901	115	10	24	6	56	739500	741612	0	1	0	0	0	0	10115	10116
TP1_synth_reverse		43	G	587	413	11	739834	4	341	458	741648	0	0	0	10114	0	0	3	10117
TP1_synth_reverse		44	C	677	740020	15	75	9	157	716	741669	2	10110	0	0	0	0	6	10118
TP1_synth_reverse		45	G	335	305	7	738764	3	45	2191	741650	2	1	0	10107	0	0	8	10118
TP1_synth_reverse		46	C	797	740503	126	35	0	13	172	741646	3	10111	1	0	0	0	3	10118
TP1_synth_reverse		47	C	362	740877	4	168	5	32	215	741663	0	10117	0	1	0	0	0	10118
TP1_synth_reverse		48	G	368	574	21	739418	1	34	1237	741653	1	1	0	10110	0	0	7	10119
TP1_synth_reverse		49	A	741280	36	7	69	0	172	112	741676	10119	0	0	0	0	0	0	10119
TP1_synth_reverse		50	T	833	72	4	141	1	108	740502	741661	0	0	0	0	0	0	10119	10119
TP1_synth_reverse		51	A	741302	39	11	98	2	98	109	741659	10119	0	0	0	0	0	0	10119
TP1_synth_reverse		52	C	744	740468	6	91	1	239	103	741652	3	10116	0	0	0	0	0	10119
TP1_synth_reverse		53	A	741054	26	9	230	3	266	142	741730	10119	0	0	1	0	0	0	10120
TP1_synth_reverse		54	G	133	212	16	740688	7	63	595	741714	0	0	0	10117	0	0	3	10120
TP1_synth_reverse		55	A	741317	72	11	272	1	107	68	741848	10120	0	0	1	0	0	0	10121
TP1_synth_reverse		56	A	741493	11	4	149	1	70	117	741845	10121	0	0	0	0	0	0	10121
TP1_synth_reverse		57	T	1424	59	11	184	4	194	739947	741823	0	0	0	0	0	0	10121	10121
TP1_synth_reverse		58	A	741352	12	116	80	0	236	112	741908	10121	0	1	0	0	0	0	10122
TP1_synth_reverse		59	T	807	56	195	93	0	320	740413	741884	0	0	2	0	0	0	10120	10122
TP1_synth_reverse		60	C	726	740801	10	47	0	223	54	741861	0	10122	0	0	0	0	0	10122
TP1_synth_reverse		61	T	1030	192	3	34	1	177	740430	741867	0	1	0	0	0	0	10122	10123
TP1_synth_reverse		62	G	469	193	66	739909	2	290	918	741847	3	0	1	10113	0	0	6	10123
TP1_synth_reverse		63	T	1796	58	10	18	0	118	739925	741925	0	0	0	0	0	0	10124	10124
TP1_synth_reverse		64	T	1545	52	7	13	2	43	740268	741930	0	0	0	0	0	0	10125	10125
TP1_synth_reverse		65	C	1021	740445	46	42	3	127	235	741919	1	10122	1	0	0	0	1	10125
TP1_synth_reverse		66	G	988	325	40	738782	0	51	1721	741907	5	0	1	10104	0	0	15	10125
TP1_synth_reverse		67	C	777	740624	155	60	0	186	134	741936	0	10122	2	1	0	0	1	10126
TP1_synth_reverse		68	A	741505	195	6	136	0	87	59	741988	10127	0	0	0	0	0	0	10127
TP1_synth_reverse		69	C	277	741315	188	81	0	42	80	741983	1	10124	1	1	0	0	0	10127
TP1_synth_reverse		70	T	976	493	175	60	2	79	740187	741972	1	4	1	0	0	0	10121	10127
TP1_synth_reverse		71	C	601	740941	17	28	1	287	94	741969	3	10124	0	0	0	0	0	10127
TP1_synth_reverse		72	C	630	740834	7	59	1	102	330	741963	0	10126	0	0	0	0	1	10127
TP1_synth_reverse		73	G	364	435	22	740270	0	300	556	741947	3	0	0	10122	0	0	2	10127
TP1_synth_reverse		74	A	741592	45	8	148	3	92	57	741945	10126	0	0	1	0	0	0	10127
TP1_synth_reverse		75	G	108	330	21	740542	0	47	874	741922	0	0	0	10119	0	0	8	10127
TP1_synth_reverse		76	T	810	86	26	76	3	51	740858	741910	0	0	0	0	0	0	10127	10127
TP1_synth_reverse		77	G	318	292	86	740623	2	51	513	741885	2	0	1	10120	0	0	4	10127
TP1_synth_reverse		78	C	531	739649	23	49	2	413	1214	741881	0	10117	0	0	0	0	10	10127
TP1_synth_reverse		79	G	242	467	13	733277	0	101	7772	741872	2	0	0	10059	0	0	66	10127
TP1_synth_reverse		80	G	148	227	5	737058	1	116	4298	741853	1	0	0	10089	0	0	37	10127
TP1_synth_reverse		81	C	656	740840	20	70	5	85	160	741836	5	10122	0	0	0	0	0	10127
TP1_synth_reverse		82	A	740499	35	244	144	0	70	134	741126	10125	0	2	0	0	0	0	10127
TP1_synth_reverse		83	A	740670	52	15	93	0	205	90	741125	10127	0	0	0	0	0	0	10127
TP1_synth_reverse		84	A	740655	45	2	124	0	221	48	741095	10127	0	0	0	0	0	0	10127
TP1_synth_reverse		85	G	146	238	0	740109	198	115	191	740997	0	0	0	10125	2	0	0	10127
TP1_synth_reverse		86	C	1044	739490	3	51	73	60	241	740962	6	10120	0	0	0	0	1	10127
TP1_synth_reverse		87	T	946	86	32	26	19	242	739541	740892	0	0	0	0	0	0	10127	10127
TP1_synth_reverse		88	G	152	355	5	739745	248	140	203	740848	0	0	0	10126	1	0	0	10127
TP1_synth_reverse		89	T	530	92	608	23	0	39	739519	740811	0	0	3	0	0	0	10124	10127
TP1_synth_reverse		90	T	545	104	2	19	2	70	739949	740691	0	0	0	0	0	0	10127	10127
TP1_synth_reverse		91	C	420	739699	0	96	0	264	104	740583	0	10127	0	0	0	0	0	10127
TP1_synth_reverse		92	C	581	738962	0	78	0	320	206	740147	0	10125	0	1	0	0	0	10126
TP1_synth_reverse		93	G	253	261	0	738330	0	116	140	739100	0	0	0	10125	0	0	0	10125
TP1_synth_reverse		94	T	412	104	0	48	0	63	738084	738711	0	0	0	0	0	0	10125	10125
TP1_synth_reverse		95	C	0	737908	0	0	0	145	0	738053	0	10125	0	0	0	0	0	10125
TP1_synth_reverse		96	C	0	737202	0	0	0	95	0	737297	0	10125	0	0	0	0	0	10125
TP1_synth_reverse		97	C	0	735915	0	0	0	144	0	736059	0	10125	0	0	0	0	0	10125
TP1_synth_reverse		98	A	734065	0	0	0	0	0	0	734065	10125	0	0	0	0	0	0	10125
TP1_synth_reverse		99	G	0	0	0	733174	0	0	0	733174	0	0	0	10125	0	0	0	10125
