



























































































































































































































#AmpliconChromStart	Alias	Position	ProbableRef	rawA	rawC	rawD	rawG	rawI	rawN	rawT	rawDepth	consA	consC	consD	consG	consI	consN	consT	consDepth	
TP1_synth_reverse		1	G	0	0	0	734208	0	0	0	734208	0	0	0	11146	0	0	0	11146
TP1_synth_reverse		2	T	0	0	0	0	0	0	735942	735942	0	0	0	0	0	0	11164	11164
TP1_synth_reverse		3	G	0	0	0	738544	0	63	0	738607	0	0	0	11185	0	0	0	11185
TP1_synth_reverse		4	G	0	0	0	739207	0	59	0	739266	0	0	0	11192	0	0	0	11192
TP1_synth_reverse		5	T	0	0	0	0	0	12	739719	739731	0	0	0	0	0	0	11198	11198
TP1_synth_reverse		6	G	111	64	0	739656	0	13	329	740173	0	0	0	11196	0	0	4	11200
TP1_synth_reverse		7	A	740016	19	0	80	0	75	116	740306	11202	0	0	0	0	0	0	11202
TP1_synth_reverse		8	G	83	67	0	739481	0	99	726	740456	0	0	0	11201	0	0	3	11204
TP1_synth_reverse		9	G	77	118	0	740433	4	23	117	740772	0	0	0	11210	0	0	0	11210
TP1_synth_reverse		10	C	230	740354	1	24	2	21	162	740794	0	11210	0	0	0	0	1	11211
TP1_synth_reverse		11	T	151	129	36	10	14	28	740426	740794	0	0	1	0	0	0	11210	11211
TP1_synth_reverse		12	C	268	740002	165	12	0	76	271	740794	1	11209	0	0	0	0	1	11211
TP1_synth_reverse		13	C	405	740196	0	19	0	70	104	740794	0	11211	0	0	0	0	0	11211
TP1_synth_reverse		14	C	385	740240	0	17	0	40	112	740794	0	11211	0	0	0	0	0	11211
TP1_synth_reverse		15	C	271	740341	0	20	6	58	98	740794	1	11210	0	0	0	0	0	11211
TP1_synth_reverse		16	T	298	79	165	14	0	187	740051	740794	0	0	1	0	0	0	11210	11211
TP1_synth_reverse		17	T	312	106	1	6	0	56	740313	740794	0	0	0	0	0	0	11211	11211
TP1_synth_reverse		18	T	281	125	1	4	2	53	740328	740794	0	0	0	0	0	0	11211	11211
TP1_synth_reverse		19	C	406	740993	6	17	3	63	90	741578	1	11211	0	0	0	0	0	11212
TP1_synth_reverse		20	T	200	83	81	7	0	21	741186	741578	0	0	2	0	0	0	11210	11212
TP1_synth_reverse		21	T	445	145	3	45	8	88	740853	741587	0	0	0	0	0	0	11212	11212
TP1_synth_reverse		22	G	271	400	75	740076	4	11	765	741602	2	0	0	11199	0	0	11	11212
TP1_synth_reverse		23	C	808	740033	29	66	23	26	617	741602	5	11201	0	0	0	0	6	11212
TP1_synth_reverse		24	G	465	199	29	740015	0	31	863	741602	4	1	0	11205	0	0	2	11212
TP1_synth_reverse		25	G	125	613	4	740342	2	97	434	741617	0	1	0	11210	0	0	2	11213
TP1_synth_reverse		26	A	741195	19	11	240	9	43	125	741642	11213	0	0	1	0	0	0	11214
TP1_synth_reverse		27	G	70	699	44	740170	0	12	647	741642	0	0	1	11209	0	0	4	11214
TP1_synth_reverse		28	A	741369	14	64	88	6	30	92	741663	11213	0	2	0	0	0	0	11215
TP1_synth_reverse		29	T	258	107	221	128	0	121	740828	741663	0	0	3	0	0	0	11212	11215
TP1_synth_reverse		30	T	890	109	14	41	1	101	740524	741680	1	0	0	0	0	0	11215	11216
TP1_synth_reverse		31	C	1138	740205	21	27	0	60	224	741675	3	11213	0	0	0	0	1	11217
TP1_synth_reverse		32	T	503	56	16	47	0	330	740723	741675	0	0	0	0	0	0	11217	11217
TP1_synth_reverse		33	C	480	740908	17	34	1	113	116	741669	0	11217	0	0	0	0	0	11217
TP1_synth_reverse		34	T	611	111	113	62	0	72	740699	741668	0	0	3	0	0	0	11214	11217
TP1_synth_reverse		35	T	1326	104	40	59	5	91	740031	741656	0	0	2	0	0	0	11215	11217
TP1_synth_reverse		36	C	1001	740290	53	27	0	46	235	741652	2	11212	2	0	0	0	1	11217
TP1_synth_reverse		37	C	838	740538	49	47	0	52	113	741637	4	11211	2	0	0	0	0	11217
TP1_synth_reverse		38	T	613	157	53	198	1	20	740583	741625	0	1	2	0	0	0	11214	11217
TP1_synth_reverse		39	C	439	740930	53	42	0	71	84	741619	1	11214	2	0	0	0	0	11217
TP1_synth_reverse		40	T	1103	263	57	26	6	149	740009	741613	0	3	2	0	0	0	11212	11217
TP1_synth_reverse		41	G	735	523	54	739630	1	18	640	741601	2	0	2	11207	0	0	6	11217
TP1_synth_reverse		42	T	1900	115	10	24	6	56	739498	741609	0	1	0	0	0	0	11216	11217
TP1_synth_reverse		43	G	587	414	11	739829	4	341	459	741645	0	0	0	11214	0	0	4	11218
TP1_synth_reverse		44	C	677	740017	15	75	9	157	716	741666	2	11211	0	0	0	0	6	11219
TP1_synth_reverse		45	G	335	303	7	738764	3	45	2195	741652	2	1	0	11205	0	0	11	11219
TP1_synth_reverse		46	C	796	740506	126	35	0	13	172	741648	3	11212	1	0	0	0	3	11219
TP1_synth_reverse		47	C	362	740879	4	168	5	32	215	741665	0	11218	0	1	0	0	0	11219
TP1_synth_reverse		48	G	367	572	21	739428	1	34	1232	741655	1	1	0	11211	0	0	7	11220
TP1_synth_reverse		49	A	741282	36	7	69	0	172	112	741678	11220	0	0	0	0	0	0	11220
TP1_synth_reverse		50	T	832	72	4	141	1	108	740505	741663	0	0	0	0	0	0	11220	11220
TP1_synth_reverse		51	A	741304	39	11	98	2	98	109	741661	11220	0	0	0	0	0	0	11220
TP1_synth_reverse		52	C	743	740471	6	91	1	239	103	741654	3	11217	0	0	0	0	0	11220
TP1_synth_reverse		53	A	741056	26	9	230	3	266	142	741732	11220	0	0	1	0	0	0	11221
TP1_synth_reverse		54	G	135	213	16	740687	7	63	595	741716	0	0	0	11217	0	0	4	11221
TP1_synth_reverse		55	A	741320	72	11	271	1	107	68	741850	11221	0	0	1	0	0	0	11222
TP1_synth_reverse		56	A	741496	11	4	149	1	70	116	741847	11222	0	0	0	0	0	0	11222
TP1_synth_reverse		57	T	1427	59	11	183	4	194	739947	741825	0	0	0	0	0	0	11222	11222
TP1_synth_reverse		58	A	741354	12	116	80	0	236	112	741910	11222	0	1	0	0	0	0	11223
TP1_synth_reverse		59	T	809	56	195	93	0	320	740413	741886	0	0	2	0	0	0	11221	11223
TP1_synth_reverse		60	C	725	740804	10	47	0	223	54	741863	0	11223	0	0	0	0	0	11223
TP1_synth_reverse		61	T	1031	192	3	34	1	177	740431	741869	0	1	0	0	0	0	11223	11224
TP1_synth_reverse		62	G	470	190	66	739914	2	290	917	741849	3	0	1	11214	0	0	6	11224
TP1_synth_reverse		63	T	1794	58	10	18	0	118	739929	741927	0	0	0	0	0	0	11225	11225
TP1_synth_reverse		64	T	1543	52	7	13	2	43	740272	741932	0	0	0	0	0	0	11226	11226
TP1_synth_reverse		65	C	1018	740450	46	42	3	127	235	741921	2	11221	1	0	0	0	2	11226
TP1_synth_reverse		66	G	986	324	40	738788	0	51	1720	741909	6	0	1	11203	0	0	16	11226
TP1_synth_reverse		67	C	776	740627	155	60	0	186	134	741938	0	11223	2	1	0	0	1	11227
TP1_synth_reverse		68	A	741507	195	6	136	0	87	59	741990	11228	0	0	0	0	0	0	11228
TP1_synth_reverse		69	C	276	741318	188	81	0	42	80	741985	1	11225	1	1	0	0	0	11228
TP1_synth_reverse		70	T	976	493	175	60	2	79	740189	741974	1	4	1	0	0	0	11222	11228
TP1_synth_reverse		71	C	600	740944	17	28	1	287	94	741971	3	11225	0	0	0	0	0	11228
TP1_synth_reverse		72	C	630	740836	7	59	1	102	330	741965	0	11226	0	0	0	0	2	11228
TP1_synth_reverse		73	G	364	435	22	740272	0	300	556	741949	4	0	0	11222	0	0	2	11228
TP1_synth_reverse		74	A	741594	45	8	148	3	92	57	741947	11227	0	0	1	0	0	0	11228
TP1_synth_reverse		75	G	108	329	21	740545	0	47	874	741924	0	0	0	11220	0	0	8	11228
TP1_synth_reverse		76	T	811	86	26	77	3	51	740858	741912	0	0	0	0	0	0	11228	11228
TP1_synth_reverse		77	G	318	292	86	740625	2	51	513	741887	2	0	2	11220	0	0	4	11228
TP1_synth_reverse		78	C	531	739651	23	49	2	413	1214	741883	0	11217	0	0	0	0	11	11228
TP1_synth_reverse		79	G	242	467	13	733279	0	101	7772	741874	2	0	0	11157	0	0	69	11228
TP1_synth_reverse		80	G	148	226	5	737061	1	116	4298	741855	0	0	0	11185	0	0	43	11228
TP1_synth_reverse		81	C	656	740842	20	70	5	85	160	741838	5	11223	0	0	0	0	0	11228
TP1_synth_reverse		82	A	740501	35	244	144	0	70	134	741128	11226	0	2	0	0	0	0	11228
TP1_synth_reverse		83	A	740672	52	15	93	0	205	90	741127	11228	0	0	0	0	0	0	11228
TP1_synth_reverse		84	A	740657	45	2	124	0	221	48	741097	11228	0	0	0	0	0	0	11228
TP1_synth_reverse		85	G	146	238	0	740110	199	115	191	740999	0	0	0	11225	3	0	0	11228
TP1_synth_reverse		86	C	1044	739493	3	51	73	60	241	740965	6	11221	0	0	0	0	1	11228
TP1_synth_reverse		87	T	946	86	32	26	19	242	739543	740894	0	0	0	0	0	0	11228	11228
TP1_synth_reverse		88	G	152	355	5	739747	248	140	203	740850	0	0	0	11227	1	0	0	11228
TP1_synth_reverse		89	T	530	92	608	23	0	39	739521	740813	0	0	3	0	0	0	11225	11228
TP1_synth_reverse		90	T	545	104	2	19	2	70	739950	740692	0	0	0	0	0	0	11227	11227
TP1_synth_reverse		91	C	420	739700	0	96	0	264	104	740584	0	11227	0	0	0	0	0	11227
TP1_synth_reverse		92	C	581	738963	0	78	0	320	206	740148	0	11225	0	1	0	0	0	11226
TP1_synth_reverse		93	G	253	261	0	738331	0	116	140	739101	0	0	0	11225	0	0	0	11225
TP1_synth_reverse		94	T	412	104	0	48	0	63	738085	738712	0	0	0	0	0	0	11225	11225
TP1_synth_reverse		95	C	0	737909	0	0	0	145	0	738054	0	11225	0	0	0	0	0	11225
TP1_synth_reverse		96	C	0	737204	0	0	0	95	0	737299	0	11225	0	0	0	0	0	11225
TP1_synth_reverse		97	C	0	735917	0	0	0	144	0	736061	0	11225	0	0	0	0	0	11225
TP1_synth_reverse		98	A	734067	0	0	0	0	0	0	734067	11224	0	0	0	0	0	0	11224
TP1_synth_reverse		99	G	0	0	0	733176	0	0	0	733176	0	0	0	11223	0	0	0	11223
