



























































































































































































































#AmpliconChromStart	Alias	Position	ProbableRef	rawA	rawC	rawD	rawG	rawI	rawN	rawT	rawDepth	consA	consC	consD	consG	consI	consN	consT	consDepth	
TP1_synth_reverse		1	G	0	0	0	734208	0	0	0	734208	0	0	0	7316	0	0	0	7316
TP1_synth_reverse		2	T	0	0	0	0	0	0	735942	735942	0	0	0	0	0	0	7329	7329
TP1_synth_reverse		3	G	0	0	0	738544	0	63	0	738607	0	0	0	7346	0	0	0	7346
TP1_synth_reverse		4	G	0	0	0	739207	0	59	0	739266	0	0	0	7349	0	0	0	7349
TP1_synth_reverse		5	T	0	0	0	0	0	12	739719	739731	0	0	0	0	0	0	7352	7352
TP1_synth_reverse		6	G	111	64	0	739656	0	13	329	740173	0	0	0	7352	0	0	2	7354
TP1_synth_reverse		7	A	740016	19	0	80	0	75	116	740306	7356	0	0	0	0	0	0	7356
TP1_synth_reverse		8	G	83	67	0	739481	0	99	726	740456	0	0	0	7354	0	0	3	7357
TP1_synth_reverse		9	G	77	118	0	740433	4	23	117	740772	0	0	0	7361	0	0	0	7361
TP1_synth_reverse		10	C	230	740354	1	24	2	21	162	740794	0	7360	0	0	0	0	1	7361
TP1_synth_reverse		11	T	151	129	36	10	14	28	740426	740794	0	0	1	0	0	0	7360	7361
TP1_synth_reverse		12	C	268	740002	165	12	0	76	271	740794	0	7360	0	0	0	0	1	7361
TP1_synth_reverse		13	C	405	740206	0	19	0	70	104	740804	0	7361	0	0	0	0	0	7361
TP1_synth_reverse		14	C	385	740250	0	17	0	40	112	740804	0	7361	0	0	0	0	0	7361
TP1_synth_reverse		15	C	271	740351	0	20	6	58	98	740804	1	7360	0	0	0	0	0	7361
TP1_synth_reverse		16	T	298	79	165	14	0	187	740061	740804	0	0	1	0	0	0	7360	7361
TP1_synth_reverse		17	T	312	106	1	6	0	56	740323	740804	0	0	0	0	0	0	7361	7361
TP1_synth_reverse		18	T	281	125	1	4	2	53	740338	740804	0	0	0	0	0	0	7361	7361
TP1_synth_reverse		19	C	406	741003	6	17	3	63	90	741588	1	7361	0	0	0	0	0	7362
TP1_synth_reverse		20	T	200	83	81	7	0	21	741196	741588	0	0	1	0	0	0	7361	7362
TP1_synth_reverse		21	T	446	145	3	45	8	88	740862	741597	0	0	0	0	0	0	7362	7362
TP1_synth_reverse		22	G	271	400	75	740085	4	11	766	741612	2	0	0	7356	0	0	4	7362
TP1_synth_reverse		23	C	808	740053	29	66	23	26	617	741622	3	7355	0	0	0	0	4	7362
TP1_synth_reverse		24	G	465	200	29	740033	0	31	864	741622	3	0	0	7357	0	0	2	7362
TP1_synth_reverse		25	G	125	613	4	740362	2	97	434	741637	0	1	0	7360	0	0	1	7362
TP1_synth_reverse		26	A	741215	19	11	240	9	43	125	741662	7362	0	0	1	0	0	0	7363
TP1_synth_reverse		27	G	70	699	44	740190	0	12	647	741662	0	0	1	7358	0	0	4	7363
TP1_synth_reverse		28	A	741389	14	64	88	6	30	92	741683	7362	0	1	0	0	0	0	7363
TP1_synth_reverse		29	T	258	107	221	128	0	121	740848	741683	0	0	3	0	0	0	7360	7363
TP1_synth_reverse		30	T	892	109	14	41	1	101	740525	741683	1	0	0	0	0	0	7362	7363
TP1_synth_reverse		31	C	1139	740207	21	27	0	60	224	741678	3	7359	0	0	0	0	1	7363
TP1_synth_reverse		32	T	504	56	16	47	0	330	740725	741678	0	0	0	0	0	0	7363	7363
TP1_synth_reverse		33	C	480	740911	17	34	1	113	116	741672	0	7363	0	0	0	0	0	7363
TP1_synth_reverse		34	T	612	111	113	62	0	72	740701	741671	0	0	1	0	0	0	7362	7363
TP1_synth_reverse		35	T	1327	104	40	59	5	91	740033	741659	0	0	0	0	0	0	7363	7363
TP1_synth_reverse		36	C	1002	740292	53	27	0	46	235	741655	2	7360	0	0	0	0	1	7363
TP1_synth_reverse		37	C	838	740541	49	47	0	52	113	741640	3	7360	0	0	0	0	0	7363
TP1_synth_reverse		38	T	612	157	53	198	1	20	740587	741628	0	1	0	0	0	0	7362	7363
TP1_synth_reverse		39	C	441	740931	53	42	0	71	84	741622	1	7362	0	0	0	0	0	7363
TP1_synth_reverse		40	T	1102	263	57	26	6	149	740013	741616	0	3	0	0	0	0	7360	7363
TP1_synth_reverse		41	G	736	524	54	739632	1	18	639	741604	1	0	0	7357	0	0	5	7363
TP1_synth_reverse		42	T	1901	115	10	24	6	56	739500	741612	0	1	0	0	0	0	7362	7363
TP1_synth_reverse		43	G	587	415	11	739831	4	341	459	741648	0	0	0	7362	0	0	2	7364
TP1_synth_reverse		44	C	677	740020	15	75	9	157	716	741669	2	7357	0	0	0	0	5	7364
TP1_synth_reverse		45	G	335	304	7	738764	3	45	2192	741650	1	1	0	7354	0	0	8	7364
TP1_synth_reverse		46	C	796	740504	126	35	0	13	172	741646	1	7361	1	0	0	0	1	7364
TP1_synth_reverse		47	C	361	740878	4	168	5	32	215	741663	0	7363	0	1	0	0	0	7364
TP1_synth_reverse		48	G	368	572	21	739425	1	34	1232	741653	1	0	0	7359	0	0	4	7364
TP1_synth_reverse		49	A	741280	36	7	69	0	172	112	741676	7364	0	0	0	0	0	0	7364
TP1_synth_reverse		50	T	835	72	4	141	1	108	740500	741661	0	0	0	0	0	0	7364	7364
TP1_synth_reverse		51	A	741302	39	11	98	2	98	109	741659	7364	0	0	0	0	0	0	7364
TP1_synth_reverse		52	C	744	740468	6	91	1	239	103	741652	3	7361	0	0	0	0	0	7364
TP1_synth_reverse		53	A	741054	26	9	230	3	266	142	741730	7364	0	0	1	0	0	0	7365
TP1_synth_reverse		54	G	133	212	16	740688	7	63	595	741714	0	0	0	7362	0	0	3	7365
TP1_synth_reverse		55	A	741318	72	11	271	1	107	68	741848	7365	0	0	1	0	0	0	7366
TP1_synth_reverse		56	A	741494	11	4	149	1	70	116	741845	7366	0	0	0	0	0	0	7366
TP1_synth_reverse		57	T	1424	59	11	183	4	194	739948	741823	0	0	0	0	0	0	7366	7366
TP1_synth_reverse		58	A	741352	12	116	80	0	236	112	741908	7366	0	1	0	0	0	0	7367
TP1_synth_reverse		59	T	806	56	195	93	0	320	740414	741884	0	0	1	0	0	0	7366	7367
TP1_synth_reverse		60	C	726	740801	10	47	0	223	54	741861	0	7367	0	0	0	0	0	7367
TP1_synth_reverse		61	T	1030	192	3	34	1	177	740430	741867	0	1	0	0	0	0	7366	7367
TP1_synth_reverse		62	G	467	190	66	739914	2	290	918	741847	1	0	1	7360	0	0	5	7367
TP1_synth_reverse		63	T	1794	58	10	18	0	118	739927	741925	0	0	0	0	0	0	7368	7368
TP1_synth_reverse		64	T	1544	52	7	13	2	43	740269	741930	0	0	0	0	0	0	7368	7368
TP1_synth_reverse		65	C	1022	740444	46	42	3	127	235	741919	1	7365	1	0	0	0	1	7368
TP1_synth_reverse		66	G	987	325	40	738783	0	51	1721	741907	5	0	1	7348	0	0	14	7368
TP1_synth_reverse		67	C	776	740624	155	60	0	186	134	741935	0	7365	2	1	0	0	1	7369
TP1_synth_reverse		68	A	741504	195	6	136	0	87	59	741987	7370	0	0	0	0	0	0	7370
TP1_synth_reverse		69	C	277	741314	188	81	0	42	80	741982	1	7367	1	1	0	0	0	7370
TP1_synth_reverse		70	T	977	493	175	60	2	79	740185	741971	1	3	1	0	0	0	7365	7370
TP1_synth_reverse		71	C	601	740940	17	28	1	287	94	741968	3	7367	0	0	0	0	0	7370
TP1_synth_reverse		72	C	630	740833	7	59	1	102	330	741962	0	7369	0	0	0	0	1	7370
TP1_synth_reverse		73	G	364	435	22	740269	0	300	556	741946	3	0	0	7365	0	0	2	7370
TP1_synth_reverse		74	A	741590	45	8	149	3	92	57	741944	7370	0	0	0	0	0	0	7370
TP1_synth_reverse		75	G	108	329	21	740542	0	47	874	741921	0	0	0	7363	0	0	7	7370
TP1_synth_reverse		76	T	811	86	26	76	3	51	740856	741909	0	0	0	0	0	0	7370	7370
TP1_synth_reverse		77	G	318	292	86	740621	2	51	514	741884	2	0	1	7364	0	0	3	7370
TP1_synth_reverse		78	C	531	739648	23	49	2	413	1214	741880	0	7361	0	0	0	0	9	7370
TP1_synth_reverse		79	G	242	468	13	733275	0	101	7772	741871	0	0	0	7314	0	0	56	7370
TP1_synth_reverse		80	G	148	226	5	737058	1	116	4298	741852	0	0	0	7336	0	0	34	7370
TP1_synth_reverse		81	C	656	740839	20	70	5	85	160	741835	5	7365	0	0	0	0	0	7370
TP1_synth_reverse		82	A	740498	35	244	144	0	70	134	741125	7368	0	2	0	0	0	0	7370
TP1_synth_reverse		83	A	740669	52	15	93	0	205	90	741124	7370	0	0	0	0	0	0	7370
TP1_synth_reverse		84	A	740654	45	2	124	0	221	48	741094	7370	0	0	0	0	0	0	7370
TP1_synth_reverse		85	G	146	238	0	740107	198	115	191	740995	0	0	0	7368	2	0	0	7370
TP1_synth_reverse		86	C	1044	739489	3	51	73	60	241	740961	5	7364	0	0	0	0	1	7370
TP1_synth_reverse		87	T	948	86	32	26	19	242	739538	740891	0	0	0	0	0	0	7370	7370
TP1_synth_reverse		88	G	152	355	5	739744	248	140	203	740847	0	0	0	7369	1	0	0	7370
TP1_synth_reverse		89	T	530	92	608	23	0	39	739517	740809	0	0	3	0	0	0	7367	7370
TP1_synth_reverse		90	T	545	104	2	19	2	70	739947	740689	0	0	0	0	0	0	7370	7370
TP1_synth_reverse		91	C	420	739697	0	96	0	264	104	740581	0	7370	0	0	0	0	0	7370
TP1_synth_reverse		92	C	581	738960	0	78	0	320	206	740145	0	7369	0	1	0	0	0	7370
TP1_synth_reverse		93	G	253	261	0	738328	0	116	140	739098	0	0	0	7370	0	0	0	7370
TP1_synth_reverse		94	T	412	104	0	48	0	63	738082	738709	0	0	0	0	0	0	7370	7370
TP1_synth_reverse		95	C	0	737906	0	0	0	145	0	738051	0	7370	0	0	0	0	0	7370
TP1_synth_reverse		96	C	0	737201	0	0	0	95	0	737296	0	7370	0	0	0	0	0	7370
TP1_synth_reverse		97	C	0	735914	0	0	0	144	0	736058	0	7370	0	0	0	0	0	7370
TP1_synth_reverse		98	A	734064	0	0	0	0	0	0	734064	7370	0	0	0	0	0	0	7370
TP1_synth_reverse		99	G	0	0	0	733172	0	0	0	733172	0	0	0	7370	0	0	0	7370
