



























































































































































































































#AmpliconChromStart	Alias	Position	ProbableRef	rawA	rawC	rawD	rawG	rawI	rawN	rawT	rawDepth	consA	consC	consD	consG	consI	consN	consT	consDepth	
TP1_synth_reverse		1	G	0	0	0	734208	0	0	0	734208	0	0	0	10551	0	0	0	10551
TP1_synth_reverse		2	T	0	0	0	0	0	0	735942	735942	0	0	0	0	0	0	10568	10568
TP1_synth_reverse		3	G	0	0	0	738544	0	63	0	738607	0	0	0	10588	0	0	0	10588
TP1_synth_reverse		4	G	0	0	0	739207	0	59	0	739266	0	0	0	10593	0	0	0	10593
TP1_synth_reverse		5	T	0	0	0	0	0	12	739719	739731	0	0	0	0	0	0	10598	10598
TP1_synth_reverse		6	G	111	64	0	739656	0	13	329	740173	0	0	0	10596	0	0	4	10600
TP1_synth_reverse		7	A	740016	19	0	80	0	75	116	740306	10602	0	0	0	0	0	0	10602
TP1_synth_reverse		8	G	83	67	0	739481	0	99	726	740456	0	0	0	10601	0	0	3	10604
TP1_synth_reverse		9	G	77	118	0	740433	4	23	117	740772	0	0	0	10609	0	0	0	10609
TP1_synth_reverse		10	C	230	740354	1	24	2	21	162	740794	0	10609	0	0	0	0	1	10610
TP1_synth_reverse		11	T	151	129	36	10	14	28	740426	740794	0	0	1	0	0	0	10609	10610
TP1_synth_reverse		12	C	268	740002	165	12	0	76	271	740794	0	10609	0	0	0	0	1	10610
TP1_synth_reverse		13	C	405	740196	0	19	0	70	104	740794	0	10610	0	0	0	0	0	10610
TP1_synth_reverse		14	C	385	740240	0	17	0	40	112	740794	0	10610	0	0	0	0	0	10610
TP1_synth_reverse		15	C	271	740341	0	20	6	58	98	740794	1	10609	0	0	0	0	0	10610
TP1_synth_reverse		16	T	298	79	165	14	0	187	740051	740794	0	0	1	0	0	0	10609	10610
TP1_synth_reverse		17	T	312	106	1	6	0	56	740313	740794	0	0	0	0	0	0	10610	10610
TP1_synth_reverse		18	T	281	125	1	4	2	53	740328	740794	0	0	0	0	0	0	10610	10610
TP1_synth_reverse		19	C	406	740993	6	17	3	63	90	741578	1	10610	0	0	0	0	0	10611
TP1_synth_reverse		20	T	200	83	81	7	0	21	741186	741578	0	0	2	0	0	0	10609	10611
TP1_synth_reverse		21	T	445	145	3	45	8	88	740853	741587	0	0	0	0	0	0	10611	10611
TP1_synth_reverse		22	G	271	400	75	740076	4	11	765	741602	2	0	0	10599	0	0	10	10611
TP1_synth_reverse		23	C	808	740033	29	66	23	26	617	741602	5	10601	0	0	0	0	5	10611
TP1_synth_reverse		24	G	465	199	29	740015	0	31	863	741602	4	1	0	10604	0	0	2	10611
TP1_synth_reverse		25	G	125	613	4	740342	2	97	434	741617	0	1	0	10610	0	0	1	10612
TP1_synth_reverse		26	A	741195	19	11	240	9	43	125	741642	10612	0	0	1	0	0	0	10613
TP1_synth_reverse		27	G	70	699	44	740170	0	12	647	741642	0	0	1	10608	0	0	4	10613
TP1_synth_reverse		28	A	741369	14	64	88	6	30	92	741663	10612	0	2	0	0	0	0	10614
TP1_synth_reverse		29	T	258	107	221	128	0	121	740833	741668	0	0	3	0	0	0	10611	10614
TP1_synth_reverse		30	T	890	109	14	41	1	101	740512	741668	1	0	0	0	0	0	10613	10614
TP1_synth_reverse		31	C	1138	740193	21	27	0	60	224	741663	3	10611	0	0	0	0	1	10615
TP1_synth_reverse		32	T	503	56	16	47	0	330	740711	741663	0	0	0	0	0	0	10615	10615
TP1_synth_reverse		33	C	480	740896	17	34	1	113	116	741657	0	10615	0	0	0	0	0	10615
TP1_synth_reverse		34	T	611	111	113	62	0	72	740687	741656	0	0	3	0	0	0	10612	10615
TP1_synth_reverse		35	T	1325	104	40	59	5	91	740020	741644	0	0	2	0	0	0	10613	10615
TP1_synth_reverse		36	C	1001	740278	53	27	0	46	235	741640	2	10610	2	0	0	0	1	10615
TP1_synth_reverse		37	C	837	740527	49	47	0	52	113	741625	4	10609	2	0	0	0	0	10615
TP1_synth_reverse		38	T	612	157	53	198	1	20	740572	741613	0	1	2	0	0	0	10612	10615
TP1_synth_reverse		39	C	439	740918	53	42	0	71	84	741607	1	10612	2	0	0	0	0	10615
TP1_synth_reverse		40	T	1100	263	57	26	6	149	740000	741601	0	3	2	0	0	0	10610	10615
TP1_synth_reverse		41	G	735	523	54	739619	1	18	639	741589	2	0	2	10605	0	0	6	10615
TP1_synth_reverse		42	T	1899	115	10	24	6	56	739487	741597	0	1	0	0	0	0	10614	10615
TP1_synth_reverse		43	G	587	413	11	739819	4	341	458	741633	0	0	0	10613	0	0	3	10616
TP1_synth_reverse		44	C	677	740005	15	75	9	157	716	741654	2	10609	0	0	0	0	6	10617
TP1_synth_reverse		45	G	335	303	7	738751	3	45	2191	741635	2	1	0	10604	0	0	10	10617
TP1_synth_reverse		46	C	796	740489	126	35	0	13	172	741631	3	10610	1	0	0	0	3	10617
TP1_synth_reverse		47	C	361	740863	4	168	5	32	215	741648	0	10616	0	1	0	0	0	10617
TP1_synth_reverse		48	G	367	572	21	739411	1	34	1232	741638	1	1	0	10609	0	0	7	10618
TP1_synth_reverse		49	A	741265	36	7	69	0	172	112	741661	10618	0	0	0	0	0	0	10618
TP1_synth_reverse		50	T	832	72	4	141	1	108	740488	741646	0	0	0	0	0	0	10618	10618
TP1_synth_reverse		51	A	741321	39	11	98	2	98	109	741678	10619	0	0	0	0	0	0	10619
TP1_synth_reverse		52	C	742	740489	6	91	1	239	103	741671	3	10616	0	0	0	0	0	10619
TP1_synth_reverse		53	A	741073	26	9	230	3	266	142	741749	10619	0	0	1	0	0	0	10620
TP1_synth_reverse		54	G	132	212	16	740708	7	63	595	741733	0	0	0	10616	0	0	4	10620
TP1_synth_reverse		55	A	741337	72	11	271	1	107	68	741867	10620	0	0	1	0	0	0	10621
TP1_synth_reverse		56	A	741513	11	4	149	1	70	116	741864	10621	0	0	0	0	0	0	10621
TP1_synth_reverse		57	T	1423	59	11	183	4	194	739968	741842	0	0	0	0	0	0	10621	10621
TP1_synth_reverse		58	A	741371	12	116	80	0	236	112	741927	10621	0	1	0	0	0	0	10622
TP1_synth_reverse		59	T	807	56	195	93	0	320	740432	741903	0	0	2	0	0	0	10620	10622
TP1_synth_reverse		60	C	722	740824	10	47	0	223	54	741880	0	10622	0	0	0	0	0	10622
TP1_synth_reverse		61	T	1029	192	3	35	1	177	740449	741886	0	1	0	0	0	0	10622	10623
TP1_synth_reverse		62	G	469	190	66	739932	2	290	917	741866	3	0	1	10613	0	0	6	10623
TP1_synth_reverse		63	T	1794	58	10	18	0	118	739946	741944	0	0	0	0	0	0	10624	10624
TP1_synth_reverse		64	T	1545	52	7	13	2	43	740287	741949	0	0	0	0	0	0	10625	10625
TP1_synth_reverse		65	C	1018	740467	46	42	3	127	235	741938	1	10621	1	0	0	0	2	10625
TP1_synth_reverse		66	G	986	324	40	738804	0	51	1721	741926	6	0	1	10603	0	0	15	10625
TP1_synth_reverse		67	C	775	740644	155	61	0	186	134	741955	0	10622	2	1	0	0	1	10626
TP1_synth_reverse		68	A	741524	195	6	136	0	87	59	742007	10627	0	0	0	0	0	0	10627
TP1_synth_reverse		69	C	276	741335	188	81	0	42	80	742002	1	10624	1	1	0	0	0	10627
TP1_synth_reverse		70	T	974	493	175	60	2	79	740208	741991	1	4	1	0	0	0	10621	10627
TP1_synth_reverse		71	C	600	740961	17	28	1	287	94	741988	3	10624	0	0	0	0	0	10627
TP1_synth_reverse		72	C	630	740853	7	59	1	102	330	741982	0	10625	0	0	0	0	2	10627
TP1_synth_reverse		73	G	364	435	22	740288	0	300	557	741966	3	0	0	10622	0	0	2	10627
TP1_synth_reverse		74	A	741611	45	8	148	3	92	57	741964	10626	0	0	1	0	0	0	10627
TP1_synth_reverse		75	G	108	329	21	740562	0	47	874	741941	0	0	0	10619	0	0	8	10627
TP1_synth_reverse		76	T	811	86	26	77	3	51	740875	741929	0	0	0	0	0	0	10627	10627
TP1_synth_reverse		77	G	318	292	86	740642	2	51	513	741904	2	0	1	10620	0	0	4	10627
TP1_synth_reverse		78	C	532	739667	23	49	2	413	1214	741900	0	10616	0	0	0	0	11	10627
TP1_synth_reverse		79	G	242	467	13	733295	0	101	7773	741891	0	0	0	10558	0	0	69	10627
TP1_synth_reverse		80	G	148	226	5	737077	1	116	4299	741872	0	0	0	10588	0	0	39	10627
TP1_synth_reverse		81	C	657	740857	20	71	5	85	160	741855	5	10622	0	0	0	0	0	10627
TP1_synth_reverse		82	A	740517	35	244	145	0	70	134	741145	10625	0	2	0	0	0	0	10627
TP1_synth_reverse		83	A	740688	52	15	94	0	205	90	741144	10627	0	0	0	0	0	0	10627
TP1_synth_reverse		84	A	740674	45	2	124	0	221	48	741114	10627	0	0	0	0	0	0	10627
TP1_synth_reverse		85	G	146	238	0	740128	198	115	191	741016	0	0	0	10624	3	0	0	10627
TP1_synth_reverse		86	C	1044	739510	3	51	73	60	241	740982	6	10620	0	0	0	0	1	10627
TP1_synth_reverse		87	T	946	86	32	26	19	242	739561	740912	0	0	0	0	0	0	10627	10627
TP1_synth_reverse		88	G	152	355	5	739765	248	140	203	740868	0	0	0	10626	1	0	0	10627
TP1_synth_reverse		89	T	530	92	608	24	0	39	739538	740831	0	0	3	0	0	0	10624	10627
TP1_synth_reverse		90	T	545	104	2	19	2	70	739969	740711	0	0	0	0	0	0	10627	10627
TP1_synth_reverse		91	C	420	739719	0	96	0	264	104	740603	0	10627	0	0	0	0	0	10627
TP1_synth_reverse		92	C	581	738982	0	78	0	320	206	740167	0	10625	0	1	0	0	0	10626
TP1_synth_reverse		93	G	253	261	0	738350	0	116	140	739120	0	0	0	10625	0	0	0	10625
TP1_synth_reverse		94	T	412	104	0	48	0	63	738104	738731	0	0	0	0	0	0	10625	10625
TP1_synth_reverse		95	C	0	737926	0	0	0	145	0	738071	0	10625	0	0	0	0	0	10625
TP1_synth_reverse		96	C	0	737221	0	0	0	95	0	737316	0	10625	0	0	0	0	0	10625
TP1_synth_reverse		97	C	0	735932	0	0	0	144	0	736076	0	10625	0	0	0	0	0	10625
TP1_synth_reverse		98	A	734082	0	0	0	0	0	0	734082	10625	0	0	0	0	0	0	10625
TP1_synth_reverse		99	G	0	0	0	733191	0	0	0	733191	0	0	0	10624	0	0	0	10624
