



























































































































































































































#AmpliconChromStart	Alias	Position	ProbableRef	rawA	rawC	rawD	rawG	rawI	rawN	rawT	rawDepth	consA	consC	consD	consG	consI	consN	consT	consDepth	
TP1_synth_reverse		1	G	0	0	0	734208	0	0	0	734208	0	0	0	11866	0	0	0	11866
TP1_synth_reverse		2	T	0	0	0	0	0	0	735942	735942	0	0	0	0	0	0	11885	11885
TP1_synth_reverse		3	G	0	0	0	738544	0	63	0	738607	0	0	0	11909	0	0	0	11909
TP1_synth_reverse		4	G	0	0	0	739207	0	59	0	739266	0	0	0	11916	0	0	0	11916
TP1_synth_reverse		5	T	0	0	0	0	0	12	739719	739731	0	0	0	0	0	0	11923	11923
TP1_synth_reverse		6	G	111	64	0	739656	0	13	329	740173	0	0	0	11921	0	0	4	11925
TP1_synth_reverse		7	A	740016	19	0	80	0	75	116	740306	11928	0	0	0	0	0	0	11928
TP1_synth_reverse		8	G	83	67	0	739481	0	99	726	740456	0	0	0	11929	0	0	3	11932
TP1_synth_reverse		9	G	77	118	0	740433	4	23	117	740772	0	0	0	11938	0	0	0	11938
TP1_synth_reverse		10	C	230	740354	1	24	2	21	162	740794	0	11938	0	0	0	0	1	11939
TP1_synth_reverse		11	T	151	129	36	10	14	28	740426	740794	0	0	1	0	0	0	11938	11939
TP1_synth_reverse		12	C	268	740002	165	12	0	76	271	740794	1	11937	0	0	0	0	1	11939
TP1_synth_reverse		13	C	405	740196	0	19	0	70	104	740794	0	11939	0	0	0	0	0	11939
TP1_synth_reverse		14	C	385	740240	0	17	0	40	112	740794	0	11939	0	0	0	0	0	11939
TP1_synth_reverse		15	C	271	740341	0	20	6	58	98	740794	1	11938	0	0	0	0	0	11939
TP1_synth_reverse		16	T	298	79	165	14	0	187	740051	740794	0	0	1	0	0	0	11938	11939
TP1_synth_reverse		17	T	312	106	1	6	0	56	740313	740794	0	0	0	0	0	0	11939	11939
TP1_synth_reverse		18	T	281	125	1	4	2	53	740328	740794	0	0	0	0	0	0	11939	11939
TP1_synth_reverse		19	C	406	740993	6	17	3	63	90	741578	1	11939	0	0	0	0	0	11940
TP1_synth_reverse		20	T	200	83	81	7	0	21	741193	741585	0	0	2	0	0	0	11938	11940
TP1_synth_reverse		21	T	445	145	3	45	8	88	740860	741594	0	0	0	0	0	0	11940	11940
TP1_synth_reverse		22	G	271	400	75	740083	4	11	765	741609	2	0	1	11927	0	0	11	11941
TP1_synth_reverse		23	C	808	740040	29	66	23	26	617	741609	5	11929	0	0	0	0	7	11941
TP1_synth_reverse		24	G	465	199	29	740022	0	31	863	741609	4	1	0	11934	0	0	2	11941
TP1_synth_reverse		25	G	125	613	4	740349	2	97	434	741624	0	1	0	11939	0	0	2	11942
TP1_synth_reverse		26	A	741202	19	11	240	9	43	125	741649	11942	0	0	1	0	0	0	11943
TP1_synth_reverse		27	G	70	700	44	740176	0	12	647	741649	0	0	1	11938	0	0	4	11943
TP1_synth_reverse		28	A	741375	15	64	88	6	30	92	741670	11942	0	2	0	0	0	0	11944
TP1_synth_reverse		29	T	258	107	221	128	0	121	740835	741670	0	0	3	0	0	0	11941	11944
TP1_synth_reverse		30	T	891	109	14	41	1	101	740513	741670	1	0	0	0	0	0	11943	11944
TP1_synth_reverse		31	C	1138	740195	21	27	0	60	224	741665	4	11940	0	0	0	0	1	11945
TP1_synth_reverse		32	T	503	56	16	47	0	330	740713	741665	0	0	0	0	0	0	11945	11945
TP1_synth_reverse		33	C	480	740898	17	34	1	113	116	741659	1	11944	0	0	0	0	0	11945
TP1_synth_reverse		34	T	611	111	113	63	0	72	740688	741658	0	0	3	0	0	0	11942	11945
TP1_synth_reverse		35	T	1327	104	40	59	5	91	740020	741646	0	0	2	0	0	0	11943	11945
TP1_synth_reverse		36	C	1001	740280	53	27	0	46	235	741642	2	11940	2	0	0	0	1	11945
TP1_synth_reverse		37	C	838	740528	49	47	0	52	113	741627	4	11939	2	0	0	0	0	11945
TP1_synth_reverse		38	T	612	157	53	198	1	20	740574	741615	0	1	2	0	0	0	11942	11945
TP1_synth_reverse		39	C	440	740919	53	42	0	71	84	741609	1	11942	2	0	0	0	0	11945
TP1_synth_reverse		40	T	1101	263	57	26	6	149	740001	741603	0	5	2	0	0	0	11938	11945
TP1_synth_reverse		41	G	736	523	54	739620	1	18	639	741591	2	0	2	11935	0	0	6	11945
TP1_synth_reverse		42	T	1900	115	10	24	6	56	739488	741599	0	1	0	0	0	0	11944	11945
TP1_synth_reverse		43	G	587	413	11	739821	4	341	458	741635	0	0	0	11942	0	0	4	11946
TP1_synth_reverse		44	C	677	740007	15	75	9	157	716	741656	2	11938	0	0	0	0	7	11947
TP1_synth_reverse		45	G	335	304	7	738755	3	45	2193	741642	2	1	0	11933	0	0	11	11947
TP1_synth_reverse		46	C	797	740495	126	35	0	13	172	741638	3	11939	2	0	0	0	3	11947
TP1_synth_reverse		47	C	362	740869	4	168	5	32	215	741655	0	11946	0	1	0	0	0	11947
TP1_synth_reverse		48	G	367	572	21	739417	1	34	1233	741645	1	1	0	11939	0	0	7	11948
TP1_synth_reverse		49	A	741272	36	7	69	0	172	112	741668	11948	0	0	0	0	0	0	11948
TP1_synth_reverse		50	T	833	72	4	141	1	108	740494	741653	0	0	0	0	0	0	11948	11948
TP1_synth_reverse		51	A	741294	39	11	98	2	98	109	741651	11948	0	0	0	0	0	0	11948
TP1_synth_reverse		52	C	743	740461	6	91	1	239	103	741644	3	11945	0	0	0	0	0	11948
TP1_synth_reverse		53	A	741046	26	9	230	3	266	142	741722	11948	0	0	1	0	0	0	11949
TP1_synth_reverse		54	G	133	212	16	740680	7	63	595	741706	0	0	0	11945	0	0	4	11949
TP1_synth_reverse		55	A	741310	72	11	271	1	107	68	741840	11949	0	0	1	0	0	0	11950
TP1_synth_reverse		56	A	741486	11	4	149	1	70	116	741837	11950	0	0	0	0	0	0	11950
TP1_synth_reverse		57	T	1422	59	11	183	4	194	739942	741815	1	0	0	0	0	0	11949	11950
TP1_synth_reverse		58	A	741344	12	116	80	0	236	112	741900	11950	0	1	0	0	0	0	11951
TP1_synth_reverse		59	T	806	56	195	94	0	320	740405	741876	0	0	2	0	0	0	11949	11951
TP1_synth_reverse		60	C	723	740796	10	47	0	223	54	741853	0	11951	0	0	0	0	0	11951
TP1_synth_reverse		61	T	1029	192	3	34	1	177	740423	741859	0	1	0	0	0	0	11951	11952
TP1_synth_reverse		62	G	467	190	66	739907	2	290	917	741839	3	0	1	11941	0	0	7	11952
TP1_synth_reverse		63	T	1794	58	10	18	0	118	739919	741917	0	0	0	0	0	0	11953	11953
TP1_synth_reverse		64	T	1544	52	7	13	2	43	740261	741922	0	0	0	0	0	0	11954	11954
TP1_synth_reverse		65	C	1019	740447	46	42	3	127	235	741919	2	11950	1	0	0	0	2	11955
TP1_synth_reverse		66	G	986	324	40	738786	0	51	1720	741907	6	0	1	11932	0	0	16	11955
TP1_synth_reverse		67	C	776	740625	155	60	0	186	134	741936	0	11952	2	1	0	0	1	11956
TP1_synth_reverse		68	A	741504	195	6	137	0	87	59	741988	11957	0	0	0	0	0	0	11957
TP1_synth_reverse		69	C	276	741315	188	81	0	42	80	741982	1	11954	1	1	0	0	0	11957
TP1_synth_reverse		70	T	974	493	175	60	2	79	740188	741971	1	4	1	0	0	0	11951	11957
TP1_synth_reverse		71	C	600	740941	17	28	1	287	94	741968	3	11954	0	0	0	0	0	11957
TP1_synth_reverse		72	C	631	740832	7	59	1	102	330	741962	0	11955	0	0	0	0	2	11957
TP1_synth_reverse		73	G	364	435	22	740268	0	300	557	741946	5	0	0	11950	0	0	2	11957
TP1_synth_reverse		74	A	741590	45	8	148	3	92	57	741943	11956	0	0	1	0	0	0	11957
TP1_synth_reverse		75	G	108	329	21	740541	0	47	874	741920	0	0	0	11948	0	0	9	11957
TP1_synth_reverse		76	T	812	86	26	77	3	51	740853	741908	0	0	0	0	0	0	11957	11957
TP1_synth_reverse		77	G	318	292	86	740621	2	51	513	741883	2	0	2	11948	0	0	5	11957
TP1_synth_reverse		78	C	531	739647	23	49	2	413	1214	741879	0	11946	0	0	0	0	11	11957
TP1_synth_reverse		79	G	242	467	13	733275	0	101	7772	741870	3	0	0	11880	0	0	74	11957
TP1_synth_reverse		80	G	148	226	5	737057	1	116	4298	741851	1	0	0	11910	0	0	46	11957
TP1_synth_reverse		81	C	657	740837	20	70	5	85	160	741834	5	11952	0	0	0	0	0	11957
TP1_synth_reverse		82	A	740497	35	244	144	0	70	134	741124	11955	0	2	0	0	0	0	11957
TP1_synth_reverse		83	A	740668	52	15	93	0	205	90	741123	11957	0	0	0	0	0	0	11957
TP1_synth_reverse		84	A	740653	45	2	124	0	221	48	741093	11957	0	0	0	0	0	0	11957
TP1_synth_reverse		85	G	146	238	0	740107	198	115	191	740995	0	0	0	11954	3	0	0	11957
TP1_synth_reverse		86	C	1044	739489	3	51	73	60	241	740961	7	11949	0	0	0	0	1	11957
TP1_synth_reverse		87	T	946	86	32	26	19	242	739540	740891	0	0	0	0	0	0	11957	11957
TP1_synth_reverse		88	G	152	355	5	739744	248	140	203	740847	0	0	0	11956	1	0	0	11957
TP1_synth_reverse		89	T	530	92	608	23	0	39	739518	740810	0	0	3	0	0	0	11954	11957
TP1_synth_reverse		90	T	545	104	2	19	2	70	739947	740689	0	0	0	0	0	0	11956	11956
TP1_synth_reverse		91	C	420	739696	0	96	0	264	104	740580	0	11956	0	0	0	0	0	11956
TP1_synth_reverse		92	C	582	738958	0	78	0	320	206	740144	0	11954	0	1	0	0	0	11955
TP1_synth_reverse		93	G	253	261	0	738327	0	116	140	739097	0	0	0	11954	0	0	0	11954
TP1_synth_reverse		94	T	412	104	0	48	0	63	738081	738708	0	0	0	0	0	0	11954	11954
TP1_synth_reverse		95	C	0	737905	0	0	0	145	0	738050	0	11954	0	0	0	0	0	11954
TP1_synth_reverse		96	C	0	737200	0	0	0	95	0	737295	0	11952	0	0	0	0	0	11952
TP1_synth_reverse		97	C	0	735913	0	0	0	144	0	736057	0	11952	0	0	0	0	0	11952
TP1_synth_reverse		98	A	734062	0	0	0	0	0	0	734062	11951	0	0	0	0	0	0	11951
TP1_synth_reverse		99	G	0	0	0	733171	0	0	0	733171	0	0	0	11950	0	0	0	11950
