



























































































































































































































#AmpliconChromStart	Alias	Position	ProbableRef	rawA	rawC	rawD	rawG	rawI	rawN	rawT	rawDepth	consA	consC	consD	consG	consI	consN	consT	consDepth	
TP1_synth_reverse		1	G	0	0	0	460661	0	0	0	460661	0	0	0	9111	0	0	0	9111
TP1_synth_reverse		2	T	0	0	0	0	0	0	461870	461870	0	0	0	0	0	0	9117	9117
TP1_synth_reverse		3	G	0	0	0	463709	0	6	0	463715	0	0	0	9148	0	0	0	9148
TP1_synth_reverse		4	G	0	0	0	464386	0	13	0	464399	0	0	0	9159	0	0	0	9159
TP1_synth_reverse		5	T	0	0	0	0	0	43	464734	464777	0	0	0	0	0	0	9166	9166
TP1_synth_reverse		6	G	80	41	0	464992	0	62	86	465261	0	0	0	9169	0	0	1	9170
TP1_synth_reverse		7	A	465126	13	0	56	0	37	80	465312	9172	0	0	0	0	0	0	9172
TP1_synth_reverse		8	G	60	38	0	465105	0	189	171	465563	0	0	0	9177	0	0	2	9179
TP1_synth_reverse		9	G	75	62	0	465023	99	23	302	465584	0	0	0	9177	2	0	1	9180
TP1_synth_reverse		10	C	134	465345	5	16	1	5	92	465598	0	9180	0	0	0	0	0	9180
TP1_synth_reverse		11	T	163	62	15	9	73	21	465263	465606	0	0	0	0	3	0	9177	9180
TP1_synth_reverse		12	C	121	464394	749	13	0	36	293	465606	0	9171	8	0	0	0	1	9180
TP1_synth_reverse		13	C	229	465140	4	16	0	145	72	465606	0	9180	0	0	0	0	0	9180
TP1_synth_reverse		14	C	177	465197	0	16	0	45	171	465606	0	9179	0	0	0	0	1	9180
TP1_synth_reverse		15	C	134	465353	0	10	27	6	76	465606	0	9178	0	0	2	0	0	9180
TP1_synth_reverse		16	T	309	48	1549	10	0	11	463679	465606	0	0	26	0	0	0	9154	9180
TP1_synth_reverse		17	T	314	71	101	13	0	7	465119	465625	0	0	1	0	0	0	9179	9180
TP1_synth_reverse		18	T	249	56	2	11	108	19	465217	465662	0	0	0	0	2	0	9179	9181
TP1_synth_reverse		19	C	254	487019	457	19	90	61	78	487978	0	9225	6	0	1	0	1	9233
TP1_synth_reverse		20	T	307	35	292	43	0	72	487229	487978	0	0	4	0	0	0	9229	9233
TP1_synth_reverse		21	T	1299	265	2	48	242	34	486100	487990	0	1	0	0	2	0	9230	9233
TP1_synth_reverse		22	G	80	464	99	487024	29	14	293	488003	0	0	1	9228	3	0	2	9234
TP1_synth_reverse		23	C	357	486586	374	36	116	25	509	488003	0	9223	4	0	1	0	6	9234
TP1_synth_reverse		24	G	166	108	884	486534	0	25	286	488003	0	1	15	9217	0	0	1	9234
TP1_synth_reverse		25	G	170	285	5	487251	108	52	146	488017	1	0	0	9231	3	0	0	9235
TP1_synth_reverse		26	A	487662	5	5	62	211	6	92	488043	9231	0	0	0	5	0	0	9236
TP1_synth_reverse		27	G	125	153	277	486661	176	64	587	488043	1	0	8	9220	5	0	2	9236
TP1_synth_reverse		28	A	487197	62	508	54	178	16	57	488072	9224	0	10	0	3	0	0	9237
TP1_synth_reverse		29	T	380	54	748	485	1	85	486319	488072	0	0	12	0	0	0	9225	9237
TP1_synth_reverse		30	T	1955	74	79	39	0	41	485897	488085	0	0	4	0	0	0	9234	9238
TP1_synth_reverse		31	C	506	487025	411	26	0	39	64	488071	0	9231	8	0	0	0	0	9239
TP1_synth_reverse		32	T	684	44	359	78	0	5	486882	488052	0	0	5	0	0	0	9234	9239
TP1_synth_reverse		33	C	527	487192	234	17	0	16	58	488044	0	9232	7	0	0	0	0	9239
TP1_synth_reverse		34	T	1761	58	781	1271	1	51	484116	488039	0	0	14	0	0	0	9225	9239
TP1_synth_reverse		35	T	2367	53	185	205	0	29	485190	488029	0	0	6	0	0	0	9233	9239
TP1_synth_reverse		36	C	290	486839	610	52	1	62	171	488025	2	9220	13	0	0	0	4	9239
TP1_synth_reverse		37	C	323	486756	200	332	1	26	321	487959	0	9223	7	3	0	0	6	9239
TP1_synth_reverse		38	T	1260	43	24	64	0	11	486540	487942	0	0	2	0	0	0	9237	9239
TP1_synth_reverse		39	C	219	487462	67	84	7	12	88	487939	0	9235	3	0	0	0	1	9239
TP1_synth_reverse		40	T	1046	43	211	84	1	109	486443	487937	0	0	3	0	0	0	9236	9239
TP1_synth_reverse		41	G	101	932	351	483932	0	25	2591	487932	0	0	3	9236	0	0	0	9239
TP1_synth_reverse		42	T	2177	57	30	114	0	43	485512	487933	0	1	0	0	0	0	9238	9239
TP1_synth_reverse		43	G	67	210	273	484678	3	63	2664	487958	0	0	3	9235	0	0	1	9239
TP1_synth_reverse		44	C	389	486552	51	34	1	15	926	487968	0	9225	2	0	0	0	12	9239
TP1_synth_reverse		45	G	215	148	522	484574	84	14	2404	487961	2	0	6	9228	3	0	0	9239
TP1_synth_reverse		46	C	734	486067	695	95	0	17	352	487960	0	9231	4	0	0	0	4	9239
TP1_synth_reverse		47	C	205	486817	356	121	204	13	239	487955	0	9233	2	1	2	0	1	9239
TP1_synth_reverse		48	G	400	954	215	483211	339	10	2808	487937	5	0	1	9225	7	0	1	9239
TP1_synth_reverse		49	A	487366	25	11	29	0	9	115	487555	9402	0	0	0	0	0	0	9402
TP1_synth_reverse		50	T	2131	42	27	30	23	43	485268	487564	0	0	2	0	0	0	9400	9402
TP1_synth_reverse		51	A	487144	34	35	40	228	50	93	487624	9400	0	1	0	2	0	0	9403
TP1_synth_reverse		52	C	413	486456	1	45	57	47	604	487623	1	9398	0	0	3	0	1	9403
TP1_synth_reverse		53	A	487285	12	15	112	81	33	95	487633	9401	0	0	0	2	0	0	9403
TP1_synth_reverse		54	G	270	288	114	485763	22	72	1095	487624	0	1	1	9398	1	0	2	9403
TP1_synth_reverse		55	A	487357	124	158	47	1	50	62	487799	9402	1	1	0	0	0	0	9404
TP1_synth_reverse		56	A	487621	7	1	50	0	40	79	487798	9404	0	0	0	0	0	0	9404
TP1_synth_reverse		57	T	2370	25	12	124	36	11	485203	487781	0	0	0	0	0	0	9404	9404
TP1_synth_reverse		58	A	487611	3	2	77	1	45	81	487820	9405	0	0	0	0	0	0	9405
TP1_synth_reverse		59	T	1147	41	282	121	82	46	486092	487811	0	0	4	0	0	0	9401	9405
TP1_synth_reverse		60	C	1678	485816	8	56	1	69	165	487793	0	9403	0	0	0	0	2	9405
TP1_synth_reverse		61	T	735	43	104	578	0	77	486294	487831	0	0	1	0	0	0	9405	9406
TP1_synth_reverse		62	G	425	165	479	486046	50	62	591	487818	0	0	1	9403	2	0	0	9406
TP1_synth_reverse		63	T	3883	45	315	36	0	20	483556	487855	0	0	3	0	0	0	9404	9407
TP1_synth_reverse		64	T	1561	38	4	128	0	34	486081	487846	0	0	0	0	0	0	9407	9407
TP1_synth_reverse		65	C	452	486754	403	24	0	41	169	487843	0	9402	4	0	0	0	1	9407
TP1_synth_reverse		66	G	790	221	230	485945	0	34	617	487837	0	0	1	9406	0	0	0	9407
TP1_synth_reverse		67	C	673	486625	444	17	0	68	85	487912	0	9404	3	0	0	0	1	9408
TP1_synth_reverse		68	A	487275	324	87	121	0	62	54	487923	9408	0	1	0	0	0	0	9409
TP1_synth_reverse		69	C	68	487214	29	25	17	33	534	487920	0	9403	1	0	0	0	5	9409
TP1_synth_reverse		70	T	674	67	162	504	403	85	486019	487914	0	0	1	0	1	0	9407	9409
TP1_synth_reverse		71	C	220	487242	275	31	1	52	91	487912	0	9406	2	1	0	0	0	9409
TP1_synth_reverse		72	C	582	486751	23	39	81	78	357	487911	0	9406	0	0	1	0	2	9409
TP1_synth_reverse		73	G	495	216	58	486680	307	50	90	487896	1	0	0	9406	2	0	0	9409
TP1_synth_reverse		74	A	487182	135	455	53	0	54	15	487894	9405	0	4	0	0	0	0	9409
TP1_synth_reverse		75	G	319	119	292	486724	1	26	396	487877	0	0	2	9406	0	0	1	9409
TP1_synth_reverse		76	T	4428	45	4	51	217	84	483033	487862	0	0	0	0	1	0	9408	9409
TP1_synth_reverse		77	G	159	226	15	486672	3	43	723	487841	0	0	0	9406	0	0	3	9409
TP1_synth_reverse		78	C	188	486591	85	28	143	125	678	487838	1	9404	1	0	1	0	2	9409
TP1_synth_reverse		79	G	150	844	109	485647	0	55	965	487770	0	0	2	9406	0	0	1	9409
TP1_synth_reverse		80	G	291	140	10	486191	249	101	752	487734	0	0	1	9407	1	0	0	9409
TP1_synth_reverse		81	C	162	486080	374	86	770	129	109	487710	0	9398	5	2	4	0	0	9409
TP1_synth_reverse		82	A	464419	12	518	67	0	55	156	465227	9189	0	5	0	0	0	0	9194
TP1_synth_reverse		83	A	465012	24	8	44	0	39	98	465225	9193	1	0	0	0	0	0	9194
TP1_synth_reverse		84	A	464995	13	0	73	0	44	72	465197	9194	0	0	0	0	0	0	9194
TP1_synth_reverse		85	G	80	110	1	464105	18	13	743	465070	0	0	0	9192	0	0	2	9194
TP1_synth_reverse		86	C	185	464694	11	34	0	28	73	465025	1	9193	0	0	0	0	0	9194
TP1_synth_reverse		87	T	1366	48	90	36	2	99	463335	464976	0	0	1	0	0	0	9193	9194
TP1_synth_reverse		88	G	155	204	157	464159	164	26	89	464954	0	0	0	9194	0	0	0	9194
TP1_synth_reverse		89	T	635	61	257	19	0	54	463891	464917	0	0	3	0	0	0	9191	9194
TP1_synth_reverse		90	T	703	53	0	21	1	88	463875	464741	0	0	0	0	0	0	9194	9194
TP1_synth_reverse		91	C	223	464246	0	22	0	15	70	464576	0	9194	0	0	0	0	0	9194
TP1_synth_reverse		92	C	274	463349	0	47	0	64	269	464003	0	9193	0	0	0	0	0	9193
TP1_synth_reverse		93	G	322	118	0	463035	0	17	52	463544	0	0	0	9191	0	0	0	9191
TP1_synth_reverse		94	T	656	47	0	26	0	61	462572	463362	0	0	0	0	0	0	9191	9191
TP1_synth_reverse		95	C	0	463013	0	0	0	48	0	463061	0	9191	0	0	0	0	0	9191
TP1_synth_reverse		96	C	0	462663	0	0	0	6	0	462669	0	9191	0	0	0	0	0	9191
TP1_synth_reverse		97	C	0	461638	0	0	0	2	0	461640	0	9189	0	0	0	0	0	9189
TP1_synth_reverse		98	A	459269	0	0	0	0	0	0	459269	9186	0	0	0	0	0	0	9186
TP1_synth_reverse		99	G	0	0	0	458742	0	0	0	458742	0	0	0	9186	0	0	0	9186
