



























































































































































































































#AmpliconChromStart	Alias	Position	ProbableRef	rawA	rawC	rawD	rawG	rawI	rawN	rawT	rawDepth	consA	consC	consD	consG	consI	consN	consT	consDepth	
TP1_synth_reverse		1	G	0	0	0	460661	0	0	0	460661	0	0	0	7026	0	0	0	7026
TP1_synth_reverse		2	T	0	0	0	0	0	0	461870	461870	0	0	0	0	0	0	7032	7032
TP1_synth_reverse		3	G	0	0	0	463709	0	6	0	463715	0	0	0	7055	0	0	0	7055
TP1_synth_reverse		4	G	0	0	0	464386	0	13	0	464399	0	0	0	7063	0	0	0	7063
TP1_synth_reverse		5	T	0	0	0	0	0	43	464734	464777	0	0	0	0	0	0	7068	7068
TP1_synth_reverse		6	G	80	41	0	464992	0	62	86	465261	0	0	0	7071	0	0	0	7071
TP1_synth_reverse		7	A	465126	13	0	56	0	37	80	465312	7073	0	0	0	0	0	0	7073
TP1_synth_reverse		8	G	60	38	0	465105	0	189	171	465563	0	0	0	7076	0	0	2	7078
TP1_synth_reverse		9	G	75	62	0	465023	99	23	302	465584	0	0	0	7075	2	0	1	7078
TP1_synth_reverse		10	C	134	465345	5	16	1	5	92	465598	0	7078	0	0	0	0	0	7078
TP1_synth_reverse		11	T	163	62	15	9	73	21	465255	465598	0	0	0	0	2	0	7076	7078
TP1_synth_reverse		12	C	121	464386	749	13	0	36	293	465598	0	7071	6	0	0	0	1	7078
TP1_synth_reverse		13	C	229	465132	4	16	0	145	72	465598	0	7078	0	0	0	0	0	7078
TP1_synth_reverse		14	C	177	465189	0	16	0	45	171	465598	0	7077	0	0	0	0	1	7078
TP1_synth_reverse		15	C	134	465345	0	10	27	6	76	465598	0	7077	0	0	1	0	0	7078
TP1_synth_reverse		16	T	309	48	1549	10	0	11	463671	465598	0	0	24	0	0	0	7054	7078
TP1_synth_reverse		17	T	312	71	101	13	0	7	465113	465617	0	0	1	0	0	0	7077	7078
TP1_synth_reverse		18	T	249	56	2	11	108	19	465209	465654	0	0	0	0	2	0	7077	7079
TP1_synth_reverse		19	C	254	487011	457	19	90	61	78	487970	0	7100	6	0	1	0	0	7107
TP1_synth_reverse		20	T	305	35	292	43	0	72	487223	487970	0	0	4	0	0	0	7103	7107
TP1_synth_reverse		21	T	1298	265	2	48	242	34	486093	487982	0	1	0	0	2	0	7104	7107
TP1_synth_reverse		22	G	80	463	99	487018	29	14	292	487995	0	0	1	7105	1	0	1	7108
TP1_synth_reverse		23	C	357	486578	374	36	116	25	509	487995	0	7099	3	0	1	0	5	7108
TP1_synth_reverse		24	G	166	107	884	486527	0	25	286	487995	0	1	14	7092	0	0	1	7108
TP1_synth_reverse		25	G	170	285	5	487243	108	52	146	488009	1	0	0	7106	2	0	0	7109
TP1_synth_reverse		26	A	487654	5	5	62	211	6	92	488035	7106	0	0	0	4	0	0	7110
TP1_synth_reverse		27	G	125	153	277	486653	176	64	587	488035	1	0	6	7100	2	0	1	7110
TP1_synth_reverse		28	A	487189	62	508	54	178	16	57	488064	7102	0	7	0	2	0	0	7111
TP1_synth_reverse		29	T	378	54	748	484	1	85	486314	488064	0	0	11	0	0	0	7100	7111
TP1_synth_reverse		30	T	1955	74	79	39	0	41	485889	488077	0	0	3	0	0	0	7109	7112
TP1_synth_reverse		31	C	506	487017	411	26	0	39	64	488063	0	7107	6	0	0	0	0	7113
TP1_synth_reverse		32	T	684	44	359	78	0	5	486874	488044	0	0	4	0	0	0	7109	7113
TP1_synth_reverse		33	C	527	487184	234	17	0	16	58	488036	0	7107	6	0	0	0	0	7113
TP1_synth_reverse		34	T	1759	58	781	1271	1	51	484110	488031	1	0	13	0	0	0	7099	7113
TP1_synth_reverse		35	T	2367	53	185	205	0	29	485182	488021	0	0	5	0	0	0	7108	7113
TP1_synth_reverse		36	C	290	486831	610	52	1	62	171	488017	1	7102	9	0	0	0	1	7113
TP1_synth_reverse		37	C	323	486749	200	331	1	26	321	487951	0	7101	5	2	0	0	5	7113
TP1_synth_reverse		38	T	1260	43	24	64	0	11	486532	487934	0	0	0	0	0	0	7113	7113
TP1_synth_reverse		39	C	219	487454	67	84	7	12	88	487931	0	7111	1	0	0	0	1	7113
TP1_synth_reverse		40	T	1046	43	211	84	1	109	486435	487929	0	0	1	0	0	0	7112	7113
TP1_synth_reverse		41	G	101	932	351	483925	0	25	2590	487924	0	0	3	7110	0	0	0	7113
TP1_synth_reverse		42	T	2176	57	30	114	0	43	485505	487925	0	1	0	0	0	0	7112	7113
TP1_synth_reverse		43	G	67	209	273	484674	3	63	2661	487950	0	0	3	7109	0	0	1	7113
TP1_synth_reverse		44	C	389	486544	51	34	1	15	926	487960	0	7104	2	0	0	0	7	7113
TP1_synth_reverse		45	G	215	148	522	484567	84	14	2403	487953	1	0	6	7104	2	0	0	7113
TP1_synth_reverse		46	C	734	486059	695	95	0	17	352	487952	0	7106	4	0	0	0	3	7113
TP1_synth_reverse		47	C	205	486809	356	121	204	13	239	487947	0	7107	2	1	2	0	1	7113
TP1_synth_reverse		48	G	400	954	215	483206	339	10	2805	487929	5	0	1	7102	4	0	1	7113
TP1_synth_reverse		49	A	487358	25	11	29	0	9	115	487547	7260	0	0	0	0	0	0	7260
TP1_synth_reverse		50	T	2128	42	27	30	23	43	485263	487556	0	0	1	0	0	0	7259	7260
TP1_synth_reverse		51	A	487136	34	35	40	228	50	93	487616	7259	0	0	0	2	0	0	7261
TP1_synth_reverse		52	C	413	486448	1	45	57	47	604	487615	0	7258	0	0	2	0	1	7261
TP1_synth_reverse		53	A	487277	12	15	112	81	33	95	487625	7259	0	0	0	2	0	0	7261
TP1_synth_reverse		54	G	270	288	114	485755	22	72	1095	487616	0	1	1	7256	1	0	2	7261
TP1_synth_reverse		55	A	487349	124	158	47	1	50	62	487791	7262	0	0	0	0	0	0	7262
TP1_synth_reverse		56	A	487613	7	1	50	0	40	79	487790	7262	0	0	0	0	0	0	7262
TP1_synth_reverse		57	T	2369	25	12	124	36	11	485196	487773	0	0	0	0	0	0	7262	7262
TP1_synth_reverse		58	A	487603	3	2	77	1	45	81	487812	7263	0	0	0	0	0	0	7263
TP1_synth_reverse		59	T	1146	41	282	121	82	46	486085	487803	0	0	2	0	0	0	7261	7263
TP1_synth_reverse		60	C	1678	485808	8	56	1	69	165	487785	0	7262	0	0	0	0	1	7263
TP1_synth_reverse		61	T	734	43	104	577	0	77	486288	487823	0	0	1	0	0	0	7263	7264
TP1_synth_reverse		62	G	424	165	479	486039	50	62	591	487810	0	0	1	7262	1	0	0	7264
TP1_synth_reverse		63	T	3883	45	315	36	0	20	483548	487847	0	0	2	0	0	0	7263	7265
TP1_synth_reverse		64	T	1559	38	4	128	0	34	486075	487838	0	0	0	0	0	0	7265	7265
TP1_synth_reverse		65	C	452	486746	403	24	0	41	169	487835	0	7261	3	0	0	0	1	7265
TP1_synth_reverse		66	G	790	221	230	485937	0	34	617	487829	0	0	1	7264	0	0	0	7265
TP1_synth_reverse		67	C	673	486617	444	17	0	68	85	487904	0	7262	3	0	0	0	1	7266
TP1_synth_reverse		68	A	487267	324	87	121	0	62	54	487915	7266	0	1	0	0	0	0	7267
TP1_synth_reverse		69	C	68	487206	29	25	17	33	534	487912	0	7264	0	0	0	0	3	7267
TP1_synth_reverse		70	T	673	67	162	504	403	85	486016	487910	0	0	1	0	1	0	7265	7267
TP1_synth_reverse		71	C	220	487238	275	31	1	52	91	487908	0	7264	2	1	0	0	0	7267
TP1_synth_reverse		72	C	582	486747	23	39	81	78	357	487907	0	7265	0	0	1	0	1	7267
TP1_synth_reverse		73	G	495	216	58	486677	307	50	89	487892	0	0	0	7265	2	0	0	7267
TP1_synth_reverse		74	A	487178	135	455	53	0	54	15	487890	7263	0	4	0	0	0	0	7267
TP1_synth_reverse		75	G	319	118	292	486721	1	26	396	487873	0	0	1	7265	0	0	1	7267
TP1_synth_reverse		76	T	4427	45	4	51	217	84	483030	487858	0	0	0	0	1	0	7266	7267
TP1_synth_reverse		77	G	159	226	15	486670	3	43	721	487837	0	0	0	7264	0	0	3	7267
TP1_synth_reverse		78	C	187	486588	85	28	143	125	678	487834	1	7263	1	0	1	0	1	7267
TP1_synth_reverse		79	G	150	844	109	485645	0	55	963	487766	0	0	1	7265	0	0	1	7267
TP1_synth_reverse		80	G	291	140	10	486187	249	101	752	487730	0	0	0	7266	1	0	0	7267
TP1_synth_reverse		81	C	162	486076	374	86	770	129	109	487706	0	7258	3	2	4	0	0	7267
TP1_synth_reverse		82	A	464415	12	518	67	0	55	156	465223	7089	0	3	0	0	0	0	7092
TP1_synth_reverse		83	A	465008	24	8	44	0	39	98	465221	7092	0	0	0	0	0	0	7092
TP1_synth_reverse		84	A	464991	13	0	73	0	44	72	465193	7092	0	0	0	0	0	0	7092
TP1_synth_reverse		85	G	80	110	1	464101	18	13	743	465066	0	0	0	7092	0	0	0	7092
TP1_synth_reverse		86	C	185	464690	11	34	0	28	73	465021	0	7092	0	0	0	0	0	7092
TP1_synth_reverse		87	T	1366	48	90	36	2	99	463331	464972	0	0	0	0	0	0	7092	7092
TP1_synth_reverse		88	G	155	204	157	464156	164	26	88	464950	0	0	0	7092	0	0	0	7092
TP1_synth_reverse		89	T	634	61	257	19	0	54	463888	464913	0	0	3	0	0	0	7089	7092
TP1_synth_reverse		90	T	703	53	0	21	1	88	463871	464737	0	0	0	0	0	0	7092	7092
TP1_synth_reverse		91	C	223	464242	0	22	0	15	70	464572	0	7092	0	0	0	0	0	7092
TP1_synth_reverse		92	C	274	463345	0	47	0	64	269	463999	0	7091	0	0	0	0	0	7091
TP1_synth_reverse		93	G	322	118	0	463031	0	17	52	463540	0	0	0	7091	0	0	0	7091
TP1_synth_reverse		94	T	656	47	0	26	0	61	462568	463358	0	0	0	0	0	0	7091	7091
TP1_synth_reverse		95	C	0	463009	0	0	0	48	0	463057	0	7091	0	0	0	0	0	7091
TP1_synth_reverse		96	C	0	462659	0	0	0	6	0	462665	0	7091	0	0	0	0	0	7091
TP1_synth_reverse		97	C	0	461634	0	0	0	2	0	461636	0	7090	0	0	0	0	0	7090
TP1_synth_reverse		98	A	459265	0	0	0	0	0	0	459265	7089	0	0	0	0	0	0	7089
TP1_synth_reverse		99	G	0	0	0	458738	0	0	0	458738	0	0	0	7089	0	0	0	7089
