



























































































































































































































#AmpliconChromStart	Alias	Position	ProbableRef	rawA	rawC	rawD	rawG	rawI	rawN	rawT	rawDepth	consA	consC	consD	consG	consI	consN	consT	consDepth	
TP1_synth_reverse		1	G	0	0	0	447248	0	0	0	447248	0	0	0	7113	0	0	0	7113
TP1_synth_reverse		2	T	0	0	0	0	0	0	447614	447614	0	0	0	0	0	0	7119	7119
TP1_synth_reverse		3	G	0	0	0	449610	0	83	0	449693	0	0	0	7135	0	0	0	7135
TP1_synth_reverse		4	G	0	0	0	450095	0	41	0	450136	0	0	0	7142	0	0	0	7142
TP1_synth_reverse		5	T	0	0	0	0	0	128	450549	450677	0	0	0	0	0	0	7147	7147
TP1_synth_reverse		6	G	85	43	0	450962	0	26	98	451214	0	0	0	7151	0	0	1	7152
TP1_synth_reverse		7	A	451408	19	0	60	0	8	68	451563	7154	0	0	0	0	0	0	7154
TP1_synth_reverse		8	G	76	53	0	452722	1	42	613	453507	0	0	0	7164	0	0	3	7167
TP1_synth_reverse		9	G	77	97	0	453268	1	14	100	453557	0	0	0	7169	0	0	0	7169
TP1_synth_reverse		10	C	197	452962	0	18	291	18	92	453578	0	7166	0	0	2	0	1	7169
TP1_synth_reverse		11	T	236	93	25	25	314	37	452863	453593	0	0	1	0	10	0	7158	7169
TP1_synth_reverse		12	C	204	452431	827	14	0	51	76	453603	0	7161	8	0	0	0	0	7169
TP1_synth_reverse		13	C	263	453148	2	22	2	79	103	453619	1	7168	0	0	0	0	0	7169
TP1_synth_reverse		14	C	219	453240	0	29	1	31	99	453619	0	7169	0	0	0	0	0	7169
TP1_synth_reverse		15	C	181	452360	240	34	695	34	75	453619	0	7160	2	0	7	0	0	7169
TP1_synth_reverse		16	T	405	128	4955	28	1	16	448097	453630	0	6	42	0	0	0	7121	7169
TP1_synth_reverse		17	T	516	199	186	21	0	111	452597	453630	0	2	1	0	0	0	7166	7169
TP1_synth_reverse		18	T	359	401	39	12	121	81	452627	453640	0	3	2	0	2	0	7162	7169
TP1_synth_reverse		19	C	432	450231	805	21	2194	72	166	453921	5	7133	9	0	16	0	7	7170
TP1_synth_reverse		20	T	474	38	466	33	19	33	452858	453921	0	0	8	0	0	1	7161	7170
TP1_synth_reverse		21	T	1403	79	13	57	2560	97	449723	453932	0	0	1	0	41	0	7128	7170
TP1_synth_reverse		22	G	156	511	341	452593	14	60	257	453932	3	0	5	7162	0	0	0	7170
TP1_synth_reverse		23	C	586	446528	571	54	5401	59	744	453943	0	7106	6	0	55	0	3	7170
TP1_synth_reverse		24	G	153	132	438	452900	11	49	260	453943	0	0	12	7158	0	0	0	7170
TP1_synth_reverse		25	G	205	324	5	452771	429	45	179	453958	2	0	0	7166	3	0	0	7171
TP1_synth_reverse		26	A	452897	12	9	527	341	92	93	453971	7162	0	0	3	6	0	0	7171
TP1_synth_reverse		27	G	54	132	606	451720	524	59	876	453971	0	0	6	7159	3	0	3	7171
TP1_synth_reverse		28	A	453136	85	292	162	81	45	177	453978	7153	0	6	5	6	0	1	7171
TP1_synth_reverse		29	T	632	353	1100	53	1	7	451832	453978	0	2	15	0	0	0	7154	7171
TP1_synth_reverse		30	T	1994	61	97	9	0	48	451769	453978	0	0	1	0	0	0	7170	7171
TP1_synth_reverse		31	C	567	452279	349	19	449	17	299	453979	0	7158	7	0	5	0	1	7171
TP1_synth_reverse		32	T	775	58	804	33	7	48	452252	453977	0	0	3	0	0	0	7168	7171
TP1_synth_reverse		33	C	519	451946	627	31	770	17	61	453971	0	7159	5	0	7	0	0	7171
TP1_synth_reverse		34	T	1050	80	1179	31	5	18	451607	453970	0	0	11	0	0	0	7160	7171
TP1_synth_reverse		35	T	2310	127	107	49	246	36	451092	453967	0	3	2	0	5	0	7161	7171
TP1_synth_reverse		36	C	449	453150	209	38	0	43	74	453963	0	7166	5	0	0	0	0	7171
TP1_synth_reverse		37	C	474	452935	207	36	5	24	270	453951	0	7161	6	0	0	0	4	7171
TP1_synth_reverse		38	T	1114	178	251	26	519	63	451789	453940	0	4	7	0	3	0	7157	7171
TP1_synth_reverse		39	C	300	453286	221	24	13	25	70	453939	0	7164	7	0	0	0	0	7171
TP1_synth_reverse		40	T	1236	57	307	15	1541	32	450748	453936	0	2	9	0	11	0	7149	7171
TP1_synth_reverse		41	G	142	1086	205	451238	41	15	1209	453936	2	0	6	7163	0	0	0	7171
TP1_synth_reverse		42	T	1976	55	489	33	994	78	450310	453935	0	0	6	2	12	0	7151	7171
TP1_synth_reverse		43	G	79	978	160	451532	4	55	1133	453941	0	0	4	7163	0	0	4	7171
TP1_synth_reverse		44	C	601	449415	193	48	2831	71	779	453938	0	7150	1	0	13	0	7	7171
TP1_synth_reverse		45	G	129	310	3	450768	58	40	2624	453932	1	0	0	7166	1	0	3	7171
TP1_synth_reverse		46	C	936	452700	151	31	0	20	91	453929	0	7164	7	0	0	0	0	7171
TP1_synth_reverse		47	C	337	452647	57	32	661	6	196	453936	0	7157	3	0	10	0	1	7171
TP1_synth_reverse		48	G	128	1050	244	450684	4	6	1815	453931	0	4	5	7162	0	0	0	7171
TP1_synth_reverse		49	A	453517	51	56	38	178	23	100	453963	7166	0	3	0	2	0	0	7171
TP1_synth_reverse		50	T	2083	62	537	13	42	18	451206	453961	0	0	8	0	1	0	7162	7171
TP1_synth_reverse		51	A	453761	46	1	47	0	48	86	453989	7171	0	0	0	0	0	0	7171
TP1_synth_reverse		52	C	512	453138	170	28	1	27	110	453986	1	7169	1	0	0	0	0	7171
TP1_synth_reverse		53	A	453231	29	7	82	537	28	72	453986	7169	0	0	0	2	0	0	7171
TP1_synth_reverse		54	G	128	368	455	452513	90	8	420	453982	0	0	3	7168	0	0	0	7171
TP1_synth_reverse		55	A	452864	357	642	68	0	35	51	454017	7165	1	6	0	0	0	0	7172
TP1_synth_reverse		56	A	453326	5	1	68	483	40	94	454017	7170	0	0	0	2	0	0	7172
TP1_synth_reverse		57	T	2846	48	716	139	0	36	450220	454005	0	0	4	0	0	0	7168	7172
TP1_synth_reverse		58	A	453682	5	153	67	1	28	83	454019	7170	0	3	0	0	0	0	7173
TP1_synth_reverse		59	T	1699	40	411	80	619	9	451144	454002	0	0	3	0	1	0	7169	7173
TP1_synth_reverse		60	C	1234	452327	201	58	76	28	68	453992	0	7170	2	0	1	0	0	7173
TP1_synth_reverse		61	T	1454	50	13	214	993	12	451247	453983	0	0	0	1	3	0	7169	7173
TP1_synth_reverse		62	G	971	271	83	451940	103	75	542	453985	6	0	1	7163	2	0	1	7173
TP1_synth_reverse		63	T	3254	52	165	30	0	32	450448	453981	0	0	1	0	0	0	7172	7173
TP1_synth_reverse		64	T	1933	44	143	70	21	55	451705	453971	0	0	1	0	1	0	7171	7173
TP1_synth_reverse		65	C	524	451414	141	37	283	77	1499	453975	0	7159	4	0	4	0	6	7173
TP1_synth_reverse		66	G	436	297	104	452360	1	28	742	453968	0	1	2	7169	0	0	1	7173
TP1_synth_reverse		67	C	794	452913	103	12	0	91	71	453984	2	7170	2	0	0	0	0	7174
TP1_synth_reverse		68	A	453354	315	104	93	0	50	73	453989	7172	0	2	0	0	0	0	7174
TP1_synth_reverse		69	C	175	453551	23	21	47	48	122	453987	0	7172	1	0	1	0	0	7174
TP1_synth_reverse		70	T	1223	166	295	99	2	24	452168	453977	2	1	3	0	0	0	7168	7174
TP1_synth_reverse		71	C	280	453142	240	26	0	11	278	453977	0	7165	5	0	0	0	4	7174
TP1_synth_reverse		72	C	725	452673	20	50	317	29	158	453972	0	7168	1	0	5	0	0	7174
TP1_synth_reverse		73	G	422	308	43	452906	38	93	156	453966	1	0	1	7171	1	0	0	7174
TP1_synth_reverse		74	A	453680	90	16	70	28	63	17	453964	7173	0	1	0	0	0	0	7174
TP1_synth_reverse		75	G	216	245	23	453304	2	17	154	453961	2	0	1	7171	0	0	0	7174
TP1_synth_reverse		76	T	2539	55	635	33	534	17	450139	453952	0	1	4	0	2	0	7167	7174
TP1_synth_reverse		77	G	580	322	623	451790	1	25	600	453941	7	0	4	7163	0	0	0	7174
TP1_synth_reverse		78	C	364	451495	574	26	145	42	1293	453939	1	7161	2	0	2	0	8	7174
TP1_synth_reverse		79	G	408	674	529	451767	0	113	444	453935	0	0	5	7169	0	0	0	7174
TP1_synth_reverse		80	G	532	201	1	452847	2	124	212	453919	4	0	0	7169	0	0	1	7174
TP1_synth_reverse		81	C	203	450996	2448	54	4	99	97	453901	0	7160	14	0	0	0	0	7174
TP1_synth_reverse		82	A	452404	51	960	86	0	52	86	453639	7167	0	7	0	0	0	0	7174
TP1_synth_reverse		83	A	453348	64	1	67	0	114	41	453635	7174	0	0	0	0	0	0	7174
TP1_synth_reverse		84	A	452936	49	0	142	413	35	25	453600	7173	0	0	0	1	0	0	7174
TP1_synth_reverse		85	G	78	237	1	453035	4	43	142	453540	0	0	0	7173	0	0	1	7174
TP1_synth_reverse		86	C	278	452980	1	21	105	34	80	453499	0	7174	0	0	0	0	0	7174
TP1_synth_reverse		87	T	1135	56	0	91	1	61	452076	453420	0	0	0	0	0	0	7174	7174
TP1_synth_reverse		88	G	254	366	0	452580	4	64	122	453390	2	0	0	7172	0	0	0	7174
TP1_synth_reverse		89	T	793	63	62	36	0	152	452228	453334	0	0	2	0	0	0	7172	7174
TP1_synth_reverse		90	T	933	75	45	41	0	90	451984	453168	0	0	2	0	0	0	7172	7174
TP1_synth_reverse		91	C	426	452191	0	269	0	23	93	453002	0	7169	0	3	0	0	1	7173
TP1_synth_reverse		92	C	439	452029	0	267	0	19	156	452910	1	7172	0	0	0	0	0	7173
TP1_synth_reverse		93	G	272	172	0	451702	0	55	75	452276	0	0	0	7173	0	0	0	7173
TP1_synth_reverse		94	T	668	60	0	100	0	108	451014	451950	0	0	0	0	0	0	7172	7172
TP1_synth_reverse		95	C	0	451372	0	0	0	62	0	451434	0	7171	0	0	0	0	0	7171
TP1_synth_reverse		96	C	0	450920	0	0	0	49	0	450969	0	7170	0	0	0	0	0	7170
TP1_synth_reverse		97	C	0	449944	0	0	0	91	0	450035	0	7168	0	0	0	0	0	7168
TP1_synth_reverse		98	A	447890	0	0	0	0	0	0	447890	7168	0	0	0	0	0	0	7168
TP1_synth_reverse		99	G	0	0	0	446947	0	0	0	446947	0	0	0	7168	0	0	0	7168
