



























































































































































































































#AmpliconChromStart	Alias	Position	ProbableRef	rawA	rawC	rawD	rawG	rawI	rawN	rawT	rawDepth	consA	consC	consD	consG	consI	consN	consT	consDepth	
TP1_synth_reverse		1	G	0	0	0	447248	0	0	0	447248	0	0	0	6399	0	0	0	6399
TP1_synth_reverse		2	T	0	0	0	0	0	0	447614	447614	0	0	0	0	0	0	6405	6405
TP1_synth_reverse		3	G	0	0	0	449610	0	83	0	449693	0	0	0	6420	0	0	0	6420
TP1_synth_reverse		4	G	0	0	0	450095	0	41	0	450136	0	0	0	6426	0	0	0	6426
TP1_synth_reverse		5	T	0	0	0	0	0	128	450549	450677	0	0	0	0	0	0	6431	6431
TP1_synth_reverse		6	G	85	43	0	450962	0	26	98	451214	0	0	0	6434	0	0	1	6435
TP1_synth_reverse		7	A	451408	19	0	60	0	8	68	451563	6437	0	0	0	0	0	0	6437
TP1_synth_reverse		8	G	76	53	0	452722	1	42	613	453507	0	0	0	6446	0	0	3	6449
TP1_synth_reverse		9	G	77	97	0	453268	1	14	100	453557	0	0	0	6451	0	0	0	6451
TP1_synth_reverse		10	C	197	452962	0	18	291	18	92	453578	0	6448	0	0	2	0	1	6451
TP1_synth_reverse		11	T	236	93	25	25	314	37	452863	453593	0	0	1	0	10	0	6440	6451
TP1_synth_reverse		12	C	204	452421	827	14	0	51	76	453593	0	6443	8	0	0	0	0	6451
TP1_synth_reverse		13	C	263	453138	2	22	2	79	103	453609	0	6451	0	0	0	0	0	6451
TP1_synth_reverse		14	C	219	453230	0	29	1	31	99	453609	0	6451	0	0	0	0	0	6451
TP1_synth_reverse		15	C	181	452350	240	34	695	34	75	453609	0	6443	2	0	6	0	0	6451
TP1_synth_reverse		16	T	405	128	4955	28	1	16	448076	453609	0	3	40	0	0	0	6408	6451
TP1_synth_reverse		17	T	516	199	186	21	0	111	452576	453609	0	2	1	0	0	0	6448	6451
TP1_synth_reverse		18	T	358	401	39	12	121	81	452597	453609	0	2	2	0	2	0	6445	6451
TP1_synth_reverse		19	C	432	450200	805	21	2194	72	166	453890	5	6420	9	0	14	0	4	6452
TP1_synth_reverse		20	T	474	38	466	33	19	33	452827	453890	0	0	8	0	0	1	6443	6452
TP1_synth_reverse		21	T	1401	79	13	57	2560	97	449694	453901	0	0	1	0	36	0	6415	6452
TP1_synth_reverse		22	G	156	509	341	452574	14	60	256	453910	2	0	4	6446	0	0	0	6452
TP1_synth_reverse		23	C	586	446506	571	54	5401	59	744	453921	0	6395	6	0	48	0	3	6452
TP1_synth_reverse		24	G	153	132	438	452878	11	49	260	453921	0	0	12	6440	0	0	0	6452
TP1_synth_reverse		25	G	205	323	5	452751	429	45	178	453936	2	0	0	6448	3	0	0	6453
TP1_synth_reverse		26	A	452875	12	9	527	341	92	93	453949	6444	0	0	3	6	0	0	6453
TP1_synth_reverse		27	G	54	131	606	451700	524	59	875	453949	0	0	5	6443	3	0	2	6453
TP1_synth_reverse		28	A	453107	85	292	162	81	45	177	453949	6438	0	6	5	3	0	1	6453
TP1_synth_reverse		29	T	630	353	1100	53	1	7	451805	453949	0	2	14	0	0	0	6437	6453
TP1_synth_reverse		30	T	1996	61	97	9	0	48	451748	453959	0	0	1	0	0	0	6452	6453
TP1_synth_reverse		31	C	568	452259	349	19	449	17	299	453960	0	6441	7	0	4	0	1	6453
TP1_synth_reverse		32	T	774	58	804	33	7	48	452234	453958	0	0	3	0	0	0	6450	6453
TP1_synth_reverse		33	C	518	451928	627	31	770	17	61	453952	0	6442	5	0	6	0	0	6453
TP1_synth_reverse		34	T	1050	80	1179	31	5	18	451588	453951	0	0	11	0	0	0	6442	6453
TP1_synth_reverse		35	T	2305	127	107	49	246	36	451072	453942	0	3	1	0	4	0	6445	6453
TP1_synth_reverse		36	C	446	453128	209	38	0	43	74	453938	0	6449	4	0	0	0	0	6453
TP1_synth_reverse		37	C	472	452918	207	36	5	24	270	453932	0	6446	3	0	0	0	4	6453
TP1_synth_reverse		38	T	1111	178	251	26	519	63	451773	453921	0	4	4	0	3	0	6442	6453
TP1_synth_reverse		39	C	298	453269	221	24	13	25	70	453920	0	6450	3	0	0	0	0	6453
TP1_synth_reverse		40	T	1234	57	307	15	1541	32	450731	453917	0	2	5	0	8	0	6438	6453
TP1_synth_reverse		41	G	142	1084	205	451224	41	15	1206	453917	2	0	3	6448	0	0	0	6453
TP1_synth_reverse		42	T	1977	55	489	33	994	78	450290	453916	0	0	4	2	12	0	6435	6453
TP1_synth_reverse		43	G	79	975	160	451514	4	55	1135	453922	0	0	4	6446	0	0	3	6453
TP1_synth_reverse		44	C	597	449400	193	48	2831	71	779	453919	0	6434	1	0	11	0	7	6453
TP1_synth_reverse		45	G	129	309	3	450760	58	40	2621	453920	1	0	0	6448	1	0	3	6453
TP1_synth_reverse		46	C	933	452690	151	32	0	20	91	453917	0	6448	5	0	0	0	0	6453
TP1_synth_reverse		47	C	335	452637	57	32	661	6	196	453924	0	6441	2	0	9	0	1	6453
TP1_synth_reverse		48	G	128	1050	244	450679	4	6	1808	453919	0	4	4	6445	0	0	0	6453
TP1_synth_reverse		49	A	453507	51	56	38	178	23	100	453953	6450	0	2	0	1	0	0	6453
TP1_synth_reverse		50	T	2083	62	537	14	42	18	451195	453951	0	0	8	0	1	0	6444	6453
TP1_synth_reverse		51	A	453751	46	1	47	0	48	86	453979	6453	0	0	0	0	0	0	6453
TP1_synth_reverse		52	C	509	453131	170	28	1	27	110	453976	0	6452	1	0	0	0	0	6453
TP1_synth_reverse		53	A	453231	29	7	82	537	28	72	453986	6451	0	0	0	2	0	0	6453
TP1_synth_reverse		54	G	130	368	455	452516	90	8	415	453982	0	0	3	6450	0	0	0	6453
TP1_synth_reverse		55	A	452864	357	642	68	0	35	51	454017	6447	1	6	0	0	0	0	6454
TP1_synth_reverse		56	A	453326	5	1	68	483	40	94	454017	6452	0	0	0	2	0	0	6454
TP1_synth_reverse		57	T	2841	48	716	139	0	36	450225	454005	0	0	4	0	0	0	6450	6454
TP1_synth_reverse		58	A	453682	5	153	67	1	28	83	454019	6452	0	3	0	0	0	0	6455
TP1_synth_reverse		59	T	1695	40	411	80	619	9	451148	454002	0	0	3	0	1	0	6451	6455
TP1_synth_reverse		60	C	1232	452329	201	58	76	28	68	453992	0	6452	2	0	1	0	0	6455
TP1_synth_reverse		61	T	1448	50	13	214	993	12	451253	453983	0	0	0	1	3	0	6451	6455
TP1_synth_reverse		62	G	969	270	83	451939	103	75	541	453980	6	0	1	6445	2	0	1	6455
TP1_synth_reverse		63	T	3258	52	165	30	0	32	450439	453976	0	0	1	0	0	0	6454	6455
TP1_synth_reverse		64	T	1934	44	143	70	21	55	451707	453974	0	0	1	0	1	0	6454	6456
TP1_synth_reverse		65	C	525	451416	141	37	283	77	1499	453978	0	6442	4	0	4	0	6	6456
TP1_synth_reverse		66	G	432	298	104	452366	1	28	742	453971	0	1	2	6452	0	0	1	6456
TP1_synth_reverse		67	C	795	452915	103	12	0	91	71	453987	1	6454	2	0	0	0	0	6457
TP1_synth_reverse		68	A	453357	315	104	93	0	50	73	453992	6455	0	2	0	0	0	0	6457
TP1_synth_reverse		69	C	175	453555	23	20	47	48	122	453990	0	6456	1	0	0	0	0	6457
TP1_synth_reverse		70	T	1221	166	295	99	2	24	452173	453980	1	1	2	0	0	0	6453	6457
TP1_synth_reverse		71	C	280	453145	240	26	0	11	278	453980	0	6448	5	0	0	0	4	6457
TP1_synth_reverse		72	C	724	452676	20	50	317	29	159	453975	0	6451	1	0	5	0	0	6457
TP1_synth_reverse		73	G	420	309	43	452910	38	93	156	453969	1	0	1	6454	1	0	0	6457
TP1_synth_reverse		74	A	453682	90	16	71	28	63	17	453967	6456	0	1	0	0	0	0	6457
TP1_synth_reverse		75	G	217	243	23	453309	2	17	153	453964	2	0	1	6454	0	0	0	6457
TP1_synth_reverse		76	T	2543	55	635	35	534	17	450136	453955	0	1	4	0	2	0	6450	6457
TP1_synth_reverse		77	G	579	323	623	451795	1	25	598	453944	6	0	3	6448	0	0	0	6457
TP1_synth_reverse		78	C	363	451499	574	26	145	42	1293	453942	1	6446	2	0	2	0	6	6457
TP1_synth_reverse		79	G	409	674	529	451768	0	113	445	453938	0	0	5	6452	0	0	0	6457
TP1_synth_reverse		80	G	532	202	1	452848	2	124	213	453922	3	0	0	6454	0	0	0	6457
TP1_synth_reverse		81	C	201	451001	2448	54	4	99	97	453904	0	6444	13	0	0	0	0	6457
TP1_synth_reverse		82	A	452407	51	960	86	0	52	86	453642	6450	0	7	0	0	0	0	6457
TP1_synth_reverse		83	A	453349	65	1	68	0	114	41	453638	6457	0	0	0	0	0	0	6457
TP1_synth_reverse		84	A	452939	49	0	142	413	35	25	453603	6456	0	0	0	1	0	0	6457
TP1_synth_reverse		85	G	78	236	1	453039	4	43	142	453543	0	0	0	6456	0	0	1	6457
TP1_synth_reverse		86	C	277	452984	1	21	105	34	80	453502	0	6457	0	0	0	0	0	6457
TP1_synth_reverse		87	T	1133	56	0	91	1	61	452081	453423	0	0	0	0	0	0	6457	6457
TP1_synth_reverse		88	G	254	366	0	452582	4	64	122	453392	2	0	0	6455	0	0	0	6457
TP1_synth_reverse		89	T	792	63	62	36	0	152	452231	453336	0	0	2	0	0	0	6455	6457
TP1_synth_reverse		90	T	933	75	45	41	0	90	451985	453169	0	0	2	0	0	0	6455	6457
TP1_synth_reverse		91	C	425	452194	0	268	0	23	93	453003	0	6453	0	3	0	0	0	6456
TP1_synth_reverse		92	C	439	452030	0	267	0	19	156	452911	1	6455	0	0	0	0	0	6456
TP1_synth_reverse		93	G	272	172	0	451704	0	55	75	452278	0	0	0	6456	0	0	0	6456
TP1_synth_reverse		94	T	667	60	0	100	0	108	451018	451953	0	0	0	0	0	0	6455	6455
TP1_synth_reverse		95	C	0	451375	0	0	0	62	0	451437	0	6454	0	0	0	0	0	6454
TP1_synth_reverse		96	C	0	450923	0	0	0	49	0	450972	0	6453	0	0	0	0	0	6453
TP1_synth_reverse		97	C	0	449947	0	0	0	91	0	450038	0	6451	0	0	0	0	0	6451
TP1_synth_reverse		98	A	447892	0	0	0	0	0	0	447892	6451	0	0	0	0	0	0	6451
TP1_synth_reverse		99	G	0	0	0	446949	0	0	0	446949	0	0	0	6451	0	0	0	6451
