



























































































































































































































#AmpliconChromStart	Alias	Position	ProbableRef	rawA	rawC	rawD	rawG	rawI	rawN	rawT	rawDepth	consA	consC	consD	consG	consI	consN	consT	consDepth	
TP1_synth_reverse		1	G	0	0	0	447248	0	0	0	447248	0	0	0	13197	0	0	0	13197
TP1_synth_reverse		2	T	0	0	0	0	0	0	447614	447614	0	0	0	0	0	0	13215	13215
TP1_synth_reverse		3	G	0	0	0	449610	0	83	0	449693	0	0	0	13268	0	2	0	13270
TP1_synth_reverse		4	G	0	0	0	450095	0	41	0	450136	0	0	0	13286	0	0	0	13286
TP1_synth_reverse		5	T	0	0	0	0	0	128	450549	450677	0	0	0	0	0	2	13299	13301
TP1_synth_reverse		6	G	85	43	0	450962	0	26	98	451214	1	0	0	13323	0	0	2	13326
TP1_synth_reverse		7	A	451408	19	0	60	0	8	68	451563	13329	0	0	0	0	0	0	13329
TP1_synth_reverse		8	G	76	53	0	452722	1	42	613	453507	0	0	0	13343	0	1	4	13348
TP1_synth_reverse		9	G	77	97	0	453268	1	14	100	453557	0	0	0	13351	0	0	0	13351
TP1_synth_reverse		10	C	197	452962	0	18	291	18	92	453578	0	13348	0	0	3	0	1	13352
TP1_synth_reverse		11	T	236	93	25	25	314	37	452863	453593	0	1	2	0	21	1	13328	13353
TP1_synth_reverse		12	C	204	452431	827	14	0	51	76	453603	0	13338	15	0	0	1	0	13354
TP1_synth_reverse		13	C	263	453148	2	22	2	79	103	453619	1	13355	0	0	0	0	0	13356
TP1_synth_reverse		14	C	219	453240	0	29	1	31	99	453619	0	13356	0	0	0	0	0	13356
TP1_synth_reverse		15	C	181	452360	240	34	695	34	75	453619	0	13329	3	0	23	1	0	13356
TP1_synth_reverse		16	T	405	128	4955	28	1	16	448097	453630	0	9	69	0	0	0	13279	13357
TP1_synth_reverse		17	T	516	199	186	21	0	111	452597	453630	0	4	2	0	0	1	13350	13357
TP1_synth_reverse		18	T	359	401	39	12	121	81	452617	453630	0	8	2	0	3	2	13342	13357
TP1_synth_reverse		19	C	432	450221	805	21	2194	72	166	453911	7	13284	22	0	33	1	11	13358
TP1_synth_reverse		20	T	474	38	466	33	19	33	452848	453911	0	0	11	0	0	3	13344	13358
TP1_synth_reverse		21	T	1403	79	13	57	2560	97	449702	453911	1	0	1	0	73	1	13282	13358
TP1_synth_reverse		22	G	156	511	341	452581	14	60	257	453920	5	0	7	13341	2	0	4	13359
TP1_synth_reverse		23	C	586	446516	571	54	5401	59	744	453931	0	13237	6	0	113	1	3	13360
TP1_synth_reverse		24	G	153	132	438	452888	11	49	260	453931	0	2	18	13339	0	1	0	13360
TP1_synth_reverse		25	G	205	324	5	452759	429	45	179	453946	6	0	0	13352	3	0	0	13361
TP1_synth_reverse		26	A	452885	12	9	527	341	92	93	453959	13350	0	0	3	8	1	0	13362
TP1_synth_reverse		27	G	54	133	606	451707	524	59	876	453959	0	0	11	13335	8	1	7	13362
TP1_synth_reverse		28	A	453124	85	292	162	81	45	177	453966	13330	0	10	5	13	2	3	13363
TP1_synth_reverse		29	T	629	353	1100	53	1	7	451823	453966	0	4	30	0	0	0	13329	13363
TP1_synth_reverse		30	T	1995	61	97	9	0	48	451756	453966	6	0	1	0	0	1	13355	13363
TP1_synth_reverse		31	C	568	452266	349	19	449	17	299	453967	2	13339	8	0	11	1	2	13363
TP1_synth_reverse		32	T	774	58	804	33	7	48	452241	453965	0	0	5	0	0	1	13357	13363
TP1_synth_reverse		33	C	520	451933	627	31	770	17	61	453959	0	13344	10	0	9	0	0	13363
TP1_synth_reverse		34	T	1051	80	1179	31	5	18	451594	453958	1	0	17	0	0	1	13344	13363
TP1_synth_reverse		35	T	2308	127	107	49	246	36	451082	453955	4	5	2	1	10	0	13341	13363
TP1_synth_reverse		36	C	447	453140	209	38	0	43	74	453951	0	13352	11	0	0	0	0	13363
TP1_synth_reverse		37	C	472	452925	207	36	5	24	270	453939	0	13340	13	0	0	0	10	13363
TP1_synth_reverse		38	T	1112	178	251	26	518	63	451780	453928	1	4	14	0	7	0	13337	13363
TP1_synth_reverse		39	C	300	453276	221	24	13	25	70	453929	1	13347	14	0	0	1	0	13363
TP1_synth_reverse		40	T	1238	57	307	15	1541	32	450736	453926	1	2	16	0	24	1	13319	13363
TP1_synth_reverse		41	G	142	1085	205	451231	41	15	1207	453926	2	3	11	13343	2	0	2	13363
TP1_synth_reverse		42	T	1976	55	489	33	994	78	450300	453925	2	0	11	2	21	2	13325	13363
TP1_synth_reverse		43	G	79	974	160	451526	4	55	1133	453931	0	0	7	13347	0	1	8	13363
TP1_synth_reverse		44	C	600	449406	193	48	2830	71	780	453928	0	13320	4	1	23	1	14	13363
TP1_synth_reverse		45	G	129	309	3	450768	58	40	2622	453929	1	1	0	13354	1	0	7	13364
TP1_synth_reverse		46	C	934	452699	151	31	0	20	91	453926	1	13345	17	0	0	0	1	13364
TP1_synth_reverse		47	C	336	452645	57	32	661	6	196	453933	1	13326	9	0	23	1	4	13364
TP1_synth_reverse		48	G	128	1050	244	450685	4	6	1811	453928	0	6	13	13343	0	0	2	13364
TP1_synth_reverse		49	A	453516	51	56	38	178	23	100	453962	13357	0	9	0	2	0	0	13368
TP1_synth_reverse		50	T	2088	62	537	13	42	18	451197	453957	4	0	11	0	2	0	13351	13368
TP1_synth_reverse		51	A	453757	46	1	47	0	48	86	453985	13367	0	0	0	0	2	0	13369
TP1_synth_reverse		52	C	512	453134	170	28	1	27	110	453982	2	13365	1	0	0	1	0	13369
TP1_synth_reverse		53	A	453227	29	7	82	537	28	72	453982	13364	1	0	0	4	0	0	13369
TP1_synth_reverse		54	G	130	368	455	452511	90	8	416	453978	3	0	6	13356	3	0	1	13369
TP1_synth_reverse		55	A	452860	357	642	68	0	35	51	454013	13352	4	11	0	0	3	0	13370
TP1_synth_reverse		56	A	453322	5	1	68	483	40	94	454013	13368	0	0	0	2	0	0	13370
TP1_synth_reverse		57	T	2844	48	716	139	0	36	450218	454001	3	2	10	0	0	0	13355	13370
TP1_synth_reverse		58	A	453678	5	153	67	1	28	83	454015	13368	0	3	0	0	0	0	13371
TP1_synth_reverse		59	T	1699	40	411	80	618	9	451141	453998	1	0	5	0	2	0	13363	13371
TP1_synth_reverse		60	C	1235	452322	201	58	76	28	68	453988	2	13363	4	0	2	0	0	13371
TP1_synth_reverse		61	T	1452	50	13	213	993	12	451246	453979	1	1	0	0	6	0	13363	13371
TP1_synth_reverse		62	G	969	270	83	451939	103	75	542	453981	10	0	1	13354	2	0	5	13372
TP1_synth_reverse		63	T	3252	52	165	30	0	32	450446	453977	3	0	8	0	0	2	13359	13372
TP1_synth_reverse		64	T	1932	44	143	70	21	55	451702	453967	0	0	4	0	3	1	13364	13372
TP1_synth_reverse		65	C	527	451407	141	37	283	77	1499	453971	3	13336	10	0	10	0	14	13373
TP1_synth_reverse		66	G	435	298	104	452354	1	28	744	453964	0	1	4	13364	0	1	3	13373
TP1_synth_reverse		67	C	793	452910	103	12	0	91	71	453980	6	13361	4	0	0	3	0	13374
TP1_synth_reverse		68	A	453350	315	104	93	0	50	73	453985	13371	0	4	0	0	0	0	13375
TP1_synth_reverse		69	C	175	453547	23	21	47	48	122	453983	0	13366	3	0	5	1	0	13375
TP1_synth_reverse		70	T	1222	166	295	99	2	24	452165	453973	5	1	6	0	0	1	13362	13375
TP1_synth_reverse		71	C	280	453138	240	26	0	11	278	453973	0	13361	10	0	0	0	4	13375
TP1_synth_reverse		72	C	723	452671	20	50	317	29	158	453968	0	13361	2	0	10	2	0	13375
TP1_synth_reverse		73	G	422	308	43	452902	38	93	156	453962	2	0	5	13366	1	1	0	13375
TP1_synth_reverse		74	A	453676	90	16	70	28	63	17	453960	13368	0	2	0	4	1	0	13375
TP1_synth_reverse		75	G	216	244	23	453301	2	17	154	453957	6	0	2	13367	0	0	0	13375
TP1_synth_reverse		76	T	2535	55	635	34	534	17	450138	453948	2	1	6	0	2	2	13362	13375
TP1_synth_reverse		77	G	580	323	623	451787	1	25	598	453937	16	1	8	13350	0	0	0	13375
TP1_synth_reverse		78	C	362	451493	574	26	145	42	1293	453935	1	13349	3	0	3	1	18	13375
TP1_synth_reverse		79	G	408	671	529	451763	0	113	447	453931	0	3	8	13362	0	2	0	13375
TP1_synth_reverse		80	G	533	202	1	452841	2	124	212	453915	12	0	0	13359	0	1	3	13375
TP1_synth_reverse		81	C	203	450992	2448	54	4	99	97	453897	0	13343	32	0	0	0	0	13375
TP1_synth_reverse		82	A	452400	51	960	86	0	52	86	453635	13361	0	10	0	0	0	0	13371
TP1_synth_reverse		83	A	453343	65	1	67	0	114	41	453631	13370	0	0	0	0	1	0	13371
TP1_synth_reverse		84	A	452932	49	0	142	413	35	25	453596	13368	0	0	0	2	1	0	13371
TP1_synth_reverse		85	G	78	237	1	453031	4	43	142	453536	0	0	0	13368	1	1	1	13371
TP1_synth_reverse		86	C	278	452977	1	21	105	34	80	453496	1	13367	0	0	1	0	2	13371
TP1_synth_reverse		87	T	1135	56	0	91	1	61	452073	453417	0	0	0	1	0	2	13368	13371
TP1_synth_reverse		88	G	254	366	0	452577	4	64	122	453387	2	0	0	13369	0	0	0	13371
TP1_synth_reverse		89	T	793	63	62	36	0	152	452225	453331	1	0	2	0	0	5	13363	13371
TP1_synth_reverse		90	T	932	75	45	41	0	90	451981	453164	1	0	2	0	0	2	13366	13371
TP1_synth_reverse		91	C	425	452188	0	269	0	23	93	452998	3	13358	0	4	0	0	1	13366
TP1_synth_reverse		92	C	438	452026	0	267	0	19	156	452906	2	13363	0	0	0	0	0	13365
TP1_synth_reverse		93	G	272	172	0	451698	0	55	75	452272	0	0	0	13361	0	0	0	13361
TP1_synth_reverse		94	T	668	60	0	100	0	108	451010	451946	1	0	0	0	0	0	13358	13359
TP1_synth_reverse		95	C	0	451370	0	0	0	62	0	451432	0	13357	0	0	0	0	0	13357
TP1_synth_reverse		96	C	0	450918	0	0	0	49	0	450967	0	13356	0	0	0	0	0	13356
TP1_synth_reverse		97	C	0	449942	0	0	0	91	0	450033	0	13347	0	0	0	1	0	13348
TP1_synth_reverse		98	A	447887	0	0	0	0	0	0	447887	13339	0	0	0	0	0	0	13339
TP1_synth_reverse		99	G	0	0	0	446944	0	0	0	446944	0	0	0	13337	0	0	0	13337
