



























































































































































































































#AmpliconChromStart	Alias	Position	ProbableRef	rawA	rawC	rawD	rawG	rawI	rawN	rawT	rawDepth	consA	consC	consD	consG	consI	consN	consT	consDepth	
TP1_synth_reverse		1	G	0	0	0	447248	0	0	0	447248	0	0	0	5420	0	0	0	5420
TP1_synth_reverse		2	T	0	0	0	0	0	0	447614	447614	0	0	0	0	0	0	5424	5424
TP1_synth_reverse		3	G	0	0	0	449610	0	83	0	449693	0	0	0	5438	0	0	0	5438
TP1_synth_reverse		4	G	0	0	0	450095	0	41	0	450136	0	0	0	5444	0	0	0	5444
TP1_synth_reverse		5	T	0	0	0	0	0	128	450549	450677	0	0	0	0	0	0	5449	5449
TP1_synth_reverse		6	G	85	43	0	450962	0	26	98	451214	0	0	0	5451	0	0	1	5452
TP1_synth_reverse		7	A	451408	19	0	60	0	8	68	451563	5453	0	0	0	0	0	0	5453
TP1_synth_reverse		8	G	76	53	0	452722	1	42	613	453507	0	0	0	5461	0	0	2	5463
TP1_synth_reverse		9	G	77	97	0	453268	1	14	100	453557	0	0	0	5465	0	0	0	5465
TP1_synth_reverse		10	C	197	452962	0	18	291	18	92	453578	0	5462	0	0	2	0	1	5465
TP1_synth_reverse		11	T	236	93	25	25	314	37	452863	453593	0	0	1	0	9	0	5455	5465
TP1_synth_reverse		12	C	204	452421	827	14	0	51	76	453593	0	5457	8	0	0	0	0	5465
TP1_synth_reverse		13	C	263	453138	2	22	2	79	103	453609	0	5465	0	0	0	0	0	5465
TP1_synth_reverse		14	C	219	453230	0	29	1	31	99	453609	0	5465	0	0	0	0	0	5465
TP1_synth_reverse		15	C	181	452350	240	34	695	34	75	453609	0	5457	2	0	6	0	0	5465
TP1_synth_reverse		16	T	405	128	4955	28	1	16	448076	453609	0	3	34	0	0	0	5428	5465
TP1_synth_reverse		17	T	516	199	186	21	0	111	452586	453619	0	2	1	0	0	0	5462	5465
TP1_synth_reverse		18	T	358	401	39	12	121	81	452607	453619	0	2	2	0	2	0	5459	5465
TP1_synth_reverse		19	C	432	450210	805	21	2194	72	166	453900	3	5438	8	0	13	0	4	5466
TP1_synth_reverse		20	T	474	38	466	33	19	33	452837	453900	0	0	5	0	0	1	5460	5466
TP1_synth_reverse		21	T	1401	79	13	57	2560	97	449704	453911	0	0	1	0	33	0	5432	5466
TP1_synth_reverse		22	G	156	509	341	452575	14	60	256	453911	2	0	3	5461	0	0	0	5466
TP1_synth_reverse		23	C	586	446507	571	54	5401	59	744	453922	0	5419	4	0	40	0	3	5466
TP1_synth_reverse		24	G	154	132	438	452877	11	49	261	453922	0	0	12	5454	0	0	0	5466
TP1_synth_reverse		25	G	205	324	5	452751	429	45	178	453937	1	0	0	5463	3	0	0	5467
TP1_synth_reverse		26	A	452876	12	9	527	341	92	93	453950	5460	0	0	3	4	0	0	5467
TP1_synth_reverse		27	G	54	130	606	451702	524	59	875	453950	0	0	5	5457	3	0	2	5467
TP1_synth_reverse		28	A	453115	85	292	162	81	45	177	453957	5456	0	6	3	1	0	1	5467
TP1_synth_reverse		29	T	630	353	1100	53	1	7	451813	453957	0	2	13	0	0	0	5452	5467
TP1_synth_reverse		30	T	1994	61	97	9	0	48	451758	453967	0	0	1	0	0	0	5466	5467
TP1_synth_reverse		31	C	568	452267	349	19	449	17	299	453968	0	5456	6	0	4	0	1	5467
TP1_synth_reverse		32	T	772	58	804	33	7	48	452244	453966	0	0	3	0	0	0	5464	5467
TP1_synth_reverse		33	C	518	451936	627	31	770	17	61	453960	0	5456	5	0	6	0	0	5467
TP1_synth_reverse		34	T	1049	80	1179	31	5	18	451597	453959	0	0	10	0	0	0	5457	5467
TP1_synth_reverse		35	T	2306	127	107	49	246	36	451085	453956	0	2	1	0	3	0	5461	5467
TP1_synth_reverse		36	C	446	453142	209	38	0	43	74	453952	0	5463	4	0	0	0	0	5467
TP1_synth_reverse		37	C	472	452926	207	36	5	24	270	453940	0	5462	2	0	0	0	3	5467
TP1_synth_reverse		38	T	1113	178	251	26	519	63	451779	453929	0	4	3	0	3	0	5457	5467
TP1_synth_reverse		39	C	298	453279	221	24	13	25	70	453930	0	5465	2	0	0	0	0	5467
TP1_synth_reverse		40	T	1238	57	307	15	1541	32	450737	453927	0	0	3	0	7	0	5457	5467
TP1_synth_reverse		41	G	142	1086	205	451230	41	15	1208	453927	2	0	2	5463	0	0	0	5467
TP1_synth_reverse		42	T	1979	55	489	33	994	78	450298	453926	0	0	3	1	10	0	5453	5467
TP1_synth_reverse		43	G	79	979	160	451521	4	55	1134	453932	0	0	4	5460	0	0	3	5467
TP1_synth_reverse		44	C	599	449407	193	48	2831	71	780	453929	0	5449	1	0	11	0	6	5467
TP1_synth_reverse		45	G	129	309	3	450765	58	40	2626	453930	1	0	0	5462	1	0	3	5467
TP1_synth_reverse		46	C	936	452697	151	32	0	20	91	453927	0	5463	4	0	0	0	0	5467
TP1_synth_reverse		47	C	337	452645	57	32	661	6	196	453934	0	5456	2	0	8	0	1	5467
TP1_synth_reverse		48	G	128	1049	244	450685	4	6	1813	453929	0	2	4	5461	0	0	0	5467
TP1_synth_reverse		49	A	453517	51	56	38	178	23	100	453963	5464	0	2	0	1	0	0	5467
TP1_synth_reverse		50	T	2084	62	537	14	42	18	451201	453958	0	0	7	0	1	0	5459	5467
TP1_synth_reverse		51	A	453758	46	1	47	0	48	86	453986	5467	0	0	0	0	0	0	5467
TP1_synth_reverse		52	C	514	453133	170	28	1	27	110	453983	0	5466	1	0	0	0	0	5467
TP1_synth_reverse		53	A	453228	29	7	82	537	28	72	453983	5465	0	0	0	2	0	0	5467
TP1_synth_reverse		54	G	132	370	455	452508	90	8	416	453979	0	0	3	5464	0	0	0	5467
TP1_synth_reverse		55	A	452861	357	642	68	0	35	51	454014	5461	1	6	0	0	0	0	5468
TP1_synth_reverse		56	A	453323	5	1	68	483	40	94	454014	5466	0	0	0	2	0	0	5468
TP1_synth_reverse		57	T	2844	48	716	139	0	36	450219	454002	0	0	4	0	0	0	5464	5468
TP1_synth_reverse		58	A	453679	5	153	67	1	28	83	454016	5466	0	3	0	0	0	0	5469
TP1_synth_reverse		59	T	1698	40	411	80	619	9	451142	453999	0	0	1	0	1	0	5467	5469
TP1_synth_reverse		60	C	1233	452325	201	58	76	28	68	453989	0	5466	2	0	1	0	0	5469
TP1_synth_reverse		61	T	1449	50	13	214	993	12	451249	453980	0	0	0	0	3	0	5466	5469
TP1_synth_reverse		62	G	969	270	83	451939	103	75	543	453982	5	0	1	5461	2	0	0	5469
TP1_synth_reverse		63	T	3253	52	165	30	0	32	450446	453978	0	0	1	0	0	0	5468	5469
TP1_synth_reverse		64	T	1934	44	143	70	21	55	451701	453968	0	0	1	0	1	0	5467	5469
TP1_synth_reverse		65	C	525	451410	141	37	283	77	1499	453972	0	5455	4	0	4	0	6	5469
TP1_synth_reverse		66	G	434	298	104	452358	1	28	742	453965	0	0	2	5467	0	0	0	5469
TP1_synth_reverse		67	C	795	452909	103	12	0	91	71	453981	1	5467	2	0	0	0	0	5470
TP1_synth_reverse		68	A	453351	315	104	93	0	50	73	453986	5468	0	2	0	0	0	0	5470
TP1_synth_reverse		69	C	176	453548	23	20	47	48	122	453984	0	5469	1	0	0	0	0	5470
TP1_synth_reverse		70	T	1222	166	295	99	2	24	452166	453974	0	1	2	0	0	0	5467	5470
TP1_synth_reverse		71	C	282	453137	240	26	0	11	278	453974	0	5461	5	0	0	0	4	5470
TP1_synth_reverse		72	C	722	452673	20	50	317	29	158	453969	0	5464	1	0	5	0	0	5470
TP1_synth_reverse		73	G	422	309	43	452902	38	93	156	453963	1	0	1	5467	1	0	0	5470
TP1_synth_reverse		74	A	453676	90	16	71	28	63	17	453961	5469	0	1	0	0	0	0	5470
TP1_synth_reverse		75	G	216	244	23	453303	2	17	153	453958	2	0	1	5467	0	0	0	5470
TP1_synth_reverse		76	T	2540	55	635	33	534	17	450135	453949	0	0	4	0	2	0	5464	5470
TP1_synth_reverse		77	G	579	323	623	451789	1	25	598	453938	5	0	3	5462	0	0	0	5470
TP1_synth_reverse		78	C	365	451491	574	26	145	42	1293	453936	1	5459	2	0	2	0	6	5470
TP1_synth_reverse		79	G	409	671	529	451764	0	113	446	453932	0	0	5	5465	0	0	0	5470
TP1_synth_reverse		80	G	533	202	1	452841	2	124	213	453916	3	0	0	5467	0	0	0	5470
TP1_synth_reverse		81	C	201	450995	2448	54	4	99	97	453898	0	5459	11	0	0	0	0	5470
TP1_synth_reverse		82	A	452401	51	960	86	0	52	86	453636	5466	0	4	0	0	0	0	5470
TP1_synth_reverse		83	A	453345	64	1	67	0	114	41	453632	5470	0	0	0	0	0	0	5470
TP1_synth_reverse		84	A	452933	49	0	142	413	35	25	453597	5469	0	0	0	1	0	0	5470
TP1_synth_reverse		85	G	78	238	1	453031	4	43	142	453537	0	0	0	5469	0	0	1	5470
TP1_synth_reverse		86	C	277	452978	1	21	105	34	80	453496	0	5470	0	0	0	0	0	5470
TP1_synth_reverse		87	T	1135	56	0	91	1	61	452073	453417	0	0	0	0	0	0	5470	5470
TP1_synth_reverse		88	G	254	366	0	452576	4	64	122	453386	2	0	0	5468	0	0	0	5470
TP1_synth_reverse		89	T	793	63	62	36	0	152	452224	453330	0	0	1	0	0	0	5469	5470
TP1_synth_reverse		90	T	932	75	45	41	0	90	451980	453163	0	0	1	0	0	0	5469	5470
TP1_synth_reverse		91	C	425	452187	0	269	0	23	93	452997	0	5468	0	1	0	0	0	5469
TP1_synth_reverse		92	C	438	452024	0	267	0	19	156	452904	0	5469	0	0	0	0	0	5469
TP1_synth_reverse		93	G	273	172	0	451695	0	55	75	452270	0	0	0	5469	0	0	0	5469
TP1_synth_reverse		94	T	667	60	0	100	0	108	451010	451945	0	0	0	0	0	0	5469	5469
TP1_synth_reverse		95	C	0	451367	0	0	0	62	0	451429	0	5468	0	0	0	0	0	5468
TP1_synth_reverse		96	C	0	450915	0	0	0	49	0	450964	0	5467	0	0	0	0	0	5467
TP1_synth_reverse		97	C	0	449939	0	0	0	91	0	450030	0	5467	0	0	0	0	0	5467
TP1_synth_reverse		98	A	447885	0	0	0	0	0	0	447885	5467	0	0	0	0	0	0	5467
TP1_synth_reverse		99	G	0	0	0	446941	0	0	0	446941	0	0	0	5467	0	0	0	5467
