



























































































































































































































#AmpliconChromStart	Alias	Position	ProbableRef	rawA	rawC	rawD	rawG	rawI	rawN	rawT	rawDepth	consA	consC	consD	consG	consI	consN	consT	consDepth	
TP1_synth_reverse		1	G	0	0	0	447248	0	0	0	447248	0	0	0	5852	0	0	0	5852
TP1_synth_reverse		2	T	0	0	0	0	0	0	447614	447614	0	0	0	0	0	0	5857	5857
TP1_synth_reverse		3	G	0	0	0	449610	0	83	0	449693	0	0	0	5872	0	0	0	5872
TP1_synth_reverse		4	G	0	0	0	450095	0	41	0	450136	0	0	0	5878	0	0	0	5878
TP1_synth_reverse		5	T	0	0	0	0	0	128	450549	450677	0	0	0	0	0	0	5883	5883
TP1_synth_reverse		6	G	85	43	0	450962	0	26	98	451214	0	0	0	5886	0	0	1	5887
TP1_synth_reverse		7	A	451408	19	0	60	0	8	68	451563	5888	0	0	0	0	0	0	5888
TP1_synth_reverse		8	G	76	53	0	452722	1	42	613	453507	0	0	0	5897	0	0	2	5899
TP1_synth_reverse		9	G	77	97	0	453268	1	14	100	453557	0	0	0	5901	0	0	0	5901
TP1_synth_reverse		10	C	197	452962	0	18	291	18	92	453578	0	5898	0	0	2	0	1	5901
TP1_synth_reverse		11	T	236	93	25	25	314	37	452863	453593	0	0	1	0	9	0	5891	5901
TP1_synth_reverse		12	C	204	452431	827	14	0	51	76	453603	0	5893	8	0	0	0	0	5901
TP1_synth_reverse		13	C	263	453148	2	22	2	79	103	453619	0	5901	0	0	0	0	0	5901
TP1_synth_reverse		14	C	219	453240	0	29	1	31	99	453619	0	5901	0	0	0	0	0	5901
TP1_synth_reverse		15	C	181	452360	240	34	695	34	75	453619	0	5893	2	0	6	0	0	5901
TP1_synth_reverse		16	T	405	128	4955	28	1	16	448097	453630	0	3	37	0	0	0	5861	5901
TP1_synth_reverse		17	T	516	199	186	21	0	111	452597	453630	0	2	1	0	0	0	5898	5901
TP1_synth_reverse		18	T	359	401	39	12	121	81	452617	453630	0	2	2	0	2	0	5895	5901
TP1_synth_reverse		19	C	432	450221	805	21	2194	72	166	453911	4	5872	9	0	13	0	4	5902
TP1_synth_reverse		20	T	474	38	466	33	19	33	452848	453911	0	0	5	0	0	1	5896	5902
TP1_synth_reverse		21	T	1403	79	13	57	2560	97	449702	453911	0	0	1	0	36	0	5865	5902
TP1_synth_reverse		22	G	156	511	341	452581	14	60	257	453920	2	0	3	5897	0	0	0	5902
TP1_synth_reverse		23	C	586	446516	571	54	5401	59	744	453931	0	5852	5	0	42	0	3	5902
TP1_synth_reverse		24	G	153	132	438	452888	11	49	260	453931	0	0	12	5890	0	0	0	5902
TP1_synth_reverse		25	G	205	324	5	452759	429	45	179	453946	2	0	0	5898	3	0	0	5903
TP1_synth_reverse		26	A	452885	12	9	527	341	92	93	453959	5896	0	0	3	4	0	0	5903
TP1_synth_reverse		27	G	54	133	606	451707	524	59	876	453959	0	0	5	5893	3	0	2	5903
TP1_synth_reverse		28	A	453117	85	292	162	81	45	177	453959	5892	0	6	3	1	0	1	5903
TP1_synth_reverse		29	T	629	353	1100	53	1	7	451816	453959	0	2	13	0	0	0	5888	5903
TP1_synth_reverse		30	T	1995	61	97	9	0	48	451759	453969	0	0	1	0	0	0	5902	5903
TP1_synth_reverse		31	C	568	452269	349	19	449	17	299	453970	0	5891	7	0	4	0	1	5903
TP1_synth_reverse		32	T	774	58	804	33	7	48	452244	453968	0	0	3	0	0	0	5900	5903
TP1_synth_reverse		33	C	519	451937	627	31	770	17	61	453962	0	5892	5	0	6	0	0	5903
TP1_synth_reverse		34	T	1051	80	1179	31	5	18	451597	453961	0	0	10	0	0	0	5893	5903
TP1_synth_reverse		35	T	2307	127	107	49	246	36	451086	453958	0	3	1	0	4	0	5895	5903
TP1_synth_reverse		36	C	447	453143	209	38	0	43	74	453954	0	5899	4	0	0	0	0	5903
TP1_synth_reverse		37	C	472	452928	207	36	5	24	270	453942	0	5897	3	0	0	0	3	5903
TP1_synth_reverse		38	T	1112	178	251	26	518	63	451783	453931	0	4	4	0	3	0	5892	5903
TP1_synth_reverse		39	C	300	453277	221	24	13	25	70	453930	0	5900	3	0	0	0	0	5903
TP1_synth_reverse		40	T	1238	57	307	15	1541	32	450737	453927	0	0	4	0	7	0	5892	5903
TP1_synth_reverse		41	G	142	1087	205	451229	41	15	1208	453927	2	0	3	5898	0	0	0	5903
TP1_synth_reverse		42	T	1977	55	489	33	994	78	450300	453926	0	0	4	1	11	0	5887	5903
TP1_synth_reverse		43	G	79	973	160	451527	4	55	1134	453932	0	0	4	5896	0	0	3	5903
TP1_synth_reverse		44	C	600	449408	193	48	2830	71	779	453929	0	5884	1	0	11	0	7	5903
TP1_synth_reverse		45	G	129	309	3	450767	58	40	2624	453930	1	0	0	5898	1	0	3	5903
TP1_synth_reverse		46	C	934	452699	151	32	0	20	91	453927	0	5898	5	0	0	0	0	5903
TP1_synth_reverse		47	C	335	452647	57	32	661	6	196	453934	0	5892	2	0	8	0	1	5903
TP1_synth_reverse		48	G	128	1051	244	450688	4	6	1808	453929	0	2	4	5897	0	0	0	5903
TP1_synth_reverse		49	A	453517	51	56	38	178	23	100	453963	5900	0	2	0	1	0	0	5903
TP1_synth_reverse		50	T	2088	62	537	14	42	18	451200	453961	0	0	8	0	1	0	5894	5903
TP1_synth_reverse		51	A	453761	46	1	47	0	48	86	453989	5903	0	0	0	0	0	0	5903
TP1_synth_reverse		52	C	510	453140	170	28	1	27	110	453986	0	5902	1	0	0	0	0	5903
TP1_synth_reverse		53	A	453231	29	7	82	537	28	72	453986	5901	0	0	0	2	0	0	5903
TP1_synth_reverse		54	G	131	368	455	452515	90	8	415	453982	0	0	3	5900	0	0	0	5903
TP1_synth_reverse		55	A	452864	357	642	68	0	35	51	454017	5897	1	6	0	0	0	0	5904
TP1_synth_reverse		56	A	453326	5	1	68	483	40	94	454017	5902	0	0	0	2	0	0	5904
TP1_synth_reverse		57	T	2844	48	716	139	0	36	450222	454005	0	0	4	0	0	0	5900	5904
TP1_synth_reverse		58	A	453682	5	153	67	1	28	83	454019	5902	0	3	0	0	0	0	5905
TP1_synth_reverse		59	T	1698	40	411	80	618	9	451146	454002	0	0	1	0	1	0	5903	5905
TP1_synth_reverse		60	C	1234	452327	201	58	76	28	68	453992	0	5902	2	0	1	0	0	5905
TP1_synth_reverse		61	T	1452	50	13	213	993	12	451250	453983	0	0	0	0	3	0	5902	5905
TP1_synth_reverse		62	G	970	270	83	451942	103	75	542	453985	5	0	1	5897	2	0	0	5905
TP1_synth_reverse		63	T	3254	52	165	30	0	32	450448	453981	0	0	1	0	0	0	5904	5905
TP1_synth_reverse		64	T	1933	44	143	70	21	55	451713	453979	0	0	1	0	1	0	5904	5906
TP1_synth_reverse		65	C	527	451410	141	37	283	77	1499	453974	0	5892	4	0	4	0	6	5906
TP1_synth_reverse		66	G	435	299	104	452357	1	28	743	453967	0	0	2	5903	0	0	1	5906
TP1_synth_reverse		67	C	795	452911	103	12	0	91	71	453983	1	5904	2	0	0	0	0	5907
TP1_synth_reverse		68	A	453353	315	104	93	0	50	73	453988	5905	0	2	0	0	0	0	5907
TP1_synth_reverse		69	C	175	453550	23	21	47	48	122	453986	0	5906	1	0	0	0	0	5907
TP1_synth_reverse		70	T	1221	166	295	99	2	24	452169	453976	1	1	2	0	0	0	5903	5907
TP1_synth_reverse		71	C	280	453141	240	26	0	11	278	453976	0	5898	5	0	0	0	4	5907
TP1_synth_reverse		72	C	725	452672	20	50	317	29	158	453971	0	5901	1	0	5	0	0	5907
TP1_synth_reverse		73	G	421	308	43	452906	38	93	156	453965	1	0	1	5904	1	0	0	5907
TP1_synth_reverse		74	A	453678	90	16	71	28	63	17	453963	5906	0	1	0	0	0	0	5907
TP1_synth_reverse		75	G	216	244	23	453304	2	17	154	453960	2	0	1	5904	0	0	0	5907
TP1_synth_reverse		76	T	2539	55	635	34	534	17	450137	453951	0	1	4	0	2	0	5900	5907
TP1_synth_reverse		77	G	580	323	623	451789	1	25	599	453940	5	0	3	5899	0	0	0	5907
TP1_synth_reverse		78	C	362	451496	574	26	145	42	1293	453938	1	5896	2	0	2	0	6	5907
TP1_synth_reverse		79	G	409	673	529	451764	0	113	446	453934	0	0	5	5902	0	0	0	5907
TP1_synth_reverse		80	G	533	202	1	452843	2	124	213	453918	3	0	0	5904	0	0	0	5907
TP1_synth_reverse		81	C	203	450995	2448	54	4	99	97	453900	0	5895	12	0	0	0	0	5907
TP1_synth_reverse		82	A	452403	51	960	86	0	52	86	453638	5901	0	6	0	0	0	0	5907
TP1_synth_reverse		83	A	453345	65	1	68	0	114	41	453634	5907	0	0	0	0	0	0	5907
TP1_synth_reverse		84	A	452935	49	0	142	413	35	25	453599	5906	0	0	0	1	0	0	5907
TP1_synth_reverse		85	G	78	236	1	453035	4	43	142	453539	0	0	0	5906	0	0	1	5907
TP1_synth_reverse		86	C	278	452980	1	21	105	34	80	453499	0	5907	0	0	0	0	0	5907
TP1_synth_reverse		87	T	1134	56	0	91	1	61	452077	453420	0	0	0	0	0	0	5907	5907
TP1_synth_reverse		88	G	254	366	0	452579	4	64	122	453389	2	0	0	5905	0	0	0	5907
TP1_synth_reverse		89	T	792	63	62	36	0	152	452228	453333	0	0	1	0	0	0	5906	5907
TP1_synth_reverse		90	T	933	75	45	41	0	90	451982	453166	0	0	1	0	0	0	5906	5907
TP1_synth_reverse		91	C	425	452190	0	269	0	23	93	453000	0	5904	0	2	0	0	0	5906
TP1_synth_reverse		92	C	439	452027	0	267	0	19	156	452908	1	5905	0	0	0	0	0	5906
TP1_synth_reverse		93	G	272	172	0	451701	0	55	75	452275	0	0	0	5906	0	0	0	5906
TP1_synth_reverse		94	T	668	60	0	100	0	108	451013	451949	0	0	0	0	0	0	5906	5906
TP1_synth_reverse		95	C	0	451373	0	0	0	62	0	451435	0	5905	0	0	0	0	0	5905
TP1_synth_reverse		96	C	0	450921	0	0	0	49	0	450970	0	5904	0	0	0	0	0	5904
TP1_synth_reverse		97	C	0	449945	0	0	0	91	0	450036	0	5902	0	0	0	0	0	5902
TP1_synth_reverse		98	A	447890	0	0	0	0	0	0	447890	5902	0	0	0	0	0	0	5902
TP1_synth_reverse		99	G	0	0	0	446947	0	0	0	446947	0	0	0	5902	0	0	0	5902
