



























































































































































































































#AmpliconChromStart	Alias	Position	ProbableRef	rawA	rawC	rawD	rawG	rawI	rawN	rawT	rawDepth	consA	consC	consD	consG	consI	consN	consT	consDepth	
TP1_synth_reverse		1	G	0	3	0	870662	0	0	0	870665	0	0	0	70381	0	0	0	70381
TP1_synth_reverse		2	T	0	0	0	0	0	0	872013	872013	0	0	0	0	0	0	70854	70854
TP1_synth_reverse		3	G	0	0	0	874246	0	92	0	874338	0	0	0	71353	0	40	0	71393
TP1_synth_reverse		4	G	0	0	0	875671	0	62	0	875733	0	0	0	71776	0	39	0	71815
TP1_synth_reverse		5	T	0	0	0	0	0	20	877019	877039	0	0	0	0	0	17	72091	72108
TP1_synth_reverse		6	G	153	90	0	877712	0	7	204	878166	6	4	0	72510	0	3	24	72547
TP1_synth_reverse		7	A	878120	41	0	107	0	74	131	878473	72551	0	0	5	0	38	6	72600
TP1_synth_reverse		8	G	113	61	0	879986	0	120	348	880628	4	11	0	72650	0	30	22	72717
TP1_synth_reverse		9	G	253	121	0	879873	3	27	403	880680	9	28	0	72690	0	2	26	72755
TP1_synth_reverse		10	C	197	880081	2	26	156	26	224	880712	40	72723	1	0	2	2	3	72771
TP1_synth_reverse		11	T	165	201	135	12	710	27	879462	880712	32	9	7	0	70	4	72649	72771
TP1_synth_reverse		12	C	308	878032	2112	20	1	77	175	880725	64	72544	113	1	1	37	18	72778
TP1_synth_reverse		13	C	416	880024	35	19	2	109	120	880725	67	72650	2	0	0	53	6	72778
TP1_synth_reverse		14	C	559	879961	0	24	0	53	136	880733	59	72692	0	1	0	27	7	72786
TP1_synth_reverse		15	C	226	879870	19	52	366	80	135	880748	43	72674	6	7	29	34	7	72800
TP1_synth_reverse		16	T	301	270	732	17	0	222	879224	880766	61	24	65	3	0	55	72610	72818
TP1_synth_reverse		17	T	286	280	77	8	1	61	880053	880766	64	23	12	0	0	28	72691	72818
TP1_synth_reverse		18	T	301	249	217	6	196	63	879740	880772	66	15	22	1	16	15	72686	72821
TP1_synth_reverse		19	C	330	878849	761	22	659	76	249	880946	96	72612	49	0	47	27	8	72839
TP1_synth_reverse		20	T	196	89	1048	16	1	29	879567	880946	47	4	84	0	0	10	72694	72839
TP1_synth_reverse		21	T	444	402	263	59	3388	101	876289	880946	151	25	14	4	266	9	72370	72839
TP1_synth_reverse		22	G	125	442	1354	877594	174	16	1249	880954	13	137	84	72468	17	2	125	72846
TP1_synth_reverse		23	C	495	875285	1072	46	3416	33	607	880954	119	72316	94	4	265	3	45	72846
TP1_synth_reverse		24	G	189	347	1206	877997	7	49	1159	880954	19	46	83	72546	2	19	131	72846
TP1_synth_reverse		25	G	243	579	698	878261	330	124	719	880954	26	143	38	72487	39	34	79	72846
TP1_synth_reverse		26	A	878264	18	1320	208	969	56	133	880968	72656	4	78	9	80	25	4	72856
TP1_synth_reverse		27	G	109	651	332	879122	58	33	663	880968	8	140	21	72564	7	19	97	72856
TP1_synth_reverse		28	A	880212	34	384	103	76	46	123	880978	72766	2	45	8	14	19	6	72860
TP1_synth_reverse		29	T	276	140	861	141	0	169	879391	880978	66	9	73	13	0	60	72639	72860
TP1_synth_reverse		30	T	886	100	336	66	4	134	879454	880980	270	9	49	6	3	26	72498	72861
TP1_synth_reverse		31	C	458	879660	347	40	114	102	254	880975	150	72596	51	2	14	34	11	72858
TP1_synth_reverse		32	T	538	638	149	46	378	379	878844	880972	97	32	34	2	15	49	72627	72856
TP1_synth_reverse		33	C	385	879241	761	49	302	125	100	880963	134	72613	45	6	25	20	7	72850
TP1_synth_reverse		34	T	787	148	831	75	1	87	879031	880960	153	7	68	10	0	18	72593	72849
TP1_synth_reverse		35	T	1356	172	352	56	547	88	878374	880945	400	11	17	1	33	30	72353	72845
TP1_synth_reverse		36	C	541	879012	1184	42	2	70	93	880944	104	72641	72	7	0	17	4	72845
TP1_synth_reverse		37	C	571	878892	776	48	79	68	494	880928	137	72601	49	4	5	8	33	72837
TP1_synth_reverse		38	T	610	239	1008	251	412	28	878366	880914	185	19	71	34	24	16	72481	72830
TP1_synth_reverse		39	C	390	878009	1658	45	612	77	115	880906	90	72594	80	2	30	14	12	72822
TP1_synth_reverse		40	T	1158	104	2227	28	2533	171	874678	880899	219	7	147	4	184	31	72224	72816
TP1_synth_reverse		41	G	541	566	1405	877187	250	26	918	880893	84	165	74	72339	18	2	129	72811
TP1_synth_reverse		42	T	2002	96	961	74	2423	56	875272	880884	453	7	64	5	162	18	72095	72804
TP1_synth_reverse		43	G	708	410	1289	877250	399	380	436	880872	90	119	61	72361	28	43	91	72793
TP1_synth_reverse		44	C	454	876006	916	251	1575	170	1509	880881	106	72336	57	11	145	37	107	72799
TP1_synth_reverse		45	G	595	297	669	877152	634	67	1457	880871	33	80	40	72329	58	37	215	72792
TP1_synth_reverse		46	C	628	878384	1172	52	4	16	627	880883	205	72456	84	8	0	6	39	72798
TP1_synth_reverse		47	C	310	877711	467	42	1434	45	874	880883	79	72527	36	3	94	25	36	72800
TP1_synth_reverse		48	G	998	603	872	876967	2	49	1375	880866	70	195	74	72243	1	20	186	72789
TP1_synth_reverse		49	A	879200	183	639	66	17	221	158	880484	72820	7	58	6	3	35	7	72936
TP1_synth_reverse		50	T	941	165	1134	128	6	103	877993	880470	213	15	95	12	6	18	72566	72925
TP1_synth_reverse		51	A	878970	451	641	105	7	134	178	880486	72779	26	59	4	4	45	18	72935
TP1_synth_reverse		52	C	478	877396	896	102	535	300	774	880481	139	72609	66	15	26	23	55	72933
TP1_synth_reverse		53	A	878030	242	833	205	682	318	168	880478	72720	27	72	7	49	38	19	72932
TP1_synth_reverse		54	G	332	212	723	878482	123	100	495	880467	39	53	64	72670	18	20	61	72925
TP1_synth_reverse		55	A	877823	732	1605	108	0	117	80	880465	72711	81	104	10	0	11	7	72924
TP1_synth_reverse		56	A	878802	24	903	153	214	97	268	880461	72810	3	57	12	14	15	13	72924
TP1_synth_reverse		57	T	1601	226	1185	223	39	260	876897	880431	303	14	99	24	14	45	72412	72911
TP1_synth_reverse		58	A	879078	45	694	99	132	280	100	880428	72662	9	73	5	10	144	8	72911
TP1_synth_reverse		59	T	945	77	1106	102	31	406	877741	880408	176	4	84	11	4	70	72554	72903
TP1_synth_reverse		60	C	732	877660	1421	59	171	275	75	880393	192	72511	112	7	19	41	9	72891
TP1_synth_reverse		61	T	1115	130	1828	57	593	216	876448	880387	216	14	108	7	42	55	72445	72887
TP1_synth_reverse		62	G	831	243	2008	876210	41	308	738	880379	87	53	146	72277	8	149	161	72881
TP1_synth_reverse		63	T	1915	486	1524	20	1	174	876250	880370	447	29	111	1	0	64	72222	72874
TP1_synth_reverse		64	T	1792	396	679	13	16	57	877410	880363	366	16	69	2	4	9	72403	72869
TP1_synth_reverse		65	C	1155	876616	1696	27	454	158	249	880355	216	72417	158	1	40	15	16	72863
TP1_synth_reverse		66	G	694	353	1007	877674	6	60	555	880349	64	111	118	72445	4	9	107	72858
TP1_synth_reverse		67	C	781	877100	2075	43	1	219	123	880342	209	72445	165	3	0	25	8	72855
TP1_synth_reverse		68	A	878340	211	1422	164	14	101	88	880340	72670	21	122	8	6	11	15	72853
TP1_synth_reverse		69	C	310	877782	1839	40	0	64	299	880334	71	72611	127	3	0	5	33	72850
TP1_synth_reverse		70	T	1083	246	1010	53	90	120	877720	880322	246	20	68	6	6	28	72470	72844
TP1_synth_reverse		71	C	430	876923	2417	32	0	312	206	880320	92	72471	193	1	0	79	7	72843
TP1_synth_reverse		72	C	678	877696	955	221	202	153	407	880312	172	72457	76	19	17	75	23	72839
TP1_synth_reverse		73	G	553	521	1614	876307	146	335	818	880294	41	119	135	72264	4	181	82	72826
TP1_synth_reverse		74	A	877466	658	1313	336	191	126	201	880291	72560	34	117	25	29	52	9	72826
TP1_synth_reverse		75	G	294	381	3317	875407	0	80	795	880274	18	78	200	72420	0	19	80	72815
TP1_synth_reverse		76	T	887	1189	3687	66	71	70	874255	880225	253	76	253	10	11	4	72195	72802
TP1_synth_reverse		77	G	970	598	2546	875196	0	61	827	880198	48	120	177	72336	0	15	95	72791
TP1_synth_reverse		78	C	458	874888	2680	43	380	461	1279	880189	79	72313	186	5	33	57	115	72788
TP1_synth_reverse		79	G	349	612	2599	875677	0	137	805	880179	38	213	203	72211	0	18	97	72780
TP1_synth_reverse		80	G	564	261	1362	877411	2	132	418	880150	54	78	92	72447	1	26	67	72765
TP1_synth_reverse		81	C	643	877435	1499	98	210	99	155	880139	82	72506	127	7	15	15	7	72759
TP1_synth_reverse		82	A	876161	36	3420	151	0	85	124	879977	72277	6	280	6	0	22	10	72601
TP1_synth_reverse		83	A	878652	46	875	102	0	216	77	879968	72472	8	78	6	0	33	1	72598
TP1_synth_reverse		84	A	879274	83	50	158	87	239	47	879938	72502	8	13	11	17	39	2	72592
TP1_synth_reverse		85	G	148	334	655	878253	141	150	167	879848	38	86	44	72287	16	55	31	72557
TP1_synth_reverse		86	C	592	878124	623	33	2	84	331	879789	100	72365	37	4	2	11	16	72535
TP1_synth_reverse		87	T	1065	92	624	40	4	305	877596	879726	186	2	41	2	0	34	72247	72512
TP1_synth_reverse		88	G	191	512	200	878088	117	156	395	879659	17	47	17	72288	4	32	78	72483
TP1_synth_reverse		89	T	746	118	392	20	0	48	878264	879588	91	6	23	1	0	11	72334	72466
TP1_synth_reverse		90	T	571	129	4	89	1	103	878533	879430	104	3	1	4	0	5	72324	72441
TP1_synth_reverse		91	C	609	878000	0	50	0	305	302	879266	95	72239	0	3	0	52	12	72401
TP1_synth_reverse		92	C	695	876948	0	168	0	389	423	878623	48	72227	0	11	0	50	14	72350
TP1_synth_reverse		93	G	581	360	0	876670	0	178	214	878003	38	74	0	72080	0	36	46	72274
TP1_synth_reverse		94	T	495	115	0	37	0	76	876786	877509	57	4	0	2	0	13	72155	72231
TP1_synth_reverse		95	C	0	876663	0	0	0	200	0	876863	0	72147	0	0	0	28	0	72175
TP1_synth_reverse		96	C	0	876044	0	0	0	96	0	876140	0	72064	0	0	0	26	0	72090
TP1_synth_reverse		97	C	0	874152	0	0	0	164	0	874316	0	71896	0	0	0	57	0	71953
TP1_synth_reverse		98	A	871435	0	0	0	0	0	0	871435	71770	0	0	0	0	0	0	71770
TP1_synth_reverse		99	G	0	0	0	870225	3	0	0	870228	0	0	0	71603	0	0	0	71603
