



























































































































































































































#AmpliconChromStart	Alias	Position	ProbableRef	rawA	rawC	rawD	rawG	rawI	rawN	rawT	rawDepth	consA	consC	consD	consG	consI	consN	consT	consDepth	
TP1_synth_reverse		1	G	0	0	0	365858	0	0	0	365858	0	0	0	6851	0	0	0	6851
TP1_synth_reverse		2	T	0	0	0	0	0	0	366651	366651	0	0	0	0	0	0	6861	6861
TP1_synth_reverse		3	G	0	0	0	368275	0	68	0	368343	0	0	0	6873	0	0	0	6873
TP1_synth_reverse		4	G	0	0	0	368836	0	37	0	368873	0	0	0	6878	0	0	0	6878
TP1_synth_reverse		5	T	0	0	0	0	0	125	369330	369455	0	0	0	0	0	0	6882	6882
TP1_synth_reverse		6	G	69	31	0	369562	0	22	77	369761	0	0	0	6883	0	0	1	6884
TP1_synth_reverse		7	A	369921	16	0	57	0	4	60	370058	6888	0	0	0	0	0	0	6888
TP1_synth_reverse		8	G	154	32	0	370208	0	47	222	370663	0	0	0	6893	0	0	2	6895
TP1_synth_reverse		9	G	66	54	0	370726	0	7	113	370966	1	0	0	6896	0	0	1	6898
TP1_synth_reverse		10	C	131	370735	10	10	3	10	78	370977	0	6897	0	0	0	0	1	6898
TP1_synth_reverse		11	T	171	63	157	14	428	31	370123	370987	0	0	2	0	6	0	6890	6898
TP1_synth_reverse		12	C	179	368886	1777	12	3	47	83	370987	0	6877	21	0	0	0	0	6898
TP1_synth_reverse		13	C	164	370687	0	17	0	57	62	370987	0	6898	0	0	0	0	0	6898
TP1_synth_reverse		14	C	154	370714	0	15	1	30	73	370987	0	6898	0	0	0	0	0	6898
TP1_synth_reverse		15	C	167	369624	329	28	737	32	75	370992	0	6890	4	0	4	0	0	6898
TP1_synth_reverse		16	T	290	40	1636	18	1	19	368998	371002	0	0	28	0	0	0	6870	6898
TP1_synth_reverse		17	T	380	52	577	10	2	99	369882	371002	0	0	8	0	0	0	6890	6898
TP1_synth_reverse		18	T	252	48	593	13	216	62	369818	371002	0	0	8	0	9	0	6881	6898
TP1_synth_reverse		19	C	236	369756	695	20	148	58	270	371183	0	6887	7	0	4	0	1	6899
TP1_synth_reverse		20	T	362	38	2003	21	5	34	368720	371183	0	0	21	0	0	0	6878	6899
TP1_synth_reverse		21	T	1159	68	416	327	2479	103	366650	371202	1	0	4	4	34	0	6856	6899
TP1_synth_reverse		22	G	403	342	395	369691	128	61	196	371216	1	0	5	6891	3	0	0	6900
TP1_synth_reverse		23	C	432	367457	292	35	2363	61	576	371216	0	6855	2	2	36	0	5	6900
TP1_synth_reverse		24	G	121	181	788	369847	43	41	195	371216	0	1	8	6889	2	0	0	6900
TP1_synth_reverse		25	G	473	222	412	369304	475	43	287	371216	6	0	2	6883	4	0	5	6900
TP1_synth_reverse		26	A	368918	8	451	127	1580	66	74	371224	6864	0	3	3	30	0	0	6900
TP1_synth_reverse		27	G	325	115	627	369569	128	47	413	371224	6	0	5	6881	4	0	4	6900
TP1_synth_reverse		28	A	369917	63	1027	116	5	40	60	371228	6878	0	19	3	0	0	0	6900
TP1_synth_reverse		29	T	455	129	348	33	0	8	370597	371570	0	2	6	0	0	0	6895	6903
TP1_synth_reverse		30	T	1421	54	760	5	1	35	369299	371575	0	0	5	0	0	0	6898	6903
TP1_synth_reverse		31	C	447	369814	1083	22	135	16	59	371576	0	6894	6	0	3	0	0	6903
TP1_synth_reverse		32	T	588	76	133	30	10	35	370704	371576	0	1	2	0	0	0	6900	6903
TP1_synth_reverse		33	C	445	370328	45	16	667	11	59	371571	0	6897	2	0	4	0	0	6903
TP1_synth_reverse		34	T	713	102	273	28	4	11	370437	371568	0	1	3	0	0	0	6899	6903
TP1_synth_reverse		35	T	1655	54	1	45	256	29	369525	371565	0	0	0	0	3	0	6900	6903
TP1_synth_reverse		36	C	322	370891	134	18	0	41	156	371562	0	6894	4	0	0	0	5	6903
TP1_synth_reverse		37	C	409	370667	277	33	1	21	147	371555	0	6898	1	0	0	0	4	6903
TP1_synth_reverse		38	T	788	45	335	21	8	53	370296	371546	0	0	1	0	0	0	6902	6903
TP1_synth_reverse		39	C	504	370085	797	17	57	21	64	371545	1	6894	7	0	1	0	0	6903
TP1_synth_reverse		40	T	851	44	870	12	707	20	369038	371542	0	0	11	0	10	0	6882	6903
TP1_synth_reverse		41	G	105	709	361	368843	575	13	936	371542	0	0	5	6894	2	0	2	6903
TP1_synth_reverse		42	T	1411	60	659	26	1177	61	368146	371540	0	0	9	0	13	0	6881	6903
TP1_synth_reverse		43	G	112	739	574	369531	13	43	537	371549	2	0	6	6893	0	0	2	6903
TP1_synth_reverse		44	C	473	369232	137	20	954	80	652	371548	0	6877	1	0	14	0	11	6903
TP1_synth_reverse		45	G	124	360	167	369287	3	39	1567	371547	1	1	4	6896	0	0	1	6903
TP1_synth_reverse		46	C	720	370558	132	24	1	15	109	371559	0	6895	7	0	0	0	1	6903
TP1_synth_reverse		47	C	229	370744	34	19	214	5	312	371557	0	6897	1	0	4	0	1	6903
TP1_synth_reverse		48	G	161	684	89	368976	185	4	1452	371551	1	0	3	6897	1	0	1	6903
TP1_synth_reverse		49	A	370935	26	30	22	100	33	421	371567	6895	0	2	0	4	0	2	6903
TP1_synth_reverse		50	T	1509	39	286	10	621	10	369090	371565	0	0	3	0	3	0	6897	6903
TP1_synth_reverse		51	A	370895	24	456	89	0	52	68	371584	6895	0	8	1	0	0	0	6904
TP1_synth_reverse		52	C	341	370555	278	23	1	27	356	371581	0	6898	4	0	0	0	2	6904
TP1_synth_reverse		53	A	370801	42	77	77	494	28	70	371589	6887	0	5	0	12	0	0	6904
TP1_synth_reverse		54	G	121	222	387	370428	102	11	312	371583	1	0	5	6894	3	0	1	6904
TP1_synth_reverse		55	A	370547	113	830	60	0	27	32	371609	6898	0	7	0	0	0	0	6905
TP1_synth_reverse		56	A	371156	9	296	38	0	35	74	371608	6903	0	2	0	0	0	0	6905
TP1_synth_reverse		57	T	2019	43	336	90	0	24	369087	371599	0	0	3	0	0	0	6902	6905
TP1_synth_reverse		58	A	371025	8	436	38	20	23	71	371621	6903	0	3	0	0	0	0	6906
TP1_synth_reverse		59	T	1281	33	432	62	1	8	369796	371613	0	0	2	0	0	0	6904	6906
TP1_synth_reverse		60	C	906	370107	455	53	8	25	58	371612	0	6902	4	0	0	0	0	6906
TP1_synth_reverse		61	T	942	109	330	151	903	13	369169	371617	0	1	4	0	4	0	6898	6907
TP1_synth_reverse		62	G	570	174	471	369812	42	65	479	371613	2	0	7	6894	3	0	1	6907
TP1_synth_reverse		63	T	2303	76	437	15	0	22	368768	371621	0	1	8	0	0	0	6899	6908
TP1_synth_reverse		64	T	1399	39	43	49	34	50	370005	371619	0	0	2	0	1	0	6905	6908
TP1_synth_reverse		65	C	354	369718	380	36	427	59	643	371617	0	6897	7	0	3	0	1	6908
TP1_synth_reverse		66	G	520	215	153	370224	3	34	463	371612	3	0	1	6901	0	0	3	6908
TP1_synth_reverse		67	C	604	370740	118	13	0	84	65	371624	3	6903	3	0	0	0	0	6909
TP1_synth_reverse		68	A	370861	220	333	80	0	84	53	371631	6906	0	3	0	0	0	0	6909
TP1_synth_reverse		69	C	153	371152	110	18	0	55	141	371629	0	6904	3	0	0	0	2	6909
TP1_synth_reverse		70	T	765	64	179	112	0	15	370487	371622	0	0	4	0	0	0	6905	6909
TP1_synth_reverse		71	C	215	370195	764	20	0	12	415	371621	0	6900	7	0	0	0	2	6909
TP1_synth_reverse		72	C	540	370659	5	43	0	33	338	371618	0	6907	0	0	0	0	2	6909
TP1_synth_reverse		73	G	348	197	16	370786	50	105	112	371614	1	0	0	6908	0	0	0	6909
TP1_synth_reverse		74	A	370951	112	418	53	11	53	16	371614	6904	1	4	0	0	0	0	6909
TP1_synth_reverse		75	G	444	171	281	370508	2	12	190	371608	6	0	4	6899	0	0	0	6909
TP1_synth_reverse		76	T	1792	84	283	45	20	24	369345	371593	0	3	4	0	1	0	6901	6909
TP1_synth_reverse		77	G	176	231	731	369628	278	19	512	371575	4	0	7	6897	1	0	0	6909
TP1_synth_reverse		78	C	306	370558	325	25	101	23	235	371573	0	6898	7	0	2	0	2	6909
TP1_synth_reverse		79	G	391	448	266	369670	0	107	689	371571	4	0	7	6894	0	0	4	6909
TP1_synth_reverse		80	G	401	147	202	370568	0	90	154	371562	1	0	4	6904	0	0	0	6909
TP1_synth_reverse		81	C	213	368920	2206	32	19	92	74	371556	1	6889	19	0	0	0	0	6909
TP1_synth_reverse		82	A	370098	21	1094	59	0	42	77	371391	6895	0	14	0	0	0	0	6909
TP1_synth_reverse		83	A	370933	48	182	54	0	116	55	371388	6907	0	2	0	0	0	0	6909
TP1_synth_reverse		84	A	371174	25	0	102	0	37	27	371365	6909	0	0	0	0	0	0	6909
TP1_synth_reverse		85	G	69	149	0	370743	201	55	98	371315	0	0	0	6909	0	0	0	6909
TP1_synth_reverse		86	C	225	370911	6	23	0	33	90	371288	0	6909	0	0	0	0	0	6909
TP1_synth_reverse		87	T	831	57	1	39	1	43	370254	371226	0	0	0	0	0	0	6909	6909
TP1_synth_reverse		88	G	151	235	44	370641	3	61	70	371205	1	0	0	6908	0	0	0	6909
TP1_synth_reverse		89	T	627	37	37	20	0	145	370310	371176	0	0	0	0	0	0	6909	6909
TP1_synth_reverse		90	T	725	75	0	21	0	87	369968	370876	1	0	0	0	0	0	6906	6907
TP1_synth_reverse		91	C	402	370260	0	77	0	22	71	370832	0	6907	0	0	0	0	0	6907
TP1_synth_reverse		92	C	221	369492	0	320	0	32	131	370196	0	6906	0	1	0	0	0	6907
TP1_synth_reverse		93	G	273	101	0	369436	0	58	61	369929	1	0	0	6902	0	0	0	6903
TP1_synth_reverse		94	T	510	61	0	51	0	84	368847	369553	0	0	0	0	0	0	6901	6901
TP1_synth_reverse		95	C	0	369259	0	0	0	46	0	369305	0	6900	0	0	0	0	0	6900
TP1_synth_reverse		96	C	0	368839	0	0	0	30	0	368869	0	6900	0	0	0	0	0	6900
TP1_synth_reverse		97	C	0	367880	0	0	0	87	0	367967	0	6899	0	0	0	0	0	6899
TP1_synth_reverse		98	A	366819	0	0	0	0	0	0	366819	6896	0	0	0	0	0	0	6896
TP1_synth_reverse		99	G	0	0	0	365617	0	0	0	365617	0	0	0	6895	0	0	0	6895
