



























































































































































































































#AmpliconChromStart	Alias	Position	ProbableRef	rawA	rawC	rawD	rawG	rawI	rawN	rawT	rawDepth	consA	consC	consD	consG	consI	consN	consT	consDepth	
TP1_synth_reverse		1	G	0	0	0	365858	0	0	0	365858	0	0	0	36898	0	0	0	36898
TP1_synth_reverse		2	T	0	0	0	0	0	0	366651	366651	0	0	0	0	0	0	37128	37128
TP1_synth_reverse		3	G	0	0	0	368275	0	68	0	368343	0	0	0	37482	0	23	0	37505
TP1_synth_reverse		4	G	0	0	0	368836	0	37	0	368873	0	0	0	37738	0	9	0	37747
TP1_synth_reverse		5	T	0	0	0	0	0	125	369330	369455	0	0	0	0	0	49	37926	37975
TP1_synth_reverse		6	G	69	31	0	369562	0	22	77	369761	3	7	0	38199	0	7	10	38226
TP1_synth_reverse		7	A	369921	16	0	57	0	4	60	370058	38267	5	0	8	0	0	2	38282
TP1_synth_reverse		8	G	154	32	0	370208	0	47	222	370663	11	9	0	38287	0	5	15	38327
TP1_synth_reverse		9	G	66	54	0	370726	0	7	113	370966	4	13	0	38310	0	0	22	38349
TP1_synth_reverse		10	C	131	370735	10	10	3	10	78	370977	43	38310	2	1	0	1	3	38360
TP1_synth_reverse		11	T	171	63	157	14	428	31	370123	370987	52	4	6	1	33	20	38254	38370
TP1_synth_reverse		12	C	179	368886	1777	12	3	47	83	370987	55	38192	95	1	0	23	4	38370
TP1_synth_reverse		13	C	164	370687	0	17	0	57	62	370987	37	38312	0	1	0	17	3	38370
TP1_synth_reverse		14	C	154	370714	0	15	1	30	73	370987	43	38314	0	1	0	9	3	38370
TP1_synth_reverse		15	C	167	369624	329	28	737	32	75	370992	49	38219	31	2	55	15	4	38375
TP1_synth_reverse		16	T	290	40	1636	18	1	19	368998	371002	111	6	144	6	0	5	38113	38385
TP1_synth_reverse		17	T	380	52	577	10	2	99	369882	371002	129	1	47	1	1	48	38158	38385
TP1_synth_reverse		18	T	252	48	593	13	216	62	369818	371002	81	1	48	1	34	27	38193	38385
TP1_synth_reverse		19	C	236	369756	695	20	148	58	270	371183	113	38193	44	3	20	26	10	38409
TP1_synth_reverse		20	T	362	38	2003	21	5	34	368720	371183	123	6	153	2	0	11	38114	38409
TP1_synth_reverse		21	T	1159	68	416	327	2479	103	366650	371202	403	9	30	26	232	14	37711	38425
TP1_synth_reverse		22	G	403	342	395	369691	128	61	196	371216	36	183	41	38088	33	9	43	38433
TP1_synth_reverse		23	C	432	367457	292	35	2363	61	576	371216	165	37975	15	7	194	37	40	38433
TP1_synth_reverse		24	G	121	181	788	369847	43	41	195	371216	12	44	58	38257	12	10	40	38433
TP1_synth_reverse		25	G	473	222	412	369304	475	43	287	371216	66	125	24	38102	41	2	73	38433
TP1_synth_reverse		26	A	368918	8	451	127	1580	66	74	371224	38229	0	36	10	149	10	4	38438
TP1_synth_reverse		27	G	325	115	627	369569	128	47	413	371224	28	51	43	38101	20	19	176	38438
TP1_synth_reverse		28	A	369917	63	1027	116	5	40	60	371228	38293	14	88	13	2	27	5	38442
TP1_synth_reverse		29	T	455	129	348	33	0	8	370597	371570	144	20	33	6	0	3	38266	38472
TP1_synth_reverse		30	T	1421	54	760	5	1	35	369299	371575	547	4	38	0	1	20	37866	38476
TP1_synth_reverse		31	C	447	369814	1083	22	135	16	59	371576	217	38163	62	2	18	4	9	38475
TP1_synth_reverse		32	T	588	76	133	30	10	35	370704	371576	176	16	16	5	6	6	38250	38475
TP1_synth_reverse		33	C	445	370328	45	16	667	11	59	371571	215	38210	9	1	31	1	4	38471
TP1_synth_reverse		34	T	713	102	273	28	4	11	370437	371568	192	7	20	4	1	6	38241	38471
TP1_synth_reverse		35	T	1655	54	1	45	256	29	369525	371565	630	2	1	10	18	8	37801	38470
TP1_synth_reverse		36	C	322	370891	134	18	0	41	156	371562	73	38357	10	3	0	7	18	38468
TP1_synth_reverse		37	C	409	370667	277	33	1	21	147	371555	103	38296	30	8	1	7	19	38464
TP1_synth_reverse		38	T	788	45	335	21	8	53	370296	371546	292	2	47	1	2	6	38108	38458
TP1_synth_reverse		39	C	504	370085	797	17	57	21	64	371545	98	38258	73	3	16	4	5	38457
TP1_synth_reverse		40	T	851	44	870	12	707	20	369038	371542	251	3	82	0	50	3	38067	38456
TP1_synth_reverse		41	G	105	709	361	368843	575	13	936	371542	13	328	50	37780	46	4	235	38456
TP1_synth_reverse		42	T	1411	60	659	26	1177	61	368146	371540	543	1	64	7	87	22	37730	38454
TP1_synth_reverse		43	G	112	739	574	369531	13	43	537	371549	17	224	75	37998	7	9	134	38464
TP1_synth_reverse		44	C	473	369232	137	20	954	80	652	371548	182	38101	10	2	66	24	78	38463
TP1_synth_reverse		45	G	124	360	167	369287	3	39	1567	371547	12	90	39	38003	1	7	310	38462
TP1_synth_reverse		46	C	720	370558	132	24	1	15	109	371559	328	38091	27	9	0	4	13	38472
TP1_synth_reverse		47	C	229	370744	34	19	214	5	312	371557	77	38329	9	3	21	0	32	38471
TP1_synth_reverse		48	G	161	684	89	368976	185	4	1452	371551	15	339	12	37765	14	0	326	38471
TP1_synth_reverse		49	A	370935	26	30	22	100	33	421	371567	38567	3	7	2	25	5	26	38635
TP1_synth_reverse		50	T	1509	39	286	10	621	10	369090	371565	352	1	23	3	35	2	38219	38635
TP1_synth_reverse		51	A	370895	24	456	89	0	52	68	371584	38562	7	40	6	0	24	7	38646
TP1_synth_reverse		52	C	341	370555	278	23	1	27	356	371581	167	38432	13	6	0	4	21	38643
TP1_synth_reverse		53	A	370801	42	77	77	494	28	70	371589	38523	9	27	4	67	13	6	38649
TP1_synth_reverse		54	G	121	222	387	370428	102	11	312	371583	32	61	42	38395	17	4	95	38646
TP1_synth_reverse		55	A	370547	113	830	60	0	27	32	371609	38560	26	48	3	0	15	0	38652
TP1_synth_reverse		56	A	371156	9	296	38	0	35	74	371608	38611	2	18	3	0	8	10	38652
TP1_synth_reverse		57	T	2019	43	336	90	0	24	369087	371599	407	8	27	14	0	15	38177	38648
TP1_synth_reverse		58	A	371025	8	436	38	20	23	71	371621	38600	4	23	2	0	15	7	38651
TP1_synth_reverse		59	T	1281	33	432	62	1	8	369796	371613	285	3	32	16	0	4	38309	38649
TP1_synth_reverse		60	C	906	370107	455	53	8	25	58	371612	300	38302	31	6	3	6	1	38649
TP1_synth_reverse		61	T	942	109	330	151	903	13	369169	371617	241	9	29	33	72	5	38258	38647
TP1_synth_reverse		62	G	570	174	471	369812	42	65	479	371613	96	43	45	38270	5	10	176	38645
TP1_synth_reverse		63	T	2303	76	437	15	0	22	368768	371621	752	9	36	5	0	2	37841	38645
TP1_synth_reverse		64	T	1399	39	43	49	34	50	370005	371619	295	2	7	6	8	4	38323	38645
TP1_synth_reverse		65	C	354	369718	380	36	427	59	643	371617	75	38488	29	3	18	12	19	38644
TP1_synth_reverse		66	G	520	215	153	370224	3	34	463	371612	86	61	13	38282	0	20	178	38640
TP1_synth_reverse		67	C	604	370740	118	13	0	84	65	371624	237	38340	24	5	0	30	6	38642
TP1_synth_reverse		68	A	370861	220	333	80	0	84	53	371631	38548	35	30	9	0	17	8	38647
TP1_synth_reverse		69	C	153	371152	110	18	0	55	141	371629	39	38545	10	3	0	26	23	38646
TP1_synth_reverse		70	T	765	64	179	112	0	15	370487	371622	201	4	26	19	0	4	38387	38641
TP1_synth_reverse		71	C	215	370195	764	20	0	12	415	371621	66	38491	56	2	0	1	24	38640
TP1_synth_reverse		72	C	540	370659	5	43	0	33	338	371618	227	38366	3	9	0	13	20	38638
TP1_synth_reverse		73	G	348	197	16	370786	50	105	112	371614	60	48	5	38462	5	30	26	38636
TP1_synth_reverse		74	A	370951	112	418	53	11	53	16	371614	38565	13	36	5	2	11	4	38636
TP1_synth_reverse		75	G	444	171	281	370508	2	12	190	371608	50	55	25	38464	1	3	36	38634
TP1_synth_reverse		76	T	1792	84	283	45	20	24	369345	371593	635	14	25	10	8	15	37923	38630
TP1_synth_reverse		77	G	176	231	731	369628	278	19	512	371575	33	73	54	38321	12	16	117	38626
TP1_synth_reverse		78	C	306	370558	325	25	101	23	235	371573	101	38420	38	1	23	15	27	38625
TP1_synth_reverse		79	G	391	448	266	369670	0	107	689	371571	44	230	45	38190	0	14	101	38624
TP1_synth_reverse		80	G	401	147	202	370568	0	90	154	371562	51	42	22	38458	0	7	40	38620
TP1_synth_reverse		81	C	213	368920	2206	32	19	92	74	371556	30	38392	172	1	8	12	3	38618
TP1_synth_reverse		82	A	370098	21	1094	59	0	42	77	371391	38332	2	105	1	0	13	6	38459
TP1_synth_reverse		83	A	370933	48	182	54	0	116	55	371388	38418	7	13	4	0	11	5	38458
TP1_synth_reverse		84	A	371174	25	0	102	0	37	27	371365	38434	2	0	7	0	7	2	38452
TP1_synth_reverse		85	G	69	149	0	370743	201	55	98	371315	11	35	0	38340	5	15	23	38429
TP1_synth_reverse		86	C	225	370911	6	23	0	33	90	371288	46	38360	4	4	0	2	4	38420
TP1_synth_reverse		87	T	831	57	1	39	1	43	370254	371226	199	1	0	4	0	14	38183	38401
TP1_synth_reverse		88	G	151	235	44	370641	3	61	70	371205	21	29	5	38297	0	14	24	38390
TP1_synth_reverse		89	T	627	37	37	20	0	145	370310	371176	109	1	5	4	0	45	38219	38383
TP1_synth_reverse		90	T	725	75	0	21	0	87	369968	370876	126	3	0	2	0	11	38184	38326
TP1_synth_reverse		91	C	402	370260	0	77	0	22	71	370832	77	38220	0	3	0	5	2	38307
TP1_synth_reverse		92	C	221	369492	0	320	0	32	131	370196	31	38197	0	27	0	2	8	38265
TP1_synth_reverse		93	G	273	101	0	369436	0	58	61	369929	26	25	0	38156	0	6	8	38221
TP1_synth_reverse		94	T	510	61	0	51	0	84	368847	369553	68	6	0	6	0	20	38082	38182
TP1_synth_reverse		95	C	0	369259	0	0	0	46	0	369305	0	38132	0	0	0	9	0	38141
TP1_synth_reverse		96	C	0	368839	0	0	0	30	0	368869	0	38070	0	0	0	13	0	38083
TP1_synth_reverse		97	C	0	367880	0	0	0	87	0	367967	0	37963	0	0	0	19	0	37982
TP1_synth_reverse		98	A	366819	0	0	0	0	0	0	366819	37868	0	0	0	0	0	0	37868
TP1_synth_reverse		99	G	0	0	0	365617	0	0	0	365617	0	0	0	37787	0	0	0	37787
