



























































































































































































































#AmpliconChromStart	Alias	Position	ProbableRef	rawA	rawC	rawD	rawG	rawI	rawN	rawT	rawDepth	consA	consC	consD	consG	consI	consN	consT	consDepth	
TP1_synth_reverse		1	G	0	0	0	784566	0	0	0	784566	0	0	0	18721	0	0	0	18721
TP1_synth_reverse		2	T	0	0	0	0	0	0	785794	785794	0	0	0	0	0	0	18736	18736
TP1_synth_reverse		3	G	0	0	0	788256	0	96	0	788352	0	0	0	18766	0	0	0	18766
TP1_synth_reverse		4	G	0	0	0	788894	0	58	0	788952	0	0	0	18775	0	0	0	18775
TP1_synth_reverse		5	T	0	0	0	0	0	23	789631	789654	0	0	0	0	0	0	18780	18780
TP1_synth_reverse		6	G	109	66	0	789701	0	11	170	790057	0	0	0	18781	0	0	4	18785
TP1_synth_reverse		7	A	790016	19	0	92	0	58	129	790314	18788	0	0	0	0	0	0	18788
TP1_synth_reverse		8	G	167	74	0	790172	0	108	185	790706	1	0	0	18793	0	0	1	18795
TP1_synth_reverse		9	G	227	112	0	790266	9	27	172	790813	1	0	0	18797	1	0	1	18800
TP1_synth_reverse		10	C	215	790292	146	25	0	29	133	790840	0	18800	1	0	0	0	0	18801
TP1_synth_reverse		11	T	177	145	189	12	24	25	790288	790860	0	0	3	0	1	0	18798	18802
TP1_synth_reverse		12	C	255	790111	165	25	0	69	235	790860	0	18802	0	0	0	0	0	18802
TP1_synth_reverse		13	C	383	790224	2	29	0	96	126	790860	0	18802	0	0	0	0	0	18802
TP1_synth_reverse		14	C	356	790342	0	24	0	41	103	790866	0	18803	0	0	0	0	0	18803
TP1_synth_reverse		15	C	207	790460	0	24	0	60	130	790881	0	18804	0	0	0	0	0	18804
TP1_synth_reverse		16	T	270	100	189	13	0	180	790129	790881	0	0	5	0	0	0	18799	18804
TP1_synth_reverse		17	T	262	95	2	20	0	64	790438	790881	0	0	0	0	0	0	18804	18804
TP1_synth_reverse		18	T	273	124	2	10	0	67	790413	790889	0	0	0	0	0	0	18805	18805
TP1_synth_reverse		19	C	291	790566	3	19	1	55	75	791010	0	18806	0	0	0	0	0	18806
TP1_synth_reverse		20	T	212	72	10	17	0	32	790667	791010	0	0	0	0	0	0	18806	18806
TP1_synth_reverse		21	T	385	236	0	50	4	92	790249	791016	0	3	0	0	0	0	18804	18807
TP1_synth_reverse		22	G	114	354	116	789856	0	11	575	791026	0	0	1	18795	0	0	12	18808
TP1_synth_reverse		23	C	802	789611	76	59	6	24	448	791026	5	18796	1	0	0	0	6	18808
TP1_synth_reverse		24	G	321	143	42	789598	0	47	875	791026	4	0	2	18797	0	0	5	18808
TP1_synth_reverse		25	G	241	496	6	789621	2	109	575	791050	1	0	0	18803	0	0	5	18809
TP1_synth_reverse		26	A	790688	12	8	178	1	38	136	791061	18810	0	0	0	0	0	0	18810
TP1_synth_reverse		27	G	77	607	0	789793	0	23	561	791061	0	0	0	18807	0	0	3	18810
TP1_synth_reverse		28	A	790825	25	0	83	1	18	121	791073	18811	0	0	0	0	0	0	18811
TP1_synth_reverse		29	T	247	81	744	129	0	131	789741	791073	0	0	6	0	0	0	18805	18811
TP1_synth_reverse		30	T	788	94	7	44	0	92	790048	791073	0	0	1	0	0	0	18810	18811
TP1_synth_reverse		31	C	451	790196	212	23	0	64	121	791067	0	18806	3	0	0	0	2	18811
TP1_synth_reverse		32	T	518	79	14	44	1	342	790060	791058	1	0	2	0	0	0	18808	18811
TP1_synth_reverse		33	C	491	790303	14	34	1	101	116	791060	4	18806	1	0	0	0	0	18811
TP1_synth_reverse		34	T	603	138	42	65	0	78	790132	791058	0	0	2	0	0	0	18809	18811
TP1_synth_reverse		35	T	1183	107	7	53	1	88	789611	791050	0	0	1	0	0	0	18810	18811
TP1_synth_reverse		36	C	930	789942	13	17	0	47	103	791052	5	18805	1	0	0	0	0	18811
TP1_synth_reverse		37	C	709	790105	13	49	0	62	103	791041	1	18809	1	0	0	0	0	18811
TP1_synth_reverse		38	T	557	105	13	218	0	25	790118	791036	0	1	1	0	0	0	18809	18811
TP1_synth_reverse		39	C	384	790427	7	46	0	85	87	791036	4	18806	1	0	0	0	0	18811
TP1_synth_reverse		40	T	1089	278	115	37	4	135	789374	791032	0	1	4	0	0	0	18806	18811
TP1_synth_reverse		41	G	592	456	17	789124	1	13	828	791031	4	0	1	18800	0	0	6	18811
TP1_synth_reverse		42	T	1864	389	5	24	2	58	788686	791028	0	5	0	0	0	0	18806	18811
TP1_synth_reverse		43	G	383	373	1	789471	2	350	456	791036	3	0	0	18803	0	0	6	18812
TP1_synth_reverse		44	C	471	789127	2	61	3	160	1222	791046	2	18794	0	0	0	0	17	18813
TP1_synth_reverse		45	G	806	260	57	788050	1	55	1808	791037	8	1	4	18786	0	0	14	18813
TP1_synth_reverse		46	C	1474	788930	105	46	0	8	483	791046	6	18798	5	1	0	0	4	18814
TP1_synth_reverse		47	C	284	790452	1	42	4	28	234	791045	1	18813	0	0	0	0	0	18814
TP1_synth_reverse		48	G	412	477	10	789147	0	28	958	791032	6	0	0	18804	0	0	4	18814
TP1_synth_reverse		49	A	790599	44	0	65	0	211	135	791054	18815	0	0	0	0	0	0	18815
TP1_synth_reverse		50	T	784	76	0	120	0	108	789961	791049	0	0	0	0	0	0	18815	18815
TP1_synth_reverse		51	A	790666	41	1	121	1	128	112	791070	18812	0	0	4	0	0	0	18816
TP1_synth_reverse		52	C	587	789992	0	96	1	271	117	791064	3	18812	0	0	0	0	1	18816
TP1_synth_reverse		53	A	790289	21	3	333	1	314	119	791080	18816	0	0	1	0	0	0	18817
TP1_synth_reverse		54	G	113	169	10	790263	21	96	400	791072	1	2	0	18806	0	0	8	18817
TP1_synth_reverse		55	A	790713	65	14	115	1	104	78	791090	18818	0	0	0	0	0	0	18818
TP1_synth_reverse		56	A	790701	12	2	148	0	105	119	791087	18818	0	0	0	0	0	0	18818
TP1_synth_reverse		57	T	1307	58	5	166	2	210	789314	791062	0	0	0	0	0	0	18818	18818
TP1_synth_reverse		58	A	790584	13	4	93	0	264	100	791058	18818	0	0	0	0	0	0	18818
TP1_synth_reverse		59	T	785	60	5	82	2	381	789735	791050	0	0	0	0	0	0	18818	18818
TP1_synth_reverse		60	C	800	789825	4	59	0	267	76	791031	1	18817	0	0	0	0	0	18818
TP1_synth_reverse		61	T	1054	92	5	32	0	211	789632	791026	0	0	0	0	0	0	18818	18818
TP1_synth_reverse		62	G	366	184	5	789185	0	292	986	791018	2	0	0	18807	0	0	9	18818
TP1_synth_reverse		63	T	1740	75	28	19	0	170	788984	791016	0	0	0	0	0	0	18818	18818
TP1_synth_reverse		64	T	1562	243	5	15	0	33	789148	791006	0	1	0	0	0	0	18817	18818
TP1_synth_reverse		65	C	1168	789112	30	29	1	165	497	791002	1	18813	0	0	0	0	4	18818
TP1_synth_reverse		66	G	654	321	20	788481	0	54	1468	790998	6	0	0	18783	0	0	29	18818
TP1_synth_reverse		67	C	794	789586	6	31	0	224	355	790996	1	18814	0	0	0	0	3	18818
TP1_synth_reverse		68	A	790416	273	7	148	0	84	68	790996	18816	1	1	0	0	0	0	18818
TP1_synth_reverse		69	C	274	790479	16	34	0	61	128	790992	0	18811	3	0	0	0	4	18818
TP1_synth_reverse		70	T	1034	134	8	42	0	83	789683	790984	2	4	1	0	0	0	18811	18818
TP1_synth_reverse		71	C	478	790044	23	31	0	301	101	790978	1	18817	0	0	0	0	0	18818
TP1_synth_reverse		72	C	984	789370	3	150	0	112	351	790970	10	18803	0	2	0	0	3	18818
TP1_synth_reverse		73	G	166	355	12	789803	0	336	291	790963	2	0	0	18815	0	0	1	18818
TP1_synth_reverse		74	A	790456	40	5	98	0	127	237	790963	18816	0	0	0	0	0	2	18818
TP1_synth_reverse		75	G	136	331	12	789238	0	44	1197	790958	3	0	1	18789	0	0	25	18818
TP1_synth_reverse		76	T	763	96	281	150	0	50	789611	790951	0	0	2	2	0	0	18814	18818
TP1_synth_reverse		77	G	113	307	420	789203	0	44	849	790936	1	0	4	18801	0	0	12	18818
TP1_synth_reverse		78	C	507	788525	29	40	0	460	1366	790927	2	18801	0	0	0	0	15	18818
TP1_synth_reverse		79	G	500	414	8	778873	0	105	11027	790927	10	0	0	18642	0	0	166	18818
TP1_synth_reverse		80	G	527	199	3	787025	0	143	3017	790914	6	0	0	18768	0	0	44	18818
TP1_synth_reverse		81	C	487	790113	13	67	0	86	136	790902	10	18808	0	0	0	0	0	18818
TP1_synth_reverse		82	A	790365	33	85	133	0	63	123	790802	18818	0	0	0	0	0	0	18818
TP1_synth_reverse		83	A	790292	107	5	82	0	213	101	790800	18816	2	0	0	0	0	0	18818
TP1_synth_reverse		84	A	790275	36	0	150	0	193	121	790775	18817	0	0	0	0	0	1	18818
TP1_synth_reverse		85	G	462	247	1	789548	182	107	147	790694	2	0	0	18813	3	0	0	18818
TP1_synth_reverse		86	C	822	789610	8	59	5	58	94	790656	7	18809	1	0	1	0	0	18818
TP1_synth_reverse		87	T	951	75	137	22	0	292	789123	790600	0	0	5	0	0	0	18813	18818
TP1_synth_reverse		88	G	141	489	25	789475	130	117	184	790561	0	0	0	18815	3	0	0	18818
TP1_synth_reverse		89	T	614	108	403	14	0	39	789335	790513	0	0	9	0	0	0	18808	18817
TP1_synth_reverse		90	T	504	91	1	68	0	59	789706	790429	0	0	0	0	0	0	18817	18817
TP1_synth_reverse		91	C	445	789008	0	321	0	304	143	790221	0	18813	0	2	0	0	1	18816
TP1_synth_reverse		92	C	343	788556	0	214	0	386	192	789691	0	18812	0	1	0	0	0	18813
TP1_synth_reverse		93	G	571	279	0	787880	0	144	149	789023	4	0	0	18802	0	0	0	18806
TP1_synth_reverse		94	T	434	138	0	35	0	63	788264	788934	0	0	0	0	0	0	18806	18806
TP1_synth_reverse		95	C	0	787994	0	0	0	171	0	788165	0	18804	0	0	0	0	0	18804
TP1_synth_reverse		96	C	0	787456	0	0	0	98	0	787554	0	18803	0	0	0	0	0	18803
TP1_synth_reverse		97	C	0	785844	0	0	0	167	0	786011	0	18797	0	0	0	0	0	18797
TP1_synth_reverse		98	A	782995	0	0	0	0	0	0	782995	18778	0	0	0	0	0	0	18778
TP1_synth_reverse		99	G	0	0	0	782097	0	0	0	782097	0	0	0	18771	0	0	0	18771
