



























































































































































































































#AmpliconChromStart	Alias	Position	ProbableRef	rawA	rawC	rawD	rawG	rawI	rawN	rawT	rawDepth	consA	consC	consD	consG	consI	consN	consT	consDepth	
TP1_synth_forward		5	T	0	0	0	0	0	0	387	387	0	0	0	0	0	0	309	309
TP1_synth_forward		6	G	0	0	0	822	0	0	0	822	0	0	0	667	0	0	0	667
TP1_synth_forward		7	A	1294	0	0	0	0	0	0	1294	733	0	0	0	0	0	0	733
TP1_synth_forward		8	G	0	0	0	1652	0	0	0	1652	0	0	0	773	0	0	0	773
TP1_synth_forward		9	G	0	0	0	1678	0	0	0	1678	0	0	0	795	0	0	0	795
TP1_synth_forward		10	C	8	1700	0	0	0	0	0	1708	6	813	0	0	0	0	0	819
TP1_synth_forward		11	T	14	0	0	0	0	21	1686	1721	11	0	0	0	0	18	803	832
TP1_synth_forward		12	C	9	1702	0	0	0	21	1	1733	7	814	0	0	0	20	0	841
TP1_synth_forward		13	C	18	1721	0	0	0	2	1	1742	16	831	0	0	0	2	1	850
TP1_synth_forward		14	C	9	1732	0	1	0	0	0	1742	6	844	0	0	0	0	0	850
TP1_synth_forward		15	C	6	1724	0	0	0	19	2	1751	6	831	0	0	0	18	2	857
TP1_synth_forward		16	T	41	0	0	0	0	2	1708	1751	32	0	0	0	0	2	823	857
TP1_synth_forward		17	T	70	0	0	0	0	19	1671	1760	60	0	0	0	0	18	788	866
TP1_synth_forward		18	T	35	1	0	1	1	5	1734	1777	27	0	0	0	1	5	847	880
TP1_synth_forward		19	A	1937	1	0	0	0	19	3	1960	1027	1	0	0	0	18	3	1049
TP1_synth_forward		20	T	27	1	1	0	0	2	1933	1964	20	1	1	0	0	2	1029	1053
TP1_synth_forward		21	A	1961	0	0	0	0	1	2	1964	1051	0	0	0	0	0	2	1053
TP1_synth_forward		22	C	6	1957	1	0	0	0	0	1964	6	1047	0	0	0	0	0	1053
TP1_synth_forward		23	A	1962	0	0	1	0	0	1	1964	1052	0	0	0	0	0	1	1053
TP1_synth_forward		24	G	0	19	0	1931	0	0	14	1964	0	16	0	1027	0	0	10	1053
TP1_synth_forward		25	A	1962	1	0	0	0	0	1	1964	1051	1	0	0	0	0	1	1053
TP1_synth_forward		26	A	1960	0	0	0	0	1	3	1964	1050	0	0	0	0	1	2	1053
TP1_synth_forward		27	T	51	0	0	3	0	0	1910	1964	37	0	0	2	0	0	1014	1053
TP1_synth_forward		28	A	1964	0	0	0	0	0	0	1964	1053	0	0	0	0	0	0	1053
TP1_synth_forward		29	T	23	1	0	0	0	0	1940	1964	16	1	0	0	0	0	1036	1053
TP1_synth_forward		30	C	7	1938	0	0	0	19	0	1964	5	1030	0	0	0	18	0	1053
TP1_synth_forward		31	T	41	1	2	0	0	2	1918	1964	37	0	1	0	0	2	1013	1053
TP1_synth_forward		32	G	3	40	2	1908	1	0	10	1964	2	32	2	1007	1	0	9	1053
TP1_synth_forward		33	T	74	1	1	0	0	0	1888	1964	62	1	1	0	0	0	989	1053
TP1_synth_forward		34	T	57	0	1	0	0	0	1906	1964	48	0	1	0	0	0	1004	1053
TP1_synth_forward		35	C	10	1949	3	0	0	0	2	1964	6	1043	2	0	0	0	2	1053
TP1_synth_forward		36	G	3	23	0	1902	0	0	36	1964	3	18	0	1003	0	0	29	1053
TP1_synth_forward		37	C	24	1940	0	0	0	0	0	1964	20	1033	0	0	0	0	0	1053
TP1_synth_forward		38	A	1961	1	0	0	0	0	2	1964	1050	1	0	0	0	0	2	1053
TP1_synth_forward		39	C	22	1941	0	1	0	0	0	1964	16	1036	0	1	0	0	0	1053
TP1_synth_forward		40	T	64	0	1	1	0	0	1898	1964	54	0	1	0	0	0	998	1053
TP1_synth_forward		41	C	22	1941	0	0	0	0	0	1963	18	1034	0	0	0	0	0	1052
TP1_synth_forward		42	C	22	1939	0	0	0	1	1	1963	20	1030	0	0	0	1	1	1052
TP1_synth_forward		43	G	2	54	0	1877	0	1	29	1963	2	46	0	984	0	0	20	1052
TP1_synth_forward		44	A	1989	0	0	0	0	0	0	1989	1068	0	0	0	0	0	0	1068
TP1_synth_forward		45	G	0	22	0	1903	0	1	62	1988	0	19	0	995	0	1	52	1067
TP1_synth_forward		46	T	66	0	0	0	0	0	1927	1993	46	0	0	0	0	0	1026	1072
TP1_synth_forward		47	G	3	23	0	1883	0	0	84	1993	2	21	0	976	0	0	73	1072
TP1_synth_forward		48	C	36	1961	0	0	0	0	1	1998	30	1047	0	0	0	0	0	1077
TP1_synth_forward		49	G	5	12	0	1933	0	0	50	2000	4	10	0	1030	0	0	35	1079
TP1_synth_forward		50	G	7	34	0	1937	1	0	26	2005	4	27	0	1032	1	0	17	1081
TP1_synth_forward		51	C	23	2154	0	0	0	0	2	2179	19	1074	0	0	0	0	0	1093
TP1_synth_forward		52	T	29	0	0	1	1	1	1968	2000	20	0	0	1	1	1	904	927
TP1_synth_forward		53	T	68	1	1	2	1	0	1927	2000	53	1	1	1	0	0	871	927
TP1_synth_forward		54	G	8	15	1	1962	1	0	13	2000	6	12	1	902	0	0	6	927
TP1_synth_forward		55	C	27	1973	0	0	3	4	1	2008	21	906	0	0	2	4	0	933
TP1_synth_forward		56	G	8	4	0	1957	0	0	40	2009	5	3	0	896	0	0	30	934
TP1_synth_forward		57	G	19	7	0	1961	0	0	22	2009	17	3	0	898	0	0	16	934
TP1_synth_forward		58	A	2106	1	0	0	0	0	0	2107	954	0	0	0	0	0	0	954
TP1_synth_forward		59	G	18	26	1	2057	0	0	5	2107	13	23	1	914	0	0	3	954
TP1_synth_forward		60	A	2133	1	0	0	0	1	0	2135	957	0	0	0	0	1	0	958
TP1_synth_forward		61	T	25	0	0	3	0	0	2107	2135	19	0	0	3	0	0	936	958
TP1_synth_forward		62	T	32	0	0	1	0	0	2106	2139	27	0	0	0	0	0	932	959
TP1_synth_forward		63	C	6	2133	0	0	0	0	0	2139	6	953	0	0	0	0	0	959
TP1_synth_forward		64	T	38	0	0	3	0	0	2119	2160	33	0	0	3	0	0	934	970
TP1_synth_forward		65	C	24	2134	0	1	0	1	0	2160	22	947	0	1	0	0	0	970
TP1_synth_forward		66	T	35	0	0	1	0	19	2104	2159	25	0	0	0	0	18	926	969
TP1_synth_forward		67	T	39	0	0	0	0	3	2117	2159	30	0	0	0	0	3	936	969
TP1_synth_forward		68	C	14	2137	2	1	0	4	0	2158	13	948	2	1	0	4	0	968
TP1_synth_forward		69	C	15	2126	0	1	0	16	0	2158	13	939	0	1	0	15	0	968
TP1_synth_forward		70	T	17	0	3	0	0	3	2134	2157	11	0	2	0	0	3	952	968
TP1_synth_forward		71	C	11	2145	0	0	0	0	1	2157	11	957	0	0	0	0	0	968
TP1_synth_forward		72	T	12	1	3	0	0	0	2141	2157	9	1	2	0	0	0	956	968
TP1_synth_forward		73	G	9	2	1	2121	0	20	3	2156	8	2	1	934	0	19	3	967
TP1_synth_forward		74	T	30	0	0	0	0	2	2124	2156	23	0	0	0	0	2	942	967
TP1_synth_forward		75	G	7	9	1	2127	0	1	11	2156	7	3	1	946	0	1	9	967
TP1_synth_forward		76	C	21	2130	3	0	0	0	2	2156	17	945	3	0	0	0	2	967
TP1_synth_forward		77	G	8	9	1	2085	0	19	34	2156	5	8	1	902	0	18	33	967
TP1_synth_forward		78	C	14	2136	4	0	0	2	0	2156	13	950	3	0	0	1	0	967
TP1_synth_forward		79	C	12	2139	3	0	0	1	1	2156	12	952	2	0	0	1	0	967
TP1_synth_forward		80	G	15	3	3	2130	1	0	4	2156	15	3	2	942	1	0	4	967
TP1_synth_forward		81	C	10	1963	4	0	0	0	0	1977	8	939	3	0	0	0	0	950
TP1_synth_forward		82	A	1969	1	5	1	0	1	0	1977	945	1	4	0	0	0	0	950
TP1_synth_forward		83	A	1971	1	2	2	0	0	1	1977	946	1	1	2	0	0	0	950
TP1_synth_forward		84	A	1976	0	0	1	0	0	0	1977	950	0	0	0	0	0	0	950
TP1_synth_forward		85	G	1	8	0	1963	0	0	2	1974	1	7	0	939	0	0	2	949
TP1_synth_forward		86	C	5	1965	0	1	0	0	2	1973	4	941	0	1	0	0	2	948
TP1_synth_forward		87	T	22	0	0	5	0	0	1942	1969	13	0	0	3	0	0	929	945
TP1_synth_forward		88	G	4	5	1	1951	0	1	2	1964	4	4	1	930	0	1	1	941
TP1_synth_forward		89	T	22	0	0	0	0	1	1936	1959	19	0	0	0	0	1	917	937
TP1_synth_forward		90	T	14	0	1	4	0	0	1939	1958	11	0	1	2	0	0	923	937
TP1_synth_forward		91	C	3	1948	1	1	0	0	1	1954	2	931	1	0	0	0	0	934
TP1_synth_forward		92	C	10	1940	0	0	0	0	3	1953	7	925	0	0	0	0	1	933
TP1_synth_forward		93	G	2	4	0	1939	0	1	5	1951	2	3	0	923	0	0	3	931
TP1_synth_forward		94	T	7	0	0	1	0	0	1940	1948	6	0	0	1	0	0	923	930
TP1_synth_forward		95	C	2	1942	0	1	0	0	1	1946	2	927	0	0	0	0	0	929
TP1_synth_forward		96	C	0	1940	0	0	0	0	0	1940	0	924	0	0	0	0	0	924
TP1_synth_forward		97	C	0	1931	0	0	0	0	0	1931	0	916	0	0	0	0	0	916
TP1_synth_forward		98	A	1924	0	0	0	0	0	0	1924	911	0	0	0	0	0	0	911
TP1_synth_forward		99	G	0	0	0	1919	0	0	0	1919	0	0	0	907	0	0	0	907
TP1_synth_forward		100	T	0	0	0	0	0	0	1889	1889	0	0	0	0	0	0	885	885
TP1_synth_forward	TP1_synth_forward	1	G	0	0	0	547383	0	0	0	547383	0	0	0	38413	0	0	0	38413
TP1_synth_forward	TP1_synth_forward	2	T	0	0	0	0	0	0	549256	549256	0	0	0	0	0	0	38736	38736
TP1_synth_forward	TP1_synth_forward	3	G	0	0	0	550549	0	98	0	550647	0	0	0	39147	0	25	0	39172
TP1_synth_forward	TP1_synth_forward	4	G	0	0	0	551655	0	58	0	551713	0	0	0	39501	0	11	0	39512
TP1_synth_forward	TP1_synth_forward	5	T	0	0	0	0	0	150	551563	551713	0	0	0	0	0	55	39457	39512
TP1_synth_forward	TP1_synth_forward	6	G	98	58	0	551422	0	29	106	551713	6	9	0	39463	0	20	14	39512
TP1_synth_forward	TP1_synth_forward	7	A	551496	17	0	83	0	11	106	551713	39497	4	0	4	0	2	5	39512
TP1_synth_forward	TP1_synth_forward	8	G	101	40	0	551436	0	64	72	551713	4	10	0	39472	0	7	19	39512
TP1_synth_forward	TP1_synth_forward	9	G	85	87	0	550991	0	14	536	551713	3	19	0	39463	0	0	27	39512
TP1_synth_forward	TP1_synth_forward	10	C	214	551343	1	21	1	12	121	551713	51	39456	0	1	0	0	4	39512
TP1_synth_forward	TP1_synth_forward	11	T	201	112	47	19	256	15	551063	551713	42	5	2	1	17	5	39440	39512
TP1_synth_forward	TP1_synth_forward	12	C	241	550856	391	20	1	49	155	551713	58	39411	24	1	0	11	7	39512
TP1_synth_forward	TP1_synth_forward	13	C	287	551189	1	17	1	79	139	551713	47	39442	1	0	0	18	4	39512
TP1_synth_forward	TP1_synth_forward	14	C	226	551305	0	14	0	48	120	551713	41	39459	0	1	0	4	7	39512
TP1_synth_forward	TP1_synth_forward	15	C	184	550892	0	36	248	35	318	551713	26	39450	0	0	15	6	15	39512
TP1_synth_forward	TP1_synth_forward	16	T	321	75	356	21	1	17	550922	551713	77	10	20	5	0	1	39399	39512
TP1_synth_forward	TP1_synth_forward	17	T	434	69	3	18	0	120	551069	551713	109	4	2	2	0	45	39350	39512
TP1_synth_forward	TP1_synth_forward	18	T	322	46	4	14	97	76	551154	551713	84	2	2	3	14	20	39387	39512
TP1_synth_forward	TP1_synth_forward	19	A	551391	4	21	67	0	66	164	551713	39474	1	7	4	0	13	13	39512
TP1_synth_forward	TP1_synth_forward	20	T	369	62	91	27	39	54	551071	551713	103	2	25	2	9	13	39358	39512
TP1_synth_forward	TP1_synth_forward	21	A	551294	13	8	77	0	140	181	551713	39448	1	5	2	0	28	28	39512
TP1_synth_forward	TP1_synth_forward	22	C	272	550691	301	56	23	112	258	551713	58	39392	8	15	8	13	18	39512
TP1_synth_forward	TP1_synth_forward	23	A	551058	10	378	91	4	60	112	551713	39421	3	33	8	3	35	9	39512
TP1_synth_forward	TP1_synth_forward	24	G	99	148	228	550822	213	38	165	551713	7	54	26	39371	14	6	34	39512
TP1_synth_forward	TP1_synth_forward	25	A	551015	26	370	173	0	66	63	551713	39428	4	51	14	0	7	8	39512
TP1_synth_forward	TP1_synth_forward	26	A	551176	3	238	91	0	92	113	551713	39455	1	35	5	0	6	10	39512
TP1_synth_forward	TP1_synth_forward	27	T	1018	58	386	83	9	61	550098	551713	224	3	59	12	2	24	39188	39512
TP1_synth_forward	TP1_synth_forward	28	A	551315	14	227	40	0	35	82	551713	39447	2	32	1	0	24	6	39512
TP1_synth_forward	TP1_synth_forward	29	T	455	51	120	18	32	3	551034	551713	101	1	23	1	13	2	39371	39512
TP1_synth_forward	TP1_synth_forward	30	C	558	550924	114	8	0	22	87	551713	254	39229	16	1	0	8	4	39512
TP1_synth_forward	TP1_synth_forward	31	T	1313	62	168	18	337	10	549735	551643	567	4	23	4	26	1	38829	39454
TP1_synth_forward	TP1_synth_forward	32	G	167	535	826	548639	663	53	725	551608	17	143	36	39031	23	14	177	39441
TP1_synth_forward	TP1_synth_forward	33	T	2644	67	219	20	1	17	548629	551597	882	1	28	0	0	2	38519	39432
TP1_synth_forward	TP1_synth_forward	34	T	917	59	458	11	5	10	550126	551586	195	2	36	2	1	7	39185	39428
TP1_synth_forward	TP1_synth_forward	35	C	722	549345	1064	43	244	32	130	551580	304	39037	66	3	6	3	4	39423
TP1_synth_forward	TP1_synth_forward	36	G	324	745	554	548721	1	55	1173	551573	20	350	47	38809	0	16	180	39422
TP1_synth_forward	TP1_synth_forward	37	C	310	550817	313	14	0	24	93	551571	79	39311	22	1	0	1	7	39421
TP1_synth_forward	TP1_synth_forward	38	A	550860	67	322	93	0	88	137	551567	39339	11	23	8	0	5	32	39418
TP1_synth_forward	TP1_synth_forward	39	C	206	550681	504	50	9	22	91	551563	55	39312	39	5	2	1	3	39417
TP1_synth_forward	TP1_synth_forward	40	T	725	134	811	65	228	19	549569	551551	178	5	57	5	12	1	39155	39413
TP1_synth_forward	TP1_synth_forward	41	C	341	550572	360	12	144	15	100	551544	70	39288	30	5	9	4	3	39409
TP1_synth_forward	TP1_synth_forward	42	C	814	549209	319	47	897	84	159	551529	312	39006	23	6	23	19	13	39402
TP1_synth_forward	TP1_synth_forward	43	G	147	1029	320	548912	80	64	961	551513	4	184	23	39012	8	7	155	39393
TP1_synth_forward	TP1_synth_forward	44	A	550960	24	317	38	17	97	54	551507	39317	6	24	1	9	32	1	39390
TP1_synth_forward	TP1_synth_forward	45	G	292	350	313	548882	59	46	1557	551499	31	99	22	38960	5	2	269	39388
TP1_synth_forward	TP1_synth_forward	46	T	2360	68	431	16	14	29	548422	551340	770	2	32	3	3	4	38541	39355
TP1_synth_forward	TP1_synth_forward	47	G	138	1009	320	547821	0	9	2027	551324	17	439	24	38485	0	4	375	39344
TP1_synth_forward	TP1_synth_forward	48	C	427	550167	323	20	242	6	137	551322	87	39200	26	4	19	0	8	39344
TP1_synth_forward	TP1_synth_forward	49	G	269	287	100	549220	3	26	1415	551320	49	137	14	38716	3	2	422	39343
TP1_synth_forward	TP1_synth_forward	50	G	752	445	13	549161	3	18	923	551315	51	112	10	38870	1	4	293	39341
TP1_synth_forward	TP1_synth_forward	51	C	438	549852	195	41	4	57	725	551312	168	39111	22	4	0	25	9	39339
TP1_synth_forward	TP1_synth_forward	52	T	1733	65	290	129	5	52	549036	551310	646	6	28	31	0	10	38616	39337
TP1_synth_forward	TP1_synth_forward	53	T	1977	140	289	132	455	39	548272	551304	594	7	24	18	16	13	38664	39336
TP1_synth_forward	TP1_synth_forward	54	G	572	267	351	549704	3	13	382	551292	34	64	28	39136	1	1	67	39331
TP1_synth_forward	TP1_synth_forward	55	C	520	549193	537	53	790	28	169	551290	163	39071	37	3	36	11	9	39330
TP1_synth_forward	TP1_synth_forward	56	G	1647	98	634	547748	1	38	1123	551289	165	43	55	38780	1	8	278	39330
TP1_synth_forward	TP1_synth_forward	57	G	760	104	151	549804	1	36	416	551272	72	27	24	39016	0	26	158	39323
TP1_synth_forward	TP1_synth_forward	58	A	550254	24	739	113	0	47	88	551265	39234	4	50	3	0	28	2	39321
TP1_synth_forward	TP1_synth_forward	59	G	357	375	437	549645	9	16	409	551248	70	100	29	38950	5	3	157	39314
TP1_synth_forward	TP1_synth_forward	60	A	550208	123	525	134	1	28	227	551246	39237	13	38	10	1	4	11	39314
TP1_synth_forward	TP1_synth_forward	61	T	690	190	242	84	0	13	550019	551238	144	19	39	11	0	1	39098	39312
TP1_synth_forward	TP1_synth_forward	62	T	1455	63	44	24	1	64	549558	551209	226	5	8	3	0	5	39058	39305
TP1_synth_forward	TP1_synth_forward	63	C	897	549777	398	23	0	23	84	551202	339	38927	26	3	0	2	7	39304
TP1_synth_forward	TP1_synth_forward	64	T	1726	70	10	135	0	73	549180	551194	316	1	2	10	0	6	38967	39302
TP1_synth_forward	TP1_synth_forward	65	C	471	550121	9	126	0	82	75	550884	89	39176	1	10	0	9	2	39287
TP1_synth_forward	TP1_synth_forward	66	T	1600	68	149	116	0	24	548920	550877	313	5	17	11	0	8	38931	39285
TP1_synth_forward	TP1_synth_forward	67	T	2948	59	55	52	7	118	547617	550856	882	3	9	13	3	20	38350	39280
TP1_synth_forward	TP1_synth_forward	68	C	867	548615	515	35	0	84	87	550203	218	38998	28	3	0	12	6	39265
TP1_synth_forward	TP1_synth_forward	69	C	570	549354	57	95	1	29	93	550199	97	39144	8	6	1	6	1	39263
TP1_synth_forward	TP1_synth_forward	70	T	601	196	478	79	10	12	548791	550167	136	8	19	11	0	0	39086	39260
TP1_synth_forward	TP1_synth_forward	71	C	191	549743	89	25	0	16	102	550166	39	39208	8	0	0	2	3	39260
TP1_synth_forward	TP1_synth_forward	72	T	1743	93	911	55	54	45	547264	550165	623	18	50	8	3	10	38547	39259
TP1_synth_forward	TP1_synth_forward	73	G	398	174	268	548563	0	123	635	550161	58	34	27	39060	0	18	59	39256
TP1_synth_forward	TP1_synth_forward	74	T	1393	69	93	31	11	72	548489	550158	427	4	15	0	6	4	38800	39256
TP1_synth_forward	TP1_synth_forward	75	G	369	132	256	548965	0	16	417	550155	31	29	26	39121	0	4	44	39255
TP1_synth_forward	TP1_synth_forward	76	C	665	548038	519	45	33	24	830	550154	237	38910	41	6	9	13	39	39255
TP1_synth_forward	TP1_synth_forward	77	G	995	229	164	548014	0	5	739	550146	50	57	25	38986	0	0	135	39253
TP1_synth_forward	TP1_synth_forward	78	C	170	547616	1943	13	211	46	129	550128	39	39090	83	0	8	22	9	39251
TP1_synth_forward	TP1_synth_forward	79	C	213	548865	615	53	48	148	184	550126	36	39157	24	9	5	8	12	39251
TP1_synth_forward	TP1_synth_forward	80	G	1043	725	757	546463	138	167	823	550116	99	75	14	38975	6	12	63	39244
TP1_synth_forward	TP1_synth_forward	81	C	647	547759	1453	20	30	95	103	550107	37	39120	60	1	3	11	7	39239
TP1_synth_forward	TP1_synth_forward	82	A	548615	68	1190	107	0	76	49	550105	39157	5	44	4	0	25	3	39238
TP1_synth_forward	TP1_synth_forward	83	A	549242	42	500	79	0	177	63	550103	39194	3	6	7	0	16	10	39236
TP1_synth_forward	TP1_synth_forward	84	A	549757	43	0	162	0	48	80	550090	39216	3	0	7	0	2	5	39233
TP1_synth_forward	TP1_synth_forward	85	G	96	213	0	549547	0	87	114	550057	8	44	0	39121	0	18	26	39217
TP1_synth_forward	TP1_synth_forward	86	C	443	549377	0	24	2	38	145	550029	48	39150	0	0	0	5	9	39212
TP1_synth_forward	TP1_synth_forward	87	T	977	100	36	70	1	72	548719	549975	178	5	12	9	0	29	38968	39201
TP1_synth_forward	TP1_synth_forward	88	G	160	256	405	548937	7	70	103	549938	11	31	7	39104	1	11	21	39186
TP1_synth_forward	TP1_synth_forward	89	T	749	81	134	22	0	206	548703	549895	107	1	6	5	0	42	39021	39182
TP1_synth_forward	TP1_synth_forward	90	T	955	85	270	35	564	123	547817	549849	149	3	10	6	20	15	38967	39170
TP1_synth_forward	TP1_synth_forward	91	C	417	548532	540	65	0	28	138	549720	52	39056	26	6	0	1	8	39149
TP1_synth_forward	TP1_synth_forward	92	C	494	548044	0	313	1	39	767	549658	36	39079	0	14	0	3	10	39142
TP1_synth_forward	TP1_synth_forward	93	G	387	110	0	548701	0	76	131	549405	39	30	0	39019	0	8	13	39109
TP1_synth_forward	TP1_synth_forward	94	T	761	93	0	98	0	173	548134	549259	96	6	0	11	0	32	38956	39101
TP1_synth_forward	TP1_synth_forward	95	C	163	548576	0	37	0	69	117	548962	22	39049	0	2	0	12	3	39088
TP1_synth_forward	TP1_synth_forward	96	C	0	548380	0	0	0	65	0	548445	0	39005	0	0	0	26	0	39031
TP1_synth_forward	TP1_synth_forward	97	C	0	546219	0	0	0	110	0	546329	0	38903	0	0	0	12	0	38915
TP1_synth_forward	TP1_synth_forward	98	A	543994	0	0	0	0	82	0	544076	38801	0	0	0	0	21	0	38822
TP1_synth_forward	TP1_synth_forward	99	G	0	0	0	542753	0	0	0	542753	0	0	0	38732	0	0	0	38732
TP1_synth_forward	TP1_synth_forward	100	T	0	0	0	0	0	0	541356	541356	0	0	0	0	0	0	38567	38567
