



























































































































































































































#AmpliconChromStart	Alias	Position	ProbableRef	rawA	rawC	rawD	rawG	rawI	rawN	rawT	rawDepth	consA	consC	consD	consG	consI	consN	consT	consDepth	
TP1_synth_reverse		1	G	0	0	0	551039	0	0	0	551039	0	0	0	40850	0	0	0	40850
TP1_synth_reverse		2	T	0	0	0	0	0	0	552696	552696	0	0	0	0	0	0	41214	41214
TP1_synth_reverse		3	G	0	0	0	554404	0	9	0	554413	0	0	0	41635	0	0	0	41635
TP1_synth_reverse		4	G	0	0	0	554754	0	19	0	554773	0	0	0	41900	0	2	0	41902
TP1_synth_reverse		5	T	0	0	0	0	0	53	555092	555145	0	0	0	0	0	6	42121	42127
TP1_synth_reverse		6	G	81	37	0	555270	0	65	116	555569	3	5	0	42375	0	35	18	42436
TP1_synth_reverse		7	A	555413	10	0	70	0	50	86	555629	42442	1	0	2	0	27	2	42474
TP1_synth_reverse		8	G	104	29	0	555316	0	226	305	555980	3	4	0	42409	0	71	16	42503
TP1_synth_reverse		9	G	101	64	0	555726	0	34	93	556018	6	12	0	42491	0	6	9	42524
TP1_synth_reverse		10	C	141	555490	3	16	0	10	371	556031	24	42495	2	2	0	1	13	42537
TP1_synth_reverse		11	T	150	123	17	12	46	18	555675	556041	29	7	5	2	13	4	42487	42547
TP1_synth_reverse		12	C	152	554679	1033	12	0	60	108	556044	34	42436	39	0	0	34	7	42550
TP1_synth_reverse		13	C	225	555524	3	17	0	197	88	556054	28	42481	0	0	0	41	6	42556
TP1_synth_reverse		14	C	189	555699	0	20	1	47	98	556054	32	42514	0	0	0	7	3	42556
TP1_synth_reverse		15	C	127	555454	365	10	1	6	91	556054	25	42510	12	2	0	0	7	42556
TP1_synth_reverse		16	T	321	46	2445	14	0	19	553209	556054	79	0	138	1	0	9	42329	42556
TP1_synth_reverse		17	T	347	74	89	13	0	8	555544	556075	95	3	9	4	0	5	42456	42572
TP1_synth_reverse		18	T	236	105	1	12	0	15	555784	556153	49	8	0	2	0	2	42554	42615
TP1_synth_reverse		19	C	267	633738	343	22	192	86	528	635176	97	43306	12	2	13	13	25	43468
TP1_synth_reverse		20	T	378	265	765	64	4	68	633632	635176	92	19	45	5	0	6	43301	43468
TP1_synth_reverse		21	T	1283	97	0	70	440	30	633256	635176	450	2	0	2	18	1	42995	43468
TP1_synth_reverse		22	G	137	506	212	634117	1	12	191	635176	17	227	14	43172	0	2	36	43468
TP1_synth_reverse		23	C	425	633896	239	47	19	34	516	635176	109	43305	11	6	1	10	26	43468
TP1_synth_reverse		24	G	223	84	1269	633307	0	18	275	635176	15	18	64	43321	0	5	45	43468
TP1_synth_reverse		25	G	101	270	2	634349	0	56	408	635186	21	118	0	43258	0	7	68	43472
TP1_synth_reverse		26	A	634810	14	138	111	0	12	101	635186	43436	2	15	4	0	6	9	43472
TP1_synth_reverse		27	G	73	144	14	634450	13	68	424	635186	7	43	3	43207	2	39	171	43472
TP1_synth_reverse		28	A	633992	132	849	45	86	23	69	635196	43381	29	47	2	7	11	1	43478
TP1_synth_reverse		29	T	393	66	554	593	0	100	633490	635196	114	1	46	56	0	39	43222	43478
TP1_synth_reverse		30	T	2103	60	137	49	0	46	632801	635196	742	2	16	5	0	17	42696	43478
TP1_synth_reverse		31	C	515	634112	379	29	0	67	79	635181	186	43204	47	7	0	28	2	43474
TP1_synth_reverse		32	T	748	46	11	77	0	10	634279	635171	126	3	4	3	0	1	43334	43471
TP1_synth_reverse		33	C	560	634445	25	21	1	27	89	635168	206	43236	3	3	0	19	3	43470
TP1_synth_reverse		34	T	2030	85	908	1424	2	65	630650	635164	294	2	67	152	1	24	42930	43470
TP1_synth_reverse		35	T	2489	54	0	249	168	35	632155	635150	785	2	0	25	16	12	42627	43467
TP1_synth_reverse		36	C	292	634308	341	52	1	65	95	635154	58	43327	54	5	1	20	5	43470
TP1_synth_reverse		37	C	326	633750	3	370	4	28	647	635128	67	43300	0	31	1	6	52	43457
TP1_synth_reverse		38	T	1313	42	38	70	211	10	633429	635113	367	0	8	10	10	4	43050	43449
TP1_synth_reverse		39	C	225	634120	536	116	2	36	77	635112	37	43343	32	12	0	25	0	43449
TP1_synth_reverse		40	T	1107	69	985	92	82	126	632644	635105	225	2	49	6	7	65	43092	43446
TP1_synth_reverse		41	G	531	953	371	630829	0	26	2387	635097	20	411	42	42578	0	12	380	43443
TP1_synth_reverse		42	T	2191	65	3	111	0	37	632689	635096	768	4	1	27	0	6	42636	43442
TP1_synth_reverse		43	G	76	211	166	631872	0	57	2718	635100	10	74	5	42905	0	3	451	43448
TP1_synth_reverse		44	C	403	633729	6	39	35	10	884	635106	133	43249	1	0	7	0	66	43456
TP1_synth_reverse		45	G	146	132	141	631374	390	16	2901	635100	9	29	26	42930	32	0	429	43455
TP1_synth_reverse		46	C	797	632120	1008	928	0	21	225	635099	366	42942	71	52	0	12	11	43454
TP1_synth_reverse		47	C	210	634310	327	37	2	8	206	635100	54	43362	19	5	1	5	9	43455
TP1_synth_reverse		48	G	178	929	432	630362	343	16	2822	635082	12	396	20	42591	9	1	420	43449
TP1_synth_reverse		49	A	633632	32	1156	41	22	11	130	635024	48299	11	51	0	1	6	17	48385
TP1_synth_reverse		50	T	2370	51	11	16	49	31	632620	635148	387	5	1	2	3	8	48037	48443
TP1_synth_reverse		51	A	634894	32	40	55	0	56	108	635185	48413	10	3	4	0	36	12	48478
TP1_synth_reverse		52	C	612	633317	802	62	284	55	81	635213	116	48250	60	12	16	39	4	48497
TP1_synth_reverse		53	A	634591	17	125	347	0	36	108	635224	48434	1	28	17	0	20	8	48508
TP1_synth_reverse		54	G	279	310	310	633174	51	82	1018	635224	48	63	25	48188	14	32	138	48508
TP1_synth_reverse		55	A	634489	86	468	59	0	74	90	635266	48455	19	13	5	0	18	3	48513
TP1_synth_reverse		56	A	634635	5	421	50	1	44	113	635269	48479	0	17	2	0	7	12	48517
TP1_synth_reverse		57	T	2722	33	1228	120	0	16	631134	635253	306	1	73	16	0	1	48113	48510
TP1_synth_reverse		58	A	634685	2	309	94	0	63	99	635252	48454	2	30	11	0	6	7	48510
TP1_synth_reverse		59	T	1273	40	108	141	0	57	633613	635232	199	0	11	19	0	33	48234	48496
TP1_synth_reverse		60	C	1732	631975	606	78	13	89	735	635228	402	48013	22	6	3	23	22	48491
TP1_synth_reverse		61	T	862	77	323	726	44	111	633085	635228	152	1	33	85	5	11	48202	48489
TP1_synth_reverse		62	G	424	248	592	632992	188	63	718	635225	83	59	33	48025	22	27	239	48488
TP1_synth_reverse		63	T	4639	48	429	41	0	17	630047	635221	1135	0	33	11	0	4	47304	48487
TP1_synth_reverse		64	T	1843	46	7	145	2	42	633137	635222	314	1	1	13	1	23	48136	48489
TP1_synth_reverse		65	C	544	634430	16	30	6	56	135	635217	73	48365	2	1	4	26	15	48486
TP1_synth_reverse		66	G	865	252	33	633201	0	39	825	635215	162	48	8	47995	0	10	263	48486
TP1_synth_reverse		67	C	874	633737	7	14	393	83	116	635224	299	48106	3	0	21	55	4	48488
TP1_synth_reverse		68	A	633814	390	757	152	1	68	42	635224	48354	45	40	10	0	37	2	48488
TP1_synth_reverse		69	C	67	634337	632	31	0	44	106	635217	13	48432	17	1	0	11	10	48484
TP1_synth_reverse		70	T	724	63	95	560	0	105	633661	635208	158	1	6	63	0	40	48214	48482
TP1_synth_reverse		71	C	219	634138	646	53	0	67	82	635205	52	48348	48	8	0	19	5	48480
TP1_synth_reverse		72	C	653	634292	3	41	0	72	140	635201	225	48196	1	7	0	40	10	48479
TP1_synth_reverse		73	G	569	238	43	634122	0	67	151	635190	74	42	22	48293	0	18	29	48478
TP1_synth_reverse		74	A	634768	148	117	61	0	69	23	635186	48436	11	13	5	0	11	0	48476
TP1_synth_reverse		75	G	799	152	4	634103	2	42	78	635180	63	36	1	48338	1	19	16	48474
TP1_synth_reverse		76	T	5046	57	1	52	138	103	629773	635170	1205	4	0	8	9	13	47230	48469
TP1_synth_reverse		77	G	158	296	13	633575	1	46	1063	635152	26	89	3	48202	0	10	130	48460
TP1_synth_reverse		78	C	223	632012	564	32	251	141	1921	635144	50	48169	38	2	30	77	93	48459
TP1_synth_reverse		79	G	385	843	204	632354	1	63	1104	634954	28	375	24	47791	0	27	197	48442
TP1_synth_reverse		80	G	122	159	1	633343	357	131	720	634833	6	42	1	48187	15	41	136	48428
TP1_synth_reverse		81	C	157	633171	228	33	918	160	121	634788	19	48307	11	1	33	47	3	48421
TP1_synth_reverse		82	A	552979	6	1113	65	1	57	200	554421	42307	1	91	1	0	24	7	42431
TP1_synth_reverse		83	A	554184	13	13	46	0	55	102	554413	42406	0	0	2	0	12	7	42427
TP1_synth_reverse		84	A	554092	13	0	104	34	44	86	554373	42402	1	0	8	5	3	2	42421
TP1_synth_reverse		85	G	62	142	162	553119	2	13	746	554246	10	30	6	42194	0	1	146	42387
TP1_synth_reverse		86	C	203	553753	0	36	1	31	178	554202	32	42336	0	1	0	6	6	42381
TP1_synth_reverse		87	T	1567	55	1	42	11	90	552373	554139	248	0	1	5	1	52	42059	42366
TP1_synth_reverse		88	G	145	261	29	553494	7	27	134	554097	15	16	10	42270	2	19	20	42352
TP1_synth_reverse		89	T	756	80	32	18	0	57	553077	554020	93	3	3	4	0	37	42204	42344
TP1_synth_reverse		90	T	880	68	17	295	0	98	552428	553786	111	4	1	16	0	35	42133	42300
TP1_synth_reverse		91	C	369	552733	0	28	0	21	600	553751	46	42205	0	1	0	12	26	42290
TP1_synth_reverse		92	C	174	553155	0	19	0	62	147	553557	13	42228	0	0	0	30	5	42276
TP1_synth_reverse		93	G	321	122	0	552209	0	16	92	552760	36	29	0	42151	0	10	3	42229
TP1_synth_reverse		94	T	727	69	0	33	0	63	551803	552695	80	0	0	9	0	42	42088	42219
TP1_synth_reverse		95	C	0	552258	0	0	0	51	0	552309	0	42164	0	0	0	29	0	42193
TP1_synth_reverse		96	C	0	551821	0	0	0	8	0	551829	0	42146	0	0	0	3	0	42149
TP1_synth_reverse		97	C	0	550120	0	0	0	5	0	550125	0	42071	0	0	0	1	0	42072
TP1_synth_reverse		98	A	547482	0	0	0	0	0	0	547482	41933	0	0	0	0	0	0	41933
TP1_synth_reverse		99	G	0	0	0	546415	0	0	0	546415	0	0	0	41839	0	0	0	41839
