



























































































































































































































#AmpliconChromStart	Alias	Position	ProbableRef	rawA	rawC	rawD	rawG	rawI	rawN	rawT	rawDepth	consA	consC	consD	consG	consI	consN	consT	consDepth	
TP1_synth_reverse		1	G	0	0	0	551039	0	0	0	551039	0	0	0	6201	0	0	0	6201
TP1_synth_reverse		2	T	0	0	0	0	0	0	552696	552696	0	0	0	0	0	0	6210	6210
TP1_synth_reverse		3	G	0	0	0	554404	0	9	0	554413	0	0	0	6231	0	0	0	6231
TP1_synth_reverse		4	G	0	0	0	554754	0	19	0	554773	0	0	0	6235	0	0	0	6235
TP1_synth_reverse		5	T	0	0	0	0	0	53	555092	555145	0	0	0	0	0	0	6239	6239
TP1_synth_reverse		6	G	81	37	0	555270	0	65	116	555569	0	0	0	6242	0	0	1	6243
TP1_synth_reverse		7	A	555413	10	0	70	0	50	86	555629	6244	0	0	0	0	0	0	6244
TP1_synth_reverse		8	G	104	29	0	555316	0	226	305	555980	0	0	0	6244	0	0	2	6246
TP1_synth_reverse		9	G	101	64	0	555726	0	34	93	556018	1	0	0	6246	0	0	0	6247
TP1_synth_reverse		10	C	141	555490	3	16	0	10	371	556031	0	6245	0	0	0	0	2	6247
TP1_synth_reverse		11	T	150	123	17	12	46	18	555675	556041	0	0	0	0	1	0	6246	6247
TP1_synth_reverse		12	C	152	554679	1033	12	0	60	108	556044	0	6239	8	0	0	0	0	6247
TP1_synth_reverse		13	C	225	555524	3	17	0	197	88	556054	0	6247	0	0	0	0	0	6247
TP1_synth_reverse		14	C	189	555699	0	20	1	47	98	556054	0	6247	0	0	0	0	0	6247
TP1_synth_reverse		15	C	127	555454	365	10	1	6	91	556054	0	6246	1	0	0	0	0	6247
TP1_synth_reverse		16	T	321	46	2445	14	0	19	553209	556054	0	0	23	0	0	0	6224	6247
TP1_synth_reverse		17	T	347	74	89	13	0	8	555544	556075	0	0	2	0	0	0	6245	6247
TP1_synth_reverse		18	T	236	105	1	12	0	15	555784	556153	0	1	0	0	0	0	6247	6248
TP1_synth_reverse		19	C	267	633738	343	22	192	86	528	635176	0	6332	1	0	3	0	3	6339
TP1_synth_reverse		20	T	378	265	765	64	4	68	633632	635176	0	3	6	0	0	0	6330	6339
TP1_synth_reverse		21	T	1283	97	0	70	440	30	633266	635186	0	0	0	0	2	0	6337	6339
TP1_synth_reverse		22	G	137	506	212	634127	1	12	191	635186	0	0	1	6338	0	0	0	6339
TP1_synth_reverse		23	C	425	633906	239	47	19	34	516	635186	0	6335	2	0	1	0	1	6339
TP1_synth_reverse		24	G	223	84	1269	633317	0	18	275	635186	2	0	7	6330	0	0	0	6339
TP1_synth_reverse		25	G	101	270	2	634359	0	56	408	635196	0	0	0	6336	0	0	3	6339
TP1_synth_reverse		26	A	634820	14	138	111	0	12	101	635196	6336	0	3	0	0	0	0	6339
TP1_synth_reverse		27	G	73	146	14	634458	13	68	424	635196	1	0	1	6336	1	0	0	6339
TP1_synth_reverse		28	A	634002	132	849	45	86	23	69	635206	6332	1	5	0	1	0	0	6339
TP1_synth_reverse		29	T	394	66	554	593	0	100	633499	635206	0	0	8	0	0	0	6331	6339
TP1_synth_reverse		30	T	2103	60	137	49	0	46	632811	635206	0	0	3	0	0	0	6336	6339
TP1_synth_reverse		31	C	515	634122	379	29	0	67	79	635191	0	6332	7	0	0	0	0	6339
TP1_synth_reverse		32	T	748	46	11	77	0	10	634289	635181	0	0	1	0	0	0	6338	6339
TP1_synth_reverse		33	C	561	634454	25	21	1	27	89	635178	0	6338	1	0	0	0	0	6339
TP1_synth_reverse		34	T	2032	85	908	1424	2	65	630660	635176	0	0	6	0	0	0	6333	6339
TP1_synth_reverse		35	T	2490	54	0	249	168	35	632166	635162	0	0	0	0	5	0	6334	6339
TP1_synth_reverse		36	C	292	634314	341	52	1	65	95	635160	0	6333	6	0	0	0	0	6339
TP1_synth_reverse		37	C	327	633755	3	370	4	28	647	635134	0	6333	0	0	0	0	6	6339
TP1_synth_reverse		38	T	1313	42	38	70	211	10	633435	635119	0	0	1	0	2	0	6336	6339
TP1_synth_reverse		39	C	226	634125	536	116	2	36	77	635118	0	6334	5	0	0	0	0	6339
TP1_synth_reverse		40	T	1109	69	985	92	82	126	632648	635111	0	0	8	0	2	0	6329	6339
TP1_synth_reverse		41	G	531	954	371	630833	0	26	2388	635103	1	0	6	6332	0	0	0	6339
TP1_synth_reverse		42	T	2191	65	3	111	0	37	632695	635102	0	0	0	0	0	0	6339	6339
TP1_synth_reverse		43	G	76	211	166	631876	0	57	2720	635106	0	0	1	6336	0	0	2	6339
TP1_synth_reverse		44	C	404	633734	6	39	35	10	884	635112	0	6334	0	0	1	0	4	6339
TP1_synth_reverse		45	G	146	131	141	631379	390	16	2903	635106	0	0	3	6333	2	0	1	6339
TP1_synth_reverse		46	C	798	632132	1008	928	0	21	225	635112	0	6326	11	1	0	0	1	6339
TP1_synth_reverse		47	C	210	634323	327	37	2	8	206	635113	0	6338	1	0	0	0	0	6339
TP1_synth_reverse		48	G	178	929	432	630372	343	16	2825	635095	1	0	3	6334	1	0	0	6339
TP1_synth_reverse		49	A	633644	32	1157	41	22	11	130	635037	6885	0	9	0	0	0	0	6894
TP1_synth_reverse		50	T	2370	51	11	16	49	31	632633	635161	0	0	0	0	1	0	6896	6897
TP1_synth_reverse		51	A	634907	32	40	55	0	56	108	635198	6895	0	2	0	0	0	0	6897
TP1_synth_reverse		52	C	613	633329	802	62	284	55	81	635226	0	6891	5	0	2	0	0	6898
TP1_synth_reverse		53	A	634604	17	125	347	0	36	108	635237	6894	0	3	1	0	0	0	6898
TP1_synth_reverse		54	G	278	310	310	633187	51	82	1019	635237	0	0	3	6894	1	0	0	6898
TP1_synth_reverse		55	A	634502	86	468	59	0	74	90	635279	6898	0	1	0	0	0	0	6899
TP1_synth_reverse		56	A	634643	5	421	50	1	44	113	635277	6898	0	1	0	0	0	0	6899
TP1_synth_reverse		57	T	2721	33	1228	120	0	16	631143	635261	0	0	7	0	0	0	6892	6899
TP1_synth_reverse		58	A	634693	2	309	94	0	63	99	635260	6896	0	3	0	0	0	0	6899
TP1_synth_reverse		59	T	1276	40	108	141	0	57	633618	635240	0	0	1	0	0	0	6898	6899
TP1_synth_reverse		60	C	1734	631981	606	78	13	89	735	635236	0	6897	1	0	0	0	2	6900
TP1_synth_reverse		61	T	862	77	323	727	44	111	633092	635236	0	0	4	0	0	0	6897	6901
TP1_synth_reverse		62	G	427	247	593	632997	188	63	718	635233	1	0	4	6893	2	0	1	6901
TP1_synth_reverse		63	T	4639	48	429	41	0	17	630055	635229	1	0	5	0	0	0	6895	6901
TP1_synth_reverse		64	T	1843	46	7	145	2	42	633137	635222	0	0	0	0	0	0	6901	6901
TP1_synth_reverse		65	C	544	634430	16	30	6	56	135	635217	0	6901	0	0	0	0	0	6901
TP1_synth_reverse		66	G	865	253	33	633199	0	39	826	635215	0	0	1	6898	0	0	2	6901
TP1_synth_reverse		67	C	874	633737	7	14	393	83	116	635224	3	6895	0	0	4	0	0	6902
TP1_synth_reverse		68	A	633814	390	757	152	1	68	42	635224	6897	0	5	0	0	0	0	6902
TP1_synth_reverse		69	C	67	634337	632	31	0	44	106	635217	0	6898	3	0	0	0	1	6902
TP1_synth_reverse		70	T	724	63	95	560	0	105	633661	635208	0	0	2	0	0	0	6900	6902
TP1_synth_reverse		71	C	221	634136	646	53	0	67	82	635205	0	6897	5	0	0	0	0	6902
TP1_synth_reverse		72	C	653	634292	3	41	0	72	140	635201	0	6902	0	0	0	0	0	6902
TP1_synth_reverse		73	G	569	238	43	634122	0	67	151	635190	0	0	0	6901	0	0	1	6902
TP1_synth_reverse		74	A	634768	148	117	61	0	69	23	635186	6901	0	1	0	0	0	0	6902
TP1_synth_reverse		75	G	800	153	4	634101	2	42	78	635180	2	0	0	6900	0	0	0	6902
TP1_synth_reverse		76	T	5043	57	1	52	138	103	629775	635169	0	0	0	0	1	0	6901	6902
TP1_synth_reverse		77	G	158	296	13	633574	1	46	1063	635151	0	0	0	6901	0	0	1	6902
TP1_synth_reverse		78	C	223	632011	564	32	251	141	1921	635143	1	6881	4	0	4	1	11	6902
TP1_synth_reverse		79	G	385	844	204	632350	1	63	1106	634953	1	0	3	6898	0	0	0	6902
TP1_synth_reverse		80	G	122	159	1	633341	357	131	721	634832	0	0	0	6897	1	0	3	6901
TP1_synth_reverse		81	C	157	633170	228	33	918	160	121	634787	2	6895	2	0	2	0	0	6901
TP1_synth_reverse		82	A	552978	6	1113	65	1	57	200	554420	6245	0	7	0	0	0	0	6252
TP1_synth_reverse		83	A	554183	13	13	46	0	55	102	554412	6252	0	0	0	0	0	0	6252
TP1_synth_reverse		84	A	554091	13	0	104	34	44	86	554372	6252	0	0	0	0	0	0	6252
TP1_synth_reverse		85	G	62	142	162	553116	2	13	747	554244	0	0	1	6251	0	0	0	6252
TP1_synth_reverse		86	C	203	553751	0	36	1	31	178	554200	0	6252	0	0	0	0	0	6252
TP1_synth_reverse		87	T	1567	55	1	42	11	90	552371	554137	0	0	0	0	0	0	6252	6252
TP1_synth_reverse		88	G	145	262	29	553490	7	27	134	554094	0	0	0	6251	0	0	0	6251
TP1_synth_reverse		89	T	757	80	32	18	0	57	553073	554017	0	0	0	0	0	0	6251	6251
TP1_synth_reverse		90	T	880	68	17	295	0	98	552425	553783	0	0	0	1	0	0	6250	6251
TP1_synth_reverse		91	C	370	552729	0	28	0	21	600	553748	0	6250	0	0	0	0	1	6251
TP1_synth_reverse		92	C	174	553151	0	19	0	62	147	553553	0	6251	0	0	0	0	0	6251
TP1_synth_reverse		93	G	321	122	0	552205	0	16	92	552756	0	0	0	6251	0	0	0	6251
TP1_synth_reverse		94	T	727	69	0	33	0	63	551799	552691	0	0	0	0	0	0	6251	6251
TP1_synth_reverse		95	C	0	552254	0	0	0	51	0	552305	0	6251	0	0	0	0	0	6251
TP1_synth_reverse		96	C	0	551817	0	0	0	8	0	551825	0	6251	0	0	0	0	0	6251
TP1_synth_reverse		97	C	0	550116	0	0	0	5	0	550121	0	6251	0	0	0	0	0	6251
TP1_synth_reverse		98	A	547478	0	0	0	0	0	0	547478	6249	0	0	0	0	0	0	6249
TP1_synth_reverse		99	G	0	0	0	546411	0	0	0	546411	0	0	0	6248	0	0	0	6248
