



























































































































































































































#AmpliconChromStart	Alias	Position	ProbableRef	rawA	rawC	rawD	rawG	rawI	rawN	rawT	rawDepth	consA	consC	consD	consG	consI	consN	consT	consDepth	
TP1_synth_reverse		1	G	0	0	0	551039	0	0	0	551039	0	0	0	2980	0	0	0	2980
TP1_synth_reverse		2	T	0	0	0	0	0	0	552696	552696	0	0	0	0	0	0	2983	2983
TP1_synth_reverse		3	G	0	0	0	554404	0	9	0	554413	0	0	0	2991	0	0	0	2991
TP1_synth_reverse		4	G	0	0	0	554754	0	19	0	554773	0	0	0	2992	0	0	0	2992
TP1_synth_reverse		5	T	0	0	0	0	0	53	555092	555145	0	0	0	0	0	0	2993	2993
TP1_synth_reverse		6	G	81	37	0	555270	0	65	116	555569	0	0	0	2994	0	0	0	2994
TP1_synth_reverse		7	A	555413	10	0	70	0	50	86	555629	2994	0	0	0	0	0	0	2994
TP1_synth_reverse		8	G	104	29	0	555316	0	226	305	555980	0	0	0	2995	0	0	1	2996
TP1_synth_reverse		9	G	101	64	0	555726	0	34	93	556018	0	0	0	2996	0	0	0	2996
TP1_synth_reverse		10	C	141	555490	3	16	0	10	371	556031	0	2994	0	0	0	0	2	2996
TP1_synth_reverse		11	T	150	123	17	12	46	18	555665	556031	0	0	0	0	0	0	2996	2996
TP1_synth_reverse		12	C	152	554669	1033	12	0	60	108	556034	0	2991	5	0	0	0	0	2996
TP1_synth_reverse		13	C	225	555514	3	17	0	197	88	556044	0	2996	0	0	0	0	0	2996
TP1_synth_reverse		14	C	189	555689	0	20	1	47	98	556044	0	2996	0	0	0	0	0	2996
TP1_synth_reverse		15	C	127	555444	365	10	1	6	91	556044	0	2995	1	0	0	0	0	2996
TP1_synth_reverse		16	T	321	46	2445	14	0	19	553199	556044	0	0	10	0	0	0	2986	2996
TP1_synth_reverse		17	T	347	74	89	13	0	8	555534	556065	0	0	1	0	0	0	2995	2996
TP1_synth_reverse		18	T	234	105	1	12	0	15	555776	556143	0	0	0	0	0	0	2997	2997
TP1_synth_reverse		19	C	266	633729	343	22	192	86	528	635166	0	3001	1	0	2	0	2	3006
TP1_synth_reverse		20	T	378	265	765	64	4	68	633622	635166	0	2	2	0	0	0	3002	3006
TP1_synth_reverse		21	T	1282	97	0	70	440	30	633247	635166	0	0	0	0	2	0	3004	3006
TP1_synth_reverse		22	G	137	506	212	634108	1	12	190	635166	0	0	1	3005	0	0	0	3006
TP1_synth_reverse		23	C	425	633886	239	47	19	34	516	635166	0	3004	1	0	0	0	1	3006
TP1_synth_reverse		24	G	223	84	1269	633298	0	18	274	635166	0	0	6	3000	0	0	0	3006
TP1_synth_reverse		25	G	101	269	2	634340	0	56	408	635176	0	0	0	3003	0	0	3	3006
TP1_synth_reverse		26	A	634800	14	138	111	0	12	101	635176	3004	0	2	0	0	0	0	3006
TP1_synth_reverse		27	G	73	144	14	634440	13	68	424	635176	0	0	0	3006	0	0	0	3006
TP1_synth_reverse		28	A	633982	132	849	45	86	23	69	635186	3000	1	5	0	0	0	0	3006
TP1_synth_reverse		29	T	392	66	554	593	0	100	633481	635186	0	0	4	0	0	0	3002	3006
TP1_synth_reverse		30	T	2102	60	137	49	0	46	632792	635186	0	0	2	0	0	0	3004	3006
TP1_synth_reverse		31	C	515	634102	379	29	0	67	79	635171	0	3002	4	0	0	0	0	3006
TP1_synth_reverse		32	T	748	46	11	77	0	10	634269	635161	0	0	0	0	0	0	3006	3006
TP1_synth_reverse		33	C	559	634436	25	21	1	27	89	635158	0	3006	0	0	0	0	0	3006
TP1_synth_reverse		34	T	2029	85	908	1423	2	65	630644	635156	0	0	3	0	0	0	3003	3006
TP1_synth_reverse		35	T	2489	54	0	249	168	35	632147	635142	0	0	0	0	2	0	3004	3006
TP1_synth_reverse		36	C	291	634302	341	52	0	65	95	635146	0	3003	3	0	0	0	0	3006
TP1_synth_reverse		37	C	326	633742	3	370	4	28	647	635120	0	3005	0	0	0	0	1	3006
TP1_synth_reverse		38	T	1313	42	38	70	211	10	633421	635105	0	0	0	0	2	0	3004	3006
TP1_synth_reverse		39	C	225	634112	536	116	2	36	77	635104	0	3003	3	0	0	0	0	3006
TP1_synth_reverse		40	T	1107	69	985	92	82	126	632636	635097	0	0	4	0	1	0	3001	3006
TP1_synth_reverse		41	G	531	952	371	630822	0	26	2387	635089	1	0	2	3003	0	0	0	3006
TP1_synth_reverse		42	T	2191	65	3	111	0	37	632681	635088	0	0	0	0	0	0	3006	3006
TP1_synth_reverse		43	G	76	211	166	631867	0	57	2715	635092	0	0	1	3005	0	0	0	3006
TP1_synth_reverse		44	C	404	633720	6	39	35	10	884	635098	0	3003	0	0	0	0	3	3006
TP1_synth_reverse		45	G	146	132	141	631369	390	16	2898	635092	0	0	2	3002	1	0	1	3006
TP1_synth_reverse		46	C	798	632111	1008	928	0	21	225	635091	0	3000	4	1	0	0	1	3006
TP1_synth_reverse		47	C	210	634299	327	37	2	8	206	635089	0	3005	1	0	0	0	0	3006
TP1_synth_reverse		48	G	178	928	432	630359	343	16	2821	635077	0	0	2	3003	1	0	0	3006
TP1_synth_reverse		49	A	633627	32	1156	41	22	11	130	635019	3323	0	5	0	0	0	0	3328
TP1_synth_reverse		50	T	2370	51	11	15	49	31	632616	635143	0	0	0	0	0	0	3329	3329
TP1_synth_reverse		51	A	634889	32	40	55	0	56	108	635180	3329	0	0	0	0	0	0	3329
TP1_synth_reverse		52	C	610	633315	802	61	284	55	81	635208	0	3326	2	0	1	0	0	3329
TP1_synth_reverse		53	A	634586	17	125	347	0	36	108	635219	3328	0	0	1	0	0	0	3329
TP1_synth_reverse		54	G	279	309	310	633169	51	82	1019	635219	0	0	1	3328	0	0	0	3329
TP1_synth_reverse		55	A	634484	86	468	59	0	74	90	635261	3329	0	1	0	0	0	0	3330
TP1_synth_reverse		56	A	634630	5	421	50	1	44	113	635264	3329	0	1	0	0	0	0	3330
TP1_synth_reverse		57	T	2722	33	1228	120	0	16	631129	635248	0	0	5	0	0	0	3325	3330
TP1_synth_reverse		58	A	634680	2	309	94	0	63	99	635247	3327	0	3	0	0	0	0	3330
TP1_synth_reverse		59	T	1273	40	108	141	0	57	633608	635227	0	0	1	0	0	0	3329	3330
TP1_synth_reverse		60	C	1732	631970	606	78	13	89	735	635223	0	3327	1	0	0	0	2	3330
TP1_synth_reverse		61	T	862	77	323	726	44	111	633080	635223	0	0	1	0	0	0	3329	3330
TP1_synth_reverse		62	G	422	248	592	632989	188	63	718	635220	1	0	2	3326	1	0	0	3330
TP1_synth_reverse		63	T	4640	48	429	41	0	17	630041	635216	1	0	2	0	0	0	3327	3330
TP1_synth_reverse		64	T	1842	46	7	144	2	42	633134	635217	0	0	0	0	0	0	3330	3330
TP1_synth_reverse		65	C	544	634425	16	30	6	56	135	635212	0	3330	0	0	0	0	0	3330
TP1_synth_reverse		66	G	865	252	33	633195	0	39	826	635210	0	0	0	3329	0	0	1	3330
TP1_synth_reverse		67	C	873	633733	7	14	393	83	116	635219	2	3326	0	0	2	0	0	3330
TP1_synth_reverse		68	A	633809	390	757	152	1	68	42	635219	3326	0	4	0	0	0	0	3330
TP1_synth_reverse		69	C	67	634332	632	31	0	44	106	635212	0	3328	2	0	0	0	0	3330
TP1_synth_reverse		70	T	723	63	95	560	0	105	633657	635203	0	0	1	0	0	0	3329	3330
TP1_synth_reverse		71	C	219	634133	646	53	0	67	82	635200	0	3327	3	0	0	0	0	3330
TP1_synth_reverse		72	C	654	634286	3	41	0	72	140	635196	0	3330	0	0	0	0	0	3330
TP1_synth_reverse		73	G	568	238	43	634118	0	67	151	635185	0	0	0	3330	0	0	0	3330
TP1_synth_reverse		74	A	634763	148	117	61	0	69	23	635181	3329	0	1	0	0	0	0	3330
TP1_synth_reverse		75	G	800	152	4	634097	2	42	78	635175	2	0	0	3328	0	0	0	3330
TP1_synth_reverse		76	T	5045	57	1	52	138	103	629769	635165	0	0	0	0	0	0	3330	3330
TP1_synth_reverse		77	G	158	295	13	633571	1	46	1063	635147	0	0	0	3329	0	0	1	3330
TP1_synth_reverse		78	C	222	632008	564	32	251	141	1921	635139	0	3318	3	0	2	0	7	3330
TP1_synth_reverse		79	G	385	843	204	632350	1	63	1103	634949	1	0	1	3328	0	0	0	3330
TP1_synth_reverse		80	G	122	159	1	633341	357	131	717	634828	0	0	0	3329	1	0	0	3330
TP1_synth_reverse		81	C	155	633168	228	33	918	160	121	634783	0	3327	1	0	2	0	0	3330
TP1_synth_reverse		82	A	552970	6	1113	65	1	57	201	554413	2994	0	4	0	0	0	0	2998
TP1_synth_reverse		83	A	554176	13	13	46	0	55	102	554405	2998	0	0	0	0	0	0	2998
TP1_synth_reverse		84	A	554083	13	0	104	34	44	87	554365	2998	0	0	0	0	0	0	2998
TP1_synth_reverse		85	G	62	142	162	553111	2	13	746	554238	0	0	1	2997	0	0	0	2998
TP1_synth_reverse		86	C	202	553746	0	36	1	31	178	554194	0	2998	0	0	0	0	0	2998
TP1_synth_reverse		87	T	1567	55	1	42	11	90	552365	554131	0	0	0	0	0	0	2998	2998
TP1_synth_reverse		88	G	145	261	29	553487	7	27	133	554089	0	0	0	2998	0	0	0	2998
TP1_synth_reverse		89	T	756	80	32	18	0	57	553069	554012	0	0	0	0	0	0	2998	2998
TP1_synth_reverse		90	T	880	68	17	295	0	98	552421	553779	0	0	0	1	0	0	2997	2998
TP1_synth_reverse		91	C	369	552726	0	28	0	21	600	553744	0	2997	0	0	0	0	1	2998
TP1_synth_reverse		92	C	173	553149	0	19	0	62	147	553550	0	2998	0	0	0	0	0	2998
TP1_synth_reverse		93	G	321	122	0	552202	0	16	92	552753	0	0	0	2998	0	0	0	2998
TP1_synth_reverse		94	T	726	69	0	33	0	63	551797	552688	0	0	0	0	0	0	2998	2998
TP1_synth_reverse		95	C	0	552251	0	0	0	51	0	552302	0	2998	0	0	0	0	0	2998
TP1_synth_reverse		96	C	0	551815	0	0	0	8	0	551823	0	2998	0	0	0	0	0	2998
TP1_synth_reverse		97	C	0	550116	0	0	0	5	0	550121	0	2998	0	0	0	0	0	2998
TP1_synth_reverse		98	A	547477	0	0	0	0	0	0	547477	2998	0	0	0	0	0	0	2998
TP1_synth_reverse		99	G	0	0	0	546410	0	0	0	546410	0	0	0	2998	0	0	0	2998
