



























































































































































































































#AmpliconChromStart	Alias	Position	ProbableRef	rawA	rawC	rawD	rawG	rawI	rawN	rawT	rawDepth	consA	consC	consD	consG	consI	consN	consT	consDepth	
TP1_synth_reverse		1	G	0	0	0	551039	0	0	0	551039	0	0	0	9174	0	0	0	9174
TP1_synth_reverse		2	T	0	0	0	0	0	0	552696	552696	0	0	0	0	0	0	9188	9188
TP1_synth_reverse		3	G	0	0	0	554404	0	9	0	554413	0	0	0	9214	0	0	0	9214
TP1_synth_reverse		4	G	0	0	0	554754	0	19	0	554773	0	0	0	9220	0	0	0	9220
TP1_synth_reverse		5	T	0	0	0	0	0	53	555092	555145	0	0	0	0	0	0	9225	9225
TP1_synth_reverse		6	G	81	37	0	555270	0	65	116	555569	0	0	0	9228	0	0	1	9229
TP1_synth_reverse		7	A	555413	10	0	70	0	50	86	555629	9231	0	0	0	0	0	0	9231
TP1_synth_reverse		8	G	104	29	0	555316	0	226	305	555980	0	0	0	9231	0	0	2	9233
TP1_synth_reverse		9	G	101	64	0	555726	0	34	93	556018	1	0	0	9234	0	0	0	9235
TP1_synth_reverse		10	C	141	555490	3	16	0	10	371	556031	0	9233	0	0	0	0	2	9235
TP1_synth_reverse		11	T	150	123	17	12	46	18	555665	556031	0	0	0	0	1	0	9234	9235
TP1_synth_reverse		12	C	152	554669	1033	12	0	60	108	556034	0	9223	12	0	0	0	0	9235
TP1_synth_reverse		13	C	225	555514	3	17	0	197	88	556044	0	9236	0	0	0	0	0	9236
TP1_synth_reverse		14	C	189	555689	0	20	1	47	98	556044	0	9236	0	0	0	0	0	9236
TP1_synth_reverse		15	C	127	555444	365	10	1	6	91	556044	0	9234	2	0	0	0	0	9236
TP1_synth_reverse		16	T	321	46	2445	14	0	19	553199	556044	0	0	30	0	0	0	9206	9236
TP1_synth_reverse		17	T	347	74	89	13	0	8	555534	556065	0	0	2	0	0	0	9235	9237
TP1_synth_reverse		18	T	234	105	1	12	0	15	555776	556143	0	1	0	0	0	0	9237	9238
TP1_synth_reverse		19	C	266	633729	343	22	192	86	528	635166	0	9397	1	0	3	0	4	9405
TP1_synth_reverse		20	T	378	265	765	64	4	68	633622	635166	0	3	7	0	0	0	9395	9405
TP1_synth_reverse		21	T	1282	97	0	70	440	30	633247	635166	0	0	0	0	2	0	9403	9405
TP1_synth_reverse		22	G	137	506	212	634108	1	12	190	635166	0	0	1	9404	0	0	0	9405
TP1_synth_reverse		23	C	425	633886	239	47	19	34	516	635166	0	9401	2	0	1	0	1	9405
TP1_synth_reverse		24	G	223	84	1269	633298	0	18	274	635166	2	0	9	9394	0	0	0	9405
TP1_synth_reverse		25	G	101	269	2	634340	0	56	408	635176	0	0	0	9400	0	0	6	9406
TP1_synth_reverse		26	A	634800	14	138	111	0	12	101	635176	9403	0	3	0	0	0	0	9406
TP1_synth_reverse		27	G	73	144	14	634440	13	68	424	635176	1	0	1	9403	1	0	0	9406
TP1_synth_reverse		28	A	633982	132	849	45	86	23	69	635186	9396	2	7	0	2	0	0	9407
TP1_synth_reverse		29	T	392	66	554	593	0	100	633481	635186	0	0	8	0	0	0	9399	9407
TP1_synth_reverse		30	T	2102	60	137	49	0	46	632792	635186	0	0	4	0	0	0	9403	9407
TP1_synth_reverse		31	C	515	634102	379	29	0	67	79	635171	0	9398	9	0	0	0	0	9407
TP1_synth_reverse		32	T	748	46	11	77	0	10	634269	635161	0	0	1	0	0	0	9406	9407
TP1_synth_reverse		33	C	559	634436	25	21	1	27	89	635158	0	9406	1	0	0	0	0	9407
TP1_synth_reverse		34	T	2029	85	908	1423	2	65	630644	635156	0	0	9	0	0	0	9398	9407
TP1_synth_reverse		35	T	2489	54	0	249	168	35	632147	635142	0	0	0	0	6	0	9401	9407
TP1_synth_reverse		36	C	291	634302	341	52	0	65	95	635146	0	9395	13	0	0	0	0	9408
TP1_synth_reverse		37	C	326	633742	3	370	4	28	647	635120	0	9398	0	0	0	0	10	9408
TP1_synth_reverse		38	T	1313	42	38	70	211	10	633421	635105	0	0	1	0	2	0	9405	9408
TP1_synth_reverse		39	C	225	634112	536	116	2	36	77	635104	0	9401	7	0	0	0	0	9408
TP1_synth_reverse		40	T	1107	69	985	92	82	126	632636	635097	0	0	11	0	2	0	9395	9408
TP1_synth_reverse		41	G	531	952	371	630822	0	26	2387	635089	1	0	9	9398	0	0	0	9408
TP1_synth_reverse		42	T	2191	65	3	111	0	37	632681	635088	0	0	0	0	0	0	9408	9408
TP1_synth_reverse		43	G	76	211	166	631867	0	57	2715	635092	0	0	2	9403	0	0	3	9408
TP1_synth_reverse		44	C	404	633720	6	39	35	10	884	635098	0	9400	0	0	1	0	7	9408
TP1_synth_reverse		45	G	146	132	141	631369	390	16	2898	635092	0	0	7	9398	2	0	1	9408
TP1_synth_reverse		46	C	798	632118	1008	928	0	21	225	635098	0	9389	15	3	0	0	1	9408
TP1_synth_reverse		47	C	210	634309	327	37	2	8	206	635099	0	9406	2	0	0	0	0	9408
TP1_synth_reverse		48	G	178	928	432	630369	343	16	2821	635087	1	0	3	9403	1	0	0	9408
TP1_synth_reverse		49	A	633637	32	1156	41	22	11	130	635029	10213	0	11	0	0	0	0	10224
TP1_synth_reverse		50	T	2370	51	11	15	49	31	632626	635153	0	0	0	0	1	0	10227	10228
TP1_synth_reverse		51	A	634899	32	40	55	0	56	108	635190	10225	0	3	0	0	0	0	10228
TP1_synth_reverse		52	C	613	633321	802	62	284	55	81	635218	0	10216	10	0	3	0	0	10229
TP1_synth_reverse		53	A	634596	17	125	347	0	36	108	635229	10224	0	4	1	0	0	0	10229
TP1_synth_reverse		54	G	279	309	310	633178	51	82	1020	635229	0	1	3	10223	2	0	0	10229
TP1_synth_reverse		55	A	634494	86	468	59	0	74	90	635271	10229	0	1	0	0	0	0	10230
TP1_synth_reverse		56	A	634640	5	421	50	1	44	113	635274	10229	0	1	0	0	0	0	10230
TP1_synth_reverse		57	T	2722	33	1228	120	0	16	631139	635258	0	0	8	0	0	0	10222	10230
TP1_synth_reverse		58	A	634690	2	309	94	0	63	99	635257	10227	0	3	0	0	0	0	10230
TP1_synth_reverse		59	T	1274	40	108	141	0	57	633617	635237	0	0	1	0	0	0	10229	10230
TP1_synth_reverse		60	C	1733	631979	606	78	13	89	735	635233	0	10227	2	0	0	0	2	10231
TP1_synth_reverse		61	T	862	77	323	726	44	111	633090	635233	1	0	7	0	1	0	10223	10232
TP1_synth_reverse		62	G	425	248	593	632995	188	63	718	635230	1	0	5	10222	2	0	2	10232
TP1_synth_reverse		63	T	4642	48	429	41	0	17	630049	635226	1	0	8	0	0	0	10223	10232
TP1_synth_reverse		64	T	1843	46	7	144	2	42	633135	635219	0	0	1	0	0	0	10231	10232
TP1_synth_reverse		65	C	544	634427	16	30	6	56	135	635214	0	10231	1	0	0	0	0	10232
TP1_synth_reverse		66	G	865	252	33	633196	0	39	827	635212	0	0	3	10224	0	0	5	10232
TP1_synth_reverse		67	C	874	633734	7	14	393	83	116	635221	4	10224	0	0	5	0	0	10233
TP1_synth_reverse		68	A	633811	390	757	152	1	68	42	635221	10227	0	6	0	0	0	0	10233
TP1_synth_reverse		69	C	67	634334	632	31	0	44	106	635214	0	10228	3	0	0	0	2	10233
TP1_synth_reverse		70	T	723	63	95	560	0	105	633658	635204	0	0	2	0	0	0	10231	10233
TP1_synth_reverse		71	C	219	634134	646	53	0	67	82	635201	0	10221	12	0	0	0	0	10233
TP1_synth_reverse		72	C	654	634287	3	41	0	72	140	635197	0	10233	0	0	0	0	0	10233
TP1_synth_reverse		73	G	568	238	43	634119	0	67	151	635186	0	0	1	10229	0	0	3	10233
TP1_synth_reverse		74	A	634764	148	117	61	0	69	23	635182	10232	0	1	0	0	0	0	10233
TP1_synth_reverse		75	G	801	153	4	634096	2	42	78	635176	2	0	0	10230	0	0	1	10233
TP1_synth_reverse		76	T	5044	57	1	52	138	103	629771	635166	0	0	0	0	1	0	10232	10233
TP1_synth_reverse		77	G	158	295	13	633572	1	46	1063	635148	0	0	0	10232	0	0	1	10233
TP1_synth_reverse		78	C	223	632008	564	32	251	141	1921	635140	1	10208	7	0	5	1	11	10233
TP1_synth_reverse		79	G	385	843	204	632349	1	63	1105	634950	2	0	4	10227	0	0	0	10233
TP1_synth_reverse		80	G	122	159	1	633340	357	131	719	634829	0	0	0	10223	2	0	6	10231
TP1_synth_reverse		81	C	155	633169	228	33	918	160	121	634784	2	10222	3	0	4	0	0	10231
TP1_synth_reverse		82	A	552971	6	1113	65	1	57	201	554414	9232	0	13	0	0	0	0	9245
TP1_synth_reverse		83	A	554177	13	13	46	0	55	102	554406	9245	0	0	0	0	0	0	9245
TP1_synth_reverse		84	A	554084	13	0	104	34	44	87	554366	9245	0	0	0	0	0	0	9245
TP1_synth_reverse		85	G	62	142	162	553110	2	13	747	554238	0	0	1	9244	0	0	0	9245
TP1_synth_reverse		86	C	202	553746	0	36	1	31	178	554194	0	9245	0	0	0	0	0	9245
TP1_synth_reverse		87	T	1567	55	1	42	11	90	552365	554131	0	0	0	0	0	0	9245	9245
TP1_synth_reverse		88	G	145	262	29	553486	7	27	133	554089	0	0	1	9243	0	0	0	9244
TP1_synth_reverse		89	T	757	80	32	18	0	57	553068	554012	0	0	0	0	0	0	9244	9244
TP1_synth_reverse		90	T	880	68	17	295	0	98	552421	553779	0	0	0	1	0	0	9243	9244
TP1_synth_reverse		91	C	369	552726	0	28	0	21	600	553744	0	9243	0	0	0	0	1	9244
TP1_synth_reverse		92	C	173	553149	0	19	0	62	147	553550	0	9244	0	0	0	0	0	9244
TP1_synth_reverse		93	G	321	122	0	552202	0	16	92	552753	0	0	0	9242	0	0	0	9242
TP1_synth_reverse		94	T	726	69	0	33	0	63	551797	552688	0	0	0	0	0	0	9242	9242
TP1_synth_reverse		95	C	0	552251	0	0	0	51	0	552302	0	9242	0	0	0	0	0	9242
TP1_synth_reverse		96	C	0	551815	0	0	0	8	0	551823	0	9242	0	0	0	0	0	9242
TP1_synth_reverse		97	C	0	550116	0	0	0	5	0	550121	0	9239	0	0	0	0	0	9239
TP1_synth_reverse		98	A	547477	0	0	0	0	0	0	547477	9231	0	0	0	0	0	0	9231
TP1_synth_reverse		99	G	0	0	0	546410	0	0	0	546410	0	0	0	9229	0	0	0	9229
