



























































































































































































































#AmpliconChromStart	Alias	Position	ProbableRef	rawA	rawC	rawD	rawG	rawI	rawN	rawT	rawDepth	consA	consC	consD	consG	consI	consN	consT	consDepth	
TP1_synth_reverse		1	G	0	0	0	551039	0	0	0	551039	0	0	0	3715	0	0	0	3715
TP1_synth_reverse		2	T	0	0	0	0	0	0	552696	552696	0	0	0	0	0	0	3721	3721
TP1_synth_reverse		3	G	0	0	0	554404	0	9	0	554413	0	0	0	3733	0	0	0	3733
TP1_synth_reverse		4	G	0	0	0	554754	0	19	0	554773	0	0	0	3734	0	0	0	3734
TP1_synth_reverse		5	T	0	0	0	0	0	53	555092	555145	0	0	0	0	0	0	3736	3736
TP1_synth_reverse		6	G	81	37	0	555270	0	65	116	555569	0	0	0	3739	0	0	0	3739
TP1_synth_reverse		7	A	555413	10	0	70	0	50	86	555629	3739	0	0	0	0	0	0	3739
TP1_synth_reverse		8	G	104	29	0	555316	0	226	305	555980	0	0	0	3740	0	0	1	3741
TP1_synth_reverse		9	G	101	64	0	555726	0	34	93	556018	1	0	0	3740	0	0	0	3741
TP1_synth_reverse		10	C	141	555490	3	16	0	10	371	556031	0	3739	0	0	0	0	2	3741
TP1_synth_reverse		11	T	150	123	17	12	46	18	555675	556041	0	0	0	0	1	0	3740	3741
TP1_synth_reverse		12	C	152	554679	1033	12	0	60	108	556044	0	3734	7	0	0	0	0	3741
TP1_synth_reverse		13	C	225	555524	3	17	0	197	88	556054	0	3741	0	0	0	0	0	3741
TP1_synth_reverse		14	C	189	555699	0	20	1	47	98	556054	0	3741	0	0	0	0	0	3741
TP1_synth_reverse		15	C	127	555454	365	10	1	6	91	556054	0	3740	1	0	0	0	0	3741
TP1_synth_reverse		16	T	321	46	2445	14	0	19	553209	556054	0	0	13	0	0	0	3728	3741
TP1_synth_reverse		17	T	347	74	89	13	0	8	555544	556075	0	0	1	0	0	0	3740	3741
TP1_synth_reverse		18	T	236	105	1	12	0	15	555784	556153	0	0	0	0	0	0	3742	3742
TP1_synth_reverse		19	C	267	633738	343	22	192	86	528	635176	0	3752	1	0	2	0	3	3758
TP1_synth_reverse		20	T	378	265	765	64	4	68	633632	635176	0	2	3	0	0	0	3753	3758
TP1_synth_reverse		21	T	1283	97	0	70	440	30	633256	635176	0	0	0	0	2	0	3756	3758
TP1_synth_reverse		22	G	137	506	212	634117	1	12	191	635176	0	0	1	3757	0	0	0	3758
TP1_synth_reverse		23	C	425	633896	239	47	19	34	516	635176	0	3756	1	0	0	0	1	3758
TP1_synth_reverse		24	G	223	84	1269	633307	0	18	275	635176	0	0	6	3752	0	0	0	3758
TP1_synth_reverse		25	G	101	270	2	634349	0	56	408	635186	0	0	0	3755	0	0	3	3758
TP1_synth_reverse		26	A	634810	14	138	111	0	12	101	635186	3756	0	2	0	0	0	0	3758
TP1_synth_reverse		27	G	73	144	14	634450	13	68	424	635186	0	0	0	3758	0	0	0	3758
TP1_synth_reverse		28	A	633992	132	849	45	86	23	69	635196	3751	1	5	0	1	0	0	3758
TP1_synth_reverse		29	T	393	66	554	593	0	100	633490	635196	0	0	5	0	0	0	3753	3758
TP1_synth_reverse		30	T	2103	60	137	49	0	46	632801	635196	0	0	2	0	0	0	3756	3758
TP1_synth_reverse		31	C	515	634112	379	29	0	67	79	635181	0	3753	5	0	0	0	0	3758
TP1_synth_reverse		32	T	748	46	11	77	0	10	634279	635171	0	0	0	0	0	0	3758	3758
TP1_synth_reverse		33	C	560	634445	25	21	1	27	89	635168	0	3757	1	0	0	0	0	3758
TP1_synth_reverse		34	T	2030	85	908	1424	2	65	630652	635166	0	0	4	0	0	0	3754	3758
TP1_synth_reverse		35	T	2489	54	0	249	168	35	632157	635152	0	0	0	0	3	0	3755	3758
TP1_synth_reverse		36	C	292	634310	341	52	1	65	95	635156	0	3755	3	0	0	0	0	3758
TP1_synth_reverse		37	C	326	633752	3	370	4	28	647	635130	0	3757	0	0	0	0	1	3758
TP1_synth_reverse		38	T	1313	42	38	70	211	10	633431	635115	0	0	1	0	2	0	3755	3758
TP1_synth_reverse		39	C	225	634122	536	116	2	36	77	635114	0	3755	3	0	0	0	0	3758
TP1_synth_reverse		40	T	1107	69	985	92	82	126	632646	635107	0	0	4	0	1	0	3753	3758
TP1_synth_reverse		41	G	531	953	371	630831	0	26	2387	635099	1	0	3	3754	0	0	0	3758
TP1_synth_reverse		42	T	2191	65	3	111	0	37	632691	635098	0	0	0	0	0	0	3758	3758
TP1_synth_reverse		43	G	76	211	166	631874	0	57	2718	635102	0	0	1	3756	0	0	1	3758
TP1_synth_reverse		44	C	404	633730	6	39	35	10	884	635108	0	3753	0	0	1	0	4	3758
TP1_synth_reverse		45	G	146	132	141	631376	390	16	2901	635102	0	0	2	3753	2	0	1	3758
TP1_synth_reverse		46	C	798	632121	1008	928	0	21	225	635101	0	3751	5	1	0	0	1	3758
TP1_synth_reverse		47	C	210	634312	327	37	2	8	206	635102	0	3757	1	0	0	0	0	3758
TP1_synth_reverse		48	G	178	929	432	630364	343	16	2822	635084	1	0	2	3754	1	0	0	3758
TP1_synth_reverse		49	A	633634	32	1156	41	22	11	130	635026	4147	0	5	0	0	0	0	4152
TP1_synth_reverse		50	T	2371	51	11	16	49	31	632621	635150	0	0	0	0	0	0	4154	4154
TP1_synth_reverse		51	A	634896	32	40	55	0	56	108	635187	4153	0	1	0	0	0	0	4154
TP1_synth_reverse		52	C	612	633319	802	62	284	55	81	635215	0	4150	3	0	1	0	0	4154
TP1_synth_reverse		53	A	634593	17	125	347	0	36	108	635226	4152	0	1	1	0	0	0	4154
TP1_synth_reverse		54	G	279	310	310	633176	51	82	1018	635226	0	0	2	4152	0	0	0	4154
TP1_synth_reverse		55	A	634491	86	468	59	0	74	90	635268	4154	0	1	0	0	0	0	4155
TP1_synth_reverse		56	A	634637	5	421	50	1	44	113	635271	4154	0	1	0	0	0	0	4155
TP1_synth_reverse		57	T	2722	33	1228	120	0	16	631136	635255	0	0	5	0	0	0	4150	4155
TP1_synth_reverse		58	A	634687	2	309	94	0	63	99	635254	4152	0	3	0	0	0	0	4155
TP1_synth_reverse		59	T	1273	40	108	141	0	57	633615	635234	0	0	1	0	0	0	4154	4155
TP1_synth_reverse		60	C	1733	631976	606	78	13	89	735	635230	0	4152	1	0	0	0	2	4155
TP1_synth_reverse		61	T	862	77	323	726	44	111	633087	635230	0	0	4	0	0	0	4151	4155
TP1_synth_reverse		62	G	424	248	592	632994	188	63	718	635227	1	0	2	4149	2	0	1	4155
TP1_synth_reverse		63	T	4640	48	429	41	0	17	630048	635223	1	0	2	0	0	0	4152	4155
TP1_synth_reverse		64	T	1843	46	7	145	2	42	633139	635224	0	0	0	0	0	0	4155	4155
TP1_synth_reverse		65	C	544	634432	16	30	6	56	135	635219	0	4155	0	0	0	0	0	4155
TP1_synth_reverse		66	G	865	252	33	633201	0	39	827	635217	0	0	0	4154	0	0	1	4155
TP1_synth_reverse		67	C	874	633739	7	14	393	83	116	635226	2	4151	0	0	2	0	0	4155
TP1_synth_reverse		68	A	633816	390	757	152	1	68	42	635226	4151	0	4	0	0	0	0	4155
TP1_synth_reverse		69	C	67	634339	632	31	0	44	106	635219	0	4153	2	0	0	0	0	4155
TP1_synth_reverse		70	T	724	63	95	560	0	105	633662	635209	0	0	1	0	0	0	4154	4155
TP1_synth_reverse		71	C	219	634139	646	53	0	67	82	635206	0	4152	3	0	0	0	0	4155
TP1_synth_reverse		72	C	654	634292	3	41	0	72	140	635202	0	4155	0	0	0	0	0	4155
TP1_synth_reverse		73	G	569	238	43	634123	0	67	151	635191	0	0	0	4155	0	0	0	4155
TP1_synth_reverse		74	A	634769	148	117	61	0	69	23	635187	4154	0	1	0	0	0	0	4155
TP1_synth_reverse		75	G	799	152	4	634104	2	42	78	635181	2	0	0	4153	0	0	0	4155
TP1_synth_reverse		76	T	5047	57	1	52	138	103	629773	635171	0	0	0	0	0	0	4155	4155
TP1_synth_reverse		77	G	158	296	13	633576	1	46	1063	635153	0	0	0	4154	0	0	1	4155
TP1_synth_reverse		78	C	223	632013	564	32	251	141	1921	635145	0	4141	3	0	2	0	9	4155
TP1_synth_reverse		79	G	385	843	204	632355	1	63	1104	634955	1	0	2	4152	0	0	0	4155
TP1_synth_reverse		80	G	122	159	1	633344	357	131	720	634834	0	0	0	4153	1	0	1	4155
TP1_synth_reverse		81	C	157	633172	228	33	918	160	121	634789	0	4151	2	0	2	0	0	4155
TP1_synth_reverse		82	A	552980	6	1113	65	1	57	200	554422	3738	0	5	0	0	0	0	3743
TP1_synth_reverse		83	A	554185	13	13	46	0	55	102	554414	3743	0	0	0	0	0	0	3743
TP1_synth_reverse		84	A	554093	13	0	104	34	44	86	554374	3743	0	0	0	0	0	0	3743
TP1_synth_reverse		85	G	62	142	162	553120	2	13	746	554247	0	0	1	3742	0	0	0	3743
TP1_synth_reverse		86	C	203	553754	0	36	1	31	178	554203	0	3743	0	0	0	0	0	3743
TP1_synth_reverse		87	T	1567	55	1	42	11	90	552374	554140	0	0	0	0	0	0	3743	3743
TP1_synth_reverse		88	G	145	261	29	553495	7	27	134	554098	0	0	0	3743	0	0	0	3743
TP1_synth_reverse		89	T	756	80	32	18	0	57	553078	554021	0	0	0	0	0	0	3743	3743
TP1_synth_reverse		90	T	880	68	17	295	0	98	552429	553787	0	0	0	1	0	0	3742	3743
TP1_synth_reverse		91	C	369	552734	0	28	0	21	600	553752	0	3742	0	0	0	0	1	3743
TP1_synth_reverse		92	C	174	553156	0	19	0	62	147	553558	0	3743	0	0	0	0	0	3743
TP1_synth_reverse		93	G	321	122	0	552210	0	16	92	552761	0	0	0	3743	0	0	0	3743
TP1_synth_reverse		94	T	727	69	0	33	0	63	551804	552696	0	0	0	0	0	0	3743	3743
TP1_synth_reverse		95	C	0	552259	0	0	0	51	0	552310	0	3743	0	0	0	0	0	3743
TP1_synth_reverse		96	C	0	551822	0	0	0	8	0	551830	0	3743	0	0	0	0	0	3743
TP1_synth_reverse		97	C	0	550121	0	0	0	5	0	550126	0	3743	0	0	0	0	0	3743
TP1_synth_reverse		98	A	547483	0	0	0	0	0	0	547483	3743	0	0	0	0	0	0	3743
TP1_synth_reverse		99	G	0	0	0	546416	0	0	0	546416	0	0	0	3743	0	0	0	3743
