



























































































































































































































#AmpliconChromStart	Alias	Position	ProbableRef	rawA	rawC	rawD	rawG	rawI	rawN	rawT	rawDepth	consA	consC	consD	consG	consI	consN	consT	consDepth	
TP1_synth_reverse		1	G	0	0	0	657661	0	0	0	657661	0	0	0	22949	0	0	0	22949
TP1_synth_reverse		2	T	0	0	0	0	0	0	659124	659124	0	0	0	0	0	0	22980	22980
TP1_synth_reverse		3	G	0	0	0	661135	0	65	0	661200	0	0	0	23039	0	0	0	23039
TP1_synth_reverse		4	G	0	0	0	661922	0	36	0	661958	0	0	0	23054	0	1	0	23055
TP1_synth_reverse		5	T	0	0	0	0	0	19	662341	662360	0	0	0	0	0	0	23064	23064
TP1_synth_reverse		6	G	77	77	0	662641	0	10	190	662995	0	0	0	23078	0	0	5	23083
TP1_synth_reverse		7	A	662813	18	0	74	0	51	102	663058	23086	0	0	0	0	0	0	23086
TP1_synth_reverse		8	G	83	73	0	663702	0	77	247	664182	0	0	0	23109	0	1	2	23112
TP1_synth_reverse		9	G	75	140	0	663914	2	24	123	664278	0	0	0	23117	0	0	0	23117
TP1_synth_reverse		10	C	225	663941	4	21	0	16	129	664336	0	23118	0	0	0	0	1	23119
TP1_synth_reverse		11	T	170	100	133	12	247	22	663663	664347	0	1	2	0	14	0	23102	23119
TP1_synth_reverse		12	C	288	662486	1355	16	0	56	156	664357	0	23096	23	0	0	0	0	23119
TP1_synth_reverse		13	C	407	663777	2	23	0	60	103	664372	0	23120	0	0	0	0	0	23120
TP1_synth_reverse		14	C	408	663668	0	21	0	50	225	664372	0	23119	0	0	0	0	1	23120
TP1_synth_reverse		15	C	288	663493	68	22	216	56	244	664387	0	23107	3	0	10	0	1	23121
TP1_synth_reverse		16	T	335	74	1185	8	0	139	662660	664401	0	0	32	0	0	0	23090	23122
TP1_synth_reverse		17	T	352	193	175	10	1	51	663619	664401	0	3	4	0	0	1	23114	23122
TP1_synth_reverse		18	T	340	239	146	2	1	40	663640	664408	0	7	4	0	0	1	23110	23122
TP1_synth_reverse		19	C	328	663600	410	11	74	54	88	664565	0	23105	10	0	4	0	5	23124
TP1_synth_reverse		20	T	228	73	581	16	0	24	663643	664565	0	0	21	0	0	0	23103	23124
TP1_synth_reverse		21	T	473	284	489	28	1337	75	661879	664565	0	4	10	0	51	0	23059	23124
TP1_synth_reverse		22	G	125	379	892	662654	282	19	222	664573	3	0	19	23093	9	0	1	23125
TP1_synth_reverse		23	C	552	659733	928	115	2073	27	1145	664573	0	23026	21	2	61	0	15	23125
TP1_synth_reverse		24	G	267	178	1355	662144	4	31	594	664573	4	1	32	23087	0	0	1	23125
TP1_synth_reverse		25	G	95	604	897	662450	65	87	375	664573	0	0	19	23100	3	1	2	23125
TP1_synth_reverse		26	A	662418	18	1402	136	460	38	118	664590	23083	0	29	0	14	0	0	23126
TP1_synth_reverse		27	G	73	871	1142	662096	109	23	276	664590	0	0	26	23090	2	0	8	23126
TP1_synth_reverse		28	A	663229	28	837	127	154	26	210	664611	23095	0	23	3	4	1	2	23128
TP1_synth_reverse		29	T	491	109	865	81	0	113	662952	664611	1	3	27	0	0	0	23097	23128
TP1_synth_reverse		30	T	977	300	600	41	12	76	662651	664657	0	2	15	0	1	0	23112	23130
TP1_synth_reverse		31	C	658	662590	870	27	0	50	444	664639	1	23098	26	1	0	0	4	23130
TP1_synth_reverse		32	T	530	120	1209	58	80	267	662306	664570	0	1	18	2	4	3	23102	23130
TP1_synth_reverse		33	C	415	662724	1027	27	95	99	183	664570	1	23104	22	0	1	1	2	23131
TP1_synth_reverse		34	T	680	119	1351	55	3	61	662274	664543	0	2	29	1	0	1	23098	23131
TP1_synth_reverse		35	T	1528	196	1319	36	407	62	660973	664521	2	1	25	0	11	1	23091	23131
TP1_synth_reverse		36	C	486	662411	1441	25	1	45	110	664519	1	23092	35	0	0	0	3	23131
TP1_synth_reverse		37	C	568	662341	1003	37	118	56	389	664512	0	23088	27	0	3	1	12	23131
TP1_synth_reverse		38	T	625	196	1798	182	1	22	661680	664504	0	5	39	0	0	0	23088	23132
TP1_synth_reverse		39	C	355	662268	1590	41	38	55	84	664431	0	23087	42	0	2	1	0	23132
TP1_synth_reverse		40	T	1210	95	1865	20	848	109	660277	664424	1	3	50	0	27	1	23050	23132
TP1_synth_reverse		41	G	528	562	1659	661348	31	14	273	664415	4	0	46	23080	1	0	1	23132
TP1_synth_reverse		42	T	1885	108	1115	30	807	46	660355	664346	1	2	42	1	21	0	23064	23131
TP1_synth_reverse		43	G	393	442	1467	660836	257	312	641	664348	1	1	48	23069	5	4	4	23132
TP1_synth_reverse		44	C	468	660412	1140	61	911	122	1245	664359	2	23030	50	1	25	1	24	23133
TP1_synth_reverse		45	G	252	367	755	661179	298	41	1327	664219	5	1	40	23078	6	0	2	23132
TP1_synth_reverse		46	C	715	661818	1034	38	1	13	597	664216	1	23075	42	0	0	0	14	23132
TP1_synth_reverse		47	C	348	662481	769	38	143	20	392	664191	0	23074	35	0	12	0	10	23131
TP1_synth_reverse		48	G	384	549	1198	661020	1	28	993	664173	4	1	47	23076	0	1	2	23131
TP1_synth_reverse		49	A	662581	37	1300	65	2	153	144	664282	23080	0	52	0	0	2	2	23136
TP1_synth_reverse		50	T	926	89	1373	181	106	94	661505	664274	1	0	47	2	2	1	23083	23136
TP1_synth_reverse		51	A	663215	42	964	74	0	86	93	664474	23092	0	46	0	0	1	0	23139
TP1_synth_reverse		52	C	528	662286	912	94	184	218	187	664409	0	23082	42	0	4	3	8	23139
TP1_synth_reverse		53	A	662715	24	1023	131	282	234	110	664519	23082	0	48	0	11	3	0	23144
TP1_synth_reverse		54	G	172	254	705	663004	3	77	329	664544	3	0	33	23107	0	1	4	23148
TP1_synth_reverse		55	A	662772	75	1496	82	0	83	66	664574	23098	0	51	0	0	0	0	23149
TP1_synth_reverse		56	A	663292	8	921	139	0	76	121	664557	23107	0	37	3	0	2	0	23149
TP1_synth_reverse		57	T	1624	46	1120	200	0	163	661522	664675	2	1	42	0	0	1	23106	23152
TP1_synth_reverse		58	A	662943	12	1325	72	0	227	107	664686	23109	0	42	0	0	1	1	23153
TP1_synth_reverse		59	T	898	102	2030	99	5	304	661032	664470	0	1	57	1	1	4	23086	23150
TP1_synth_reverse		60	C	703	661487	1823	52	10	200	183	664458	2	23091	51	0	0	3	3	23150
TP1_synth_reverse		61	T	1142	218	1881	38	546	171	660439	664435	0	8	52	0	17	4	23067	23148
TP1_synth_reverse		62	G	694	259	2529	660198	2	240	382	664304	14	0	60	23071	0	1	2	23148
TP1_synth_reverse		63	T	1869	61	1512	13	0	142	660694	664291	2	0	40	0	0	2	23104	23148
TP1_synth_reverse		64	T	1727	50	1326	161	1	44	660971	664280	0	0	31	2	0	0	23115	23148
TP1_synth_reverse		65	C	942	660304	2055	29	166	113	661	664270	3	23081	48	0	4	2	11	23149
TP1_synth_reverse		66	G	623	340	1653	661078	33	46	460	664233	16	0	38	23093	0	0	1	23148
TP1_synth_reverse		67	C	827	661357	1537	32	191	160	127	664231	0	23105	33	0	2	5	3	23148
TP1_synth_reverse		68	A	662291	301	1249	142	79	70	85	664217	23110	2	33	0	0	1	0	23146
TP1_synth_reverse		69	C	315	662233	1195	41	2	38	350	664174	2	23091	38	0	0	0	10	23141
TP1_synth_reverse		70	T	1005	101	1385	39	0	76	661555	664161	1	0	40	0	0	1	23099	23141
TP1_synth_reverse		71	C	337	660700	2574	29	0	227	280	664147	1	23070	66	0	0	0	3	23140
TP1_synth_reverse		72	C	682	661295	1788	62	45	94	172	664138	0	23089	42	2	1	1	5	23140
TP1_synth_reverse		73	G	369	435	2510	660205	62	243	289	664113	5	0	64	23064	1	3	3	23140
TP1_synth_reverse		74	A	661070	41	2642	102	20	110	44	664029	23069	1	62	1	1	1	0	23135
TP1_synth_reverse		75	G	256	391	2544	660261	1	48	508	664009	6	0	57	23061	0	0	11	23135
TP1_synth_reverse		76	T	908	92	2757	46	158	39	659997	663997	4	3	62	0	2	0	23064	23135
TP1_synth_reverse		77	G	176	339	1321	661906	1	36	194	663973	8	0	34	23092	0	0	0	23134
TP1_synth_reverse		78	C	421	659379	2241	263	162	364	1132	663962	1	23028	54	6	4	5	36	23134
TP1_synth_reverse		79	G	379	612	2218	660164	1	80	366	663820	5	1	48	23077	0	1	1	23133
TP1_synth_reverse		80	G	584	239	954	661592	7	101	318	663795	8	0	27	23095	1	0	2	23133
TP1_synth_reverse		81	C	363	661833	1267	73	5	75	166	663782	3	23100	26	0	1	1	2	23133
TP1_synth_reverse		82	A	660975	25	2244	100	0	43	258	663645	23079	0	52	0	0	0	1	23132
TP1_synth_reverse		83	A	662515	61	751	64	0	165	88	663644	23117	0	14	0	0	1	0	23132
TP1_synth_reverse		84	A	662892	42	229	116	61	177	99	663616	23124	0	6	0	1	0	1	23132
TP1_synth_reverse		85	G	182	326	130	662584	53	86	131	663492	2	1	4	23120	1	2	2	23132
TP1_synth_reverse		86	C	590	662553	132	16	1	66	91	663449	4	23123	4	0	0	0	1	23132
TP1_synth_reverse		87	T	1033	65	373	17	3	216	661674	663381	1	1	8	0	0	2	23120	23132
TP1_synth_reverse		88	G	167	471	179	661828	248	93	202	663188	4	1	2	23122	2	0	1	23132
TP1_synth_reverse		89	T	623	92	405	13	0	32	661983	663148	2	0	10	0	0	0	23120	23132
TP1_synth_reverse		90	T	579	97	0	15	2	53	662177	662923	0	1	0	0	0	1	23130	23132
TP1_synth_reverse		91	C	460	661841	0	67	1	205	186	662760	3	23123	0	4	0	1	0	23131
TP1_synth_reverse		92	C	375	661675	0	66	0	288	162	662566	0	23125	0	0	0	3	0	23128
TP1_synth_reverse		93	G	286	377	0	660584	0	120	143	661510	6	1	0	23113	0	1	0	23121
TP1_synth_reverse		94	T	506	91	0	31	0	55	660220	660903	0	0	0	0	0	0	23118	23118
TP1_synth_reverse		95	C	0	660202	0	0	0	133	0	660335	0	23110	0	0	0	0	0	23110
TP1_synth_reverse		96	C	0	659593	0	0	0	62	0	659655	0	23105	0	0	0	1	0	23106
TP1_synth_reverse		97	C	0	658180	0	0	0	118	0	658298	0	23090	0	0	0	1	0	23091
TP1_synth_reverse		98	A	655901	0	0	0	0	0	0	655901	23062	0	0	0	0	0	0	23062
TP1_synth_reverse		99	G	0	0	0	654738	0	0	0	654738	0	0	0	23055	0	0	0	23055
