



























































































































































































































#AmpliconChromStart	Alias	Position	ProbableRef	rawA	rawC	rawD	rawG	rawI	rawN	rawT	rawDepth	consA	consC	consD	consG	consI	consN	consT	consDepth	
TP1_synth_reverse		1	G	0	0	0	657661	0	0	0	657661	0	0	0	13034	0	0	0	13034
TP1_synth_reverse		2	T	0	0	0	0	0	0	659124	659124	0	0	0	0	0	0	13049	13049
TP1_synth_reverse		3	G	0	0	0	661135	0	65	0	661200	0	0	0	13077	0	0	0	13077
TP1_synth_reverse		4	G	0	0	0	661922	0	36	0	661958	0	0	0	13086	0	0	0	13086
TP1_synth_reverse		5	T	0	0	0	0	0	19	662341	662360	0	0	0	0	0	0	13090	13090
TP1_synth_reverse		6	G	77	77	0	662641	0	10	190	662995	0	0	0	13096	0	0	3	13099
TP1_synth_reverse		7	A	662813	18	0	74	0	51	102	663058	13101	0	0	0	0	0	0	13101
TP1_synth_reverse		8	G	83	73	0	663702	0	77	247	664182	0	0	0	13122	0	0	2	13124
TP1_synth_reverse		9	G	75	140	0	663914	2	24	123	664278	0	0	0	13127	0	0	0	13127
TP1_synth_reverse		10	C	225	663941	4	21	0	16	129	664336	0	13128	0	0	0	0	1	13129
TP1_synth_reverse		11	T	170	100	133	12	247	22	663663	664347	0	0	1	0	6	0	13122	13129
TP1_synth_reverse		12	C	288	662486	1355	16	0	56	156	664357	0	13110	19	0	0	0	0	13129
TP1_synth_reverse		13	C	407	663777	2	23	0	60	103	664372	0	13129	0	0	0	0	0	13129
TP1_synth_reverse		14	C	408	663668	0	21	0	50	225	664372	0	13128	0	0	0	0	1	13129
TP1_synth_reverse		15	C	288	663478	68	22	216	56	244	664372	0	13122	1	0	5	0	1	13129
TP1_synth_reverse		16	T	335	74	1185	8	0	139	662645	664386	0	0	21	0	0	0	13108	13129
TP1_synth_reverse		17	T	352	193	175	10	1	51	663604	664386	0	2	2	0	0	0	13125	13129
TP1_synth_reverse		18	T	340	239	146	2	1	40	663625	664393	0	3	2	0	0	0	13124	13129
TP1_synth_reverse		19	C	328	663585	410	11	74	54	88	664550	0	13120	7	0	3	0	0	13130
TP1_synth_reverse		20	T	228	73	581	16	0	24	663628	664550	0	0	11	0	0	0	13119	13130
TP1_synth_reverse		21	T	473	284	489	28	1337	75	661864	664550	0	1	6	0	21	0	13102	13130
TP1_synth_reverse		22	G	125	379	892	662639	282	19	222	664558	1	0	12	13111	6	0	0	13130
TP1_synth_reverse		23	C	551	659719	928	115	2073	27	1145	664558	0	13069	15	1	34	0	11	13130
TP1_synth_reverse		24	G	267	177	1355	662131	4	31	593	664558	3	0	18	13109	0	0	0	13130
TP1_synth_reverse		25	G	94	604	897	662436	65	87	375	664558	0	0	13	13114	2	0	1	13130
TP1_synth_reverse		26	A	662403	18	1402	136	460	38	118	664575	13105	0	18	0	8	0	0	13131
TP1_synth_reverse		27	G	73	870	1142	662082	109	23	276	664575	0	0	17	13110	2	0	2	13131
TP1_synth_reverse		28	A	663214	28	837	127	154	26	210	664596	13111	0	15	1	3	0	2	13132
TP1_synth_reverse		29	T	490	109	865	81	0	113	662938	664596	1	2	15	0	0	0	13114	13132
TP1_synth_reverse		30	T	977	300	600	41	12	76	662636	664642	0	2	11	0	1	0	13119	13133
TP1_synth_reverse		31	C	657	662567	870	27	0	50	444	664615	1	13109	17	1	0	0	4	13132
TP1_synth_reverse		32	T	530	120	1209	58	80	267	662282	664546	0	1	13	2	2	0	13114	13132
TP1_synth_reverse		33	C	414	662695	1027	27	95	99	183	664540	0	13117	13	0	1	0	1	13132
TP1_synth_reverse		34	T	680	119	1351	55	3	61	662244	664513	0	1	18	0	0	0	13113	13132
TP1_synth_reverse		35	T	1528	196	1319	36	407	62	660947	664495	1	1	19	0	7	0	13104	13132
TP1_synth_reverse		36	C	485	662386	1441	25	1	45	110	664493	0	13107	25	0	0	0	0	13132
TP1_synth_reverse		37	C	564	662319	1003	37	118	56	389	664486	0	13105	18	0	2	0	7	13132
TP1_synth_reverse		38	T	625	196	1798	180	1	22	661656	664478	0	4	30	0	0	0	13098	13132
TP1_synth_reverse		39	C	353	662244	1590	41	38	55	84	664405	0	13102	29	0	1	0	0	13132
TP1_synth_reverse		40	T	1207	95	1865	20	848	109	660254	664398	1	0	30	0	15	0	13086	13132
TP1_synth_reverse		41	G	526	559	1659	661328	31	14	272	664389	3	0	31	13097	1	0	0	13132
TP1_synth_reverse		42	T	1884	108	1115	30	807	46	660337	664327	0	0	23	1	11	0	13096	13131
TP1_synth_reverse		43	G	392	440	1467	660821	257	312	640	664329	0	0	28	13097	3	0	4	13132
TP1_synth_reverse		44	C	465	660383	1140	61	911	122	1245	664327	2	13070	31	1	12	0	16	13132
TP1_synth_reverse		45	G	252	366	755	661149	298	41	1326	664187	3	1	22	13101	4	0	1	13132
TP1_synth_reverse		46	C	712	661789	1034	38	1	13	597	664184	1	13101	21	0	0	0	9	13132
TP1_synth_reverse		47	C	345	662452	769	38	143	20	392	664159	0	13105	18	0	5	0	3	13131
TP1_synth_reverse		48	G	384	551	1198	660991	1	28	988	664141	3	0	23	13104	0	0	1	13131
TP1_synth_reverse		49	A	662549	37	1300	65	2	153	144	664250	13106	0	28	0	0	0	1	13135
TP1_synth_reverse		50	T	925	89	1373	180	106	94	661475	664242	0	0	25	2	1	0	13107	13135
TP1_synth_reverse		51	A	663183	42	964	74	0	86	93	664442	13118	0	20	0	0	0	0	13138
TP1_synth_reverse		52	C	527	662255	912	94	184	218	187	664377	0	13115	18	0	3	0	2	13138
TP1_synth_reverse		53	A	662683	24	1023	131	282	234	110	664487	13112	0	24	0	5	0	0	13141
TP1_synth_reverse		54	G	172	255	705	662972	3	77	328	664512	3	0	16	13123	0	0	0	13142
TP1_synth_reverse		55	A	662741	74	1496	82	0	83	66	664542	13116	0	27	0	0	0	0	13143
TP1_synth_reverse		56	A	663261	8	921	139	0	76	120	664525	13125	0	17	1	0	0	0	13143
TP1_synth_reverse		57	T	1616	46	1120	200	0	163	661498	664643	0	0	18	0	0	0	13127	13145
TP1_synth_reverse		58	A	662911	12	1325	72	0	227	107	664654	13126	0	20	0	0	0	0	13146
TP1_synth_reverse		59	T	899	102	2030	98	5	304	661000	664438	0	1	32	1	0	0	13112	13146
TP1_synth_reverse		60	C	697	661461	1823	52	10	200	183	664426	0	13115	28	0	0	0	3	13146
TP1_synth_reverse		61	T	1143	218	1881	38	546	171	660425	664422	0	4	28	0	8	0	13106	13146
TP1_synth_reverse		62	G	691	256	2529	660192	2	240	381	664291	3	0	34	13108	0	0	1	13146
TP1_synth_reverse		63	T	1869	61	1512	13	0	142	660697	664294	0	0	24	0	0	0	13123	13147
TP1_synth_reverse		64	T	1720	50	1326	161	1	44	660981	664283	0	0	17	2	0	0	13128	13147
TP1_synth_reverse		65	C	941	660308	2055	29	166	113	661	664273	0	13107	28	0	3	0	9	13147
TP1_synth_reverse		66	G	623	340	1653	661083	33	46	459	664237	7	0	22	13116	0	0	1	13146
TP1_synth_reverse		67	C	825	661363	1537	32	191	160	127	664235	0	13124	18	0	2	0	2	13146
TP1_synth_reverse		68	A	662296	301	1249	142	79	70	84	664221	13126	2	17	0	0	0	0	13145
TP1_synth_reverse		69	C	316	662236	1195	41	2	38	350	664178	1	13121	18	0	0	0	4	13144
TP1_synth_reverse		70	T	1006	101	1397	39	0	76	661546	664165	1	0	20	0	0	0	13123	13144
TP1_synth_reverse		71	C	336	660705	2574	29	0	227	280	664151	1	13109	33	0	0	0	1	13144
TP1_synth_reverse		72	C	681	661300	1788	62	45	94	172	664142	0	13117	23	1	1	0	2	13144
TP1_synth_reverse		73	G	369	436	2510	660208	62	243	289	664117	3	0	34	13105	1	0	1	13144
TP1_synth_reverse		74	A	661074	41	2642	102	20	110	44	664033	13104	0	36	0	1	0	0	13141
TP1_synth_reverse		75	G	256	391	2544	660266	1	48	507	664013	3	0	36	13095	0	0	7	13141
TP1_synth_reverse		76	T	905	92	2757	46	158	39	660004	664001	3	0	39	0	1	0	13098	13141
TP1_synth_reverse		77	G	176	339	1321	661911	1	36	193	663977	1	0	21	13119	0	0	0	13141
TP1_synth_reverse		78	C	419	659384	2241	263	162	364	1133	663966	1	13093	30	4	1	0	12	13141
TP1_synth_reverse		79	G	379	611	2218	660171	1	80	364	663824	4	1	25	13109	0	0	1	13140
TP1_synth_reverse		80	G	584	240	954	661595	7	101	318	663799	7	0	11	13120	1	0	1	13140
TP1_synth_reverse		81	C	363	661837	1267	73	5	75	166	663786	3	13125	11	0	0	0	1	13140
TP1_synth_reverse		82	A	660979	25	2244	100	0	43	258	663649	13114	0	25	0	0	0	1	13140
TP1_synth_reverse		83	A	662519	61	751	64	0	165	88	663648	13132	0	8	0	0	0	0	13140
TP1_synth_reverse		84	A	662896	42	229	116	61	177	99	663620	13135	0	3	0	1	0	1	13140
TP1_synth_reverse		85	G	182	325	130	662589	53	86	131	663496	0	0	2	13137	1	0	0	13140
TP1_synth_reverse		86	C	590	662557	132	16	1	66	91	663453	0	13136	3	0	0	0	1	13140
TP1_synth_reverse		87	T	1033	65	373	17	3	216	661678	663385	0	0	6	0	0	0	13134	13140
TP1_synth_reverse		88	G	166	470	179	661834	248	93	202	663192	1	0	2	13136	1	0	0	13140
TP1_synth_reverse		89	T	622	92	405	13	0	32	661989	663153	0	0	5	0	0	0	13135	13140
TP1_synth_reverse		90	T	579	97	0	15	2	53	662182	662928	0	0	0	0	0	0	13140	13140
TP1_synth_reverse		91	C	458	661848	0	67	1	205	186	662765	2	13136	0	2	0	0	0	13140
TP1_synth_reverse		92	C	374	661681	0	66	0	288	162	662571	0	13140	0	0	0	0	0	13140
TP1_synth_reverse		93	G	285	377	0	660590	0	120	143	661515	2	0	0	13135	0	0	0	13137
TP1_synth_reverse		94	T	506	91	0	31	0	55	660225	660908	0	0	0	0	0	0	13136	13136
TP1_synth_reverse		95	C	0	660207	0	0	0	133	0	660340	0	13134	0	0	0	0	0	13134
TP1_synth_reverse		96	C	0	659599	0	0	0	62	0	659661	0	13133	0	0	0	0	0	13133
TP1_synth_reverse		97	C	0	658186	0	0	0	118	0	658304	0	13129	0	0	0	0	0	13129
TP1_synth_reverse		98	A	655909	0	0	0	0	0	0	655909	13124	0	0	0	0	0	0	13124
TP1_synth_reverse		99	G	0	0	0	654745	0	0	0	654745	0	0	0	13122	0	0	0	13122
