



























































































































































































































#AmpliconChromStart	Alias	Position	ProbableRef	rawA	rawC	rawD	rawG	rawI	rawN	rawT	rawDepth	consA	consC	consD	consG	consI	consN	consT	consDepth	
TP1_synth_reverse		1	G	0	0	0	657661	0	0	0	657661	0	0	0	12190	0	0	0	12190
TP1_synth_reverse		2	T	0	0	0	0	0	0	659124	659124	0	0	0	0	0	0	12204	12204
TP1_synth_reverse		3	G	0	0	0	661135	0	65	0	661200	0	0	0	12228	0	0	0	12228
TP1_synth_reverse		4	G	0	0	0	661922	0	36	0	661958	0	0	0	12236	0	0	0	12236
TP1_synth_reverse		5	T	0	0	0	0	0	19	662341	662360	0	0	0	0	0	0	12239	12239
TP1_synth_reverse		6	G	77	77	0	662641	0	10	190	662995	0	0	0	12245	0	0	2	12247
TP1_synth_reverse		7	A	662813	18	0	74	0	51	102	663058	12249	0	0	0	0	0	0	12249
TP1_synth_reverse		8	G	83	73	0	663702	0	77	247	664182	0	0	0	12268	0	0	2	12270
TP1_synth_reverse		9	G	75	140	0	663914	2	24	123	664278	0	0	0	12272	0	0	0	12272
TP1_synth_reverse		10	C	225	663941	4	21	0	16	129	664336	0	12273	0	0	0	0	1	12274
TP1_synth_reverse		11	T	170	100	133	12	247	22	663663	664347	0	0	1	0	6	0	12267	12274
TP1_synth_reverse		12	C	288	662476	1355	16	0	56	156	664347	0	12256	18	0	0	0	0	12274
TP1_synth_reverse		13	C	407	663767	2	23	0	60	103	664362	0	12274	0	0	0	0	0	12274
TP1_synth_reverse		14	C	408	663659	0	21	0	49	225	664362	0	12273	0	0	0	0	1	12274
TP1_synth_reverse		15	C	288	663483	68	22	216	56	244	664377	0	12267	1	0	5	0	1	12274
TP1_synth_reverse		16	T	335	74	1185	8	0	139	662650	664391	0	0	21	0	0	0	12253	12274
TP1_synth_reverse		17	T	352	193	175	10	1	51	663609	664391	0	2	2	0	0	0	12270	12274
TP1_synth_reverse		18	T	339	239	146	2	1	40	663631	664398	0	3	2	0	0	0	12269	12274
TP1_synth_reverse		19	C	328	663590	410	11	74	54	88	664555	0	12265	7	0	3	0	0	12275
TP1_synth_reverse		20	T	226	73	581	16	0	23	663636	664555	0	0	11	0	0	0	12264	12275
TP1_synth_reverse		21	T	473	284	489	28	1337	75	661869	664555	0	1	6	0	20	0	12248	12275
TP1_synth_reverse		22	G	125	378	892	662637	282	19	222	664555	2	0	12	12256	5	0	0	12275
TP1_synth_reverse		23	C	552	659715	928	115	2073	27	1145	664555	0	12216	15	1	33	0	10	12275
TP1_synth_reverse		24	G	267	178	1355	662126	4	31	594	664555	2	0	16	12257	0	0	0	12275
TP1_synth_reverse		25	G	95	602	897	662434	65	87	375	664555	0	0	13	12259	2	0	1	12275
TP1_synth_reverse		26	A	662400	18	1402	136	460	38	118	664572	12250	0	18	0	8	0	0	12276
TP1_synth_reverse		27	G	73	866	1142	662084	109	23	275	664572	0	0	17	12255	2	0	2	12276
TP1_synth_reverse		28	A	663211	28	837	127	154	26	210	664593	12258	0	13	1	3	0	2	12277
TP1_synth_reverse		29	T	490	109	865	81	0	113	662935	664593	1	1	14	0	0	0	12261	12277
TP1_synth_reverse		30	T	976	300	600	41	12	76	662634	664639	0	2	11	0	1	0	12264	12278
TP1_synth_reverse		31	C	658	662563	870	27	0	50	444	664612	1	12254	17	1	0	0	4	12277
TP1_synth_reverse		32	T	528	120	1209	58	80	267	662281	664543	0	1	13	2	2	0	12259	12277
TP1_synth_reverse		33	C	415	662692	1027	27	95	98	183	664537	0	12262	13	0	1	0	1	12277
TP1_synth_reverse		34	T	678	119	1351	55	3	61	662243	664510	0	1	18	0	0	0	12258	12277
TP1_synth_reverse		35	T	1524	196	1319	36	407	62	660948	664492	1	1	18	0	6	0	12251	12277
TP1_synth_reverse		36	C	485	662389	1441	25	1	45	110	664496	0	12253	24	0	0	0	0	12277
TP1_synth_reverse		37	C	566	662320	1003	37	118	56	389	664489	0	12253	16	0	2	0	6	12277
TP1_synth_reverse		38	T	621	196	1798	180	1	22	661663	664481	0	4	27	0	0	0	12246	12277
TP1_synth_reverse		39	C	354	662246	1590	41	38	55	84	664408	0	12250	26	0	1	0	0	12277
TP1_synth_reverse		40	T	1207	95	1865	20	848	109	660257	664401	1	0	27	0	14	0	12235	12277
TP1_synth_reverse		41	G	527	561	1659	661327	31	14	273	664392	3	0	29	12244	1	0	0	12277
TP1_synth_reverse		42	T	1882	108	1115	30	807	46	660335	664323	0	0	22	0	10	0	12244	12276
TP1_synth_reverse		43	G	393	438	1467	660819	257	312	639	664325	0	0	25	12245	3	0	4	12277
TP1_synth_reverse		44	C	467	660390	1140	61	911	122	1245	664336	2	12221	29	0	11	0	14	12277
TP1_synth_reverse		45	G	252	364	755	661161	298	41	1325	664196	3	1	20	12248	4	0	1	12277
TP1_synth_reverse		46	C	713	661797	1034	38	1	13	597	664193	1	12248	20	0	0	0	8	12277
TP1_synth_reverse		47	C	347	662459	769	38	143	20	392	664168	0	12252	18	0	3	0	3	12276
TP1_synth_reverse		48	G	384	551	1198	660997	1	28	991	664150	2	0	22	12251	0	0	1	12276
TP1_synth_reverse		49	A	662558	37	1300	65	2	153	144	664259	12253	0	26	0	0	0	1	12280
TP1_synth_reverse		50	T	922	89	1373	181	106	94	661486	664251	0	0	22	2	1	0	12255	12280
TP1_synth_reverse		51	A	663191	43	964	74	0	86	93	664451	12266	0	17	0	0	0	0	12283
TP1_synth_reverse		52	C	528	662263	912	94	184	218	187	664386	0	12262	16	0	3	0	2	12283
TP1_synth_reverse		53	A	662692	24	1023	131	282	234	110	664496	12259	0	23	0	4	0	0	12286
TP1_synth_reverse		54	G	172	254	705	662981	3	77	329	664521	3	0	15	12269	0	0	0	12287
TP1_synth_reverse		55	A	662749	75	1496	82	0	83	66	664551	12261	0	27	0	0	0	0	12288
TP1_synth_reverse		56	A	663270	8	921	139	0	76	120	664534	12271	0	17	0	0	0	0	12288
TP1_synth_reverse		57	T	1614	46	1120	201	0	163	661508	664652	0	0	18	0	0	0	12272	12290
TP1_synth_reverse		58	A	662920	12	1325	72	0	227	107	664663	12273	0	18	0	0	0	0	12291
TP1_synth_reverse		59	T	892	102	2030	99	5	304	661015	664447	0	1	29	1	0	0	12260	12291
TP1_synth_reverse		60	C	698	661469	1823	52	10	200	183	664435	0	12262	26	0	0	0	3	12291
TP1_synth_reverse		61	T	1139	218	1881	38	546	171	660438	664431	0	4	26	0	8	0	12252	12290
TP1_synth_reverse		62	G	691	256	2529	660200	2	240	382	664300	3	0	31	12255	0	0	1	12290
TP1_synth_reverse		63	T	1872	61	1512	13	0	142	660687	664287	0	0	23	0	0	0	12267	12290
TP1_synth_reverse		64	T	1723	50	1326	161	1	44	660971	664276	0	0	17	2	0	0	12271	12290
TP1_synth_reverse		65	C	941	660302	2055	29	166	112	661	664266	0	12251	28	0	3	0	8	12290
TP1_synth_reverse		66	G	625	339	1652	661074	33	46	460	664229	7	0	21	12260	0	0	1	12289
TP1_synth_reverse		67	C	827	661353	1537	32	191	160	127	664227	0	12267	18	0	2	0	2	12289
TP1_synth_reverse		68	A	662297	301	1249	142	79	70	85	664223	12269	2	17	0	0	0	0	12288
TP1_synth_reverse		69	C	315	662239	1195	41	2	38	350	664180	1	12265	17	0	0	0	4	12287
TP1_synth_reverse		70	T	1000	101	1397	39	0	76	661554	664167	0	0	20	0	0	0	12267	12287
TP1_synth_reverse		71	C	337	660706	2574	29	0	227	280	664153	1	12252	33	0	0	0	1	12287
TP1_synth_reverse		72	C	682	661301	1788	62	45	94	172	664144	0	12261	23	0	1	0	2	12287
TP1_synth_reverse		73	G	369	436	2510	660210	62	243	289	664119	3	0	33	12249	1	0	1	12287
TP1_synth_reverse		74	A	661075	42	2642	102	20	110	44	664035	12248	0	35	0	1	0	0	12284
TP1_synth_reverse		75	G	256	391	2544	660267	1	48	508	664015	3	0	36	12239	0	0	6	12284
TP1_synth_reverse		76	T	909	92	2757	46	158	39	660002	664003	3	0	38	0	1	0	12242	12284
TP1_synth_reverse		77	G	176	339	1321	661913	1	36	193	663979	1	0	21	12262	0	0	0	12284
TP1_synth_reverse		78	C	421	659385	2241	263	162	364	1133	663969	1	12237	29	4	1	0	12	12284
TP1_synth_reverse		79	G	379	612	2218	660172	1	80	365	663827	4	1	24	12253	0	0	1	12283
TP1_synth_reverse		80	G	584	239	954	661599	7	101	318	663802	6	0	10	12266	0	0	1	12283
TP1_synth_reverse		81	C	362	661841	1267	73	5	75	166	663789	3	12268	11	0	0	0	1	12283
TP1_synth_reverse		82	A	660982	25	2244	100	0	43	258	663652	12258	0	24	0	0	0	1	12283
TP1_synth_reverse		83	A	662523	61	751	64	0	165	87	663651	12275	0	8	0	0	0	0	12283
TP1_synth_reverse		84	A	662899	42	229	116	61	177	99	663623	12278	0	3	0	1	0	1	12283
TP1_synth_reverse		85	G	182	326	130	662591	53	86	131	663499	0	0	2	12280	1	0	0	12283
TP1_synth_reverse		86	C	591	662559	132	16	1	66	91	663456	0	12279	3	0	0	0	1	12283
TP1_synth_reverse		87	T	1032	65	373	17	3	216	661682	663388	0	0	6	0	0	0	12277	12283
TP1_synth_reverse		88	G	167	471	179	661835	248	93	202	663195	1	0	2	12279	1	0	0	12283
TP1_synth_reverse		89	T	623	92	405	13	0	32	661991	663156	0	0	4	0	0	0	12279	12283
TP1_synth_reverse		90	T	579	97	0	15	2	53	662185	662931	0	0	0	0	0	0	12283	12283
TP1_synth_reverse		91	C	460	661849	0	67	1	205	186	662768	2	12281	0	0	0	0	0	12283
TP1_synth_reverse		92	C	375	661683	0	66	0	288	162	662574	0	12283	0	0	0	0	0	12283
TP1_synth_reverse		93	G	286	377	0	660592	0	120	143	661518	2	0	0	12278	0	0	0	12280
TP1_synth_reverse		94	T	506	91	0	31	0	55	660228	660911	0	0	0	0	0	0	12279	12279
TP1_synth_reverse		95	C	0	660210	0	0	0	133	0	660343	0	12277	0	0	0	0	0	12277
TP1_synth_reverse		96	C	0	659601	0	0	0	62	0	659663	0	12276	0	0	0	0	0	12276
TP1_synth_reverse		97	C	0	658188	0	0	0	118	0	658306	0	12273	0	0	0	0	0	12273
TP1_synth_reverse		98	A	655908	0	0	0	0	0	0	655908	12269	0	0	0	0	0	0	12269
TP1_synth_reverse		99	G	0	0	0	654744	0	0	0	654744	0	0	0	12267	0	0	0	12267
