



























































































































































































































#AmpliconChromStart	Alias	Position	ProbableRef	rawA	rawC	rawD	rawG	rawI	rawN	rawT	rawDepth	consA	consC	consD	consG	consI	consN	consT	consDepth	
TP1_synth_reverse		1	G	0	0	0	657661	0	0	0	657661	0	0	0	6467	0	0	0	6467
TP1_synth_reverse		2	T	0	0	0	0	0	0	659124	659124	0	0	0	0	0	0	6475	6475
TP1_synth_reverse		3	G	0	0	0	661135	0	65	0	661200	0	0	0	6488	0	0	0	6488
TP1_synth_reverse		4	G	0	0	0	661922	0	36	0	661958	0	0	0	6493	0	0	0	6493
TP1_synth_reverse		5	T	0	0	0	0	0	19	662341	662360	0	0	0	0	0	0	6495	6495
TP1_synth_reverse		6	G	77	77	0	662641	0	10	190	662995	0	0	0	6498	0	0	1	6499
TP1_synth_reverse		7	A	662813	18	0	74	0	51	102	663058	6500	0	0	0	0	0	0	6500
TP1_synth_reverse		8	G	83	73	0	663702	0	77	247	664182	0	0	0	6509	0	0	2	6511
TP1_synth_reverse		9	G	75	140	0	663914	2	24	123	664278	0	0	0	6512	0	0	0	6512
TP1_synth_reverse		10	C	225	663941	4	21	0	16	129	664336	0	6511	0	0	0	0	1	6512
TP1_synth_reverse		11	T	170	100	133	12	247	22	663663	664347	0	0	1	0	2	0	6509	6512
TP1_synth_reverse		12	C	288	662486	1355	16	0	56	156	664357	0	6498	14	0	0	0	0	6512
TP1_synth_reverse		13	C	407	663777	2	23	0	60	103	664372	0	6512	0	0	0	0	0	6512
TP1_synth_reverse		14	C	408	663668	0	21	0	50	225	664372	0	6511	0	0	0	0	1	6512
TP1_synth_reverse		15	C	288	663478	68	22	216	56	244	664372	0	6509	1	0	1	0	1	6512
TP1_synth_reverse		16	T	335	74	1185	8	0	139	662645	664386	0	0	15	0	0	0	6497	6512
TP1_synth_reverse		17	T	352	193	175	10	1	51	663604	664386	0	2	2	0	0	0	6508	6512
TP1_synth_reverse		18	T	340	239	146	2	1	40	663618	664386	0	1	2	0	0	0	6509	6512
TP1_synth_reverse		19	C	328	663578	410	11	74	54	88	664543	0	6505	7	0	1	0	0	6513
TP1_synth_reverse		20	T	228	73	581	16	0	24	663621	664543	0	0	7	0	0	0	6506	6513
TP1_synth_reverse		21	T	473	284	489	28	1337	75	661865	664551	0	1	6	0	12	0	6494	6513
TP1_synth_reverse		22	G	125	379	892	662640	282	19	222	664559	0	0	9	6502	2	0	0	6513
TP1_synth_reverse		23	C	551	659720	928	115	2073	27	1145	664559	0	6477	9	1	18	0	8	6513
TP1_synth_reverse		24	G	267	177	1355	662132	4	31	593	664559	1	0	14	6498	0	0	0	6513
TP1_synth_reverse		25	G	94	603	897	662438	65	87	375	664559	0	0	11	6500	1	0	1	6513
TP1_synth_reverse		26	A	662404	18	1402	136	460	38	118	664576	6493	0	16	0	4	0	0	6513
TP1_synth_reverse		27	G	73	870	1142	662083	109	23	276	664576	0	0	13	6499	1	0	0	6513
TP1_synth_reverse		28	A	663215	28	837	127	154	26	210	664597	6500	0	9	1	2	0	1	6513
TP1_synth_reverse		29	T	491	109	865	81	0	113	662938	664597	1	0	11	0	0	0	6501	6513
TP1_synth_reverse		30	T	978	301	600	41	12	76	662635	664643	0	2	8	0	0	0	6504	6514
TP1_synth_reverse		31	C	657	662577	870	27	0	50	444	664625	1	6497	12	0	0	0	4	6514
TP1_synth_reverse		32	T	530	120	1209	58	80	267	662292	664556	0	1	11	0	2	0	6500	6514
TP1_synth_reverse		33	C	413	662713	1027	26	95	99	183	664556	0	6501	11	0	1	0	1	6514
TP1_synth_reverse		34	T	679	119	1351	55	3	61	662261	664529	0	0	11	0	0	0	6503	6514
TP1_synth_reverse		35	T	1527	196	1319	36	407	62	660960	664507	1	1	14	0	4	0	6494	6514
TP1_synth_reverse		36	C	485	662404	1441	25	1	45	110	664511	0	6500	14	0	0	0	0	6514
TP1_synth_reverse		37	C	565	662336	1003	37	118	56	389	664504	0	6500	9	0	2	0	3	6514
TP1_synth_reverse		38	T	624	196	1798	182	1	22	661673	664496	0	1	17	0	0	0	6496	6514
TP1_synth_reverse		39	C	353	662262	1590	41	38	55	84	664423	0	6498	16	0	0	0	0	6514
TP1_synth_reverse		40	T	1209	95	1865	20	848	109	660270	664416	1	0	17	0	8	0	6488	6514
TP1_synth_reverse		41	G	527	563	1659	661342	31	14	271	664407	1	0	15	6498	0	0	0	6514
TP1_synth_reverse		42	T	1886	108	1115	30	807	46	660346	664338	0	0	12	0	7	0	6494	6513
TP1_synth_reverse		43	G	390	442	1467	660832	257	312	640	664340	0	0	15	6492	3	0	3	6513
TP1_synth_reverse		44	C	465	660407	1140	61	911	122	1245	664351	0	6485	14	0	6	0	8	6513
TP1_synth_reverse		45	G	251	367	755	661172	298	41	1327	664211	0	1	9	6498	4	0	1	6513
TP1_synth_reverse		46	C	714	661811	1034	38	1	13	597	664208	1	6498	8	0	0	0	6	6513
TP1_synth_reverse		47	C	345	662476	769	38	143	20	392	664183	0	6505	5	0	1	0	2	6513
TP1_synth_reverse		48	G	384	550	1198	661015	1	28	989	664165	2	0	9	6502	0	0	0	6513
TP1_synth_reverse		49	A	662573	37	1300	65	2	153	144	664274	6504	0	11	0	0	0	0	6515
TP1_synth_reverse		50	T	925	89	1373	181	106	94	661498	664266	0	0	11	1	1	0	6502	6515
TP1_synth_reverse		51	A	663206	43	964	74	0	86	93	664466	6510	0	6	0	0	0	0	6516
TP1_synth_reverse		52	C	529	662278	912	93	184	218	187	664401	0	6506	7	0	2	0	1	6516
TP1_synth_reverse		53	A	662707	24	1023	131	282	234	110	664511	6506	0	10	0	2	0	0	6518
TP1_synth_reverse		54	G	172	255	705	662995	3	77	329	664536	0	0	8	6510	0	0	0	6518
TP1_synth_reverse		55	A	662764	75	1496	82	0	83	66	664566	6502	0	16	0	0	0	0	6518
TP1_synth_reverse		56	A	663285	8	921	139	0	76	120	664549	6509	0	9	0	0	0	0	6518
TP1_synth_reverse		57	T	1625	46	1120	200	0	163	661513	664667	0	0	12	0	0	0	6507	6519
TP1_synth_reverse		58	A	662935	12	1325	72	0	227	107	664678	6506	0	13	0	0	0	0	6519
TP1_synth_reverse		59	T	899	102	2030	98	5	304	661024	664462	0	1	22	0	0	0	6496	6519
TP1_synth_reverse		60	C	701	661480	1823	53	10	200	183	664450	0	6497	20	0	0	0	2	6519
TP1_synth_reverse		61	T	1143	218	1881	38	546	171	660430	664427	0	1	21	0	6	0	6491	6519
TP1_synth_reverse		62	G	696	260	2529	660183	2	240	382	664292	2	0	27	6490	0	0	0	6519
TP1_synth_reverse		63	T	1870	61	1512	13	0	142	660697	664295	0	0	16	0	0	0	6503	6519
TP1_synth_reverse		64	T	1726	50	1326	161	1	44	660976	664284	0	0	13	2	0	0	6504	6519
TP1_synth_reverse		65	C	942	660308	2055	29	166	113	661	664274	0	6490	20	0	2	0	7	6519
TP1_synth_reverse		66	G	624	340	1653	661083	33	46	459	664238	3	0	16	6499	0	0	1	6519
TP1_synth_reverse		67	C	825	661364	1537	32	191	160	127	664236	0	6503	13	0	2	0	1	6519
TP1_synth_reverse		68	A	662297	301	1249	142	79	70	84	664222	6506	2	11	0	0	0	0	6519
TP1_synth_reverse		69	C	315	662238	1195	41	2	38	350	664179	0	6506	11	0	0	0	2	6519
TP1_synth_reverse		70	T	1004	101	1385	39	0	76	661561	664166	0	0	14	0	0	0	6505	6519
TP1_synth_reverse		71	C	336	660706	2574	29	0	227	280	664152	0	6497	21	0	0	0	1	6519
TP1_synth_reverse		72	C	682	661301	1788	61	45	94	172	664143	0	6504	14	0	1	0	0	6519
TP1_synth_reverse		73	G	369	435	2510	660210	62	243	289	664118	2	0	20	6496	1	0	0	6519
TP1_synth_reverse		74	A	661074	42	2642	102	20	110	44	664034	6495	0	24	0	0	0	0	6519
TP1_synth_reverse		75	G	256	392	2544	660266	1	48	507	664014	1	0	21	6494	0	0	3	6519
TP1_synth_reverse		76	T	908	92	2757	46	158	39	660002	664002	1	0	21	0	1	0	6496	6519
TP1_synth_reverse		77	G	176	339	1321	661912	1	36	193	663978	1	0	11	6507	0	0	0	6519
TP1_synth_reverse		78	C	417	659388	2241	263	162	364	1132	663967	0	6490	18	3	1	0	7	6519
TP1_synth_reverse		79	G	379	610	2218	660174	1	80	363	663825	1	1	19	6498	0	0	0	6519
TP1_synth_reverse		80	G	584	239	954	661597	7	101	318	663800	5	0	8	6505	0	0	1	6519
TP1_synth_reverse		81	C	363	661838	1267	73	5	75	166	663787	2	6506	10	0	0	0	1	6519
TP1_synth_reverse		82	A	660980	25	2244	100	0	43	258	663650	6500	0	18	0	0	0	1	6519
TP1_synth_reverse		83	A	662520	61	751	64	0	165	88	663649	6512	0	7	0	0	0	0	6519
TP1_synth_reverse		84	A	662897	42	229	116	61	177	99	663621	6515	0	2	0	1	0	1	6519
TP1_synth_reverse		85	G	182	326	130	662589	53	86	131	663497	0	0	1	6517	1	0	0	6519
TP1_synth_reverse		86	C	590	662558	132	16	1	66	91	663454	0	6517	2	0	0	0	0	6519
TP1_synth_reverse		87	T	1034	65	373	17	3	216	661678	663386	0	0	4	0	0	0	6515	6519
TP1_synth_reverse		88	G	167	470	179	661834	248	93	202	663193	0	0	2	6516	1	0	0	6519
TP1_synth_reverse		89	T	621	92	405	13	0	32	661990	663153	0	0	2	0	0	0	6517	6519
TP1_synth_reverse		90	T	579	97	0	15	2	53	662182	662928	0	0	0	0	0	0	6519	6519
TP1_synth_reverse		91	C	458	661848	0	67	1	205	186	662765	0	6519	0	0	0	0	0	6519
TP1_synth_reverse		92	C	373	661681	0	66	0	288	162	662570	0	6519	0	0	0	0	0	6519
TP1_synth_reverse		93	G	285	377	0	660589	0	120	143	661514	1	0	0	6517	0	0	0	6518
TP1_synth_reverse		94	T	506	91	0	31	0	55	660224	660907	0	0	0	0	0	0	6518	6518
TP1_synth_reverse		95	C	0	660206	0	0	0	133	0	660339	0	6518	0	0	0	0	0	6518
TP1_synth_reverse		96	C	0	659598	0	0	0	62	0	659660	0	6518	0	0	0	0	0	6518
TP1_synth_reverse		97	C	0	658186	0	0	0	118	0	658304	0	6518	0	0	0	0	0	6518
TP1_synth_reverse		98	A	655907	0	0	0	0	0	0	655907	6518	0	0	0	0	0	0	6518
TP1_synth_reverse		99	G	0	0	0	654745	0	0	0	654745	0	0	0	6518	0	0	0	6518
