



























































































































































































































#AmpliconChromStart	Alias	Position	ProbableRef	rawA	rawC	rawD	rawG	rawI	rawN	rawT	rawDepth	consA	consC	consD	consG	consI	consN	consT	consDepth	
TP1_synth_reverse		1	G	0	0	0	657661	0	0	0	657661	0	0	0	10935	0	0	0	10935
TP1_synth_reverse		2	T	0	0	0	0	0	0	659124	659124	0	0	0	0	0	0	10947	10947
TP1_synth_reverse		3	G	0	0	0	661135	0	65	0	661200	0	0	0	10969	0	0	0	10969
TP1_synth_reverse		4	G	0	0	0	661922	0	36	0	661958	0	0	0	10976	0	0	0	10976
TP1_synth_reverse		5	T	0	0	0	0	0	19	662341	662360	0	0	0	0	0	0	10979	10979
TP1_synth_reverse		6	G	77	77	0	662641	0	10	190	662995	0	0	0	10985	0	0	2	10987
TP1_synth_reverse		7	A	662813	18	0	74	0	51	102	663058	10989	0	0	0	0	0	0	10989
TP1_synth_reverse		8	G	83	73	0	663702	0	77	247	664182	0	0	0	11006	0	0	2	11008
TP1_synth_reverse		9	G	75	140	0	663914	2	24	123	664278	0	0	0	11010	0	0	0	11010
TP1_synth_reverse		10	C	225	663941	4	21	0	16	129	664336	0	11010	0	0	0	0	1	11011
TP1_synth_reverse		11	T	170	100	133	12	247	22	663663	664347	0	0	1	0	5	0	11005	11011
TP1_synth_reverse		12	C	288	662486	1355	16	0	56	156	664357	0	10993	18	0	0	0	0	11011
TP1_synth_reverse		13	C	407	663777	2	23	0	60	103	664372	0	11011	0	0	0	0	0	11011
TP1_synth_reverse		14	C	408	663668	0	21	0	50	225	664372	0	11010	0	0	0	0	1	11011
TP1_synth_reverse		15	C	288	663478	68	22	216	56	244	664372	0	11004	1	0	5	0	1	11011
TP1_synth_reverse		16	T	335	74	1185	8	0	139	662645	664386	0	0	20	0	0	0	10991	11011
TP1_synth_reverse		17	T	352	193	175	10	1	51	663604	664386	0	2	2	0	0	0	11007	11011
TP1_synth_reverse		18	T	340	239	146	2	1	40	663625	664393	0	3	2	0	0	0	11006	11011
TP1_synth_reverse		19	C	328	663585	410	11	74	54	88	664550	0	11002	7	0	3	0	0	11012
TP1_synth_reverse		20	T	228	73	581	16	0	24	663628	664550	0	0	11	0	0	0	11001	11012
TP1_synth_reverse		21	T	473	284	489	28	1337	75	661872	664558	0	1	6	0	17	0	10988	11012
TP1_synth_reverse		22	G	125	379	892	662647	282	19	222	664566	2	0	11	10996	3	0	0	11012
TP1_synth_reverse		23	C	551	659727	928	115	2073	27	1145	664566	0	10957	14	1	30	0	10	11012
TP1_synth_reverse		24	G	267	177	1355	662139	4	31	593	664566	2	0	15	10995	0	0	0	11012
TP1_synth_reverse		25	G	94	604	897	662444	65	87	375	664566	0	0	13	10996	2	0	1	11012
TP1_synth_reverse		26	A	662411	18	1402	136	460	38	118	664583	10988	0	18	0	7	0	0	11013
TP1_synth_reverse		27	G	73	870	1142	662090	109	23	276	664583	0	0	17	10994	1	0	1	11013
TP1_synth_reverse		28	A	663201	28	837	127	154	26	210	664583	10994	0	13	1	3	0	2	11013
TP1_synth_reverse		29	T	492	109	865	81	0	113	662923	664583	1	1	14	0	0	0	10997	11013
TP1_synth_reverse		30	T	978	301	600	41	12	76	662621	664629	0	2	11	0	0	0	11001	11014
TP1_synth_reverse		31	C	657	662563	870	27	0	50	444	664611	1	10992	17	0	0	0	4	11014
TP1_synth_reverse		32	T	530	120	1209	58	80	267	662278	664542	0	1	13	1	2	0	10997	11014
TP1_synth_reverse		33	C	414	662697	1027	27	95	99	183	664542	0	10999	13	0	1	0	1	11014
TP1_synth_reverse		34	T	679	119	1351	55	3	61	662247	664515	0	1	17	0	0	0	10996	11014
TP1_synth_reverse		35	T	1526	196	1319	36	407	62	660947	664493	1	1	18	0	5	0	10989	11014
TP1_synth_reverse		36	C	484	662391	1441	25	1	45	110	664497	0	10991	23	0	0	0	0	11014
TP1_synth_reverse		37	C	564	662323	1003	37	118	56	389	664490	0	10990	16	0	2	0	6	11014
TP1_synth_reverse		38	T	626	196	1798	181	1	22	661658	664482	0	4	26	0	0	0	10984	11014
TP1_synth_reverse		39	C	352	662249	1590	41	38	55	84	664409	0	10989	24	0	1	0	0	11014
TP1_synth_reverse		40	T	1205	95	1865	20	848	109	660260	664402	1	0	25	0	12	0	10976	11014
TP1_synth_reverse		41	G	527	563	1659	661327	31	14	272	664393	3	0	27	10983	1	0	0	11014
TP1_synth_reverse		42	T	1881	108	1115	30	807	46	660344	664331	0	0	18	1	10	0	10984	11013
TP1_synth_reverse		43	G	391	442	1467	660824	257	312	640	664333	0	0	23	10985	3	0	3	11014
TP1_synth_reverse		44	C	465	660387	1140	61	911	122	1245	664331	2	10969	24	0	8	0	11	11014
TP1_synth_reverse		45	G	252	367	755	661155	298	41	1323	664191	2	1	16	10990	4	0	1	11014
TP1_synth_reverse		46	C	714	661791	1034	38	1	13	597	664188	1	10988	17	0	0	0	8	11014
TP1_synth_reverse		47	C	345	662456	769	38	143	20	392	664163	0	10992	15	0	3	0	3	11013
TP1_synth_reverse		48	G	384	551	1198	660994	1	28	989	664145	2	0	19	10991	0	0	1	11013
TP1_synth_reverse		49	A	662553	37	1300	65	2	153	144	664254	10994	0	22	0	0	0	1	11017
TP1_synth_reverse		50	T	929	89	1373	180	106	94	661475	664246	0	0	19	2	1	0	10995	11017
TP1_synth_reverse		51	A	663186	43	964	74	0	86	93	664446	11005	0	15	0	0	0	0	11020
TP1_synth_reverse		52	C	529	662257	912	94	184	218	187	664381	0	11002	14	0	2	0	2	11020
TP1_synth_reverse		53	A	662687	24	1023	131	282	234	110	664491	10999	0	20	0	4	0	0	11023
TP1_synth_reverse		54	G	171	254	705	662980	3	77	326	664516	3	0	13	11008	0	0	0	11024
TP1_synth_reverse		55	A	662745	74	1496	82	0	83	66	664546	11002	0	23	0	0	0	0	11025
TP1_synth_reverse		56	A	663265	8	921	139	0	76	120	664529	11011	0	14	0	0	0	0	11025
TP1_synth_reverse		57	T	1622	46	1120	201	0	163	661495	664647	0	0	15	0	0	0	11012	11027
TP1_synth_reverse		58	A	662916	12	1325	72	0	227	106	664658	11012	0	16	0	0	0	0	11028
TP1_synth_reverse		59	T	898	102	2030	98	5	304	661005	664442	0	1	27	1	0	0	10999	11028
TP1_synth_reverse		60	C	699	661462	1823	53	10	200	183	664430	0	11001	24	0	0	0	3	11028
TP1_synth_reverse		61	T	1144	218	1881	38	546	171	660428	664426	0	4	25	0	8	0	10990	11027
TP1_synth_reverse		62	G	694	260	2529	660185	2	240	381	664291	3	0	31	10992	0	0	1	11027
TP1_synth_reverse		63	T	1867	61	1512	13	0	142	660683	664278	0	0	22	0	0	0	11005	11027
TP1_synth_reverse		64	T	1725	50	1326	161	1	44	660960	664267	0	0	15	2	0	0	11010	11027
TP1_synth_reverse		65	C	941	660292	2055	29	166	113	661	664257	0	10992	24	0	3	0	8	11027
TP1_synth_reverse		66	G	624	340	1653	661066	33	46	459	664221	6	0	19	11000	0	0	1	11026
TP1_synth_reverse		67	C	825	661347	1537	32	191	160	127	664219	0	11006	16	0	2	0	2	11026
TP1_synth_reverse		68	A	662280	301	1249	142	79	70	84	664205	11009	2	15	0	0	0	0	11026
TP1_synth_reverse		69	C	316	662220	1195	41	2	38	350	664162	1	11005	15	0	0	0	4	11025
TP1_synth_reverse		70	T	1007	101	1397	39	0	76	661529	664149	0	0	19	0	0	0	11006	11025
TP1_synth_reverse		71	C	336	660689	2574	29	0	227	280	664135	1	10992	31	0	0	0	1	11025
TP1_synth_reverse		72	C	681	661284	1788	62	45	94	172	664126	0	11001	22	0	1	0	1	11025
TP1_synth_reverse		73	G	369	435	2510	660193	62	243	289	664101	3	0	30	10990	1	0	1	11025
TP1_synth_reverse		74	A	661057	42	2642	102	20	110	44	664017	10990	0	31	0	1	0	0	11022
TP1_synth_reverse		75	G	256	392	2544	660249	1	48	507	663997	3	0	31	10982	0	0	6	11022
TP1_synth_reverse		76	T	908	92	2757	46	158	39	659985	663985	3	0	34	0	1	0	10984	11022
TP1_synth_reverse		77	G	176	339	1321	661895	1	36	193	663961	1	0	18	11003	0	0	0	11022
TP1_synth_reverse		78	C	419	659369	2241	263	162	364	1132	663950	1	10980	27	3	1	0	10	11022
TP1_synth_reverse		79	G	379	611	2218	660155	1	80	364	663808	2	1	23	10995	0	0	0	11021
TP1_synth_reverse		80	G	584	240	954	661579	7	101	318	663783	6	0	9	11005	0	0	1	11021
TP1_synth_reverse		81	C	364	661820	1267	73	5	75	166	663770	2	11007	11	0	0	0	1	11021
TP1_synth_reverse		82	A	660963	25	2244	100	0	43	258	663633	10996	0	24	0	0	0	1	11021
TP1_synth_reverse		83	A	662503	61	751	64	0	165	88	663632	11013	0	8	0	0	0	0	11021
TP1_synth_reverse		84	A	662880	42	229	116	61	177	99	663604	11016	0	3	0	1	0	1	11021
TP1_synth_reverse		85	G	182	325	130	662573	53	86	131	663480	0	0	2	11018	1	0	0	11021
TP1_synth_reverse		86	C	590	662541	132	16	1	66	91	663437	0	11017	3	0	0	0	1	11021
TP1_synth_reverse		87	T	1034	65	373	17	3	216	661661	663369	0	0	4	0	0	0	11017	11021
TP1_synth_reverse		88	G	166	470	179	661818	248	93	202	663176	1	0	2	11017	1	0	0	11021
TP1_synth_reverse		89	T	622	92	405	13	0	32	661972	663136	0	0	4	0	0	0	11017	11021
TP1_synth_reverse		90	T	579	97	0	15	2	53	662165	662911	0	0	0	0	0	0	11021	11021
TP1_synth_reverse		91	C	458	661831	0	67	1	205	186	662748	0	11021	0	0	0	0	0	11021
TP1_synth_reverse		92	C	374	661663	0	66	0	288	162	662553	0	11021	0	0	0	0	0	11021
TP1_synth_reverse		93	G	285	377	0	660572	0	120	143	661497	2	0	0	11016	0	0	0	11018
TP1_synth_reverse		94	T	506	91	0	30	0	55	660208	660890	0	0	0	0	0	0	11017	11017
TP1_synth_reverse		95	C	0	660189	0	0	0	133	0	660322	0	11016	0	0	0	0	0	11016
TP1_synth_reverse		96	C	0	659581	0	0	0	62	0	659643	0	11015	0	0	0	0	0	11015
TP1_synth_reverse		97	C	0	658169	0	0	0	118	0	658287	0	11014	0	0	0	0	0	11014
TP1_synth_reverse		98	A	655892	0	0	0	0	0	0	655892	11010	0	0	0	0	0	0	11010
TP1_synth_reverse		99	G	0	0	0	654729	0	0	0	654729	0	0	0	11008	0	0	0	11008
