



























































































































































































































#AmpliconChromStart	Alias	Position	ProbableRef	rawA	rawC	rawD	rawG	rawI	rawN	rawT	rawDepth	consA	consC	consD	consG	consI	consN	consT	consDepth	
TP1_synth_reverse		1	G	0	0	0	657661	0	0	0	657661	0	0	0	57512	0	0	0	57512
TP1_synth_reverse		2	T	0	0	0	0	0	0	659124	659124	0	0	0	0	0	0	57945	57945
TP1_synth_reverse		3	G	0	0	0	661135	0	65	0	661200	0	0	0	58404	0	23	0	58427
TP1_synth_reverse		4	G	0	0	0	661922	0	36	0	661958	0	0	0	58738	0	20	0	58758
TP1_synth_reverse		5	T	0	0	0	0	0	19	662341	662360	0	0	0	0	0	18	58985	59003
TP1_synth_reverse		6	G	77	77	0	662641	0	10	190	662995	4	8	0	59290	0	5	23	59330
TP1_synth_reverse		7	A	662813	18	0	74	0	51	102	663058	59325	2	0	4	0	15	5	59351
TP1_synth_reverse		8	G	83	73	0	663702	0	77	247	664182	7	13	0	59364	0	18	21	59423
TP1_synth_reverse		9	G	75	140	0	663914	2	24	123	664278	6	31	0	59392	1	1	18	59449
TP1_synth_reverse		10	C	225	663941	4	21	0	16	129	664336	43	59424	1	1	0	0	7	59476
TP1_synth_reverse		11	T	170	100	133	12	247	22	663663	664347	34	7	7	2	27	4	59406	59487
TP1_synth_reverse		12	C	288	662486	1355	16	0	56	156	664357	56	59348	60	0	0	25	8	59497
TP1_synth_reverse		13	C	407	663777	2	23	0	60	103	664372	70	59411	0	1	0	21	6	59509
TP1_synth_reverse		14	C	408	663668	0	21	0	50	225	664372	70	59405	0	3	0	26	5	59509
TP1_synth_reverse		15	C	288	663493	68	22	216	56	244	664387	54	59414	6	1	19	20	8	59522
TP1_synth_reverse		16	T	335	74	1185	8	0	139	662660	664401	66	4	81	0	0	35	59349	59535
TP1_synth_reverse		17	T	352	193	175	10	1	51	663619	664401	91	9	12	1	0	21	59401	59535
TP1_synth_reverse		18	T	340	239	146	2	1	40	663633	664401	84	16	14	0	0	9	59412	59535
TP1_synth_reverse		19	C	328	663593	410	11	74	54	88	664558	120	59381	29	0	5	12	8	59555
TP1_synth_reverse		20	T	228	73	581	16	0	24	663636	664558	51	2	52	3	0	12	59435	59555
TP1_synth_reverse		21	T	473	284	489	28	1337	75	661880	664566	152	16	25	2	112	5	59248	59560
TP1_synth_reverse		22	G	125	379	892	662655	282	19	222	664574	8	134	55	59295	22	0	50	59564
TP1_synth_reverse		23	C	552	659734	928	115	2073	27	1145	664574	149	59117	62	9	174	1	52	59564
TP1_synth_reverse		24	G	267	178	1355	662145	4	31	594	664574	8	50	91	59315	0	9	91	59564
TP1_synth_reverse		25	G	95	603	897	662452	65	87	375	664574	17	144	46	59261	7	29	60	59564
TP1_synth_reverse		26	A	662419	18	1402	136	460	38	118	664591	59421	2	76	8	40	13	12	59572
TP1_synth_reverse		27	G	73	871	1142	662097	109	23	276	664591	6	168	69	59220	7	17	85	59572
TP1_synth_reverse		28	A	663209	28	837	127	154	26	210	664591	59479	4	55	9	9	8	8	59572
TP1_synth_reverse		29	T	492	109	865	81	0	113	662931	664591	83	8	74	14	0	37	59356	59572
TP1_synth_reverse		30	T	978	301	600	41	12	76	662629	664637	307	16	44	3	3	21	59184	59578
TP1_synth_reverse		31	C	658	662561	870	27	0	50	444	664610	159	59291	70	2	0	18	25	59565
TP1_synth_reverse		32	T	530	120	1209	58	80	267	662277	664541	104	9	61	9	6	31	59336	59556
TP1_synth_reverse		33	C	414	662697	1027	26	95	99	183	664541	159	59290	63	3	3	22	14	59554
TP1_synth_reverse		34	T	677	119	1351	55	3	61	662248	664514	139	12	88	3	1	7	59299	59549
TP1_synth_reverse		35	T	1525	196	1319	36	407	62	660947	664492	409	9	63	7	28	23	59001	59540
TP1_synth_reverse		36	C	484	662384	1441	25	1	45	110	664490	102	59313	99	5	1	8	10	59538
TP1_synth_reverse		37	C	566	662314	1003	37	118	56	389	664483	123	59295	69	1	10	7	29	59534
TP1_synth_reverse		38	T	624	196	1798	179	1	22	661655	664475	182	12	112	14	1	11	59195	59527
TP1_synth_reverse		39	C	354	662240	1590	41	38	55	84	664402	85	59296	114	4	8	14	2	59523
TP1_synth_reverse		40	T	1206	95	1865	20	848	109	660252	664395	225	8	128	4	64	11	59080	59520
TP1_synth_reverse		41	G	528	561	1659	661321	31	14	272	664386	83	161	110	59055	1	2	99	59511
TP1_synth_reverse		42	T	1880	108	1115	30	807	46	660331	664317	460	10	104	6	49	9	58865	59503
TP1_synth_reverse		43	G	390	442	1467	660810	257	312	641	664319	80	132	123	59030	15	37	81	59498
TP1_synth_reverse		44	C	466	660385	1140	61	911	122	1245	664330	112	59104	109	3	60	31	87	59506
TP1_synth_reverse		45	G	251	366	755	661155	298	41	1324	664190	29	95	79	59018	17	18	229	59485
TP1_synth_reverse		46	C	713	661791	1034	38	1	13	597	664187	244	59079	104	5	0	5	45	59482
TP1_synth_reverse		47	C	347	662453	769	38	143	20	392	664162	79	59249	76	4	20	10	41	59479
TP1_synth_reverse		48	G	384	549	1198	660996	1	28	988	664144	21	194	112	58925	1	10	201	59464
TP1_synth_reverse		49	A	662552	37	1300	65	2	153	144	664253	59431	2	128	6	1	20	12	59600
TP1_synth_reverse		50	T	923	89	1373	181	106	94	661479	664245	196	7	123	27	5	22	59214	59594
TP1_synth_reverse		51	A	663186	42	964	74	0	86	93	664445	59456	6	111	6	0	22	10	59611
TP1_synth_reverse		52	C	527	662259	912	93	184	218	187	664380	161	59277	106	17	12	10	21	59604
TP1_synth_reverse		53	A	662686	24	1023	131	282	234	110	664490	59425	6	115	7	29	28	7	59617
TP1_synth_reverse		54	G	171	253	705	662979	3	77	327	664515	26	53	84	59382	1	18	54	59618
TP1_synth_reverse		55	A	662743	75	1496	82	0	83	66	664545	59465	7	127	8	0	8	6	59621
TP1_synth_reverse		56	A	663263	8	921	139	0	76	121	664528	59498	4	88	9	0	11	8	59618
TP1_synth_reverse		57	T	1621	46	1120	199	0	163	661497	664646	350	5	105	25	0	24	59107	59616
TP1_synth_reverse		58	A	662915	12	1325	72	0	227	106	664657	59379	2	100	5	0	122	8	59616
TP1_synth_reverse		59	T	895	102	2030	99	5	304	661006	664441	204	10	148	11	2	69	59149	59593
TP1_synth_reverse		60	C	701	661459	1823	53	10	200	183	664429	209	59202	131	6	1	31	8	59588
TP1_synth_reverse		61	T	1141	218	1881	38	546	171	660430	664425	228	17	137	4	38	35	59130	59589
TP1_synth_reverse		62	G	695	258	2529	660188	2	240	382	664294	94	45	153	59012	0	129	141	59574
TP1_synth_reverse		63	T	1861	61	1512	13	0	142	660692	664281	433	3	113	5	0	47	58964	59565
TP1_synth_reverse		64	T	1725	50	1326	161	1	44	660963	664270	334	2	82	5	0	7	59131	59561
TP1_synth_reverse		65	C	942	660294	2055	29	166	113	661	664260	202	59159	142	1	8	13	30	59555
TP1_synth_reverse		66	G	621	340	1653	661070	33	46	460	664223	61	110	111	59159	1	10	91	59543
TP1_synth_reverse		67	C	827	661347	1537	32	191	160	127	664221	242	59153	100	6	11	18	13	59543
TP1_synth_reverse		68	A	662291	301	1249	142	79	70	85	664217	59394	36	92	5	1	9	9	59546
TP1_synth_reverse		69	C	315	662233	1195	41	2	38	350	664174	71	59329	99	2	0	6	27	59534
TP1_synth_reverse		70	T	1003	101	1397	39	0	76	661545	664161	228	6	115	6	0	13	59157	59525
TP1_synth_reverse		71	C	337	660700	2574	29	0	227	280	664147	70	59178	194	2	0	58	18	59520
TP1_synth_reverse		72	C	678	661300	1788	61	45	94	172	664138	205	59117	125	7	5	44	14	59517
TP1_synth_reverse		73	G	369	435	2510	660205	62	243	289	664113	23	102	192	58988	3	139	55	59502
TP1_synth_reverse		74	A	661070	41	2642	102	20	110	44	664029	59217	7	197	9	4	50	3	59487
TP1_synth_reverse		75	G	256	392	2544	660260	1	48	508	664009	32	97	187	59104	1	6	46	59473
TP1_synth_reverse		76	T	905	92	2757	46	158	39	660000	663997	252	12	194	11	11	2	58985	59467
TP1_synth_reverse		77	G	176	339	1321	661906	1	36	194	663973	23	107	119	59152	1	5	47	59454
TP1_synth_reverse		78	C	420	659380	2241	263	162	364	1132	663962	74	59030	162	16	17	54	98	59451
TP1_synth_reverse		79	G	379	610	2218	660168	1	80	364	663820	34	203	157	58983	0	9	53	59439
TP1_synth_reverse		80	G	584	239	954	661592	7	101	318	663795	40	68	73	59156	2	23	60	59422
TP1_synth_reverse		81	C	362	661834	1267	73	5	75	166	663782	60	59250	77	5	2	12	7	59413
TP1_synth_reverse		82	A	660975	25	2244	100	0	43	258	663645	59091	7	156	4	0	10	16	59284
TP1_synth_reverse		83	A	662515	61	751	64	0	165	88	663644	59206	4	34	1	0	33	6	59284
TP1_synth_reverse		84	A	662892	42	229	116	61	177	99	663616	59209	7	16	7	4	29	10	59282
TP1_synth_reverse		85	G	182	326	130	662584	53	86	131	663492	17	86	15	59066	4	22	28	59238
TP1_synth_reverse		86	C	591	662552	132	16	1	66	91	663449	109	59093	10	1	0	4	7	59224
TP1_synth_reverse		87	T	1034	65	373	17	3	216	661673	663381	206	3	18	2	3	25	58950	59207
TP1_synth_reverse		88	G	167	471	179	661828	248	93	202	663188	33	52	5	58993	17	22	57	59179
TP1_synth_reverse		89	T	622	92	405	13	0	32	661985	663149	82	5	33	3	0	6	59040	59169
TP1_synth_reverse		90	T	579	97	0	15	2	53	662178	662924	115	5	0	0	0	7	59010	59137
TP1_synth_reverse		91	C	460	661842	0	67	1	205	186	662761	83	58987	0	9	0	20	9	59108
TP1_synth_reverse		92	C	374	661676	0	66	0	288	162	662566	51	58963	0	3	0	45	8	59070
TP1_synth_reverse		93	G	286	377	0	660584	0	120	143	661510	30	92	0	58812	0	24	23	58981
TP1_synth_reverse		94	T	506	91	0	30	0	55	660221	660903	85	3	0	3	0	6	58838	58935
TP1_synth_reverse		95	C	0	660202	0	0	0	133	0	660335	0	58848	0	0	0	14	0	58862
TP1_synth_reverse		96	C	0	659593	0	0	0	62	0	659655	0	58762	0	0	0	20	0	58782
TP1_synth_reverse		97	C	0	658180	0	0	0	118	0	658298	0	58606	0	0	0	43	0	58649
TP1_synth_reverse		98	A	655900	0	0	0	0	0	0	655900	58487	0	0	0	0	0	0	58487
TP1_synth_reverse		99	G	0	0	0	654738	0	0	0	654738	0	0	0	58353	0	0	0	58353
