



























































































































































































































#AmpliconChromStart	Alias	Position	ProbableRef	rawA	rawC	rawD	rawG	rawI	rawN	rawT	rawDepth	consA	consC	consD	consG	consI	consN	consT	consDepth	
TP1_synth_forward		5	T	0	0	0	0	0	0	1214	1214	0	0	0	0	0	0	27	27
TP1_synth_forward		6	G	0	0	0	2200	0	0	0	2200	0	0	0	50	0	0	0	50
TP1_synth_forward		7	A	2584	0	0	0	0	0	0	2584	71	0	0	0	0	0	0	71
TP1_synth_forward		8	G	0	0	0	6558	0	0	0	6558	0	0	0	193	0	0	0	193
TP1_synth_forward		9	G	0	0	0	7154	0	2	0	7156	0	0	0	211	0	0	0	211
TP1_synth_forward		10	C	5	7179	0	0	0	0	0	7184	0	212	0	0	0	0	0	212
TP1_synth_forward		11	T	23	0	0	0	0	1	7177	7201	0	0	0	0	0	0	214	214
TP1_synth_forward		12	C	5	7228	0	0	0	1	1	7235	0	216	0	0	0	0	0	216
TP1_synth_forward		13	C	19	7268	0	0	0	0	0	7287	0	220	0	0	0	0	0	220
TP1_synth_forward		14	C	12	7282	0	0	0	1	1	7296	0	221	0	0	0	0	0	221
TP1_synth_forward		15	C	10	7279	0	0	7	0	0	7296	0	220	0	0	1	0	0	221
TP1_synth_forward		16	T	34	1	24	0	0	3	7246	7308	0	0	1	0	0	0	221	222
TP1_synth_forward		17	T	83	0	0	1	0	1	7240	7325	0	0	0	0	0	0	223	223
TP1_synth_forward		18	T	41	0	70	0	58	0	7171	7340	0	0	1	0	1	0	222	224
TP1_synth_forward		19	A	7252	0	70	0	32	3	4	7361	223	0	1	0	1	0	0	225
TP1_synth_forward		20	T	28	0	0	0	1	0	7332	7361	0	0	0	0	0	0	225	225
TP1_synth_forward		21	A	7366	0	0	1	5	2	1	7375	226	0	0	0	0	0	0	226
TP1_synth_forward		22	C	10	7358	1	0	2	2	2	7375	0	226	0	0	0	0	0	226
TP1_synth_forward		23	A	7285	0	2	0	90	2	2	7381	225	0	0	0	2	0	0	227
TP1_synth_forward		24	G	1	12	1	7288	70	3	6	7381	0	0	0	225	2	0	0	227
TP1_synth_forward		25	A	7441	1	0	0	0	1	0	7443	229	0	0	0	0	0	0	229
TP1_synth_forward		26	A	7438	0	0	1	1	0	3	7443	229	0	0	0	0	0	0	229
TP1_synth_forward		27	T	70	1	2	6	1	0	7363	7443	0	0	0	0	0	0	229	229
TP1_synth_forward		28	A	7437	0	0	0	1	5	0	7443	229	0	0	0	0	0	0	229
TP1_synth_forward		29	T	39	1	1	1	3	1	7397	7443	0	0	0	0	0	0	229	229
TP1_synth_forward		30	C	13	7425	1	0	2	0	2	7443	0	229	0	0	0	0	0	229
TP1_synth_forward		31	T	53	1	2	0	75	1	7311	7443	0	0	0	0	2	0	227	229
TP1_synth_forward		32	G	9	18	0	7384	4	1	27	7443	0	0	0	229	0	0	0	229
TP1_synth_forward		33	T	109	0	0	0	0	1	7333	7443	0	0	0	0	0	0	229	229
TP1_synth_forward		34	T	99	1	0	0	2	0	7341	7443	0	0	0	0	0	0	229	229
TP1_synth_forward		35	C	22	7407	1	0	8	1	4	7443	0	229	0	0	0	0	0	229
TP1_synth_forward		36	G	2	4	0	7304	0	0	133	7443	0	0	0	229	0	0	0	229
TP1_synth_forward		37	C	27	7412	1	0	4	1	2	7447	0	229	0	0	0	0	0	229
TP1_synth_forward		38	A	7486	4	0	4	9	2	2	7507	230	0	0	0	0	0	0	230
TP1_synth_forward		39	C	10	7490	0	1	1	2	3	7507	0	230	0	0	0	0	0	230
TP1_synth_forward		40	T	78	1	3	0	1	3	7421	7507	0	0	0	0	0	0	230	230
TP1_synth_forward		41	C	12	7498	2	0	0	1	1	7514	0	231	0	0	0	0	0	231
TP1_synth_forward		42	C	24	7449	0	0	38	1	2	7514	0	229	0	0	2	0	0	231
TP1_synth_forward		43	G	2	12	0	7415	0	1	84	7514	0	0	0	231	0	0	0	231
TP1_synth_forward		44	A	7477	1	0	0	32	4	0	7514	230	0	0	0	1	0	0	231
TP1_synth_forward		45	G	4	32	0	7457	1	4	15	7513	0	0	0	231	0	0	0	231
TP1_synth_forward		46	T	99	1	1	0	11	2	7399	7513	0	0	0	0	1	0	230	231
TP1_synth_forward		47	G	25	27	0	7440	2	0	18	7512	0	0	0	231	0	0	0	231
TP1_synth_forward		48	C	29	7449	1	4	24	5	3	7515	0	230	0	0	1	0	0	231
TP1_synth_forward		49	G	9	7	5	7432	0	1	61	7515	0	0	0	231	0	0	0	231
TP1_synth_forward		50	G	24	14	0	7442	0	1	37	7518	0	0	0	231	0	0	0	231
TP1_synth_forward		51	C	16	7488	1	4	2	3	4	7518	0	231	0	0	0	0	0	231
TP1_synth_forward		52	T	79	3	2	1	1	3	7429	7518	0	0	0	0	0	0	231	231
TP1_synth_forward		53	T	119	2	0	1	7	1	7388	7518	0	0	0	0	0	0	231	231
TP1_synth_forward		54	G	23	19	1	7449	0	4	21	7517	0	0	0	230	0	1	0	231
TP1_synth_forward		55	C	20	7347	3	3	146	3	4	7526	0	229	0	0	3	0	0	232
TP1_synth_forward		56	G	9	7	8	7471	0	2	33	7530	0	0	1	232	0	0	0	233
TP1_synth_forward		57	G	12	6	1	7423	73	3	23	7541	0	0	0	234	0	0	0	234
TP1_synth_forward		58	A	7557	1	1	1	2	1	1	7564	235	0	0	0	0	0	0	235
TP1_synth_forward		59	G	6	11	0	7530	1	1	15	7564	0	0	0	235	0	0	0	235
TP1_synth_forward		60	A	7579	2	1	1	0	0	1	7584	236	0	0	0	0	0	0	236
TP1_synth_forward		61	T	29	1	1	19	0	2	7532	7584	0	0	0	0	0	0	236	236
TP1_synth_forward		62	T	67	0	0	8	2	5	7500	7582	0	0	0	0	0	0	236	236
TP1_synth_forward		63	C	10	7568	2	0	2	2	0	7584	0	237	0	0	0	0	0	237
TP1_synth_forward		64	T	61	0	0	1	0	2	7520	7584	0	0	0	0	0	0	237	237
TP1_synth_forward		65	C	8	7570	3	1	0	0	3	7585	0	238	0	0	0	0	0	238
TP1_synth_forward		66	T	63	1	2	1	0	5	7512	7584	0	0	0	0	0	0	238	238
TP1_synth_forward		67	T	83	0	0	0	0	2	7499	7584	0	0	0	0	0	0	238	238
TP1_synth_forward		68	C	7	7572	3	0	0	1	1	7584	0	238	0	0	0	0	0	238
TP1_synth_forward		69	C	22	7554	0	2	0	5	1	7584	0	238	0	0	0	0	0	238
TP1_synth_forward		70	T	45	0	2	2	0	1	7533	7583	1	0	0	0	0	0	237	238
TP1_synth_forward		71	C	9	7586	1	1	1	2	0	7600	0	239	0	0	0	0	0	239
TP1_synth_forward		72	T	62	0	1	1	87	0	7449	7600	0	0	0	0	1	0	238	239
TP1_synth_forward		73	G	8	38	1	7532	2	4	15	7600	0	0	0	239	0	0	0	239
TP1_synth_forward		74	T	50	2	0	1	4	2	7540	7599	0	0	0	0	0	0	239	239
TP1_synth_forward		75	G	5	15	0	7570	0	3	5	7598	0	0	0	239	0	0	0	239
TP1_synth_forward		76	C	25	7551	4	3	2	1	11	7597	0	239	0	0	0	0	0	239
TP1_synth_forward		77	G	63	15	6	7476	1	1	34	7596	0	0	0	239	0	0	0	239
TP1_synth_forward		78	C	13	7502	66	0	0	6	6	7593	0	238	1	0	0	0	0	239
TP1_synth_forward		79	C	11	7570	0	2	2	2	6	7593	0	239	0	0	0	0	0	239
TP1_synth_forward		80	G	10	14	3	7532	0	1	28	7588	0	0	0	239	0	0	0	239
TP1_synth_forward		81	C	9	7573	1	2	0	1	1	7587	0	239	0	0	0	0	0	239
TP1_synth_forward		82	A	7574	0	3	7	0	0	2	7586	239	0	0	0	0	0	0	239
TP1_synth_forward		83	A	7578	0	0	4	0	1	3	7586	239	0	0	0	0	0	0	239
TP1_synth_forward		84	A	7573	4	0	5	0	3	1	7586	239	0	0	0	0	0	0	239
TP1_synth_forward		85	G	2	7	2	7562	0	2	9	7584	0	0	0	239	0	0	0	239
TP1_synth_forward		86	C	13	7560	0	4	0	2	2	7581	0	239	0	0	0	0	0	239
TP1_synth_forward		87	T	63	1	0	2	0	4	7502	7572	1	0	0	0	0	1	237	239
TP1_synth_forward		88	G	10	19	0	7524	0	2	8	7563	0	0	0	239	0	0	0	239
TP1_synth_forward		89	T	64	1	4	1	0	2	7486	7558	0	0	0	0	0	0	239	239
TP1_synth_forward		90	T	74	0	0	2	1	1	7473	7551	0	0	0	0	0	0	239	239
TP1_synth_forward		91	C	13	7526	1	2	0	0	6	7548	1	238	0	0	0	0	0	239
TP1_synth_forward		92	C	7	7532	0	2	0	0	3	7544	0	239	0	0	0	0	0	239
TP1_synth_forward		93	G	11	12	0	7509	0	1	2	7535	0	0	0	239	0	0	0	239
TP1_synth_forward		94	T	59	0	0	4	0	1	7461	7525	0	0	0	0	0	0	239	239
TP1_synth_forward		95	C	0	7519	0	0	0	1	4	7524	0	239	0	0	0	0	0	239
TP1_synth_forward		96	C	0	7512	0	0	0	0	0	7512	0	239	0	0	0	0	0	239
TP1_synth_forward		97	C	0	7479	0	0	0	2	0	7481	0	238	0	0	0	0	0	238
TP1_synth_forward		98	A	7451	0	0	0	0	2	0	7453	238	0	0	0	0	0	0	238
TP1_synth_forward		99	G	0	0	0	7436	0	0	0	7436	0	0	0	238	0	0	0	238
TP1_synth_forward		100	T	0	0	0	0	0	0	7371	7371	0	0	0	0	0	0	238	238
TP1_synth_forward	TP1_synth_forward	1	G	0	0	0	887415	0	0	0	887415	0	0	0	52014	0	0	0	52014
TP1_synth_forward	TP1_synth_forward	2	T	0	0	0	0	0	0	889118	889118	0	0	0	0	0	0	52082	52082
TP1_synth_forward	TP1_synth_forward	3	G	0	0	0	893365	0	14	0	893379	0	0	0	52234	0	0	0	52234
TP1_synth_forward	TP1_synth_forward	4	G	0	0	0	895416	0	3	0	895419	0	0	0	52309	0	0	0	52309
TP1_synth_forward	TP1_synth_forward	5	T	0	0	0	0	0	24	895395	895419	0	0	0	0	0	0	52309	52309
TP1_synth_forward	TP1_synth_forward	6	G	177	175	0	894609	0	184	274	895419	1	0	0	52301	0	4	3	52309
TP1_synth_forward	TP1_synth_forward	7	A	894887	38	0	157	0	191	146	895419	52306	0	0	1	0	2	0	52309
TP1_synth_forward	TP1_synth_forward	8	G	145	54	0	894973	1	38	208	895419	0	0	0	52303	0	0	6	52309
TP1_synth_forward	TP1_synth_forward	9	G	190	177	0	894422	12	362	256	895419	1	1	0	52297	0	4	6	52309
TP1_synth_forward	TP1_synth_forward	10	C	142	894502	143	23	207	229	173	895419	0	52300	1	0	6	2	0	52309
TP1_synth_forward	TP1_synth_forward	11	T	494	160	641	12	2327	154	891631	895419	0	0	9	0	88	2	52210	52309
TP1_synth_forward	TP1_synth_forward	12	C	145	892190	2742	22	3	75	242	895419	0	52219	90	0	0	0	0	52309
TP1_synth_forward	TP1_synth_forward	13	C	405	894598	27	60	1	138	190	895419	1	52307	1	0	0	0	0	52309
TP1_synth_forward	TP1_synth_forward	14	C	285	894675	97	32	4	34	292	895419	0	52307	1	0	0	0	1	52309
TP1_synth_forward	TP1_synth_forward	15	C	178	891241	295	13	3167	119	406	895419	0	52134	12	0	154	1	8	52309
TP1_synth_forward	TP1_synth_forward	16	T	517	207	3207	11	1	51	891425	895419	2	6	143	0	0	0	52158	52309
TP1_synth_forward	TP1_synth_forward	17	T	385	228	488	34	3	70	894211	895419	0	3	26	0	0	0	52280	52309
TP1_synth_forward	TP1_synth_forward	18	T	324	80	215	22	1054	173	893551	895419	6	0	14	0	58	4	52227	52309
TP1_synth_forward	TP1_synth_forward	19	A	893516	11	736	120	604	82	350	895419	52218	0	43	0	42	1	5	52309
TP1_synth_forward	TP1_synth_forward	20	T	406	113	418	43	547	125	893767	895419	0	0	25	0	27	0	52257	52309
TP1_synth_forward	TP1_synth_forward	21	A	894127	22	434	115	464	81	176	895419	52260	0	28	0	20	1	0	52309
TP1_synth_forward	TP1_synth_forward	22	C	266	892803	636	61	1117	82	454	895419	0	52205	38	0	57	1	8	52309
TP1_synth_forward	TP1_synth_forward	23	A	888320	15	1044	203	5391	244	202	895419	52024	0	52	4	225	4	0	52309
TP1_synth_forward	TP1_synth_forward	24	G	351	69	539	891829	1727	205	699	895419	4	4	31	52176	76	0	18	52309
TP1_synth_forward	TP1_synth_forward	25	A	894266	18	711	198	0	134	92	895419	52274	0	33	1	0	1	0	52309
TP1_synth_forward	TP1_synth_forward	26	A	893856	8	232	192	710	67	354	895419	52269	0	7	3	27	1	2	52309
TP1_synth_forward	TP1_synth_forward	27	T	1009	102	334	70	1034	69	892801	895419	1	3	22	0	42	1	52240	52309
TP1_synth_forward	TP1_synth_forward	28	A	894013	45	360	70	698	99	134	895419	52254	1	19	1	31	2	1	52309
TP1_synth_forward	TP1_synth_forward	29	T	579	156	248	347	393	135	893561	895419	0	0	12	0	14	1	52282	52309
TP1_synth_forward	TP1_synth_forward	30	C	455	893309	367	78	1013	49	148	895419	1	52265	11	1	29	1	1	52309
TP1_synth_forward	TP1_synth_forward	31	T	2096	117	751	51	6362	24	885989	895390	1	0	21	4	230	0	52053	52309
TP1_synth_forward	TP1_synth_forward	32	G	481	220	351	891856	1215	67	1179	895369	5	0	17	52199	49	2	37	52309
TP1_synth_forward	TP1_synth_forward	33	T	2016	102	507	10	17	167	892532	895351	1	0	27	0	0	4	52277	52309
TP1_synth_forward	TP1_synth_forward	34	T	3401	169	56	2	518	151	891036	895333	1	6	6	0	23	4	52269	52309
TP1_synth_forward	TP1_synth_forward	35	C	717	889179	651	57	4303	51	352	895310	1	52118	22	1	162	1	4	52309
TP1_synth_forward	TP1_synth_forward	36	G	278	262	153	891906	474	226	1996	895295	4	0	13	52254	21	3	14	52309
TP1_synth_forward	TP1_synth_forward	37	C	288	893894	182	30	424	233	236	895287	0	52280	9	0	12	3	5	52309
TP1_synth_forward	TP1_synth_forward	38	A	894358	101	211	121	229	76	182	895278	52296	0	6	0	7	0	0	52309
TP1_synth_forward	TP1_synth_forward	39	C	208	893875	166	123	517	77	306	895272	2	52273	7	0	20	1	6	52309
TP1_synth_forward	TP1_synth_forward	40	T	2766	186	616	17	382	72	891208	895247	3	1	18	0	24	1	52262	52309
TP1_synth_forward	TP1_synth_forward	41	C	401	893428	1019	17	1	118	259	895243	0	52277	28	0	0	1	3	52309
TP1_synth_forward	TP1_synth_forward	42	C	381	889980	358	54	3929	51	476	895229	1	52202	7	0	94	0	5	52309
TP1_synth_forward	TP1_synth_forward	43	G	411	244	577	891617	555	53	1745	895202	5	1	17	52261	16	0	9	52309
TP1_synth_forward	TP1_synth_forward	44	A	891232	23	674	133	2908	143	76	895189	52192	0	20	1	91	4	1	52309
TP1_synth_forward	TP1_synth_forward	45	G	307	466	496	892251	466	307	881	895174	7	2	11	52261	12	5	11	52309
TP1_synth_forward	TP1_synth_forward	46	T	1838	105	632	46	2732	117	889689	895159	1	0	11	0	79	1	52217	52309
TP1_synth_forward	TP1_synth_forward	47	G	355	299	505	892513	549	165	747	895133	0	1	12	52279	9	2	6	52309
TP1_synth_forward	TP1_synth_forward	48	C	408	886894	578	114	6038	364	730	895126	0	52153	8	0	135	3	10	52309
TP1_synth_forward	TP1_synth_forward	49	G	359	167	1312	892212	8	249	804	895111	3	0	24	52270	0	1	11	52309
TP1_synth_forward	TP1_synth_forward	50	G	389	341	369	892897	207	132	761	895096	3	1	9	52275	4	1	16	52309
TP1_synth_forward	TP1_synth_forward	51	C	331	891711	484	1138	673	296	453	895086	0	52262	16	0	16	6	9	52309
TP1_synth_forward	TP1_synth_forward	52	T	1824	113	929	173	5	183	891827	895054	0	0	30	0	0	5	52274	52309
TP1_synth_forward	TP1_synth_forward	53	T	1625	146	530	81	2566	67	890027	895042	1	0	7	1	59	1	52240	52309
TP1_synth_forward	TP1_synth_forward	54	G	567	255	1371	891251	475	193	908	895020	11	0	12	52259	6	3	18	52309
TP1_synth_forward	TP1_synth_forward	55	C	317	888201	1515	255	3608	407	706	895009	0	52174	23	3	100	2	7	52309
TP1_synth_forward	TP1_synth_forward	56	G	474	170	1404	892108	1	253	583	894993	1	1	21	52276	0	4	6	52309
TP1_synth_forward	TP1_synth_forward	57	G	355	98	176	892996	200	94	1043	894962	10	1	5	52270	9	1	13	52309
TP1_synth_forward	TP1_synth_forward	58	A	892813	33	665	248	924	86	175	894944	52274	0	16	3	14	2	0	52309
TP1_synth_forward	TP1_synth_forward	59	G	303	186	300	892932	128	54	840	894743	4	1	11	52279	3	1	10	52309
TP1_synth_forward	TP1_synth_forward	60	A	893507	65	621	172	192	45	132	894734	52291	0	16	0	2	0	0	52309
TP1_synth_forward	TP1_synth_forward	61	T	429	153	473	479	1	105	893075	894715	0	0	8	0	0	1	52300	52309
TP1_synth_forward	TP1_synth_forward	62	T	1730	185	49	449	53	93	892011	894570	2	0	1	0	2	0	52304	52309
TP1_synth_forward	TP1_synth_forward	63	C	512	893136	227	58	156	147	302	894538	1	52286	4	0	8	3	7	52309
TP1_synth_forward	TP1_synth_forward	64	T	2396	138	303	103	49	120	891399	894508	0	2	10	0	1	0	52296	52309
TP1_synth_forward	TP1_synth_forward	65	C	248	893127	361	45	116	137	465	894499	1	52293	8	0	2	1	4	52309
TP1_synth_forward	TP1_synth_forward	66	T	1854	183	214	58	0	80	892105	894494	0	0	6	0	0	0	52303	52309
TP1_synth_forward	TP1_synth_forward	67	T	2466	121	23	51	47	97	891666	894471	0	0	2	0	3	2	52302	52309
TP1_synth_forward	TP1_synth_forward	68	C	365	892897	828	66	0	100	214	894470	0	52276	27	2	0	1	3	52309
TP1_synth_forward	TP1_synth_forward	69	C	636	892716	191	62	53	126	664	894448	1	52294	4	0	1	0	9	52309
TP1_synth_forward	TP1_synth_forward	70	T	2125	133	600	34	68	229	891247	894436	2	2	8	0	4	2	52291	52309
TP1_synth_forward	TP1_synth_forward	71	C	564	893039	326	41	74	99	289	894432	0	52290	9	0	2	2	6	52309
TP1_synth_forward	TP1_synth_forward	72	T	2398	141	504	88	644	117	890522	894414	0	1	21	1	20	2	52264	52309
TP1_synth_forward	TP1_synth_forward	73	G	573	378	466	891883	57	135	908	894400	6	1	14	52272	3	3	10	52309
TP1_synth_forward	TP1_synth_forward	74	T	1647	152	202	27	571	120	891673	894392	1	0	8	0	15	5	52280	52309
TP1_synth_forward	TP1_synth_forward	75	G	465	239	742	891898	231	123	681	894379	6	1	9	52277	4	1	11	52309
TP1_synth_forward	TP1_synth_forward	76	C	497	890368	1076	122	874	209	1229	894375	0	52255	13	1	20	1	19	52309
TP1_synth_forward	TP1_synth_forward	77	G	613	484	1003	890644	59	117	1428	894348	11	1	10	52261	0	4	22	52309
TP1_synth_forward	TP1_synth_forward	78	C	223	891286	1728	50	1	167	890	894345	1	52253	40	0	0	4	11	52309
TP1_synth_forward	TP1_synth_forward	79	C	248	892606	141	90	348	162	742	894337	1	52287	1	1	8	2	9	52309
TP1_synth_forward	TP1_synth_forward	80	G	780	615	413	891113	73	55	1254	894303	16	2	4	52276	1	0	10	52309
TP1_synth_forward	TP1_synth_forward	81	C	450	892980	319	46	193	60	246	894294	4	52284	12	0	5	1	3	52309
TP1_synth_forward	TP1_synth_forward	82	A	892541	116	1172	256	1	66	136	894288	52289	1	16	2	0	1	0	52309
TP1_synth_forward	TP1_synth_forward	83	A	893763	85	12	210	0	103	110	894283	52305	0	0	1	0	2	0	52308
TP1_synth_forward	TP1_synth_forward	84	A	893395	88	0	234	134	281	115	894247	52301	0	0	0	4	3	0	52308
TP1_synth_forward	TP1_synth_forward	85	G	261	312	162	892919	108	171	233	894166	0	0	4	52302	1	1	0	52308
TP1_synth_forward	TP1_synth_forward	86	C	523	892786	86	151	20	168	349	894083	1	52299	0	1	2	3	2	52308
TP1_synth_forward	TP1_synth_forward	87	T	2860	177	59	437	26	149	890203	893911	5	2	1	0	0	3	52296	52307
TP1_synth_forward	TP1_synth_forward	88	G	296	239	212	892362	145	76	412	893742	1	1	5	52295	2	1	0	52305
TP1_synth_forward	TP1_synth_forward	89	T	1306	110	445	38	0	45	891655	893599	2	0	5	0	0	1	52297	52305
TP1_synth_forward	TP1_synth_forward	90	T	2329	157	75	51	655	40	889874	893181	5	0	0	1	6	0	52291	52303
TP1_synth_forward	TP1_synth_forward	91	C	571	891432	513	152	1	19	272	892960	2	52287	10	2	0	0	0	52301
TP1_synth_forward	TP1_synth_forward	92	C	402	891987	0	73	0	56	269	892787	1	52293	0	0	0	1	2	52297
TP1_synth_forward	TP1_synth_forward	93	G	584	412	0	890784	0	71	197	892048	5	1	0	52279	0	1	3	52289
TP1_synth_forward	TP1_synth_forward	94	T	1904	145	0	83	0	73	889354	891559	3	0	0	0	0	0	52277	52280
TP1_synth_forward	TP1_synth_forward	95	C	196	890591	0	96	0	133	211	891227	0	52270	0	0	0	2	4	52276
TP1_synth_forward	TP1_synth_forward	96	C	0	890374	0	0	0	73	0	890447	0	52272	0	0	0	1	0	52273
TP1_synth_forward	TP1_synth_forward	97	C	0	888431	0	0	0	66	0	888497	0	52251	0	0	0	1	0	52252
TP1_synth_forward	TP1_synth_forward	98	A	884817	0	0	0	0	25	0	884842	52202	0	0	0	0	0	0	52202
TP1_synth_forward	TP1_synth_forward	99	G	0	0	0	883319	0	0	0	883319	0	0	0	52195	0	0	0	52195
TP1_synth_forward	TP1_synth_forward	100	T	0	0	0	0	0	0	880505	880505	0	0	0	0	0	0	52185	52185
