



























































































































































































































#AmpliconChromStart	Alias	Position	ProbableRef	rawA	rawC	rawD	rawG	rawI	rawN	rawT	rawDepth	consA	consC	consD	consG	consI	consN	consT	consDepth	
TP1_synth_forward		5	T	0	0	0	0	0	0	1214	1214	0	0	0	0	0	0	775	775
TP1_synth_forward		6	G	0	0	0	2200	0	0	0	2200	0	0	0	1372	0	0	0	1372
TP1_synth_forward		7	A	2584	0	0	0	0	0	0	2584	1457	0	0	0	0	0	0	1457
TP1_synth_forward		8	G	0	0	0	6558	0	0	0	6558	0	0	0	1736	0	0	0	1736
TP1_synth_forward		9	G	0	0	0	7154	0	2	0	7156	0	0	0	1794	0	2	0	1796
TP1_synth_forward		10	C	5	7179	0	0	0	0	0	7184	3	1811	0	0	0	0	0	1814
TP1_synth_forward		11	T	23	0	0	0	0	1	7177	7201	17	0	0	0	0	0	1811	1828
TP1_synth_forward		12	C	5	7228	0	0	0	1	1	7235	4	1850	0	0	0	1	0	1855
TP1_synth_forward		13	C	19	7268	0	0	0	0	0	7287	12	1866	0	0	0	0	0	1878
TP1_synth_forward		14	C	12	7282	0	0	0	1	1	7296	8	1877	0	0	0	0	0	1885
TP1_synth_forward		15	C	10	7279	0	0	7	0	0	7296	6	1873	0	0	6	0	0	1885
TP1_synth_forward		16	T	34	1	24	0	0	3	7246	7308	23	1	5	0	0	2	1864	1895
TP1_synth_forward		17	T	83	0	0	1	0	1	7240	7325	39	0	0	0	0	1	1867	1907
TP1_synth_forward		18	T	41	0	70	0	58	0	7171	7340	24	0	4	0	6	0	1884	1918
TP1_synth_forward		19	A	7252	0	70	0	32	3	4	7361	1921	0	4	0	4	1	1	1931
TP1_synth_forward		20	T	28	0	0	0	1	0	7332	7361	14	0	0	0	1	0	1916	1931
TP1_synth_forward		21	A	7366	0	0	1	5	2	1	7375	1933	0	0	0	5	1	0	1939
TP1_synth_forward		22	C	10	7358	1	0	2	2	2	7375	8	1927	1	0	2	0	1	1939
TP1_synth_forward		23	A	7285	0	2	0	90	2	2	7381	1927	0	2	0	14	0	0	1943
TP1_synth_forward		24	G	1	12	1	7288	70	3	6	7381	0	7	1	1929	4	0	2	1943
TP1_synth_forward		25	A	7441	1	0	0	0	1	0	7443	1949	0	0	0	0	0	0	1949
TP1_synth_forward		26	A	7438	0	0	1	1	0	3	7443	1947	0	0	1	1	0	0	1949
TP1_synth_forward		27	T	70	1	2	6	1	0	7363	7443	37	0	2	0	1	0	1909	1949
TP1_synth_forward		28	A	7437	0	0	0	1	5	0	7443	1947	0	0	0	1	1	0	1949
TP1_synth_forward		29	T	39	1	1	1	3	1	7397	7443	22	0	1	1	2	0	1923	1949
TP1_synth_forward		30	C	13	7425	1	0	2	0	2	7443	5	1942	1	0	1	0	0	1949
TP1_synth_forward		31	T	53	1	2	0	75	1	7311	7443	37	0	1	0	7	0	1904	1949
TP1_synth_forward		32	G	9	18	0	7384	4	1	27	7443	5	10	0	1916	2	0	16	1949
TP1_synth_forward		33	T	109	0	0	0	0	1	7333	7443	56	0	0	0	0	0	1893	1949
TP1_synth_forward		34	T	99	1	0	0	2	0	7341	7443	61	0	0	0	1	0	1887	1949
TP1_synth_forward		35	C	22	7407	1	0	8	1	4	7443	11	1929	1	0	8	0	0	1949
TP1_synth_forward		36	G	2	4	0	7304	0	0	133	7443	1	3	0	1851	0	0	94	1949
TP1_synth_forward		37	C	27	7412	1	0	4	1	2	7447	12	1937	0	0	2	1	1	1953
TP1_synth_forward		38	A	7486	4	0	4	9	2	2	7507	1958	1	0	1	0	1	0	1961
TP1_synth_forward		39	C	10	7490	0	1	1	2	3	7507	5	1953	0	1	1	1	0	1961
TP1_synth_forward		40	T	78	1	3	0	1	3	7421	7507	47	0	1	0	1	1	1911	1961
TP1_synth_forward		41	C	12	7498	2	0	0	1	1	7514	8	1956	2	0	0	0	0	1966
TP1_synth_forward		42	C	24	7449	0	0	38	1	2	7514	8	1945	0	0	12	0	1	1966
TP1_synth_forward		43	G	2	12	0	7415	0	1	84	7514	2	7	0	1904	0	0	53	1966
TP1_synth_forward		44	A	7477	1	0	0	32	4	0	7514	1959	1	0	0	5	1	0	1966
TP1_synth_forward		45	G	4	32	0	7457	1	4	15	7513	1	20	0	1934	0	2	9	1966
TP1_synth_forward		46	T	99	1	1	0	11	2	7399	7513	47	0	0	0	4	1	1914	1966
TP1_synth_forward		47	G	25	27	0	7440	2	0	18	7512	14	15	0	1926	2	0	9	1966
TP1_synth_forward		48	C	29	7449	1	4	24	5	3	7515	13	1934	1	2	16	2	1	1969
TP1_synth_forward		49	G	9	7	5	7432	0	1	61	7515	4	4	3	1920	0	0	38	1969
TP1_synth_forward		50	G	24	14	0	7442	0	1	37	7518	12	8	0	1931	0	1	20	1972
TP1_synth_forward		51	C	16	7488	1	4	2	3	4	7518	9	1956	0	2	2	3	0	1972
TP1_synth_forward		52	T	79	3	2	1	1	3	7429	7518	40	1	2	0	0	1	1928	1972
TP1_synth_forward		53	T	119	2	0	1	7	1	7388	7518	60	1	0	1	7	0	1903	1972
TP1_synth_forward		54	G	23	19	1	7449	0	4	21	7517	10	10	0	1937	0	1	14	1972
TP1_synth_forward		55	C	20	7347	3	3	146	3	4	7526	11	1944	3	0	17	1	0	1976
TP1_synth_forward		56	G	9	7	8	7471	0	2	33	7530	3	2	5	1945	0	2	22	1979
TP1_synth_forward		57	G	12	6	1	7423	73	3	23	7541	6	3	1	1952	4	0	15	1981
TP1_synth_forward		58	A	7557	1	1	1	2	1	1	7564	1982	1	0	0	2	0	0	1985
TP1_synth_forward		59	G	6	11	0	7530	1	1	15	7564	3	6	0	1963	0	1	12	1985
TP1_synth_forward		60	A	7579	2	1	1	0	0	1	7584	1986	1	0	1	0	0	1	1989
TP1_synth_forward		61	T	29	1	1	19	0	2	7532	7584	10	1	0	13	0	2	1963	1989
TP1_synth_forward		62	T	67	0	0	8	2	5	7500	7582	37	0	0	5	2	3	1940	1987
TP1_synth_forward		63	C	10	7568	2	0	2	2	0	7584	3	1983	1	0	1	0	0	1988
TP1_synth_forward		64	T	61	0	0	1	0	2	7520	7584	41	0	0	0	0	0	1947	1988
TP1_synth_forward		65	C	8	7570	3	1	0	0	3	7585	3	1982	2	0	0	0	1	1988
TP1_synth_forward		66	T	63	1	2	1	0	5	7512	7584	36	0	2	0	0	2	1947	1987
TP1_synth_forward		67	T	83	0	0	0	0	2	7499	7584	54	0	0	0	0	1	1932	1987
TP1_synth_forward		68	C	7	7572	3	0	0	1	1	7584	4	1978	3	0	0	1	1	1987
TP1_synth_forward		69	C	22	7554	0	2	0	5	1	7584	10	1975	0	0	0	2	0	1987
TP1_synth_forward		70	T	45	0	2	2	0	1	7533	7583	30	0	1	0	0	1	1955	1987
TP1_synth_forward		71	C	9	7586	1	1	1	2	0	7600	5	1982	1	0	1	1	0	1990
TP1_synth_forward		72	T	62	0	1	1	87	0	7449	7600	37	0	0	0	5	0	1948	1990
TP1_synth_forward		73	G	8	38	1	7532	2	4	15	7600	7	21	0	1951	1	1	9	1990
TP1_synth_forward		74	T	50	2	0	1	4	2	7540	7599	29	0	0	0	1	2	1958	1990
TP1_synth_forward		75	G	5	15	0	7570	0	3	5	7598	4	11	0	1969	0	2	3	1989
TP1_synth_forward		76	C	25	7551	4	3	2	1	11	7597	13	1967	3	1	1	0	3	1988
TP1_synth_forward		77	G	63	15	6	7476	1	1	34	7596	1	10	1	1954	1	0	20	1987
TP1_synth_forward		78	C	13	7502	66	0	0	6	6	7593	9	1969	4	0	0	3	1	1986
TP1_synth_forward		79	C	11	7570	0	2	2	2	6	7593	5	1975	0	1	1	2	2	1986
TP1_synth_forward		80	G	10	14	3	7532	0	1	28	7588	5	5	1	1948	0	1	23	1983
TP1_synth_forward		81	C	9	7573	1	2	0	1	1	7587	4	1976	1	0	0	1	0	1982
TP1_synth_forward		82	A	7574	0	3	7	0	0	2	7586	1981	0	1	0	0	0	0	1982
TP1_synth_forward		83	A	7578	0	0	4	0	1	3	7586	1980	0	0	1	0	0	1	1982
TP1_synth_forward		84	A	7573	4	0	5	0	3	1	7586	1976	3	0	2	0	1	0	1982
TP1_synth_forward		85	G	2	7	2	7562	0	2	9	7584	2	3	2	1969	0	0	5	1981
TP1_synth_forward		86	C	13	7560	0	4	0	2	2	7581	7	1969	0	0	0	2	2	1980
TP1_synth_forward		87	T	63	1	0	2	0	4	7502	7572	35	0	0	0	0	1	1940	1976
TP1_synth_forward		88	G	10	19	0	7524	0	2	8	7563	8	10	0	1946	0	2	5	1971
TP1_synth_forward		89	T	64	1	4	1	0	2	7486	7558	36	0	2	0	0	2	1929	1969
TP1_synth_forward		90	T	74	0	0	2	1	1	7473	7551	39	0	0	2	1	0	1922	1964
TP1_synth_forward		91	C	13	7526	1	2	0	0	6	7548	8	1951	0	0	0	0	2	1961
TP1_synth_forward		92	C	7	7532	0	2	0	0	3	7544	3	1953	0	1	0	0	1	1958
TP1_synth_forward		93	G	11	12	0	7509	0	1	2	7535	8	4	0	1942	0	0	1	1955
TP1_synth_forward		94	T	59	0	0	4	0	1	7461	7525	32	0	0	1	0	0	1918	1951
TP1_synth_forward		95	C	0	7519	0	0	0	1	4	7524	0	1946	0	0	0	1	3	1950
TP1_synth_forward		96	C	0	7512	0	0	0	0	0	7512	0	1945	0	0	0	0	0	1945
TP1_synth_forward		97	C	0	7479	0	0	0	2	0	7481	0	1929	0	0	0	1	0	1930
TP1_synth_forward		98	A	7451	0	0	0	0	2	0	7453	1922	0	0	0	0	1	0	1923
TP1_synth_forward		99	G	0	0	0	7436	0	0	0	7436	0	0	0	1913	0	0	0	1913
TP1_synth_forward		100	T	0	0	0	0	0	0	7371	7371	0	0	0	0	0	0	1889	1889
TP1_synth_forward	TP1_synth_forward	1	G	0	0	0	887415	0	0	0	887415	0	0	0	110920	0	0	0	110920
TP1_synth_forward	TP1_synth_forward	2	T	0	0	0	0	0	0	889118	889118	0	0	0	0	0	0	111551	111551
TP1_synth_forward	TP1_synth_forward	3	G	0	0	0	893365	0	14	0	893379	0	0	0	112949	0	7	0	112956
TP1_synth_forward	TP1_synth_forward	4	G	0	0	0	895416	0	3	0	895419	0	0	0	113909	0	1	0	113910
TP1_synth_forward	TP1_synth_forward	5	T	0	0	0	0	0	24	895395	895419	0	0	0	0	0	2	113908	113910
TP1_synth_forward	TP1_synth_forward	6	G	177	175	0	894609	0	184	274	895419	12	11	0	113811	0	43	33	113910
TP1_synth_forward	TP1_synth_forward	7	A	894887	38	0	157	0	191	146	895419	113872	1	0	10	0	17	10	113910
TP1_synth_forward	TP1_synth_forward	8	G	145	54	0	894973	1	38	208	895419	9	3	0	113856	1	2	39	113910
TP1_synth_forward	TP1_synth_forward	9	G	190	177	0	894422	12	362	256	895419	16	63	0	113771	8	29	23	113910
TP1_synth_forward	TP1_synth_forward	10	C	142	894502	143	23	207	229	173	895419	18	113796	3	3	12	62	16	113910
TP1_synth_forward	TP1_synth_forward	11	T	494	160	641	12	2327	154	891631	895419	118	10	23	2	197	42	113518	113910
TP1_synth_forward	TP1_synth_forward	12	C	145	892190	2742	22	3	75	242	895419	28	113655	191	0	0	24	12	113910
TP1_synth_forward	TP1_synth_forward	13	C	405	894598	27	60	1	138	190	895419	70	113794	1	1	0	31	13	113910
TP1_synth_forward	TP1_synth_forward	14	C	285	894675	97	32	4	34	292	895419	37	113837	3	2	0	15	16	113910
TP1_synth_forward	TP1_synth_forward	15	C	178	891241	295	13	3167	119	406	895419	31	113461	20	1	366	5	26	113910
TP1_synth_forward	TP1_synth_forward	16	T	517	207	3207	11	1	51	891425	895419	151	23	318	0	0	6	113412	113910
TP1_synth_forward	TP1_synth_forward	17	T	385	228	488	34	3	70	894211	895419	93	15	42	1	0	35	113724	113910
TP1_synth_forward	TP1_synth_forward	18	T	324	80	215	22	1054	173	893551	895419	86	6	22	1	121	45	113629	113910
TP1_synth_forward	TP1_synth_forward	19	A	893516	11	736	120	604	82	350	895419	113691	2	83	8	90	8	28	113910
TP1_synth_forward	TP1_synth_forward	20	T	406	113	418	43	547	125	893767	895419	105	9	56	3	69	26	113642	113910
TP1_synth_forward	TP1_synth_forward	21	A	894127	22	434	115	464	81	176	895419	113766	4	56	5	49	16	14	113910
TP1_synth_forward	TP1_synth_forward	22	C	266	892803	636	61	1117	82	454	895419	50	113592	72	4	130	29	33	113910
TP1_synth_forward	TP1_synth_forward	23	A	888320	15	1044	203	5391	244	202	895419	113144	3	112	23	556	63	9	113910
TP1_synth_forward	TP1_synth_forward	24	G	351	69	539	891829	1727	205	699	895419	25	19	67	113453	184	77	85	113910
TP1_synth_forward	TP1_synth_forward	25	A	894266	18	711	198	0	134	92	895419	113738	3	78	12	0	73	6	113910
TP1_synth_forward	TP1_synth_forward	26	A	893856	8	232	192	710	67	354	895419	113774	0	17	15	60	22	22	113910
TP1_synth_forward	TP1_synth_forward	27	T	1009	102	334	70	1034	69	892801	895419	276	13	47	3	103	8	113460	113910
TP1_synth_forward	TP1_synth_forward	28	A	894013	45	360	70	698	99	134	895419	113767	3	48	7	63	13	9	113910
TP1_synth_forward	TP1_synth_forward	29	T	579	156	248	347	393	135	893561	895419	160	11	30	45	45	71	113548	113910
TP1_synth_forward	TP1_synth_forward	30	C	455	893309	367	78	1013	49	148	895419	97	113674	38	7	84	4	6	113910
TP1_synth_forward	TP1_synth_forward	31	T	2096	117	751	51	6362	24	885989	895390	513	11	49	9	589	1	112718	113890
TP1_synth_forward	TP1_synth_forward	32	G	481	220	351	891856	1215	67	1179	895369	40	59	48	113382	142	13	189	113873
TP1_synth_forward	TP1_synth_forward	33	T	2016	102	507	10	17	167	892532	895351	383	9	60	1	4	72	113333	113862
TP1_synth_forward	TP1_synth_forward	34	T	3401	169	56	2	518	151	891036	895333	653	27	12	0	65	46	113049	113852
TP1_synth_forward	TP1_synth_forward	35	C	717	889179	651	57	4303	51	352	895310	170	113138	58	8	411	18	32	113835
TP1_synth_forward	TP1_synth_forward	36	G	278	262	153	891906	474	226	1996	895295	29	79	31	113199	68	80	340	113826
TP1_synth_forward	TP1_synth_forward	37	C	288	893894	182	30	424	233	236	895287	55	113660	25	3	32	22	22	113819
TP1_synth_forward	TP1_synth_forward	38	A	894358	101	211	121	229	76	182	895278	113716	24	22	4	22	20	5	113813
TP1_synth_forward	TP1_synth_forward	39	C	208	893875	166	123	517	77	306	895272	50	113618	17	9	66	28	21	113809
TP1_synth_forward	TP1_synth_forward	40	T	2766	186	616	17	382	72	891208	895247	685	10	53	1	69	14	112955	113787
TP1_synth_forward	TP1_synth_forward	41	C	401	893428	1019	17	1	118	259	895243	82	113497	98	0	0	80	26	113783
TP1_synth_forward	TP1_synth_forward	42	C	381	889980	358	54	3929	51	476	895229	86	113326	23	6	294	13	31	113779
TP1_synth_forward	TP1_synth_forward	43	G	411	244	577	891617	555	53	1745	895202	24	86	53	113203	52	5	341	113764
TP1_synth_forward	TP1_synth_forward	44	A	891232	23	674	133	2908	143	76	895189	113399	1	54	5	270	20	7	113756
TP1_synth_forward	TP1_synth_forward	45	G	307	466	496	892251	466	307	881	895174	23	111	37	113230	59	94	188	113742
TP1_synth_forward	TP1_synth_forward	46	T	1838	105	632	46	2732	117	889689	895159	340	9	46	5	286	35	113014	113735
TP1_synth_forward	TP1_synth_forward	47	G	355	299	505	892513	549	165	747	895133	79	94	42	113316	35	26	118	113710
TP1_synth_forward	TP1_synth_forward	48	C	408	886894	578	114	6038	364	730	895126	84	113027	46	9	419	78	43	113706
TP1_synth_forward	TP1_synth_forward	49	G	359	167	1312	892212	8	249	804	895111	35	62	90	113252	0	96	159	113694
TP1_synth_forward	TP1_synth_forward	50	G	389	341	369	892897	207	132	761	895096	41	116	35	113320	21	22	128	113683
TP1_synth_forward	TP1_synth_forward	51	C	331	891711	484	1138	673	296	453	895086	84	113355	50	71	54	23	41	113678
TP1_synth_forward	TP1_synth_forward	52	T	1824	113	929	173	5	183	891827	895054	479	9	90	17	3	13	113039	113650
TP1_synth_forward	TP1_synth_forward	53	T	1625	146	530	81	2566	67	890027	895042	373	15	34	11	241	10	112962	113646
TP1_synth_forward	TP1_synth_forward	54	G	567	255	1371	891251	475	193	908	895020	69	88	66	113218	18	65	106	113630
TP1_synth_forward	TP1_synth_forward	55	C	317	888201	1515	255	3608	407	706	895009	56	112943	84	13	347	123	56	113622
TP1_synth_forward	TP1_synth_forward	56	G	474	170	1404	892108	1	253	583	894993	42	52	94	113267	0	38	118	113611
TP1_synth_forward	TP1_synth_forward	57	G	355	98	176	892996	200	94	1043	894962	38	34	22	113336	17	6	139	113592
TP1_synth_forward	TP1_synth_forward	58	A	892813	33	665	248	924	86	175	894944	113417	5	58	24	58	8	14	113584
TP1_synth_forward	TP1_synth_forward	59	G	303	186	300	892932	128	54	840	894743	24	51	29	113294	9	13	132	113552
TP1_synth_forward	TP1_synth_forward	60	A	893507	65	621	172	192	45	132	894734	113444	5	56	15	10	10	8	113548
TP1_synth_forward	TP1_synth_forward	61	T	429	153	473	479	1	105	893075	894715	97	15	33	83	1	13	113293	113535
TP1_synth_forward	TP1_synth_forward	62	T	1730	185	49	449	53	93	892011	894570	413	7	2	49	10	22	112965	113468
TP1_synth_forward	TP1_synth_forward	63	C	512	893136	227	58	156	147	302	894538	86	113290	14	4	14	21	23	113452
TP1_synth_forward	TP1_synth_forward	64	T	2396	138	303	103	49	120	891399	894508	527	18	31	12	3	26	112819	113436
TP1_synth_forward	TP1_synth_forward	65	C	248	893127	361	45	116	137	465	894499	49	113307	23	6	16	14	17	113432
TP1_synth_forward	TP1_synth_forward	66	T	1854	183	214	58	0	80	892105	894494	445	8	20	7	0	2	112948	113430
TP1_synth_forward	TP1_synth_forward	67	T	2466	121	23	51	47	97	891666	894471	529	10	5	8	9	6	112855	113422
TP1_synth_forward	TP1_synth_forward	68	C	365	892897	828	66	0	100	214	894470	68	113246	74	7	0	10	16	113421
TP1_synth_forward	TP1_synth_forward	69	C	636	892716	191	62	53	126	664	894448	124	113151	18	4	5	61	45	113408
TP1_synth_forward	TP1_synth_forward	70	T	2125	133	600	34	68	229	891247	894436	492	11	46	0	13	58	112785	113405
TP1_synth_forward	TP1_synth_forward	71	C	564	893039	326	41	74	99	289	894432	107	113213	35	6	5	14	22	113402
TP1_synth_forward	TP1_synth_forward	72	T	2398	141	504	88	644	117	890522	894414	477	8	53	9	61	32	112751	113391
TP1_synth_forward	TP1_synth_forward	73	G	573	378	466	891883	57	135	908	894400	62	79	54	113022	11	15	139	113382
TP1_synth_forward	TP1_synth_forward	74	T	1647	152	202	27	571	120	891673	894392	303	14	31	4	54	8	112962	113376
TP1_synth_forward	TP1_synth_forward	75	G	465	239	742	891898	231	123	681	894379	53	94	50	113049	16	11	94	113367
TP1_synth_forward	TP1_synth_forward	76	C	497	890368	1076	122	874	209	1229	894375	80	113053	54	3	63	26	87	113366
TP1_synth_forward	TP1_synth_forward	77	G	613	484	1003	890644	59	117	1428	894348	56	161	61	112895	1	10	165	113349
TP1_synth_forward	TP1_synth_forward	78	C	223	891286	1728	50	1	167	890	894345	42	113098	139	2	1	13	53	113348
TP1_synth_forward	TP1_synth_forward	79	C	248	892606	141	90	348	162	742	894337	43	113154	8	6	29	61	45	113346
TP1_synth_forward	TP1_synth_forward	80	G	780	615	413	891113	73	55	1254	894303	72	202	33	112828	7	10	177	113329
TP1_synth_forward	TP1_synth_forward	81	C	450	892980	319	46	193	60	246	894294	68	113179	30	2	18	6	20	113323
TP1_synth_forward	TP1_synth_forward	82	A	892541	116	1172	256	1	66	136	894288	113198	12	79	19	0	2	7	113317
TP1_synth_forward	TP1_synth_forward	83	A	893763	85	12	210	0	103	110	894283	113267	14	0	13	0	12	9	113315
TP1_synth_forward	TP1_synth_forward	84	A	893395	88	0	234	134	281	115	894247	113219	11	0	23	13	37	4	113307
TP1_synth_forward	TP1_synth_forward	85	G	261	312	162	892919	108	171	233	894166	41	87	7	113071	4	19	36	113265
TP1_synth_forward	TP1_synth_forward	86	C	523	892786	86	151	20	168	349	894083	91	113095	5	10	6	18	15	113240
TP1_synth_forward	TP1_synth_forward	87	T	2860	177	59	437	26	149	890203	893911	602	9	5	29	3	59	112497	113204
TP1_synth_forward	TP1_synth_forward	88	G	296	239	212	892362	145	76	412	893742	54	44	18	112966	6	8	62	113158
TP1_synth_forward	TP1_synth_forward	89	T	1306	110	445	38	0	45	891655	893599	184	7	33	5	0	15	112888	113132
TP1_synth_forward	TP1_synth_forward	90	T	2329	157	75	51	655	40	889874	893181	410	7	5	3	39	35	112567	113066
TP1_synth_forward	TP1_synth_forward	91	C	571	891432	513	152	1	19	272	892960	92	112883	37	10	0	4	14	113040
TP1_synth_forward	TP1_synth_forward	92	C	402	891987	0	73	0	56	269	892787	37	112950	0	4	0	7	25	113023
TP1_synth_forward	TP1_synth_forward	93	G	584	412	0	890784	0	71	197	892048	76	107	0	112711	0	12	44	112950
TP1_synth_forward	TP1_synth_forward	94	T	1904	145	0	83	0	73	889354	891559	299	10	0	11	0	36	112521	112877
TP1_synth_forward	TP1_synth_forward	95	C	196	890591	0	96	0	133	211	891227	35	112766	0	7	0	25	16	112849
TP1_synth_forward	TP1_synth_forward	96	C	0	890374	0	0	0	73	0	890447	0	112732	0	0	0	27	0	112759
TP1_synth_forward	TP1_synth_forward	97	C	0	888431	0	0	0	66	0	888497	0	112567	0	0	0	10	0	112577
TP1_synth_forward	TP1_synth_forward	98	A	884817	0	0	0	0	25	0	884842	112280	0	0	0	0	8	0	112288
TP1_synth_forward	TP1_synth_forward	99	G	0	0	0	883319	0	0	0	883319	0	0	0	112061	0	0	0	112061
TP1_synth_forward	TP1_synth_forward	100	T	0	0	0	0	0	0	880505	880505	0	0	0	0	0	0	111690	111690
