



























































































































































































































#AmpliconChromStart	Alias	Position	ProbableRef	rawA	rawC	rawD	rawG	rawI	rawN	rawT	rawDepth	consA	consC	consD	consG	consI	consN	consT	consDepth	
TP1_synth_reverse		1	G	0	0	0	867372	0	0	0	867372	0	0	0	6965	0	0	0	6965
TP1_synth_reverse		2	T	0	0	0	0	0	0	869171	869171	0	0	0	0	0	0	6976	6976
TP1_synth_reverse		3	G	0	0	0	871985	0	73	0	872058	0	0	0	6992	0	0	0	6992
TP1_synth_reverse		4	G	0	0	0	872803	0	61	0	872864	0	0	0	6998	0	0	0	6998
TP1_synth_reverse		5	T	0	0	0	0	0	22	873258	873280	0	0	0	0	0	0	7000	7000
TP1_synth_reverse		6	G	140	87	0	873676	0	17	190	874110	1	0	0	7004	0	0	0	7005
TP1_synth_reverse		7	A	874334	18	0	129	0	66	146	874693	7010	0	0	0	0	0	0	7010
TP1_synth_reverse		8	G	105	102	0	876051	1	102	146	876507	0	0	0	7026	0	0	0	7026
TP1_synth_reverse		9	G	123	118	0	875965	242	33	120	876601	0	0	0	7025	1	0	0	7026
TP1_synth_reverse		10	C	216	876160	45	25	0	32	148	876626	0	7026	0	0	0	0	0	7026
TP1_synth_reverse		11	T	190	323	215	16	292	23	875567	876626	0	0	0	0	2	0	7024	7026
TP1_synth_reverse		12	C	292	874496	1562	25	0	82	169	876626	0	7012	14	0	0	0	0	7026
TP1_synth_reverse		13	C	387	876006	2	28	1	97	105	876626	0	7026	0	0	0	0	0	7026
TP1_synth_reverse		14	C	414	875998	0	34	0	60	120	876626	0	7026	0	0	0	0	0	7026
TP1_synth_reverse		15	C	273	875957	35	34	173	69	102	876643	0	7025	0	0	1	0	0	7026
TP1_synth_reverse		16	T	346	79	1372	15	0	206	874625	876643	0	0	8	0	0	0	7018	7026
TP1_synth_reverse		17	T	293	118	333	17	0	80	875935	876776	0	0	1	0	0	0	7026	7027
TP1_synth_reverse		18	T	299	139	872	2	238	66	875160	876776	0	0	7	0	1	0	7019	7027
TP1_synth_reverse		19	C	305	873852	2015	20	566	66	204	877028	0	7000	19	0	7	0	2	7028
TP1_synth_reverse		20	T	239	127	1800	19	0	29	874814	877028	0	1	12	0	0	0	7015	7028
TP1_synth_reverse		21	T	487	184	618	932	1386	104	873317	877028	0	0	4	8	11	0	7005	7028
TP1_synth_reverse		22	G	619	384	1295	874049	408	22	261	877038	5	0	10	7009	4	0	0	7028
TP1_synth_reverse		23	C	539	864506	1391	6628	3266	32	676	877038	0	6957	9	40	20	0	2	7028
TP1_synth_reverse		24	G	242	162	1855	873858	8	44	869	877038	0	0	13	7014	0	0	1	7028
TP1_synth_reverse		25	G	118	610	579	873714	1242	103	688	877054	0	0	6	7011	10	0	1	7028
TP1_synth_reverse		26	A	874101	12	431	238	2093	47	149	877071	7009	0	5	0	14	0	0	7028
TP1_synth_reverse		27	G	342	703	846	874063	676	22	419	877071	2	0	9	7010	5	0	2	7028
TP1_synth_reverse		28	A	874497	29	1541	84	769	37	133	877090	7006	0	14	0	8	0	0	7028
TP1_synth_reverse		29	T	288	677	755	142	2	130	875096	877090	0	4	10	0	0	0	7014	7028
TP1_synth_reverse		30	T	948	108	507	67	223	120	875174	877147	0	0	7	0	3	0	7019	7029
TP1_synth_reverse		31	C	605	873769	960	39	422	82	1228	877105	2	7012	11	0	1	0	3	7029
TP1_synth_reverse		32	T	557	189	1096	76	602	359	874222	877101	0	1	9	0	2	0	7017	7029
TP1_synth_reverse		33	C	439	874878	1365	30	58	143	110	877023	0	7016	12	0	1	0	0	7029
TP1_synth_reverse		34	T	686	159	1046	69	0	91	874968	877019	0	1	11	0	0	0	7017	7029
TP1_synth_reverse		35	T	1385	474	870	55	242	105	873878	877009	0	4	10	0	3	0	7012	7029
TP1_synth_reverse		36	C	513	873995	2169	32	0	77	216	877002	0	7006	21	0	0	0	2	7029
TP1_synth_reverse		37	C	542	874520	1463	76	18	84	276	876979	0	7010	17	0	0	0	2	7029
TP1_synth_reverse		38	T	648	68	1801	256	385	26	873789	876973	0	0	18	0	4	0	7009	7031
TP1_synth_reverse		39	C	374	873834	1668	56	435	65	489	876921	0	7008	16	0	4	0	2	7030
TP1_synth_reverse		40	T	1248	101	2020	2427	1119	143	869829	876887	1	0	17	24	5	0	6984	7031
TP1_synth_reverse		41	G	1179	540	2464	870829	652	26	1181	876871	2	0	21	6996	5	0	7	7031
TP1_synth_reverse		42	T	2105	86	2061	477	1708	68	870297	876802	0	0	16	3	13	0	6998	7030
TP1_synth_reverse		43	G	502	420	1686	872876	468	389	614	876955	1	0	14	7014	3	0	2	7034
TP1_synth_reverse		44	C	508	865830	2413	3511	2647	162	2127	877198	0	6962	15	29	16	0	13	7035
TP1_synth_reverse		45	G	204	1105	1937	872006	577	61	1511	877401	0	5	15	7011	4	0	1	7036
TP1_synth_reverse		46	C	755	874410	1673	278	8	16	195	877335	0	7020	13	2	0	0	1	7036
TP1_synth_reverse		47	C	330	869932	896	3357	2029	29	759	877332	0	6982	7	25	18	0	4	7036
TP1_synth_reverse		48	G	231	610	1413	873655	260	38	1098	877305	0	0	10	7021	4	0	1	7036
TP1_synth_reverse		49	A	875501	54	1191	78	0	194	146	877164	7027	0	9	0	0	0	0	7036
TP1_synth_reverse		50	T	1008	88	814	145	330	119	874649	877153	0	0	7	0	2	0	7027	7036
TP1_synth_reverse		51	A	875645	72	1109	109	0	114	131	877180	7027	0	9	0	0	0	0	7036
TP1_synth_reverse		52	C	560	874896	909	127	174	261	293	877220	0	7026	8	0	2	0	1	7037
TP1_synth_reverse		53	A	873795	167	1205	871	744	286	149	877217	7017	2	9	4	5	0	0	7037
TP1_synth_reverse		54	G	176	232	1539	874005	758	80	403	877193	0	0	12	7020	4	0	1	7037
TP1_synth_reverse		55	A	874975	90	1777	138	1	115	68	877164	7021	0	17	0	0	0	0	7038
TP1_synth_reverse		56	A	874696	489	1591	155	22	88	123	877164	7018	3	17	0	0	0	0	7038
TP1_synth_reverse		57	T	1657	66	1595	196	7	219	873389	877129	0	0	16	0	0	0	7022	7038
TP1_synth_reverse		58	A	873689	1001	1751	73	2	278	311	877105	7017	9	13	0	0	0	1	7040
TP1_synth_reverse		59	T	847	1403	1542	161	331	365	871906	876555	0	7	11	1	1	0	7020	7040
TP1_synth_reverse		60	C	799	873454	1445	44	157	260	362	876521	0	7025	12	0	1	0	2	7040
TP1_synth_reverse		61	T	1118	102	1714	6625	1281	216	865310	876366	0	0	15	51	14	0	6960	7040
TP1_synth_reverse		62	G	863	270	2760	870491	47	326	1584	876341	3	0	21	7003	1	0	12	7040
TP1_synth_reverse		63	T	1984	84	3179	31	0	149	870720	876147	0	0	24	0	0	0	7017	7041
TP1_synth_reverse		64	T	1780	69	2359	148	141	57	871581	876135	0	0	17	1	1	0	7022	7041
TP1_synth_reverse		65	C	1087	868669	2745	2725	549	147	204	876126	0	6989	21	22	8	0	1	7041
TP1_synth_reverse		66	G	356	331	1971	872791	3	68	634	876154	0	0	17	7024	0	0	1	7042
TP1_synth_reverse		67	C	862	872784	2123	40	66	190	80	876145	0	7022	19	0	1	0	0	7042
TP1_synth_reverse		68	A	873420	200	2025	133	197	89	78	876142	7022	0	19	0	1	0	0	7042
TP1_synth_reverse		69	C	311	873981	1521	40	2	57	249	876161	0	7027	14	0	0	0	1	7042
TP1_synth_reverse		70	T	1044	108	1690	37	364	96	872811	876150	0	0	14	0	3	0	7025	7042
TP1_synth_reverse		71	C	368	872847	2290	49	0	307	286	876147	0	7024	17	0	0	0	1	7042
TP1_synth_reverse		72	C	661	867444	1436	5835	235	120	236	875967	0	6992	10	36	3	0	1	7042
TP1_synth_reverse		73	G	409	446	1528	872683	1	329	554	875950	2	0	11	7026	0	0	3	7042
TP1_synth_reverse		74	A	871174	95	1621	2735	104	121	87	875937	7011	1	10	18	1	0	1	7042
TP1_synth_reverse		75	G	153	392	1178	873839	123	76	157	875918	0	0	10	7030	1	0	1	7042
TP1_synth_reverse		76	T	901	361	852	14590	74	63	859026	875867	0	1	7	95	1	0	6937	7041
TP1_synth_reverse		77	G	527	317	638	873643	176	81	457	875839	3	0	9	7027	1	0	1	7041
TP1_synth_reverse		78	C	463	869345	917	2182	431	450	2044	875832	0	7007	7	12	4	0	11	7041
TP1_synth_reverse		79	G	681	511	1716	872241	0	126	469	875744	3	0	12	7025	0	0	1	7041
TP1_synth_reverse		80	G	466	274	1003	873314	0	149	514	875720	1	0	6	7033	0	0	1	7041
TP1_synth_reverse		81	C	288	872924	1433	87	487	88	397	875704	0	7028	9	0	3	0	1	7041
TP1_synth_reverse		82	A	873223	34	1813	159	1	93	147	875470	7029	0	12	0	0	0	0	7041
TP1_synth_reverse		83	A	873928	51	1052	101	0	222	113	875467	7035	0	6	0	0	0	0	7041
TP1_synth_reverse		84	A	874151	55	1	914	7	229	71	875428	7033	0	0	8	0	0	0	7041
TP1_synth_reverse		85	G	145	349	89	874153	3	123	472	875334	1	0	2	7037	0	0	1	7041
TP1_synth_reverse		86	C	498	874353	0	49	126	85	181	875292	0	7040	0	0	1	0	0	7041
TP1_synth_reverse		87	T	1134	112	10	31	5	294	873644	875230	0	0	0	0	0	0	7041	7041
TP1_synth_reverse		88	G	336	578	736	872925	216	158	221	875170	0	0	2	7038	1	0	0	7041
TP1_synth_reverse		89	T	640	104	77	45	0	74	874187	875127	0	0	0	0	0	0	7041	7041
TP1_synth_reverse		90	T	617	115	0	31	0	84	874185	875032	0	0	0	0	0	0	7041	7041
TP1_synth_reverse		91	C	548	873710	0	180	0	289	207	874934	0	7038	0	3	0	0	0	7041
TP1_synth_reverse		92	C	424	873191	0	53	0	366	276	874310	0	7041	0	0	0	0	0	7041
TP1_synth_reverse		93	G	368	373	0	872829	0	138	176	873884	1	0	0	7040	0	0	0	7041
TP1_synth_reverse		94	T	530	112	0	39	0	92	872843	873616	0	0	0	0	0	0	7041	7041
TP1_synth_reverse		95	C	0	872568	0	0	0	153	0	872721	0	7041	0	0	0	0	0	7041
TP1_synth_reverse		96	C	0	871664	0	0	0	135	0	871799	0	7041	0	0	0	0	0	7041
TP1_synth_reverse		97	C	0	869080	0	0	0	136	0	869216	0	7041	0	0	0	0	0	7041
TP1_synth_reverse		98	A	866356	0	0	0	0	0	0	866356	7041	0	0	0	0	0	0	7041
TP1_synth_reverse		99	G	0	0	0	864992	1	0	0	864993	0	0	0	7041	0	0	0	7041
