



























































































































































































































#AmpliconChromStart	Alias	Position	ProbableRef	rawA	rawC	rawD	rawG	rawI	rawN	rawT	rawDepth	consA	consC	consD	consG	consI	consN	consT	consDepth
TP1_synth_reverse		1	G	0	0	0	867372	0	0	0	867372	0	0	0	9566	0	0	0	9566
TP1_synth_reverse		2	T	0	0	0	0	0	0	869171	869171	0	0	0	0	0	0	9581	9581
TP1_synth_reverse		3	G	0	0	0	871985	0	73	0	872058	0	0	0	9601	0	0	0	9601
TP1_synth_reverse		4	G	0	0	0	872803	0	61	0	872864	0	0	0	9608	0	0	0	9608
TP1_synth_reverse		5	T	0	0	0	0	0	22	873258	873280	0	0	0	0	0	0	9612	9612
TP1_synth_reverse		6	G	140	87	0	873676	0	17	190	874110	1	0	0	9618	0	0	0	9619
TP1_synth_reverse		7	A	874334	18	0	129	0	66	146	874693	9625	0	0	0	0	0	0	9625
TP1_synth_reverse		8	G	105	102	0	876051	1	102	146	876507	0	0	0	9643	0	0	1	9644
TP1_synth_reverse		9	G	123	118	0	875965	242	33	120	876601	0	0	0	9647	1	0	0	9648
TP1_synth_reverse		10	C	216	876160	45	25	0	32	148	876626	0	9648	1	0	0	0	0	9649
TP1_synth_reverse		11	T	190	323	215	16	292	23	875567	876626	0	0	0	0	4	0	9645	9649
TP1_synth_reverse		12	C	292	874496	1562	25	0	82	169	876626	0	9632	17	0	0	0	0	9649
TP1_synth_reverse		13	C	387	876006	2	28	1	97	105	876626	0	9649	0	0	0	0	0	9649
TP1_synth_reverse		14	C	414	875998	0	34	0	60	120	876626	0	9649	0	0	0	0	0	9649
TP1_synth_reverse		15	C	273	875957	35	34	173	69	102	876643	0	9647	1	0	1	0	0	9649
TP1_synth_reverse		16	T	346	79	1372	15	0	206	874625	876643	0	0	18	0	0	0	9631	9649
TP1_synth_reverse		17	T	293	118	333	17	0	80	875935	876776	0	0	4	0	0	0	9646	9650
TP1_synth_reverse		18	T	299	139	872	2	238	66	875160	876776	0	0	11	0	2	0	9637	9650
TP1_synth_reverse		19	C	305	873852	2015	20	566	66	204	877028	0	9617	25	0	7	0	2	9651
TP1_synth_reverse		20	T	239	127	1800	19	0	29	874814	877028	0	1	20	0	0	0	9630	9651
TP1_synth_reverse		21	T	487	184	618	932	1386	104	873317	877028	0	0	8	11	13	0	9619	9651
TP1_synth_reverse		22	G	619	384	1295	874039	408	22	261	877028	5	0	14	9628	4	0	0	9651
TP1_synth_reverse		23	C	539	864496	1391	6628	3266	32	676	877028	0	9554	14	52	29	0	2	9651
TP1_synth_reverse		24	G	242	162	1855	873848	8	44	869	877028	1	0	19	9630	0	0	1	9651
TP1_synth_reverse		25	G	118	610	579	873704	1242	103	688	877044	0	0	8	9633	10	0	1	9652
TP1_synth_reverse		26	A	874091	12	431	238	2093	47	149	877061	9626	0	6	0	21	0	0	9653
TP1_synth_reverse		27	G	342	702	846	874054	676	22	419	877061	2	0	12	9629	5	0	5	9653
TP1_synth_reverse		28	A	874488	28	1541	84	769	37	133	877080	9624	0	19	0	9	0	1	9653
TP1_synth_reverse		29	T	287	677	755	142	2	130	875087	877080	0	4	13	0	0	0	9636	9653
TP1_synth_reverse		30	T	947	108	507	67	223	120	875165	877137	0	0	9	0	4	0	9641	9654
TP1_synth_reverse		31	C	605	873759	960	39	422	82	1228	877095	2	9631	12	0	1	0	7	9653
TP1_synth_reverse		32	T	557	189	1096	76	602	359	874212	877091	0	1	10	0	2	0	9640	9653
TP1_synth_reverse		33	C	439	874868	1365	30	58	143	110	877013	0	9638	14	0	1	0	0	9653
TP1_synth_reverse		34	T	686	159	1046	69	0	91	874958	877009	0	1	14	0	0	0	9638	9653
TP1_synth_reverse		35	T	1384	474	870	55	242	105	873869	876999	0	4	12	0	3	0	9634	9653
TP1_synth_reverse		36	C	512	873986	2169	32	0	77	216	876992	0	9625	26	0	0	0	2	9653
TP1_synth_reverse		37	C	541	874511	1463	76	18	84	276	876969	0	9627	22	0	0	0	3	9652
TP1_synth_reverse		38	T	648	68	1801	256	385	26	873779	876963	0	0	24	0	5	0	9625	9654
TP1_synth_reverse		39	C	374	873817	1668	56	435	65	489	876904	0	9625	22	0	4	0	2	9653
TP1_synth_reverse		40	T	1246	101	2020	2427	1119	143	869814	876870	1	0	22	33	8	0	9589	9653
TP1_synth_reverse		41	G	1179	540	2464	870812	652	26	1181	876854	2	0	28	9611	5	0	7	9653
TP1_synth_reverse		42	T	2103	86	2061	477	1708	68	870282	876785	0	0	23	4	15	0	9610	9652
TP1_synth_reverse		43	G	501	420	1686	872860	468	389	614	876938	1	0	20	9628	5	0	2	9656
TP1_synth_reverse		44	C	508	865813	2413	3511	2647	162	2127	877181	0	9557	21	41	20	0	19	9658
TP1_synth_reverse		45	G	204	1105	1936	871990	577	61	1511	877384	0	6	19	9628	4	0	2	9659
TP1_synth_reverse		46	C	754	874394	1673	278	8	16	195	877318	0	9639	17	2	0	0	1	9659
TP1_synth_reverse		47	C	330	869915	896	3357	2029	29	759	877315	0	9592	9	33	21	0	4	9659
TP1_synth_reverse		48	G	231	610	1413	873639	260	38	1097	877288	0	0	12	9642	4	0	1	9659
TP1_synth_reverse		49	A	875484	54	1191	78	0	194	146	877147	9648	0	12	0	0	0	0	9660
TP1_synth_reverse		50	T	1007	88	814	145	330	119	874633	877136	0	1	9	0	2	0	9648	9660
TP1_synth_reverse		51	A	875628	72	1109	109	0	114	131	877163	9650	0	11	0	0	0	0	9661
TP1_synth_reverse		52	C	559	874880	909	127	174	261	293	877203	0	9648	11	0	2	0	2	9663
TP1_synth_reverse		53	A	873804	167	1205	871	744	286	149	877226	9639	2	13	4	5	0	1	9664
TP1_synth_reverse		54	G	176	232	1539	874015	758	80	402	877202	1	0	16	9640	4	0	3	9664
TP1_synth_reverse		55	A	874984	90	1777	138	1	115	68	877173	9643	0	20	0	0	0	0	9663
TP1_synth_reverse		56	A	874705	489	1591	155	22	88	123	877173	9639	3	20	0	1	0	0	9663
TP1_synth_reverse		57	T	1654	66	1595	196	7	219	873412	877149	0	0	20	0	0	0	9644	9664
TP1_synth_reverse		58	A	873709	1001	1751	73	2	278	311	877125	9640	9	16	0	0	0	1	9666
TP1_synth_reverse		59	T	847	1403	1542	161	331	365	871926	876575	0	13	15	1	1	0	9636	9666
TP1_synth_reverse		60	C	798	873475	1445	44	157	260	362	876541	0	9647	16	0	1	0	2	9666
TP1_synth_reverse		61	T	1118	102	1714	6625	1280	216	865331	876386	0	0	19	55	16	0	9577	9667
TP1_synth_reverse		62	G	863	269	2760	870511	47	326	1585	876361	3	0	27	9622	1	0	14	9667
TP1_synth_reverse		63	T	1985	84	3179	31	0	149	870739	876167	0	0	28	0	0	0	9640	9668
TP1_synth_reverse		64	T	1780	69	2359	149	141	57	871600	876155	0	0	21	1	1	0	9645	9668
TP1_synth_reverse		65	C	1087	868689	2745	2725	549	147	204	876146	0	9609	25	25	8	0	1	9668
TP1_synth_reverse		66	G	356	331	1971	872810	3	68	635	876174	0	0	21	9646	0	0	1	9668
TP1_synth_reverse		67	C	864	872802	2123	40	66	190	80	876165	0	9643	24	0	1	0	0	9668
TP1_synth_reverse		68	A	873440	200	2025	133	197	89	78	876162	9645	0	22	0	1	0	0	9668
TP1_synth_reverse		69	C	311	874001	1521	40	2	57	249	876181	0	9649	19	0	0	0	1	9669
TP1_synth_reverse		70	T	1044	108	1690	37	364	96	872831	876170	0	0	20	0	3	0	9646	9669
TP1_synth_reverse		71	C	368	872867	2290	49	0	307	286	876167	0	9647	21	0	0	0	1	9669
TP1_synth_reverse		72	C	663	867462	1436	5835	235	120	236	875987	0	9608	13	44	3	0	1	9669
TP1_synth_reverse		73	G	409	446	1528	872704	1	329	553	875970	5	0	18	9643	0	0	3	9669
TP1_synth_reverse		74	A	871194	95	1621	2735	104	121	87	875957	9623	1	16	27	1	0	1	9669
TP1_synth_reverse		75	G	153	392	1178	873860	123	76	157	875939	2	0	17	9648	1	0	1	9669
TP1_synth_reverse		76	T	906	362	852	14590	74	63	859041	875888	0	1	13	108	2	0	9544	9668
TP1_synth_reverse		77	G	527	316	638	873665	176	81	457	875860	3	0	10	9653	1	0	1	9668
TP1_synth_reverse		78	C	463	869366	917	2182	431	450	2044	875853	0	9622	10	14	4	1	17	9668
TP1_synth_reverse		79	G	681	511	1716	872262	0	126	469	875765	3	1	13	9650	0	0	1	9668
TP1_synth_reverse		80	G	466	274	1003	873335	0	149	514	875741	2	0	6	9659	0	0	1	9668
TP1_synth_reverse		81	C	289	872944	1433	87	487	88	397	875725	0	9655	9	0	3	0	1	9668
TP1_synth_reverse		82	A	873244	34	1813	159	1	93	147	875491	9656	0	12	0	0	0	0	9668
TP1_synth_reverse		83	A	873949	51	1052	101	0	222	113	875488	9662	0	6	0	0	0	0	9668
TP1_synth_reverse		84	A	874172	55	1	914	7	229	71	875449	9657	0	0	11	0	0	0	9668
TP1_synth_reverse		85	G	146	349	89	874172	3	123	472	875354	1	0	2	9664	0	0	1	9668
TP1_synth_reverse		86	C	500	874371	0	49	126	85	181	875312	0	9667	0	0	1	0	0	9668
TP1_synth_reverse		87	T	1134	112	10	31	5	294	873664	875250	0	0	0	0	0	0	9668	9668
TP1_synth_reverse		88	G	336	577	736	872946	216	158	221	875190	0	0	2	9665	1	0	0	9668
TP1_synth_reverse		89	T	640	104	77	45	0	74	874207	875147	0	0	0	0	0	0	9668	9668
TP1_synth_reverse		90	T	617	115	0	31	0	84	874205	875052	0	0	0	0	0	0	9668	9668
TP1_synth_reverse		91	C	548	873730	0	180	0	289	207	874954	0	9665	0	3	0	0	0	9668
TP1_synth_reverse		92	C	424	873211	0	53	0	366	276	874330	0	9668	0	0	0	0	0	9668
TP1_synth_reverse		93	G	368	372	0	872850	0	138	176	873904	2	0	0	9666	0	0	0	9668
TP1_synth_reverse		94	T	530	112	0	39	0	92	872863	873636	0	0	0	0	0	0	9668	9668
TP1_synth_reverse		95	C	0	872588	0	0	0	153	0	872741	0	9668	0	0	0	0	0	9668
TP1_synth_reverse		96	C	0	871684	0	0	0	135	0	871819	0	9668	0	0	0	0	0	9668
TP1_synth_reverse		97	C	0	869100	0	0	0	136	0	869236	0	9668	0	0	0	0	0	9668
TP1_synth_reverse		98	A	866376	0	0	0	0	0	0	866376	9666	0	0	0	0	0	0	9666
TP1_synth_reverse		99	G	0	0	0	865013	1	0	0	865014	0	0	0	9666	0	0	0	9666
