



























































































































































































































#AmpliconChromStart	Alias	Position	ProbableRef	rawA	rawC	rawD	rawG	rawI	rawN	rawT	rawDepth	consA	consC	consD	consG	consI	consN	consT	consDepth	
TP1_synth_reverse		1	G	0	0	0	867372	0	0	0	867372	0	0	0	17558	0	0	0	17558
TP1_synth_reverse		2	T	0	0	0	0	0	0	869171	869171	0	0	0	0	0	0	17580	17580
TP1_synth_reverse		3	G	0	0	0	871985	0	73	0	872058	0	0	0	17614	0	0	0	17614
TP1_synth_reverse		4	G	0	0	0	872803	0	61	0	872864	0	0	0	17624	0	0	0	17624
TP1_synth_reverse		5	T	0	0	0	0	0	22	873258	873280	0	0	0	0	0	0	17632	17632
TP1_synth_reverse		6	G	140	87	0	873676	0	17	190	874110	1	0	0	17642	0	0	1	17644
TP1_synth_reverse		7	A	874334	18	0	129	0	66	146	874693	17652	0	0	0	0	0	1	17653
TP1_synth_reverse		8	G	105	102	0	876051	1	102	146	876507	0	0	0	17675	0	0	2	17677
TP1_synth_reverse		9	G	123	118	0	875965	242	33	120	876601	0	0	0	17684	1	0	0	17685
TP1_synth_reverse		10	C	216	876135	45	25	0	32	148	876601	0	17684	1	0	0	0	0	17685
TP1_synth_reverse		11	T	190	323	215	16	292	23	875542	876601	0	0	5	0	12	0	17668	17685
TP1_synth_reverse		12	C	292	874471	1562	25	0	82	169	876601	0	17657	26	0	0	0	2	17685
TP1_synth_reverse		13	C	387	875981	2	28	1	97	105	876601	0	17685	0	0	0	0	0	17685
TP1_synth_reverse		14	C	414	875973	0	34	0	60	120	876601	0	17685	0	0	0	0	0	17685
TP1_synth_reverse		15	C	273	875932	35	34	173	69	102	876618	0	17680	2	0	4	0	0	17686
TP1_synth_reverse		16	T	343	79	1372	15	0	206	874603	876618	0	0	32	0	0	0	17654	17686
TP1_synth_reverse		17	T	289	118	333	17	0	80	875914	876751	0	0	5	0	0	0	17683	17688
TP1_synth_reverse		18	T	297	139	872	2	238	66	875137	876751	0	2	17	0	4	0	17665	17688
TP1_synth_reverse		19	C	305	873827	2015	20	566	66	204	877003	0	17622	42	0	20	0	5	17689
TP1_synth_reverse		20	T	235	127	1800	19	0	29	874793	877003	0	2	39	0	0	0	17648	17689
TP1_synth_reverse		21	T	479	184	618	932	1386	104	873300	877003	0	0	16	27	35	0	17611	17689
TP1_synth_reverse		22	G	619	382	1295	874027	408	22	260	877013	7	0	24	17654	5	0	0	17690
TP1_synth_reverse		23	C	538	864482	1391	6628	3266	32	676	877013	0	17478	32	111	66	0	3	17690
TP1_synth_reverse		24	G	242	159	1855	873836	8	44	869	877013	3	1	37	17647	0	0	2	17690
TP1_synth_reverse		25	G	117	609	579	873691	1242	103	688	877029	0	0	14	17658	16	0	3	17691
TP1_synth_reverse		26	A	874076	12	431	238	2093	47	149	877046	17626	0	21	3	42	0	0	17692
TP1_synth_reverse		27	G	342	702	846	874039	676	22	419	877046	4	0	24	17643	13	0	8	17692
TP1_synth_reverse		28	A	874472	29	1541	84	769	37	133	877065	17644	0	36	0	13	0	1	17694
TP1_synth_reverse		29	T	285	677	755	142	2	130	875074	877065	0	4	30	0	0	0	17660	17694
TP1_synth_reverse		30	T	946	108	507	67	223	120	875151	877122	0	0	21	0	5	0	17671	17697
TP1_synth_reverse		31	C	605	873744	960	39	422	82	1228	877080	3	17648	29	0	2	0	12	17694
TP1_synth_reverse		32	T	554	189	1096	76	602	359	874200	877076	0	1	21	1	5	0	17666	17694
TP1_synth_reverse		33	C	439	874853	1365	30	58	143	110	876998	0	17662	29	0	1	0	1	17693
TP1_synth_reverse		34	T	685	159	1046	69	0	91	874944	876994	0	1	26	0	0	0	17666	17693
TP1_synth_reverse		35	T	1383	474	870	55	242	105	873855	876984	0	9	21	0	5	0	17658	17693
TP1_synth_reverse		36	C	511	873972	2169	32	0	77	216	876977	0	17651	38	0	0	0	3	17692
TP1_synth_reverse		37	C	539	874498	1463	76	18	84	276	876954	0	17645	34	1	2	0	9	17691
TP1_synth_reverse		38	T	644	68	1801	255	385	26	873769	876948	0	0	41	2	6	0	17642	17691
TP1_synth_reverse		39	C	374	873809	1668	56	435	65	489	876896	0	17638	41	0	8	0	3	17690
TP1_synth_reverse		40	T	1247	101	2020	2427	1119	143	869805	876862	1	0	43	56	16	0	17571	17687
TP1_synth_reverse		41	G	1178	538	2464	870807	652	26	1181	876846	7	0	49	17615	7	0	9	17687
TP1_synth_reverse		42	T	2099	86	2061	477	1708	68	870269	876768	0	0	36	6	26	0	17617	17685
TP1_synth_reverse		43	G	500	419	1686	872845	468	389	614	876921	5	0	31	17642	6	0	3	17687
TP1_synth_reverse		44	C	507	865797	2413	3511	2647	162	2127	877164	2	17526	35	68	30	1	27	17689
TP1_synth_reverse		45	G	204	1104	1937	871975	577	61	1509	877367	1	7	29	17648	4	0	2	17691
TP1_synth_reverse		46	C	754	874377	1673	278	8	16	195	877301	0	17648	32	2	0	0	5	17687
TP1_synth_reverse		47	C	328	869900	896	3357	2029	29	759	877298	0	17550	17	77	37	0	6	17687
TP1_synth_reverse		48	G	230	608	1413	873627	260	38	1095	877271	3	1	22	17656	4	0	1	17687
TP1_synth_reverse		49	A	875467	54	1191	78	0	194	146	877130	17665	0	22	0	0	0	0	17687
TP1_synth_reverse		50	T	1002	88	814	145	330	119	874621	877119	0	1	21	0	2	0	17663	17687
TP1_synth_reverse		51	A	875611	72	1109	109	0	114	131	877146	17663	3	22	1	0	0	0	17689
TP1_synth_reverse		52	C	559	874863	909	127	174	261	293	877186	0	17664	21	0	3	0	4	17692
TP1_synth_reverse		53	A	873787	167	1205	871	744	286	149	877209	17643	5	25	8	11	0	1	17693
TP1_synth_reverse		54	G	175	230	1539	874000	758	80	403	877185	5	0	33	17647	4	0	3	17692
TP1_synth_reverse		55	A	874967	90	1777	138	1	115	68	877156	17649	0	39	0	0	0	0	17688
TP1_synth_reverse		56	A	874688	489	1591	155	22	88	123	877156	17645	7	35	0	1	0	0	17688
TP1_synth_reverse		57	T	1655	66	1595	196	7	219	873394	877132	0	0	36	0	1	0	17652	17689
TP1_synth_reverse		58	A	873692	1001	1751	73	2	278	311	877108	17644	11	33	0	0	0	1	17689
TP1_synth_reverse		59	T	845	1402	1542	161	331	365	871912	876558	0	26	28	3	3	0	17628	17688
TP1_synth_reverse		60	C	799	873458	1445	43	157	260	362	876524	0	17654	30	0	1	0	2	17687
TP1_synth_reverse		61	T	1115	102	1714	6625	1281	216	865316	876369	0	0	35	106	24	0	17523	17688
TP1_synth_reverse		62	G	863	269	2760	870494	47	326	1585	876344	5	0	42	17615	1	0	22	17685
TP1_synth_reverse		63	T	1984	84	3179	31	0	149	870723	876150	0	0	44	1	0	0	17639	17684
TP1_synth_reverse		64	T	1776	69	2359	149	141	57	871587	876138	0	0	34	1	1	0	17648	17684
TP1_synth_reverse		65	C	1086	868673	2745	2725	549	147	204	876129	0	17587	40	47	9	0	1	17684
TP1_synth_reverse		66	G	356	330	1971	872795	3	68	634	876157	0	0	33	17650	0	0	2	17685
TP1_synth_reverse		67	C	863	872786	2123	40	66	190	80	876148	0	17641	42	0	2	0	0	17685
TP1_synth_reverse		68	A	873423	200	2025	133	197	89	78	876145	17648	0	36	0	1	0	0	17685
TP1_synth_reverse		69	C	311	873984	1521	40	2	57	249	876164	1	17647	35	0	0	0	4	17687
TP1_synth_reverse		70	T	1044	108	1690	37	364	96	872814	876153	0	0	34	0	4	0	17649	17687
TP1_synth_reverse		71	C	368	872850	2290	49	0	307	286	876150	0	17647	38	0	0	0	2	17687
TP1_synth_reverse		72	C	663	867445	1436	5835	235	120	236	875970	0	17563	31	80	6	0	5	17685
TP1_synth_reverse		73	G	408	446	1528	872687	1	329	554	875953	7	0	39	17635	0	0	4	17685
TP1_synth_reverse		74	A	871177	95	1621	2735	104	121	87	875940	17590	1	31	56	4	0	2	17684
TP1_synth_reverse		75	G	153	392	1178	873842	123	76	157	875921	4	0	29	17649	1	0	1	17684
TP1_synth_reverse		76	T	905	362	852	14590	74	63	859025	875871	1	2	20	193	3	0	17464	17683
TP1_synth_reverse		77	G	527	316	638	873649	176	81	456	875843	4	0	19	17657	1	0	2	17683
TP1_synth_reverse		78	C	462	869351	917	2181	431	450	2044	875836	0	17599	14	27	7	1	35	17683
TP1_synth_reverse		79	G	680	512	1716	872245	0	126	469	875748	5	1	20	17653	0	1	3	17683
TP1_synth_reverse		80	G	465	272	1003	873321	0	149	514	875724	7	0	8	17665	0	0	3	17683
TP1_synth_reverse		81	C	289	872927	1433	87	487	88	397	875708	0	17664	12	0	4	0	3	17683
TP1_synth_reverse		82	A	873227	34	1813	159	1	93	147	875474	17664	0	19	0	0	0	0	17683
TP1_synth_reverse		83	A	873932	51	1052	101	0	222	113	875471	17676	0	7	0	0	0	0	17683
TP1_synth_reverse		84	A	874155	55	1	914	7	229	71	875432	17667	0	0	16	0	0	0	17683
TP1_synth_reverse		85	G	146	346	89	874158	3	123	472	875337	2	0	5	17675	0	0	1	17683
TP1_synth_reverse		86	C	500	874354	0	49	126	85	181	875295	0	17681	0	0	1	0	1	17683
TP1_synth_reverse		87	T	1134	112	10	31	5	294	873648	875234	0	0	2	0	0	0	17681	17683
TP1_synth_reverse		88	G	336	578	736	872929	216	158	221	875174	0	0	4	17678	1	0	0	17683
TP1_synth_reverse		89	T	639	104	77	45	0	74	874192	875131	0	0	1	0	0	0	17682	17683
TP1_synth_reverse		90	T	616	115	0	31	0	84	874190	875036	0	0	0	0	0	0	17683	17683
TP1_synth_reverse		91	C	548	873715	0	180	0	289	207	874939	1	17679	0	3	0	0	0	17683
TP1_synth_reverse		92	C	424	873196	0	53	0	366	276	874315	0	17681	0	1	0	0	0	17682
TP1_synth_reverse		93	G	368	373	0	872834	0	138	176	873889	4	0	0	17674	0	0	0	17678
TP1_synth_reverse		94	T	529	112	0	39	0	92	872849	873621	0	0	0	0	0	0	17676	17676
TP1_synth_reverse		95	C	0	872573	0	0	0	153	0	872726	0	17673	0	0	0	0	0	17673
TP1_synth_reverse		96	C	0	871670	0	0	0	135	0	871805	0	17673	0	0	0	0	0	17673
TP1_synth_reverse		97	C	0	869086	0	0	0	136	0	869222	0	17669	0	0	0	0	0	17669
TP1_synth_reverse		98	A	866362	0	0	0	0	0	0	866362	17656	0	0	0	0	0	0	17656
TP1_synth_reverse		99	G	0	0	0	864998	1	0	0	864999	0	0	0	17650	0	0	0	17650
