



























































































































































































































#AmpliconChromStart	Alias	Position	ProbableRef	rawA	rawC	rawD	rawG	rawI	rawN	rawT	rawDepth	consA	consC	consD	consG	consI	consN	consT	consDepth	
TP1_synth_reverse		1	G	0	0	0	867372	0	0	0	867372	0	0	0	11344	0	0	0	11344
TP1_synth_reverse		2	T	0	0	0	0	0	0	869171	869171	0	0	0	0	0	0	11359	11359
TP1_synth_reverse		3	G	0	0	0	871985	0	73	0	872058	0	0	0	11382	0	0	0	11382
TP1_synth_reverse		4	G	0	0	0	872803	0	61	0	872864	0	0	0	11391	0	0	0	11391
TP1_synth_reverse		5	T	0	0	0	0	0	22	873258	873280	0	0	0	0	0	0	11395	11395
TP1_synth_reverse		6	G	140	87	0	873676	0	17	190	874110	1	0	0	11404	0	0	1	11406
TP1_synth_reverse		7	A	874334	18	0	129	0	66	146	874693	11411	0	0	0	0	0	1	11412
TP1_synth_reverse		8	G	105	102	0	876051	1	102	146	876507	0	0	0	11431	0	0	1	11432
TP1_synth_reverse		9	G	123	118	0	875965	242	33	120	876601	0	0	0	11435	1	0	0	11436
TP1_synth_reverse		10	C	216	876135	45	25	0	32	148	876601	0	11435	1	0	0	0	0	11436
TP1_synth_reverse		11	T	190	323	215	16	292	23	875542	876601	0	0	0	0	6	0	11430	11436
TP1_synth_reverse		12	C	292	874471	1562	25	0	82	169	876601	0	11413	22	0	0	0	1	11436
TP1_synth_reverse		13	C	387	875981	2	28	1	97	105	876601	0	11436	0	0	0	0	0	11436
TP1_synth_reverse		14	C	414	875973	0	34	0	60	120	876601	0	11436	0	0	0	0	0	11436
TP1_synth_reverse		15	C	273	875932	35	34	173	69	102	876618	0	11433	1	0	2	0	0	11436
TP1_synth_reverse		16	T	343	79	1372	15	0	206	874603	876618	0	0	21	0	0	0	11415	11436
TP1_synth_reverse		17	T	289	118	333	17	0	80	875914	876751	0	0	4	0	0	0	11433	11437
TP1_synth_reverse		18	T	297	139	872	2	238	66	875137	876751	0	1	11	0	2	0	11423	11437
TP1_synth_reverse		19	C	305	873827	2015	20	566	66	204	877003	0	11396	26	0	13	0	3	11438
TP1_synth_reverse		20	T	235	127	1800	19	0	29	874793	877003	0	2	25	0	0	0	11411	11438
TP1_synth_reverse		21	T	479	184	618	932	1386	104	873300	877003	0	0	10	13	17	0	11398	11438
TP1_synth_reverse		22	G	619	382	1295	874027	408	22	260	877013	5	0	17	11411	5	0	0	11438
TP1_synth_reverse		23	C	538	864482	1391	6628	3266	32	676	877013	0	11317	18	62	39	0	2	11438
TP1_synth_reverse		24	G	242	159	1855	873836	8	44	869	877013	2	1	23	11411	0	0	1	11438
TP1_synth_reverse		25	G	117	609	579	873691	1242	103	688	877029	0	0	10	11417	10	0	2	11439
TP1_synth_reverse		26	A	874076	12	431	238	2093	47	149	877046	11401	0	10	0	29	0	0	11440
TP1_synth_reverse		27	G	342	702	846	874039	676	22	419	877046	3	0	17	11408	7	0	5	11440
TP1_synth_reverse		28	A	874472	29	1541	84	769	37	133	877065	11407	0	23	0	10	0	1	11441
TP1_synth_reverse		29	T	285	677	755	142	2	130	875074	877065	0	4	18	0	0	0	11419	11441
TP1_synth_reverse		30	T	946	108	507	67	223	120	875151	877122	0	0	12	0	4	0	11426	11442
TP1_synth_reverse		31	C	605	873744	960	39	422	82	1228	877080	2	11415	15	0	1	0	8	11441
TP1_synth_reverse		32	T	554	189	1096	76	602	359	874200	877076	0	1	12	0	2	0	11426	11441
TP1_synth_reverse		33	C	439	874853	1365	30	58	143	110	876998	0	11421	18	0	1	0	1	11441
TP1_synth_reverse		34	T	685	159	1046	69	0	91	874944	876994	0	1	16	0	0	0	11424	11441
TP1_synth_reverse		35	T	1383	474	870	55	242	105	873855	876984	0	6	14	0	4	0	11417	11441
TP1_synth_reverse		36	C	511	873972	2169	32	0	77	216	876977	0	11410	29	0	0	0	2	11441
TP1_synth_reverse		37	C	539	874498	1463	76	18	84	276	876954	0	11409	25	0	2	0	4	11440
TP1_synth_reverse		38	T	644	68	1801	255	385	26	873769	876948	0	0	29	2	5	0	11405	11441
TP1_synth_reverse		39	C	374	873809	1668	56	435	65	489	876896	0	11401	30	0	7	0	2	11440
TP1_synth_reverse		40	T	1247	101	2020	2427	1119	143	869805	876862	1	0	28	36	10	0	11365	11440
TP1_synth_reverse		41	G	1178	538	2464	870807	652	26	1181	876846	2	0	34	11390	7	0	7	11440
TP1_synth_reverse		42	T	2099	86	2061	477	1708	68	870278	876777	0	0	27	5	17	0	11390	11439
TP1_synth_reverse		43	G	500	419	1686	872854	468	389	614	876930	2	0	27	11406	6	0	2	11443
TP1_synth_reverse		44	C	507	865806	2413	3511	2647	162	2127	877173	1	11328	22	48	25	0	21	11445
TP1_synth_reverse		45	G	204	1104	1937	871984	577	61	1509	877376	0	6	22	11412	4	0	2	11446
TP1_synth_reverse		46	C	754	874386	1673	278	8	16	195	877310	0	11423	19	2	0	0	1	11445
TP1_synth_reverse		47	C	328	869909	896	3357	2029	29	759	877307	0	11362	11	45	23	0	4	11445
TP1_synth_reverse		48	G	230	608	1413	873635	260	38	1096	877280	3	1	15	11421	4	0	1	11445
TP1_synth_reverse		49	A	875476	54	1191	78	0	194	146	877139	11433	0	14	0	0	0	0	11447
TP1_synth_reverse		50	T	1002	88	814	145	330	119	874630	877128	0	1	11	0	2	0	11433	11447
TP1_synth_reverse		51	A	875620	72	1109	109	0	114	131	877155	11433	0	15	1	0	0	0	11449
TP1_synth_reverse		52	C	559	874872	909	127	174	261	293	877195	0	11431	14	0	3	0	3	11451
TP1_synth_reverse		53	A	873770	167	1205	871	744	286	149	877192	11420	3	18	4	5	0	1	11451
TP1_synth_reverse		54	G	176	231	1539	873981	758	80	403	877168	2	0	22	11420	4	0	3	11451
TP1_synth_reverse		55	A	874950	90	1777	138	1	115	68	877139	11421	0	28	0	0	0	0	11449
TP1_synth_reverse		56	A	874671	489	1591	155	22	88	123	877139	11417	5	26	0	1	0	0	11449
TP1_synth_reverse		57	T	1656	66	1595	196	7	219	873376	877115	0	0	25	0	1	0	11424	11450
TP1_synth_reverse		58	A	873675	1001	1751	73	2	278	311	877091	11422	9	20	0	0	0	1	11452
TP1_synth_reverse		59	T	846	1402	1542	161	331	365	871894	876541	0	14	19	1	1	0	11417	11452
TP1_synth_reverse		60	C	799	873441	1445	43	157	260	362	876507	0	11429	20	0	1	0	2	11452
TP1_synth_reverse		61	T	1115	102	1714	6625	1281	216	865299	876352	0	0	23	68	17	0	11345	11453
TP1_synth_reverse		62	G	862	269	2760	870479	47	326	1584	876327	3	0	31	11402	1	0	16	11453
TP1_synth_reverse		63	T	1982	84	3179	31	0	149	870708	876133	0	0	32	1	0	0	11421	11454
TP1_synth_reverse		64	T	1776	69	2359	148	141	57	871571	876121	0	0	25	1	1	0	11427	11454
TP1_synth_reverse		65	C	1086	868656	2745	2725	549	147	204	876112	0	11383	30	32	8	0	1	11454
TP1_synth_reverse		66	G	356	330	1971	872780	3	68	632	876140	0	0	25	11428	0	0	2	11455
TP1_synth_reverse		67	C	861	872771	2123	40	66	190	80	876131	0	11425	29	0	1	0	0	11455
TP1_synth_reverse		68	A	873406	200	2025	133	197	89	78	876128	11428	0	26	0	1	0	0	11455
TP1_synth_reverse		69	C	311	873967	1521	40	2	57	249	876147	0	11430	25	0	0	0	2	11457
TP1_synth_reverse		70	T	1044	108	1690	37	364	96	872797	876136	0	0	21	0	3	0	11433	11457
TP1_synth_reverse		71	C	368	872833	2290	49	0	307	286	876133	0	11432	24	0	0	0	1	11457
TP1_synth_reverse		72	C	660	867431	1436	5835	235	120	236	875953	0	11386	17	49	4	0	1	11457
TP1_synth_reverse		73	G	408	446	1528	872670	1	329	554	875936	6	0	22	11426	0	0	3	11457
TP1_synth_reverse		74	A	871160	95	1621	2735	104	121	87	875923	11403	1	18	33	1	0	1	11457
TP1_synth_reverse		75	G	153	392	1178	873825	123	76	157	875904	2	0	20	11433	1	0	1	11457
TP1_synth_reverse		76	T	900	361	852	14590	74	63	859014	875854	0	1	14	123	2	0	11316	11456
TP1_synth_reverse		77	G	527	316	638	873632	176	81	456	875826	3	0	12	11439	1	0	1	11456
TP1_synth_reverse		78	C	462	869334	917	2181	431	450	2044	875819	0	11401	10	16	6	1	22	11456
TP1_synth_reverse		79	G	681	511	1716	872228	0	126	469	875731	3	1	14	11436	0	0	2	11456
TP1_synth_reverse		80	G	465	273	1003	873303	0	149	514	875707	3	0	6	11446	0	0	1	11456
TP1_synth_reverse		81	C	287	872912	1433	87	487	88	397	875691	0	11443	9	0	3	0	1	11456
TP1_synth_reverse		82	A	873210	34	1813	159	1	93	147	875457	11441	0	15	0	0	0	0	11456
TP1_synth_reverse		83	A	873915	51	1052	101	0	222	113	875454	11449	0	7	0	0	0	0	11456
TP1_synth_reverse		84	A	874138	55	1	914	7	229	71	875415	11443	0	0	13	0	0	0	11456
TP1_synth_reverse		85	G	145	348	89	874141	3	123	472	875321	1	0	2	11452	0	0	1	11456
TP1_synth_reverse		86	C	498	874340	0	49	126	85	181	875279	0	11454	0	0	1	0	1	11456
TP1_synth_reverse		87	T	1134	112	10	31	5	294	873632	875218	0	0	0	0	0	0	11456	11456
TP1_synth_reverse		88	G	336	578	736	872913	216	158	221	875158	0	0	2	11453	1	0	0	11456
TP1_synth_reverse		89	T	639	104	77	45	0	74	874176	875115	0	0	0	0	0	0	11456	11456
TP1_synth_reverse		90	T	616	115	0	31	0	84	874174	875020	0	0	0	0	0	0	11456	11456
TP1_synth_reverse		91	C	548	873699	0	180	0	289	207	874923	0	11453	0	3	0	0	0	11456
TP1_synth_reverse		92	C	424	873180	0	53	0	366	276	874299	0	11456	0	0	0	0	0	11456
TP1_synth_reverse		93	G	368	373	0	872818	0	138	176	873873	2	0	0	11453	0	0	0	11455
TP1_synth_reverse		94	T	529	112	0	39	0	92	872833	873605	0	0	0	0	0	0	11455	11455
TP1_synth_reverse		95	C	0	872557	0	0	0	153	0	872710	0	11455	0	0	0	0	0	11455
TP1_synth_reverse		96	C	0	871654	0	0	0	135	0	871789	0	11455	0	0	0	0	0	11455
TP1_synth_reverse		97	C	0	869070	0	0	0	136	0	869206	0	11454	0	0	0	0	0	11454
TP1_synth_reverse		98	A	866346	0	0	0	0	0	0	866346	11450	0	0	0	0	0	0	11450
TP1_synth_reverse		99	G	0	0	0	864982	1	0	0	864983	0	0	0	11450	0	0	0	11450
