



























































































































































































































#AmpliconChromStart	Alias	Position	ProbableRef	rawA	rawC	rawD	rawG	rawI	rawN	rawT	rawDepth	consA	consC	consD	consG	consI	consN	consT	consDepth	
TP1_synth_reverse		1	G	0	0	0	536006	0	0	0	536006	0	0	0	8999	0	0	0	8999
TP1_synth_reverse		2	T	0	0	0	0	0	0	537430	537430	0	0	0	0	0	0	9005	9005
TP1_synth_reverse		3	G	0	0	0	539044	0	103	0	539147	0	0	0	9022	0	0	0	9022
TP1_synth_reverse		4	G	0	0	0	540659	0	51	0	540710	0	0	0	9035	0	0	0	9035
TP1_synth_reverse		5	T	0	0	0	0	0	163	540969	541132	0	0	0	0	0	0	9040	9040
TP1_synth_reverse		6	G	100	64	0	541488	0	12	253	541917	0	0	0	9042	0	0	1	9043
TP1_synth_reverse		7	A	542278	19	0	75	0	5	95	542472	9047	0	0	0	0	0	0	9047
TP1_synth_reverse		8	G	97	46	0	542899	0	59	83	543184	0	0	0	9054	0	0	0	9054
TP1_synth_reverse		9	G	87	89	0	542909	3	11	272	543371	0	0	0	9058	0	0	1	9059
TP1_synth_reverse		10	C	241	542739	2	29	0	19	341	543371	0	9056	0	0	0	0	3	9059
TP1_synth_reverse		11	T	276	84	242	20	314	28	542434	543398	0	0	3	0	6	0	9050	9059
TP1_synth_reverse		12	C	254	541599	1374	22	0	59	101	543409	0	9044	15	0	0	0	0	9059
TP1_synth_reverse		13	C	310	542882	2	24	1	89	123	543431	0	9059	0	0	0	0	0	9059
TP1_synth_reverse		14	C	241	543027	0	24	0	44	113	543449	0	9059	0	0	0	0	0	9059
TP1_synth_reverse		15	C	246	542784	198	38	3	29	158	543456	0	9053	5	0	0	0	1	9059
TP1_synth_reverse		16	T	491	50	1240	31	0	20	541624	543456	0	0	17	0	0	0	9042	9059
TP1_synth_reverse		17	T	588	86	300	24	0	120	542344	543462	0	1	2	0	0	0	9056	9059
TP1_synth_reverse		18	T	456	94	177	16	0	105	542631	543479	0	0	1	0	0	0	9059	9060
TP1_synth_reverse		19	C	419	542887	581	28	217	75	162	544369	0	9050	6	0	2	0	3	9061
TP1_synth_reverse		20	T	561	55	2303	41	0	35	541374	544369	0	0	23	0	0	0	9038	9061
TP1_synth_reverse		21	T	1668	90	394	60	601	116	541440	544369	0	0	5	1	7	0	9048	9061
TP1_synth_reverse		22	G	125	619	437	542506	305	101	276	544369	0	0	5	9053	2	0	1	9061
TP1_synth_reverse		23	C	645	540859	825	104	866	86	998	544383	0	9032	8	1	14	0	7	9062
TP1_synth_reverse		24	G	968	130	1265	541265	3	48	715	544394	5	0	18	9038	0	0	1	9062
TP1_synth_reverse		25	G	201	386	46	543256	242	47	216	544394	0	0	2	9051	9	0	0	9062
TP1_synth_reverse		26	A	542929	16	457	116	721	88	93	544420	9048	0	5	0	10	0	0	9063
TP1_synth_reverse		27	G	236	139	481	542739	96	55	674	544420	6	0	7	9048	1	0	1	9063
TP1_synth_reverse		28	A	543157	87	828	62	154	51	81	544420	9047	0	9	0	7	0	0	9063
TP1_synth_reverse		29	T	667	72	493	50	1	5	543132	544420	0	0	7	0	0	0	9056	9063
TP1_synth_reverse		30	T	2377	123	376	10	51	42	541441	544420	0	0	1	0	1	0	9061	9063
TP1_synth_reverse		31	C	680	542395	872	27	329	21	89	544413	1	9049	10	0	3	0	0	9063
TP1_synth_reverse		32	T	830	84	506	42	49	38	542861	544410	0	1	3	0	1	0	9058	9063
TP1_synth_reverse		33	C	724	542889	388	30	1	16	357	544405	0	9058	1	0	0	0	4	9063
TP1_synth_reverse		34	T	1175	104	569	54	0	26	542472	544400	0	0	4	0	0	0	9059	9063
TP1_synth_reverse		35	T	2685	88	926	44	3	38	540603	544387	0	0	3	0	0	0	9060	9063
TP1_synth_reverse		36	C	554	542750	959	15	2	44	78	544402	0	9059	4	0	0	0	0	9063
TP1_synth_reverse		37	C	607	542368	958	55	14	26	367	544395	0	9055	3	0	0	0	5	9063
TP1_synth_reverse		38	T	1302	41	1418	24	1	63	541536	544385	0	0	4	0	0	0	9059	9063
TP1_synth_reverse		39	C	410	541836	1886	36	80	32	95	544375	2	9044	15	0	2	0	0	9063
TP1_synth_reverse		40	T	1436	94	1067	19	264	22	541468	544370	0	1	7	0	5	0	9050	9063
TP1_synth_reverse		41	G	252	1289	1069	540122	7	9	1614	544362	2	0	8	9053	0	0	0	9063
TP1_synth_reverse		42	T	2315	230	1216	26	1771	96	538704	544358	0	0	8	0	7	0	9048	9063
TP1_synth_reverse		43	G	626	1235	1344	539917	17	51	1173	544363	3	0	8	9050	0	0	2	9063
TP1_synth_reverse		44	C	745	541059	1669	36	5	84	761	544359	0	9040	15	0	0	0	8	9063
TP1_synth_reverse		45	G	515	425	1097	539714	1	45	2550	544347	1	3	8	9051	0	0	0	9063
TP1_synth_reverse		46	C	1223	541619	1355	39	0	18	114	544368	0	9051	11	0	0	0	1	9063
TP1_synth_reverse		47	C	409	543256	137	20	122	1	421	544366	0	9053	3	0	3	0	4	9063
TP1_synth_reverse		48	G	854	1130	147	539983	17	4	2220	544355	5	0	3	9054	1	0	0	9063
TP1_synth_reverse		49	A	543847	164	138	45	1	28	121	544344	9058	3	3	0	0	0	0	9064
TP1_synth_reverse		50	T	2344	66	122	26	491	15	541586	544650	0	0	3	0	1	0	9063	9067
TP1_synth_reverse		51	A	544224	44	119	65	90	46	109	544697	9063	0	3	0	2	0	0	9068
TP1_synth_reverse		52	C	612	542715	480	33	42	33	626	544541	0	9061	5	0	0	0	2	9068
TP1_synth_reverse		53	A	543519	29	669	103	116	32	97	544565	9063	0	5	0	1	0	0	9069
TP1_synth_reverse		54	G	177	337	1264	542345	1	14	413	544551	0	0	8	9061	0	0	0	9069
TP1_synth_reverse		55	A	543863	136	532	82	0	41	60	544714	9062	0	8	0	0	0	0	9070
TP1_synth_reverse		56	A	544406	10	74	77	0	40	105	544712	9067	0	3	0	0	0	0	9070
TP1_synth_reverse		57	T	3031	39	764	141	1	30	540691	544697	0	0	5	0	0	0	9065	9070
TP1_synth_reverse		58	A	544156	12	456	66	0	42	97	544829	9062	0	9	0	0	0	0	9071
TP1_synth_reverse		59	T	1980	76	105	85	0	12	542554	544812	1	1	4	0	0	0	9065	9071
TP1_synth_reverse		60	C	1288	542834	436	76	69	34	67	544804	0	9066	4	0	1	0	0	9071
TP1_synth_reverse		61	T	1499	83	208	234	1	12	542804	544841	0	0	4	0	0	0	9068	9072
TP1_synth_reverse		62	G	552	303	165	543105	10	78	640	544853	1	0	4	9068	0	0	0	9073
TP1_synth_reverse		63	T	3848	554	1387	33	0	24	539082	544928	0	4	12	0	0	0	9058	9074
TP1_synth_reverse		64	T	2171	383	122	68	340	52	541803	544939	0	2	3	0	0	0	9070	9075
TP1_synth_reverse		65	C	557	543662	365	52	74	77	151	544938	0	9068	6	0	1	0	0	9075
TP1_synth_reverse		66	G	948	334	197	542450	0	35	968	544932	3	0	4	9067	0	0	1	9075
TP1_synth_reverse		67	C	909	543038	587	28	188	112	68	544930	0	9070	5	0	0	0	0	9075
TP1_synth_reverse		68	A	542482	574	1195	116	0	88	73	544528	9064	1	11	0	0	0	0	9076
TP1_synth_reverse		69	C	206	543686	417	39	1	53	121	544523	0	9072	4	0	0	0	0	9076
TP1_synth_reverse		70	T	1171	199	58	174	1	20	542889	544512	0	1	3	0	0	0	9072	9076
TP1_synth_reverse		71	C	339	543735	231	31	0	10	163	544509	0	9072	2	0	0	0	2	9076
TP1_synth_reverse		72	C	900	543270	59	67	1	46	161	544504	0	9073	3	0	0	0	0	9076
TP1_synth_reverse		73	G	990	287	552	542369	0	123	173	544494	4	0	10	9062	0	0	0	9076
TP1_synth_reverse		74	A	542377	302	266	148	292	64	1044	544493	9059	1	6	2	3	0	5	9076
TP1_synth_reverse		75	G	121	291	795	542137	1	14	1122	544481	0	0	9	9056	0	0	11	9076
TP1_synth_reverse		76	T	2985	79	1032	69	4	22	540272	544463	0	0	10	0	0	0	9066	9076
TP1_synth_reverse		77	G	666	364	481	541949	0	23	965	544448	6	0	1	9068	0	0	1	9076
TP1_synth_reverse		78	C	458	542963	138	30	12	38	803	544442	0	9068	3	0	1	0	4	9076
TP1_synth_reverse		79	G	977	818	102	541823	0	108	601	544429	4	0	2	9067	0	0	3	9076
TP1_synth_reverse		80	G	399	271	1	543394	1	136	219	544421	1	1	0	9074	0	0	0	9076
TP1_synth_reverse		81	C	942	542603	234	48	333	104	151	544415	4	9066	3	0	2	1	0	9076
TP1_synth_reverse		82	A	540574	56	2729	109	0	53	107	543628	9062	1	12	0	0	0	0	9075
TP1_synth_reverse		83	A	543221	71	10	98	0	147	74	543621	9075	0	0	0	0	0	0	9075
TP1_synth_reverse		84	A	543063	45	0	366	1	59	39	543573	9074	0	0	1	0	0	0	9075
TP1_synth_reverse		85	G	434	252	58	542350	158	72	142	543466	0	0	2	9072	0	0	0	9074
TP1_synth_reverse		86	C	342	542883	45	19	2	42	86	543419	0	9071	2	0	0	0	1	9074
TP1_synth_reverse		87	T	1187	84	61	74	1	50	541890	543347	0	0	1	0	0	0	9073	9074
TP1_synth_reverse		88	G	176	402	2	542357	12	86	262	543297	1	0	0	9073	0	0	0	9074
TP1_synth_reverse		89	T	926	75	331	33	0	189	541696	543250	0	0	5	0	0	0	9069	9074
TP1_synth_reverse		90	T	985	83	0	35	1	97	541847	543048	0	0	0	0	0	0	9074	9074
TP1_synth_reverse		91	C	438	542165	0	193	1	21	107	542925	0	9074	0	0	0	0	0	9074
TP1_synth_reverse		92	C	523	541663	0	348	0	35	187	542756	3	9067	0	1	0	0	1	9072
TP1_synth_reverse		93	G	496	154	0	541566	0	81	98	542395	2	0	0	9069	0	0	0	9071
TP1_synth_reverse		94	T	807	93	0	102	0	146	541115	542263	0	0	0	0	0	0	9070	9070
TP1_synth_reverse		95	C	0	541537	0	0	0	77	0	541614	0	9068	0	0	0	0	0	9068
TP1_synth_reverse		96	C	0	541040	0	0	0	35	0	541075	0	9068	0	0	0	0	0	9068
TP1_synth_reverse		97	C	0	539566	0	0	0	119	0	539685	0	9064	0	0	0	0	0	9064
TP1_synth_reverse		98	A	537122	0	0	0	0	0	0	537122	9060	0	0	0	0	0	0	9060
TP1_synth_reverse		99	G	0	0	0	535615	0	0	0	535615	0	0	0	9060	0	0	0	9060
