



























































































































































































































#AmpliconChromStart	Alias	Position	ProbableRef	rawA	rawC	rawD	rawG	rawI	rawN	rawT	rawDepth	consA	consC	consD	consG	consI	consN	consT	consDepth	
TP1_synth_reverse		1	G	0	0	0	536006	0	0	0	536006	0	0	0	6864	0	0	0	6864
TP1_synth_reverse		2	T	0	0	0	0	0	0	537430	537430	0	0	0	0	0	0	6870	6870
TP1_synth_reverse		3	G	0	0	0	539044	0	103	0	539147	0	0	0	6883	0	0	0	6883
TP1_synth_reverse		4	G	0	0	0	540659	0	51	0	540710	0	0	0	6894	0	0	0	6894
TP1_synth_reverse		5	T	0	0	0	0	0	163	540969	541132	0	0	0	0	0	0	6898	6898
TP1_synth_reverse		6	G	100	64	0	541488	0	12	253	541917	0	0	0	6900	0	0	1	6901
TP1_synth_reverse		7	A	542278	19	0	75	0	5	95	542472	6905	0	0	0	0	0	0	6905
TP1_synth_reverse		8	G	97	46	0	542899	0	59	83	543184	0	0	0	6911	0	0	0	6911
TP1_synth_reverse		9	G	87	89	0	542909	3	11	272	543371	0	0	0	6913	0	0	1	6914
TP1_synth_reverse		10	C	241	542739	2	29	0	19	341	543371	0	6911	0	0	0	0	3	6914
TP1_synth_reverse		11	T	276	84	242	20	314	28	542434	543398	0	0	2	0	6	0	6906	6914
TP1_synth_reverse		12	C	254	541599	1374	22	0	59	101	543409	0	6901	13	0	0	0	0	6914
TP1_synth_reverse		13	C	310	542882	2	24	1	89	123	543431	0	6914	0	0	0	0	0	6914
TP1_synth_reverse		14	C	241	543027	0	24	0	44	113	543449	0	6914	0	0	0	0	0	6914
TP1_synth_reverse		15	C	246	542784	198	38	3	29	158	543456	0	6908	5	0	0	0	1	6914
TP1_synth_reverse		16	T	491	50	1240	31	0	20	541624	543456	0	0	16	0	0	0	6898	6914
TP1_synth_reverse		17	T	588	86	300	24	0	120	542344	543462	0	0	2	0	0	0	6912	6914
TP1_synth_reverse		18	T	456	94	177	16	0	105	542631	543479	0	0	1	0	0	0	6913	6914
TP1_synth_reverse		19	C	419	542887	581	28	217	75	162	544369	0	6907	4	0	2	0	2	6915
TP1_synth_reverse		20	T	561	55	2303	41	0	35	541374	544369	0	0	16	0	0	0	6899	6915
TP1_synth_reverse		21	T	1668	90	394	60	601	116	541440	544369	0	0	3	1	6	0	6905	6915
TP1_synth_reverse		22	G	125	619	437	542506	305	101	276	544369	0	0	3	6909	2	0	1	6915
TP1_synth_reverse		23	C	645	540859	825	104	866	86	998	544383	0	6892	6	1	13	0	4	6916
TP1_synth_reverse		24	G	968	130	1265	541265	3	48	715	544394	5	0	14	6896	0	0	1	6916
TP1_synth_reverse		25	G	201	386	46	543256	242	47	216	544394	0	0	1	6909	6	0	0	6916
TP1_synth_reverse		26	A	542929	16	457	116	721	88	93	544420	6908	0	4	0	5	0	0	6917
TP1_synth_reverse		27	G	236	139	481	542739	96	55	674	544420	4	0	5	6906	1	0	1	6917
TP1_synth_reverse		28	A	543157	87	828	62	154	51	81	544420	6906	0	7	0	4	0	0	6917
TP1_synth_reverse		29	T	667	72	493	50	1	5	543132	544420	0	0	5	0	0	0	6912	6917
TP1_synth_reverse		30	T	2377	123	376	10	51	42	541447	544426	0	0	1	0	1	0	6915	6917
TP1_synth_reverse		31	C	680	542401	872	27	329	21	89	544419	1	6905	8	0	3	0	0	6917
TP1_synth_reverse		32	T	830	84	506	42	49	38	542866	544415	0	1	3	0	1	0	6912	6917
TP1_synth_reverse		33	C	724	542897	388	30	1	16	357	544413	0	6914	1	0	0	0	2	6917
TP1_synth_reverse		34	T	1175	104	569	54	0	26	542480	544408	0	0	3	0	0	0	6914	6917
TP1_synth_reverse		35	T	2686	88	926	44	3	38	540610	544395	0	0	3	0	0	0	6914	6917
TP1_synth_reverse		36	C	554	542758	959	15	2	44	78	544410	0	6913	4	0	0	0	0	6917
TP1_synth_reverse		37	C	607	542376	958	55	14	26	367	544403	0	6911	3	0	0	0	3	6917
TP1_synth_reverse		38	T	1304	41	1418	24	1	63	541542	544393	0	0	4	0	0	0	6913	6917
TP1_synth_reverse		39	C	409	541845	1886	36	80	32	95	544383	0	6902	14	0	1	0	0	6917
TP1_synth_reverse		40	T	1437	94	1067	19	264	22	541475	544378	0	1	5	0	4	0	6907	6917
TP1_synth_reverse		41	G	252	1290	1069	540128	7	9	1615	544370	1	0	5	6911	0	0	0	6917
TP1_synth_reverse		42	T	2315	230	1216	26	1771	96	538712	544366	0	0	7	0	6	0	6904	6917
TP1_synth_reverse		43	G	626	1235	1344	539909	17	51	1174	544356	2	0	8	6905	0	0	2	6917
TP1_synth_reverse		44	C	746	541051	1669	36	5	84	761	544352	0	6897	14	0	0	0	6	6917
TP1_synth_reverse		45	G	515	427	1097	539702	1	45	2553	544340	1	1	7	6908	0	0	0	6917
TP1_synth_reverse		46	C	1223	541612	1355	39	0	18	114	544361	0	6907	10	0	0	0	0	6917
TP1_synth_reverse		47	C	409	543249	137	20	122	1	421	544359	0	6907	3	0	3	0	4	6917
TP1_synth_reverse		48	G	854	1122	147	539983	17	4	2221	544348	4	0	3	6910	0	0	0	6917
TP1_synth_reverse		49	A	543840	164	138	45	1	28	121	544337	6911	3	3	0	0	0	0	6917
TP1_synth_reverse		50	T	2346	66	122	26	491	15	541577	544643	0	0	2	0	1	0	6917	6920
TP1_synth_reverse		51	A	544217	44	119	65	90	46	109	544690	6917	0	2	0	2	0	0	6921
TP1_synth_reverse		52	C	612	542708	480	33	42	33	626	544534	0	6916	4	0	0	0	1	6921
TP1_synth_reverse		53	A	543512	29	669	103	116	32	97	544558	6918	0	3	0	1	0	0	6922
TP1_synth_reverse		54	G	179	337	1264	542336	1	14	413	544544	0	0	6	6916	0	0	0	6922
TP1_synth_reverse		55	A	543856	136	532	82	0	41	60	544707	6919	0	4	0	0	0	0	6923
TP1_synth_reverse		56	A	544399	10	74	77	0	40	105	544705	6922	0	1	0	0	0	0	6923
TP1_synth_reverse		57	T	3031	39	764	141	1	30	540684	544690	0	0	2	0	0	0	6921	6923
TP1_synth_reverse		58	A	544149	12	456	66	0	42	97	544822	6918	0	6	0	0	0	0	6924
TP1_synth_reverse		59	T	1980	75	105	85	0	12	542548	544805	1	1	1	0	0	0	6921	6924
TP1_synth_reverse		60	C	1289	542826	436	76	69	34	67	544797	0	6921	2	0	1	0	0	6924
TP1_synth_reverse		61	T	1501	83	208	235	1	12	542794	544834	0	0	3	0	0	0	6922	6925
TP1_synth_reverse		62	G	555	303	165	543096	10	78	639	544846	1	0	3	6922	0	0	0	6926
TP1_synth_reverse		63	T	3840	554	1387	33	0	24	539083	544921	0	2	9	0	0	0	6916	6927
TP1_synth_reverse		64	T	2171	383	122	68	340	52	541796	544932	0	2	2	0	0	0	6924	6928
TP1_synth_reverse		65	C	556	543656	365	52	74	77	151	544931	0	6924	4	0	0	0	0	6928
TP1_synth_reverse		66	G	949	335	197	542441	0	35	968	544925	2	0	2	6923	0	0	1	6928
TP1_synth_reverse		67	C	909	543031	587	28	188	112	68	544923	0	6924	4	0	0	0	0	6928
TP1_synth_reverse		68	A	542475	574	1195	116	0	88	73	544521	6920	1	8	0	0	0	0	6929
TP1_synth_reverse		69	C	206	543679	417	39	1	53	121	544516	0	6927	2	0	0	0	0	6929
TP1_synth_reverse		70	T	1171	199	58	174	1	20	542882	544505	0	1	1	0	0	0	6927	6929
TP1_synth_reverse		71	C	338	543729	231	31	0	10	163	544502	0	6928	0	0	0	0	1	6929
TP1_synth_reverse		72	C	900	543263	59	67	1	46	161	544497	0	6929	0	0	0	0	0	6929
TP1_synth_reverse		73	G	988	287	552	542364	0	123	173	544487	4	0	5	6920	0	0	0	6929
TP1_synth_reverse		74	A	542370	302	266	148	292	64	1044	544486	6915	2	4	1	3	0	4	6929
TP1_synth_reverse		75	G	120	290	795	542132	1	14	1122	544474	0	0	6	6920	0	0	3	6929
TP1_synth_reverse		76	T	2973	79	1032	69	4	22	540277	544456	0	0	6	0	0	0	6923	6929
TP1_synth_reverse		77	G	666	363	481	541945	0	23	963	544441	4	0	0	6924	0	0	1	6929
TP1_synth_reverse		78	C	457	542957	138	30	12	38	803	544435	0	6923	2	0	0	0	4	6929
TP1_synth_reverse		79	G	976	810	102	541825	0	108	601	544422	4	0	1	6921	0	0	3	6929
TP1_synth_reverse		80	G	399	271	1	543387	1	136	219	544414	1	1	0	6927	0	0	0	6929
TP1_synth_reverse		81	C	942	542596	234	48	333	104	151	544408	2	6922	2	0	2	1	0	6929
TP1_synth_reverse		82	A	540567	56	2729	109	0	53	107	543621	6918	0	10	0	0	0	0	6928
TP1_synth_reverse		83	A	543214	71	10	98	0	147	74	543614	6928	0	0	0	0	0	0	6928
TP1_synth_reverse		84	A	543056	45	0	366	1	59	39	543566	6927	0	0	1	0	0	0	6928
TP1_synth_reverse		85	G	434	252	58	542343	158	72	142	543459	0	0	2	6926	0	0	0	6928
TP1_synth_reverse		86	C	342	542877	45	18	2	42	86	543412	0	6927	1	0	0	0	0	6928
TP1_synth_reverse		87	T	1187	84	61	74	1	50	541883	543340	0	0	1	0	0	0	6927	6928
TP1_synth_reverse		88	G	176	402	2	542350	12	86	262	543290	1	0	0	6927	0	0	0	6928
TP1_synth_reverse		89	T	926	75	331	33	0	189	541689	543243	0	0	4	0	0	0	6924	6928
TP1_synth_reverse		90	T	984	83	0	35	1	97	541841	543041	0	0	0	0	0	0	6928	6928
TP1_synth_reverse		91	C	438	542158	0	193	1	21	107	542918	0	6928	0	0	0	0	0	6928
TP1_synth_reverse		92	C	523	541656	0	348	0	35	187	542749	2	6924	0	1	0	0	0	6927
TP1_synth_reverse		93	G	496	155	0	541558	0	81	98	542388	1	0	0	6926	0	0	0	6927
TP1_synth_reverse		94	T	807	93	0	102	0	146	541108	542256	0	0	0	0	0	0	6927	6927
TP1_synth_reverse		95	C	0	541529	0	0	0	77	0	541606	0	6927	0	0	0	0	0	6927
TP1_synth_reverse		96	C	0	541032	0	0	0	35	0	541067	0	6927	0	0	0	0	0	6927
TP1_synth_reverse		97	C	0	539559	0	0	0	119	0	539678	0	6926	0	0	0	0	0	6926
TP1_synth_reverse		98	A	537115	0	0	0	0	0	0	537115	6923	0	0	0	0	0	0	6923
TP1_synth_reverse		99	G	0	0	0	535608	0	0	0	535608	0	0	0	6923	0	0	0	6923
