



























































































































































































































#AmpliconChromStart	Alias	Position	ProbableRef	rawA	rawC	rawD	rawG	rawI	rawN	rawT	rawDepth	consA	consC	consD	consG	consI	consN	consT	consDepth	
TP1_synth_reverse		1	G	0	0	0	536006	0	0	0	536006	0	0	0	8135	0	0	0	8135
TP1_synth_reverse		2	T	0	0	0	0	0	0	537430	537430	0	0	0	0	0	0	8141	8141
TP1_synth_reverse		3	G	0	0	0	539044	0	103	0	539147	0	0	0	8157	0	0	0	8157
TP1_synth_reverse		4	G	0	0	0	540659	0	51	0	540710	0	0	0	8170	0	0	0	8170
TP1_synth_reverse		5	T	0	0	0	0	0	163	540969	541132	0	0	0	0	0	0	8175	8175
TP1_synth_reverse		6	G	100	64	0	541488	0	12	253	541917	0	0	0	8177	0	0	1	8178
TP1_synth_reverse		7	A	542278	19	0	75	0	5	95	542472	8182	0	0	0	0	0	0	8182
TP1_synth_reverse		8	G	97	46	0	542899	0	59	83	543184	0	0	0	8189	0	0	0	8189
TP1_synth_reverse		9	G	87	89	0	542909	3	11	272	543371	0	0	0	8192	0	0	1	8193
TP1_synth_reverse		10	C	241	542739	2	29	0	19	341	543371	0	8190	0	0	0	0	3	8193
TP1_synth_reverse		11	T	276	84	242	20	314	28	542434	543398	0	0	2	0	6	0	8185	8193
TP1_synth_reverse		12	C	254	541599	1374	22	0	59	101	543409	0	8179	14	0	0	0	0	8193
TP1_synth_reverse		13	C	310	542882	2	24	1	89	123	543431	0	8193	0	0	0	0	0	8193
TP1_synth_reverse		14	C	241	543027	0	24	0	44	113	543449	0	8193	0	0	0	0	0	8193
TP1_synth_reverse		15	C	246	542784	198	38	3	29	158	543456	0	8187	5	0	0	0	1	8193
TP1_synth_reverse		16	T	491	50	1240	31	0	20	541624	543456	0	0	16	0	0	0	8177	8193
TP1_synth_reverse		17	T	588	86	300	24	0	120	542344	543462	0	0	2	0	0	0	8191	8193
TP1_synth_reverse		18	T	456	94	177	16	0	105	542631	543479	0	0	1	0	0	0	8192	8193
TP1_synth_reverse		19	C	419	542887	581	28	217	75	162	544369	0	8184	5	0	2	0	3	8194
TP1_synth_reverse		20	T	561	55	2303	41	0	35	541374	544369	0	0	22	0	0	0	8172	8194
TP1_synth_reverse		21	T	1668	90	394	60	601	116	541440	544369	0	0	4	0	6	0	8184	8194
TP1_synth_reverse		22	G	125	619	437	542506	305	101	276	544369	0	0	4	8187	2	0	1	8194
TP1_synth_reverse		23	C	645	540859	825	104	866	86	998	544383	0	8169	6	1	13	0	6	8195
TP1_synth_reverse		24	G	968	130	1265	541265	3	48	715	544394	5	0	15	8174	0	0	1	8195
TP1_synth_reverse		25	G	201	386	46	543256	242	47	216	544394	0	0	2	8184	9	0	0	8195
TP1_synth_reverse		26	A	542929	16	457	116	721	88	93	544420	8183	0	5	0	8	0	0	8196
TP1_synth_reverse		27	G	236	139	481	542739	96	55	674	544420	5	0	7	8182	1	0	1	8196
TP1_synth_reverse		28	A	543157	87	828	62	154	51	81	544420	8183	0	8	0	5	0	0	8196
TP1_synth_reverse		29	T	667	72	493	50	1	5	543132	544420	0	0	7	0	0	0	8189	8196
TP1_synth_reverse		30	T	2377	123	376	10	51	42	541441	544420	0	0	1	0	1	0	8194	8196
TP1_synth_reverse		31	C	680	542395	872	27	329	21	89	544413	1	8182	10	0	3	0	0	8196
TP1_synth_reverse		32	T	830	84	506	42	49	38	542860	544409	0	1	3	0	1	0	8191	8196
TP1_synth_reverse		33	C	724	542888	388	30	1	16	357	544404	0	8192	1	0	0	0	3	8196
TP1_synth_reverse		34	T	1175	104	569	54	0	26	542471	544399	0	0	3	0	0	0	8193	8196
TP1_synth_reverse		35	T	2685	88	926	44	3	38	540608	544392	0	0	3	0	0	0	8193	8196
TP1_synth_reverse		36	C	554	542755	959	15	2	44	78	544407	0	8192	4	0	0	0	0	8196
TP1_synth_reverse		37	C	607	542373	958	55	14	26	367	544400	0	8188	3	0	0	0	5	8196
TP1_synth_reverse		38	T	1302	41	1418	24	1	63	541541	544390	0	0	4	0	0	0	8192	8196
TP1_synth_reverse		39	C	409	541842	1886	36	80	32	95	544380	1	8178	15	0	2	0	0	8196
TP1_synth_reverse		40	T	1436	94	1067	19	264	22	541473	544375	0	1	6	0	5	0	8184	8196
TP1_synth_reverse		41	G	252	1289	1069	540127	7	9	1614	544367	2	0	7	8187	0	0	0	8196
TP1_synth_reverse		42	T	2316	230	1216	26	1771	96	538708	544363	0	0	8	0	6	0	8182	8196
TP1_synth_reverse		43	G	626	1237	1344	539904	17	51	1174	544353	3	0	8	8183	0	0	2	8196
TP1_synth_reverse		44	C	745	541049	1669	36	5	84	761	544349	0	8174	15	0	0	0	7	8196
TP1_synth_reverse		45	G	515	425	1097	539703	1	45	2551	544337	1	2	8	8185	0	0	0	8196
TP1_synth_reverse		46	C	1223	541609	1355	39	0	18	114	544358	0	8186	10	0	0	0	0	8196
TP1_synth_reverse		47	C	408	543247	137	20	122	1	421	544356	0	8186	3	0	3	0	4	8196
TP1_synth_reverse		48	G	854	1122	147	539982	17	4	2219	544345	5	0	3	8187	1	0	0	8196
TP1_synth_reverse		49	A	543837	164	138	45	1	28	121	544334	8191	3	3	0	0	0	0	8197
TP1_synth_reverse		50	T	2346	66	122	26	491	15	541574	544640	0	0	2	0	1	0	8197	8200
TP1_synth_reverse		51	A	544214	44	119	65	90	46	109	544687	8197	0	2	0	2	0	0	8201
TP1_synth_reverse		52	C	612	542705	480	33	42	33	626	544531	0	8196	4	0	0	0	1	8201
TP1_synth_reverse		53	A	543509	29	669	103	116	32	97	544555	8197	0	4	0	1	0	0	8202
TP1_synth_reverse		54	G	177	338	1264	542334	1	14	413	544541	0	0	7	8195	0	0	0	8202
TP1_synth_reverse		55	A	543853	136	532	82	0	41	60	544704	8196	0	7	0	0	0	0	8203
TP1_synth_reverse		56	A	544396	10	74	77	0	40	105	544702	8201	0	2	0	0	0	0	8203
TP1_synth_reverse		57	T	3030	39	764	141	1	30	540682	544687	0	0	4	0	0	0	8199	8203
TP1_synth_reverse		58	A	544146	12	456	66	0	42	97	544819	8197	0	7	0	0	0	0	8204
TP1_synth_reverse		59	T	1977	75	105	85	0	12	542548	544802	0	1	2	0	0	0	8201	8204
TP1_synth_reverse		60	C	1287	542825	436	76	69	34	67	544794	0	8200	3	0	1	0	0	8204
TP1_synth_reverse		61	T	1500	83	208	234	1	12	542793	544831	0	0	4	0	0	0	8201	8205
TP1_synth_reverse		62	G	552	303	165	543096	10	78	639	544843	1	0	4	8201	0	0	0	8206
TP1_synth_reverse		63	T	3840	554	1387	33	0	24	539080	544918	0	2	12	0	0	0	8193	8207
TP1_synth_reverse		64	T	2174	383	122	68	340	52	541790	544929	0	2	3	0	0	0	8203	8208
TP1_synth_reverse		65	C	558	543651	365	52	74	77	151	544928	0	8203	5	0	0	0	0	8208
TP1_synth_reverse		66	G	948	334	197	542450	0	35	968	544932	2	0	4	8201	0	0	1	8208
TP1_synth_reverse		67	C	909	543038	587	28	188	112	68	544930	0	8203	5	0	0	0	0	8208
TP1_synth_reverse		68	A	542482	574	1195	116	0	88	73	544528	8197	1	11	0	0	0	0	8209
TP1_synth_reverse		69	C	206	543686	417	39	1	53	121	544523	0	8205	4	0	0	0	0	8209
TP1_synth_reverse		70	T	1171	199	58	174	1	20	542889	544512	0	1	2	0	0	0	8206	8209
TP1_synth_reverse		71	C	338	543736	231	31	0	10	163	544509	0	8206	2	0	0	0	1	8209
TP1_synth_reverse		72	C	900	543270	59	67	1	46	161	544504	0	8206	3	0	0	0	0	8209
TP1_synth_reverse		73	G	988	287	552	542371	0	123	173	544494	4	0	9	8196	0	0	0	8209
TP1_synth_reverse		74	A	542377	302	266	148	292	64	1044	544493	8193	1	6	2	3	0	4	8209
TP1_synth_reverse		75	G	120	290	795	542139	1	14	1122	544481	0	0	8	8195	0	0	6	8209
TP1_synth_reverse		76	T	2975	79	1032	69	4	22	540282	544463	0	0	10	0	0	0	8199	8209
TP1_synth_reverse		77	G	666	363	481	541952	0	23	963	544448	4	0	1	8203	0	0	1	8209
TP1_synth_reverse		78	C	458	542963	138	30	12	38	803	544442	0	8201	3	0	1	0	4	8209
TP1_synth_reverse		79	G	976	810	102	541831	0	108	602	544429	4	0	2	8200	0	0	3	8209
TP1_synth_reverse		80	G	400	271	1	543393	1	136	219	544421	1	1	0	8207	0	0	0	8209
TP1_synth_reverse		81	C	942	542603	234	48	333	104	151	544415	2	8201	3	0	2	1	0	8209
TP1_synth_reverse		82	A	540574	56	2729	109	0	53	107	543628	8196	0	12	0	0	0	0	8208
TP1_synth_reverse		83	A	543221	71	10	98	0	147	74	543621	8208	0	0	0	0	0	0	8208
TP1_synth_reverse		84	A	543063	45	0	366	1	59	39	543573	8207	0	0	1	0	0	0	8208
TP1_synth_reverse		85	G	434	252	58	542350	158	72	142	543466	0	0	2	8205	0	0	0	8207
TP1_synth_reverse		86	C	342	542884	45	18	2	42	86	543419	0	8205	2	0	0	0	0	8207
TP1_synth_reverse		87	T	1186	84	61	74	1	50	541891	543347	0	0	1	0	0	0	8206	8207
TP1_synth_reverse		88	G	176	402	2	542357	12	86	262	543297	1	0	0	8206	0	0	0	8207
TP1_synth_reverse		89	T	926	75	331	33	0	189	541696	543250	0	0	4	0	0	0	8203	8207
TP1_synth_reverse		90	T	984	83	0	35	1	97	541848	543048	0	0	0	0	0	0	8207	8207
TP1_synth_reverse		91	C	438	542165	0	193	1	21	107	542925	0	8207	0	0	0	0	0	8207
TP1_synth_reverse		92	C	523	541663	0	348	0	35	187	542756	2	8202	0	1	0	0	1	8206
TP1_synth_reverse		93	G	496	154	0	541566	0	81	98	542395	2	0	0	8204	0	0	0	8206
TP1_synth_reverse		94	T	807	93	0	102	0	146	541115	542263	0	0	0	0	0	0	8205	8205
TP1_synth_reverse		95	C	0	541537	0	0	0	77	0	541614	0	8203	0	0	0	0	0	8203
TP1_synth_reverse		96	C	0	541040	0	0	0	35	0	541075	0	8203	0	0	0	0	0	8203
TP1_synth_reverse		97	C	0	539566	0	0	0	119	0	539685	0	8201	0	0	0	0	0	8201
TP1_synth_reverse		98	A	537122	0	0	0	0	0	0	537122	8198	0	0	0	0	0	0	8198
TP1_synth_reverse		99	G	0	0	0	535615	0	0	0	535615	0	0	0	8198	0	0	0	8198
