



























































































































































































































#AmpliconChromStart	Alias	Position	ProbableRef	rawA	rawC	rawD	rawG	rawI	rawN	rawT	rawDepth	consA	consC	consD	consG	consI	consN	consT	consDepth	
TP1_synth_reverse		1	G	0	0	0	536006	0	0	0	536006	0	0	0	4119	0	0	0	4119
TP1_synth_reverse		2	T	0	0	0	0	0	0	537430	537430	0	0	0	0	0	0	4123	4123
TP1_synth_reverse		3	G	0	0	0	539044	0	103	0	539147	0	0	0	4131	0	0	0	4131
TP1_synth_reverse		4	G	0	0	0	540659	0	51	0	540710	0	0	0	4140	0	0	0	4140
TP1_synth_reverse		5	T	0	0	0	0	0	163	540969	541132	0	0	0	0	0	0	4142	4142
TP1_synth_reverse		6	G	100	64	0	541488	0	12	253	541917	0	0	0	4143	0	0	1	4144
TP1_synth_reverse		7	A	542278	19	0	75	0	5	95	542472	4146	0	0	0	0	0	0	4146
TP1_synth_reverse		8	G	97	46	0	542899	0	59	83	543184	0	0	0	4151	0	0	0	4151
TP1_synth_reverse		9	G	87	89	0	542909	3	11	272	543371	0	0	0	4152	0	0	1	4153
TP1_synth_reverse		10	C	241	542739	2	29	0	19	341	543371	0	4150	0	0	0	0	3	4153
TP1_synth_reverse		11	T	276	84	242	20	314	28	542434	543398	0	0	2	0	4	0	4147	4153
TP1_synth_reverse		12	C	254	541599	1374	22	0	59	101	543409	0	4143	10	0	0	0	0	4153
TP1_synth_reverse		13	C	310	542882	2	24	1	89	123	543431	0	4153	0	0	0	0	0	4153
TP1_synth_reverse		14	C	241	543027	0	24	0	44	113	543449	0	4153	0	0	0	0	0	4153
TP1_synth_reverse		15	C	246	542784	198	38	3	29	158	543456	0	4149	3	0	0	0	1	4153
TP1_synth_reverse		16	T	491	50	1240	31	0	20	541636	543468	0	0	11	0	0	0	4142	4153
TP1_synth_reverse		17	T	588	86	300	24	0	120	542356	543474	0	0	1	0	0	0	4152	4153
TP1_synth_reverse		18	T	456	94	177	16	0	105	542643	543491	0	0	0	0	0	0	4153	4153
TP1_synth_reverse		19	C	419	542899	581	28	217	75	162	544381	0	4148	3	0	2	0	1	4154
TP1_synth_reverse		20	T	561	55	2303	41	0	35	541386	544381	0	0	12	0	0	0	4142	4154
TP1_synth_reverse		21	T	1669	90	394	60	601	116	541451	544381	0	0	2	0	5	0	4147	4154
TP1_synth_reverse		22	G	125	619	437	542517	305	101	277	544381	0	0	2	4150	1	0	1	4154
TP1_synth_reverse		23	C	646	540870	825	104	866	86	998	544395	0	4138	5	0	8	0	3	4154
TP1_synth_reverse		24	G	968	130	1265	541277	3	48	715	544406	4	0	10	4139	0	0	1	4154
TP1_synth_reverse		25	G	201	386	46	543268	242	47	216	544406	0	0	1	4151	2	0	0	4154
TP1_synth_reverse		26	A	542941	16	457	116	721	88	93	544432	4148	0	3	0	3	0	0	4154
TP1_synth_reverse		27	G	236	139	481	542751	96	55	674	544432	2	0	4	4146	1	0	1	4154
TP1_synth_reverse		28	A	543169	87	828	62	154	51	81	544432	4148	0	5	0	1	0	0	4154
TP1_synth_reverse		29	T	667	72	493	50	1	5	543144	544432	0	0	4	0	0	0	4150	4154
TP1_synth_reverse		30	T	2377	123	376	10	51	42	541453	544432	0	0	1	0	1	0	4152	4154
TP1_synth_reverse		31	C	680	542407	872	27	329	21	89	544425	0	4146	6	0	2	0	0	4154
TP1_synth_reverse		32	T	830	84	506	42	49	38	542872	544421	0	1	3	0	1	0	4149	4154
TP1_synth_reverse		33	C	725	542899	388	30	1	16	357	544416	0	4152	1	0	0	0	1	4154
TP1_synth_reverse		34	T	1178	104	569	54	0	26	542480	544411	0	0	3	0	0	0	4151	4154
TP1_synth_reverse		35	T	2685	88	926	44	3	38	540614	544398	0	0	3	0	0	0	4151	4154
TP1_synth_reverse		36	C	555	542760	959	15	2	44	78	544413	0	4150	4	0	0	0	0	4154
TP1_synth_reverse		37	C	608	542378	958	55	14	26	367	544406	0	4149	3	0	0	0	2	4154
TP1_synth_reverse		38	T	1302	41	1418	24	1	63	541547	544396	0	0	4	0	0	0	4150	4154
TP1_synth_reverse		39	C	409	541848	1886	36	80	32	95	544386	0	4142	11	0	1	0	0	4154
TP1_synth_reverse		40	T	1437	94	1067	19	264	22	541478	544381	0	0	4	0	2	0	4148	4154
TP1_synth_reverse		41	G	252	1290	1069	540131	7	9	1615	544373	1	0	4	4149	0	0	0	4154
TP1_synth_reverse		42	T	2316	230	1216	26	1771	96	538714	544369	0	0	6	0	6	0	4142	4154
TP1_synth_reverse		43	G	626	1236	1344	539923	17	51	1177	544374	2	0	6	4144	0	0	2	4154
TP1_synth_reverse		44	C	747	541068	1669	36	5	84	761	544370	0	4139	12	0	0	0	3	4154
TP1_synth_reverse		45	G	515	425	1097	539721	1	45	2554	544358	1	1	6	4146	0	0	0	4154
TP1_synth_reverse		46	C	1226	541627	1355	39	0	18	114	544379	0	4146	8	0	0	0	0	4154
TP1_synth_reverse		47	C	408	543268	137	20	122	1	421	544377	0	4148	2	0	1	0	3	4154
TP1_synth_reverse		48	G	854	1130	147	539991	17	4	2223	544366	3	0	2	4149	0	0	0	4154
TP1_synth_reverse		49	A	543858	164	138	45	1	28	121	544355	4152	1	2	0	0	0	0	4155
TP1_synth_reverse		50	T	2345	66	122	26	491	15	541596	544661	0	0	1	0	1	0	4156	4158
TP1_synth_reverse		51	A	544235	44	119	65	90	46	109	544708	4156	0	1	0	1	0	0	4158
TP1_synth_reverse		52	C	614	542724	480	33	42	33	626	544552	0	4154	3	0	0	0	1	4158
TP1_synth_reverse		53	A	543530	29	669	103	116	32	97	544576	4155	0	2	0	1	0	0	4158
TP1_synth_reverse		54	G	177	337	1264	542355	1	14	414	544562	0	0	4	4154	0	0	0	4158
TP1_synth_reverse		55	A	543874	136	532	82	0	41	60	544725	4157	0	2	0	0	0	0	4159
TP1_synth_reverse		56	A	544417	10	74	77	0	40	105	544723	4159	0	0	0	0	0	0	4159
TP1_synth_reverse		57	T	3032	39	764	142	1	30	540700	544708	0	0	1	0	0	0	4158	4159
TP1_synth_reverse		58	A	544167	12	456	66	0	42	97	544840	4155	0	5	0	0	0	0	4160
TP1_synth_reverse		59	T	1981	76	105	86	0	12	542563	544823	0	0	0	0	0	0	4160	4160
TP1_synth_reverse		60	C	1288	542845	436	76	69	34	67	544815	0	4158	1	0	1	0	0	4160
TP1_synth_reverse		61	T	1500	83	208	234	1	12	542814	544852	0	0	2	0	0	0	4159	4161
TP1_synth_reverse		62	G	551	303	165	543116	10	78	641	544864	0	0	2	4159	0	0	0	4161
TP1_synth_reverse		63	T	3848	554	1387	33	0	24	539093	544939	0	2	8	0	0	0	4152	4162
TP1_synth_reverse		64	T	2174	383	122	68	340	52	541811	544950	0	1	2	0	0	0	4160	4163
TP1_synth_reverse		65	C	557	543673	365	52	74	77	151	544949	0	4159	4	0	0	0	0	4163
TP1_synth_reverse		66	G	948	334	197	542458	0	35	971	544943	2	0	2	4158	0	0	1	4163
TP1_synth_reverse		67	C	909	543049	587	28	188	112	68	544941	0	4159	4	0	0	0	0	4163
TP1_synth_reverse		68	A	542493	574	1195	116	0	88	73	544539	4155	1	7	0	0	0	0	4163
TP1_synth_reverse		69	C	207	543696	417	39	1	53	121	544534	0	4161	2	0	0	0	0	4163
TP1_synth_reverse		70	T	1171	199	58	175	1	20	542899	544523	0	1	0	0	0	0	4162	4163
TP1_synth_reverse		71	C	340	543745	231	31	0	10	163	544520	0	4163	0	0	0	0	0	4163
TP1_synth_reverse		72	C	900	543281	59	67	1	46	161	544515	0	4163	0	0	0	0	0	4163
TP1_synth_reverse		73	G	990	287	552	542380	0	123	173	544505	4	0	4	4155	0	0	0	4163
TP1_synth_reverse		74	A	542388	302	266	148	292	64	1044	544504	4155	1	3	0	2	0	2	4163
TP1_synth_reverse		75	G	121	292	795	542147	1	14	1122	544492	0	0	4	4157	0	0	2	4163
TP1_synth_reverse		76	T	2985	79	1032	69	4	22	540283	544474	0	0	6	0	0	0	4157	4163
TP1_synth_reverse		77	G	666	364	481	541960	0	23	965	544459	4	0	0	4158	0	0	1	4163
TP1_synth_reverse		78	C	459	542973	138	30	12	38	803	544453	0	4158	1	0	0	0	4	4163
TP1_synth_reverse		79	G	977	818	102	541833	0	108	602	544440	4	0	1	4157	0	0	1	4163
TP1_synth_reverse		80	G	399	271	1	543404	1	136	220	544432	1	0	0	4162	0	0	0	4163
TP1_synth_reverse		81	C	942	542614	234	48	333	104	151	544426	2	4157	2	0	2	0	0	4163
TP1_synth_reverse		82	A	540585	56	2729	109	0	53	107	543639	4155	0	7	0	0	0	0	4162
TP1_synth_reverse		83	A	543232	71	10	98	0	147	74	543632	4162	0	0	0	0	0	0	4162
TP1_synth_reverse		84	A	543074	45	0	366	1	59	39	543584	4161	0	0	1	0	0	0	4162
TP1_synth_reverse		85	G	434	252	58	542361	158	72	142	543477	0	0	1	4161	0	0	0	4162
TP1_synth_reverse		86	C	343	542892	45	19	2	42	86	543429	0	4161	1	0	0	0	0	4162
TP1_synth_reverse		87	T	1187	84	61	74	1	50	541900	543357	0	0	0	0	0	0	4162	4162
TP1_synth_reverse		88	G	176	403	2	542366	12	86	262	543307	0	0	0	4162	0	0	0	4162
TP1_synth_reverse		89	T	926	75	331	33	0	189	541705	543259	0	0	1	0	0	0	4161	4162
TP1_synth_reverse		90	T	985	83	0	35	1	97	541856	543057	0	0	0	0	0	0	4162	4162
TP1_synth_reverse		91	C	438	542174	0	193	1	21	107	542934	0	4162	0	0	0	0	0	4162
TP1_synth_reverse		92	C	523	541672	0	348	0	35	187	542765	2	4160	0	0	0	0	0	4162
TP1_synth_reverse		93	G	496	154	0	541574	0	81	99	542404	1	0	0	4161	0	0	0	4162
TP1_synth_reverse		94	T	807	93	0	102	0	146	541124	542272	0	0	0	0	0	0	4162	4162
TP1_synth_reverse		95	C	0	541546	0	0	0	77	0	541623	0	4162	0	0	0	0	0	4162
TP1_synth_reverse		96	C	0	541049	0	0	0	35	0	541084	0	4162	0	0	0	0	0	4162
TP1_synth_reverse		97	C	0	539575	0	0	0	119	0	539694	0	4161	0	0	0	0	0	4161
TP1_synth_reverse		98	A	537131	0	0	0	0	0	0	537131	4161	0	0	0	0	0	0	4161
TP1_synth_reverse		99	G	0	0	0	535623	0	0	0	535623	0	0	0	4161	0	0	0	4161
