



























































































































































































































#AmpliconChromStart	Alias	Position	ProbableRef	rawA	rawC	rawD	rawG	rawI	rawN	rawT	rawDepth	consA	consC	consD	consG	consI	consN	consT	consDepth	
TP1_synth_reverse		1	G	0	0	0	578778	0	0	0	578778	0	0	0	4502	0	0	0	4502
TP1_synth_reverse		2	T	0	0	0	0	0	0	579609	579609	0	0	0	0	0	0	4505	4505
TP1_synth_reverse		3	G	0	0	0	580819	0	112	0	580931	0	0	0	4515	0	0	0	4515
TP1_synth_reverse		4	G	0	0	0	581316	0	61	0	581377	0	0	0	4519	0	0	0	4519
TP1_synth_reverse		5	T	0	0	0	0	0	176	581593	581769	0	0	0	0	0	0	4520	4520
TP1_synth_reverse		6	G	95	65	0	582058	0	29	136	582383	0	0	0	4521	0	0	1	4522
TP1_synth_reverse		7	A	582281	21	0	80	0	9	70	582461	4522	0	0	0	0	0	0	4522
TP1_synth_reverse		8	G	95	63	0	582342	1	66	287	582854	0	0	0	4525	0	0	0	4525
TP1_synth_reverse		9	G	80	116	0	582013	1	7	675	582892	0	0	0	4524	0	0	2	4526
TP1_synth_reverse		10	C	239	582488	2	31	27	20	110	582917	0	4526	0	0	0	0	0	4526
TP1_synth_reverse		11	T	303	94	104	772	4	40	581618	582935	0	0	1	2	0	0	4523	4526
TP1_synth_reverse		12	C	254	582253	176	19	0	89	144	582935	0	4524	2	0	0	0	0	4526
TP1_synth_reverse		13	C	346	582388	1	16	0	92	92	582935	0	4526	0	0	0	0	0	4526
TP1_synth_reverse		14	C	286	582458	0	28	0	50	113	582935	0	4526	0	0	0	0	0	4526
TP1_synth_reverse		15	C	219	582525	3	34	1	55	98	582935	0	4526	0	0	0	0	0	4526
TP1_synth_reverse		16	T	529	61	44	32	0	25	582244	582935	0	0	0	0	0	0	4526	4526
TP1_synth_reverse		17	T	598	72	3	31	0	143	582088	582935	0	0	0	0	0	0	4526	4526
TP1_synth_reverse		18	T	492	70	1	17	47	95	582224	582946	0	0	0	0	1	0	4525	4526
TP1_synth_reverse		19	C	426	579703	1489	29	929	81	522	583179	0	4515	5	0	6	0	1	4527
TP1_synth_reverse		20	T	603	74	30	54	1	37	582380	583179	0	0	0	0	0	0	4527	4527
TP1_synth_reverse		21	T	1940	109	95	59	3	150	580823	583179	0	0	1	0	0	0	4526	4527
TP1_synth_reverse		22	G	105	675	357	581710	0	92	240	583179	0	0	2	4525	0	0	0	4527
TP1_synth_reverse		23	C	826	581390	653	47	1	94	168	583179	1	4521	5	0	0	0	0	4527
TP1_synth_reverse		24	G	210	133	1167	581317	0	44	308	583179	0	0	8	4519	0	0	0	4527
TP1_synth_reverse		25	G	207	432	78	582172	0	64	240	583193	0	0	1	4527	0	0	0	4528
TP1_synth_reverse		26	A	582058	17	824	121	1	81	91	583193	4523	0	5	0	0	0	0	4528
TP1_synth_reverse		27	G	63	162	1209	581117	3	69	570	583193	0	0	11	4517	0	0	0	4528
TP1_synth_reverse		28	A	581132	92	1377	59	0	54	501	583215	4518	0	9	0	0	0	2	4529
TP1_synth_reverse		29	T	727	83	2954	61	1	6	579383	583215	0	0	15	0	0	0	4514	4529
TP1_synth_reverse		30	T	2670	111	2534	7	700	47	577615	583684	0	0	12	0	3	0	4518	4533
TP1_synth_reverse		31	C	728	579392	2597	28	5	15	121	582886	0	4519	13	0	0	0	1	4533
TP1_synth_reverse		32	T	939	73	2129	43	329	37	578915	582465	0	0	21	0	1	0	4511	4533
TP1_synth_reverse		33	C	743	579033	2448	38	2	13	71	582348	0	4509	24	0	0	0	0	4533
TP1_synth_reverse		34	T	1183	89	2156	45	0	17	578851	582341	0	0	22	0	0	0	4511	4533
TP1_synth_reverse		35	T	2982	89	2076	53	1	39	576904	582144	0	0	21	0	0	0	4513	4534
TP1_synth_reverse		36	C	540	579636	1933	32	2	41	77	582261	0	4517	18	0	0	0	0	4535
TP1_synth_reverse		37	C	629	580021	1431	56	1	27	88	582253	0	4524	11	0	0	0	0	4535
TP1_synth_reverse		38	T	1406	165	2426	30	0	67	576646	580740	0	2	20	0	0	0	4509	4531
TP1_synth_reverse		39	C	391	577131	2686	32	1	30	552	580823	0	4512	20	0	0	0	1	4533
TP1_synth_reverse		40	T	1447	76	2428	11	0	15	576807	580784	0	0	21	0	0	0	4512	4533
TP1_synth_reverse		41	G	123	1344	3016	574627	2	10	1648	580770	0	0	19	4514	0	0	0	4533
TP1_synth_reverse		42	T	2525	165	3710	29	15	86	573715	580245	0	1	20	0	0	0	4512	4533
TP1_synth_reverse		43	G	77	1396	4099	573941	0	45	677	580235	0	0	21	4512	0	0	0	4533
TP1_synth_reverse		44	C	777	574209	4336	44	2	101	729	580198	0	4505	22	0	0	0	4	4531
TP1_synth_reverse		45	G	175	382	3647	573002	0	43	2943	580192	1	0	19	4508	0	0	3	4531
TP1_synth_reverse		46	C	1248	574386	3609	34	0	16	930	580223	0	4508	20	0	0	0	4	4532
TP1_synth_reverse		47	C	405	575969	3596	30	2	7	211	580220	0	4511	21	0	0	0	0	4532
TP1_synth_reverse		48	G	597	1177	2949	572102	361	9	2274	579469	1	0	21	4505	3	0	1	4531
TP1_synth_reverse		49	A	576564	40	2690	46	1	28	121	579490	4511	0	20	0	0	0	0	4531
TP1_synth_reverse		50	T	2392	68	1522	20	398	18	575067	579485	0	0	16	0	2	0	4513	4531
TP1_synth_reverse		51	A	577108	43	2156	60	0	50	96	579513	4513	0	19	0	0	0	0	4532
TP1_synth_reverse		52	C	577	576140	2993	33	2	38	183	579966	0	4511	23	0	0	0	1	4535
TP1_synth_reverse		53	A	577439	34	2256	103	1	35	88	579956	4517	0	18	0	0	0	0	4535
TP1_synth_reverse		54	G	185	390	1175	576619	1112	15	921	580417	0	0	15	4518	2	0	3	4538
TP1_synth_reverse		55	A	578932	129	1199	92	0	34	59	580445	4524	0	15	0	0	0	0	4539
TP1_synth_reverse		56	A	579000	17	1187	84	0	41	115	580444	4525	0	14	0	0	0	0	4539
TP1_synth_reverse		57	T	3321	38	1259	146	137	35	576283	581219	0	0	15	0	1	0	4524	4540
TP1_synth_reverse		58	A	580027	5	1452	53	0	31	88	581656	4524	0	19	0	0	0	0	4543
TP1_synth_reverse		59	T	2036	58	1996	81	1	8	578237	582417	0	0	20	0	0	0	4528	4548
TP1_synth_reverse		60	C	1383	579230	2047	75	0	33	86	582854	0	4530	23	0	0	0	0	4553
TP1_synth_reverse		61	T	1650	56	2435	248	0	13	578453	582855	0	0	21	0	0	0	4533	4554
TP1_synth_reverse		62	G	791	307	2823	577959	0	76	889	582845	0	0	20	4534	0	0	0	4554
TP1_synth_reverse		63	T	4296	54	1999	40	0	27	576479	582895	0	0	17	0	0	0	4538	4555
TP1_synth_reverse		64	T	2463	56	657	88	2	69	579899	583234	0	0	5	0	0	0	4552	4557
TP1_synth_reverse		65	C	578	580853	656	40	1	86	149	582363	0	4552	5	0	0	0	0	4557
TP1_synth_reverse		66	G	556	342	1270	579027	422	41	694	582352	1	0	8	4547	1	0	0	4557
TP1_synth_reverse		67	C	994	580789	670	27	1	123	88	582692	0	4552	6	0	0	0	0	4558
TP1_synth_reverse		68	A	581275	413	503	123	0	102	294	582710	4551	0	7	0	0	0	1	4559
TP1_synth_reverse		69	C	219	582027	404	36	13	53	90	582842	1	4554	6	0	0	0	0	4561
TP1_synth_reverse		70	T	1246	102	294	172	3	21	580992	582830	0	0	6	0	0	0	4555	4561
TP1_synth_reverse		71	C	381	579811	2480	41	0	11	104	582828	0	4553	8	0	0	0	0	4561
TP1_synth_reverse		72	C	986	581000	493	63	70	51	156	582819	0	4555	5	0	1	0	0	4561
TP1_synth_reverse		73	G	848	278	2182	578513	678	142	169	582810	2	0	10	4548	1	0	0	4561
TP1_synth_reverse		74	A	580744	89	1292	129	415	66	67	582802	4549	0	10	1	1	0	0	4561
TP1_synth_reverse		75	G	178	299	1035	581067	2	20	191	582792	1	0	4	4556	0	0	0	4561
TP1_synth_reverse		76	T	3172	67	987	73	1	24	578451	582775	0	0	3	0	0	0	4558	4561
TP1_synth_reverse		77	G	157	416	332	579929	9	34	1879	582756	0	0	2	4556	0	0	3	4561
TP1_synth_reverse		78	C	623	581366	419	31	0	43	269	582751	1	4558	0	0	0	0	2	4561
TP1_synth_reverse		79	G	426	906	11	580726	0	146	533	582748	1	0	0	4560	0	0	0	4561
TP1_synth_reverse		80	G	608	263	2	581091	0	173	595	582732	2	0	0	4558	0	0	1	4561
TP1_synth_reverse		81	C	528	580668	1165	57	36	134	133	582721	1	4552	7	0	1	0	0	4561
TP1_synth_reverse		82	A	581301	48	924	100	0	61	92	582526	4547	0	14	0	0	0	0	4561
TP1_synth_reverse		83	A	582110	70	16	91	0	176	59	582522	4561	0	0	0	0	0	0	4561
TP1_synth_reverse		84	A	582130	63	0	181	34	46	33	582487	4560	0	0	0	1	0	0	4561
TP1_synth_reverse		85	G	89	276	2	581618	0	83	336	582404	0	0	0	4561	0	0	0	4561
TP1_synth_reverse		86	C	435	581761	1	26	5	43	83	582354	0	4561	0	0	0	0	0	4561
TP1_synth_reverse		87	T	1461	695	2	79	1	84	579927	582249	0	0	0	0	0	0	4561	4561
TP1_synth_reverse		88	G	229	406	21	581346	2	83	128	582215	0	0	0	4561	0	0	0	4561
TP1_synth_reverse		89	T	1072	85	408	40	0	200	580347	582152	0	0	1	0	0	0	4560	4561
TP1_synth_reverse		90	T	1098	82	0	363	0	123	580239	581905	0	0	0	1	0	0	4560	4561
TP1_synth_reverse		91	C	488	581118	0	75	0	25	98	581804	0	4561	0	0	0	0	0	4561
TP1_synth_reverse		92	C	365	580759	0	357	0	45	185	581711	0	4561	0	0	0	0	0	4561
TP1_synth_reverse		93	G	570	168	0	580570	0	84	83	581475	1	0	0	4558	0	0	0	4559
TP1_synth_reverse		94	T	905	77	0	116	0	130	580090	581318	0	0	0	0	0	0	4559	4559
TP1_synth_reverse		95	C	0	580881	0	0	0	69	0	580950	0	4559	0	0	0	0	0	4559
TP1_synth_reverse		96	C	0	580191	0	0	0	52	0	580243	0	4559	0	0	0	0	0	4559
TP1_synth_reverse		97	C	0	577824	0	0	0	118	0	577942	0	4559	0	0	0	0	0	4559
TP1_synth_reverse		98	A	576647	0	0	0	0	0	0	576647	4559	0	0	0	0	0	0	4559
TP1_synth_reverse		99	G	0	0	0	575765	0	0	0	575765	0	0	0	4559	0	0	0	4559
