



























































































































































































































#AmpliconChromStart	Alias	Position	ProbableRef	rawA	rawC	rawD	rawG	rawI	rawN	rawT	rawDepth	consA	consC	consD	consG	consI	consN	consT	consDepth
TP1_synth_reverse		1	G	0	0	0	578778	0	0	0	578778	0	0	0	3969	0	0	0	3969
TP1_synth_reverse		2	T	0	0	0	0	0	0	579609	579609	0	0	0	0	0	0	3971	3971
TP1_synth_reverse		3	G	0	0	0	580819	0	112	0	580931	0	0	0	3980	0	0	0	3980
TP1_synth_reverse		4	G	0	0	0	581316	0	61	0	581377	0	0	0	3984	0	0	0	3984
TP1_synth_reverse		5	T	0	0	0	0	0	176	581593	581769	0	0	0	0	0	0	3985	3985
TP1_synth_reverse		6	G	95	65	0	582058	0	29	136	582383	0	0	0	3986	0	0	1	3987
TP1_synth_reverse		7	A	582281	21	0	80	0	9	70	582461	3987	0	0	0	0	0	0	3987
TP1_synth_reverse		8	G	95	63	0	582342	1	66	287	582854	0	0	0	3989	0	0	0	3989
TP1_synth_reverse		9	G	80	116	0	582013	1	7	675	582892	0	0	0	3988	0	0	2	3990
TP1_synth_reverse		10	C	239	582488	2	31	27	20	110	582917	0	3990	0	0	0	0	0	3990
TP1_synth_reverse		11	T	303	94	104	772	4	40	581618	582935	0	0	1	2	0	0	3987	3990
TP1_synth_reverse		12	C	254	582253	176	19	0	89	144	582935	0	3988	2	0	0	0	0	3990
TP1_synth_reverse		13	C	346	582388	1	16	0	92	92	582935	0	3990	0	0	0	0	0	3990
TP1_synth_reverse		14	C	286	582458	0	28	0	50	113	582935	0	3990	0	0	0	0	0	3990
TP1_synth_reverse		15	C	219	582525	3	34	1	55	98	582935	0	3990	0	0	0	0	0	3990
TP1_synth_reverse		16	T	529	61	44	32	0	25	582244	582935	0	0	0	0	0	0	3990	3990
TP1_synth_reverse		17	T	598	72	3	31	0	143	582088	582935	0	0	0	0	0	0	3990	3990
TP1_synth_reverse		18	T	492	70	1	17	47	95	582224	582946	0	0	0	0	1	0	3989	3990
TP1_synth_reverse		19	C	426	579703	1489	29	929	81	522	583179	0	3982	4	0	4	0	1	3991
TP1_synth_reverse		20	T	603	74	30	54	1	37	582380	583179	0	0	0	0	0	0	3991	3991
TP1_synth_reverse		21	T	1940	109	95	59	3	150	580823	583179	0	0	1	0	0	0	3990	3991
TP1_synth_reverse		22	G	105	675	357	581710	0	92	240	583179	0	0	2	3989	0	0	0	3991
TP1_synth_reverse		23	C	826	581390	653	47	1	94	168	583179	1	3985	5	0	0	0	0	3991
TP1_synth_reverse		24	G	210	133	1167	581317	0	44	308	583179	0	0	8	3983	0	0	0	3991
TP1_synth_reverse		25	G	207	432	78	582172	0	64	240	583193	0	0	1	3991	0	0	0	3992
TP1_synth_reverse		26	A	582068	17	824	121	1	81	91	583203	3987	0	5	0	0	0	0	3992
TP1_synth_reverse		27	G	63	162	1209	581127	3	69	570	583203	0	0	9	3983	0	0	0	3992
TP1_synth_reverse		28	A	581120	92	1377	59	0	54	501	583203	3982	0	8	0	0	0	2	3992
TP1_synth_reverse		29	T	727	83	2954	61	1	6	579371	583203	0	0	13	0	0	0	3979	3992
TP1_synth_reverse		30	T	2670	111	2534	7	700	47	577603	583672	0	0	11	0	3	0	3982	3996
TP1_synth_reverse		31	C	728	579380	2597	28	5	15	121	582874	0	3983	12	0	0	0	1	3996
TP1_synth_reverse		32	T	940	73	2129	43	329	37	578902	582453	0	0	18	0	1	0	3977	3996
TP1_synth_reverse		33	C	742	579022	2448	38	2	13	71	582336	0	3975	21	0	0	0	0	3996
TP1_synth_reverse		34	T	1182	89	2156	45	0	17	578840	582329	0	0	19	0	0	0	3977	3996
TP1_synth_reverse		35	T	2984	89	2076	53	1	39	576890	582132	0	0	18	0	0	0	3979	3997
TP1_synth_reverse		36	C	538	579626	1933	32	2	41	77	582249	0	3984	14	0	0	0	0	3998
TP1_synth_reverse		37	C	628	580010	1431	56	1	27	88	582241	0	3988	10	0	0	0	0	3998
TP1_synth_reverse		38	T	1406	165	2426	30	0	67	576634	580728	0	2	17	0	0	0	3977	3996
TP1_synth_reverse		39	C	391	577119	2686	32	1	30	552	580811	0	3980	16	0	0	0	1	3997
TP1_synth_reverse		40	T	1447	76	2428	11	0	15	576795	580772	0	0	17	0	0	0	3980	3997
TP1_synth_reverse		41	G	123	1345	3016	574617	2	10	1645	580758	0	0	15	3982	0	0	0	3997
TP1_synth_reverse		42	T	2527	165	3710	29	15	86	573701	580233	0	1	16	0	0	0	3980	3997
TP1_synth_reverse		43	G	77	1395	4099	573928	0	45	679	580223	0	0	18	3979	0	0	0	3997
TP1_synth_reverse		44	C	773	574201	4336	44	2	101	729	580186	0	3972	19	0	0	0	4	3995
TP1_synth_reverse		45	G	175	382	3647	572994	0	43	2939	580180	1	0	16	3976	0	0	2	3995
TP1_synth_reverse		46	C	1249	574373	3609	34	0	16	930	580211	1	3974	17	0	0	0	4	3996
TP1_synth_reverse		47	C	403	575959	3596	30	2	7	211	580208	0	3979	17	0	0	0	0	3996
TP1_synth_reverse		48	G	597	1178	2949	572095	361	9	2268	579457	1	0	17	3974	3	0	1	3996
TP1_synth_reverse		49	A	576552	40	2690	46	1	28	121	579478	3979	0	16	0	0	0	0	3995
TP1_synth_reverse		50	T	2391	68	1522	20	398	18	575056	579473	0	0	12	0	2	0	3981	3995
TP1_synth_reverse		51	A	577096	43	2156	60	0	50	96	579501	3980	0	15	0	0	0	0	3995
TP1_synth_reverse		52	C	568	576137	2993	33	2	38	183	579954	0	3978	19	0	0	0	1	3998
TP1_synth_reverse		53	A	577427	34	2256	103	1	35	88	579944	3984	0	14	0	0	0	0	3998
TP1_synth_reverse		54	G	175	390	1175	576619	1112	15	919	580405	0	0	10	3987	2	0	1	4000
TP1_synth_reverse		55	A	578920	129	1199	92	0	34	59	580433	3991	0	10	0	0	0	0	4001
TP1_synth_reverse		56	A	578988	17	1187	84	0	41	115	580432	3991	0	10	0	0	0	0	4001
TP1_synth_reverse		57	T	3317	38	1259	146	137	35	576275	581207	0	0	11	0	1	0	3990	4002
TP1_synth_reverse		58	A	580015	5	1452	53	0	31	88	581644	3990	0	15	0	0	0	0	4005
TP1_synth_reverse		59	T	2035	58	1996	81	1	8	578226	582405	0	0	16	0	0	0	3994	4010
TP1_synth_reverse		60	C	1373	579228	2047	75	0	33	86	582842	0	3996	19	0	0	0	0	4015
TP1_synth_reverse		61	T	1646	56	2435	248	0	13	578445	582843	0	0	17	0	0	0	3999	4016
TP1_synth_reverse		62	G	787	309	2823	577949	0	76	889	582833	0	0	18	3998	0	0	0	4016
TP1_synth_reverse		63	T	4296	54	1999	40	0	27	576467	582883	0	0	15	0	0	0	4002	4017
TP1_synth_reverse		64	T	2463	56	657	88	2	69	579887	583222	0	0	5	0	0	0	4014	4019
TP1_synth_reverse		65	C	578	580841	656	40	1	86	149	582351	0	4014	5	0	0	0	0	4019
TP1_synth_reverse		66	G	555	342	1270	579017	422	41	693	582340	1	0	8	4009	1	0	0	4019
TP1_synth_reverse		67	C	994	580777	670	27	1	123	88	582680	0	4014	6	0	0	0	0	4020
TP1_synth_reverse		68	A	581262	413	503	124	0	102	294	582698	4015	0	5	0	0	0	1	4021
TP1_synth_reverse		69	C	219	582015	404	36	13	53	90	582830	1	4017	5	0	0	0	0	4023
TP1_synth_reverse		70	T	1246	102	294	172	3	21	580980	582818	0	0	5	0	0	0	4018	4023
TP1_synth_reverse		71	C	381	579799	2480	41	0	11	104	582816	0	4015	8	0	0	0	0	4023
TP1_synth_reverse		72	C	986	580988	493	63	70	51	156	582807	0	4017	5	0	1	0	0	4023
TP1_synth_reverse		73	G	849	278	2182	578500	678	142	169	582798	2	0	9	4011	1	0	0	4023
TP1_synth_reverse		74	A	580732	89	1292	129	415	66	67	582790	4012	0	9	1	1	0	0	4023
TP1_synth_reverse		75	G	178	299	1035	581055	2	20	191	582780	1	0	4	4018	0	0	0	4023
TP1_synth_reverse		76	T	3172	67	987	73	1	24	578439	582763	0	0	3	0	0	0	4020	4023
TP1_synth_reverse		77	G	157	416	332	579917	9	34	1879	582744	0	0	2	4018	0	0	3	4023
TP1_synth_reverse		78	C	623	581354	419	31	0	43	269	582739	1	4020	0	0	0	0	2	4023
TP1_synth_reverse		79	G	426	906	11	580713	0	146	534	582736	1	0	0	4022	0	0	0	4023
TP1_synth_reverse		80	G	608	263	2	581079	0	173	595	582720	2	0	0	4020	0	0	1	4023
TP1_synth_reverse		81	C	528	580656	1165	57	36	134	133	582709	1	4014	7	0	1	0	0	4023
TP1_synth_reverse		82	A	581290	48	923	100	0	61	92	582514	4013	0	10	0	0	0	0	4023
TP1_synth_reverse		83	A	582098	70	16	91	0	176	59	582510	4023	0	0	0	0	0	0	4023
TP1_synth_reverse		84	A	582118	63	0	181	34	46	33	582475	4022	0	0	0	1	0	0	4023
TP1_synth_reverse		85	G	89	276	2	581606	0	83	336	582392	0	0	0	4023	0	0	0	4023
TP1_synth_reverse		86	C	435	581749	1	26	5	43	83	582342	0	4023	0	0	0	0	0	4023
TP1_synth_reverse		87	T	1460	695	2	79	1	84	579916	582237	0	0	0	0	0	0	4023	4023
TP1_synth_reverse		88	G	229	406	21	581334	2	83	128	582203	0	0	0	4023	0	0	0	4023
TP1_synth_reverse		89	T	1072	85	408	40	0	200	580335	582140	0	0	1	0	0	0	4022	4023
TP1_synth_reverse		90	T	1098	82	0	363	0	123	580227	581893	0	0	0	1	0	0	4022	4023
TP1_synth_reverse		91	C	488	581106	0	75	0	25	98	581792	0	4023	0	0	0	0	0	4023
TP1_synth_reverse		92	C	365	580747	0	357	0	45	185	581699	0	4023	0	0	0	0	0	4023
TP1_synth_reverse		93	G	570	168	0	580558	0	84	83	581463	1	0	0	4022	0	0	0	4023
TP1_synth_reverse		94	T	906	77	0	116	0	130	580077	581306	0	0	0	0	0	0	4023	4023
TP1_synth_reverse		95	C	0	580870	0	0	0	69	0	580939	0	4023	0	0	0	0	0	4023
TP1_synth_reverse		96	C	0	580180	0	0	0	52	0	580232	0	4023	0	0	0	0	0	4023
TP1_synth_reverse		97	C	0	577813	0	0	0	118	0	577931	0	4023	0	0	0	0	0	4023
TP1_synth_reverse		98	A	576636	0	0	0	0	0	0	576636	4023	0	0	0	0	0	0	4023
TP1_synth_reverse		99	G	0	0	0	575754	0	0	0	575754	0	0	0	4023	0	0	0	4023
