



























































































































































































































#AmpliconChromStart	Alias	Position	ProbableRef	rawA	rawC	rawD	rawG	rawI	rawN	rawT	rawDepth	consA	consC	consD	consG	consI	consN	consT	consDepth	
TP1_synth_forward		5	T	0	0	0	0	0	0	785	785	0	0	0	0	0	0	593	593
TP1_synth_forward		6	G	0	0	0	1556	0	0	0	1556	0	0	0	998	0	0	0	998
TP1_synth_forward		7	A	1624	0	0	0	0	0	0	1624	1039	0	0	0	0	0	0	1039
TP1_synth_forward		8	G	0	0	0	1788	0	0	0	1788	0	0	0	1066	0	0	0	1066
TP1_synth_forward		9	G	0	0	0	1843	0	1	0	1844	0	0	0	1087	0	1	0	1088
TP1_synth_forward		10	C	4	1857	0	0	0	0	0	1861	4	1092	0	0	0	0	0	1096
TP1_synth_forward		11	T	26	1	0	0	0	0	1834	1861	19	0	0	0	0	0	1077	1096
TP1_synth_forward		12	C	5	1853	0	0	0	0	3	1861	3	1090	0	0	0	0	3	1096
TP1_synth_forward		13	C	11	1858	0	0	0	0	0	1869	9	1093	0	0	0	0	0	1102
TP1_synth_forward		14	C	10	1859	0	0	0	0	0	1869	6	1096	0	0	0	0	0	1102
TP1_synth_forward		15	C	4	1865	0	0	0	0	0	1869	2	1100	0	0	0	0	0	1102
TP1_synth_forward		16	T	36	1	0	0	0	0	1835	1872	25	0	0	0	0	0	1078	1103
TP1_synth_forward		17	T	62	1	0	0	0	1	1822	1886	24	1	0	0	0	1	1088	1114
TP1_synth_forward		18	T	22	0	0	0	0	0	1875	1897	10	0	0	0	0	0	1108	1118
TP1_synth_forward		19	A	1910	1	0	0	0	0	1	1912	1125	0	0	0	0	0	1	1126
TP1_synth_forward		20	T	18	2	1	0	0	0	1891	1912	11	1	1	0	0	0	1113	1126
TP1_synth_forward		21	A	1908	2	1	0	0	0	1	1912	1124	0	1	0	0	0	1	1126
TP1_synth_forward		22	C	5	1904	1	1	0	0	1	1912	3	1120	1	1	0	0	1	1126
TP1_synth_forward		23	A	1910	0	1	0	0	0	1	1912	1125	0	1	0	0	0	0	1126
TP1_synth_forward		24	G	1	5	0	1898	0	1	7	1912	0	1	0	1119	0	1	5	1126
TP1_synth_forward		25	A	1910	0	0	1	0	0	1	1912	1124	0	0	1	0	0	1	1126
TP1_synth_forward		26	A	1909	0	1	0	0	1	1	1912	1125	0	1	0	0	0	0	1126
TP1_synth_forward		27	T	37	1	1	1	0	0	1872	1912	22	1	1	0	0	0	1102	1126
TP1_synth_forward		28	A	1910	0	2	0	0	0	0	1912	1124	0	2	0	0	0	0	1126
TP1_synth_forward		29	T	15	0	0	3	0	0	1894	1912	3	0	0	3	0	0	1120	1126
TP1_synth_forward		30	C	4	1907	0	0	0	0	1	1912	3	1123	0	0	0	0	0	1126
TP1_synth_forward		31	T	26	0	0	1	0	0	1885	1912	19	0	0	0	0	0	1107	1126
TP1_synth_forward		32	G	7	22	1	1876	0	0	6	1912	6	10	1	1107	0	0	2	1126
TP1_synth_forward		33	T	67	0	0	0	0	0	1845	1912	44	0	0	0	0	0	1082	1126
TP1_synth_forward		34	T	54	2	0	0	0	0	1856	1912	32	1	0	0	0	0	1093	1126
TP1_synth_forward		35	C	7	1900	2	1	0	0	2	1912	7	1114	2	1	0	0	2	1126
TP1_synth_forward		36	G	2	1	3	1784	0	0	122	1912	1	1	3	1029	0	0	92	1126
TP1_synth_forward		37	C	21	1886	2	1	1	1	0	1912	15	1107	2	0	1	1	0	1126
TP1_synth_forward		38	A	1909	1	2	0	0	0	0	1912	1123	1	2	0	0	0	0	1126
TP1_synth_forward		39	C	5	1901	4	2	0	0	0	1912	2	1120	4	0	0	0	0	1126
TP1_synth_forward		40	T	53	0	2	0	0	0	1857	1912	29	0	2	0	0	0	1095	1126
TP1_synth_forward		41	C	10	1893	5	1	0	1	1	1911	8	1110	5	1	0	1	0	1125
TP1_synth_forward		42	C	20	1890	2	0	2	0	0	1914	6	1119	2	0	1	0	0	1128
TP1_synth_forward		43	G	3	5	2	1853	1	0	50	1914	3	3	2	1091	0	0	29	1128
TP1_synth_forward		44	A	1916	1	2	0	0	0	0	1919	1130	1	2	0	0	0	0	1133
TP1_synth_forward		45	G	4	20	1	1873	0	1	20	1919	4	16	0	1097	0	1	15	1133
TP1_synth_forward		46	T	51	2	5	0	0	0	1860	1918	29	0	2	0	0	0	1102	1133
TP1_synth_forward		47	G	27	12	0	1862	0	0	16	1917	21	9	0	1100	0	0	2	1132
TP1_synth_forward		48	C	21	1897	0	1	0	1	0	1920	5	1129	0	0	0	1	0	1135
TP1_synth_forward		49	G	7	1	0	1858	0	0	54	1920	3	0	0	1092	0	0	40	1135
TP1_synth_forward		50	G	12	6	1	1872	0	0	29	1920	7	2	1	1111	0	0	14	1135
TP1_synth_forward		51	C	9	1969	2	2	0	1	1	1984	7	1183	2	0	0	1	1	1194
TP1_synth_forward		52	T	45	0	2	1	0	0	1935	1983	30	0	2	0	0	0	1161	1193
TP1_synth_forward		53	T	45	0	0	4	1	0	1937	1987	23	0	0	3	1	0	1168	1195
TP1_synth_forward		54	G	24	7	15	1933	0	0	8	1987	10	1	3	1176	0	0	5	1195
TP1_synth_forward		55	C	21	1962	1	0	1	0	2	1987	14	1177	1	0	1	0	2	1195
TP1_synth_forward		56	G	8	0	4	1961	0	0	27	2000	4	0	3	1177	0	0	17	1201
TP1_synth_forward		57	G	8	5	1	2006	0	0	20	2040	2	1	1	1191	0	0	12	1207
TP1_synth_forward		58	A	2104	1	1	0	0	0	0	2106	1209	0	1	0	0	0	0	1210
TP1_synth_forward		59	G	2	7	2	2079	1	0	15	2106	1	4	1	1193	1	0	10	1210
TP1_synth_forward		60	A	2187	2	0	0	0	0	0	2189	1213	1	0	0	0	0	0	1214
TP1_synth_forward		61	T	15	0	0	7	0	0	2167	2189	10	0	0	7	0	0	1197	1214
TP1_synth_forward		62	T	31	1	1	4	0	0	2167	2204	15	1	0	2	0	0	1197	1215
TP1_synth_forward		63	C	8	2199	2	2	0	0	0	2211	4	1210	1	0	0	0	0	1215
TP1_synth_forward		64	T	23	0	1	0	1	0	2201	2226	18	0	1	0	1	0	1196	1216
TP1_synth_forward		65	C	11	2210	1	0	2	1	1	2226	6	1208	0	0	1	0	1	1216
TP1_synth_forward		66	T	27	2	0	1	0	0	2204	2234	21	2	0	0	0	0	1195	1218
TP1_synth_forward		67	T	41	2	0	0	0	0	2191	2234	27	1	0	0	0	0	1190	1218
TP1_synth_forward		68	C	6	2223	4	1	0	0	0	2234	4	1211	3	0	0	0	0	1218
TP1_synth_forward		69	C	8	2218	4	1	0	2	0	2233	4	1208	3	0	0	2	0	1217
TP1_synth_forward		70	T	24	0	3	1	0	1	2204	2233	19	0	2	1	0	1	1194	1217
TP1_synth_forward		71	C	5	2224	0	0	0	0	4	2233	3	1212	0	0	0	0	2	1217
TP1_synth_forward		72	T	22	1	1	0	0	0	2208	2232	18	1	1	0	0	0	1196	1216
TP1_synth_forward		73	G	2	14	0	2204	0	0	11	2231	1	7	0	1199	0	0	9	1216
TP1_synth_forward		74	T	30	0	0	1	0	0	2200	2231	20	0	0	0	0	0	1196	1216
TP1_synth_forward		75	G	7	0	1	2218	0	0	5	2231	5	0	1	1207	0	0	3	1216
TP1_synth_forward		76	C	10	2211	2	1	1	0	2	2227	7	1204	1	0	1	0	2	1215
TP1_synth_forward		77	G	2	1	0	2205	0	0	19	2227	2	1	0	1199	0	0	13	1215
TP1_synth_forward		78	C	7	2218	2	0	0	0	0	2227	5	1209	1	0	0	0	0	1215
TP1_synth_forward		79	C	11	2210	0	1	0	1	4	2227	7	1205	0	0	0	1	2	1215
TP1_synth_forward		80	G	0	5	0	2206	1	0	14	2226	0	1	0	1202	1	0	10	1214
TP1_synth_forward		81	C	7	2150	1	2	2	0	0	2162	4	1149	0	0	2	0	0	1155
TP1_synth_forward		82	A	2155	0	2	4	0	0	1	2162	1154	0	1	0	0	0	0	1155
TP1_synth_forward		83	A	2154	3	0	4	0	0	1	2162	1155	0	0	0	0	0	0	1155
TP1_synth_forward		84	A	2157	0	0	5	0	0	0	2162	1155	0	0	0	0	0	0	1155
TP1_synth_forward		85	G	1	3	0	2156	0	0	1	2161	1	2	0	1150	0	0	1	1154
TP1_synth_forward		86	C	9	2147	0	1	1	0	1	2159	4	1148	0	1	1	0	0	1154
TP1_synth_forward		87	T	32	0	0	3	0	0	2119	2154	25	0	0	2	0	0	1123	1150
TP1_synth_forward		88	G	9	9	0	2128	0	0	4	2150	7	5	0	1134	0	0	2	1148
TP1_synth_forward		89	T	25	0	1	3	0	1	2117	2147	21	0	1	0	0	0	1123	1145
TP1_synth_forward		90	T	20	0	0	3	4	1	2116	2144	12	0	0	0	2	0	1129	1143
TP1_synth_forward		91	C	9	2131	1	0	0	0	0	2141	2	1139	1	0	0	0	0	1142
TP1_synth_forward		92	C	4	2128	0	3	0	0	1	2136	3	1134	0	1	0	0	0	1138
TP1_synth_forward		93	G	6	2	0	2125	0	0	2	2135	4	2	0	1131	0	0	1	1138
TP1_synth_forward		94	T	21	0	0	5	0	0	2103	2129	11	0	0	0	0	0	1124	1135
TP1_synth_forward		95	C	4	2121	0	1	0	0	0	2126	2	1132	0	0	0	0	0	1134
TP1_synth_forward		96	C	0	2121	0	0	0	0	0	2121	0	1131	0	0	0	0	0	1131
TP1_synth_forward		97	C	0	2110	0	0	0	0	0	2110	0	1127	0	0	0	0	0	1127
TP1_synth_forward		98	A	2100	0	0	0	0	0	0	2100	1126	0	0	0	0	0	0	1126
TP1_synth_forward		99	G	0	0	0	2078	0	0	0	2078	0	0	0	1116	0	0	0	1116
TP1_synth_forward		100	T	0	0	0	0	0	0	2042	2042	0	0	0	0	0	0	1098	1098
TP1_synth_forward	TP1_synth_forward	1	G	0	0	0	612568	0	0	0	612568	0	0	0	49674	0	0	0	49674
TP1_synth_forward	TP1_synth_forward	2	T	0	0	0	0	0	0	613752	613752	0	0	0	0	0	0	50020	50020
TP1_synth_forward	TP1_synth_forward	3	G	0	0	0	617092	0	5	0	617097	0	0	0	50910	0	3	0	50913
TP1_synth_forward	TP1_synth_forward	4	G	0	0	0	618522	0	2	0	618524	0	0	0	51518	0	0	0	51518
TP1_synth_forward	TP1_synth_forward	5	T	0	0	0	0	0	21	618503	618524	0	0	0	0	0	2	51516	51518
TP1_synth_forward	TP1_synth_forward	6	G	132	60	0	617909	0	155	268	618524	9	7	0	51461	0	29	12	51518
TP1_synth_forward	TP1_synth_forward	7	A	618185	25	0	102	0	105	107	618524	51495	1	0	2	0	15	5	51518
TP1_synth_forward	TP1_synth_forward	8	G	185	36	0	618037	0	42	224	618524	12	3	0	51485	0	5	13	51518
TP1_synth_forward	TP1_synth_forward	9	G	106	119	0	617842	2	269	186	618524	9	36	0	51442	1	17	13	51518
TP1_synth_forward	TP1_synth_forward	10	C	91	618058	108	29	0	141	97	618524	13	51460	2	0	0	35	8	51518
TP1_synth_forward	TP1_synth_forward	11	T	375	128	144	11	201	95	617570	618524	78	8	6	3	2	26	51395	51518
TP1_synth_forward	TP1_synth_forward	12	C	121	617736	370	11	0	46	240	618524	12	51437	43	0	0	19	7	51518
TP1_synth_forward	TP1_synth_forward	13	C	250	618074	3	20	0	80	97	618524	37	51455	1	0	0	14	11	51518
TP1_synth_forward	TP1_synth_forward	14	C	202	618138	0	23	0	24	137	618524	28	51473	0	1	0	7	9	51518
TP1_synth_forward	TP1_synth_forward	15	C	132	618057	3	4	3	61	264	618524	19	51475	2	0	2	5	15	51518
TP1_synth_forward	TP1_synth_forward	16	T	409	49	1200	8	0	39	616819	618524	87	2	92	0	0	3	51334	51518
TP1_synth_forward	TP1_synth_forward	17	T	333	69	4	25	0	28	618065	618524	86	3	3	1	0	13	51412	51518
TP1_synth_forward	TP1_synth_forward	18	T	217	68	5	12	3	112	618107	618524	53	6	1	1	3	27	51427	51518
TP1_synth_forward	TP1_synth_forward	19	A	618027	8	238	71	2	42	136	618524	51456	1	41	4	2	6	8	51518
TP1_synth_forward	TP1_synth_forward	20	T	283	57	511	25	13	71	617564	618524	78	3	38	3	2	8	51386	51518
TP1_synth_forward	TP1_synth_forward	21	A	617535	10	721	76	0	56	126	618524	51446	1	48	4	0	12	7	51518
TP1_synth_forward	TP1_synth_forward	22	C	212	617112	815	38	1	41	305	618524	29	51388	72	4	1	8	16	51518
TP1_synth_forward	TP1_synth_forward	23	A	617563	7	544	101	38	151	120	618524	51434	2	30	5	7	38	2	51518
TP1_synth_forward	TP1_synth_forward	24	G	91	43	344	617542	56	160	288	618524	8	5	49	51328	17	59	52	51518
TP1_synth_forward	TP1_synth_forward	25	A	617609	15	660	92	1	82	65	618524	51411	1	54	11	0	38	3	51518
TP1_synth_forward	TP1_synth_forward	26	A	617828	4	411	94	0	45	142	618524	51473	0	21	1	0	14	9	51518
TP1_synth_forward	TP1_synth_forward	27	T	734	343	414	50	9	54	616920	618524	174	26	24	4	4	5	51281	51518
TP1_synth_forward	TP1_synth_forward	28	A	617555	5	529	54	0	87	294	618524	51456	1	32	2	0	6	21	51518
TP1_synth_forward	TP1_synth_forward	29	T	401	75	41	217	0	90	617700	618524	102	1	21	11	0	51	51332	51518
TP1_synth_forward	TP1_synth_forward	30	C	292	617734	303	45	31	22	97	618524	57	51414	32	6	4	4	1	51518
TP1_synth_forward	TP1_synth_forward	31	T	1617	72	462	22	1	13	616294	618481	367	3	38	2	1	0	51070	51481
TP1_synth_forward	TP1_synth_forward	32	G	328	167	741	616915	3	37	271	618462	32	46	81	51235	2	4	64	51464
TP1_synth_forward	TP1_synth_forward	33	T	1459	181	172	15	0	105	616522	618454	287	3	31	3	0	44	51093	51461
TP1_synth_forward	TP1_synth_forward	34	T	2373	76	7	5	183	128	615668	618440	414	0	3	0	8	40	50989	51454
TP1_synth_forward	TP1_synth_forward	35	C	581	616629	559	20	22	40	229	618080	116	51262	36	0	4	4	20	51442
TP1_synth_forward	TP1_synth_forward	36	G	232	210	970	614943	3	132	1566	618056	36	58	55	50964	1	43	266	51423
TP1_synth_forward	TP1_synth_forward	37	C	220	616526	613	30	207	177	277	618050	50	51275	46	3	12	15	16	51417
TP1_synth_forward	TP1_synth_forward	38	A	617348	55	409	80	0	60	96	618048	51352	7	29	4	0	17	7	51416
TP1_synth_forward	TP1_synth_forward	39	C	167	616732	884	78	35	50	86	618032	41	51272	64	4	3	16	3	51403
TP1_synth_forward	TP1_synth_forward	40	T	1883	88	382	10	16	34	615596	618009	438	5	37	0	5	1	50897	51383
TP1_synth_forward	TP1_synth_forward	41	C	446	616180	1151	17	0	78	132	618004	80	51166	78	3	0	46	7	51380
TP1_synth_forward	TP1_synth_forward	42	C	277	616188	361	34	915	34	185	617994	70	51227	27	3	26	8	10	51371
TP1_synth_forward	TP1_synth_forward	43	G	403	178	656	615380	169	32	1145	617963	22	49	48	50966	0	3	261	51349
TP1_synth_forward	TP1_synth_forward	44	A	616437	14	671	70	632	89	47	617960	51254	1	40	4	34	12	2	51347
TP1_synth_forward	TP1_synth_forward	45	G	517	358	864	615468	7	213	512	617939	29	82	50	50971	3	59	134	51328
TP1_synth_forward	TP1_synth_forward	46	T	1342	69	414	28	1	77	615997	617928	229	5	20	2	1	16	51046	51319
TP1_synth_forward	TP1_synth_forward	47	G	876	208	17	616310	105	99	293	617908	117	63	3	51037	7	16	59	51302
TP1_synth_forward	TP1_synth_forward	48	C	282	616332	386	89	254	248	314	617905	46	51139	33	3	19	50	11	51301
TP1_synth_forward	TP1_synth_forward	49	G	357	135	234	616296	0	157	718	617897	24	48	23	51017	0	69	114	51295
TP1_synth_forward	TP1_synth_forward	50	G	218	190	537	616128	6	98	697	617874	33	67	15	51053	1	16	93	51278
TP1_synth_forward	TP1_synth_forward	51	C	226	614674	1604	819	0	206	334	617863	50	51084	77	34	0	10	14	51269
TP1_synth_forward	TP1_synth_forward	52	T	1438	54	1005	113	1	131	615107	617849	363	0	69	6	0	7	50812	51257
TP1_synth_forward	TP1_synth_forward	53	T	1189	82	544	50	217	52	615706	617840	269	4	23	1	10	2	50942	51251
TP1_synth_forward	TP1_synth_forward	54	G	398	163	505	616048	50	130	528	617822	45	52	41	50967	10	46	76	51237
TP1_synth_forward	TP1_synth_forward	55	C	227	616158	594	31	131	277	398	617816	41	51027	34	3	17	91	22	51235
TP1_synth_forward	TP1_synth_forward	56	G	740	117	745	615532	0	185	488	617807	39	39	36	50990	0	25	99	51228
TP1_synth_forward	TP1_synth_forward	57	G	266	98	93	616875	126	63	262	617783	16	22	10	51102	13	2	47	51212
TP1_synth_forward	TP1_synth_forward	58	A	617180	20	247	104	31	47	143	617772	51152	2	26	5	10	4	8	51207
TP1_synth_forward	TP1_synth_forward	59	G	240	275	499	616187	112	28	389	617730	29	38	24	51002	5	4	75	51177
TP1_synth_forward	TP1_synth_forward	60	A	616693	33	684	78	122	30	85	617725	51117	5	31	3	10	7	3	51176
TP1_synth_forward	TP1_synth_forward	61	T	309	65	272	322	109	57	616579	617713	62	5	22	47	5	4	51025	51170
TP1_synth_forward	TP1_synth_forward	62	T	1106	154	269	342	21	67	615666	617625	242	7	3	32	3	10	50837	51134
TP1_synth_forward	TP1_synth_forward	63	C	360	616571	446	40	0	97	76	617590	74	50997	21	4	0	15	4	51115
TP1_synth_forward	TP1_synth_forward	64	T	1642	415	113	47	89	78	615181	617565	313	21	17	4	8	13	50722	51098
TP1_synth_forward	TP1_synth_forward	65	C	158	616155	546	30	310	94	257	617550	34	51011	16	3	10	8	5	51087
TP1_synth_forward	TP1_synth_forward	66	T	1367	280	409	47	2	52	615375	617532	340	17	28	5	1	8	50675	51074
TP1_synth_forward	TP1_synth_forward	67	T	1662	171	5	47	10	59	615553	617507	322	8	3	2	8	1	50719	51063
TP1_synth_forward	TP1_synth_forward	68	C	279	615512	1398	27	0	70	214	617500	45	50906	85	5	0	6	10	51057
TP1_synth_forward	TP1_synth_forward	69	C	353	616181	569	38	11	99	228	617479	75	50877	28	4	2	39	14	51039
TP1_synth_forward	TP1_synth_forward	70	T	1461	70	537	17	22	189	615169	617465	308	8	28	1	1	36	50650	51032
TP1_synth_forward	TP1_synth_forward	71	C	415	615901	589	24	0	73	451	617453	80	50884	29	1	0	6	22	51022
TP1_synth_forward	TP1_synth_forward	72	T	1821	280	439	19	14	68	614797	617438	386	6	47	2	2	19	50556	51018
TP1_synth_forward	TP1_synth_forward	73	G	426	402	436	615546	1	95	521	617427	42	56	29	50801	1	16	67	51012
TP1_synth_forward	TP1_synth_forward	74	T	1139	66	213	17	3	86	615895	617419	187	6	13	3	3	7	50789	51008
TP1_synth_forward	TP1_synth_forward	75	G	774	143	958	615149	0	89	287	617400	49	43	65	50793	0	7	39	50996
TP1_synth_forward	TP1_synth_forward	76	C	348	615023	808	45	312	120	741	617397	59	50816	42	3	20	12	44	50996
TP1_synth_forward	TP1_synth_forward	77	G	924	276	576	614581	131	83	802	617373	40	76	38	50699	9	4	109	50975
TP1_synth_forward	TP1_synth_forward	78	C	142	615663	1183	31	0	112	241	617372	27	50857	63	2	0	13	12	50974
TP1_synth_forward	TP1_synth_forward	79	C	209	616340	14	38	7	139	621	617368	29	50871	2	3	2	36	30	50973
TP1_synth_forward	TP1_synth_forward	80	G	473	418	34	615711	233	39	430	617338	36	114	7	50666	13	4	111	50951
TP1_synth_forward	TP1_synth_forward	81	C	755	615149	733	36	504	22	126	617325	61	50799	38	2	33	2	5	50940
TP1_synth_forward	TP1_synth_forward	82	A	616421	30	585	160	0	41	86	617323	50866	2	58	6	0	2	5	50939
TP1_synth_forward	TP1_synth_forward	83	A	616937	68	10	171	0	66	70	617322	50915	8	2	4	0	7	2	50938
TP1_synth_forward	TP1_synth_forward	84	A	616667	69	3	170	165	177	57	617308	50881	9	1	11	6	27	1	50936
TP1_synth_forward	TP1_synth_forward	85	G	324	180	58	616438	7	115	126	617248	46	41	1	50775	2	9	26	50900
TP1_synth_forward	TP1_synth_forward	86	C	305	616415	34	68	159	120	104	617205	63	50794	8	7	3	8	7	50890
TP1_synth_forward	TP1_synth_forward	87	T	2113	61	112	292	12	93	614393	617076	408	4	16	18	3	34	50393	50876
TP1_synth_forward	TP1_synth_forward	88	G	288	173	114	615715	9	55	206	616560	46	20	13	50705	0	12	50	50846
TP1_synth_forward	TP1_synth_forward	89	T	835	83	362	23	0	32	615154	616489	115	3	22	4	0	12	50670	50826
TP1_synth_forward	TP1_synth_forward	90	T	1338	157	1	33	584	30	614087	616230	209	3	0	7	14	24	50522	50779
TP1_synth_forward	TP1_synth_forward	91	C	357	614810	849	36	1	5	115	616173	61	50677	19	1	0	4	5	50767
TP1_synth_forward	TP1_synth_forward	92	C	244	615609	0	28	0	38	186	616105	21	50718	0	1	0	5	7	50752
TP1_synth_forward	TP1_synth_forward	93	G	453	320	0	614876	0	38	94	615781	37	75	0	50589	0	2	10	50713
TP1_synth_forward	TP1_synth_forward	94	T	1302	82	0	64	0	52	613740	615240	208	6	0	5	0	21	50445	50685
TP1_synth_forward	TP1_synth_forward	95	C	119	614795	0	90	0	87	133	615224	17	50625	0	7	0	22	10	50681
TP1_synth_forward	TP1_synth_forward	96	C	0	614517	0	0	0	50	0	614567	0	50619	0	0	0	22	0	50641
TP1_synth_forward	TP1_synth_forward	97	C	0	613536	0	0	0	61	0	613597	0	50567	0	0	0	9	0	50576
TP1_synth_forward	TP1_synth_forward	98	A	612060	0	0	0	0	13	0	612073	50465	0	0	0	0	5	0	50470
TP1_synth_forward	TP1_synth_forward	99	G	0	0	0	610513	0	0	0	610513	0	0	0	50309	0	0	0	50309
TP1_synth_forward	TP1_synth_forward	100	T	0	0	0	0	0	0	609021	609021	0	0	0	0	0	0	50126	50126
