



























































































































































































































#AmpliconChromStart	Alias	Position	ProbableRef	rawA	rawC	rawD	rawG	rawI	rawN	rawT	rawDepth	consA	consC	consD	consG	consI	consN	consT	consDepth
TP1_synth_reverse		1	G	0	0	0	1049290	0	0	0	1049290	0	0	0	8574	0	0	0	8574
TP1_synth_reverse		2	T	0	0	0	0	0	0	1052267	1052267	0	0	0	0	0	0	8589	8589
TP1_synth_reverse		3	G	0	0	0	1055003	0	112	0	1055115	0	0	0	8608	0	0	0	8608
TP1_synth_reverse		4	G	0	0	0	1055926	0	71	0	1055997	0	0	0	8616	0	0	0	8616
TP1_synth_reverse		5	T	0	0	0	0	0	30	1056366	1056396	0	0	0	0	0	0	8618	8618
TP1_synth_reverse		6	G	208	86	0	1056704	0	20	154	1057172	0	0	0	8621	0	0	0	8621
TP1_synth_reverse		7	A	1057349	26	0	143	0	98	150	1057766	8626	0	0	0	0	0	0	8626
TP1_synth_reverse		8	G	129	89	0	1057696	0	134	188	1058236	0	0	0	8630	0	0	1	8631
TP1_synth_reverse		9	G	131	164	0	1058612	2	33	161	1059103	0	0	0	8636	0	0	0	8636
TP1_synth_reverse		10	C	286	1058614	14	42	0	30	149	1059135	0	8636	0	0	0	0	1	8637
TP1_synth_reverse		11	T	209	175	444	8	238	35	1058051	1059160	0	0	1	0	2	0	8634	8637
TP1_synth_reverse		12	C	358	1055202	3293	38	0	87	182	1059160	0	8621	16	0	0	0	0	8637
TP1_synth_reverse		13	C	562	1058262	6	35	3	123	183	1059174	0	8636	0	0	0	0	1	8637
TP1_synth_reverse		14	C	448	1058485	1	22	2	54	162	1059174	0	8637	0	0	0	0	0	8637
TP1_synth_reverse		15	C	305	1057827	1	39	790	81	143	1059186	0	8633	0	0	4	0	0	8637
TP1_synth_reverse		16	T	429	145	950	20	2	276	1057383	1059205	0	0	10	0	0	0	8627	8637
TP1_synth_reverse		17	T	406	145	1	10	0	84	1058573	1059219	0	0	0	0	0	0	8637	8637
TP1_synth_reverse		18	T	345	166	337	11	0	75	1058285	1059219	0	0	1	0	0	0	8636	8637
TP1_synth_reverse		19	C	391	1058008	401	25	229	78	110	1059242	0	8629	3	0	6	0	0	8638
TP1_synth_reverse		20	T	305	99	107	25	0	41	1058665	1059242	0	0	1	0	0	0	8637	8638
TP1_synth_reverse		21	T	504	195	0	66	0	114	1058363	1059242	0	0	0	0	0	0	8638	8638
TP1_synth_reverse		22	G	148	434	115	1057709	1	24	824	1059255	0	0	0	8636	0	0	2	8638
TP1_synth_reverse		23	C	681	1056767	288	56	716	31	727	1059266	1	8628	4	0	3	0	2	8638
TP1_synth_reverse		24	G	227	186	54	1056613	1	58	2127	1059266	0	0	1	8632	0	0	5	8638
TP1_synth_reverse		25	G	114	700	10	1057514	141	121	666	1059266	0	0	0	8634	2	0	2	8638
TP1_synth_reverse		26	A	1058733	24	75	197	17	61	159	1059266	8636	0	2	0	0	0	0	8638
TP1_synth_reverse		27	G	127	869	550	1056728	27	37	928	1059266	1	0	3	8628	1	0	5	8638
TP1_synth_reverse		28	A	1057825	55	1057	122	14	44	149	1059266	8631	0	6	0	1	0	0	8638
TP1_synth_reverse		29	T	356	103	1273	189	0	176	1057169	1059266	0	0	6	0	0	0	8632	8638
TP1_synth_reverse		30	T	1055	114	6	62	0	121	1057908	1059266	0	0	0	0	0	0	8638	8638
TP1_synth_reverse		31	C	565	1057767	464	48	204	94	107	1059249	0	8633	2	0	3	0	0	8638
TP1_synth_reverse		32	T	683	982	0	329	72	427	1056747	1059240	0	4	0	1	3	0	8630	8638
TP1_synth_reverse		33	C	458	1057832	245	42	185	147	325	1059234	0	8631	4	0	1	0	2	8638
TP1_synth_reverse		34	T	814	161	142	90	1	105	1057920	1059233	0	0	1	0	0	0	8637	8638
TP1_synth_reverse		35	T	1611	144	1	91	67	126	1057186	1059226	0	0	0	0	1	0	8637	8638
TP1_synth_reverse		36	C	643	1057575	765	38	0	74	126	1059221	0	8635	3	0	0	0	0	8638
TP1_synth_reverse		37	C	630	1057705	253	72	321	88	145	1059214	0	8637	0	0	1	0	0	8638
TP1_synth_reverse		38	T	802	181	377	296	1	36	1057511	1059204	0	1	1	0	0	0	8636	8638
TP1_synth_reverse		39	C	485	1058379	76	61	0	94	111	1059206	0	8637	1	0	0	0	0	8638
TP1_synth_reverse		40	T	1477	96	960	39	47	184	1056403	1059206	0	0	9	0	0	0	8629	8638
TP1_synth_reverse		41	G	588	630	874	1056586	95	41	391	1059205	0	0	6	8630	2	0	0	8638
TP1_synth_reverse		42	T	2477	141	520	40	536	71	1055425	1059210	0	1	5	0	4	0	8628	8638
TP1_synth_reverse		43	G	471	535	34	1056796	15	456	917	1059224	0	0	0	8635	0	0	4	8639
TP1_synth_reverse		44	C	595	1055677	1668	85	16	194	993	1059228	0	8628	8	0	0	0	3	8639
TP1_synth_reverse		45	G	258	408	292	1056401	226	61	1567	1059213	2	0	2	8633	2	0	0	8639
TP1_synth_reverse		46	C	817	1055951	990	59	0	8	1394	1059219	0	8623	7	0	0	0	9	8639
TP1_synth_reverse		47	C	409	1057662	0	44	16	44	1051	1059226	0	8635	0	0	1	0	3	8639
TP1_synth_reverse		48	G	296	715	111	1056145	36	60	1842	1059205	1	0	2	8633	0	0	3	8639
TP1_synth_reverse		49	A	1058291	56	167	116	198	234	189	1059251	8636	0	3	0	1	0	0	8640
TP1_synth_reverse		50	T	1246	206	302	145	451	140	1056752	1059242	0	3	3	0	5	0	8629	8640
TP1_synth_reverse		51	A	1058321	51	404	141	0	145	192	1059254	8638	0	1	0	0	0	1	8640
TP1_synth_reverse		52	C	956	1057518	106	117	14	355	179	1059245	2	8635	2	0	0	0	1	8640
TP1_synth_reverse		53	A	1056329	39	1618	244	326	391	313	1059260	8632	0	8	0	0	0	1	8641
TP1_synth_reverse		54	G	175	271	761	1056824	457	109	652	1059249	0	0	3	8633	3	0	2	8641
TP1_synth_reverse		55	A	1058728	93	44	154	1	140	128	1059288	8641	0	0	0	0	0	1	8642
TP1_synth_reverse		56	A	1058501	13	2	190	314	116	149	1059285	8641	0	0	0	1	0	0	8642
TP1_synth_reverse		57	T	2093	78	14	256	553	310	1055945	1059249	0	0	0	0	5	0	8637	8642
TP1_synth_reverse		58	A	1058212	19	227	268	1	396	146	1059269	8638	0	4	1	0	0	0	8643
TP1_synth_reverse		59	T	1105	71	588	98	36	461	1056873	1059232	0	0	3	0	1	0	8639	8643
TP1_synth_reverse		60	C	1158	1055815	952	572	1	294	415	1059207	2	8625	7	6	0	0	3	8643
TP1_synth_reverse		61	T	1743	158	370	989	296	246	1055397	1059199	2	2	4	5	2	0	8628	8643
TP1_synth_reverse		62	G	996	311	1196	1053768	868	463	1590	1059192	1	0	6	8627	4	0	5	8643
TP1_synth_reverse		63	T	2279	108	497	18	4	217	1056082	1059205	0	0	6	0	0	0	8638	8644
TP1_synth_reverse		64	T	2179	92	174	19	25	58	1056648	1059195	0	0	1	0	0	0	8643	8644
TP1_synth_reverse		65	C	1375	1056671	668	42	31	178	222	1059187	0	8640	4	0	0	0	0	8644
TP1_synth_reverse		66	G	328	550	57	1056983	0	81	1179	1059178	0	1	1	8638	0	0	4	8644
TP1_synth_reverse		67	C	978	1057347	378	50	78	240	112	1059183	0	8642	2	0	1	0	0	8645
TP1_synth_reverse		68	A	1057942	366	366	261	29	122	92	1059178	8639	1	2	2	1	0	0	8645
TP1_synth_reverse		69	C	375	1057888	2	54	1	70	785	1059175	0	8645	0	0	0	0	0	8645
TP1_synth_reverse		70	T	1287	258	2	46	165	118	1057287	1059163	0	1	0	0	2	0	8642	8645
TP1_synth_reverse		71	C	422	1057271	849	42	0	418	157	1059159	0	8641	3	0	0	0	1	8645
TP1_synth_reverse		72	C	788	1056986	8	63	421	187	700	1059153	0	8641	0	0	2	0	2	8645
TP1_synth_reverse		73	G	419	598	55	1056765	0	445	854	1059136	2	0	0	8642	0	0	1	8645
TP1_synth_reverse		74	A	1057493	48	881	148	375	148	40	1059133	8638	0	4	0	3	0	0	8645
TP1_synth_reverse		75	G	168	522	277	1057958	0	68	130	1059123	1	0	1	8643	0	0	0	8645
TP1_synth_reverse		76	T	1049	118	234	58	55	68	1057529	1059111	0	0	3	0	0	0	8642	8645
TP1_synth_reverse		77	G	600	406	15	1057212	426	74	355	1059088	2	0	0	8639	3	0	1	8645
TP1_synth_reverse		78	C	592	1055432	580	61	593	560	1260	1059078	0	8632	3	0	4	0	6	8645
TP1_synth_reverse		79	G	692	588	947	1056063	2	140	640	1059072	4	0	7	8632	0	0	2	8645
TP1_synth_reverse		80	G	617	420	2	1056688	0	177	1135	1059039	3	1	0	8635	0	0	6	8645
TP1_synth_reverse		81	C	342	1056049	1502	101	702	117	211	1059024	0	8635	7	0	3	0	0	8645
TP1_synth_reverse		82	A	1057662	37	865	188	0	99	159	1059010	8642	0	3	0	0	0	0	8645
TP1_synth_reverse		83	A	1058197	60	215	111	0	291	134	1059008	8644	0	1	0	0	0	0	8645
TP1_synth_reverse		84	A	1057993	51	0	225	318	322	69	1058978	8641	0	0	0	4	0	0	8645
TP1_synth_reverse		85	G	226	425	7	1057046	792	145	222	1058863	1	0	0	8642	2	0	0	8645
TP1_synth_reverse		86	C	976	1057328	0	107	3	98	293	1058805	0	8644	0	1	0	0	0	8645
TP1_synth_reverse		87	T	1343	115	160	26	1	356	1056718	1058719	1	0	2	0	0	0	8642	8645
TP1_synth_reverse		88	G	551	611	461	1056449	134	175	269	1058650	3	0	1	8640	1	0	0	8645
TP1_synth_reverse		89	T	835	127	394	30	0	65	1057160	1058611	0	0	2	0	0	0	8643	8645
TP1_synth_reverse		90	T	731	128	168	71	0	109	1057270	1058477	0	0	1	0	0	0	8644	8645
TP1_synth_reverse		91	C	631	1057141	0	83	0	375	123	1058353	0	8644	0	1	0	0	0	8645
TP1_synth_reverse		92	C	536	1056200	0	391	0	462	307	1057896	1	8641	0	3	0	0	0	8645
TP1_synth_reverse		93	G	545	486	0	1055469	0	183	196	1056879	2	0	0	8642	0	0	0	8644
TP1_synth_reverse		94	T	614	132	0	43	0	94	1055678	1056561	0	0	0	0	0	0	8644	8644
TP1_synth_reverse		95	C	0	1055876	0	0	0	206	0	1056082	0	8644	0	0	0	0	0	8644
TP1_synth_reverse		96	C	0	1055040	0	0	0	165	0	1055205	0	8644	0	0	0	0	0	8644
TP1_synth_reverse		97	C	0	1052239	0	0	0	203	0	1052442	0	8643	0	0	0	0	0	8643
TP1_synth_reverse		98	A	1048877	0	0	0	0	0	0	1048877	8643	0	0	0	0	0	0	8643
TP1_synth_reverse		99	G	0	0	0	1047444	0	0	0	1047444	0	0	0	8642	0	0	0	8642
