



























































































































































































































#AmpliconChromStart	Alias	Position	ProbableRef	rawA	rawC	rawD	rawG	rawI	rawN	rawT	rawDepth	consA	consC	consD	consG	consI	consN	consT	consDepth	
TP1_synth_reverse		1	G	0	0	0	1049290	0	0	0	1049290	0	0	0	20981	0	0	0	20981
TP1_synth_reverse		2	T	0	0	0	0	0	0	1052267	1052267	0	0	0	0	0	0	21029	21029
TP1_synth_reverse		3	G	0	0	0	1055003	0	112	0	1055115	0	0	0	21087	0	0	0	21087
TP1_synth_reverse		4	G	0	0	0	1055926	0	71	0	1055997	0	0	0	21127	0	1	0	21128
TP1_synth_reverse		5	T	0	0	0	0	0	30	1056366	1056396	0	0	0	0	0	0	21139	21139
TP1_synth_reverse		6	G	208	86	0	1056704	0	20	154	1057172	1	0	0	21155	0	0	0	21156
TP1_synth_reverse		7	A	1057349	26	0	143	0	98	150	1057766	21165	0	0	0	0	1	0	21166
TP1_synth_reverse		8	G	129	89	0	1057696	0	134	188	1058236	0	0	0	21170	0	1	3	21174
TP1_synth_reverse		9	G	131	164	0	1058612	2	33	161	1059103	0	0	0	21185	0	0	0	21185
TP1_synth_reverse		10	C	286	1058614	14	42	0	30	149	1059135	0	21184	0	0	0	1	1	21186
TP1_synth_reverse		11	T	209	175	444	8	238	35	1058051	1059160	0	0	1	0	4	1	21180	21186
TP1_synth_reverse		12	C	358	1055214	3293	38	0	87	182	1059172	0	21152	35	0	0	0	0	21187
TP1_synth_reverse		13	C	562	1058274	6	35	3	123	183	1059186	0	21188	0	0	0	0	1	21189
TP1_synth_reverse		14	C	448	1058497	1	22	2	54	162	1059186	0	21189	0	0	0	0	0	21189
TP1_synth_reverse		15	C	305	1057839	1	39	790	81	143	1059198	0	21177	0	0	12	1	0	21190
TP1_synth_reverse		16	T	429	145	950	20	2	276	1057395	1059217	0	4	20	0	0	1	21166	21191
TP1_synth_reverse		17	T	406	145	1	10	0	84	1058585	1059231	0	1	0	0	0	2	21189	21192
TP1_synth_reverse		18	T	348	166	337	11	0	75	1058294	1059231	0	0	2	0	0	0	21190	21192
TP1_synth_reverse		19	C	391	1058020	401	25	229	78	110	1059254	0	21171	11	0	11	0	0	21193
TP1_synth_reverse		20	T	305	99	107	25	0	41	1058677	1059254	0	0	3	0	0	0	21190	21193
TP1_synth_reverse		21	T	504	195	0	66	0	114	1058375	1059254	0	5	0	0	0	0	21188	21193
TP1_synth_reverse		22	G	148	436	115	1057719	1	24	824	1059267	1	0	0	21186	0	1	6	21194
TP1_synth_reverse		23	C	681	1056779	288	56	716	31	727	1059278	1	21173	8	0	6	0	7	21195
TP1_synth_reverse		24	G	227	186	54	1056624	1	58	2128	1059278	0	0	2	21183	0	1	9	21195
TP1_synth_reverse		25	G	114	700	10	1057526	141	121	666	1059278	0	1	0	21184	2	2	6	21195
TP1_synth_reverse		26	A	1058745	24	75	197	17	61	159	1059278	21187	0	7	0	1	0	0	21195
TP1_synth_reverse		27	G	127	871	550	1056738	27	37	928	1059278	1	0	3	21180	3	0	8	21195
TP1_synth_reverse		28	A	1057842	55	1057	123	14	44	149	1059284	21182	0	13	0	1	0	0	21196
TP1_synth_reverse		29	T	357	103	1273	189	0	176	1057186	1059284	0	0	19	0	0	0	21177	21196
TP1_synth_reverse		30	T	1055	114	6	62	0	121	1057926	1059284	1	0	1	0	0	0	21194	21196
TP1_synth_reverse		31	C	565	1057785	464	48	204	94	107	1059267	0	21185	2	0	7	2	0	21196
TP1_synth_reverse		32	T	684	982	0	329	72	427	1056764	1059258	0	6	0	2	10	1	21177	21196
TP1_synth_reverse		33	C	458	1057850	245	42	185	147	325	1059252	0	21184	7	0	1	0	4	21196
TP1_synth_reverse		34	T	815	161	142	90	1	105	1057937	1059251	0	0	6	0	0	0	21190	21196
TP1_synth_reverse		35	T	1613	144	1	91	67	126	1057202	1059244	0	0	0	0	8	0	21188	21196
TP1_synth_reverse		36	C	644	1057592	765	38	0	74	126	1059239	0	21186	7	2	0	0	1	21196
TP1_synth_reverse		37	C	630	1057723	253	72	321	88	145	1059232	0	21191	0	0	3	0	2	21196
TP1_synth_reverse		38	T	803	181	377	296	1	36	1057528	1059222	1	2	3	0	0	2	21188	21196
TP1_synth_reverse		39	C	485	1058397	76	61	0	94	111	1059224	1	21193	1	0	0	1	0	21196
TP1_synth_reverse		40	T	1479	96	960	39	47	184	1056419	1059224	0	0	19	0	6	0	21171	21196
TP1_synth_reverse		41	G	588	631	874	1056602	95	41	392	1059223	5	0	15	21169	4	0	3	21196
TP1_synth_reverse		42	T	2478	141	520	40	536	71	1055442	1059228	0	2	12	0	7	0	21176	21197
TP1_synth_reverse		43	G	471	536	34	1056813	15	456	917	1059242	0	0	1	21189	1	0	7	21198
TP1_synth_reverse		44	C	595	1055695	1668	85	16	194	993	1059246	0	21181	10	0	0	1	7	21199
TP1_synth_reverse		45	G	258	408	292	1056417	226	61	1569	1059231	3	2	6	21182	4	0	2	21199
TP1_synth_reverse		46	C	818	1055960	990	59	0	8	1394	1059229	1	21163	15	0	0	0	20	21199
TP1_synth_reverse		47	C	409	1057672	0	44	16	44	1051	1059236	0	21194	0	0	1	0	5	21200
TP1_synth_reverse		48	G	296	716	111	1056152	36	60	1844	1059215	3	0	4	21183	3	1	6	21200
TP1_synth_reverse		49	A	1058301	56	167	116	198	234	189	1059261	21192	0	6	1	2	0	0	21201
TP1_synth_reverse		50	T	1250	206	302	145	451	140	1056758	1059252	1	6	11	0	8	0	21175	21201
TP1_synth_reverse		51	A	1058331	51	404	141	0	145	192	1059264	21192	0	3	0	0	4	3	21202
TP1_synth_reverse		52	C	956	1057528	106	117	14	355	179	1059255	3	21188	4	0	2	3	2	21202
TP1_synth_reverse		53	A	1056339	39	1618	244	326	391	313	1059270	21188	0	11	0	0	1	3	21203
TP1_synth_reverse		54	G	174	275	761	1056830	457	109	652	1059258	0	0	5	21187	5	2	4	21203
TP1_synth_reverse		55	A	1058737	93	44	154	1	140	128	1059297	21200	0	2	0	0	1	1	21204
TP1_synth_reverse		56	A	1058510	13	2	190	314	116	149	1059294	21199	0	0	0	2	3	0	21204
TP1_synth_reverse		57	T	2096	78	14	255	553	310	1055952	1059258	0	0	0	0	11	3	21190	21204
TP1_synth_reverse		58	A	1058220	19	227	268	1	397	146	1059278	21191	0	7	2	0	5	0	21205
TP1_synth_reverse		59	T	1109	71	588	98	36	461	1056878	1059241	0	0	7	0	1	0	21197	21205
TP1_synth_reverse		60	C	1156	1055826	952	572	1	294	415	1059216	4	21163	16	12	0	0	10	21205
TP1_synth_reverse		61	T	1745	158	370	989	296	246	1055404	1059208	3	5	6	11	4	1	21175	21205
TP1_synth_reverse		62	G	997	311	1196	1053773	868	464	1592	1059201	4	1	8	21172	7	6	7	21205
TP1_synth_reverse		63	T	2281	108	497	18	4	217	1056089	1059214	3	0	16	0	0	3	21184	21206
TP1_synth_reverse		64	T	2183	92	174	19	25	58	1056653	1059204	1	0	2	0	3	0	21200	21206
TP1_synth_reverse		65	C	1375	1056680	668	42	31	178	222	1059196	4	21189	7	0	4	0	2	21206
TP1_synth_reverse		66	G	328	551	57	1056991	0	81	1179	1059187	1	3	2	21192	0	0	8	21206
TP1_synth_reverse		67	C	979	1057355	378	50	78	240	112	1059192	0	21191	8	0	4	4	0	21207
TP1_synth_reverse		68	A	1057951	366	366	261	29	122	92	1059187	21190	6	6	2	2	1	0	21207
TP1_synth_reverse		69	C	375	1057897	2	54	1	70	785	1059184	0	21202	0	0	0	0	5	21207
TP1_synth_reverse		70	T	1288	258	2	46	165	118	1057295	1059172	7	2	0	0	6	0	21193	21208
TP1_synth_reverse		71	C	422	1057280	849	42	0	418	157	1059168	0	21192	10	0	0	4	2	21208
TP1_synth_reverse		72	C	788	1056995	8	63	421	187	700	1059162	0	21199	0	0	2	2	5	21208
TP1_synth_reverse		73	G	419	598	55	1056774	0	446	853	1059145	5	1	3	21190	0	7	2	21208
TP1_synth_reverse		74	A	1057502	48	881	148	375	148	40	1059142	21194	0	11	0	3	0	0	21208
TP1_synth_reverse		75	G	167	523	277	1057966	0	68	131	1059132	4	0	1	21203	0	0	0	21208
TP1_synth_reverse		76	T	1049	118	234	58	55	68	1057538	1059120	0	0	6	0	2	0	21200	21208
TP1_synth_reverse		77	G	600	408	15	1057219	426	74	355	1059097	2	1	0	21189	9	0	7	21208
TP1_synth_reverse		78	C	591	1055442	580	61	593	560	1260	1059087	1	21165	8	0	7	3	24	21208
TP1_synth_reverse		79	G	692	588	947	1056071	2	140	641	1059081	5	0	21	21169	0	1	12	21208
TP1_synth_reverse		80	G	617	421	2	1056696	0	177	1135	1059048	5	2	0	21183	0	1	17	21208
TP1_synth_reverse		81	C	341	1056059	1502	101	702	117	211	1059033	0	21181	10	0	15	2	0	21208
TP1_synth_reverse		82	A	1057671	37	865	188	0	99	159	1059019	21198	0	10	0	0	0	0	21208
TP1_synth_reverse		83	A	1058206	60	215	111	0	291	134	1059017	21207	0	1	0	0	0	0	21208
TP1_synth_reverse		84	A	1058002	51	0	225	318	322	69	1058987	21202	0	0	0	5	1	0	21208
TP1_synth_reverse		85	G	226	425	7	1057055	792	145	222	1058872	1	0	2	21189	11	3	2	21208
TP1_synth_reverse		86	C	976	1057337	0	107	3	98	293	1058814	3	21202	0	1	0	0	2	21208
TP1_synth_reverse		87	T	1343	115	160	26	1	356	1056727	1058728	1	0	6	0	0	3	21198	21208
TP1_synth_reverse		88	G	552	611	461	1056457	134	175	269	1058659	7	0	3	21194	2	2	0	21208
TP1_synth_reverse		89	T	836	127	394	30	0	65	1057168	1058620	1	0	9	0	0	1	21197	21208
TP1_synth_reverse		90	T	731	128	168	71	0	109	1057279	1058486	0	0	2	0	0	0	21206	21208
TP1_synth_reverse		91	C	631	1057150	0	83	0	375	123	1058362	2	21201	0	3	0	1	0	21207
TP1_synth_reverse		92	C	536	1056209	0	391	0	462	307	1057905	2	21190	0	9	0	4	1	21206
TP1_synth_reverse		93	G	545	488	0	1055476	0	183	196	1056888	7	1	0	21185	0	2	0	21195
TP1_synth_reverse		94	T	617	132	0	43	0	94	1055684	1056570	1	0	0	0	0	0	21194	21195
TP1_synth_reverse		95	C	0	1055885	0	0	0	206	0	1056091	0	21191	0	0	0	0	0	21191
TP1_synth_reverse		96	C	0	1055049	0	0	0	165	0	1055214	0	21188	0	0	0	2	0	21190
TP1_synth_reverse		97	C	0	1052247	0	0	0	203	0	1052450	0	21181	0	0	0	1	0	21182
TP1_synth_reverse		98	A	1048885	0	0	0	0	0	0	1048885	21155	0	0	0	0	0	0	21155
TP1_synth_reverse		99	G	0	0	0	1047451	0	0	0	1047451	0	0	0	21152	0	0	0	21152
