



























































































































































































































#AmpliconChromStart	Alias	Position	ProbableRef	rawA	rawC	rawD	rawG	rawI	rawN	rawT	rawDepth	consA	consC	consD	consG	consI	consN	consT	consDepth	
TP1_synth_reverse		1	G	0	0	0	1049290	0	0	0	1049290	0	0	0	15778	0	0	0	15778
TP1_synth_reverse		2	T	0	0	0	0	0	0	1052267	1052267	0	0	0	0	0	0	15801	15801
TP1_synth_reverse		3	G	0	0	0	1055003	0	112	0	1055115	0	0	0	15836	0	0	0	15836
TP1_synth_reverse		4	G	0	0	0	1055926	0	71	0	1055997	0	0	0	15848	0	0	0	15848
TP1_synth_reverse		5	T	0	0	0	0	0	30	1056366	1056396	0	0	0	0	0	0	15852	15852
TP1_synth_reverse		6	G	208	86	0	1056704	0	20	154	1057172	1	0	0	15856	0	0	0	15857
TP1_synth_reverse		7	A	1057349	26	0	143	0	98	150	1057766	15866	0	0	0	0	0	0	15866
TP1_synth_reverse		8	G	129	89	0	1057696	0	134	188	1058236	0	0	0	15872	0	0	2	15874
TP1_synth_reverse		9	G	131	164	0	1058612	2	33	161	1059103	0	0	0	15882	0	0	0	15882
TP1_synth_reverse		10	C	286	1058614	14	42	0	30	149	1059135	0	15882	0	0	0	0	1	15883
TP1_synth_reverse		11	T	209	175	444	8	238	35	1058051	1059160	0	0	1	0	3	0	15879	15883
TP1_synth_reverse		12	C	358	1055214	3293	38	0	87	182	1059172	0	15855	29	0	0	0	0	15884
TP1_synth_reverse		13	C	562	1058274	6	35	3	123	183	1059186	0	15885	0	0	0	0	1	15886
TP1_synth_reverse		14	C	448	1058497	1	22	2	54	162	1059186	0	15886	0	0	0	0	0	15886
TP1_synth_reverse		15	C	305	1057827	1	39	790	81	143	1059186	0	15878	0	0	8	0	0	15886
TP1_synth_reverse		16	T	429	145	950	20	2	276	1057383	1059205	0	2	13	0	0	0	15872	15887
TP1_synth_reverse		17	T	406	145	1	10	0	84	1058573	1059219	0	1	0	0	0	0	15887	15888
TP1_synth_reverse		18	T	348	166	337	11	0	75	1058282	1059219	0	0	2	0	0	0	15886	15888
TP1_synth_reverse		19	C	391	1058008	401	25	229	78	110	1059242	0	15873	6	0	10	0	0	15889
TP1_synth_reverse		20	T	305	99	107	25	0	41	1058672	1059249	0	0	3	0	0	0	15887	15890
TP1_synth_reverse		21	T	503	195	0	66	0	114	1058378	1059256	0	2	0	0	0	0	15889	15891
TP1_synth_reverse		22	G	148	435	115	1057722	1	24	824	1059269	0	0	0	15887	0	0	5	15892
TP1_synth_reverse		23	C	680	1056782	288	56	716	31	727	1059280	1	15879	5	0	3	0	5	15893
TP1_synth_reverse		24	G	227	186	54	1056627	1	58	2127	1059280	0	0	2	15884	0	0	7	15893
TP1_synth_reverse		25	G	114	700	10	1057526	141	122	667	1059280	0	0	0	15887	2	0	4	15893
TP1_synth_reverse		26	A	1058747	24	75	197	17	61	159	1059280	15887	0	5	0	1	0	0	15893
TP1_synth_reverse		27	G	127	869	550	1056742	27	37	928	1059280	1	0	3	15880	2	0	7	15893
TP1_synth_reverse		28	A	1057838	55	1057	123	14	44	149	1059280	15880	0	12	0	1	0	0	15893
TP1_synth_reverse		29	T	357	103	1273	189	0	176	1057182	1059280	0	0	15	0	0	0	15878	15893
TP1_synth_reverse		30	T	1056	114	6	62	0	121	1057921	1059280	0	0	0	0	0	0	15893	15893
TP1_synth_reverse		31	C	565	1057781	464	48	204	94	107	1059263	0	15886	2	0	5	0	0	15893
TP1_synth_reverse		32	T	684	982	0	329	72	427	1056760	1059254	0	6	0	1	8	0	15878	15893
TP1_synth_reverse		33	C	459	1057846	245	42	185	147	325	1059249	0	15883	6	0	1	0	3	15893
TP1_synth_reverse		34	T	815	161	142	90	1	105	1057934	1059248	0	0	6	0	0	0	15887	15893
TP1_synth_reverse		35	T	1614	144	1	91	67	126	1057198	1059241	0	0	0	0	4	0	15889	15893
TP1_synth_reverse		36	C	643	1057590	765	38	0	74	126	1059236	0	15886	5	1	0	0	1	15893
TP1_synth_reverse		37	C	630	1057720	253	72	321	88	145	1059229	0	15890	0	0	3	0	0	15893
TP1_synth_reverse		38	T	803	181	377	295	1	36	1057526	1059219	1	2	2	0	0	0	15888	15893
TP1_synth_reverse		39	C	486	1058393	76	61	0	94	111	1059221	0	15892	1	0	0	0	0	15893
TP1_synth_reverse		40	T	1481	96	960	39	47	184	1056414	1059221	0	0	16	0	4	0	15873	15893
TP1_synth_reverse		41	G	588	629	874	1056596	95	41	391	1059214	3	0	13	15873	3	0	1	15893
TP1_synth_reverse		42	T	2476	141	520	40	536	71	1055435	1059219	0	1	10	0	7	0	15876	15894
TP1_synth_reverse		43	G	470	534	34	1056807	15	456	917	1059233	0	0	0	15888	1	0	6	15895
TP1_synth_reverse		44	C	594	1055687	1668	85	16	194	993	1059237	0	15882	9	0	0	0	5	15896
TP1_synth_reverse		45	G	258	408	292	1056407	226	61	1570	1059222	3	0	5	15884	4	0	0	15896
TP1_synth_reverse		46	C	820	1055949	990	59	0	8	1394	1059220	1	15868	10	0	0	0	17	15896
TP1_synth_reverse		47	C	411	1057661	0	44	16	44	1051	1059227	0	15890	0	0	1	0	5	15896
TP1_synth_reverse		48	G	297	714	111	1056147	36	60	1841	1059206	2	0	3	15885	2	0	4	15896
TP1_synth_reverse		49	A	1058292	56	167	116	198	234	189	1059252	15890	0	6	0	1	0	0	15897
TP1_synth_reverse		50	T	1249	206	302	145	451	141	1056749	1059243	0	4	7	0	7	0	15879	15897
TP1_synth_reverse		51	A	1058322	51	404	141	0	145	192	1059255	15893	0	3	0	0	0	2	15898
TP1_synth_reverse		52	C	957	1057518	106	117	14	355	179	1059246	2	15889	4	0	1	0	2	15898
TP1_synth_reverse		53	A	1056330	39	1618	244	326	391	313	1059261	15890	0	8	0	0	0	1	15899
TP1_synth_reverse		54	G	175	274	761	1056821	457	109	652	1059249	0	0	4	15886	5	0	4	15899
TP1_synth_reverse		55	A	1058728	93	44	154	1	140	128	1059288	15898	0	1	0	0	0	1	15900
TP1_synth_reverse		56	A	1058501	13	2	190	314	116	149	1059285	15898	0	0	0	2	0	0	15900
TP1_synth_reverse		57	T	2095	78	14	255	553	309	1055945	1059249	0	0	0	0	8	0	15892	15900
TP1_synth_reverse		58	A	1058211	19	227	268	1	397	146	1059269	15892	0	7	2	0	0	0	15901
TP1_synth_reverse		59	T	1108	71	588	98	36	461	1056870	1059232	0	0	5	0	1	0	15895	15901
TP1_synth_reverse		60	C	1155	1055818	952	572	1	294	415	1059207	3	15871	10	11	0	0	6	15901
TP1_synth_reverse		61	T	1745	158	370	989	296	245	1055396	1059199	3	5	5	9	3	0	15876	15901
TP1_synth_reverse		62	G	997	310	1196	1053766	868	464	1591	1059192	2	2	6	15878	6	0	7	15901
TP1_synth_reverse		63	T	2280	108	497	18	4	217	1056081	1059205	1	0	11	0	0	0	15890	15902
TP1_synth_reverse		64	T	2183	92	174	19	25	58	1056644	1059195	0	0	1	0	3	0	15898	15902
TP1_synth_reverse		65	C	1369	1056677	668	42	31	178	222	1059187	1	15892	5	0	3	0	1	15902
TP1_synth_reverse		66	G	326	550	57	1056986	0	81	1178	1059178	1	1	2	15892	0	0	6	15902
TP1_synth_reverse		67	C	979	1057346	378	50	78	240	112	1059183	0	15896	4	0	3	0	0	15903
TP1_synth_reverse		68	A	1057942	366	366	261	29	122	92	1059178	15892	4	3	2	2	0	0	15903
TP1_synth_reverse		69	C	373	1057890	2	54	1	70	785	1059175	0	15901	0	0	0	0	2	15903
TP1_synth_reverse		70	T	1287	258	2	46	165	118	1057287	1059163	2	1	0	0	3	0	15898	15904
TP1_synth_reverse		71	C	419	1057275	849	42	0	417	157	1059159	0	15895	7	0	0	0	2	15904
TP1_synth_reverse		72	C	787	1056988	8	63	421	186	700	1059153	0	15897	0	0	2	0	5	15904
TP1_synth_reverse		73	G	419	597	55	1056767	0	446	852	1059136	2	0	2	15899	0	0	1	15904
TP1_synth_reverse		74	A	1057493	48	881	148	375	148	40	1059133	15895	0	6	0	3	0	0	15904
TP1_synth_reverse		75	G	167	524	277	1057956	0	68	131	1059123	4	0	1	15899	0	0	0	15904
TP1_synth_reverse		76	T	1049	118	234	58	55	68	1057529	1059111	0	0	6	0	0	0	15898	15904
TP1_synth_reverse		77	G	600	408	15	1057210	426	74	355	1059088	2	0	0	15892	7	0	3	15904
TP1_synth_reverse		78	C	591	1055432	580	61	593	560	1260	1059077	1	15878	6	0	6	0	13	15904
TP1_synth_reverse		79	G	692	587	947	1056063	2	140	640	1059071	4	0	15	15875	0	0	10	15904
TP1_synth_reverse		80	G	617	421	2	1056687	0	177	1134	1059038	3	2	0	15886	0	0	13	15904
TP1_synth_reverse		81	C	341	1056049	1502	101	702	117	211	1059023	0	15884	9	0	11	0	0	15904
TP1_synth_reverse		82	A	1057662	37	865	188	0	98	159	1059009	15896	0	8	0	0	0	0	15904
TP1_synth_reverse		83	A	1058196	60	215	111	0	291	134	1059007	15903	0	1	0	0	0	0	15904
TP1_synth_reverse		84	A	1057993	51	0	225	318	321	69	1058977	15900	0	0	0	4	0	0	15904
TP1_synth_reverse		85	G	226	425	7	1057044	792	146	222	1058862	1	0	1	15896	5	0	1	15904
TP1_synth_reverse		86	C	976	1057327	0	107	3	98	293	1058804	0	15902	0	1	0	0	1	15904
TP1_synth_reverse		87	T	1341	115	160	26	1	357	1056717	1058717	1	0	5	0	0	0	15898	15904
TP1_synth_reverse		88	G	550	611	461	1056449	134	175	269	1058649	7	0	1	15894	2	0	0	15904
TP1_synth_reverse		89	T	836	127	394	30	0	65	1057158	1058610	0	0	6	0	0	0	15898	15904
TP1_synth_reverse		90	T	731	128	168	71	0	109	1057269	1058476	0	0	1	0	0	0	15903	15904
TP1_synth_reverse		91	C	630	1057142	0	83	0	375	123	1058353	0	15902	0	2	0	0	0	15904
TP1_synth_reverse		92	C	535	1056202	0	391	0	462	307	1057897	2	15895	0	7	0	0	0	15904
TP1_synth_reverse		93	G	545	487	0	1055469	0	183	196	1056880	6	0	0	15891	0	0	0	15897
TP1_synth_reverse		94	T	616	132	0	43	0	94	1055678	1056563	1	0	0	0	0	0	15896	15897
TP1_synth_reverse		95	C	0	1055878	0	0	0	206	0	1056084	0	15895	0	0	0	0	0	15895
TP1_synth_reverse		96	C	0	1055043	0	0	0	165	0	1055208	0	15894	0	0	0	0	0	15894
TP1_synth_reverse		97	C	0	1052241	0	0	0	204	0	1052445	0	15891	0	0	0	0	0	15891
TP1_synth_reverse		98	A	1048880	0	0	0	0	0	0	1048880	15880	0	0	0	0	0	0	15880
TP1_synth_reverse		99	G	0	0	0	1047445	0	0	0	1047445	0	0	0	15877	0	0	0	15877
