



























































































































































































































#AmpliconChromStart	Alias	Position	ProbableRef	rawA	rawC	rawD	rawG	rawI	rawN	rawT	rawDepth	consA	consC	consD	consG	consI	consN	consT	consDepth	
TP1_synth_reverse		1	G	0	0	0	1049290	0	0	0	1049290	0	0	0	13373	0	0	0	13373
TP1_synth_reverse		2	T	0	0	0	0	0	0	1052267	1052267	0	0	0	0	0	0	13393	13393
TP1_synth_reverse		3	G	0	0	0	1055003	0	112	0	1055115	0	0	0	13422	0	0	0	13422
TP1_synth_reverse		4	G	0	0	0	1055926	0	71	0	1055997	0	0	0	13432	0	0	0	13432
TP1_synth_reverse		5	T	0	0	0	0	0	30	1056366	1056396	0	0	0	0	0	0	13435	13435
TP1_synth_reverse		6	G	208	86	0	1056704	0	20	154	1057172	1	0	0	13439	0	0	0	13440
TP1_synth_reverse		7	A	1057349	26	0	143	0	98	150	1057766	13447	0	0	0	0	0	0	13447
TP1_synth_reverse		8	G	129	89	0	1057696	0	134	188	1058236	0	0	0	13454	0	0	1	13455
TP1_synth_reverse		9	G	131	164	0	1058612	2	33	161	1059103	0	0	0	13463	0	0	0	13463
TP1_synth_reverse		10	C	286	1058614	14	42	0	30	149	1059135	0	13463	0	0	0	0	1	13464
TP1_synth_reverse		11	T	209	175	444	8	238	35	1058051	1059160	0	0	1	0	3	0	13460	13464
TP1_synth_reverse		12	C	358	1055202	3293	38	0	87	182	1059160	0	13439	25	0	0	0	0	13464
TP1_synth_reverse		13	C	562	1058262	6	35	3	123	183	1059174	0	13463	0	0	0	0	1	13464
TP1_synth_reverse		14	C	448	1058501	1	22	2	54	162	1059190	0	13464	0	0	0	0	0	13464
TP1_synth_reverse		15	C	305	1057831	1	39	790	81	143	1059190	0	13458	0	0	6	0	0	13464
TP1_synth_reverse		16	T	429	145	950	20	2	276	1057387	1059209	0	2	12	0	0	0	13450	13464
TP1_synth_reverse		17	T	406	145	1	10	0	84	1058577	1059223	0	0	0	0	0	0	13465	13465
TP1_synth_reverse		18	T	345	166	337	11	0	75	1058289	1059223	0	0	2	0	0	0	13463	13465
TP1_synth_reverse		19	C	392	1058011	401	25	229	78	110	1059246	0	13452	5	0	9	0	0	13466
TP1_synth_reverse		20	T	306	99	107	25	0	41	1058668	1059246	0	0	2	0	0	0	13464	13466
TP1_synth_reverse		21	T	503	195	0	66	0	114	1058368	1059246	0	1	0	0	0	0	13465	13466
TP1_synth_reverse		22	G	148	433	115	1057699	1	24	826	1059246	0	0	0	13462	0	0	4	13466
TP1_synth_reverse		23	C	681	1056758	288	56	716	31	727	1059257	1	13454	5	0	3	0	4	13467
TP1_synth_reverse		24	G	227	187	54	1056608	1	58	2127	1059262	0	0	1	13460	0	0	7	13468
TP1_synth_reverse		25	G	114	701	10	1057509	141	121	666	1059262	0	0	0	13464	2	0	2	13468
TP1_synth_reverse		26	A	1058729	24	75	197	17	61	159	1059262	13465	0	3	0	0	0	0	13468
TP1_synth_reverse		27	G	127	866	550	1056727	27	37	928	1059262	1	0	3	13455	2	0	7	13468
TP1_synth_reverse		28	A	1057827	55	1057	122	14	44	149	1059268	13457	0	11	0	1	0	0	13469
TP1_synth_reverse		29	T	355	103	1273	190	0	176	1057171	1059268	0	0	11	0	0	0	13458	13469
TP1_synth_reverse		30	T	1055	114	6	62	0	121	1057910	1059268	0	0	0	0	0	0	13469	13469
TP1_synth_reverse		31	C	564	1057770	464	48	204	94	107	1059251	0	13462	2	0	5	0	0	13469
TP1_synth_reverse		32	T	683	982	0	329	72	427	1056749	1059242	0	4	0	1	6	0	13458	13469
TP1_synth_reverse		33	C	459	1057834	245	42	185	147	325	1059237	0	13462	4	0	1	0	2	13469
TP1_synth_reverse		34	T	812	161	142	89	1	105	1057926	1059236	0	0	6	0	0	0	13463	13469
TP1_synth_reverse		35	T	1607	144	1	91	67	126	1057193	1059229	0	0	0	0	2	0	13467	13469
TP1_synth_reverse		36	C	644	1057577	765	38	0	74	126	1059224	0	13464	4	1	0	0	0	13469
TP1_synth_reverse		37	C	629	1057709	253	72	321	88	145	1059217	0	13468	0	0	1	0	0	13469
TP1_synth_reverse		38	T	801	181	377	295	1	36	1057516	1059207	0	2	2	0	0	0	13465	13469
TP1_synth_reverse		39	C	486	1058381	76	61	0	94	111	1059209	0	13468	1	0	0	0	0	13469
TP1_synth_reverse		40	T	1478	96	960	39	47	184	1056405	1059209	0	0	13	0	2	0	13454	13469
TP1_synth_reverse		41	G	589	630	874	1056588	95	41	391	1059208	2	0	10	13455	2	0	0	13469
TP1_synth_reverse		42	T	2475	141	520	40	536	71	1055430	1059213	0	1	6	0	6	0	13457	13470
TP1_synth_reverse		43	G	468	534	34	1056801	15	456	919	1059227	0	0	0	13466	1	0	4	13471
TP1_synth_reverse		44	C	594	1055681	1668	85	16	194	993	1059231	0	13459	9	0	0	0	3	13471
TP1_synth_reverse		45	G	258	408	292	1056403	226	61	1568	1059216	3	0	3	13462	3	0	0	13471
TP1_synth_reverse		46	C	818	1055953	990	59	0	8	1394	1059222	0	13450	9	0	0	0	13	13472
TP1_synth_reverse		47	C	408	1057666	0	44	16	44	1051	1059229	0	13466	0	0	1	0	5	13472
TP1_synth_reverse		48	G	296	716	111	1056144	36	60	1845	1059208	1	0	3	13463	1	0	4	13472
TP1_synth_reverse		49	A	1058294	56	167	116	198	234	189	1059254	13467	0	5	0	1	0	0	13473
TP1_synth_reverse		50	T	1245	206	302	145	451	140	1056756	1059245	0	4	5	0	7	0	13457	13473
TP1_synth_reverse		51	A	1058324	51	404	141	0	145	192	1059257	13471	0	2	0	0	0	1	13474
TP1_synth_reverse		52	C	958	1057519	106	117	14	355	179	1059248	2	13467	3	0	1	0	1	13474
TP1_synth_reverse		53	A	1056332	39	1618	244	326	391	313	1059263	13466	0	8	0	0	0	1	13475
TP1_synth_reverse		54	G	175	272	761	1056825	457	109	653	1059252	0	0	3	13464	4	0	4	13475
TP1_synth_reverse		55	A	1058730	94	44	154	1	140	128	1059291	13475	0	0	0	0	0	1	13476
TP1_synth_reverse		56	A	1058504	13	2	190	314	116	149	1059288	13475	0	0	0	1	0	0	13476
TP1_synth_reverse		57	T	2092	78	14	256	553	309	1055949	1059251	0	0	0	0	8	0	13468	13476
TP1_synth_reverse		58	A	1058214	19	227	268	1	396	146	1059271	13471	0	5	1	0	0	0	13477
TP1_synth_reverse		59	T	1105	71	588	98	36	461	1056875	1059234	0	0	5	0	1	0	13471	13477
TP1_synth_reverse		60	C	1158	1055817	952	572	1	294	415	1059209	2	13453	10	8	0	0	4	13477
TP1_synth_reverse		61	T	1747	158	370	989	296	245	1055396	1059201	3	4	5	6	2	0	13457	13477
TP1_synth_reverse		62	G	996	311	1196	1053769	868	463	1591	1059194	1	1	6	13456	6	0	7	13477
TP1_synth_reverse		63	T	2280	108	497	18	4	217	1056083	1059207	0	0	9	0	0	0	13469	13478
TP1_synth_reverse		64	T	2182	92	174	19	25	58	1056646	1059196	0	0	1	0	2	0	13475	13478
TP1_synth_reverse		65	C	1374	1056673	668	42	31	178	222	1059188	1	13468	5	0	3	0	1	13478
TP1_synth_reverse		66	G	326	550	57	1056988	0	81	1177	1059179	1	1	1	13470	0	0	5	13478
TP1_synth_reverse		67	C	977	1057349	378	50	78	240	112	1059184	0	13472	4	0	3	0	0	13479
TP1_synth_reverse		68	A	1057943	366	366	261	29	122	92	1059179	13469	3	3	2	2	0	0	13479
TP1_synth_reverse		69	C	376	1057889	2	53	1	70	785	1059176	0	13478	0	0	0	0	1	13479
TP1_synth_reverse		70	T	1286	258	2	46	165	118	1057284	1059159	1	1	0	0	3	0	13474	13479
TP1_synth_reverse		71	C	420	1057270	849	42	0	417	157	1059155	0	13470	7	0	0	0	2	13479
TP1_synth_reverse		72	C	788	1056983	8	63	421	186	700	1059149	0	13473	0	0	2	0	4	13479
TP1_synth_reverse		73	G	419	598	55	1056762	0	445	853	1059132	2	0	1	13475	0	0	1	13479
TP1_synth_reverse		74	A	1057489	48	881	148	375	148	40	1059129	13472	0	4	0	3	0	0	13479
TP1_synth_reverse		75	G	168	524	277	1057953	0	68	130	1059120	3	0	1	13475	0	0	0	13479
TP1_synth_reverse		76	T	1049	118	234	58	55	68	1057526	1059108	0	0	5	0	0	0	13474	13479
TP1_synth_reverse		77	G	600	406	15	1057209	426	74	355	1059085	2	0	0	13468	6	0	3	13479
TP1_synth_reverse		78	C	592	1055429	580	61	593	560	1260	1059075	1	13456	5	0	6	0	11	13479
TP1_synth_reverse		79	G	692	588	947	1056060	2	140	640	1059069	4	0	11	13459	0	0	5	13479
TP1_synth_reverse		80	G	617	420	2	1056686	0	177	1134	1059036	3	2	0	13466	0	0	8	13479
TP1_synth_reverse		81	C	342	1056046	1502	101	702	117	211	1059021	0	13464	8	0	7	0	0	13479
TP1_synth_reverse		82	A	1057660	37	865	188	0	98	159	1059007	13471	0	8	0	0	0	0	13479
TP1_synth_reverse		83	A	1058194	60	215	111	0	291	134	1059005	13478	0	1	0	0	0	0	13479
TP1_synth_reverse		84	A	1057991	51	0	225	318	321	69	1058975	13475	0	0	0	4	0	0	13479
TP1_synth_reverse		85	G	226	425	7	1057042	792	145	223	1058860	1	0	1	13473	4	0	0	13479
TP1_synth_reverse		86	C	977	1057324	0	107	3	98	293	1058802	0	13477	0	1	0	0	1	13479
TP1_synth_reverse		87	T	1344	115	160	26	1	356	1056715	1058717	1	0	3	0	0	0	13475	13479
TP1_synth_reverse		88	G	551	612	461	1056446	134	175	269	1058648	6	0	1	13470	2	0	0	13479
TP1_synth_reverse		89	T	834	127	394	30	0	65	1057159	1058609	0	0	4	0	0	0	13475	13479
TP1_synth_reverse		90	T	732	128	168	71	0	109	1057267	1058475	0	0	1	0	0	0	13478	13479
TP1_synth_reverse		91	C	631	1057139	0	83	0	375	123	1058351	0	13477	0	2	0	0	0	13479
TP1_synth_reverse		92	C	535	1056200	0	391	0	462	307	1057895	2	13471	0	6	0	0	0	13479
TP1_synth_reverse		93	G	545	488	0	1055465	0	183	196	1056877	5	0	0	13471	0	0	0	13476
TP1_synth_reverse		94	T	616	132	0	43	0	94	1055675	1056560	0	0	0	0	0	0	13476	13476
TP1_synth_reverse		95	C	0	1055875	0	0	0	206	0	1056081	0	13474	0	0	0	0	0	13474
TP1_synth_reverse		96	C	0	1055040	0	0	0	165	0	1055205	0	13474	0	0	0	0	0	13474
TP1_synth_reverse		97	C	0	1052237	0	0	0	203	0	1052440	0	13472	0	0	0	0	0	13472
TP1_synth_reverse		98	A	1048875	0	0	0	0	0	0	1048875	13465	0	0	0	0	0	0	13465
TP1_synth_reverse		99	G	0	0	0	1047442	0	0	0	1047442	0	0	0	13462	0	0	0	13462
