



























































































































































































































#AmpliconChromStart	Alias	Position	ProbableRef	rawA	rawC	rawD	rawG	rawI	rawN	rawT	rawDepth	consA	consC	consD	consG	consI	consN	consT	consDepth	
TP1_synth_reverse		1	G	0	0	0	1049290	0	0	0	1049290	0	0	0	62726	0	0	0	62726
TP1_synth_reverse		2	T	0	0	0	0	0	0	1052267	1052267	0	0	0	0	0	0	63296	63296
TP1_synth_reverse		3	G	0	0	0	1055003	0	112	0	1055115	0	0	0	63829	0	45	0	63874
TP1_synth_reverse		4	G	0	0	0	1055926	0	71	0	1055997	0	0	0	64293	0	31	0	64324
TP1_synth_reverse		5	T	0	0	0	0	0	30	1056366	1056396	0	0	0	0	0	24	64606	64630
TP1_synth_reverse		6	G	208	86	0	1056704	0	20	154	1057172	15	9	0	65018	0	12	20	65074
TP1_synth_reverse		7	A	1057349	26	0	143	0	98	150	1057766	65097	1	0	3	0	35	6	65142
TP1_synth_reverse		8	G	129	89	0	1057696	0	134	188	1058236	6	10	0	65101	0	37	24	65178
TP1_synth_reverse		9	G	131	164	0	1058612	2	33	161	1059103	6	45	0	65159	2	2	23	65237
TP1_synth_reverse		10	C	286	1058614	14	42	0	30	149	1059135	46	65196	0	0	0	4	9	65255
TP1_synth_reverse		11	T	209	175	444	8	238	35	1058051	1059160	44	8	7	0	9	5	65207	65280
TP1_synth_reverse		12	C	358	1055202	3293	38	0	87	182	1059160	77	65066	94	1	0	32	10	65280
TP1_synth_reverse		13	C	562	1058248	6	35	3	123	183	1059160	83	65130	0	1	0	56	10	65280
TP1_synth_reverse		14	C	448	1058487	1	22	2	54	162	1059176	58	65202	0	2	0	24	9	65295
TP1_synth_reverse		15	C	305	1057817	1	39	790	81	143	1059176	47	65164	0	0	40	38	6	65295
TP1_synth_reverse		16	T	429	145	950	20	2	276	1057373	1059195	93	9	69	2	0	72	65067	65312
TP1_synth_reverse		17	T	406	145	1	10	0	84	1058563	1059209	103	5	0	1	0	32	65182	65323
TP1_synth_reverse		18	T	345	166	337	11	0	75	1058275	1059209	82	7	10	0	0	16	65208	65323
TP1_synth_reverse		19	C	392	1057997	401	25	229	78	110	1059232	117	65123	29	3	28	26	5	65331
TP1_synth_reverse		20	T	306	99	107	25	0	41	1058661	1059239	66	2	9	0	0	16	65241	65334
TP1_synth_reverse		21	T	502	195	0	66	0	114	1058362	1059239	130	11	0	3	0	5	65185	65334
TP1_synth_reverse		22	G	148	433	115	1057706	1	24	825	1059252	10	138	8	65105	0	1	81	65343
TP1_synth_reverse		23	C	680	1056765	288	56	716	31	727	1059263	163	65090	25	3	34	4	30	65349
TP1_synth_reverse		24	G	227	187	54	1056614	1	58	2127	1059268	11	43	7	65114	0	21	155	65351
TP1_synth_reverse		25	G	114	701	10	1057514	141	122	666	1059268	20	172	0	65017	5	42	95	65351
TP1_synth_reverse		26	A	1058735	24	75	197	17	61	159	1059268	65284	2	17	15	4	24	5	65351
TP1_synth_reverse		27	G	127	868	550	1056731	27	37	928	1059268	10	165	15	65024	7	21	109	65351
TP1_synth_reverse		28	A	1057833	55	1057	122	14	44	149	1059274	65270	7	53	3	1	16	4	65354
TP1_synth_reverse		29	T	356	103	1273	190	0	176	1057176	1059274	81	6	63	14	0	49	65141	65354
TP1_synth_reverse		30	T	1055	114	6	62	0	121	1057916	1059274	286	6	4	7	0	21	65030	65354
TP1_synth_reverse		31	C	565	1057775	464	48	204	94	107	1059257	174	65091	20	1	18	34	5	65343
TP1_synth_reverse		32	T	683	982	0	329	72	427	1056755	1059248	150	32	0	22	14	42	65077	65337
TP1_synth_reverse		33	C	459	1057840	245	42	185	147	325	1059243	178	65073	20	6	10	29	19	65335
TP1_synth_reverse		34	T	813	161	142	90	1	105	1057930	1059242	176	7	16	10	0	18	65108	65335
TP1_synth_reverse		35	T	1611	144	1	91	67	126	1057195	1059235	440	3	0	4	13	45	64828	65333
TP1_synth_reverse		36	C	644	1057583	765	38	0	74	126	1059230	134	65135	26	10	0	19	7	65331
TP1_synth_reverse		37	C	630	1057714	253	72	321	88	145	1059223	127	65158	2	5	13	15	8	65328
TP1_synth_reverse		38	T	801	181	377	295	1	36	1057522	1059213	221	14	12	22	0	18	65036	65323
TP1_synth_reverse		39	C	487	1058382	76	61	0	94	111	1059211	106	65188	5	4	0	11	7	65321
TP1_synth_reverse		40	T	1480	96	960	39	47	184	1056405	1059211	305	5	60	7	23	23	64898	65321
TP1_synth_reverse		41	G	588	630	874	1056592	95	41	390	1059210	103	143	54	64888	13	4	117	65322
TP1_synth_reverse		42	T	2476	141	520	40	536	71	1055431	1059215	483	5	26	5	19	12	64775	65325
TP1_synth_reverse		43	G	468	535	34	1056802	15	456	919	1059229	72	135	7	64933	3	60	116	65326
TP1_synth_reverse		44	C	594	1055683	1668	85	16	194	993	1059233	127	65035	61	5	9	50	43	65330
TP1_synth_reverse		45	G	258	407	292	1056402	226	61	1572	1059218	15	122	20	64842	13	41	262	65315
TP1_synth_reverse		46	C	820	1055953	990	59	0	8	1394	1059224	272	64892	60	15	0	3	77	65319
TP1_synth_reverse		47	C	412	1057664	0	44	16	44	1051	1059231	87	65175	0	4	3	22	39	65330
TP1_synth_reverse		48	G	297	715	111	1056146	36	60	1845	1059210	23	222	15	64791	6	21	239	65317
TP1_synth_reverse		49	A	1058296	56	167	116	198	234	189	1059256	65270	5	21	12	12	31	8	65359
TP1_synth_reverse		50	T	1245	206	302	145	451	141	1056757	1059247	319	21	31	13	21	30	64921	65356
TP1_synth_reverse		51	A	1058326	51	404	141	0	145	192	1059259	65269	11	15	5	0	51	14	65365
TP1_synth_reverse		52	C	960	1057520	106	116	14	355	179	1059250	191	65081	15	23	9	20	18	65357
TP1_synth_reverse		53	A	1056334	39	1618	244	326	391	313	1059265	65225	1	61	12	7	43	13	65362
TP1_synth_reverse		54	G	178	272	761	1056822	457	109	654	1059253	23	53	30	65136	23	27	63	65355
TP1_synth_reverse		55	A	1058731	94	44	154	1	140	128	1059292	65309	11	7	7	0	10	13	65357
TP1_synth_reverse		56	A	1058505	13	2	190	314	116	149	1059289	65302	2	2	9	10	22	10	65357
TP1_synth_reverse		57	T	2091	78	14	256	553	309	1055951	1059252	420	3	4	19	37	45	64812	65340
TP1_synth_reverse		58	A	1058215	19	227	268	1	396	146	1059272	65094	4	13	11	0	215	4	65341
TP1_synth_reverse		59	T	1106	71	588	98	36	461	1056876	1059236	236	2	21	11	2	106	64945	65323
TP1_synth_reverse		60	C	1157	1055820	952	572	1	294	415	1059211	222	64923	55	41	0	39	32	65312
TP1_synth_reverse		61	T	1745	158	370	989	296	245	1055400	1059203	296	15	26	54	26	61	64830	65308
TP1_synth_reverse		62	G	997	310	1196	1053771	868	463	1591	1059196	103	50	44	64654	31	232	191	65305
TP1_synth_reverse		63	T	2281	108	497	18	4	217	1056084	1059209	456	6	42	3	0	89	64707	65303
TP1_synth_reverse		64	T	2180	92	174	19	25	58	1056650	1059198	372	2	11	1	7	5	64898	65296
TP1_synth_reverse		65	C	1372	1056677	668	42	31	178	222	1059190	264	64962	26	1	5	22	9	65289
TP1_synth_reverse		66	G	326	549	57	1056992	0	81	1176	1059181	49	134	6	64970	0	13	114	65286
TP1_synth_reverse		67	C	978	1057350	378	50	78	240	112	1059186	263	64951	24	2	9	32	4	65285
TP1_synth_reverse		68	A	1057945	366	366	261	29	122	92	1059181	65176	44	20	11	2	24	5	65282
TP1_synth_reverse		69	C	375	1057891	2	54	1	70	785	1059178	89	65161	2	3	1	4	22	65282
TP1_synth_reverse		70	T	1286	258	2	46	165	118	1057291	1059166	302	14	0	1	14	25	64920	65276
TP1_synth_reverse		71	C	420	1057277	849	42	0	417	157	1059162	83	65031	47	1	0	104	6	65272
TP1_synth_reverse		72	C	788	1056990	8	63	421	186	700	1059156	233	64924	0	4	18	73	19	65271
TP1_synth_reverse		73	G	419	597	55	1056770	0	445	853	1059139	19	156	15	64718	0	273	81	65262
TP1_synth_reverse		74	A	1057496	48	881	148	375	148	40	1059136	65128	2	40	8	12	69	1	65260
TP1_synth_reverse		75	G	168	524	277	1057959	0	68	130	1059126	15	104	7	65068	0	18	42	65254
TP1_synth_reverse		76	T	1048	118	234	58	55	68	1057533	1059114	261	5	25	4	6	2	64945	65248
TP1_synth_reverse		77	G	600	406	15	1057217	426	74	353	1059091	23	124	1	64984	28	9	65	65234
TP1_synth_reverse		78	C	592	1055435	580	61	593	560	1260	1059081	102	64918	31	1	24	86	70	65232
TP1_synth_reverse		79	G	692	587	947	1056067	2	140	640	1059075	41	225	66	64780	0	15	102	65229
TP1_synth_reverse		80	G	617	419	2	1056694	0	177	1133	1059042	46	77	1	64939	0	47	104	65214
TP1_synth_reverse		81	C	341	1056053	1502	101	702	117	211	1059027	67	65001	42	6	60	25	4	65205
TP1_synth_reverse		82	A	1057667	37	865	188	0	98	158	1059013	65119	7	35	6	0	17	9	65193
TP1_synth_reverse		83	A	1058201	59	215	111	0	291	134	1059011	65117	5	6	1	0	58	5	65192
TP1_synth_reverse		84	A	1057998	50	0	225	318	321	69	1058981	65097	7	0	10	19	53	3	65189
TP1_synth_reverse		85	G	226	424	7	1057049	792	146	223	1058867	34	108	2	64878	34	52	44	65152
TP1_synth_reverse		86	C	977	1057331	0	107	3	98	293	1058809	130	64978	0	6	1	7	6	65128
TP1_synth_reverse		87	T	1344	115	160	26	1	357	1056721	1058724	261	11	14	1	0	38	64772	65097
TP1_synth_reverse		88	G	551	612	461	1056454	134	175	269	1058656	34	58	15	64857	6	36	69	65075
TP1_synth_reverse		89	T	835	127	394	30	0	65	1057166	1058617	99	6	21	2	0	20	64919	65067
TP1_synth_reverse		90	T	731	128	168	71	0	109	1057276	1058483	93	7	8	4	0	7	64909	65028
TP1_synth_reverse		91	C	631	1057147	0	83	0	375	123	1058359	96	64844	0	4	0	43	4	64991
TP1_synth_reverse		92	C	535	1056208	0	391	0	462	307	1057903	43	64785	0	21	0	85	16	64950
TP1_synth_reverse		93	G	545	488	0	1055473	0	183	196	1056885	33	98	0	64656	0	35	30	64852
TP1_synth_reverse		94	T	615	132	0	43	0	94	1055685	1056569	87	6	0	2	0	15	64713	64823
TP1_synth_reverse		95	C	0	1055884	0	0	0	206	0	1056090	0	64741	0	0	0	22	0	64763
TP1_synth_reverse		96	C	0	1055049	0	0	0	165	0	1055214	0	64644	0	0	0	37	0	64681
TP1_synth_reverse		97	C	0	1052245	0	0	0	204	0	1052449	0	64435	0	0	0	82	0	64517
TP1_synth_reverse		98	A	1048884	0	0	0	0	0	0	1048884	64314	0	0	0	0	0	0	64314
TP1_synth_reverse		99	G	0	0	0	1047451	0	0	0	1047451	0	0	0	64143	0	0	0	64143
