



























































































































































































































#AmpliconChromStart	Alias	Position	ProbableRef	rawA	rawC	rawD	rawG	rawI	rawN	rawT	rawDepth	consA	consC	consD	consG	consI	consN	consT	consDepth	
TP1_synth_reverse		1	G	0	0	0	1049290	0	0	0	1049290	0	0	0	11856	0	0	0	11856
TP1_synth_reverse		2	T	0	0	0	0	0	0	1052267	1052267	0	0	0	0	0	0	11872	11872
TP1_synth_reverse		3	G	0	0	0	1055003	0	112	0	1055115	0	0	0	11898	0	0	0	11898
TP1_synth_reverse		4	G	0	0	0	1055926	0	71	0	1055997	0	0	0	11907	0	0	0	11907
TP1_synth_reverse		5	T	0	0	0	0	0	30	1056366	1056396	0	0	0	0	0	0	11910	11910
TP1_synth_reverse		6	G	208	86	0	1056704	0	20	154	1057172	1	0	0	11913	0	0	0	11914
TP1_synth_reverse		7	A	1057349	26	0	143	0	98	150	1057766	11921	0	0	0	0	0	0	11921
TP1_synth_reverse		8	G	129	89	0	1057696	0	134	188	1058236	0	0	0	11928	0	0	1	11929
TP1_synth_reverse		9	G	131	164	0	1058612	2	33	161	1059103	0	0	0	11937	0	0	0	11937
TP1_synth_reverse		10	C	286	1058614	14	42	0	30	149	1059135	0	11937	0	0	0	0	1	11938
TP1_synth_reverse		11	T	209	175	444	8	238	35	1058051	1059160	0	0	1	0	2	0	11935	11938
TP1_synth_reverse		12	C	358	1055202	3293	38	0	87	182	1059160	0	11916	22	0	0	0	0	11938
TP1_synth_reverse		13	C	562	1058262	6	35	3	123	183	1059174	0	11937	0	0	0	0	1	11938
TP1_synth_reverse		14	C	448	1058501	1	22	2	54	162	1059190	0	11938	0	0	0	0	0	11938
TP1_synth_reverse		15	C	305	1057831	1	39	790	81	143	1059190	0	11932	0	0	6	0	0	11938
TP1_synth_reverse		16	T	429	145	950	20	2	276	1057387	1059209	0	2	12	0	0	0	11924	11938
TP1_synth_reverse		17	T	406	145	1	10	0	84	1058577	1059223	0	0	0	0	0	0	11938	11938
TP1_synth_reverse		18	T	345	166	337	11	0	75	1058289	1059223	0	0	2	0	0	0	11936	11938
TP1_synth_reverse		19	C	392	1058011	401	25	229	78	110	1059246	0	11927	5	0	7	0	0	11939
TP1_synth_reverse		20	T	306	99	107	25	0	41	1058668	1059246	0	0	1	0	0	0	11938	11939
TP1_synth_reverse		21	T	503	195	0	66	0	114	1058368	1059246	0	1	0	0	0	0	11938	11939
TP1_synth_reverse		22	G	148	433	115	1057712	1	24	826	1059259	0	0	0	11936	0	0	4	11940
TP1_synth_reverse		23	C	681	1056771	288	56	716	31	727	1059270	1	11928	5	0	3	0	4	11941
TP1_synth_reverse		24	G	227	187	54	1056621	1	58	2127	1059275	0	0	1	11933	0	0	7	11941
TP1_synth_reverse		25	G	114	701	10	1057522	141	121	666	1059275	0	0	0	11937	2	0	2	11941
TP1_synth_reverse		26	A	1058742	24	75	197	17	61	159	1059275	11938	0	3	0	0	0	0	11941
TP1_synth_reverse		27	G	127	868	550	1056738	27	37	928	1059275	1	0	3	11929	2	0	6	11941
TP1_synth_reverse		28	A	1057834	55	1057	122	14	44	149	1059275	11933	0	7	0	1	0	0	11941
TP1_synth_reverse		29	T	356	103	1273	190	0	176	1057177	1059275	0	0	9	0	0	0	11932	11941
TP1_synth_reverse		30	T	1055	114	6	62	0	121	1057917	1059275	0	0	0	0	0	0	11941	11941
TP1_synth_reverse		31	C	565	1057781	464	48	204	94	107	1059263	0	11934	2	0	5	0	0	11941
TP1_synth_reverse		32	T	683	982	0	329	72	427	1056761	1059254	0	4	0	1	4	0	11932	11941
TP1_synth_reverse		33	C	459	1057846	245	42	185	147	325	1059249	0	11934	4	0	1	0	2	11941
TP1_synth_reverse		34	T	815	161	142	90	1	105	1057934	1059248	0	0	5	0	0	0	11936	11941
TP1_synth_reverse		35	T	1609	144	1	91	67	126	1057203	1059241	0	0	0	0	2	0	11939	11941
TP1_synth_reverse		36	C	644	1057589	765	38	0	74	126	1059236	0	11937	4	0	0	0	0	11941
TP1_synth_reverse		37	C	629	1057721	253	72	321	88	145	1059229	0	11940	0	0	1	0	0	11941
TP1_synth_reverse		38	T	802	181	377	295	1	36	1057527	1059219	0	2	1	0	0	0	11938	11941
TP1_synth_reverse		39	C	486	1058393	76	61	0	94	111	1059221	0	11940	1	0	0	0	0	11941
TP1_synth_reverse		40	T	1482	96	960	39	47	184	1056413	1059221	0	0	12	0	1	0	11928	11941
TP1_synth_reverse		41	G	589	629	874	1056595	95	41	391	1059214	1	0	8	11930	2	0	0	11941
TP1_synth_reverse		42	T	2478	141	520	40	536	71	1055426	1059212	0	1	6	0	5	0	11929	11941
TP1_synth_reverse		43	G	469	534	34	1056799	15	456	919	1059226	0	0	0	11937	1	0	4	11942
TP1_synth_reverse		44	C	595	1055679	1668	85	16	194	993	1059230	0	11931	8	0	0	0	3	11942
TP1_synth_reverse		45	G	258	408	292	1056398	226	61	1572	1059215	2	0	2	11936	2	0	0	11942
TP1_synth_reverse		46	C	818	1055952	990	59	0	8	1394	1059221	0	11922	9	0	0	0	11	11942
TP1_synth_reverse		47	C	409	1057664	0	44	16	44	1051	1059228	0	11936	0	0	1	0	5	11942
TP1_synth_reverse		48	G	296	714	111	1056146	36	60	1844	1059207	1	0	2	11934	1	0	4	11942
TP1_synth_reverse		49	A	1058293	56	167	116	198	234	189	1059253	11938	0	4	0	1	0	0	11943
TP1_synth_reverse		50	T	1245	206	302	145	451	140	1056755	1059244	0	3	4	0	7	0	11929	11943
TP1_synth_reverse		51	A	1058323	51	404	141	0	145	192	1059256	11941	0	2	0	0	0	1	11944
TP1_synth_reverse		52	C	958	1057518	106	117	14	355	179	1059247	2	11938	3	0	0	0	1	11944
TP1_synth_reverse		53	A	1056331	39	1618	244	326	391	313	1059262	11936	0	8	0	0	0	1	11945
TP1_synth_reverse		54	G	177	271	761	1056823	457	109	652	1059250	0	0	3	11935	4	0	3	11945
TP1_synth_reverse		55	A	1058728	94	44	154	1	140	128	1059289	11945	0	0	0	0	0	1	11946
TP1_synth_reverse		56	A	1058502	13	2	190	314	116	149	1059286	11945	0	0	0	1	0	0	11946
TP1_synth_reverse		57	T	2090	78	14	256	553	309	1055950	1059250	0	0	0	0	8	0	11938	11946
TP1_synth_reverse		58	A	1058213	19	227	268	1	396	146	1059270	11942	0	4	1	0	0	0	11947
TP1_synth_reverse		59	T	1105	71	588	98	36	461	1056874	1059233	0	0	5	0	1	0	11941	11947
TP1_synth_reverse		60	C	1158	1055816	952	572	1	294	415	1059208	2	11926	8	7	0	0	4	11947
TP1_synth_reverse		61	T	1745	158	370	989	296	245	1055397	1059200	3	4	5	6	2	0	11927	11947
TP1_synth_reverse		62	G	998	311	1196	1053767	868	463	1590	1059193	1	1	6	11928	6	0	5	11947
TP1_synth_reverse		63	T	2278	108	497	18	4	217	1056084	1059206	0	0	8	0	0	0	11940	11948
TP1_synth_reverse		64	T	2181	92	174	19	25	58	1056646	1059195	0	0	1	0	1	0	11946	11948
TP1_synth_reverse		65	C	1370	1056676	668	42	31	178	222	1059187	0	11940	4	0	3	0	1	11948
TP1_synth_reverse		66	G	326	549	57	1056988	0	81	1177	1059178	0	1	1	11941	0	0	5	11948
TP1_synth_reverse		67	C	979	1057346	378	50	78	240	112	1059183	0	11944	3	0	2	0	0	11949
TP1_synth_reverse		68	A	1057942	366	366	261	29	122	92	1059178	11941	2	2	2	2	0	0	11949
TP1_synth_reverse		69	C	374	1057889	2	54	1	70	785	1059175	0	11949	0	0	0	0	0	11949
TP1_synth_reverse		70	T	1286	258	2	46	165	118	1057288	1059163	0	1	0	0	2	0	11946	11949
TP1_synth_reverse		71	C	419	1057275	849	42	0	417	157	1059159	0	11940	7	0	0	0	2	11949
TP1_synth_reverse		72	C	788	1056987	8	63	421	186	700	1059153	0	11944	0	0	2	0	3	11949
TP1_synth_reverse		73	G	419	597	55	1056767	0	445	853	1059136	2	0	0	11946	0	0	1	11949
TP1_synth_reverse		74	A	1057493	48	881	148	375	148	40	1059133	11942	0	4	0	3	0	0	11949
TP1_synth_reverse		75	G	168	523	277	1057957	0	68	130	1059123	2	0	1	11946	0	0	0	11949
TP1_synth_reverse		76	T	1047	118	234	58	55	68	1057531	1059111	0	0	5	0	0	0	11944	11949
TP1_synth_reverse		77	G	600	405	15	1057213	426	74	355	1059088	2	0	0	11938	6	0	3	11949
TP1_synth_reverse		78	C	591	1055433	580	61	593	560	1260	1059078	1	11929	4	0	5	0	10	11949
TP1_synth_reverse		79	G	692	586	947	1056065	2	140	640	1059072	4	0	9	11933	0	0	3	11949
TP1_synth_reverse		80	G	617	420	2	1056689	0	177	1134	1059039	3	2	0	11938	0	0	6	11949
TP1_synth_reverse		81	C	342	1056049	1502	101	702	117	211	1059024	0	11936	8	0	5	0	0	11949
TP1_synth_reverse		82	A	1057663	37	865	188	0	98	159	1059010	11942	0	7	0	0	0	0	11949
TP1_synth_reverse		83	A	1058197	60	215	111	0	291	134	1059008	11948	0	1	0	0	0	0	11949
TP1_synth_reverse		84	A	1057994	51	0	225	318	321	69	1058978	11945	0	0	0	4	0	0	11949
TP1_synth_reverse		85	G	226	425	7	1057045	792	145	223	1058863	1	0	1	11944	3	0	0	11949
TP1_synth_reverse		86	C	977	1057327	0	107	3	98	293	1058805	0	11947	0	1	0	0	1	11949
TP1_synth_reverse		87	T	1342	115	160	26	1	356	1056720	1058720	1	0	3	0	0	0	11945	11949
TP1_synth_reverse		88	G	550	612	461	1056451	134	175	269	1058652	5	0	1	11941	2	0	0	11949
TP1_synth_reverse		89	T	835	127	394	30	0	65	1057162	1058613	0	0	3	0	0	0	11946	11949
TP1_synth_reverse		90	T	733	128	168	71	0	109	1057270	1058479	0	0	1	0	0	0	11948	11949
TP1_synth_reverse		91	C	630	1057144	0	83	0	375	123	1058355	0	11947	0	2	0	0	0	11949
TP1_synth_reverse		92	C	535	1056204	0	391	0	462	307	1057899	2	11942	0	5	0	0	0	11949
TP1_synth_reverse		93	G	545	487	0	1055471	0	183	196	1056882	5	0	0	11942	0	0	0	11947
TP1_synth_reverse		94	T	615	132	0	43	0	94	1055682	1056566	0	0	0	0	0	0	11947	11947
TP1_synth_reverse		95	C	0	1055881	0	0	0	206	0	1056087	0	11946	0	0	0	0	0	11946
TP1_synth_reverse		96	C	0	1055046	0	0	0	165	0	1055211	0	11946	0	0	0	0	0	11946
TP1_synth_reverse		97	C	0	1052244	0	0	0	203	0	1052447	0	11944	0	0	0	0	0	11944
TP1_synth_reverse		98	A	1048882	0	0	0	0	0	0	1048882	11942	0	0	0	0	0	0	11942
TP1_synth_reverse		99	G	0	0	0	1047448	0	0	0	1047448	0	0	0	11939	0	0	0	11939
