



























































































































































































































#AmpliconChromStart	Alias	Position	ProbableRef	rawA	rawC	rawD	rawG	rawI	rawN	rawT	rawDepth	consA	consC	consD	consG	consI	consN	consT	consDepth	
TP1_synth_forward		5	T	0	0	0	0	0	0	1178	1178	0	0	0	0	0	0	73	73
TP1_synth_forward		6	G	0	0	0	1994	0	0	0	1994	0	0	0	123	0	0	0	123
TP1_synth_forward		7	A	2156	0	0	0	0	1	0	2157	133	0	0	0	0	0	0	133
TP1_synth_forward		8	G	0	0	0	2270	0	0	0	2270	0	0	0	142	0	0	0	142
TP1_synth_forward		9	G	0	0	0	2527	0	0	0	2527	0	0	0	150	0	0	0	150
TP1_synth_forward		10	C	3	2559	0	0	0	0	0	2562	0	151	0	0	0	0	0	151
TP1_synth_forward		11	T	28	0	0	1	0	0	2547	2576	0	0	0	0	0	0	152	152
TP1_synth_forward		12	C	5	2570	0	0	0	0	1	2576	0	152	0	0	0	0	0	152
TP1_synth_forward		13	C	21	2583	0	0	0	0	0	2604	0	155	0	0	0	0	0	155
TP1_synth_forward		14	C	21	2583	0	0	0	0	0	2604	0	155	0	0	0	0	0	155
TP1_synth_forward		15	C	5	2608	2	0	0	0	0	2615	0	155	0	0	0	0	0	155
TP1_synth_forward		16	T	50	0	12	0	0	0	2553	2615	0	0	1	0	0	0	154	155
TP1_synth_forward		17	T	78	0	1	1	0	0	2553	2633	0	0	0	0	0	0	156	156
TP1_synth_forward		18	T	44	1	1	0	0	0	2613	2659	0	0	0	0	0	0	157	157
TP1_synth_forward		19	A	2689	0	1	0	0	1	0	2691	158	0	0	0	0	0	0	158
TP1_synth_forward		20	T	38	0	1	1	1	0	2655	2696	0	0	0	0	0	0	159	159
TP1_synth_forward		21	A	2718	0	2	0	0	0	1	2721	160	0	0	0	0	0	0	160
TP1_synth_forward		22	C	10	2705	2	3	0	0	1	2721	0	160	0	0	0	0	0	160
TP1_synth_forward		23	A	2714	0	5	0	0	1	1	2721	159	0	1	0	0	0	0	160
TP1_synth_forward		24	G	2	13	5	2685	1	0	15	2721	0	0	1	159	0	0	0	160
TP1_synth_forward		25	A	2715	0	6	0	0	0	0	2721	160	0	0	0	0	0	0	160
TP1_synth_forward		26	A	2716	1	2	0	0	0	2	2721	160	0	0	0	0	0	0	160
TP1_synth_forward		27	T	69	0	8	2	0	1	2641	2721	0	0	1	0	0	0	159	160
TP1_synth_forward		28	A	2713	2	5	1	0	0	0	2721	158	0	2	0	0	0	0	160
TP1_synth_forward		29	T	22	1	6	5	0	0	2687	2721	0	0	1	0	0	0	159	160
TP1_synth_forward		30	C	8	2704	4	2	3	0	0	2721	0	159	1	0	0	0	0	160
TP1_synth_forward		31	T	59	0	5	0	1	0	2661	2726	0	0	0	0	0	0	160	160
TP1_synth_forward		32	G	9	29	7	2676	0	0	5	2726	0	0	1	159	0	0	0	160
TP1_synth_forward		33	T	88	2	5	0	0	0	2631	2726	0	0	0	0	0	0	160	160
TP1_synth_forward		34	T	80	0	1	0	1	0	2723	2805	0	0	0	0	0	0	170	170
TP1_synth_forward		35	C	16	2780	3	0	1	0	3	2803	0	170	0	0	0	0	0	170
TP1_synth_forward		36	G	2	6	2	2632	1	0	160	2803	0	0	0	170	0	0	0	170
TP1_synth_forward		37	C	28	2765	7	0	2	0	0	2802	0	170	0	0	0	0	0	170
TP1_synth_forward		38	A	2789	3	4	0	0	1	5	2802	170	0	0	0	0	0	0	170
TP1_synth_forward		39	C	14	2781	5	2	0	0	0	2802	0	170	0	0	0	0	0	170
TP1_synth_forward		40	T	87	0	8	0	4	0	2703	2802	0	0	0	0	1	0	169	170
TP1_synth_forward		41	C	19	2777	4	0	0	0	2	2802	0	170	0	0	0	0	0	170
TP1_synth_forward		42	C	29	2830	4	0	0	0	1	2864	0	171	0	0	0	0	0	171
TP1_synth_forward		43	G	2	19	6	2741	1	0	95	2864	0	0	0	170	0	0	1	171
TP1_synth_forward		44	A	2847	1	7	0	0	0	9	2864	170	0	0	0	0	0	1	171
TP1_synth_forward		45	G	6	24	7	2785	0	3	39	2864	0	0	0	170	0	1	0	171
TP1_synth_forward		46	T	78	0	3	0	0	0	2791	2872	0	0	0	0	0	0	172	172
TP1_synth_forward		47	G	39	20	6	2789	0	0	18	2872	1	0	0	171	0	0	0	172
TP1_synth_forward		48	C	28	2723	114	0	6	1	1	2873	0	170	1	0	1	0	0	172
TP1_synth_forward		49	G	6	8	10	2779	0	1	69	2873	0	0	0	172	0	0	0	172
TP1_synth_forward		50	G	32	22	4	2780	0	0	42	2880	0	0	0	173	0	0	0	173
TP1_synth_forward		51	C	10	2916	5	4	1	0	1	2937	1	173	0	0	0	0	0	174
TP1_synth_forward		52	T	88	0	6	0	0	0	2842	2936	0	0	0	0	0	0	174	174
TP1_synth_forward		53	T	102	0	1	2	0	1	2831	2937	0	0	0	0	0	0	174	174
TP1_synth_forward		54	G	29	17	4	2859	0	0	27	2936	0	0	0	174	0	0	0	174
TP1_synth_forward		55	C	23	2903	6	0	8	1	8	2949	0	174	0	0	1	0	0	175
TP1_synth_forward		56	G	17	5	3	2891	0	1	43	2960	0	0	0	176	0	0	0	176
TP1_synth_forward		57	G	15	8	1	2923	0	1	46	2994	0	0	0	177	0	0	0	177
TP1_synth_forward		58	A	3054	1	2	1	0	0	1	3059	178	0	0	0	0	0	0	178
TP1_synth_forward		59	G	6	8	1	3014	1	0	28	3058	0	0	0	178	0	0	0	178
TP1_synth_forward		60	A	3182	1	4	0	0	0	2	3189	180	0	0	0	0	0	0	180
TP1_synth_forward		61	T	27	0	7	19	0	1	3134	3188	0	0	0	0	0	0	180	180
TP1_synth_forward		62	T	43	0	3	6	1	0	3150	3203	0	0	0	0	0	0	181	181
TP1_synth_forward		63	C	15	3180	3	0	0	1	3	3202	0	181	0	0	0	0	0	181
TP1_synth_forward		64	T	44	0	0	2	0	0	3155	3201	0	0	0	0	0	0	181	181
TP1_synth_forward		65	C	7	3188	2	0	1	0	3	3201	0	181	0	0	0	0	0	181
TP1_synth_forward		66	T	58	0	9	0	0	0	3149	3216	0	0	0	0	0	0	182	182
TP1_synth_forward		67	T	63	3	6	1	0	1	3146	3220	0	0	0	0	0	0	183	183
TP1_synth_forward		68	C	4	3206	7	2	0	1	0	3220	0	183	0	0	0	0	0	183
TP1_synth_forward		69	C	16	3194	2	0	0	2	5	3219	0	183	0	0	0	0	0	183
TP1_synth_forward		70	T	30	0	2	0	1	3	3186	3222	0	0	0	0	0	0	184	184
TP1_synth_forward		71	C	6	3212	1	0	0	1	2	3222	0	184	0	0	0	0	0	184
TP1_synth_forward		72	T	47	1	2	0	2	0	3170	3222	0	0	0	0	0	0	184	184
TP1_synth_forward		73	G	5	28	2	3171	0	0	14	3220	0	0	0	184	0	0	0	184
TP1_synth_forward		74	T	40	0	0	2	3	1	3174	3220	0	0	0	0	0	0	184	184
TP1_synth_forward		75	G	6	5	1	3194	0	1	13	3220	0	0	0	184	0	0	0	184
TP1_synth_forward		76	C	11	3204	0	1	1	1	2	3220	0	184	0	0	0	0	0	184
TP1_synth_forward		77	G	0	10	0	3176	0	1	33	3220	0	0	0	184	0	0	0	184
TP1_synth_forward		78	C	9	3207	1	0	0	0	3	3220	0	184	0	0	0	0	0	184
TP1_synth_forward		79	C	12	3197	4	0	1	3	2	3219	0	183	1	0	0	0	0	184
TP1_synth_forward		80	G	41	9	6	3136	0	1	25	3218	1	0	1	182	0	0	0	184
TP1_synth_forward		81	C	4	3157	9	2	0	0	0	3172	0	183	1	0	0	0	0	184
TP1_synth_forward		82	A	3159	0	7	2	0	0	4	3172	183	0	1	0	0	0	0	184
TP1_synth_forward		83	A	3161	2	3	4	0	0	2	3172	183	0	1	0	0	0	0	184
TP1_synth_forward		84	A	3161	2	3	3	0	0	0	3169	183	0	1	0	0	0	0	184
TP1_synth_forward		85	G	3	3	1	3149	0	1	9	3166	0	0	0	184	0	0	0	184
TP1_synth_forward		86	C	12	3151	0	1	0	0	0	3164	0	184	0	0	0	0	0	184
TP1_synth_forward		87	T	55	0	0	3	0	1	3096	3155	0	0	0	0	0	0	184	184
TP1_synth_forward		88	G	10	11	0	3113	0	0	14	3148	0	0	0	184	0	0	0	184
TP1_synth_forward		89	T	54	0	0	3	0	1	3087	3145	0	0	0	0	0	0	184	184
TP1_synth_forward		90	T	49	0	0	1	2	0	3090	3142	0	0	0	0	0	0	184	184
TP1_synth_forward		91	C	5	3132	0	1	0	0	1	3139	0	184	0	0	0	0	0	184
TP1_synth_forward		92	C	5	3038	0	0	0	0	1	3044	0	184	0	0	0	0	0	184
TP1_synth_forward		93	G	14	10	0	3010	0	1	5	3040	0	0	0	184	0	0	0	184
TP1_synth_forward		94	T	28	1	0	1	0	0	3002	3032	0	0	0	0	0	0	184	184
TP1_synth_forward		95	C	5	3025	0	1	0	0	1	3032	0	184	0	0	0	0	0	184
TP1_synth_forward		96	C	0	3016	0	0	0	0	0	3016	0	184	0	0	0	0	0	184
TP1_synth_forward		97	C	0	2997	0	0	0	0	0	2997	0	184	0	0	0	0	0	184
TP1_synth_forward		98	A	2978	0	0	0	0	2	0	2980	184	0	0	0	0	0	0	184
TP1_synth_forward		99	G	0	0	0	2960	0	0	0	2960	0	0	0	184	0	0	0	184
TP1_synth_forward		100	T	0	0	0	0	0	0	2908	2908	0	0	0	0	0	0	184	184
TP1_synth_forward	TP1_synth_forward	1	G	0	0	0	868341	0	0	0	868341	0	0	0	20079	0	0	0	20079
TP1_synth_forward	TP1_synth_forward	2	T	0	0	0	0	0	0	869929	869929	0	0	0	0	0	0	20119	20119
TP1_synth_forward	TP1_synth_forward	3	G	0	0	0	873218	0	9	0	873227	0	0	0	20293	0	0	0	20293
TP1_synth_forward	TP1_synth_forward	4	G	0	0	0	874816	0	4	0	874820	0	0	0	20362	0	0	0	20362
TP1_synth_forward	TP1_synth_forward	5	T	0	0	0	0	0	24	874796	874820	0	0	0	0	0	0	20362	20362
TP1_synth_forward	TP1_synth_forward	6	G	184	96	0	874152	0	213	175	874820	0	0	0	20358	0	2	2	20362
TP1_synth_forward	TP1_synth_forward	7	A	874340	33	0	125	0	165	157	874820	20361	0	0	0	0	1	0	20362
TP1_synth_forward	TP1_synth_forward	8	G	331	46	0	874246	0	36	161	874820	1	0	0	20356	0	0	5	20362
TP1_synth_forward	TP1_synth_forward	9	G	377	128	0	873332	2	350	631	874820	1	0	0	20355	1	1	4	20362
TP1_synth_forward	TP1_synth_forward	10	C	175	874292	4	24	0	194	131	874820	0	20362	0	0	0	0	0	20362
TP1_synth_forward	TP1_synth_forward	11	T	499	149	310	18	217	138	873489	874820	0	0	3	0	10	6	20343	20362
TP1_synth_forward	TP1_synth_forward	12	C	156	870282	4093	19	0	58	212	874820	0	20303	58	0	0	1	0	20362
TP1_synth_forward	TP1_synth_forward	13	C	340	874173	9	19	1	93	185	874820	0	20361	0	0	0	0	1	20362
TP1_synth_forward	TP1_synth_forward	14	C	255	874347	1	27	0	28	162	874820	0	20361	0	0	0	0	1	20362
TP1_synth_forward	TP1_synth_forward	15	C	168	873376	989	12	20	93	162	874820	0	20350	8	0	2	1	1	20362
TP1_synth_forward	TP1_synth_forward	16	T	587	77	5151	18	0	53	868934	874820	0	1	90	0	0	0	20271	20362
TP1_synth_forward	TP1_synth_forward	17	T	404	94	1205	24	0	51	873042	874820	1	0	13	0	0	1	20347	20362
TP1_synth_forward	TP1_synth_forward	18	T	301	183	1210	15	107	171	872833	874820	2	1	18	0	5	6	20330	20362
TP1_synth_forward	TP1_synth_forward	19	A	872633	2	1379	97	61	81	567	874820	20319	0	24	0	3	0	16	20362
TP1_synth_forward	TP1_synth_forward	20	T	419	111	1359	33	314	109	872475	874820	1	0	7	0	4	3	20347	20362
TP1_synth_forward	TP1_synth_forward	21	A	872574	22	1813	107	0	95	209	874820	20327	0	31	0	0	1	3	20362
TP1_synth_forward	TP1_synth_forward	22	C	279	872812	1022	255	122	60	270	874820	0	20336	8	3	9	0	6	20362
TP1_synth_forward	TP1_synth_forward	23	A	872525	23	1519	146	66	220	321	874820	20335	0	19	0	3	2	3	20362
TP1_synth_forward	TP1_synth_forward	24	G	582	175	936	871406	782	191	748	874820	3	2	22	20315	8	1	11	20362
TP1_synth_forward	TP1_synth_forward	25	A	872062	44	2073	145	0	121	375	874820	20303	2	51	1	0	3	2	20362
TP1_synth_forward	TP1_synth_forward	26	A	872198	11	908	112	2	62	1527	874820	20325	0	18	0	0	1	18	20362
TP1_synth_forward	TP1_synth_forward	27	T	1059	77	1515	57	1187	67	870858	874820	1	0	31	0	8	0	20322	20362
TP1_synth_forward	TP1_synth_forward	28	A	873099	123	967	85	0	100	446	874820	20335	3	23	0	0	0	1	20362
TP1_synth_forward	TP1_synth_forward	29	T	588	116	1336	339	18	132	872291	874820	1	2	25	0	2	4	20328	20362
TP1_synth_forward	TP1_synth_forward	30	C	435	871857	1792	80	475	33	148	874820	1	20311	45	0	3	1	1	20362
TP1_synth_forward	TP1_synth_forward	31	T	2431	134	1925	27	232	17	870021	874787	3	3	30	0	5	0	20321	20362
TP1_synth_forward	TP1_synth_forward	32	G	249	317	1900	871088	382	55	767	874758	0	2	27	20325	3	0	5	20362
TP1_synth_forward	TP1_synth_forward	33	T	2027	91	2192	11	1	152	870266	874740	0	0	35	0	0	3	20324	20362
TP1_synth_forward	TP1_synth_forward	34	T	3310	94	400	8	136	154	870610	874712	3	0	4	0	3	1	20351	20362
TP1_synth_forward	TP1_synth_forward	35	C	770	871354	1833	21	13	36	606	874633	1	20339	15	0	1	0	6	20362
TP1_synth_forward	TP1_synth_forward	36	G	327	264	1389	869266	322	213	2826	874607	5	0	17	20316	2	3	18	20361
TP1_synth_forward	TP1_synth_forward	37	C	526	869565	3425	37	626	231	184	874594	1	20318	34	0	3	2	3	20361
TP1_synth_forward	TP1_synth_forward	38	A	871273	88	1693	158	1	71	1297	874581	20327	0	18	1	0	2	13	20361
TP1_synth_forward	TP1_synth_forward	39	C	235	871142	2686	102	46	73	279	874563	0	20335	19	0	2	0	5	20361
TP1_synth_forward	TP1_synth_forward	40	T	2677	107	4091	26	328	75	867207	874511	2	0	44	0	9	1	20305	20361
TP1_synth_forward	TP1_synth_forward	41	C	391	868563	4059	28	0	135	1325	874501	2	20284	45	0	0	7	23	20361
TP1_synth_forward	TP1_synth_forward	42	C	423	870804	2832	51	4	57	322	874493	2	20339	17	0	0	0	3	20361
TP1_synth_forward	TP1_synth_forward	43	G	558	644	3509	866874	416	39	2400	874440	9	2	31	20304	5	0	10	20361
TP1_synth_forward	TP1_synth_forward	44	A	870271	22	2954	76	18	131	967	874439	20320	0	26	0	2	1	12	20361
TP1_synth_forward	TP1_synth_forward	45	G	443	512	2107	868447	8	302	2581	874400	2	0	19	20315	1	2	22	20361
TP1_synth_forward	TP1_synth_forward	46	T	1970	100	1672	42	562	98	869922	874366	4	1	13	0	7	0	20336	20361
TP1_synth_forward	TP1_synth_forward	47	G	422	335	2202	870641	14	152	572	874338	1	2	25	20327	1	0	5	20361
TP1_synth_forward	TP1_synth_forward	48	C	434	869410	1869	460	1607	350	204	874334	0	20320	20	4	14	1	2	20361
TP1_synth_forward	TP1_synth_forward	49	G	764	195	2387	869821	4	231	909	874311	6	2	32	20314	0	4	3	20361
TP1_synth_forward	TP1_synth_forward	50	G	693	304	1309	871394	19	129	435	874283	11	0	10	20336	0	2	2	20361
TP1_synth_forward	TP1_synth_forward	51	C	740	869466	1817	1333	163	266	483	874268	0	20330	13	5	4	1	8	20361
TP1_synth_forward	TP1_synth_forward	52	T	2300	127	3661	182	3	185	867792	874250	5	5	29	0	0	0	20322	20361
TP1_synth_forward	TP1_synth_forward	53	T	1692	144	1579	93	143	65	870524	874240	1	0	10	0	4	0	20346	20361
TP1_synth_forward	TP1_synth_forward	54	G	287	233	2725	869909	13	171	864	874202	2	0	19	20317	2	5	16	20361
TP1_synth_forward	TP1_synth_forward	55	C	334	866985	2857	45	1126	369	2474	874190	1	20294	23	0	13	4	26	20361
TP1_synth_forward	TP1_synth_forward	56	G	724	207	2497	869088	0	258	1401	874175	9	2	21	20320	0	1	8	20361
TP1_synth_forward	TP1_synth_forward	57	G	203	102	1502	870464	162	91	1607	874131	2	0	9	20342	0	0	8	20361
TP1_synth_forward	TP1_synth_forward	58	A	871660	30	1565	256	60	73	470	874114	20337	0	17	0	2	0	5	20361
TP1_synth_forward	TP1_synth_forward	59	G	128	169	1485	870616	340	51	1258	874047	0	1	17	20331	3	0	9	20361
TP1_synth_forward	TP1_synth_forward	60	A	871439	70	1555	123	0	57	793	874037	20334	0	24	0	0	1	2	20361
TP1_synth_forward	TP1_synth_forward	61	T	483	111	3832	516	0	97	868970	874009	1	0	45	0	0	1	20314	20361
TP1_synth_forward	TP1_synth_forward	62	T	1508	167	1752	570	453	89	869324	873863	2	1	18	1	2	2	20334	20360
TP1_synth_forward	TP1_synth_forward	63	C	547	870416	2387	55	0	145	277	873827	1	20331	21	0	0	1	6	20360
TP1_synth_forward	TP1_synth_forward	64	T	2383	124	1163	87	0	120	869900	873777	2	0	11	0	0	1	20346	20360
TP1_synth_forward	TP1_synth_forward	65	C	594	871314	894	45	667	132	118	873764	3	20328	20	0	7	2	0	20360
TP1_synth_forward	TP1_synth_forward	66	T	1965	240	1301	57	1	79	870106	873749	4	6	15	1	0	0	20334	20360
TP1_synth_forward	TP1_synth_forward	67	T	2725	683	840	41	49	84	869304	873726	5	1	4	0	4	0	20346	20360
TP1_synth_forward	TP1_synth_forward	68	C	358	869758	3305	39	0	105	155	873720	1	20334	23	1	0	0	1	20360
TP1_synth_forward	TP1_synth_forward	69	C	516	871362	434	73	1	132	1164	873682	1	20339	4	0	0	3	13	20360
TP1_synth_forward	TP1_synth_forward	70	T	2076	88	989	28	153	241	870086	873661	5	0	7	0	4	3	20341	20360
TP1_synth_forward	TP1_synth_forward	71	C	588	871659	340	22	5	105	925	873644	3	20347	4	0	0	0	6	20360
TP1_synth_forward	TP1_synth_forward	72	T	3100	122	730	16	321	110	869220	873619	10	3	8	0	3	4	20332	20360
TP1_synth_forward	TP1_synth_forward	73	G	609	410	638	870975	2	143	824	873601	8	0	7	20335	0	1	9	20360
TP1_synth_forward	TP1_synth_forward	74	T	1680	92	248	24	254	132	871164	873594	0	0	6	0	2	0	20352	20360
TP1_synth_forward	TP1_synth_forward	75	G	429	192	1735	868330	3	106	2769	873564	1	0	13	20325	0	0	20	20359
TP1_synth_forward	TP1_synth_forward	76	C	490	869756	1208	82	311	187	1515	873549	1	20326	13	0	3	1	15	20359
TP1_synth_forward	TP1_synth_forward	77	G	317	375	1170	869918	62	119	1543	873504	1	1	12	20334	4	0	7	20359
TP1_synth_forward	TP1_synth_forward	78	C	613	870218	1197	41	0	144	1285	873498	15	20319	21	0	0	0	4	20359
TP1_synth_forward	TP1_synth_forward	79	C	695	869746	1738	50	234	196	816	873475	4	20331	14	0	4	1	5	20359
TP1_synth_forward	TP1_synth_forward	80	G	1510	1158	2305	867177	154	47	1082	873433	4	9	14	20323	1	0	8	20359
TP1_synth_forward	TP1_synth_forward	81	C	196	870253	2133	68	509	40	218	873417	1	20336	19	0	2	0	1	20359
TP1_synth_forward	TP1_synth_forward	82	A	869543	57	3431	206	0	55	122	873414	20321	0	38	0	0	0	0	20359
TP1_synth_forward	TP1_synth_forward	83	A	871029	392	1628	131	0	100	114	873394	20349	2	8	0	0	0	0	20359
TP1_synth_forward	TP1_synth_forward	84	A	871284	97	1253	249	5	259	206	873353	20351	0	4	0	1	1	2	20359
TP1_synth_forward	TP1_synth_forward	85	G	194	240	851	871366	249	173	189	873262	0	1	3	20349	6	0	0	20359
TP1_synth_forward	TP1_synth_forward	86	C	438	872333	1	89	8	145	155	873169	4	20353	0	0	1	0	1	20359
TP1_synth_forward	TP1_synth_forward	87	T	3346	76	4	370	12	140	869073	873021	12	0	0	0	0	2	20345	20359
TP1_synth_forward	TP1_synth_forward	88	G	545	283	9	871372	396	73	281	872959	1	0	1	20353	3	1	0	20359
TP1_synth_forward	TP1_synth_forward	89	T	1233	124	365	38	1	58	871048	872867	1	0	5	0	0	0	20353	20359
TP1_synth_forward	TP1_synth_forward	90	T	2223	161	37	31	662	51	869565	872730	2	0	0	1	8	0	20347	20358
TP1_synth_forward	TP1_synth_forward	91	C	544	871117	349	59	1	19	315	872404	1	20345	6	1	0	1	3	20357
TP1_synth_forward	TP1_synth_forward	92	C	379	871641	0	24	0	52	230	872326	1	20355	0	0	0	0	0	20356
TP1_synth_forward	TP1_synth_forward	93	G	563	481	0	870820	0	70	138	872072	2	4	0	20348	0	1	1	20356
TP1_synth_forward	TP1_synth_forward	94	T	1812	100	0	102	0	93	868925	871032	1	0	0	0	0	1	20350	20352
TP1_synth_forward	TP1_synth_forward	95	C	142	870513	0	58	0	136	155	871004	2	20349	0	0	0	0	0	20351
TP1_synth_forward	TP1_synth_forward	96	C	0	869977	0	0	0	79	0	870056	0	20350	0	0	0	0	0	20350
TP1_synth_forward	TP1_synth_forward	97	C	0	867717	0	0	0	76	0	867793	0	20338	0	0	0	1	0	20339
TP1_synth_forward	TP1_synth_forward	98	A	862552	0	0	0	0	27	0	862579	20311	0	0	0	0	0	0	20311
TP1_synth_forward	TP1_synth_forward	99	G	0	0	0	861331	0	0	0	861331	0	0	0	20311	0	0	0	20311
TP1_synth_forward	TP1_synth_forward	100	T	0	0	0	0	0	0	859069	859069	0	0	0	0	0	0	20305	20305
