



























































































































































































































#AmpliconChromStart	Alias	Position	ProbableRef	rawA	rawC	rawD	rawG	rawI	rawN	rawT	rawDepth	consA	consC	consD	consG	consI	consN	consT	consDepth	
TP1_synth_forward		5	T	0	0	0	0	0	0	1100	1100	0	0	0	0	0	0	727	727
TP1_synth_forward		6	G	0	0	0	2324	0	0	0	2324	0	0	0	1259	0	0	0	1259
TP1_synth_forward		7	A	2413	0	0	0	0	1	0	2414	1301	0	0	0	0	1	0	1302
TP1_synth_forward		8	G	0	0	0	2502	0	0	0	2502	0	0	0	1336	0	0	0	1336
TP1_synth_forward		9	G	0	0	0	2643	0	0	0	2643	0	0	0	1378	0	0	0	1378
TP1_synth_forward		10	C	3	2640	0	0	0	0	0	2643	2	1376	0	0	0	0	0	1378
TP1_synth_forward		11	T	34	1	0	0	0	0	2608	2643	23	0	0	0	0	0	1355	1378
TP1_synth_forward		12	C	4	2638	0	0	0	0	1	2643	0	1378	0	0	0	0	0	1378
TP1_synth_forward		13	C	12	2643	0	0	0	0	1	2656	9	1381	0	0	0	0	0	1390
TP1_synth_forward		14	C	18	2647	0	0	0	1	0	2666	11	1387	0	0	0	0	0	1398
TP1_synth_forward		15	C	7	2658	0	0	0	1	0	2666	5	1392	0	0	0	1	0	1398
TP1_synth_forward		16	T	35	0	5	0	1	0	2625	2666	28	0	5	0	0	0	1365	1398
TP1_synth_forward		17	T	86	0	0	0	0	1	2579	2666	41	0	0	0	0	0	1357	1398
TP1_synth_forward		18	T	30	0	0	0	0	0	2658	2688	12	0	0	0	0	0	1394	1406
TP1_synth_forward		19	A	2719	0	0	0	0	0	1	2720	1415	0	0	0	0	0	1	1416
TP1_synth_forward		20	T	22	0	0	1	6	1	2690	2720	15	0	0	1	5	1	1394	1416
TP1_synth_forward		21	A	2746	0	0	1	0	0	1	2748	1421	0	0	1	0	0	1	1423
TP1_synth_forward		22	C	14	2729	2	2	1	1	0	2749	6	1412	2	2	1	1	0	1424
TP1_synth_forward		23	A	2743	0	0	2	2	0	2	2749	1419	0	0	1	2	0	2	1424
TP1_synth_forward		24	G	1	6	2	2726	3	0	11	2749	0	1	0	1414	2	0	7	1424
TP1_synth_forward		25	A	2743	0	5	1	0	0	0	2749	1420	0	4	0	0	0	0	1424
TP1_synth_forward		26	A	2746	0	1	2	0	0	0	2749	1422	0	1	1	0	0	0	1424
TP1_synth_forward		27	T	63	1	2	2	0	0	2681	2749	36	1	2	1	0	0	1384	1424
TP1_synth_forward		28	A	2752	0	1	0	0	0	0	2753	1425	0	1	0	0	0	0	1426
TP1_synth_forward		29	T	12	1	2	0	0	0	2738	2753	6	1	2	0	0	0	1417	1426
TP1_synth_forward		30	C	12	2739	1	0	0	0	1	2753	4	1420	1	0	0	0	1	1426
TP1_synth_forward		31	T	67	0	0	2	0	0	2684	2753	37	0	0	1	0	0	1388	1426
TP1_synth_forward		32	G	12	24	1	2706	1	0	12	2756	6	6	0	1408	1	0	8	1429
TP1_synth_forward		33	T	81	1	13	0	0	0	2661	2756	43	0	4	0	0	0	1382	1429
TP1_synth_forward		34	T	53	0	6	0	0	0	2742	2801	30	0	1	0	0	0	1403	1434
TP1_synth_forward		35	C	19	2789	0	0	0	0	0	2808	9	1428	0	0	0	0	0	1437
TP1_synth_forward		36	G	6	4	0	2644	0	0	154	2808	1	3	0	1328	0	0	105	1437
TP1_synth_forward		37	C	26	2777	1	0	1	0	3	2808	15	1418	1	0	0	0	3	1437
TP1_synth_forward		38	A	2806	0	0	0	0	1	1	2808	1436	0	0	0	0	1	0	1437
TP1_synth_forward		39	C	14	2632	161	0	0	1	0	2808	10	1419	8	0	0	0	0	1437
TP1_synth_forward		40	T	89	0	164	1	0	0	2554	2808	49	0	11	1	0	0	1376	1437
TP1_synth_forward		41	C	17	2784	3	2	1	0	1	2808	7	1428	1	1	0	0	0	1437
TP1_synth_forward		42	C	34	2794	2	0	4	0	1	2835	8	1430	0	0	3	0	0	1441
TP1_synth_forward		43	G	6	13	2	2723	0	2	88	2834	2	4	0	1380	0	0	55	1441
TP1_synth_forward		44	A	2830	1	2	0	1	0	0	2834	1439	0	1	0	1	0	0	1441
TP1_synth_forward		45	G	2	33	3	2759	0	0	36	2833	1	20	0	1400	0	0	20	1441
TP1_synth_forward		46	T	82	0	1	0	0	0	2749	2832	24	0	0	0	0	0	1416	1440
TP1_synth_forward		47	G	36	21	4	2755	0	0	16	2832	22	8	1	1404	0	0	5	1440
TP1_synth_forward		48	C	36	2883	4	0	1	1	0	2925	12	1441	1	0	1	1	0	1456
TP1_synth_forward		49	G	15	7	5	2832	0	0	66	2925	2	2	2	1408	0	0	42	1456
TP1_synth_forward		50	G	22	12	2	2856	0	0	40	2932	9	5	0	1422	0	0	21	1457
TP1_synth_forward		51	C	13	2973	1	8	0	2	0	2997	4	1497	1	5	0	0	0	1507
TP1_synth_forward		52	T	70	0	2	2	0	2	2925	3001	33	0	2	1	0	1	1472	1509
TP1_synth_forward		53	T	103	1	0	2	2	1	2892	3001	39	1	0	1	1	1	1466	1509
TP1_synth_forward		54	G	33	8	0	2938	0	1	21	3001	7	3	0	1490	0	0	9	1509
TP1_synth_forward		55	C	36	2982	3	0	2	2	2	3027	17	1499	1	0	2	1	2	1522
TP1_synth_forward		56	G	19	7	2	2977	0	0	36	3041	3	3	1	1496	0	0	22	1525
TP1_synth_forward		57	G	18	8	0	3057	0	0	22	3105	1	3	0	1518	0	0	13	1535
TP1_synth_forward		58	A	3243	0	2	2	1	1	1	3250	1539	0	2	1	0	1	0	1543
TP1_synth_forward		59	G	8	8	0	3220	0	0	16	3252	0	3	0	1535	0	0	7	1545
TP1_synth_forward		60	A	3442	0	0	1	0	0	1	3444	1548	0	0	1	0	0	0	1549
TP1_synth_forward		61	T	28	0	0	16	0	0	3399	3443	10	0	0	11	0	0	1527	1548
TP1_synth_forward		62	T	43	3	0	6	0	0	3413	3465	21	1	0	2	0	0	1526	1550
TP1_synth_forward		63	C	15	3459	0	0	0	0	0	3474	4	1545	0	0	0	0	0	1549
TP1_synth_forward		64	T	42	2	0	2	0	0	3427	3473	23	1	0	1	0	0	1523	1548
TP1_synth_forward		65	C	12	3476	0	1	1	0	1	3491	3	1544	0	0	1	0	1	1549
TP1_synth_forward		66	T	48	1	3	0	0	2	3451	3505	33	1	2	0	0	1	1515	1552
TP1_synth_forward		67	T	54	3	0	1	3	0	3462	3523	24	0	0	0	2	0	1531	1557
TP1_synth_forward		68	C	10	3508	1	2	0	1	1	3523	2	1553	1	0	0	0	1	1557
TP1_synth_forward		69	C	14	3507	0	0	0	0	2	3523	6	1549	0	0	0	0	2	1557
TP1_synth_forward		70	T	31	0	3	0	0	1	3486	3521	18	0	2	0	0	0	1535	1555
TP1_synth_forward		71	C	10	3508	2	0	0	0	0	3520	7	1546	1	0	0	0	0	1554
TP1_synth_forward		72	T	39	0	1	0	0	1	3479	3520	23	0	0	0	0	0	1531	1554
TP1_synth_forward		73	G	7	20	1	3485	0	1	5	3519	4	11	0	1536	0	0	3	1554
TP1_synth_forward		74	T	41	0	1	0	0	0	3476	3518	29	0	0	0	0	0	1525	1554
TP1_synth_forward		75	G	4	2	2	3499	0	0	11	3518	1	1	2	1543	0	0	7	1554
TP1_synth_forward		76	C	13	3497	3	0	3	0	0	3516	7	1541	3	0	2	0	0	1553
TP1_synth_forward		77	G	3	4	2	3477	1	1	27	3515	3	4	2	1525	1	1	16	1552
TP1_synth_forward		78	C	11	3494	6	0	0	2	1	3514	7	1538	3	0	0	2	1	1551
TP1_synth_forward		79	C	6	3503	0	1	3	0	1	3514	4	1547	0	0	0	0	0	1551
TP1_synth_forward		80	G	9	14	1	3466	1	0	23	3514	3	5	1	1524	1	0	17	1551
TP1_synth_forward		81	C	5	3456	2	3	0	0	0	3466	5	1499	0	1	0	0	0	1505
TP1_synth_forward		82	A	3453	0	6	1	0	0	6	3466	1502	0	2	0	0	0	1	1505
TP1_synth_forward		83	A	3454	1	2	6	0	0	3	3466	1503	0	1	0	0	0	1	1505
TP1_synth_forward		84	A	3460	1	0	1	0	3	1	3466	1503	0	0	0	0	2	0	1505
TP1_synth_forward		85	G	6	7	0	3444	0	0	6	3463	4	3	0	1496	0	0	2	1505
TP1_synth_forward		86	C	5	3446	0	3	0	1	3	3458	0	1499	0	1	0	1	0	1501
TP1_synth_forward		87	T	49	0	0	3	0	0	3403	3455	25	0	0	3	0	0	1470	1498
TP1_synth_forward		88	G	10	8	0	3420	0	2	10	3450	5	6	0	1477	0	2	5	1495
TP1_synth_forward		89	T	37	0	0	2	0	0	3406	3445	20	0	0	1	0	0	1471	1492
TP1_synth_forward		90	T	30	1	0	2	0	0	3408	3441	19	0	0	0	0	0	1469	1488
TP1_synth_forward		91	C	9	3427	2	0	0	0	0	3438	5	1482	0	0	0	0	0	1487
TP1_synth_forward		92	C	8	3423	0	3	0	0	0	3434	3	1481	0	0	0	0	0	1484
TP1_synth_forward		93	G	13	4	0	3410	0	0	3	3430	7	3	0	1470	0	0	1	1481
TP1_synth_forward		94	T	26	2	0	8	0	0	3387	3423	10	1	0	2	0	0	1465	1478
TP1_synth_forward		95	C	3	3414	0	3	0	0	2	3422	2	1474	0	1	0	0	1	1478
TP1_synth_forward		96	C	0	3400	0	0	0	1	0	3401	0	1471	0	0	0	1	0	1472
TP1_synth_forward		97	C	0	3380	0	0	0	0	0	3380	0	1465	0	0	0	0	0	1465
TP1_synth_forward		98	A	3359	0	0	0	0	0	0	3359	1461	0	0	0	0	0	0	1461
TP1_synth_forward		99	G	0	0	0	3339	0	0	0	3339	0	0	0	1453	0	0	0	1453
TP1_synth_forward		100	T	0	0	0	0	0	0	3294	3294	0	0	0	0	0	0	1437	1437
TP1_synth_forward	TP1_synth_forward	1	G	0	0	0	712809	0	0	0	712809	0	0	0	62298	0	0	0	62298
TP1_synth_forward	TP1_synth_forward	2	T	0	0	0	0	0	0	714085	714085	0	0	0	0	0	0	62785	62785
TP1_synth_forward	TP1_synth_forward	3	G	0	0	0	717380	0	11	0	717391	0	0	0	63843	0	11	0	63854
TP1_synth_forward	TP1_synth_forward	4	G	0	0	0	718303	0	7	0	718310	0	0	0	64571	0	1	0	64572
TP1_synth_forward	TP1_synth_forward	5	T	0	0	0	0	0	17	718293	718310	0	0	0	0	0	5	64567	64572
TP1_synth_forward	TP1_synth_forward	6	G	151	91	0	717520	0	181	367	718310	13	9	0	64477	0	38	35	64572
TP1_synth_forward	TP1_synth_forward	7	A	717885	40	0	101	0	148	136	718310	64539	1	0	7	0	23	2	64572
TP1_synth_forward	TP1_synth_forward	8	G	122	35	0	717983	0	34	136	718310	10	8	0	64532	0	3	19	64572
TP1_synth_forward	TP1_synth_forward	9	G	356	114	0	717332	2	276	230	718310	14	34	0	64485	1	19	19	64572
TP1_synth_forward	TP1_synth_forward	10	C	140	717808	70	21	0	160	111	718310	30	64494	7	0	0	36	5	64572
TP1_synth_forward	TP1_synth_forward	11	T	462	125	22	21	216	128	717336	718310	128	3	7	1	36	33	64364	64572
TP1_synth_forward	TP1_synth_forward	12	C	131	717283	658	16	0	47	175	718310	31	64443	62	0	0	27	9	64572
TP1_synth_forward	TP1_synth_forward	13	C	295	717785	3	12	0	95	120	718310	63	64485	0	1	0	15	8	64572
TP1_synth_forward	TP1_synth_forward	14	C	221	717910	1	19	1	30	128	718310	32	64522	1	0	0	9	8	64572
TP1_synth_forward	TP1_synth_forward	15	C	145	717561	234	7	4	84	275	718310	31	64505	14	0	3	8	11	64572
TP1_synth_forward	TP1_synth_forward	16	T	491	66	1925	9	0	35	715784	718310	137	7	151	0	0	4	64273	64572
TP1_synth_forward	TP1_synth_forward	17	T	382	173	19	18	0	45	717673	718310	100	7	10	1	0	16	64438	64572
TP1_synth_forward	TP1_synth_forward	18	T	283	47	53	33	1	133	717760	718310	88	8	17	3	1	34	64421	64572
TP1_synth_forward	TP1_synth_forward	19	A	717395	11	360	89	2	63	390	718310	64482	2	56	4	2	10	16	64572
TP1_synth_forward	TP1_synth_forward	20	T	361	78	181	43	436	93	717118	718310	113	4	23	4	38	18	64372	64572
TP1_synth_forward	TP1_synth_forward	21	A	717909	18	79	94	1	82	127	718310	64527	4	21	2	1	12	5	64572
TP1_synth_forward	TP1_synth_forward	22	C	222	716965	823	69	28	48	155	718310	36	64446	55	7	6	11	11	64572
TP1_synth_forward	TP1_synth_forward	23	A	717570	17	92	135	118	198	180	718310	64438	3	23	10	35	46	17	64572
TP1_synth_forward	TP1_synth_forward	24	G	210	48	568	716722	300	159	303	718310	18	17	47	64360	15	58	57	64572
TP1_synth_forward	TP1_synth_forward	25	A	716710	15	1146	142	1	92	204	718310	64425	3	71	9	0	48	16	64572
TP1_synth_forward	TP1_synth_forward	26	A	717823	11	140	84	2	51	199	718310	64518	2	13	4	2	19	14	64572
TP1_synth_forward	TP1_synth_forward	27	T	856	72	538	65	5	65	716709	718310	234	5	39	4	4	5	64281	64572
TP1_synth_forward	TP1_synth_forward	28	A	717962	18	72	64	0	82	112	718310	64533	4	21	2	0	7	5	64572
TP1_synth_forward	TP1_synth_forward	29	T	510	85	1209	292	3	117	716094	718310	130	4	72	24	3	57	64282	64572
TP1_synth_forward	TP1_synth_forward	30	C	344	716807	949	60	1	38	111	718310	98	64383	69	3	1	9	9	64572
TP1_synth_forward	TP1_synth_forward	31	T	1967	99	437	17	120	16	715610	718266	577	13	34	2	17	2	63891	64536
TP1_synth_forward	TP1_synth_forward	32	G	612	248	580	716020	9	43	717	718229	59	76	67	64168	7	10	116	64503
TP1_synth_forward	TP1_synth_forward	33	T	1775	149	962	8	0	129	715200	718223	365	7	78	1	0	49	63997	64497
TP1_synth_forward	TP1_synth_forward	34	T	3014	101	285	8	3	121	714658	718190	632	8	32	0	3	35	63763	64473
TP1_synth_forward	TP1_synth_forward	35	C	631	716707	350	26	178	41	238	718171	171	64176	41	4	34	13	17	64456
TP1_synth_forward	TP1_synth_forward	36	G	318	241	115	715558	5	183	1718	718138	19	88	33	63755	4	51	475	64425
TP1_synth_forward	TP1_synth_forward	37	C	271	717388	147	26	0	172	124	718128	80	64291	23	2	0	15	5	64416
TP1_synth_forward	TP1_synth_forward	38	A	717742	64	77	88	1	58	87	718117	64366	2	14	3	1	15	5	64406
TP1_synth_forward	TP1_synth_forward	39	C	224	717108	336	85	3	57	282	718095	70	64238	44	3	1	13	17	64386
TP1_synth_forward	TP1_synth_forward	40	T	2323	202	569	17	5	50	714877	718043	622	11	41	0	3	3	63666	64346
TP1_synth_forward	TP1_synth_forward	41	C	381	716842	464	21	0	104	224	718036	124	64081	50	2	0	66	17	64340
TP1_synth_forward	TP1_synth_forward	42	C	500	716730	208	29	300	50	210	718027	116	64155	26	0	10	15	11	64333
TP1_synth_forward	TP1_synth_forward	43	G	248	249	308	715472	297	42	1350	717966	43	95	42	63715	17	4	363	64279
TP1_synth_forward	TP1_synth_forward	44	A	716982	15	415	60	259	102	129	717962	64183	2	40	3	21	11	16	64276
TP1_synth_forward	TP1_synth_forward	45	G	442	388	833	714969	7	267	1000	717906	42	122	54	63732	3	65	211	64229
TP1_synth_forward	TP1_synth_forward	46	T	1658	314	293	36	13	96	715478	717888	347	25	45	4	8	22	63765	64216
TP1_synth_forward	TP1_synth_forward	47	G	438	262	189	716492	1	116	353	717851	151	100	39	63798	1	10	84	64183
TP1_synth_forward	TP1_synth_forward	48	C	412	716401	411	31	89	271	233	717848	81	63980	36	0	22	51	11	64181
TP1_synth_forward	TP1_synth_forward	49	G	439	179	896	715375	0	191	750	717830	29	77	55	63733	0	81	189	64164
TP1_synth_forward	TP1_synth_forward	50	G	586	269	288	716028	83	113	434	717801	61	105	19	63814	8	21	109	64137
TP1_synth_forward	TP1_synth_forward	51	C	284	716014	191	863	3	217	216	717788	71	63939	43	46	3	13	12	64127
TP1_synth_forward	TP1_synth_forward	52	T	1777	66	541	126	217	142	714899	717768	512	6	49	9	9	8	63518	64111
TP1_synth_forward	TP1_synth_forward	53	T	1418	283	28	61	227	67	715666	717750	362	14	9	2	19	5	63691	64102
TP1_synth_forward	TP1_synth_forward	54	G	503	222	341	715574	31	126	914	717711	56	87	36	63726	12	40	112	64069
TP1_synth_forward	TP1_synth_forward	55	C	408	715173	607	48	452	321	698	717707	76	63780	49	4	42	81	35	64067
TP1_synth_forward	TP1_synth_forward	56	G	395	156	679	715766	0	234	467	717697	39	72	52	63771	0	20	106	64060
TP1_synth_forward	TP1_synth_forward	57	G	188	92	166	716795	4	77	335	717657	26	33	8	63876	3	2	81	64029
TP1_synth_forward	TP1_synth_forward	58	A	715693	16	1093	123	500	48	166	717639	63939	1	35	6	24	5	11	64021
TP1_synth_forward	TP1_synth_forward	59	G	344	133	591	716093	16	42	335	717554	37	57	30	63724	5	10	89	63952
TP1_synth_forward	TP1_synth_forward	60	A	716698	60	311	108	14	53	304	717548	63874	3	31	6	10	14	10	63948
TP1_synth_forward	TP1_synth_forward	61	T	379	212	360	448	39	77	716008	717523	94	9	29	76	1	6	63721	63936
TP1_synth_forward	TP1_synth_forward	62	T	1321	204	621	408	2	76	714746	717378	341	10	33	42	2	9	63427	63864
TP1_synth_forward	TP1_synth_forward	63	C	379	715897	680	66	1	120	181	717324	85	63677	36	6	1	16	5	63826
TP1_synth_forward	TP1_synth_forward	64	T	2022	408	26	74	0	97	714654	717281	501	28	3	6	0	16	63244	63798
TP1_synth_forward	TP1_synth_forward	65	C	573	715518	694	39	168	120	147	717259	72	63638	35	5	10	10	13	63783
TP1_synth_forward	TP1_synth_forward	66	T	1612	285	1043	51	1	61	714194	717247	412	17	69	6	0	3	63268	63775
TP1_synth_forward	TP1_synth_forward	67	T	2051	204	70	61	380	72	714361	717199	450	8	15	5	16	3	63246	63743
TP1_synth_forward	TP1_synth_forward	68	C	283	715852	692	57	3	85	209	717181	76	63552	62	21	2	7	8	63728
TP1_synth_forward	TP1_synth_forward	69	C	437	716056	109	52	10	120	376	717160	103	63525	7	4	4	50	18	63711
TP1_synth_forward	TP1_synth_forward	70	T	1698	79	784	29	48	224	714274	717136	408	6	52	6	3	40	63179	63694
TP1_synth_forward	TP1_synth_forward	71	C	446	714930	1095	17	438	78	106	717110	99	63488	63	1	12	5	4	63672
TP1_synth_forward	TP1_synth_forward	72	T	2192	236	269	19	379	96	713899	717090	543	11	31	0	18	27	63031	63661
TP1_synth_forward	TP1_synth_forward	73	G	741	364	392	715174	3	125	266	717065	93	88	35	63351	1	16	60	63644
TP1_synth_forward	TP1_synth_forward	74	T	1401	82	190	18	3	121	715234	717049	263	4	31	5	2	3	63325	63633
TP1_synth_forward	TP1_synth_forward	75	G	342	187	1670	714273	229	84	225	717010	38	69	96	63330	6	3	59	63601
TP1_synth_forward	TP1_synth_forward	76	C	374	713543	1747	46	351	149	786	716996	92	63321	101	4	18	13	44	63593
TP1_synth_forward	TP1_synth_forward	77	G	1370	358	777	712863	397	100	1085	716950	123	120	47	63058	28	7	169	63552
TP1_synth_forward	TP1_synth_forward	78	C	245	712636	2836	246	1	123	861	716948	62	63290	136	6	0	14	43	63551
TP1_synth_forward	TP1_synth_forward	79	C	221	715315	23	41	823	160	357	716940	41	63399	1	3	35	43	24	63546
TP1_synth_forward	TP1_synth_forward	80	G	1653	537	1090	712610	209	35	750	716884	96	166	60	63020	9	8	150	63509
TP1_synth_forward	TP1_synth_forward	81	C	319	715334	842	28	42	35	263	716863	64	63350	64	4	7	0	7	63496
TP1_synth_forward	TP1_synth_forward	82	A	714975	43	1257	178	0	46	352	716851	63370	4	92	12	0	3	8	63489
TP1_synth_forward	TP1_synth_forward	83	A	716327	94	101	123	0	94	107	716846	63459	7	2	9	0	7	3	63487
TP1_synth_forward	TP1_synth_forward	84	A	716008	85	0	238	190	214	87	716822	63395	6	0	14	19	34	9	63477
TP1_synth_forward	TP1_synth_forward	85	G	244	214	122	715717	129	129	162	716717	51	59	11	63239	10	12	39	63421
TP1_synth_forward	TP1_synth_forward	86	C	420	715684	2	101	2	139	297	716645	69	63310	2	2	0	9	6	63398
TP1_synth_forward	TP1_synth_forward	87	T	2577	69	2	355	2	119	713264	716388	582	5	0	21	1	39	62713	63361
TP1_synth_forward	TP1_synth_forward	88	G	318	202	14	715111	234	67	366	716312	81	30	3	63132	11	9	64	63330
TP1_synth_forward	TP1_synth_forward	89	T	1000	144	334	33	1	44	714676	716232	138	5	20	7	0	18	63116	63304
TP1_synth_forward	TP1_synth_forward	90	T	1590	141	3	101	288	40	713765	715928	307	6	2	3	19	31	62887	63255
TP1_synth_forward	TP1_synth_forward	91	C	411	715134	156	36	1	6	119	715863	79	63123	18	4	0	1	8	63233
TP1_synth_forward	TP1_synth_forward	92	C	295	715015	0	33	0	44	203	715590	31	63158	0	2	0	3	12	63206
TP1_synth_forward	TP1_synth_forward	93	G	428	356	0	714203	0	58	127	715172	62	103	0	62964	0	5	14	63148
TP1_synth_forward	TP1_synth_forward	94	T	1476	96	0	87	0	64	713055	714778	236	4	0	6	0	31	62824	63101
TP1_synth_forward	TP1_synth_forward	95	C	142	714007	0	329	0	116	132	714726	24	63031	0	10	0	26	2	63093
TP1_synth_forward	TP1_synth_forward	96	C	0	714195	0	0	0	45	0	714240	0	63015	0	0	0	21	0	63036
TP1_synth_forward	TP1_synth_forward	97	C	0	712431	0	0	0	65	0	712496	0	62909	0	0	0	2	0	62911
TP1_synth_forward	TP1_synth_forward	98	A	710446	0	0	0	0	31	0	710477	62752	0	0	0	0	8	0	62760
TP1_synth_forward	TP1_synth_forward	99	G	0	0	0	709291	0	0	0	709291	0	0	0	62581	0	0	0	62581
TP1_synth_forward	TP1_synth_forward	100	T	0	0	0	0	0	0	707677	707677	0	0	0	0	0	0	62312	62312
