



























































































































































































































#AmpliconChromStart	Alias	Position	ProbableRef	rawA	rawC	rawD	rawG	rawI	rawN	rawT	rawDepth	consA	consC	consD	consG	consI	consN	consT	consDepth	
TP1_synth_reverse		1	G	0	0	0	643562	0	0	0	643562	0	0	0	14269	0	0	0	14269
TP1_synth_reverse		2	T	0	0	0	0	0	0	645016	645016	0	0	0	0	0	0	14314	14314
TP1_synth_reverse		3	G	0	0	0	648199	0	129	0	648328	0	0	0	14404	0	3	0	14407
TP1_synth_reverse		4	G	0	0	0	648825	0	54	0	648879	0	0	0	14433	0	0	0	14433
TP1_synth_reverse		5	T	0	0	0	0	0	212	649075	649287	0	0	0	0	0	3	14453	14456
TP1_synth_reverse		6	G	123	65	0	649460	0	39	176	649863	0	0	0	14500	0	1	1	14502
TP1_synth_reverse		7	A	649713	29	0	91	0	12	102	649947	14509	0	0	0	0	0	0	14509
TP1_synth_reverse		8	G	89	67	0	649727	0	71	73	650027	2	0	0	14513	0	0	0	14515
TP1_synth_reverse		9	G	115	113	0	649716	0	17	185	650146	0	0	0	14522	0	0	2	14524
TP1_synth_reverse		10	C	269	649713	2	28	1	25	108	650146	0	14522	0	0	0	1	1	14524
TP1_synth_reverse		11	T	316	108	60	18	8	47	649613	650170	1	0	3	0	0	2	14519	14525
TP1_synth_reverse		12	C	280	649427	233	18	0	70	142	650170	0	14519	6	0	0	0	0	14525
TP1_synth_reverse		13	C	372	649502	3	27	1	114	151	650170	0	14523	0	0	0	1	1	14525
TP1_synth_reverse		14	C	310	649668	0	25	0	53	134	650190	0	14526	0	0	0	0	0	14526
TP1_synth_reverse		15	C	251	649434	19	44	268	53	121	650190	0	14514	3	0	9	0	0	14526
TP1_synth_reverse		16	T	515	68	389	44	2	28	649144	650190	0	0	7	0	0	1	14518	14526
TP1_synth_reverse		17	T	619	85	349	22	0	177	648938	650190	0	0	5	0	0	2	14519	14526
TP1_synth_reverse		18	T	474	103	349	21	0	120	649123	650190	0	0	5	0	0	4	14517	14526
TP1_synth_reverse		19	C	433	649320	331	26	0	106	111	650327	0	14521	2	0	0	4	0	14527
TP1_synth_reverse		20	T	580	72	370	30	0	54	649224	650330	0	0	8	0	0	0	14519	14527
TP1_synth_reverse		21	T	1763	100	331	92	0	157	647902	650345	4	0	2	0	0	0	14522	14528
TP1_synth_reverse		22	G	151	600	618	648583	0	115	278	650345	1	0	4	14521	0	0	2	14528
TP1_synth_reverse		23	C	747	648757	471	73	0	90	207	650345	0	14515	8	0	0	4	1	14528
TP1_synth_reverse		24	G	291	172	347	648857	0	69	615	650351	5	2	2	14509	0	1	10	14529
TP1_synth_reverse		25	G	407	383	459	648767	0	82	278	650376	3	0	4	14525	0	1	0	14533
TP1_synth_reverse		26	A	649666	19	323	135	0	97	136	650376	14517	0	12	0	0	4	0	14533
TP1_synth_reverse		27	G	510	168	0	649052	0	66	580	650376	10	0	0	14522	0	1	0	14533
TP1_synth_reverse		28	A	650093	100	0	50	1	58	81	650383	14531	0	0	0	0	3	0	14534
TP1_synth_reverse		29	T	721	97	237	47	0	14	649267	650383	0	0	12	0	0	1	14521	14534
TP1_synth_reverse		30	T	2571	96	45	14	0	67	647590	650383	2	0	4	0	0	2	14526	14534
TP1_synth_reverse		31	C	703	649162	241	29	0	23	96	650254	1	14525	8	0	0	0	0	14534
TP1_synth_reverse		32	T	965	118	835	45	0	60	648227	650250	0	1	22	0	0	0	14511	14534
TP1_synth_reverse		33	C	706	648665	718	49	0	16	92	650246	0	14526	8	0	0	0	0	14534
TP1_synth_reverse		34	T	1163	150	299	44	3	26	648560	650245	1	2	9	0	0	0	14522	14534
TP1_synth_reverse		35	T	2825	94	213	71	394	51	646595	650243	3	0	6	0	3	0	14523	14535
TP1_synth_reverse		36	C	588	648638	830	25	0	55	104	650240	0	14525	10	0	0	0	0	14535
TP1_synth_reverse		37	C	654	649284	48	66	1	41	141	650235	0	14534	1	0	0	0	0	14535
TP1_synth_reverse		38	T	1348	56	50	34	1	91	648881	650461	1	0	1	0	0	0	14535	14537
TP1_synth_reverse		39	C	389	649842	53	49	0	27	100	650460	1	14535	1	0	0	0	0	14537
TP1_synth_reverse		40	T	1427	77	1486	26	0	34	647408	650458	1	0	17	0	0	0	14519	14537
TP1_synth_reverse		41	G	288	1259	1697	645331	0	22	1852	650449	2	5	20	14504	0	0	6	14537
TP1_synth_reverse		42	T	2381	101	745	41	0	124	647055	650447	2	0	11	0	0	3	14521	14537
TP1_synth_reverse		43	G	297	1284	748	647616	0	82	772	650799	2	1	11	14525	0	1	1	14541
TP1_synth_reverse		44	C	789	648272	817	33	1	120	790	650822	0	14515	14	0	0	0	13	14542
TP1_synth_reverse		45	G	295	364	1516	645883	1	52	2714	650825	2	2	22	14514	0	0	3	14543
TP1_synth_reverse		46	C	1240	648521	915	36	0	22	113	650847	2	14529	13	0	0	0	0	14544
TP1_synth_reverse		47	C	456	649266	861	26	0	13	224	650846	0	14531	12	0	0	1	0	14544
TP1_synth_reverse		48	G	204	1191	1843	645152	0	8	2450	650848	5	10	20	14501	0	0	8	14544
TP1_synth_reverse		49	A	649581	45	1001	44	0	43	159	650873	14529	0	17	0	0	0	0	14546
TP1_synth_reverse		50	T	2511	95	965	21	1	19	647255	650867	1	0	13	0	0	0	14532	14546
TP1_synth_reverse		51	A	649633	51	928	91	0	76	113	650892	14532	0	15	0	0	0	0	14547
TP1_synth_reverse		52	C	561	648157	1954	39	0	45	130	650886	1	14522	23	0	0	1	0	14547
TP1_synth_reverse		53	A	649624	25	953	126	1	53	118	650900	14529	0	18	0	0	1	0	14548
TP1_synth_reverse		54	G	524	340	707	648463	301	12	548	650895	13	0	10	14515	2	0	8	14548
TP1_synth_reverse		55	A	649611	170	954	85	0	45	66	650931	14535	0	13	0	0	1	0	14549
TP1_synth_reverse		56	A	649701	19	926	97	0	45	143	650931	14537	0	12	0	0	0	0	14549
TP1_synth_reverse		57	T	3229	44	907	179	0	43	646513	650915	2	0	14	0	0	1	14532	14549
TP1_synth_reverse		58	A	650333	11	340	50	40	58	96	650928	14542	0	3	0	3	2	0	14550
TP1_synth_reverse		59	T	2204	44	379	73	0	11	648203	650914	2	0	4	0	0	0	14544	14550
TP1_synth_reverse		60	C	1466	649030	963	101	0	35	88	651683	2	14546	10	0	0	1	0	14559
TP1_synth_reverse		61	T	1619	80	377	674	0	14	649804	652568	1	0	5	4	0	0	14558	14568
TP1_synth_reverse		62	G	817	268	357	651258	0	99	748	653547	11	1	3	14557	0	1	0	14573
TP1_synth_reverse		63	T	4285	70	460	40	0	35	648661	653551	6	0	8	0	0	0	14560	14574
TP1_synth_reverse		64	T	2460	63	381	84	0	68	650500	653556	3	0	7	0	0	0	14566	14576
TP1_synth_reverse		65	C	710	652120	415	55	0	107	148	653555	0	14564	8	0	0	4	0	14576
TP1_synth_reverse		66	G	1614	340	913	649927	0	53	708	653555	11	0	11	14552	0	1	1	14576
TP1_synth_reverse		67	C	941	651093	1282	22	0	137	98	653573	0	14557	15	0	0	5	0	14577
TP1_synth_reverse		68	A	651610	343	1279	165	0	98	76	653571	14561	0	15	0	0	1	0	14577
TP1_synth_reverse		69	C	215	652770	370	34	0	74	102	653565	1	14571	4	0	0	1	0	14577
TP1_synth_reverse		70	T	1584	121	721	192	0	31	650906	653555	5	0	8	0	0	0	14564	14577
TP1_synth_reverse		71	C	348	652768	85	33	0	17	298	653549	0	14569	1	0	0	0	7	14577
TP1_synth_reverse		72	C	941	652023	4	55	0	57	466	653546	1	14566	0	0	0	0	10	14577
TP1_synth_reverse		73	G	1487	312	7	651375	0	168	185	653534	12	1	0	14563	0	1	0	14577
TP1_synth_reverse		74	A	653230	107	0	79	0	83	34	653533	14577	0	0	0	0	0	0	14577
TP1_synth_reverse		75	G	572	275	48	652419	0	15	197	653526	9	0	1	14567	0	0	0	14577
TP1_synth_reverse		76	T	3270	101	28	59	50	31	649972	653511	4	0	3	0	1	1	14568	14577
TP1_synth_reverse		77	G	746	364	108	651165	0	39	1079	653501	9	0	1	14562	0	0	5	14577
TP1_synth_reverse		78	C	599	652557	19	42	0	56	222	653495	4	14572	0	0	0	0	1	14577
TP1_synth_reverse		79	G	332	793	1067	650558	1	176	562	653489	2	0	4	14568	0	3	0	14577
TP1_synth_reverse		80	G	1251	240	1	651032	0	184	760	653468	21	1	0	14546	0	4	5	14577
TP1_synth_reverse		81	C	294	651383	446	65	0	123	1148	653459	1	14561	8	0	0	2	5	14577
TP1_synth_reverse		82	A	651565	47	1420	122	0	87	106	653347	14565	0	10	0	0	0	0	14575
TP1_synth_reverse		83	A	652851	83	6	94	0	224	86	653344	14571	0	0	0	0	4	0	14575
TP1_synth_reverse		84	A	652899	76	0	205	0	71	40	653291	14574	0	0	0	0	1	0	14575
TP1_synth_reverse		85	G	157	258	0	652537	2	98	162	653214	0	0	0	14575	0	0	0	14575
TP1_synth_reverse		86	C	343	652574	0	44	0	42	165	653168	0	14573	0	0	0	0	2	14575
TP1_synth_reverse		87	T	1420	77	1	88	0	82	651406	653074	1	0	0	0	0	2	14572	14575
TP1_synth_reverse		88	G	250	418	4	652065	3	95	205	653040	2	0	0	14572	0	1	0	14575
TP1_synth_reverse		89	T	1100	103	72	53	0	255	651401	652984	1	0	1	0	0	4	14569	14575
TP1_synth_reverse		90	T	1122	88	0	91	0	122	651292	652715	1	0	0	0	0	0	14573	14574
TP1_synth_reverse		91	C	510	651848	0	68	1	28	174	652629	0	14567	0	0	0	0	7	14574
TP1_synth_reverse		92	C	395	650822	0	375	0	49	250	651891	0	14569	0	0	0	0	2	14571
TP1_synth_reverse		93	G	527	175	0	650075	0	104	96	650977	3	0	0	14565	0	0	0	14568
TP1_synth_reverse		94	T	905	92	0	110	0	176	649445	650728	1	0	0	0	0	3	14561	14565
TP1_synth_reverse		95	C	0	649381	0	0	0	91	0	649472	0	14560	0	0	0	0	0	14560
TP1_synth_reverse		96	C	0	648475	0	0	0	68	0	648543	0	14558	0	0	0	0	0	14558
TP1_synth_reverse		97	C	0	647145	0	0	0	132	0	647277	0	14553	0	0	0	1	0	14554
TP1_synth_reverse		98	A	645155	0	0	0	0	0	0	645155	14532	0	0	0	0	0	0	14532
TP1_synth_reverse		99	G	0	0	0	643604	0	0	0	643604	0	0	0	14526	0	0	0	14526
