



























































































































































































































#AmpliconChromStart	Alias	Position	ProbableRef	rawA	rawC	rawD	rawG	rawI	rawN	rawT	rawDepth	consA	consC	consD	consG	consI	consN	consT	consDepth	
TP1_synth_reverse		1	G	0	0	0	643562	0	0	0	643562	0	0	0	6802	0	0	0	6802
TP1_synth_reverse		2	T	0	0	0	0	0	0	645016	645016	0	0	0	0	0	0	6810	6810
TP1_synth_reverse		3	G	0	0	0	648199	0	129	0	648328	0	0	0	6827	0	0	0	6827
TP1_synth_reverse		4	G	0	0	0	648825	0	54	0	648879	0	0	0	6833	0	0	0	6833
TP1_synth_reverse		5	T	0	0	0	0	0	212	649075	649287	0	0	0	0	0	0	6834	6834
TP1_synth_reverse		6	G	123	65	0	649460	0	39	176	649863	0	0	0	6838	0	0	1	6839
TP1_synth_reverse		7	A	649713	29	0	91	0	12	102	649947	6840	0	0	0	0	0	0	6840
TP1_synth_reverse		8	G	89	67	0	649727	0	71	73	650027	0	0	0	6842	0	0	0	6842
TP1_synth_reverse		9	G	115	113	0	649716	0	17	185	650146	0	0	0	6843	0	0	2	6845
TP1_synth_reverse		10	C	269	649738	2	28	1	25	108	650171	0	6846	0	0	0	0	0	6846
TP1_synth_reverse		11	T	316	108	60	18	8	47	649638	650195	0	0	3	0	0	0	6843	6846
TP1_synth_reverse		12	C	280	649459	233	18	0	71	142	650203	0	6843	3	0	0	0	0	6846
TP1_synth_reverse		13	C	372	649535	3	27	1	114	151	650203	0	6846	0	0	0	0	0	6846
TP1_synth_reverse		14	C	310	649701	0	25	0	53	134	650223	0	6846	0	0	0	0	0	6846
TP1_synth_reverse		15	C	251	649467	19	44	268	53	121	650223	0	6842	0	0	4	0	0	6846
TP1_synth_reverse		16	T	518	68	389	44	2	28	649174	650223	0	0	4	0	0	0	6842	6846
TP1_synth_reverse		17	T	624	85	349	22	0	177	648970	650227	0	0	1	0	0	0	6845	6846
TP1_synth_reverse		18	T	475	103	349	21	0	121	649158	650227	0	0	1	0	0	0	6845	6846
TP1_synth_reverse		19	C	434	649356	331	26	0	106	111	650364	0	6846	1	0	0	0	0	6847
TP1_synth_reverse		20	T	583	72	370	30	0	54	649255	650364	0	0	3	0	0	0	6844	6847
TP1_synth_reverse		21	T	1772	100	331	92	0	157	647927	650379	0	0	1	0	0	0	6846	6847
TP1_synth_reverse		22	G	152	601	618	648623	0	116	279	650389	1	0	2	6844	0	0	0	6847
TP1_synth_reverse		23	C	749	648799	471	73	0	90	207	650389	0	6840	6	0	0	0	1	6847
TP1_synth_reverse		24	G	291	173	347	648893	0	69	616	650389	4	1	1	6836	0	0	5	6847
TP1_synth_reverse		25	G	407	384	459	648803	0	82	279	650414	2	0	2	6844	0	0	0	6848
TP1_synth_reverse		26	A	649704	19	323	135	0	97	136	650414	6844	0	4	0	0	0	0	6848
TP1_synth_reverse		27	G	510	169	0	649087	0	66	582	650414	5	0	0	6843	0	0	0	6848
TP1_synth_reverse		28	A	650131	100	0	50	1	58	81	650421	6848	0	0	0	0	0	0	6848
TP1_synth_reverse		29	T	722	97	237	47	0	14	649304	650421	0	0	6	0	0	0	6842	6848
TP1_synth_reverse		30	T	2575	96	45	14	0	66	647625	650421	0	0	2	0	0	0	6846	6848
TP1_synth_reverse		31	C	703	649200	241	29	0	23	96	650292	1	6844	3	0	0	0	0	6848
TP1_synth_reverse		32	T	967	118	835	45	0	60	648263	650288	0	1	9	0	0	0	6838	6848
TP1_synth_reverse		33	C	708	648700	718	49	0	16	93	650284	0	6843	5	0	0	0	0	6848
TP1_synth_reverse		34	T	1160	150	299	44	3	26	648601	650283	0	1	4	0	0	0	6843	6848
TP1_synth_reverse		35	T	2831	94	213	71	394	51	646619	650273	0	0	4	0	1	0	6843	6848
TP1_synth_reverse		36	C	588	648668	830	25	0	55	104	650270	0	6841	7	0	0	0	0	6848
TP1_synth_reverse		37	C	654	649314	48	66	1	41	141	650265	0	6847	1	0	0	0	0	6848
TP1_synth_reverse		38	T	1350	56	50	34	1	91	648909	650491	0	0	1	0	0	0	6849	6850
TP1_synth_reverse		39	C	391	649870	53	49	0	27	100	650490	0	6849	1	0	0	0	0	6850
TP1_synth_reverse		40	T	1438	77	1486	26	0	34	647427	650488	0	0	10	0	0	0	6840	6850
TP1_synth_reverse		41	G	288	1261	1698	645353	0	22	1857	650479	2	0	10	6837	0	0	1	6850
TP1_synth_reverse		42	T	2387	101	745	41	0	124	647079	650477	0	0	7	0	0	0	6843	6850
TP1_synth_reverse		43	G	297	1289	748	647640	0	82	773	650829	1	0	7	6843	0	0	0	6851
TP1_synth_reverse		44	C	790	648300	817	33	1	121	790	650852	0	6835	9	0	0	0	8	6852
TP1_synth_reverse		45	G	295	365	1516	645908	1	52	2718	650855	2	0	10	6840	0	0	0	6852
TP1_synth_reverse		46	C	1242	648549	915	36	0	22	113	650877	0	6844	8	0	0	0	0	6852
TP1_synth_reverse		47	C	458	649294	861	26	0	13	224	650876	0	6845	7	0	0	0	0	6852
TP1_synth_reverse		48	G	204	1194	1843	645172	0	8	2457	650878	2	3	10	6835	0	0	2	6852
TP1_synth_reverse		49	A	649611	45	1001	44	0	43	159	650903	6844	0	8	0	0	0	0	6852
TP1_synth_reverse		50	T	2516	95	965	21	1	19	647280	650897	0	0	8	0	0	0	6844	6852
TP1_synth_reverse		51	A	649662	51	928	91	0	76	114	650922	6844	0	9	0	0	0	0	6853
TP1_synth_reverse		52	C	565	648183	1954	39	0	45	130	650916	0	6843	10	0	0	0	0	6853
TP1_synth_reverse		53	A	649654	25	953	126	1	53	118	650930	6843	0	10	0	0	0	0	6853
TP1_synth_reverse		54	G	523	342	707	648491	301	12	549	650925	7	0	6	6837	2	0	1	6853
TP1_synth_reverse		55	A	649641	170	954	85	0	45	66	650961	6847	0	7	0	0	0	0	6854
TP1_synth_reverse		56	A	649731	19	926	97	0	45	143	650961	6847	0	7	0	0	0	0	6854
TP1_synth_reverse		57	T	3238	44	907	179	0	43	646534	650945	0	0	7	0	0	0	6847	6854
TP1_synth_reverse		58	A	650344	11	340	50	40	58	96	650939	6852	0	1	0	1	0	0	6854
TP1_synth_reverse		59	T	2209	44	379	73	0	11	648209	650925	0	0	2	0	0	0	6852	6854
TP1_synth_reverse		60	C	1468	649039	963	101	0	35	88	651694	0	6853	5	0	0	0	0	6858
TP1_synth_reverse		61	T	1620	80	377	674	0	14	649814	652579	0	0	3	2	0	0	6858	6863
TP1_synth_reverse		62	G	818	268	357	651267	0	99	749	653558	2	0	1	6862	0	0	0	6865
TP1_synth_reverse		63	T	4287	70	460	40	0	35	648670	653562	0	0	4	0	0	0	6862	6866
TP1_synth_reverse		64	T	2464	63	381	84	0	68	650495	653555	0	0	2	0	0	0	6864	6866
TP1_synth_reverse		65	C	709	652120	415	55	0	107	148	653554	0	6864	2	0	0	0	0	6866
TP1_synth_reverse		66	G	1614	340	913	649928	0	52	707	653554	3	0	7	6856	0	0	0	6866
TP1_synth_reverse		67	C	942	651091	1282	22	0	137	98	653572	0	6860	7	0	0	0	0	6867
TP1_synth_reverse		68	A	651620	343	1279	165	0	98	76	653581	6860	0	7	0	0	0	0	6867
TP1_synth_reverse		69	C	216	652780	370	34	0	73	102	653575	0	6865	2	0	0	0	0	6867
TP1_synth_reverse		70	T	1584	121	721	192	0	31	650916	653565	1	0	4	0	0	0	6862	6867
TP1_synth_reverse		71	C	348	652778	85	33	0	17	298	653559	0	6864	1	0	0	0	2	6867
TP1_synth_reverse		72	C	942	652032	4	55	0	57	466	653556	0	6863	0	0	0	0	4	6867
TP1_synth_reverse		73	G	1489	313	7	651383	0	167	185	653544	6	0	0	6861	0	0	0	6867
TP1_synth_reverse		74	A	653239	107	0	79	0	84	34	653543	6867	0	0	0	0	0	0	6867
TP1_synth_reverse		75	G	574	275	48	652427	0	15	197	653536	1	0	1	6865	0	0	0	6867
TP1_synth_reverse		76	T	3273	101	28	59	50	31	649979	653521	0	0	1	0	1	0	6865	6867
TP1_synth_reverse		77	G	745	364	108	651174	0	38	1082	653511	7	0	1	6858	0	0	1	6867
TP1_synth_reverse		78	C	600	652566	19	42	0	56	222	653505	1	6866	0	0	0	0	0	6867
TP1_synth_reverse		79	G	334	794	1067	650567	1	176	560	653499	2	0	2	6863	0	0	0	6867
TP1_synth_reverse		80	G	1250	240	1	651045	0	184	758	653478	7	1	0	6857	0	0	2	6867
TP1_synth_reverse		81	C	294	651394	446	64	0	123	1148	653469	1	6858	5	0	0	0	3	6867
TP1_synth_reverse		82	A	651575	47	1420	122	0	87	106	653357	6863	0	4	0	0	0	0	6867
TP1_synth_reverse		83	A	652861	83	6	94	0	224	86	653354	6867	0	0	0	0	0	0	6867
TP1_synth_reverse		84	A	652909	76	0	205	0	71	40	653301	6867	0	0	0	0	0	0	6867
TP1_synth_reverse		85	G	157	258	0	652547	2	98	162	653224	0	0	0	6867	0	0	0	6867
TP1_synth_reverse		86	C	343	652584	0	44	0	42	165	653178	0	6865	0	0	0	0	2	6867
TP1_synth_reverse		87	T	1422	77	1	88	0	82	651415	653085	0	0	0	0	0	0	6867	6867
TP1_synth_reverse		88	G	249	418	4	652077	3	95	205	653051	1	0	0	6866	0	0	0	6867
TP1_synth_reverse		89	T	1100	103	72	53	0	255	651412	652995	0	0	0	0	0	0	6867	6867
TP1_synth_reverse		90	T	1123	88	0	91	0	122	651302	652726	0	0	0	0	0	0	6867	6867
TP1_synth_reverse		91	C	510	651859	0	68	1	28	174	652640	0	6865	0	0	0	0	2	6867
TP1_synth_reverse		92	C	397	650831	0	375	0	49	250	651902	0	6867	0	0	0	0	0	6867
TP1_synth_reverse		93	G	527	176	0	650084	0	104	96	650987	1	0	0	6866	0	0	0	6867
TP1_synth_reverse		94	T	905	92	0	111	0	177	649452	650737	0	0	0	0	0	0	6866	6866
TP1_synth_reverse		95	C	0	649390	0	0	0	91	0	649481	0	6865	0	0	0	0	0	6865
TP1_synth_reverse		96	C	0	648485	0	0	0	68	0	648553	0	6865	0	0	0	0	0	6865
TP1_synth_reverse		97	C	0	647156	0	0	0	132	0	647288	0	6864	0	0	0	0	0	6864
TP1_synth_reverse		98	A	645168	0	0	0	0	0	0	645168	6860	0	0	0	0	0	0	6860
TP1_synth_reverse		99	G	0	0	0	643617	0	0	0	643617	0	0	0	6858	0	0	0	6858
