



























































































































































































































#AmpliconChromStart	Alias	Position	ProbableRef	rawA	rawC	rawD	rawG	rawI	rawN	rawT	rawDepth	consA	consC	consD	consG	consI	consN	consT	consDepth
TP1_synth_reverse		1	G	0	0	0	643562	0	0	0	643562	0	0	0	5176	0	0	0	5176
TP1_synth_reverse		2	T	0	0	0	0	0	0	645016	645016	0	0	0	0	0	0	5183	5183
TP1_synth_reverse		3	G	0	0	0	648199	0	129	0	648328	0	0	0	5197	0	0	0	5197
TP1_synth_reverse		4	G	0	0	0	648825	0	54	0	648879	0	0	0	5203	0	0	0	5203
TP1_synth_reverse		5	T	0	0	0	0	0	212	649075	649287	0	0	0	0	0	0	5204	5204
TP1_synth_reverse		6	G	123	65	0	649460	0	39	176	649863	0	0	0	5205	0	0	1	5206
TP1_synth_reverse		7	A	649713	29	0	91	0	12	102	649947	5206	0	0	0	0	0	0	5206
TP1_synth_reverse		8	G	89	67	0	649727	0	71	73	650027	0	0	0	5207	0	0	0	5207
TP1_synth_reverse		9	G	115	113	0	649716	0	17	185	650146	0	0	0	5208	0	0	2	5210
TP1_synth_reverse		10	C	269	649738	2	28	1	25	108	650171	0	5210	0	0	0	0	0	5210
TP1_synth_reverse		11	T	316	108	60	18	8	47	649638	650195	0	0	1	0	0	0	5209	5210
TP1_synth_reverse		12	C	280	649459	233	18	0	71	142	650203	0	5208	2	0	0	0	0	5210
TP1_synth_reverse		13	C	372	649535	3	27	1	114	151	650203	0	5210	0	0	0	0	0	5210
TP1_synth_reverse		14	C	310	649701	0	25	0	53	134	650223	0	5210	0	0	0	0	0	5210
TP1_synth_reverse		15	C	251	649467	19	44	268	53	121	650223	0	5206	0	0	4	0	0	5210
TP1_synth_reverse		16	T	518	68	389	44	2	28	649180	650229	0	0	3	0	0	0	5207	5210
TP1_synth_reverse		17	T	624	85	349	22	0	177	648972	650229	0	0	1	0	0	0	5209	5210
TP1_synth_reverse		18	T	475	103	349	21	0	121	649160	650229	0	0	1	0	0	0	5209	5210
TP1_synth_reverse		19	C	434	649358	331	26	0	106	111	650366	0	5210	1	0	0	0	0	5211
TP1_synth_reverse		20	T	583	72	370	30	0	54	649257	650366	0	0	1	0	0	0	5210	5211
TP1_synth_reverse		21	T	1772	100	331	92	0	157	647929	650381	0	0	1	0	0	0	5210	5211
TP1_synth_reverse		22	G	152	601	618	648614	0	116	280	650381	1	0	2	5208	0	0	0	5211
TP1_synth_reverse		23	C	749	648791	471	73	0	90	207	650381	0	5207	3	0	0	0	1	5211
TP1_synth_reverse		24	G	291	173	347	648891	0	69	616	650387	2	1	1	5202	0	0	5	5211
TP1_synth_reverse		25	G	407	384	459	648801	0	82	279	650412	2	0	2	5207	0	0	0	5211
TP1_synth_reverse		26	A	649702	19	323	135	0	97	136	650412	5207	0	4	0	0	0	0	5211
TP1_synth_reverse		27	G	510	169	0	649085	0	66	582	650412	3	0	0	5208	0	0	0	5211
TP1_synth_reverse		28	A	650122	100	0	50	1	58	81	650412	5211	0	0	0	0	0	0	5211
TP1_synth_reverse		29	T	722	97	237	47	0	14	649295	650412	0	0	4	0	0	0	5207	5211
TP1_synth_reverse		30	T	2572	96	45	14	0	66	647619	650412	0	0	1	0	0	0	5210	5211
TP1_synth_reverse		31	C	703	649191	241	29	0	23	96	650283	1	5207	3	0	0	0	0	5211
TP1_synth_reverse		32	T	966	118	835	45	0	60	648255	650279	0	1	7	0	0	0	5203	5211
TP1_synth_reverse		33	C	706	648693	718	49	0	16	93	650275	0	5206	5	0	0	0	0	5211
TP1_synth_reverse		34	T	1160	150	299	44	3	26	648592	650274	0	1	4	0	0	0	5206	5211
TP1_synth_reverse		35	T	2829	94	213	71	394	51	646620	650272	0	0	4	0	1	0	5206	5211
TP1_synth_reverse		36	C	589	648666	830	25	0	55	104	650269	0	5205	6	0	0	0	0	5211
TP1_synth_reverse		37	C	655	649312	48	66	1	41	141	650264	0	5210	1	0	0	0	0	5211
TP1_synth_reverse		38	T	1350	56	50	34	1	91	648908	650490	0	0	1	0	0	0	5212	5213
TP1_synth_reverse		39	C	393	649867	53	49	0	27	100	650489	0	5212	1	0	0	0	0	5213
TP1_synth_reverse		40	T	1433	77	1486	26	0	34	647431	650487	0	0	7	0	0	0	5206	5213
TP1_synth_reverse		41	G	288	1262	1697	645354	0	22	1855	650478	1	0	6	5205	0	0	1	5213
TP1_synth_reverse		42	T	2388	101	745	41	0	124	647077	650476	0	0	4	0	0	0	5209	5213
TP1_synth_reverse		43	G	297	1290	748	647639	0	82	772	650828	1	0	4	5209	0	0	0	5214
TP1_synth_reverse		44	C	788	648301	817	33	1	121	790	650851	0	5203	5	0	0	0	6	5214
TP1_synth_reverse		45	G	295	366	1516	645907	1	52	2717	650854	2	0	7	5205	0	0	0	5214
TP1_synth_reverse		46	C	1241	648549	915	36	0	22	113	650876	0	5209	5	0	0	0	0	5214
TP1_synth_reverse		47	C	457	649294	861	26	0	13	224	650875	0	5210	4	0	0	0	0	5214
TP1_synth_reverse		48	G	205	1193	1843	645173	0	8	2455	650877	1	2	7	5202	0	0	2	5214
TP1_synth_reverse		49	A	649610	45	1001	44	0	43	159	650902	5209	0	5	0	0	0	0	5214
TP1_synth_reverse		50	T	2515	95	965	21	1	19	647280	650896	0	0	5	0	0	0	5209	5214
TP1_synth_reverse		51	A	649661	51	928	91	0	76	114	650921	5209	0	5	0	0	0	0	5214
TP1_synth_reverse		52	C	563	648185	1954	38	0	45	130	650915	0	5207	7	0	0	0	0	5214
TP1_synth_reverse		53	A	649653	25	953	126	1	53	118	650929	5207	0	7	0	0	0	0	5214
TP1_synth_reverse		54	G	525	340	707	648490	301	12	549	650924	6	0	3	5202	2	0	1	5214
TP1_synth_reverse		55	A	649640	170	954	85	0	45	66	650960	5211	0	4	0	0	0	0	5215
TP1_synth_reverse		56	A	649730	19	926	97	0	45	143	650960	5211	0	4	0	0	0	0	5215
TP1_synth_reverse		57	T	3237	44	907	179	0	43	646534	650944	0	0	4	0	0	0	5211	5215
TP1_synth_reverse		58	A	650343	11	340	50	40	58	96	650938	5213	0	1	0	1	0	0	5215
TP1_synth_reverse		59	T	2207	44	379	73	0	11	648210	650924	0	0	1	0	0	0	5214	5215
TP1_synth_reverse		60	C	1465	649041	963	101	0	35	88	651693	0	5213	4	0	0	0	0	5217
TP1_synth_reverse		61	T	1621	80	377	674	0	14	649812	652578	0	0	1	2	0	0	5218	5221
TP1_synth_reverse		62	G	818	268	357	651268	0	99	747	653557	2	0	1	5219	0	0	0	5222
TP1_synth_reverse		63	T	4286	70	460	40	0	35	648670	653561	0	0	3	0	0	0	5220	5223
TP1_synth_reverse		64	T	2466	63	381	84	0	68	650504	653566	0	0	2	0	0	0	5221	5223
TP1_synth_reverse		65	C	710	652130	415	55	0	107	148	653565	0	5221	2	0	0	0	0	5223
TP1_synth_reverse		66	G	1615	340	913	649936	0	52	709	653565	3	0	6	5214	0	0	0	5223
TP1_synth_reverse		67	C	941	651103	1282	22	0	137	98	653583	0	5217	7	0	0	0	0	5224
TP1_synth_reverse		68	A	651620	343	1279	165	0	98	76	653581	5217	0	7	0	0	0	0	5224
TP1_synth_reverse		69	C	217	652779	370	34	0	73	102	653575	0	5222	2	0	0	0	0	5224
TP1_synth_reverse		70	T	1583	121	721	192	0	31	650917	653565	1	0	4	0	0	0	5219	5224
TP1_synth_reverse		71	C	349	652777	85	33	0	17	298	653559	0	5221	1	0	0	0	2	5224
TP1_synth_reverse		72	C	943	652031	4	55	0	57	466	653556	0	5220	0	0	0	0	4	5224
TP1_synth_reverse		73	G	1489	313	7	651383	0	167	185	653544	6	0	0	5218	0	0	0	5224
TP1_synth_reverse		74	A	653239	107	0	79	0	84	34	653543	5224	0	0	0	0	0	0	5224
TP1_synth_reverse		75	G	574	275	48	652427	0	15	197	653536	1	0	1	5222	0	0	0	5224
TP1_synth_reverse		76	T	3274	101	28	59	50	31	649978	653521	0	0	0	0	1	0	5223	5224
TP1_synth_reverse		77	G	746	365	108	651173	0	38	1081	653511	7	0	1	5215	0	0	1	5224
TP1_synth_reverse		78	C	602	652564	19	42	0	56	222	653505	1	5223	0	0	0	0	0	5224
TP1_synth_reverse		79	G	333	795	1068	650563	1	176	563	653499	1	0	2	5221	0	0	0	5224
TP1_synth_reverse		80	G	1251	239	1	651043	0	184	760	653478	5	1	0	5216	0	0	2	5224
TP1_synth_reverse		81	C	294	651394	446	64	0	123	1148	653469	1	5217	4	0	0	0	2	5224
TP1_synth_reverse		82	A	651575	47	1420	122	0	87	106	653357	5221	0	3	0	0	0	0	5224
TP1_synth_reverse		83	A	652861	83	6	94	0	224	86	653354	5224	0	0	0	0	0	0	5224
TP1_synth_reverse		84	A	652909	76	0	205	0	71	40	653301	5224	0	0	0	0	0	0	5224
TP1_synth_reverse		85	G	157	258	0	652547	2	98	162	653224	0	0	0	5224	0	0	0	5224
TP1_synth_reverse		86	C	344	652582	0	44	0	42	165	653177	0	5222	0	0	0	0	2	5224
TP1_synth_reverse		87	T	1422	77	1	88	0	82	651413	653083	0	0	0	0	0	0	5224	5224
TP1_synth_reverse		88	G	250	418	4	652074	3	95	205	653049	0	0	0	5224	0	0	0	5224
TP1_synth_reverse		89	T	1101	103	72	53	0	255	651409	652993	0	0	0	0	0	0	5224	5224
TP1_synth_reverse		90	T	1123	88	0	90	0	122	651301	652724	0	0	0	0	0	0	5224	5224
TP1_synth_reverse		91	C	510	651857	0	68	1	28	174	652638	0	5223	0	0	0	0	1	5224
TP1_synth_reverse		92	C	396	650830	0	375	0	49	250	651900	0	5224	0	0	0	0	0	5224
TP1_synth_reverse		93	G	527	176	0	650082	0	104	96	650985	0	0	0	5224	0	0	0	5224
TP1_synth_reverse		94	T	905	92	0	111	0	177	649450	650735	0	0	0	0	0	0	5223	5223
TP1_synth_reverse		95	C	0	649389	0	0	0	91	0	649480	0	5222	0	0	0	0	0	5222
TP1_synth_reverse		96	C	0	648483	0	0	0	68	0	648551	0	5222	0	0	0	0	0	5222
TP1_synth_reverse		97	C	0	647154	0	0	0	132	0	647286	0	5221	0	0	0	0	0	5221
TP1_synth_reverse		98	A	645166	0	0	0	0	0	0	645166	5218	0	0	0	0	0	0	5218
TP1_synth_reverse		99	G	0	0	0	643615	0	0	0	643615	0	0	0	5217	0	0	0	5217
