



























































































































































































































#AmpliconChromStart	Alias	Position	ProbableRef	rawA	rawC	rawD	rawG	rawI	rawN	rawT	rawDepth	consA	consC	consD	consG	consI	consN	consT	consDepth	
TP1_synth_forward		5	T	0	0	0	0	0	0	332	332	0	0	0	0	0	0	270	270
TP1_synth_forward		6	G	0	0	0	1239	0	0	0	1239	0	0	0	659	0	0	0	659
TP1_synth_forward		7	A	1283	0	0	0	0	0	0	1283	690	0	0	0	0	0	0	690
TP1_synth_forward		8	G	0	0	0	1639	0	1	0	1640	0	0	0	715	0	1	0	716
TP1_synth_forward		9	G	0	0	0	2467	0	0	0	2467	0	0	0	765	0	0	0	765
TP1_synth_forward		10	C	4	2463	0	0	0	0	0	2467	4	761	0	0	0	0	0	765
TP1_synth_forward		11	T	6	0	0	0	0	2	2474	2482	5	0	0	0	0	2	769	776
TP1_synth_forward		12	C	9	2473	0	0	0	0	0	2482	6	770	0	0	0	0	0	776
TP1_synth_forward		13	C	13	2526	0	0	0	0	0	2539	11	804	0	0	0	0	0	815
TP1_synth_forward		14	C	10	2527	0	0	0	1	1	2539	8	806	0	0	0	0	1	815
TP1_synth_forward		15	C	4	2531	2	0	0	0	2	2539	2	811	2	0	0	0	0	815
TP1_synth_forward		16	T	23	0	28	0	0	0	2488	2539	17	0	25	0	0	0	773	815
TP1_synth_forward		17	T	65	1	0	0	0	0	2473	2539	39	1	0	0	0	0	775	815
TP1_synth_forward		18	T	28	1	1	0	0	0	2564	2594	14	0	1	0	0	0	846	861
TP1_synth_forward		19	A	3793	0	18	0	0	0	1	3812	1931	0	15	0	0	0	0	1946
TP1_synth_forward		20	T	19	0	1	0	0	1	3800	3821	14	0	0	0	0	1	1937	1952
TP1_synth_forward		21	A	3837	3	4	1	0	0	0	3845	1956	3	4	0	0	0	0	1963
TP1_synth_forward		22	C	11	3828	4	0	0	0	2	3845	8	1950	4	0	0	0	1	1963
TP1_synth_forward		23	A	3839	0	2	1	0	1	2	3845	1959	0	2	0	0	0	2	1963
TP1_synth_forward		24	G	3	25	1	3808	0	0	8	3845	0	11	1	1947	0	0	4	1963
TP1_synth_forward		25	A	3851	0	10	0	0	1	0	3862	1956	0	9	0	0	1	0	1966
TP1_synth_forward		26	A	3855	0	3	1	0	0	3	3862	1960	0	3	1	0	0	2	1966
TP1_synth_forward		27	T	52	0	3	1	0	0	3806	3862	30	0	3	1	0	0	1932	1966
TP1_synth_forward		28	A	3860	1	2	0	0	1	2	3866	1964	1	2	0	0	0	0	1967
TP1_synth_forward		29	T	15	0	3	2	0	0	3846	3866	10	0	2	2	0	0	1953	1967
TP1_synth_forward		30	C	7	3842	5	0	0	0	23	3877	4	1963	5	0	0	0	0	1972
TP1_synth_forward		31	T	32	1	1	1	0	1	3841	3877	15	0	1	1	0	0	1955	1972
TP1_synth_forward		32	G	7	40	21	3803	0	0	6	3877	4	29	10	1924	0	0	5	1972
TP1_synth_forward		33	T	65	0	5	3	0	0	3804	3877	44	0	4	2	0	0	1922	1972
TP1_synth_forward		34	T	55	0	0	5	0	0	4617	4677	26	0	0	5	0	0	2000	2031
TP1_synth_forward		35	C	10	4665	1	0	0	0	1	4677	7	2024	0	0	0	0	0	2031
TP1_synth_forward		36	G	0	24	1	4592	0	0	66	4683	0	17	1	1975	0	0	43	2036
TP1_synth_forward		37	C	18	4674	1	0	4	0	1	4698	12	2029	1	0	2	0	0	2044
TP1_synth_forward		38	A	4694	2	1	0	0	0	1	4698	2043	0	1	0	0	0	0	2044
TP1_synth_forward		39	C	7	4677	7	7	0	0	0	4698	5	2028	5	6	0	0	0	2044
TP1_synth_forward		40	T	33	0	2	14	0	0	4649	4698	26	0	1	12	0	0	2005	2044
TP1_synth_forward		41	C	12	4684	1	0	0	0	1	4698	7	2036	1	0	0	0	0	2044
TP1_synth_forward		42	C	11	4682	0	0	0	1	3	4697	6	2035	0	0	0	1	2	2044
TP1_synth_forward		43	G	1	16	2	4593	0	0	85	4697	0	11	1	1976	0	0	56	2044
TP1_synth_forward		44	A	4694	1	2	0	0	0	0	4697	2043	0	1	0	0	0	0	2044
TP1_synth_forward		45	G	0	8	6	4608	0	0	75	4697	0	6	3	2002	0	0	33	2044
TP1_synth_forward		46	T	73	1	2	0	0	0	4620	4696	40	0	1	0	0	0	2002	2043
TP1_synth_forward		47	G	0	11	673	3918	0	0	93	4695	0	7	43	1934	0	0	58	2042
TP1_synth_forward		48	C	15	4688	3	0	3	0	1	4710	12	2036	1	0	2	0	1	2052
TP1_synth_forward		49	G	5	4	4	4588	1	0	102	4704	2	4	2	1994	0	0	47	2049
TP1_synth_forward		50	G	6	18	3	4624	0	0	68	4719	1	11	1	2025	0	0	26	2064
TP1_synth_forward		51	C	7	5875	15	0	0	0	3	5900	4	2140	4	0	0	0	2	2150
TP1_synth_forward		52	T	28	0	10	10	0	0	4609	4657	10	0	5	7	0	0	1018	1040
TP1_synth_forward		53	T	58	0	2	10	0	0	4606	4676	30	0	1	6	0	0	1021	1058
TP1_synth_forward		54	G	14	15	2	4626	0	0	33	4690	4	5	0	1047	0	0	12	1068
TP1_synth_forward		55	C	22	4664	3	0	0	0	1	4690	9	1058	1	0	0	0	0	1068
TP1_synth_forward		56	G	7	9	4	4590	0	0	80	4690	3	5	1	1020	0	0	39	1068
TP1_synth_forward		57	G	38	3	4	4680	0	0	15	4740	10	2	1	1068	0	0	6	1087
TP1_synth_forward		58	A	4844	0	3	1	0	0	1	4849	1104	0	2	1	0	0	1	1108
TP1_synth_forward		59	G	48	16	2	4770	0	0	13	4849	13	5	0	1082	0	0	8	1108
TP1_synth_forward		60	A	5063	4	4	7	0	0	0	5078	1115	0	3	4	0	0	0	1122
TP1_synth_forward		61	T	34	0	663	7	0	1	4372	5077	17	0	42	4	0	0	1058	1121
TP1_synth_forward		62	T	43	0	10	5	0	0	5056	5114	20	0	3	3	0	0	1098	1124
TP1_synth_forward		63	C	19	5103	16	1	0	1	0	5140	10	1109	9	1	0	1	0	1130
TP1_synth_forward		64	T	44	0	1	2	0	1	5115	5163	22	0	1	1	0	0	1108	1132
TP1_synth_forward		65	C	23	4471	664	0	2	0	3	5163	9	1076	46	0	0	0	1	1132
TP1_synth_forward		66	T	38	0	8	2	1	1	5113	5163	22	0	8	1	0	0	1101	1132
TP1_synth_forward		67	T	53	0	1	2	2	0	5103	5161	35	0	0	1	0	0	1095	1131
TP1_synth_forward		68	C	33	5141	2	0	0	0	1	5177	19	1117	1	0	0	0	0	1137
TP1_synth_forward		69	C	17	5174	0	3	0	0	0	5194	3	1135	0	2	0	0	0	1140
TP1_synth_forward		70	T	20	0	2	4	0	0	5179	5205	9	0	1	2	0	0	1130	1142
TP1_synth_forward		71	C	7	5189	8	1	0	0	0	5205	4	1131	6	1	0	0	0	1142
TP1_synth_forward		72	T	36	0	3	9	0	0	5157	5205	19	0	3	3	0	0	1117	1142
TP1_synth_forward		73	G	20	18	15	5146	0	0	5	5204	13	9	10	1107	0	0	2	1141
TP1_synth_forward		74	T	13	0	4	0	0	1	5185	5203	11	0	4	0	0	0	1125	1140
TP1_synth_forward		75	G	25	5	2	5166	0	0	5	5203	21	3	2	1109	0	0	5	1140
TP1_synth_forward		76	C	17	5183	2	0	0	1	0	5203	10	1128	2	0	0	0	0	1140
TP1_synth_forward		77	G	19	3	0	4717	0	0	464	5203	12	3	0	1070	0	0	55	1140
TP1_synth_forward		78	C	15	5182	3	0	0	0	3	5203	13	1124	2	0	0	0	1	1140
TP1_synth_forward		79	C	14	5184	0	0	0	0	5	5203	12	1125	0	0	0	0	3	1140
TP1_synth_forward		80	G	18	12	3	5116	0	1	53	5203	11	7	3	1078	0	0	41	1140
TP1_synth_forward		81	C	9	4005	3	0	0	0	1	4018	8	1042	1	0	0	0	0	1051
TP1_synth_forward		82	A	4001	0	10	2	0	0	5	4018	1047	0	4	0	0	0	0	1051
TP1_synth_forward		83	A	4015	0	0	0	0	0	3	4018	1051	0	0	0	0	0	0	1051
TP1_synth_forward		84	A	4011	0	0	2	0	0	4	4017	1048	0	0	2	0	0	0	1050
TP1_synth_forward		85	G	5	1	8	3964	0	0	33	4011	4	0	2	1018	0	0	21	1045
TP1_synth_forward		86	C	11	3995	0	2	0	0	0	4008	10	1033	0	0	0	0	0	1043
TP1_synth_forward		87	T	54	0	0	6	0	0	3942	4002	19	0	0	2	0	0	1019	1040
TP1_synth_forward		88	G	11	3	1	3980	0	0	6	4001	9	1	0	1028	0	0	2	1040
TP1_synth_forward		89	T	23	2	0	2	0	0	3971	3998	16	0	0	1	0	0	1021	1038
TP1_synth_forward		90	T	19	0	0	0	1	0	3977	3997	10	0	0	0	0	0	1028	1038
TP1_synth_forward		91	C	13	3975	1	1	0	0	3	3993	5	1027	1	1	0	0	2	1036
TP1_synth_forward		92	C	5	3984	0	0	0	0	2	3991	1	1033	0	0	0	0	1	1035
TP1_synth_forward		93	G	5	4	0	3976	0	0	2	3987	2	3	0	1027	0	0	0	1032
TP1_synth_forward		94	T	22	0	0	9	0	0	3951	3982	9	0	0	4	0	0	1016	1029
TP1_synth_forward		95	C	1	3980	0	0	0	0	0	3981	0	1028	0	0	0	0	0	1028
TP1_synth_forward		96	C	0	3973	0	0	0	0	0	3973	0	1022	0	0	0	0	0	1022
TP1_synth_forward		97	C	0	3960	0	0	0	0	0	3960	0	1014	0	0	0	0	0	1014
TP1_synth_forward		98	A	3948	0	0	0	0	0	0	3948	1011	0	0	0	0	0	0	1011
TP1_synth_forward		99	G	0	0	0	3942	0	0	0	3942	0	0	0	1008	0	0	0	1008
TP1_synth_forward		100	T	0	0	0	0	0	0	3919	3919	0	0	0	0	0	0	997	997
TP1_synth_forward	TP1_synth_forward	1	G	0	0	0	735608	0	0	0	735608	0	0	0	38551	0	0	0	38551
TP1_synth_forward	TP1_synth_forward	2	T	0	0	0	0	0	0	737339	737339	0	0	0	0	0	0	38917	38917
TP1_synth_forward	TP1_synth_forward	3	G	0	0	0	740669	0	24	0	740693	0	0	0	39420	0	2	0	39422
TP1_synth_forward	TP1_synth_forward	4	G	0	0	0	741098	0	22	0	741120	0	0	0	39721	0	0	0	39721
TP1_synth_forward	TP1_synth_forward	5	T	0	0	0	0	0	73	741047	741120	0	0	0	0	0	11	39710	39721
TP1_synth_forward	TP1_synth_forward	6	G	136	58	0	740699	0	107	120	741120	8	11	0	39647	0	50	5	39721
TP1_synth_forward	TP1_synth_forward	7	A	740841	24	0	97	0	55	103	741120	39681	3	0	1	0	31	5	39721
TP1_synth_forward	TP1_synth_forward	8	G	101	57	0	740568	0	312	82	741120	5	9	0	39605	0	94	8	39721
TP1_synth_forward	TP1_synth_forward	9	G	101	90	0	740770	1	42	116	741120	7	20	0	39671	1	5	17	39721
TP1_synth_forward	TP1_synth_forward	10	C	179	740451	295	39	1	14	141	741120	36	39672	6	1	1	0	5	39721
TP1_synth_forward	TP1_synth_forward	11	T	196	103	663	19	6	35	740098	741120	37	6	12	3	0	9	39654	39721
TP1_synth_forward	TP1_synth_forward	12	C	172	723262	17423	14	0	78	171	741120	23	39180	475	0	0	37	6	39721
TP1_synth_forward	TP1_synth_forward	13	C	274	740115	361	16	0	241	113	741120	42	39604	5	0	0	65	5	39721
TP1_synth_forward	TP1_synth_forward	14	C	209	740680	0	23	0	84	124	741120	17	39682	0	0	0	20	2	39721
TP1_synth_forward	TP1_synth_forward	15	C	157	736246	4622	9	3	8	75	741120	24	39576	110	0	2	2	7	39721
TP1_synth_forward	TP1_synth_forward	16	T	409	74	31712	8	0	23	708894	741120	70	6	1446	1	0	15	38183	39721
TP1_synth_forward	TP1_synth_forward	17	T	360	70	771	13	0	11	739895	741120	62	5	83	1	0	7	39563	39721
TP1_synth_forward	TP1_synth_forward	18	T	283	45	1633	12	0	15	739132	741120	61	1	99	1	0	1	39558	39721
TP1_synth_forward	TP1_synth_forward	19	A	725620	12	14030	90	0	91	1277	741120	39045	0	617	1	0	16	42	39721
TP1_synth_forward	TP1_synth_forward	20	T	908	67	744	47	1	108	739245	741120	92	2	52	0	1	13	39561	39721
TP1_synth_forward	TP1_synth_forward	21	A	735890	332	4592	97	0	51	158	741120	39497	6	192	5	0	4	17	39721
TP1_synth_forward	TP1_synth_forward	22	C	337	737058	2952	77	1	25	670	741120	41	39556	97	11	1	3	12	39721
TP1_synth_forward	TP1_synth_forward	23	A	739109	108	1593	110	4	43	153	741120	39619	9	59	5	4	19	6	39721
TP1_synth_forward	TP1_synth_forward	24	G	117	112	437	739602	1	51	800	741120	12	27	34	39586	0	18	44	39721
TP1_synth_forward	TP1_synth_forward	25	A	734807	15	6096	84	2	57	59	741120	39461	1	247	1	1	9	1	39721
TP1_synth_forward	TP1_synth_forward	26	A	737817	5	1762	78	0	22	1436	741120	39605	1	68	7	0	6	34	39721
TP1_synth_forward	TP1_synth_forward	27	T	1019	69	3059	64	3	89	736817	741120	177	3	141	10	1	63	39326	39721
TP1_synth_forward	TP1_synth_forward	28	A	735452	1326	3437	68	0	30	807	741120	39497	30	155	5	0	14	20	39721
TP1_synth_forward	TP1_synth_forward	29	T	441	56	4425	194	1	108	735895	741120	70	0	198	18	1	55	39379	39721
TP1_synth_forward	TP1_synth_forward	30	C	634	732887	7412	22	0	60	105	741120	176	39204	318	1	0	15	7	39721
TP1_synth_forward	TP1_synth_forward	31	T	1486	74	3051	23	1	90	736221	740946	464	4	134	2	1	38	38945	39588
TP1_synth_forward	TP1_synth_forward	32	G	1465	577	7278	730296	0	18	1258	740892	59	130	378	38826	0	9	140	39542
TP1_synth_forward	TP1_synth_forward	33	T	2957	91	6494	140	6	38	731148	740874	746	7	264	29	2	23	38458	39529
TP1_synth_forward	TP1_synth_forward	34	T	1715	72	203	542	1	71	738241	740845	252	3	28	66	0	34	39126	39509
TP1_synth_forward	TP1_synth_forward	35	C	919	739122	568	38	2	45	141	740835	235	39201	44	2	2	19	4	39507
TP1_synth_forward	TP1_synth_forward	36	G	187	767	520	735481	0	74	3787	740816	7	296	55	38642	0	30	465	39495
TP1_synth_forward	TP1_synth_forward	37	C	245	737607	2096	69	645	29	119	740810	42	39288	125	7	18	9	2	39491
TP1_synth_forward	TP1_synth_forward	38	A	738056	49	2425	134	0	24	116	740804	39318	7	130	5	0	10	18	39488
TP1_synth_forward	TP1_synth_forward	39	C	153	736522	3846	121	0	36	104	740782	29	39267	132	13	0	25	4	39470
TP1_synth_forward	TP1_synth_forward	40	T	952	97	553	368	0	157	738644	740771	192	1	14	37	0	77	39141	39462
TP1_synth_forward	TP1_synth_forward	41	C	359	738960	1223	41	0	49	133	740765	73	39292	59	2	0	30	3	39459
TP1_synth_forward	TP1_synth_forward	42	C	527	739298	342	75	1	63	439	740745	185	39195	12	13	1	19	21	39446
TP1_synth_forward	TP1_synth_forward	43	G	183	468	1024	734803	1	87	4133	740699	11	122	48	38658	1	13	567	39420
TP1_synth_forward	TP1_synth_forward	44	A	739509	39	1009	48	0	29	62	740696	39356	9	45	2	0	3	2	39417
TP1_synth_forward	TP1_synth_forward	45	G	358	233	3387	732137	6	25	4536	740682	13	59	162	38629	6	0	543	39412
TP1_synth_forward	TP1_synth_forward	46	T	2613	156	1545	93	5	25	736221	740658	624	10	63	16	4	11	38666	39394
TP1_synth_forward	TP1_synth_forward	47	G	116	746	2283	734062	2	12	3404	740625	8	296	106	38514	1	6	442	39373
TP1_synth_forward	TP1_synth_forward	48	C	334	737249	1211	40	673	19	1099	740625	56	39169	64	1	33	2	48	39373
TP1_synth_forward	TP1_synth_forward	49	G	230	197	2363	733884	10	13	3913	740610	42	83	143	38313	2	5	774	39362
TP1_synth_forward	TP1_synth_forward	50	G	151	270	1337	736265	4	47	2524	740598	18	82	75	38716	1	16	447	39355
TP1_synth_forward	TP1_synth_forward	51	C	268	736020	3699	253	2	80	260	740582	76	38989	187	18	1	58	19	39348
TP1_synth_forward	TP1_synth_forward	52	T	1778	55	5530	1535	1	84	731579	740562	569	1	237	254	1	70	38204	39336
TP1_synth_forward	TP1_synth_forward	53	T	1544	100	857	374	6	57	737604	740542	400	3	50	40	1	34	38798	39326
TP1_synth_forward	TP1_synth_forward	54	G	155	239	1340	737990	0	96	701	740521	12	43	61	39060	0	44	94	39314
TP1_synth_forward	TP1_synth_forward	55	C	285	739643	144	28	2	86	327	740515	56	39196	29	1	1	19	12	39314
TP1_synth_forward	TP1_synth_forward	56	G	306	650	860	735319	1	67	3302	740505	55	50	69	38462	0	10	664	39310
TP1_synth_forward	TP1_synth_forward	57	G	475	97	1013	737236	0	29	1617	740467	107	17	30	38976	0	6	163	39299
TP1_synth_forward	TP1_synth_forward	58	A	738430	30	1485	315	0	59	120	740439	39234	2	32	17	0	3	4	39292
TP1_synth_forward	TP1_synth_forward	59	G	881	283	553	736842	0	78	1769	740406	196	51	26	38801	0	47	163	39284
TP1_synth_forward	TP1_synth_forward	60	A	736041	157	3634	358	0	102	80	740372	39087	11	136	18	0	24	4	39280
TP1_synth_forward	TP1_synth_forward	61	T	567	64	1542	375	3	141	737652	740344	96	2	78	46	1	17	39034	39274
TP1_synth_forward	TP1_synth_forward	62	T	1612	75	1083	92	0	112	737327	740301	204	0	23	10	0	34	38991	39262
TP1_synth_forward	TP1_synth_forward	63	C	1301	735789	2864	45	1	38	163	740201	285	38861	75	5	0	7	5	39238
TP1_synth_forward	TP1_synth_forward	64	T	3042	86	704	281	0	58	736000	740171	336	3	27	30	0	28	38807	39231
TP1_synth_forward	TP1_synth_forward	65	C	861	733323	5207	88	0	70	597	740146	94	38885	197	5	0	26	11	39218
TP1_synth_forward	TP1_synth_forward	66	T	2446	86	3725	224	0	55	733601	740137	311	1	176	30	0	13	38681	39212
TP1_synth_forward	TP1_synth_forward	67	T	3480	71	73	149	1	84	736259	740117	806	1	15	15	0	60	38307	39204
TP1_synth_forward	TP1_synth_forward	68	C	1028	736619	2210	78	0	90	89	740114	188	38842	117	4	0	49	2	39202
TP1_synth_forward	TP1_synth_forward	69	C	389	739117	268	176	0	60	91	740101	52	39105	3	13	0	16	2	39191
TP1_synth_forward	TP1_synth_forward	70	T	708	69	880	311	0	112	738016	740096	116	3	30	32	0	44	38962	39187
TP1_synth_forward	TP1_synth_forward	71	C	288	736078	3491	48	0	76	100	740081	41	38983	117	3	0	28	5	39177
TP1_synth_forward	TP1_synth_forward	72	T	2582	78	1900	113	0	96	735307	740076	630	3	70	13	0	49	38408	39173
TP1_synth_forward	TP1_synth_forward	73	G	440	1133	3885	734030	0	84	493	740065	61	83	181	38788	0	22	29	39164
TP1_synth_forward	TP1_synth_forward	74	T	1353	87	1511	65	1	72	736974	740063	303	3	57	3	1	13	38782	39162
TP1_synth_forward	TP1_synth_forward	75	G	313	137	1713	737650	0	58	183	740054	54	29	82	38937	0	27	26	39155
TP1_synth_forward	TP1_synth_forward	76	C	579	737940	864	55	0	90	522	740050	141	38906	63	1	0	15	29	39155
TP1_synth_forward	TP1_synth_forward	77	G	297	160	264	738534	0	87	696	740038	20	42	34	38918	0	22	111	39147
TP1_synth_forward	TP1_synth_forward	78	C	133	737161	1579	34	0	175	956	740038	17	38940	70	2	0	93	25	39147
TP1_synth_forward	TP1_synth_forward	79	C	158	737229	364	1194	0	68	1021	740034	19	39011	25	36	0	30	23	39144
TP1_synth_forward	TP1_synth_forward	80	G	1695	496	1624	734179	0	142	1868	740004	73	93	89	38682	0	43	150	39130
TP1_synth_forward	TP1_synth_forward	81	C	111	739141	410	15	4	222	98	740001	15	39012	28	0	2	67	4	39128
TP1_synth_forward	TP1_synth_forward	82	A	738326	24	1329	99	0	96	125	739999	39024	3	55	4	0	39	3	39128
TP1_synth_forward	TP1_synth_forward	83	A	739730	23	5	68	0	83	90	739999	39109	2	0	4	0	11	2	39128
TP1_synth_forward	TP1_synth_forward	84	A	739215	466	0	129	0	78	93	739981	39083	31	0	4	0	2	4	39124
TP1_synth_forward	TP1_synth_forward	85	G	109	190	1592	736795	0	19	1165	739870	12	30	34	38809	0	6	190	39081
TP1_synth_forward	TP1_synth_forward	86	C	265	739158	1	74	6	45	271	739820	34	39013	0	1	3	11	8	39070
TP1_synth_forward	TP1_synth_forward	87	T	2912	71	88	51	13	120	736474	739729	350	1	6	7	5	68	38617	39054
TP1_synth_forward	TP1_synth_forward	88	G	286	356	689	738176	2	45	144	739698	27	29	17	38938	0	24	10	39045
TP1_synth_forward	TP1_synth_forward	89	T	845	92	355	33	0	83	738240	739648	89	2	14	6	0	53	38870	39034
TP1_synth_forward	TP1_synth_forward	90	T	1178	87	0	41	337	111	737716	739470	151	3	0	0	16	46	38796	39012
TP1_synth_forward	TP1_synth_forward	91	C	459	736710	1464	29	0	44	127	738833	51	38877	34	3	0	22	5	38992
TP1_synth_forward	TP1_synth_forward	92	C	494	737997	0	21	0	78	190	738780	28	38911	0	2	0	36	10	38987
TP1_synth_forward	TP1_synth_forward	93	G	405	253	0	737603	0	24	72	738357	34	55	0	38854	0	16	7	38966
TP1_synth_forward	TP1_synth_forward	94	T	1318	78	0	80	0	87	736658	738221	158	0	0	12	0	54	38715	38939
TP1_synth_forward	TP1_synth_forward	95	C	165	737620	0	39	0	98	106	738028	14	38857	0	2	0	56	3	38932
TP1_synth_forward	TP1_synth_forward	96	C	0	737593	0	0	0	14	0	737607	0	38900	0	0	0	10	0	38910
TP1_synth_forward	TP1_synth_forward	97	C	0	735518	0	0	0	12	0	735530	0	38811	0	0	0	6	0	38817
TP1_synth_forward	TP1_synth_forward	98	A	733300	0	0	0	0	42	0	733342	38688	0	0	0	0	14	0	38702
TP1_synth_forward	TP1_synth_forward	99	G	0	0	0	732367	0	0	0	732367	0	0	0	38608	0	0	0	38608
TP1_synth_forward	TP1_synth_forward	100	T	0	0	0	0	0	0	731283	731283	0	0	0	0	0	0	38487	38487
