



























































































































































































































#AmpliconChromStart	Alias	Position	ProbableRef	rawA	rawC	rawD	rawG	rawI	rawN	rawT	rawDepth	consA	consC	consD	consG	consI	consN	consT	consDepth	
TP1_synth_forward		5	T	0	0	0	0	0	0	287	287	0	0	0	0	0	0	192	192
TP1_synth_forward		6	G	0	0	0	759	0	0	0	759	0	0	0	447	0	0	0	447
TP1_synth_forward		7	A	1135	0	0	0	0	0	0	1135	486	0	0	0	0	0	0	486
TP1_synth_forward		8	G	0	0	0	1156	0	1	0	1157	0	0	0	497	0	0	0	497
TP1_synth_forward		9	G	0	0	0	1536	0	0	0	1536	0	0	0	532	0	0	0	532
TP1_synth_forward		10	C	6	1540	0	0	0	0	0	1546	3	539	0	0	0	0	0	542
TP1_synth_forward		11	T	3	0	0	0	0	0	1638	1641	2	0	0	0	0	0	552	554
TP1_synth_forward		12	C	6	1640	0	0	0	0	0	1646	4	555	0	0	0	0	0	559
TP1_synth_forward		13	C	4	1655	0	0	0	0	0	1659	1	566	0	0	0	0	0	567
TP1_synth_forward		14	C	12	1653	0	0	0	0	2	1667	8	566	0	0	0	0	1	575
TP1_synth_forward		15	C	2	1664	1	0	0	0	0	1667	2	572	1	0	0	0	0	575
TP1_synth_forward		16	T	10	0	1	1	0	0	1655	1667	6	0	1	1	0	0	567	575
TP1_synth_forward		17	T	37	0	0	0	0	0	1636	1673	22	0	0	0	0	0	556	578
TP1_synth_forward		18	T	22	0	0	0	0	0	2035	2057	13	0	0	0	0	0	881	894
TP1_synth_forward		19	A	131116	0	6	0	0	1	0	131123	11505	0	1	0	0	1	0	11507
TP1_synth_forward		20	T	15	1	1	0	0	0	131134	131151	9	0	1	0	0	0	11525	11535
TP1_synth_forward		21	A	131384	1	1	0	0	0	1	131387	11718	1	1	0	0	0	0	11720
TP1_synth_forward		22	C	5	131415	0	0	0	1	2	131423	4	11737	0	0	0	0	0	11741
TP1_synth_forward		23	A	131422	0	1	0	0	0	0	131423	11741	0	0	0	0	0	0	11741
TP1_synth_forward		24	G	0	18	0	131393	0	9	6	131426	0	11	0	11728	0	1	4	11744
TP1_synth_forward		25	A	131417	0	3	1	0	3	2	131426	11741	0	2	0	0	1	0	11744
TP1_synth_forward		26	A	131422	0	0	1	0	3	0	131426	11742	0	0	0	0	2	0	11744
TP1_synth_forward		27	T	29	0	1	2	0	0	131394	131426	14	0	0	1	0	0	11729	11744
TP1_synth_forward		28	A	131426	0	0	1	0	0	1	131428	11745	0	0	0	0	0	0	11745
TP1_synth_forward		29	T	19	1	0	5	0	2	131401	131428	12	0	0	3	0	0	11730	11745
TP1_synth_forward		30	C	4	131417	1	0	0	6	0	131428	1	11743	1	0	0	0	0	11745
TP1_synth_forward		31	T	20	0	0	1	0	14	131393	131428	12	0	0	1	0	0	11732	11745
TP1_synth_forward		32	G	6	22	1	131394	0	0	5	131428	5	19	0	11719	0	0	2	11745
TP1_synth_forward		33	T	79	0	2	0	0	0	131347	131428	53	0	1	0	0	0	11691	11745
TP1_synth_forward		34	T	38	0	0	10	0	0	131380	131428	23	0	0	7	0	0	11715	11745
TP1_synth_forward		35	C	5	131423	0	0	0	0	0	131428	3	11742	0	0	0	0	0	11745
TP1_synth_forward		36	G	3	11	1	131364	0	0	48	131427	1	9	0	11695	0	0	39	11744
TP1_synth_forward		37	C	11	131413	1	1	0	0	1	131427	7	11736	1	0	0	0	0	11744
TP1_synth_forward		38	A	131425	0	0	2	0	1	1	131429	11743	0	0	1	0	1	1	11746
TP1_synth_forward		39	C	9	131417	0	2	0	0	1	131429	7	11736	0	2	0	0	1	11746
TP1_synth_forward		40	T	36	2	1	8	0	13	131369	131429	25	1	1	5	0	3	11711	11746
TP1_synth_forward		41	C	9	131413	1	1	0	5	0	131429	4	11741	1	0	0	0	0	11746
TP1_synth_forward		42	C	6	131418	0	0	0	3	1	131428	5	11740	0	0	0	1	0	11746
TP1_synth_forward		43	G	2	18	0	131358	0	0	50	131428	1	12	0	11697	0	0	36	11746
TP1_synth_forward		44	A	131423	1	0	0	3	1	0	131428	11745	0	0	0	1	0	0	11746
TP1_synth_forward		45	G	1	5	0	131386	0	0	36	131428	1	4	0	11715	0	0	26	11746
TP1_synth_forward		46	T	43	0	2	0	0	1	131382	131428	25	0	1	0	0	0	11720	11746
TP1_synth_forward		47	G	0	10	1	131350	1	3	63	131428	0	7	0	11692	1	1	45	11746
TP1_synth_forward		48	C	10	131397	0	1	1	17	0	131426	7	11730	0	1	1	6	0	11745
TP1_synth_forward		49	G	2	7	3	131132	0	4	59	131207	2	2	2	11664	0	2	40	11712
TP1_synth_forward		50	G	2	9	0	130586	0	1	32	130630	1	6	0	11657	0	0	22	11686
TP1_synth_forward		51	C	6	258502	148	2	0	0	2	258660	4	13208	6	2	0	0	1	13221
TP1_synth_forward		52	T	16	0	2	5	0	0	129819	129842	7	0	2	5	0	0	2129	2143
TP1_synth_forward		53	T	24	0	0	8	0	0	129816	129848	12	0	0	6	0	0	2131	2149
TP1_synth_forward		54	G	4	4	2	129822	0	1	23	129856	1	2	2	2136	0	1	15	2157
TP1_synth_forward		55	C	11	129841	2	0	1	0	1	129856	6	2149	1	0	0	0	1	2157
TP1_synth_forward		56	G	3	5	3	129810	0	0	35	129856	1	3	3	2125	0	0	25	2157
TP1_synth_forward		57	G	9	7	0	129829	0	1	9	129855	5	4	0	2143	0	1	4	2157
TP1_synth_forward		58	A	129868	2	0	1	0	0	0	129871	2162	1	0	1	0	0	0	2164
TP1_synth_forward		59	G	15	10	0	129841	0	1	3	129870	10	6	0	2145	0	1	1	2163
TP1_synth_forward		60	A	129890	3	2	1	1	2	0	129899	2169	3	1	1	0	1	0	2175
TP1_synth_forward		61	T	12	0	2	7	0	1	129877	129899	6	0	2	5	0	1	2161	2175
TP1_synth_forward		62	T	17	0	0	2	0	1	129879	129899	11	0	0	1	0	1	2162	2175
TP1_synth_forward		63	C	7	129890	1	0	0	0	0	129898	4	2171	0	0	0	0	0	2175
TP1_synth_forward		64	T	17	0	0	2	0	0	129882	129901	12	0	0	2	0	0	2164	2178
TP1_synth_forward		65	C	9	129892	0	0	0	0	0	129901	5	2173	0	0	0	0	0	2178
TP1_synth_forward		66	T	19	0	0	4	0	1	129877	129901	14	0	0	2	0	1	2161	2178
TP1_synth_forward		67	T	26	0	0	2	0	1	129872	129901	16	0	0	0	0	1	2161	2178
TP1_synth_forward		68	C	10	129890	0	1	0	0	0	129901	6	2171	0	1	0	0	0	2178
TP1_synth_forward		69	C	7	129891	0	0	0	0	2	129900	4	2172	0	0	0	0	2	2178
TP1_synth_forward		70	T	4	0	0	2	0	2	129892	129900	2	0	0	1	0	1	2174	2178
TP1_synth_forward		71	C	3	129895	5	0	0	0	0	129903	1	2176	3	0	0	0	0	2180
TP1_synth_forward		72	T	14	1	1	0	0	1	129886	129903	10	1	0	0	0	1	2168	2180
TP1_synth_forward		73	G	6	2	2	129893	0	0	0	129903	6	2	2	2170	0	0	0	2180
TP1_synth_forward		74	T	12	0	0	2	0	1	129888	129903	6	0	0	2	0	1	2171	2180
TP1_synth_forward		75	G	18	4	1	129869	0	1	10	129903	14	3	1	2157	0	1	4	2180
TP1_synth_forward		76	C	9	129886	0	0	0	0	7	129902	8	2167	0	0	0	0	4	2179
TP1_synth_forward		77	G	5	1	2	129858	0	0	36	129902	4	0	0	2146	0	0	29	2179
TP1_synth_forward		78	C	6	129895	0	0	0	1	0	129902	6	2172	0	0	0	1	0	2179
TP1_synth_forward		79	C	8	129892	0	0	0	1	1	129902	8	2169	0	0	0	1	1	2179
TP1_synth_forward		80	G	10	2	0	129862	0	1	27	129902	7	1	0	2144	0	1	26	2179
TP1_synth_forward		81	C	5	1724	1	0	0	0	1	1731	4	619	1	0	0	0	1	625
TP1_synth_forward		82	A	1727	0	3	0	0	0	1	1731	623	0	2	0	0	0	0	625
TP1_synth_forward		83	A	1729	0	0	0	0	1	1	1731	623	0	0	0	0	1	1	625
TP1_synth_forward		84	A	1728	1	0	0	0	1	0	1730	623	1	0	0	0	1	0	625
TP1_synth_forward		85	G	3	4	0	1711	0	0	12	1730	3	2	0	611	0	0	9	625
TP1_synth_forward		86	C	2	1726	0	1	0	0	0	1729	2	621	0	1	0	0	0	624
TP1_synth_forward		87	T	17	0	0	1	0	0	1710	1728	8	0	0	1	0	0	615	624
TP1_synth_forward		88	G	4	7	0	1712	0	0	2	1725	4	5	0	611	0	0	2	622
TP1_synth_forward		89	T	18	0	0	0	0	0	1707	1725	12	0	0	0	0	0	610	622
TP1_synth_forward		90	T	12	0	0	0	0	0	1712	1724	7	0	0	0	0	0	614	621
TP1_synth_forward		91	C	4	1719	0	0	0	0	0	1723	2	619	0	0	0	0	0	621
TP1_synth_forward		92	C	7	1713	0	1	0	1	0	1722	5	614	0	0	0	1	0	620
TP1_synth_forward		93	G	0	0	0	1720	0	0	1	1721	0	0	0	619	0	0	0	619
TP1_synth_forward		94	T	15	0	0	3	0	1	1698	1717	13	0	0	3	0	1	599	616
TP1_synth_forward		95	C	1	1713	0	0	0	0	1	1715	1	613	0	0	0	0	0	614
TP1_synth_forward		96	C	0	1711	0	0	0	0	0	1711	0	612	0	0	0	0	0	612
TP1_synth_forward		97	C	0	1707	0	0	0	0	0	1707	0	610	0	0	0	0	0	610
TP1_synth_forward		98	A	1697	0	0	0	0	0	0	1697	604	0	0	0	0	0	0	604
TP1_synth_forward		99	G	0	0	0	1692	0	0	0	1692	0	0	0	601	0	0	0	601
TP1_synth_forward		100	T	0	0	0	0	0	0	1678	1678	0	0	0	0	0	0	592	592
TP1_synth_forward	TP1_synth_forward	1	G	0	0	0	474474	0	0	0	474474	0	0	0	33692	0	0	0	33692
TP1_synth_forward	TP1_synth_forward	2	T	0	0	0	0	0	0	475455	475455	0	0	0	0	0	0	33947	33947
TP1_synth_forward	TP1_synth_forward	3	G	0	0	0	476694	0	15	0	476709	0	0	0	34310	0	0	0	34310
TP1_synth_forward	TP1_synth_forward	4	G	0	0	0	477169	0	14	0	477183	0	0	0	34542	0	0	0	34542
TP1_synth_forward	TP1_synth_forward	5	T	0	0	0	0	0	56	477127	477183	0	0	0	0	0	6	34536	34542
TP1_synth_forward	TP1_synth_forward	6	G	66	36	0	476961	0	63	57	477183	2	1	0	34511	0	25	3	34542
TP1_synth_forward	TP1_synth_forward	7	A	477001	9	0	57	0	27	89	477183	34520	1	0	4	0	14	3	34542
TP1_synth_forward	TP1_synth_forward	8	G	86	29	0	476814	0	201	53	477183	6	3	0	34480	0	44	9	34542
TP1_synth_forward	TP1_synth_forward	9	G	67	49	0	476887	90	15	75	477183	5	10	0	34511	1	4	11	34542
TP1_synth_forward	TP1_synth_forward	10	C	122	476973	1	21	0	5	61	477183	22	34517	0	0	0	0	3	34542
TP1_synth_forward	TP1_synth_forward	11	T	144	78	331	7	358	23	476242	477183	31	0	10	1	30	8	34462	34542
TP1_synth_forward	TP1_synth_forward	12	C	113	475438	1466	10	0	46	110	477183	19	34426	68	0	0	19	10	34542
TP1_synth_forward	TP1_synth_forward	13	C	204	476721	1	19	0	166	72	477183	25	34484	0	0	0	32	1	34542
TP1_synth_forward	TP1_synth_forward	14	C	148	476898	0	11	0	44	82	477183	12	34510	0	1	0	14	5	34542
TP1_synth_forward	TP1_synth_forward	15	C	108	476523	461	8	1	6	76	477183	13	34514	12	0	1	2	0	34542
TP1_synth_forward	TP1_synth_forward	16	T	248	43	1687	9	0	12	475184	477183	46	2	110	0	0	6	34378	34542
TP1_synth_forward	TP1_synth_forward	17	T	263	52	2	6	0	4	476856	477183	41	6	0	1	0	2	34492	34542
TP1_synth_forward	TP1_synth_forward	18	T	196	28	157	8	35	13	476746	477183	42	1	10	2	9	1	34477	34542
TP1_synth_forward	TP1_synth_forward	19	A	475656	207	1092	51	1	60	116	477183	34448	11	62	2	1	14	4	34542
TP1_synth_forward	TP1_synth_forward	20	T	210	54	483	21	318	69	476028	477183	50	1	37	1	19	8	34426	34542
TP1_synth_forward	TP1_synth_forward	21	A	476312	4	668	59	1	30	109	477183	34486	0	39	2	0	2	13	34542
TP1_synth_forward	TP1_synth_forward	22	C	248	475269	1208	40	7	8	403	477183	37	34396	74	4	2	0	29	34542
TP1_synth_forward	TP1_synth_forward	23	A	476708	12	258	71	12	39	83	477183	34490	4	16	5	7	14	6	34542
TP1_synth_forward	TP1_synth_forward	24	G	74	75	75	476719	72	21	147	477183	5	18	2	34475	19	8	15	34542
TP1_synth_forward	TP1_synth_forward	25	A	476114	6	916	58	1	36	52	477183	34479	2	55	3	0	1	2	34542
TP1_synth_forward	TP1_synth_forward	26	A	477039	5	8	48	0	11	72	477183	34529	1	5	0	0	5	2	34542
TP1_synth_forward	TP1_synth_forward	27	T	612	47	287	42	402	61	475732	477183	131	1	21	4	14	34	34337	34542
TP1_synth_forward	TP1_synth_forward	28	A	476571	7	481	36	0	20	68	477183	34493	1	31	1	0	11	5	34542
TP1_synth_forward	TP1_synth_forward	29	T	297	42	13	124	0	82	476625	477183	57	0	4	13	0	28	34440	34542
TP1_synth_forward	TP1_synth_forward	30	C	402	476292	311	15	0	39	124	477183	119	34385	15	4	0	7	12	34542
TP1_synth_forward	TP1_synth_forward	31	T	1012	46	64	19	18	42	475901	477102	361	0	6	3	8	17	34081	34476
TP1_synth_forward	TP1_synth_forward	32	G	153	347	248	476041	2	8	288	477087	4	100	6	34286	0	1	67	34464
TP1_synth_forward	TP1_synth_forward	33	T	2149	49	872	65	1	21	473920	477077	592	3	49	9	1	13	33789	34456
TP1_synth_forward	TP1_synth_forward	34	T	1141	49	1	380	301	55	475134	477061	200	1	1	36	9	21	34179	34447
TP1_synth_forward	TP1_synth_forward	35	C	542	475842	400	20	0	22	233	477059	156	34244	19	2	0	8	18	34447
TP1_synth_forward	TP1_synth_forward	36	G	121	463	534	473543	4	59	2327	477051	7	203	28	33851	2	32	319	34442
TP1_synth_forward	TP1_synth_forward	37	C	176	475624	814	58	62	19	291	477044	36	34319	38	4	13	6	20	34436
TP1_synth_forward	TP1_synth_forward	38	A	476638	32	241	71	1	10	48	477041	34404	4	11	5	0	2	8	34434
TP1_synth_forward	TP1_synth_forward	39	C	105	476298	268	81	0	26	258	477036	26	34328	25	8	0	15	29	34431
TP1_synth_forward	TP1_synth_forward	40	T	567	90	271	244	18	108	475726	477024	115	5	19	37	2	44	34202	34424
TP1_synth_forward	TP1_synth_forward	41	C	245	475673	933	33	1	24	113	477022	44	34315	41	4	0	12	7	34423
TP1_synth_forward	TP1_synth_forward	42	C	391	476176	2	26	1	34	381	477011	143	34247	0	8	1	9	12	34420
TP1_synth_forward	TP1_synth_forward	43	G	498	257	231	473192	135	65	2610	476988	15	69	18	33931	20	6	356	34415
TP1_synth_forward	TP1_synth_forward	44	A	476664	34	2	40	199	12	35	476986	34399	5	1	1	7	1	0	34414
TP1_synth_forward	TP1_synth_forward	45	G	144	190	221	474137	2	13	2270	476977	13	43	25	34014	2	1	312	34410
TP1_synth_forward	TP1_synth_forward	46	T	1471	42	240	80	2	18	475112	476965	396	3	15	23	1	4	33959	34401
TP1_synth_forward	TP1_synth_forward	47	G	61	464	134	474079	6	9	2196	476949	4	234	15	33838	2	4	294	34391
TP1_synth_forward	TP1_synth_forward	48	C	186	475796	433	30	167	14	322	476948	27	34315	21	3	7	2	16	34391
TP1_synth_forward	TP1_synth_forward	49	G	347	93	359	473716	5	9	2408	476937	48	36	26	33675	3	3	592	34383
TP1_synth_forward	TP1_synth_forward	50	G	120	165	218	475036	0	38	1344	476921	18	55	9	33994	0	6	295	34377
TP1_synth_forward	TP1_synth_forward	51	C	148	475306	564	206	2	52	639	476917	51	34206	22	23	1	34	39	34376
TP1_synth_forward	TP1_synth_forward	52	T	1075	45	740	1009	0	51	472527	475447	371	2	43	183	0	38	33675	34312
TP1_synth_forward	TP1_synth_forward	53	T	951	72	371	207	16	37	473781	475435	284	4	14	15	3	26	33959	34305
TP1_synth_forward	TP1_synth_forward	54	G	248	127	629	473425	165	47	786	475427	31	19	58	34088	2	16	89	34303
TP1_synth_forward	TP1_synth_forward	55	C	154	473474	679	88	243	43	737	475418	35	34161	42	9	15	9	30	34301
TP1_synth_forward	TP1_synth_forward	56	G	208	67	968	472555	0	46	1567	475411	31	14	49	33704	0	5	493	34296
TP1_synth_forward	TP1_synth_forward	57	G	318	55	18	474442	223	11	317	475384	78	13	9	34076	25	0	84	34285
TP1_synth_forward	TP1_synth_forward	58	A	474914	23	9	227	44	53	102	475372	34251	2	5	14	2	6	4	34284
TP1_synth_forward	TP1_synth_forward	59	G	676	149	260	473916	107	54	178	475340	141	31	20	33994	3	27	60	34276
TP1_synth_forward	TP1_synth_forward	60	A	474143	123	149	279	491	79	66	475330	34194	13	9	23	17	17	2	34275
TP1_synth_forward	TP1_synth_forward	61	T	327	44	207	212	1	75	474451	475317	49	1	8	34	0	7	34174	34273
TP1_synth_forward	TP1_synth_forward	62	T	1102	39	29	43	29	58	473993	475293	157	2	6	3	2	18	34080	34268
TP1_synth_forward	TP1_synth_forward	63	C	852	473732	340	34	154	34	57	475203	205	34018	19	0	4	8	1	34255
TP1_synth_forward	TP1_synth_forward	64	T	2078	47	309	229	2	45	472475	475185	253	1	20	15	0	35	33928	34252
TP1_synth_forward	TP1_synth_forward	65	C	596	474035	210	55	0	31	256	475183	64	34150	8	7	0	12	10	34251
TP1_synth_forward	TP1_synth_forward	66	T	1611	53	325	129	0	39	473023	475180	229	0	30	12	0	7	33973	34251
TP1_synth_forward	TP1_synth_forward	67	T	2347	44	89	87	0	66	472538	475171	624	0	2	15	0	51	33555	34247
TP1_synth_forward	TP1_synth_forward	68	C	718	473628	592	70	0	78	85	475171	114	34052	37	2	0	39	3	34247
TP1_synth_forward	TP1_synth_forward	69	C	247	474129	278	107	0	37	369	475167	41	34175	2	8	0	4	16	34246
TP1_synth_forward	TP1_synth_forward	70	T	431	49	92	261	0	69	474262	475164	73	5	1	27	0	22	34116	34244
TP1_synth_forward	TP1_synth_forward	71	C	175	474172	648	35	1	50	78	475159	22	34158	31	6	0	18	5	34240
TP1_synth_forward	TP1_synth_forward	72	T	1729	49	285	64	201	67	472757	475152	427	4	18	9	5	45	33728	34236
TP1_synth_forward	TP1_synth_forward	73	G	326	119	417	474031	93	64	99	475149	57	21	18	34103	5	18	12	34234
TP1_synth_forward	TP1_synth_forward	74	T	882	68	234	45	0	50	473868	475147	258	4	6	6	0	9	33951	34234
TP1_synth_forward	TP1_synth_forward	75	G	277	63	562	473814	0	19	406	475141	39	14	24	34113	0	11	29	34230
TP1_synth_forward	TP1_synth_forward	76	C	504	473111	73	27	1	80	1345	475141	112	34026	23	1	1	10	57	34230
TP1_synth_forward	TP1_synth_forward	77	G	176	138	216	473805	91	39	670	475135	15	26	24	34048	7	11	97	34228
TP1_synth_forward	TP1_synth_forward	78	C	75	474238	486	118	0	111	106	475134	13	34108	43	5	0	47	12	34228
TP1_synth_forward	TP1_synth_forward	79	C	111	474372	43	18	97	46	445	475132	16	34151	12	3	7	19	20	34228
TP1_synth_forward	TP1_synth_forward	80	G	545	247	223	473590	0	104	409	475118	32	45	20	34029	0	25	70	34221
TP1_synth_forward	TP1_synth_forward	81	C	69	472826	512	6	675	141	269	474498	8	34069	36	0	35	31	14	34193
TP1_synth_forward	TP1_synth_forward	82	A	473227	19	1025	62	1	72	87	474493	34111	0	35	5	0	38	3	34192
TP1_synth_forward	TP1_synth_forward	83	A	474213	125	4	43	0	36	69	474490	34178	8	0	1	0	4	1	34192
TP1_synth_forward	TP1_synth_forward	84	A	474253	18	0	72	1	52	69	474465	34175	3	0	7	0	3	2	34190
TP1_synth_forward	TP1_synth_forward	85	G	78	146	0	473465	3	10	713	474415	14	38	0	34016	1	1	109	34179
TP1_synth_forward	TP1_synth_forward	86	C	132	474098	0	19	2	19	109	474379	28	34132	0	0	1	3	5	34169
TP1_synth_forward	TP1_synth_forward	87	T	1659	46	180	59	0	67	472116	474127	179	2	4	3	0	30	33936	34154
TP1_synth_forward	TP1_synth_forward	88	G	111	230	336	473300	8	21	102	474108	6	12	18	34090	2	12	12	34152
TP1_synth_forward	TP1_synth_forward	89	T	522	46	261	14	0	49	473130	474022	58	3	10	2	0	30	34043	34146
TP1_synth_forward	TP1_synth_forward	90	T	805	57	0	26	543	103	472177	473711	124	0	0	3	30	42	33924	34123
TP1_synth_forward	TP1_synth_forward	91	C	316	472882	74	105	0	20	93	473490	27	34054	20	2	0	7	6	34116
TP1_synth_forward	TP1_synth_forward	92	C	179	472995	0	20	1	62	133	473390	12	34048	0	1	0	39	3	34103
TP1_synth_forward	TP1_synth_forward	93	G	300	120	0	472750	0	11	60	473241	24	31	0	34019	0	5	9	34088
TP1_synth_forward	TP1_synth_forward	94	T	733	61	0	22	0	57	472268	473141	82	1	0	1	0	35	33951	34070
TP1_synth_forward	TP1_synth_forward	95	C	95	472710	0	63	0	54	98	473020	6	34017	0	2	0	30	4	34059
TP1_synth_forward	TP1_synth_forward	96	C	0	472375	0	0	0	3	0	472378	0	34022	0	0	0	1	0	34023
TP1_synth_forward	TP1_synth_forward	97	C	0	471595	0	0	0	4	0	471599	0	33971	0	0	0	0	0	33971
TP1_synth_forward	TP1_synth_forward	98	A	469131	0	0	0	0	18	0	469149	33838	0	0	0	0	8	0	33846
TP1_synth_forward	TP1_synth_forward	99	G	0	0	0	468319	0	0	0	468319	0	0	0	33800	0	0	0	33800
TP1_synth_forward	TP1_synth_forward	100	T	0	0	0	0	0	0	466881	466881	0	0	0	0	0	0	33682	33682
