



























































































































































































































#AmpliconChromStart	Alias	Position	ProbableRef	rawA	rawC	rawD	rawG	rawI	rawN	rawT	rawDepth	consA	consC	consD	consG	consI	consN	consT	consDepth	
TP1_synth_reverse		1	G	0	0	0	825274	0	0	0	825274	0	0	0	14400	0	0	0	14400
TP1_synth_reverse		2	T	0	0	0	0	0	0	826722	826722	0	0	0	0	0	0	14417	14417
TP1_synth_reverse		3	G	0	0	0	828884	0	87	0	828971	0	0	0	14448	0	0	0	14448
TP1_synth_reverse		4	G	0	0	0	829997	0	54	0	830051	0	0	0	14460	0	0	0	14460
TP1_synth_reverse		5	T	0	0	0	0	0	18	830445	830463	0	0	0	0	0	0	14464	14464
TP1_synth_reverse		6	G	108	86	0	830419	0	13	360	830986	0	0	0	14468	0	0	2	14470
TP1_synth_reverse		7	A	830852	20	0	104	0	70	133	831179	14474	0	0	0	0	0	0	14474
TP1_synth_reverse		8	G	237	81	0	832203	1	87	303	832912	0	0	0	14496	0	0	2	14498
TP1_synth_reverse		9	G	135	140	0	832091	196	28	427	833017	1	0	0	14496	1	0	2	14500
TP1_synth_reverse		10	C	226	832551	26	29	0	26	181	833039	0	14499	1	0	0	0	1	14501
TP1_synth_reverse		11	T	162	170	232	12	222	30	832211	833039	0	0	2	0	8	0	14491	14501
TP1_synth_reverse		12	C	296	831483	1041	17	0	78	141	833056	0	14488	14	0	0	0	0	14502
TP1_synth_reverse		13	C	362	832439	2	28	0	104	121	833056	0	14502	0	0	0	0	0	14502
TP1_synth_reverse		14	C	405	832450	0	15	0	44	150	833064	0	14501	0	0	0	0	1	14502
TP1_synth_reverse		15	C	271	832229	2	35	154	73	300	833064	0	14496	0	0	3	0	3	14502
TP1_synth_reverse		16	T	327	316	1405	9	0	211	830796	833064	0	4	22	0	0	0	14476	14502
TP1_synth_reverse		17	T	434	195	584	10	1	62	831778	833064	2	2	11	0	0	0	14487	14502
TP1_synth_reverse		18	T	331	392	453	8	229	65	831586	833064	0	2	6	0	3	0	14491	14502
TP1_synth_reverse		19	C	344	831112	864	24	582	74	333	833333	0	14481	12	0	7	0	3	14503
TP1_synth_reverse		20	T	243	262	1037	30	1	42	831718	833333	0	2	10	0	0	0	14491	14503
TP1_synth_reverse		21	T	493	216	97	43	2235	94	830166	833344	0	1	1	0	34	0	14467	14503
TP1_synth_reverse		22	G	143	404	689	831262	559	22	265	833344	1	0	8	14484	9	0	1	14503
TP1_synth_reverse		23	C	540	828015	940	57	3185	30	588	833355	0	14430	16	0	50	0	8	14504
TP1_synth_reverse		24	G	505	148	1232	830675	4	42	749	833355	1	0	19	14483	0	0	1	14504
TP1_synth_reverse		25	G	108	592	331	831693	207	113	339	833383	0	0	6	14494	5	0	0	14505
TP1_synth_reverse		26	A	831330	18	833	149	908	46	117	833401	14474	0	17	0	15	0	0	14506
TP1_synth_reverse		27	G	83	753	1273	830192	273	30	797	833401	1	0	11	14483	5	0	6	14506
TP1_synth_reverse		28	A	831912	186	773	93	307	34	107	833412	14494	1	9	0	3	0	0	14507
TP1_synth_reverse		29	T	263	248	1043	122	2	166	831568	833412	0	1	15	0	0	0	14491	14507
TP1_synth_reverse		30	T	897	267	885	86	0	127	831150	833412	0	4	10	1	0	0	14492	14507
TP1_synth_reverse		31	C	480	831791	862	39	8	72	157	833409	0	14493	10	0	0	0	4	14507
TP1_synth_reverse		32	T	503	355	970	45	53	371	831103	833400	0	0	11	0	2	0	14494	14507
TP1_synth_reverse		33	C	441	831218	1403	31	66	120	117	833396	0	14492	14	0	1	0	0	14507
TP1_synth_reverse		34	T	699	311	2174	62	2	87	830054	833389	1	2	25	0	0	0	14479	14507
TP1_synth_reverse		35	T	1387	456	1328	54	503	89	829555	833372	0	2	12	0	7	0	14486	14507
TP1_synth_reverse		36	C	503	830101	2516	22	0	58	96	833296	0	14479	28	0	0	0	0	14507
TP1_synth_reverse		37	C	544	830246	2104	53	4	82	250	833283	0	14480	20	0	0	0	7	14507
TP1_synth_reverse		38	T	635	206	2510	277	29	27	829324	833008	0	2	28	1	1	0	14475	14507
TP1_synth_reverse		39	C	399	829794	2503	40	4	67	223	833030	0	14476	30	0	0	0	3	14509
TP1_synth_reverse		40	T	1237	242	2736	22	927	148	827713	833025	0	1	32	0	16	0	14460	14509
TP1_synth_reverse		41	G	524	555	2246	829323	4	24	335	833011	0	0	26	14483	0	0	0	14509
TP1_synth_reverse		42	T	1993	79	2403	29	1229	68	827201	833002	0	0	31	0	16	0	14462	14509
TP1_synth_reverse		43	G	793	468	3054	827689	240	358	384	832986	5	1	37	14464	2	0	0	14509
TP1_synth_reverse		44	C	510	825556	3619	65	1165	151	1931	832997	1	14424	45	0	22	0	18	14510
TP1_synth_reverse		45	G	495	344	2632	828026	35	69	1421	833022	4	0	33	14472	1	0	3	14513
TP1_synth_reverse		46	C	761	828522	3092	86	2	12	543	833018	0	14463	43	1	0	0	6	14513
TP1_synth_reverse		47	C	373	828814	2165	97	718	31	788	832986	1	14464	29	1	14	0	3	14512
TP1_synth_reverse		48	G	256	615	2249	828852	2	49	1053	833076	1	1	31	14480	0	0	2	14515
TP1_synth_reverse		49	A	829360	215	2969	148	0	208	138	833038	14469	1	42	1	0	0	1	14514
TP1_synth_reverse		50	T	925	93	2216	126	105	91	829472	833028	0	0	29	0	1	0	14484	14514
TP1_synth_reverse		51	A	830274	59	2247	104	9	109	244	833046	14482	0	32	0	0	0	1	14515
TP1_synth_reverse		52	C	533	829647	1933	125	105	289	140	832772	0	14485	28	0	1	0	0	14514
TP1_synth_reverse		53	A	829529	42	1956	174	581	318	200	832800	14476	0	29	0	8	0	1	14514
TP1_synth_reverse		54	G	128	218	2146	829759	80	98	424	832853	0	0	30	14482	1	0	3	14516
TP1_synth_reverse		55	A	829736	75	2582	150	0	129	223	832895	14477	0	39	0	0	0	1	14517
TP1_synth_reverse		56	A	830460	14	1937	177	0	92	142	832822	14484	0	31	0	0	0	2	14517
TP1_synth_reverse		57	T	1636	78	2077	211	398	205	828248	832853	0	1	34	0	5	0	14478	14518
TP1_synth_reverse		58	A	830464	11	1992	76	1	242	96	832882	14484	0	35	0	0	0	0	14519
TP1_synth_reverse		59	T	886	133	2419	76	0	366	828949	832829	0	1	35	0	0	0	14483	14519
TP1_synth_reverse		60	C	803	828927	2409	57	67	249	294	832806	0	14476	39	0	1	0	3	14519
TP1_synth_reverse		61	T	1107	81	2085	282	481	192	828594	832822	0	0	30	3	3	0	14485	14521
TP1_synth_reverse		62	G	677	219	1862	829108	204	307	359	832736	6	0	27	14486	2	0	0	14521
TP1_synth_reverse		63	T	1972	222	2197	21	1	144	828194	832751	1	1	31	0	0	0	14489	14522
TP1_synth_reverse		64	T	1755	235	1114	13	29	51	829544	832741	0	2	18	0	1	0	14501	14522
TP1_synth_reverse		65	C	1100	829161	2089	24	173	160	241	832948	0	14487	31	0	3	0	3	14524
TP1_synth_reverse		66	G	1087	443	2145	828710	21	60	465	832931	6	1	28	14487	1	0	1	14524
TP1_synth_reverse		67	C	848	830019	1690	38	35	193	105	832928	0	14504	20	0	0	0	0	14524
TP1_synth_reverse		68	A	830583	223	1792	139	0	79	106	832922	14504	0	20	0	0	0	0	14524
TP1_synth_reverse		69	C	278	829828	2285	38	0	62	420	832911	0	14498	22	0	0	0	3	14523
TP1_synth_reverse		70	T	986	116	2046	105	182	104	829357	832896	0	1	27	0	2	0	14493	14523
TP1_synth_reverse		71	C	444	829351	2469	35	0	284	307	832890	1	14487	32	0	0	0	3	14523
TP1_synth_reverse		72	C	614	830349	1221	47	228	133	275	832867	0	14501	19	0	3	0	0	14523
TP1_synth_reverse		73	G	812	457	2313	828660	59	286	263	832850	2	0	30	14489	1	1	0	14523
TP1_synth_reverse		74	A	829907	183	2293	179	122	93	64	832841	14487	3	31	0	1	0	1	14523
TP1_synth_reverse		75	G	327	363	2427	829470	1	58	176	832822	4	0	33	14484	0	0	2	14523
TP1_synth_reverse		76	T	871	187	2712	48	222	56	828702	832798	0	2	35	0	2	0	14484	14523
TP1_synth_reverse		77	G	661	352	2751	828674	2	60	265	832765	3	0	24	14495	0	0	1	14523
TP1_synth_reverse		78	C	448	826467	3525	45	307	426	1543	832761	1	14479	29	0	4	0	10	14523
TP1_synth_reverse		79	G	566	686	3041	827945	0	135	377	832750	6	2	27	14488	0	0	0	14523
TP1_synth_reverse		80	G	548	276	1389	830063	1	129	324	832730	3	0	14	14505	0	0	1	14523
TP1_synth_reverse		81	C	332	829839	2092	86	135	69	157	832710	1	14500	20	0	2	0	0	14523
TP1_synth_reverse		82	A	828815	107	3201	149	0	80	113	832465	14491	1	31	0	0	0	0	14523
TP1_synth_reverse		83	A	830913	51	1101	82	1	197	114	832459	14513	0	10	0	0	0	0	14523
TP1_synth_reverse		84	A	831450	37	396	199	34	244	76	832436	14518	0	3	1	1	0	0	14523
TP1_synth_reverse		85	G	131	316	574	830970	82	90	158	832321	0	0	6	14516	1	0	0	14523
TP1_synth_reverse		86	C	487	831439	26	54	62	65	142	832275	0	14520	1	1	1	0	0	14523
TP1_synth_reverse		87	T	1096	117	81	22	0	313	830595	832224	0	0	1	0	0	0	14522	14523
TP1_synth_reverse		88	G	172	341	37	831254	9	137	226	832176	1	0	0	14522	0	0	0	14523
TP1_synth_reverse		89	T	680	110	248	50	0	51	830987	832126	0	0	2	0	0	0	14520	14522
TP1_synth_reverse		90	T	613	106	140	255	0	77	830663	831854	1	0	1	0	0	0	14520	14522
TP1_synth_reverse		91	C	484	830479	0	319	0	299	156	831737	0	14520	0	2	0	0	0	14522
TP1_synth_reverse		92	C	394	830188	0	91	0	342	235	831250	0	14520	0	1	0	0	1	14522
TP1_synth_reverse		93	G	372	361	0	828930	0	142	142	829947	0	0	0	14522	0	0	0	14522
TP1_synth_reverse		94	T	496	97	0	86	0	83	829029	829791	0	0	0	1	0	0	14521	14522
TP1_synth_reverse		95	C	0	829165	0	0	0	170	0	829335	0	14522	0	0	0	0	0	14522
TP1_synth_reverse		96	C	0	828096	0	0	0	114	0	828210	0	14521	0	0	0	0	0	14521
TP1_synth_reverse		97	C	0	825413	0	0	0	151	0	825564	0	14518	0	0	0	0	0	14518
TP1_synth_reverse		98	A	823451	0	0	0	0	0	0	823451	14511	0	0	0	0	0	0	14511
TP1_synth_reverse		99	G	0	0	0	822270	1	0	0	822271	0	0	0	14509	0	0	0	14509
