



























































































































































































































#AmpliconChromStart	Alias	Position	ProbableRef	rawA	rawC	rawD	rawG	rawI	rawN	rawT	rawDepth	consA	consC	consD	consG	consI	consN	consT	consDepth	
TP1_synth_reverse		1	G	0	0	0	825274	0	0	0	825274	0	0	0	20098	0	0	0	20098
TP1_synth_reverse		2	T	0	0	0	0	0	0	826722	826722	0	0	0	0	0	0	20121	20121
TP1_synth_reverse		3	G	0	0	0	828884	0	87	0	828971	0	0	0	20165	0	0	0	20165
TP1_synth_reverse		4	G	0	0	0	829997	0	54	0	830051	0	0	0	20184	0	0	0	20184
TP1_synth_reverse		5	T	0	0	0	0	0	18	830445	830463	0	0	0	0	0	0	20193	20193
TP1_synth_reverse		6	G	108	86	0	830419	0	13	360	830986	0	0	0	20201	0	0	2	20203
TP1_synth_reverse		7	A	830852	20	0	104	0	70	133	831179	20209	0	0	0	0	0	0	20209
TP1_synth_reverse		8	G	237	81	0	832203	1	87	303	832912	0	0	0	20235	0	0	2	20237
TP1_synth_reverse		9	G	135	140	0	832091	196	28	427	833017	2	0	0	20237	1	0	2	20242
TP1_synth_reverse		10	C	226	832551	26	29	0	26	181	833039	0	20241	1	0	0	0	1	20243
TP1_synth_reverse		11	T	162	170	232	12	222	30	832211	833039	0	0	2	0	14	0	20227	20243
TP1_synth_reverse		12	C	296	831483	1041	17	0	78	141	833056	0	20225	19	0	0	0	0	20244
TP1_synth_reverse		13	C	362	832439	2	28	0	104	121	833056	0	20244	0	0	0	0	0	20244
TP1_synth_reverse		14	C	405	832442	0	15	0	44	150	833056	0	20243	0	0	0	0	1	20244
TP1_synth_reverse		15	C	271	832221	2	35	154	73	300	833056	0	20237	0	0	4	0	3	20244
TP1_synth_reverse		16	T	327	316	1405	9	0	211	830810	833078	0	4	29	0	0	0	20212	20245
TP1_synth_reverse		17	T	434	195	584	10	1	62	831792	833078	2	3	11	0	0	0	20229	20245
TP1_synth_reverse		18	T	331	392	453	8	229	65	831600	833078	0	2	7	0	4	0	20232	20245
TP1_synth_reverse		19	C	344	831126	864	24	582	74	333	833347	0	20220	14	0	7	0	5	20246
TP1_synth_reverse		20	T	243	262	1037	30	1	42	831732	833347	0	3	17	0	0	0	20226	20246
TP1_synth_reverse		21	T	492	216	97	43	2235	94	830181	833358	0	1	2	0	54	0	20189	20246
TP1_synth_reverse		22	G	143	405	689	831276	559	22	264	833358	1	0	12	20217	14	0	2	20246
TP1_synth_reverse		23	C	541	828028	940	57	3185	30	588	833369	1	20153	20	0	64	0	9	20247
TP1_synth_reverse		24	G	505	148	1232	830693	4	42	752	833376	2	0	27	20218	0	0	1	20248
TP1_synth_reverse		25	G	108	594	331	831712	207	113	339	833404	1	0	7	20235	8	0	0	20251
TP1_synth_reverse		26	A	831351	18	833	149	908	46	117	833422	20207	0	21	0	24	0	0	20252
TP1_synth_reverse		27	G	83	753	1273	830213	273	30	797	833422	1	0	15	20221	5	0	10	20252
TP1_synth_reverse		28	A	831933	186	773	93	307	34	107	833433	20237	1	12	0	3	0	0	20253
TP1_synth_reverse		29	T	263	248	1043	122	2	166	831589	833433	0	4	16	0	0	0	20233	20253
TP1_synth_reverse		30	T	897	267	885	86	0	127	831171	833433	0	4	12	1	0	0	20236	20253
TP1_synth_reverse		31	C	481	831811	862	39	8	72	157	833430	0	20234	14	0	1	0	5	20254
TP1_synth_reverse		32	T	504	355	970	45	53	371	831123	833421	0	0	14	0	2	0	20238	20254
TP1_synth_reverse		33	C	443	831237	1403	31	66	120	117	833417	0	20236	17	0	1	0	0	20254
TP1_synth_reverse		34	T	699	311	2174	62	2	87	830075	833410	1	2	29	0	0	0	20222	20254
TP1_synth_reverse		35	T	1391	456	1328	54	504	89	829571	833393	0	2	12	0	8	0	20232	20254
TP1_synth_reverse		36	C	508	830117	2516	22	0	58	96	833317	0	20217	36	0	0	0	1	20254
TP1_synth_reverse		37	C	548	830263	2104	53	4	82	250	833304	1	20217	23	0	0	0	13	20254
TP1_synth_reverse		38	T	633	206	2510	277	29	27	829347	833029	0	5	34	1	2	0	20212	20254
TP1_synth_reverse		39	C	402	829812	2503	40	4	67	223	833051	0	20219	33	0	0	0	4	20256
TP1_synth_reverse		40	T	1240	242	2736	22	927	148	827731	833046	0	1	41	0	27	0	20187	20256
TP1_synth_reverse		41	G	526	555	2246	829340	4	24	337	833032	1	0	34	20221	0	0	0	20256
TP1_synth_reverse		42	T	1999	79	2403	30	1229	68	827215	833023	0	0	46	0	20	0	20190	20256
TP1_synth_reverse		43	G	792	469	3054	827710	240	358	384	833007	5	1	51	20196	3	0	0	20256
TP1_synth_reverse		44	C	512	825560	3619	65	1165	151	1931	833003	1	20136	60	0	29	0	30	20256
TP1_synth_reverse		45	G	496	344	2632	828030	35	69	1422	833028	5	0	48	20199	1	0	6	20259
TP1_synth_reverse		46	C	763	828541	3092	86	2	12	544	833040	0	20184	66	1	0	0	9	20260
TP1_synth_reverse		47	C	379	828817	2165	97	718	31	788	832995	1	20194	40	1	18	0	5	20259
TP1_synth_reverse		48	G	257	615	2249	828851	2	49	1062	833085	2	1	44	20211	0	0	4	20262
TP1_synth_reverse		49	A	829369	215	2969	148	0	208	138	833047	20194	1	61	1	0	0	3	20260
TP1_synth_reverse		50	T	925	93	2216	125	105	91	829482	833037	0	1	38	0	1	0	20219	20259
TP1_synth_reverse		51	A	830283	59	2247	104	9	109	244	833055	20217	0	40	0	1	0	2	20260
TP1_synth_reverse		52	C	537	829652	1933	125	105	289	140	832781	0	20219	38	0	1	0	1	20259
TP1_synth_reverse		53	A	829539	42	1956	174	581	318	199	832809	20207	0	39	0	11	1	1	20259
TP1_synth_reverse		54	G	129	219	2146	829766	80	98	424	832862	0	0	41	20216	1	0	4	20262
TP1_synth_reverse		55	A	829745	75	2582	150	0	129	223	832904	20207	0	55	0	0	0	1	20263
TP1_synth_reverse		56	A	830469	14	1937	177	0	92	142	832831	20214	0	46	0	0	0	3	20263
TP1_synth_reverse		57	T	1632	78	2077	211	398	205	828261	832862	2	1	50	0	6	0	20205	20264
TP1_synth_reverse		58	A	830473	11	1992	76	1	242	96	832891	20221	0	43	0	0	0	1	20265
TP1_synth_reverse		59	T	887	133	2419	76	0	366	828957	832838	1	1	46	0	0	0	20217	20265
TP1_synth_reverse		60	C	805	828934	2409	57	67	249	294	832815	0	20208	53	0	1	0	3	20265
TP1_synth_reverse		61	T	1108	81	2085	282	481	192	828602	832831	0	0	43	3	5	0	20216	20267
TP1_synth_reverse		62	G	681	218	1862	829115	204	307	358	832745	8	0	38	20217	2	0	2	20267
TP1_synth_reverse		63	T	1971	222	2197	21	1	144	828204	832760	2	3	40	0	0	0	20222	20267
TP1_synth_reverse		64	T	1754	235	1114	13	29	51	829554	832750	0	2	23	0	1	0	20241	20267
TP1_synth_reverse		65	C	1104	829166	2089	24	173	160	241	832957	0	20224	38	0	3	0	4	20269
TP1_synth_reverse		66	G	1087	443	2145	828720	21	60	464	832940	8	1	35	20222	1	0	2	20269
TP1_synth_reverse		67	C	851	830025	1690	38	35	193	105	832937	0	20239	27	0	1	0	2	20269
TP1_synth_reverse		68	A	830592	223	1792	139	0	79	106	832931	20238	0	31	0	0	0	0	20269
TP1_synth_reverse		69	C	279	829836	2285	38	0	62	420	832920	1	20232	30	0	0	0	5	20268
TP1_synth_reverse		70	T	986	116	2046	102	182	104	829369	832905	0	2	35	0	2	0	20229	20268
TP1_synth_reverse		71	C	445	829359	2469	35	0	284	307	832899	1	20216	48	0	0	0	3	20268
TP1_synth_reverse		72	C	611	830362	1221	46	228	133	275	832876	0	20235	28	0	3	0	2	20268
TP1_synth_reverse		73	G	812	457	2313	828668	59	286	264	832859	6	1	43	20217	1	0	0	20268
TP1_synth_reverse		74	A	829916	183	2293	179	122	93	64	832850	20219	3	44	0	1	0	1	20268
TP1_synth_reverse		75	G	327	362	2427	829480	1	58	176	832831	5	0	44	20215	0	0	4	20268
TP1_synth_reverse		76	T	869	187	2712	48	222	56	828713	832807	0	3	52	1	4	0	20208	20268
TP1_synth_reverse		77	G	662	353	2752	828681	2	60	264	832774	4	0	37	20225	0	0	2	20268
TP1_synth_reverse		78	C	452	826471	3526	45	307	426	1543	832770	1	20196	49	0	4	0	18	20268
TP1_synth_reverse		79	G	567	685	3042	827952	0	135	378	832759	8	2	39	20219	0	0	0	20268
TP1_synth_reverse		80	G	549	276	1389	830069	1	129	326	832739	7	0	23	20236	0	0	2	20268
TP1_synth_reverse		81	C	332	829847	2092	86	135	69	157	832718	1	20230	33	0	2	1	0	20267
TP1_synth_reverse		82	A	828824	107	3200	149	0	80	113	832473	20219	1	47	0	0	0	0	20267
TP1_synth_reverse		83	A	830922	51	1100	82	1	197	114	832467	20252	0	15	0	0	0	0	20267
TP1_synth_reverse		84	A	831458	37	396	199	34	244	76	832444	20260	0	4	2	1	0	0	20267
TP1_synth_reverse		85	G	130	316	574	830979	82	90	158	832329	0	0	10	20256	1	0	0	20267
TP1_synth_reverse		86	C	487	831447	26	54	62	65	142	832283	0	20263	2	1	1	0	0	20267
TP1_synth_reverse		87	T	1096	117	81	22	0	313	830604	832233	1	0	2	0	0	1	20263	20267
TP1_synth_reverse		88	G	173	341	37	831262	9	137	225	832184	1	0	1	20265	0	0	0	20267
TP1_synth_reverse		89	T	682	110	248	51	0	51	830992	832134	0	0	3	0	0	0	20263	20266
TP1_synth_reverse		90	T	613	106	140	255	0	77	830671	831862	1	0	1	0	0	0	20263	20265
TP1_synth_reverse		91	C	486	830485	0	319	0	299	156	831745	0	20263	0	2	0	0	0	20265
TP1_synth_reverse		92	C	395	830195	0	91	0	342	235	831258	0	20260	0	1	0	0	2	20263
TP1_synth_reverse		93	G	372	360	0	828938	0	142	142	829954	2	0	0	20255	0	0	0	20257
TP1_synth_reverse		94	T	496	97	0	86	0	83	829036	829798	0	0	0	1	0	0	20256	20257
TP1_synth_reverse		95	C	0	829172	0	0	0	170	0	829342	0	20255	0	0	0	0	0	20255
TP1_synth_reverse		96	C	0	828103	0	0	0	114	0	828217	0	20253	0	0	0	0	0	20253
TP1_synth_reverse		97	C	0	825419	0	0	0	151	0	825570	0	20246	0	0	0	0	0	20246
TP1_synth_reverse		98	A	823457	0	0	0	0	0	0	823457	20231	0	0	0	0	0	0	20231
TP1_synth_reverse		99	G	0	0	0	822277	1	0	0	822278	0	0	0	20229	0	0	0	20229
