



























































































































































































































#AmpliconChromStart	Alias	Position	ProbableRef	rawA	rawC	rawD	rawG	rawI	rawN	rawT	rawDepth	consA	consC	consD	consG	consI	consN	consT	consDepth
TP1_synth_reverse		1	G	0	0	0	825274	0	0	0	825274	0	0	0	11560	0	0	0	11560
TP1_synth_reverse		2	T	0	0	0	0	0	0	826722	826722	0	0	0	0	0	0	11572	11572
TP1_synth_reverse		3	G	0	0	0	828884	0	87	0	828971	0	0	0	11596	0	0	0	11596
TP1_synth_reverse		4	G	0	0	0	829997	0	54	0	830051	0	0	0	11606	0	0	0	11606
TP1_synth_reverse		5	T	0	0	0	0	0	18	830445	830463	0	0	0	0	0	0	11610	11610
TP1_synth_reverse		6	G	108	86	0	830419	0	13	360	830986	0	0	0	11612	0	0	2	11614
TP1_synth_reverse		7	A	830852	20	0	104	0	70	133	831179	11617	0	0	0	0	0	0	11617
TP1_synth_reverse		8	G	237	81	0	832203	1	87	303	832912	0	0	0	11635	0	0	2	11637
TP1_synth_reverse		9	G	135	140	0	832091	196	28	427	833017	1	0	0	11634	1	0	2	11638
TP1_synth_reverse		10	C	226	832551	26	29	0	26	181	833039	0	11636	1	0	0	0	1	11638
TP1_synth_reverse		11	T	162	170	232	12	222	30	832232	833060	0	0	2	0	6	0	11630	11638
TP1_synth_reverse		12	C	296	831504	1041	17	0	78	141	833077	0	11626	12	0	0	0	0	11638
TP1_synth_reverse		13	C	362	832460	2	28	0	104	121	833077	0	11638	0	0	0	0	0	11638
TP1_synth_reverse		14	C	405	832471	0	15	0	44	150	833085	0	11637	0	0	0	0	1	11638
TP1_synth_reverse		15	C	271	832250	2	35	154	73	300	833085	0	11633	0	0	2	0	3	11638
TP1_synth_reverse		16	T	327	316	1405	9	0	211	830817	833085	0	4	19	0	0	0	11615	11638
TP1_synth_reverse		17	T	435	195	584	10	1	62	831798	833085	2	2	9	0	0	0	11625	11638
TP1_synth_reverse		18	T	333	392	453	8	229	65	831605	833085	0	2	5	0	3	0	11628	11638
TP1_synth_reverse		19	C	344	831133	864	24	582	74	333	833354	0	11620	11	0	6	0	2	11639
TP1_synth_reverse		20	T	244	262	1037	30	1	42	831742	833358	0	1	9	0	0	0	11629	11639
TP1_synth_reverse		21	T	494	216	97	44	2235	94	830189	833369	0	1	1	0	28	0	11609	11639
TP1_synth_reverse		22	G	143	406	689	831285	559	22	265	833369	1	0	8	11622	8	0	0	11639
TP1_synth_reverse		23	C	540	828039	940	57	3186	30	588	833380	0	11581	14	0	39	0	5	11639
TP1_synth_reverse		24	G	505	148	1232	830699	4	42	750	833380	1	0	17	11620	0	0	1	11639
TP1_synth_reverse		25	G	108	594	331	831715	207	113	340	833408	0	0	6	11631	3	0	0	11640
TP1_synth_reverse		26	A	831355	18	833	149	908	46	117	833426	11614	0	14	0	13	0	0	11641
TP1_synth_reverse		27	G	83	755	1273	830215	273	30	797	833426	1	0	11	11620	4	0	5	11641
TP1_synth_reverse		28	A	831937	186	773	93	307	34	107	833437	11630	1	7	0	3	0	0	11641
TP1_synth_reverse		29	T	263	248	1043	122	2	166	831593	833437	0	1	13	0	0	0	11627	11641
TP1_synth_reverse		30	T	899	267	885	86	0	127	831173	833437	0	4	10	1	0	0	11626	11641
TP1_synth_reverse		31	C	480	831808	862	39	8	72	157	833426	0	11629	10	0	0	0	2	11641
TP1_synth_reverse		32	T	504	355	970	45	53	371	831117	833415	0	0	9	0	2	0	11630	11641
TP1_synth_reverse		33	C	441	831233	1403	31	66	120	117	833411	0	11627	13	0	1	0	0	11641
TP1_synth_reverse		34	T	699	311	2174	62	2	87	830069	833404	0	2	22	0	0	0	11617	11641
TP1_synth_reverse		35	T	1389	456	1328	54	503	89	829568	833387	0	2	11	0	7	0	11621	11641
TP1_synth_reverse		36	C	503	830116	2516	22	0	58	96	833311	0	11615	26	0	0	0	0	11641
TP1_synth_reverse		37	C	545	830259	2104	54	4	82	250	833298	0	11622	18	0	0	0	1	11641
TP1_synth_reverse		38	T	636	206	2510	277	29	27	829338	833023	0	1	24	1	1	0	11614	11641
TP1_synth_reverse		39	C	400	829808	2503	40	4	67	223	833045	0	11615	24	0	0	0	3	11642
TP1_synth_reverse		40	T	1237	242	2736	22	927	148	827728	833040	0	1	26	0	12	0	11603	11642
TP1_synth_reverse		41	G	526	555	2246	829343	4	24	336	833034	0	0	21	11621	0	0	0	11642
TP1_synth_reverse		42	T	1991	79	2403	29	1229	68	827226	833025	0	0	23	0	14	0	11605	11642
TP1_synth_reverse		43	G	795	467	3054	827711	240	358	384	833009	3	1	31	11605	2	0	0	11642
TP1_synth_reverse		44	C	510	825564	3619	65	1165	151	1931	833005	1	11570	39	0	17	0	15	11642
TP1_synth_reverse		45	G	495	344	2632	828033	35	69	1422	833030	4	0	27	11610	1	0	3	11645
TP1_synth_reverse		46	C	763	828528	3092	86	2	12	543	833026	0	11605	34	1	0	0	5	11645
TP1_synth_reverse		47	C	373	828821	2165	98	718	31	788	832994	1	11605	23	1	11	0	3	11644
TP1_synth_reverse		48	G	256	614	2249	828856	2	49	1058	833084	1	1	27	11615	0	0	2	11646
TP1_synth_reverse		49	A	829368	215	2969	148	0	208	138	833046	11607	1	36	1	0	0	0	11645
TP1_synth_reverse		50	T	926	93	2216	125	105	91	829480	833036	0	0	26	0	1	0	11618	11645
TP1_synth_reverse		51	A	830282	59	2247	104	9	109	244	833054	11617	0	28	0	0	0	1	11646
TP1_synth_reverse		52	C	535	829652	1933	125	105	289	140	832779	0	11621	24	0	1	0	0	11646
TP1_synth_reverse		53	A	829534	42	1956	175	581	318	201	832807	11613	0	24	0	8	0	1	11646
TP1_synth_reverse		54	G	128	218	2146	829767	80	98	423	832860	0	0	25	11620	1	0	2	11648
TP1_synth_reverse		55	A	829743	75	2582	150	0	129	223	832902	11616	0	32	0	0	0	1	11649
TP1_synth_reverse		56	A	830467	14	1937	177	0	92	142	832829	11623	0	25	0	0	0	1	11649
TP1_synth_reverse		57	T	1637	78	2077	212	398	205	828253	832860	0	0	27	0	3	0	11620	11650
TP1_synth_reverse		58	A	830471	11	1992	76	1	242	96	832889	11623	0	28	0	0	0	0	11651
TP1_synth_reverse		59	T	888	133	2419	78	0	366	828952	832836	0	1	30	0	0	0	11620	11651
TP1_synth_reverse		60	C	801	828935	2409	58	67	249	294	832813	0	11614	33	0	1	0	3	11651
TP1_synth_reverse		61	T	1110	81	2085	282	481	192	828598	832829	0	0	25	3	3	0	11621	11652
TP1_synth_reverse		62	G	676	220	1862	829114	204	307	360	832743	4	0	24	11622	2	0	0	11652
TP1_synth_reverse		63	T	1972	222	2197	21	1	144	828201	832758	0	1	28	0	0	0	11624	11653
TP1_synth_reverse		64	T	1757	235	1114	14	29	51	829548	832748	0	2	16	0	1	0	11634	11653
TP1_synth_reverse		65	C	1099	829169	2089	24	173	160	241	832955	0	11620	29	0	3	0	3	11655
TP1_synth_reverse		66	G	1087	444	2145	828716	21	60	465	832938	6	1	25	11622	0	0	1	11655
TP1_synth_reverse		67	C	848	830026	1690	38	35	193	105	832935	0	11637	18	0	0	0	0	11655
TP1_synth_reverse		68	A	830590	223	1792	139	0	79	106	832929	11638	0	17	0	0	0	0	11655
TP1_synth_reverse		69	C	278	829835	2285	38	0	62	420	832918	0	11634	19	0	0	0	2	11655
TP1_synth_reverse		70	T	986	116	2046	102	182	104	829367	832903	0	0	20	0	2	0	11633	11655
TP1_synth_reverse		71	C	444	829358	2469	35	0	284	307	832897	1	11625	26	0	0	0	3	11655
TP1_synth_reverse		72	C	616	830354	1221	47	228	133	275	832874	0	11638	15	0	2	0	0	11655
TP1_synth_reverse		73	G	812	457	2313	828666	59	286	264	832857	2	0	25	11627	0	1	0	11655
TP1_synth_reverse		74	A	829914	183	2293	179	122	93	64	832848	11624	2	27	0	1	0	1	11655
TP1_synth_reverse		75	G	327	363	2427	829477	1	58	176	832829	3	0	31	11620	0	0	1	11655
TP1_synth_reverse		76	T	870	187	2712	48	222	56	828710	832805	0	1	27	0	2	0	11625	11655
TP1_synth_reverse		77	G	661	354	2751	828677	2	60	267	832772	1	0	22	11631	0	0	1	11655
TP1_synth_reverse		78	C	449	826473	3525	45	307	426	1543	832768	1	11616	26	0	4	0	8	11655
TP1_synth_reverse		79	G	566	686	3041	827953	0	135	376	832757	5	2	24	11624	0	0	0	11655
TP1_synth_reverse		80	G	549	277	1389	830067	1	129	325	832737	3	0	13	11639	0	0	0	11655
TP1_synth_reverse		81	C	334	829844	2092	86	135	69	157	832717	1	11633	19	0	2	0	0	11655
TP1_synth_reverse		82	A	828822	107	3201	149	0	80	113	832472	11625	1	29	0	0	0	0	11655
TP1_synth_reverse		83	A	830920	51	1101	82	1	197	114	832466	11646	0	9	0	0	0	0	11655
TP1_synth_reverse		84	A	831457	37	396	199	34	244	76	832443	11651	0	3	0	1	0	0	11655
TP1_synth_reverse		85	G	131	317	574	830976	82	90	158	832328	0	0	5	11649	1	0	0	11655
TP1_synth_reverse		86	C	490	831443	26	54	62	65	142	832282	0	11652	1	1	1	0	0	11655
TP1_synth_reverse		87	T	1095	117	81	22	0	313	830603	832231	0	0	1	0	0	0	11654	11655
TP1_synth_reverse		88	G	172	342	37	831261	9	137	226	832184	1	0	0	11654	0	0	0	11655
TP1_synth_reverse		89	T	680	110	248	50	0	51	830996	832135	0	0	2	0	0	0	11653	11655
TP1_synth_reverse		90	T	614	106	140	255	0	77	830671	831863	0	0	1	0	0	0	11654	11655
TP1_synth_reverse		91	C	484	830488	0	319	0	299	156	831746	0	11653	0	2	0	0	0	11655
TP1_synth_reverse		92	C	395	830197	0	91	0	342	235	831260	0	11653	0	1	0	0	1	11655
TP1_synth_reverse		93	G	372	361	0	828940	0	142	142	829957	0	0	0	11655	0	0	0	11655
TP1_synth_reverse		94	T	497	97	0	85	0	83	829039	829801	0	0	0	1	0	0	11654	11655
TP1_synth_reverse		95	C	0	829175	0	0	0	170	0	829345	0	11655	0	0	0	0	0	11655
TP1_synth_reverse		96	C	0	828105	0	0	0	114	0	828219	0	11654	0	0	0	0	0	11654
TP1_synth_reverse		97	C	0	825422	0	0	0	151	0	825573	0	11651	0	0	0	0	0	11651
TP1_synth_reverse		98	A	823459	0	0	0	0	0	0	823459	11648	0	0	0	0	0	0	11648
TP1_synth_reverse		99	G	0	0	0	822277	1	0	0	822278	0	0	0	11648	0	0	0	11648
