



























































































































































































































#AmpliconChromStart	Alias	Position	ProbableRef	rawA	rawC	rawD	rawG	rawI	rawN	rawT	rawDepth	consA	consC	consD	consG	consI	consN	consT	consDepth	
TP1_synth_reverse		1	G	0	0	0	825274	0	0	0	825274	0	0	0	12074	0	0	0	12074
TP1_synth_reverse		2	T	0	0	0	0	0	0	826722	826722	0	0	0	0	0	0	12087	12087
TP1_synth_reverse		3	G	0	0	0	828884	0	87	0	828971	0	0	0	12113	0	0	0	12113
TP1_synth_reverse		4	G	0	0	0	829997	0	54	0	830051	0	0	0	12123	0	0	0	12123
TP1_synth_reverse		5	T	0	0	0	0	0	18	830445	830463	0	0	0	0	0	0	12127	12127
TP1_synth_reverse		6	G	108	86	0	830419	0	13	360	830986	0	0	0	12129	0	0	2	12131
TP1_synth_reverse		7	A	830852	20	0	104	0	70	133	831179	12135	0	0	0	0	0	0	12135
TP1_synth_reverse		8	G	237	81	0	832203	1	87	303	832912	0	0	0	12153	0	0	2	12155
TP1_synth_reverse		9	G	135	140	0	832091	196	28	427	833017	1	0	0	12152	1	0	2	12156
TP1_synth_reverse		10	C	226	832551	26	29	0	26	181	833039	0	12155	1	0	0	0	1	12157
TP1_synth_reverse		11	T	162	170	232	12	222	30	832211	833039	0	0	2	0	6	0	12149	12157
TP1_synth_reverse		12	C	296	831483	1041	17	0	78	141	833056	0	12144	13	0	0	0	0	12157
TP1_synth_reverse		13	C	362	832439	2	28	0	104	121	833056	0	12157	0	0	0	0	0	12157
TP1_synth_reverse		14	C	405	832442	0	15	0	44	150	833056	0	12156	0	0	0	0	1	12157
TP1_synth_reverse		15	C	271	832221	2	35	154	73	300	833056	0	12152	0	0	2	0	3	12157
TP1_synth_reverse		16	T	327	316	1405	9	0	211	830810	833078	0	4	21	0	0	0	12132	12157
TP1_synth_reverse		17	T	434	195	584	10	1	62	831798	833084	2	2	10	0	0	0	12143	12157
TP1_synth_reverse		18	T	331	392	453	8	229	65	831606	833084	0	2	5	0	3	0	12147	12157
TP1_synth_reverse		19	C	344	831132	864	24	582	74	333	833353	0	12139	11	0	6	0	2	12158
TP1_synth_reverse		20	T	243	262	1037	30	1	42	831742	833357	0	1	9	0	0	0	12148	12158
TP1_synth_reverse		21	T	492	216	97	43	2235	94	830191	833368	0	1	1	0	30	0	12126	12158
TP1_synth_reverse		22	G	143	407	689	831284	559	22	264	833368	1	0	8	12141	8	0	0	12158
TP1_synth_reverse		23	C	541	828038	940	57	3185	30	588	833379	0	12097	14	0	42	0	5	12158
TP1_synth_reverse		24	G	505	148	1232	830696	4	42	752	833379	1	0	17	12139	0	0	1	12158
TP1_synth_reverse		25	G	108	595	331	831714	207	113	339	833407	0	0	6	12150	3	0	0	12159
TP1_synth_reverse		26	A	831354	18	833	149	908	46	117	833425	12131	0	16	0	13	0	0	12160
TP1_synth_reverse		27	G	83	754	1273	830215	273	30	797	833425	1	0	11	12139	4	0	5	12160
TP1_synth_reverse		28	A	831925	186	773	93	307	34	107	833425	12148	1	8	0	3	0	0	12160
TP1_synth_reverse		29	T	263	248	1043	122	2	166	831581	833425	0	1	14	0	0	0	12145	12160
TP1_synth_reverse		30	T	897	267	885	86	0	127	831163	833425	0	4	10	1	0	0	12145	12160
TP1_synth_reverse		31	C	481	831795	862	39	8	72	157	833414	0	12148	10	0	0	0	2	12160
TP1_synth_reverse		32	T	504	355	970	45	53	371	831105	833403	0	0	10	0	2	0	12148	12160
TP1_synth_reverse		33	C	442	831220	1403	31	66	120	117	833399	0	12145	14	0	1	0	0	12160
TP1_synth_reverse		34	T	696	311	2174	62	2	87	830060	833392	1	2	24	0	0	0	12133	12160
TP1_synth_reverse		35	T	1389	456	1328	54	504	89	829555	833375	0	2	11	0	7	0	12140	12160
TP1_synth_reverse		36	C	506	830101	2516	22	0	58	96	833299	0	12134	26	0	0	0	0	12160
TP1_synth_reverse		37	C	549	830244	2104	53	4	82	250	833286	0	12140	19	0	0	0	1	12160
TP1_synth_reverse		38	T	634	206	2510	277	29	27	829328	833011	0	1	25	1	1	0	12132	12160
TP1_synth_reverse		39	C	401	829795	2503	40	4	67	223	833033	0	12132	26	0	0	0	3	12161
TP1_synth_reverse		40	T	1234	242	2736	22	927	148	827719	833028	0	1	27	0	14	0	12119	12161
TP1_synth_reverse		41	G	525	555	2246	829323	4	24	337	833014	0	0	22	12139	0	0	0	12161
TP1_synth_reverse		42	T	1996	79	2403	30	1229	68	827200	833005	0	0	24	0	14	0	12123	12161
TP1_synth_reverse		43	G	792	467	3054	827693	240	358	385	832989	3	1	32	12123	2	0	0	12161
TP1_synth_reverse		44	C	509	825560	3619	65	1165	151	1931	833000	1	12088	40	0	17	0	16	12162
TP1_synth_reverse		45	G	496	344	2632	828030	35	69	1419	833025	4	0	27	12130	1	0	3	12165
TP1_synth_reverse		46	C	762	828523	3092	86	2	12	544	833021	0	12124	35	1	0	0	5	12165
TP1_synth_reverse		47	C	376	828814	2165	97	718	31	788	832989	1	12125	23	1	11	0	3	12164
TP1_synth_reverse		48	G	256	616	2249	828853	2	49	1054	833079	1	1	27	12136	0	0	2	12167
TP1_synth_reverse		49	A	829363	215	2969	148	0	208	138	833041	12128	1	36	1	0	0	0	12166
TP1_synth_reverse		50	T	925	93	2216	126	105	91	829475	833031	0	0	26	0	1	0	12139	12166
TP1_synth_reverse		51	A	830277	59	2247	104	9	109	244	833049	12138	0	28	0	0	0	1	12167
TP1_synth_reverse		52	C	534	829649	1933	125	105	289	140	832775	0	12142	24	0	1	0	0	12167
TP1_synth_reverse		53	A	829532	42	1956	174	581	318	200	832803	12133	0	25	0	8	0	1	12167
TP1_synth_reverse		54	G	128	219	2146	829764	80	98	421	832856	0	0	25	12141	1	0	2	12169
TP1_synth_reverse		55	A	829739	75	2582	150	0	129	223	832898	12137	0	32	0	0	0	1	12170
TP1_synth_reverse		56	A	830463	14	1937	177	0	92	142	832825	12144	0	25	0	0	0	1	12170
TP1_synth_reverse		57	T	1632	78	2077	211	398	205	828254	832855	0	0	27	0	3	0	12141	12171
TP1_synth_reverse		58	A	830466	11	1992	76	1	242	96	832884	12144	0	28	0	0	0	0	12172
TP1_synth_reverse		59	T	886	133	2419	76	0	366	828951	832831	0	1	31	0	0	0	12140	12172
TP1_synth_reverse		60	C	799	828933	2409	57	67	249	294	832808	0	12134	34	0	1	0	3	12172
TP1_synth_reverse		61	T	1107	81	2085	282	481	192	828596	832824	0	0	27	3	3	0	12141	12174
TP1_synth_reverse		62	G	679	218	1862	829109	204	307	359	832738	7	0	25	12140	2	0	0	12174
TP1_synth_reverse		63	T	1971	222	2197	21	1	144	828197	832753	0	1	28	0	0	0	12146	12175
TP1_synth_reverse		64	T	1756	235	1114	13	29	51	829545	832743	0	2	16	0	1	0	12156	12175
TP1_synth_reverse		65	C	1104	829159	2089	24	173	160	241	832950	0	12142	29	0	3	0	3	12177
TP1_synth_reverse		66	G	1087	442	2145	828713	21	60	465	832933	6	1	25	12144	0	0	1	12177
TP1_synth_reverse		67	C	853	830016	1690	38	35	193	105	832930	0	12159	18	0	0	0	0	12177
TP1_synth_reverse		68	A	830600	223	1792	139	0	79	106	832939	12161	0	17	0	0	0	0	12178
TP1_synth_reverse		69	C	279	829844	2285	38	0	62	420	832928	0	12157	19	0	0	0	2	12178
TP1_synth_reverse		70	T	986	116	2046	105	182	104	829374	832913	0	1	20	0	2	0	12155	12178
TP1_synth_reverse		71	C	445	829367	2469	35	0	284	307	832907	1	12147	27	0	0	0	3	12178
TP1_synth_reverse		72	C	615	830365	1221	47	228	133	275	832884	0	12161	15	0	2	0	0	12178
TP1_synth_reverse		73	G	812	457	2313	828675	59	286	265	832867	2	0	25	12151	0	0	0	12178
TP1_synth_reverse		74	A	829924	183	2293	179	122	93	64	832858	12147	2	27	0	1	0	1	12178
TP1_synth_reverse		75	G	327	362	2427	829488	1	58	176	832839	3	0	31	12143	0	0	1	12178
TP1_synth_reverse		76	T	872	187	2712	48	222	56	828718	832815	0	1	28	0	2	0	12147	12178
TP1_synth_reverse		77	G	661	354	2752	828688	2	60	265	832782	2	0	22	12153	0	0	1	12178
TP1_synth_reverse		78	C	452	826479	3526	45	307	426	1543	832778	1	12137	27	0	4	0	9	12178
TP1_synth_reverse		79	G	566	687	3042	827961	0	135	376	832767	5	2	24	12147	0	0	0	12178
TP1_synth_reverse		80	G	549	276	1389	830076	1	129	327	832747	3	0	13	12162	0	0	0	12178
TP1_synth_reverse		81	C	332	829855	2092	86	135	69	157	832726	1	12156	19	0	2	0	0	12178
TP1_synth_reverse		82	A	828831	107	3201	149	0	80	113	832481	12147	1	30	0	0	0	0	12178
TP1_synth_reverse		83	A	830929	51	1101	82	1	197	114	832475	12169	0	9	0	0	0	0	12178
TP1_synth_reverse		84	A	831466	37	396	199	34	244	76	832452	12174	0	3	0	1	0	0	12178
TP1_synth_reverse		85	G	131	316	574	830986	82	90	158	832337	0	0	5	12172	1	0	0	12178
TP1_synth_reverse		86	C	487	831455	26	54	62	65	142	832291	0	12175	1	1	1	0	0	12178
TP1_synth_reverse		87	T	1098	117	81	22	0	313	830611	832242	0	0	1	0	0	0	12177	12178
TP1_synth_reverse		88	G	172	341	37	831273	9	137	225	832194	1	0	0	12177	0	0	0	12178
TP1_synth_reverse		89	T	682	110	248	50	0	51	831004	832145	0	0	2	0	0	0	12176	12178
TP1_synth_reverse		90	T	612	106	140	255	0	77	830683	831873	0	0	1	0	0	0	12177	12178
TP1_synth_reverse		91	C	485	830497	0	319	0	299	156	831756	0	12176	0	2	0	0	0	12178
TP1_synth_reverse		92	C	395	830208	0	91	0	342	235	831271	0	12176	0	1	0	0	1	12178
TP1_synth_reverse		93	G	372	360	0	828951	0	142	142	829967	0	0	0	12178	0	0	0	12178
TP1_synth_reverse		94	T	496	97	0	87	0	83	829048	829811	0	0	0	1	0	0	12177	12178
TP1_synth_reverse		95	C	0	829185	0	0	0	170	0	829355	0	12178	0	0	0	0	0	12178
TP1_synth_reverse		96	C	0	828116	0	0	0	114	0	828230	0	12177	0	0	0	0	0	12177
TP1_synth_reverse		97	C	0	825434	0	0	0	151	0	825585	0	12174	0	0	0	0	0	12174
TP1_synth_reverse		98	A	823472	0	0	0	0	0	0	823472	12170	0	0	0	0	0	0	12170
TP1_synth_reverse		99	G	0	0	0	822292	1	0	0	822293	0	0	0	12169	0	0	0	12169
