



























































































































































































































#AmpliconChromStart	Alias	Position	ProbableRef	rawA	rawC	rawD	rawG	rawI	rawN	rawT	rawDepth	consA	consC	consD	consG	consI	consN	consT	consDepth	
TP1_synth_reverse		1	G	0	0	0	825274	0	0	0	825274	0	0	0	7232	0	0	0	7232
TP1_synth_reverse		2	T	0	0	0	0	0	0	826722	826722	0	0	0	0	0	0	7240	7240
TP1_synth_reverse		3	G	0	0	0	828884	0	87	0	828971	0	0	0	7254	0	0	0	7254
TP1_synth_reverse		4	G	0	0	0	829997	0	54	0	830051	0	0	0	7261	0	0	0	7261
TP1_synth_reverse		5	T	0	0	0	0	0	18	830445	830463	0	0	0	0	0	0	7263	7263
TP1_synth_reverse		6	G	108	86	0	830419	0	13	360	830986	0	0	0	7263	0	0	2	7265
TP1_synth_reverse		7	A	830852	20	0	104	0	70	133	831179	7267	0	0	0	0	0	0	7267
TP1_synth_reverse		8	G	237	81	0	832203	1	87	303	832912	0	0	0	7280	0	0	2	7282
TP1_synth_reverse		9	G	135	140	0	832091	196	28	427	833017	1	0	0	7279	1	0	2	7283
TP1_synth_reverse		10	C	226	832551	26	29	0	26	181	833039	0	7282	0	0	0	0	1	7283
TP1_synth_reverse		11	T	162	170	232	12	222	30	832211	833039	0	0	2	0	1	0	7280	7283
TP1_synth_reverse		12	C	296	831483	1041	17	0	78	141	833056	0	7275	8	0	0	0	0	7283
TP1_synth_reverse		13	C	362	832439	2	28	0	104	121	833056	0	7283	0	0	0	0	0	7283
TP1_synth_reverse		14	C	405	832450	0	15	0	44	150	833064	0	7282	0	0	0	0	1	7283
TP1_synth_reverse		15	C	271	832229	2	35	154	73	300	833064	0	7279	0	0	1	0	3	7283
TP1_synth_reverse		16	T	327	316	1405	9	0	211	830796	833064	0	1	13	0	0	0	7269	7283
TP1_synth_reverse		17	T	434	195	584	10	1	62	831778	833064	2	1	8	0	0	0	7272	7283
TP1_synth_reverse		18	T	331	392	453	8	229	65	831586	833064	0	2	4	0	1	0	7276	7283
TP1_synth_reverse		19	C	344	831112	864	24	582	74	333	833333	0	7267	9	0	6	0	2	7284
TP1_synth_reverse		20	T	243	262	1037	30	1	42	831718	833333	0	1	8	0	0	0	7275	7284
TP1_synth_reverse		21	T	493	216	97	43	2235	94	830166	833344	0	1	1	0	19	0	7263	7284
TP1_synth_reverse		22	G	143	404	689	831262	559	22	265	833344	1	0	4	7274	5	0	0	7284
TP1_synth_reverse		23	C	540	828015	940	57	3185	30	588	833355	0	7247	7	0	26	0	4	7284
TP1_synth_reverse		24	G	505	148	1232	830682	4	42	749	833362	1	0	9	7273	0	0	1	7284
TP1_synth_reverse		25	G	108	592	331	831700	207	113	339	833390	0	0	3	7279	2	0	0	7284
TP1_synth_reverse		26	A	831337	18	833	149	908	46	117	833408	7267	0	8	0	9	0	0	7284
TP1_synth_reverse		27	G	83	753	1273	830199	273	30	797	833408	0	0	10	7268	3	0	3	7284
TP1_synth_reverse		28	A	831908	186	773	93	307	34	107	833408	7275	1	5	0	3	0	0	7284
TP1_synth_reverse		29	T	263	248	1043	122	2	166	831564	833408	0	1	8	0	0	0	7275	7284
TP1_synth_reverse		30	T	898	267	885	86	0	127	831145	833408	0	3	7	1	0	0	7273	7284
TP1_synth_reverse		31	C	480	831787	862	39	8	72	157	833405	0	7278	6	0	0	0	0	7284
TP1_synth_reverse		32	T	503	355	970	45	53	371	831099	833396	0	0	6	0	0	0	7278	7284
TP1_synth_reverse		33	C	442	831213	1403	31	66	120	117	833392	0	7271	12	0	1	0	0	7284
TP1_synth_reverse		34	T	696	311	2174	62	2	87	830053	833385	0	2	18	0	0	0	7264	7284
TP1_synth_reverse		35	T	1386	456	1328	54	503	89	829552	833368	0	2	10	0	4	0	7268	7284
TP1_synth_reverse		36	C	503	830097	2516	22	0	58	96	833292	0	7263	21	0	0	0	0	7284
TP1_synth_reverse		37	C	544	830242	2104	53	4	82	250	833279	0	7267	17	0	0	0	0	7284
TP1_synth_reverse		38	T	635	206	2510	277	29	27	829320	833004	0	1	20	1	0	0	7262	7284
TP1_synth_reverse		39	C	398	829791	2503	40	4	67	223	833026	0	7263	20	0	0	0	1	7284
TP1_synth_reverse		40	T	1236	242	2736	22	927	148	827710	833021	0	1	22	0	8	0	7253	7284
TP1_synth_reverse		41	G	524	555	2246	829319	4	24	335	833007	0	0	17	7267	0	0	0	7284
TP1_synth_reverse		42	T	1992	79	2403	29	1229	68	827198	832998	0	0	18	0	12	0	7254	7284
TP1_synth_reverse		43	G	793	468	3054	827685	240	358	384	832982	3	1	24	7255	1	0	0	7284
TP1_synth_reverse		44	C	511	825551	3619	65	1165	151	1931	832993	1	7236	26	0	8	0	13	7284
TP1_synth_reverse		45	G	495	344	2632	828024	35	69	1419	833018	3	0	18	7261	0	0	2	7284
TP1_synth_reverse		46	C	761	828534	3092	86	2	12	543	833030	0	7258	22	1	0	0	3	7284
TP1_synth_reverse		47	C	375	828811	2165	97	718	31	788	832985	1	7254	17	1	8	0	3	7284
TP1_synth_reverse		48	G	257	615	2249	828851	2	49	1052	833075	1	0	20	7263	0	0	2	7286
TP1_synth_reverse		49	A	829359	215	2969	148	0	208	138	833037	7256	1	28	1	0	0	0	7286
TP1_synth_reverse		50	T	925	93	2216	126	105	91	829471	833027	0	0	20	0	0	0	7266	7286
TP1_synth_reverse		51	A	830273	59	2247	104	9	109	244	833045	7266	0	19	0	0	0	1	7286
TP1_synth_reverse		52	C	533	829646	1933	125	105	289	140	832771	0	7269	16	0	1	0	0	7286
TP1_synth_reverse		53	A	829529	42	1956	174	581	318	199	832799	7262	0	18	0	5	0	1	7286
TP1_synth_reverse		54	G	129	218	2146	829759	80	98	422	832852	0	0	19	7265	1	0	2	7287
TP1_synth_reverse		55	A	829735	75	2582	150	0	129	223	832894	7267	0	20	0	0	0	1	7288
TP1_synth_reverse		56	A	830459	14	1937	177	0	92	142	832821	7271	0	17	0	0	0	0	7288
TP1_synth_reverse		57	T	1634	78	2077	211	398	205	828249	832852	0	0	18	0	3	0	7268	7289
TP1_synth_reverse		58	A	830463	11	1992	76	1	242	96	832881	7272	0	18	0	0	0	0	7290
TP1_synth_reverse		59	T	888	133	2419	76	0	366	828946	832828	0	1	22	0	0	0	7267	7290
TP1_synth_reverse		60	C	803	828926	2409	57	67	249	294	832805	0	7266	21	0	1	0	2	7290
TP1_synth_reverse		61	T	1109	81	2085	282	481	192	828591	832821	0	0	17	2	3	0	7268	7290
TP1_synth_reverse		62	G	678	219	1862	829107	204	307	358	832735	3	0	15	7270	2	0	0	7290
TP1_synth_reverse		63	T	1969	222	2197	21	1	144	828196	832750	0	1	21	0	0	0	7268	7290
TP1_synth_reverse		64	T	1754	235	1114	13	29	51	829544	832740	0	2	11	0	1	0	7276	7290
TP1_synth_reverse		65	C	1101	829159	2089	24	173	160	241	832947	0	7268	22	0	1	0	0	7291
TP1_synth_reverse		66	G	1087	442	2145	828711	21	60	464	832930	6	1	18	7265	0	0	1	7291
TP1_synth_reverse		67	C	846	830020	1690	38	35	193	105	832927	0	7276	15	0	0	0	0	7291
TP1_synth_reverse		68	A	830582	223	1792	139	0	79	106	832921	7278	0	13	0	0	0	0	7291
TP1_synth_reverse		69	C	278	829827	2285	38	0	62	420	832910	0	7272	17	0	0	0	2	7291
TP1_synth_reverse		70	T	986	116	2046	105	182	104	829356	832895	0	0	15	0	1	0	7275	7291
TP1_synth_reverse		71	C	444	829350	2469	35	0	284	307	832889	1	7271	17	0	0	0	2	7291
TP1_synth_reverse		72	C	610	830352	1221	47	228	133	275	832866	0	7282	8	0	1	0	0	7291
TP1_synth_reverse		73	G	812	457	2313	828660	59	286	262	832849	2	0	14	7275	0	0	0	7291
TP1_synth_reverse		74	A	829906	183	2293	179	122	93	64	832840	7274	1	15	0	1	0	0	7291
TP1_synth_reverse		75	G	327	363	2427	829469	1	58	176	832821	2	0	17	7271	0	0	1	7291
TP1_synth_reverse		76	T	870	187	2712	48	222	56	828702	832797	0	1	17	0	2	0	7271	7291
TP1_synth_reverse		77	G	662	352	2751	828673	2	60	264	832764	1	0	17	7273	0	0	0	7291
TP1_synth_reverse		78	C	447	826467	3525	45	307	426	1543	832760	0	7261	20	0	3	0	7	7291
TP1_synth_reverse		79	G	567	685	3041	827943	0	135	378	832749	3	2	19	7267	0	0	0	7291
TP1_synth_reverse		80	G	549	276	1389	830062	1	129	323	832729	2	0	8	7281	0	0	0	7291
TP1_synth_reverse		81	C	330	829840	2092	86	135	69	157	832709	1	7275	14	0	1	0	0	7291
TP1_synth_reverse		82	A	828815	107	3200	149	0	80	113	832464	7268	1	22	0	0	0	0	7291
TP1_synth_reverse		83	A	830913	51	1100	82	1	197	114	832458	7283	0	8	0	0	0	0	7291
TP1_synth_reverse		84	A	831449	37	396	199	34	244	76	832435	7287	0	3	0	1	0	0	7291
TP1_synth_reverse		85	G	130	316	574	830970	82	90	158	832320	0	0	3	7287	1	0	0	7291
TP1_synth_reverse		86	C	487	831438	26	54	62	65	142	832274	0	7290	0	0	1	0	0	7291
TP1_synth_reverse		87	T	1096	117	81	22	0	313	830595	832224	0	0	1	0	0	0	7290	7291
TP1_synth_reverse		88	G	173	341	37	831253	9	137	226	832176	0	0	0	7291	0	0	0	7291
TP1_synth_reverse		89	T	680	110	248	51	0	51	830986	832126	0	0	2	0	0	0	7289	7291
TP1_synth_reverse		90	T	613	106	140	255	0	77	830663	831854	0	0	1	0	0	0	7290	7291
TP1_synth_reverse		91	C	485	830478	0	319	0	299	156	831737	0	7289	0	2	0	0	0	7291
TP1_synth_reverse		92	C	394	830189	0	91	0	342	235	831251	0	7290	0	0	0	0	1	7291
TP1_synth_reverse		93	G	372	361	0	828931	0	142	142	829948	0	0	0	7291	0	0	0	7291
TP1_synth_reverse		94	T	496	97	0	86	0	83	829030	829792	0	0	0	1	0	0	7290	7291
TP1_synth_reverse		95	C	0	829166	0	0	0	170	0	829336	0	7291	0	0	0	0	0	7291
TP1_synth_reverse		96	C	0	828097	0	0	0	114	0	828211	0	7291	0	0	0	0	0	7291
TP1_synth_reverse		97	C	0	825414	0	0	0	151	0	825565	0	7290	0	0	0	0	0	7290
TP1_synth_reverse		98	A	823452	0	0	0	0	0	0	823452	7290	0	0	0	0	0	0	7290
TP1_synth_reverse		99	G	0	0	0	822271	1	0	0	822272	0	0	0	7290	0	0	0	7290
