



























































































































































































































#AmpliconChromStart	Alias	Position	ProbableRef	rawA	rawC	rawD	rawG	rawI	rawN	rawT	rawDepth	consA	consC	consD	consG	consI	consN	consT	consDepth	
TP1_synth_reverse		1	G	0	0	0	511596	0	0	0	511596	0	0	0	8868	0	0	0	8868
TP1_synth_reverse		2	T	0	0	0	0	0	0	513126	513126	0	0	0	0	0	0	8877	8877
TP1_synth_reverse		3	G	0	0	0	515018	0	11	0	515029	0	0	0	8898	0	0	0	8898
TP1_synth_reverse		4	G	0	0	0	515587	0	8	0	515595	0	0	0	8907	0	0	0	8907
TP1_synth_reverse		5	T	0	0	0	0	0	49	515919	515968	0	0	0	0	0	0	8911	8911
TP1_synth_reverse		6	G	105	40	0	516022	0	63	97	516327	1	0	0	8912	0	0	1	8914
TP1_synth_reverse		7	A	516322	10	0	65	0	41	76	516514	8920	0	0	0	0	0	0	8920
TP1_synth_reverse		8	G	83	40	0	516189	0	207	60	516579	0	0	0	8925	0	0	0	8925
TP1_synth_reverse		9	G	189	65	0	516286	3	32	80	516655	1	0	0	8926	0	0	0	8927
TP1_synth_reverse		10	C	136	516387	45	8	4	7	84	516671	0	8927	1	0	0	0	0	8928
TP1_synth_reverse		11	T	141	84	163	10	265	19	516001	516683	0	0	1	0	2	0	8925	8928
TP1_synth_reverse		12	C	161	515492	856	14	0	51	109	516683	0	8917	11	0	0	0	0	8928
TP1_synth_reverse		13	C	204	516209	4	21	0	156	89	516683	0	8928	0	0	0	0	0	8928
TP1_synth_reverse		14	C	199	516332	0	18	0	52	86	516687	0	8928	0	0	0	0	0	8928
TP1_synth_reverse		15	C	123	516477	0	8	2	5	72	516687	0	8928	0	0	0	0	0	8928
TP1_synth_reverse		16	T	335	52	1102	15	0	13	515170	516687	0	0	15	0	0	0	8913	8928
TP1_synth_reverse		17	T	330	97	0	18	0	8	516257	516710	0	3	0	0	0	0	8925	8928
TP1_synth_reverse		18	T	270	76	0	11	154	13	516255	516779	0	0	0	0	1	0	8928	8929
TP1_synth_reverse		19	C	246	596220	484	22	0	78	100	597150	0	9123	3	0	0	0	1	9127
TP1_synth_reverse		20	T	399	50	1341	59	0	60	595241	597150	0	0	13	0	0	0	9114	9127
TP1_synth_reverse		21	T	1374	88	0	46	1	29	595620	597158	0	0	0	0	0	0	9127	9127
TP1_synth_reverse		22	G	87	482	164	596262	0	9	165	597169	0	0	4	9124	0	0	0	9128
TP1_synth_reverse		23	C	464	595032	1296	48	2	35	292	597169	1	9113	12	0	0	0	2	9128
TP1_synth_reverse		24	G	179	98	133	596478	0	16	271	597175	0	0	3	9126	0	0	0	9129
TP1_synth_reverse		25	G	183	290	7	596442	93	42	131	597188	2	0	0	9126	2	0	0	9130
TP1_synth_reverse		26	A	596562	7	350	107	68	10	84	597188	9124	0	4	0	2	0	0	9130
TP1_synth_reverse		27	G	43	150	52	596111	337	72	423	597188	0	0	2	9125	3	0	0	9130
TP1_synth_reverse		28	A	596470	70	298	46	210	22	72	597188	9122	0	3	0	5	0	0	9130
TP1_synth_reverse		29	T	417	62	455	609	1	88	595556	597188	0	0	7	0	0	0	9123	9130
TP1_synth_reverse		30	T	2145	61	12	49	0	48	594879	597194	0	0	1	0	0	0	9130	9131
TP1_synth_reverse		31	C	522	596508	14	34	0	52	59	597189	0	9131	1	0	0	0	0	9132
TP1_synth_reverse		32	T	714	57	8	85	0	17	596300	597181	0	0	1	0	0	0	9131	9132
TP1_synth_reverse		33	C	559	596389	107	21	1	25	76	597178	0	9126	6	0	0	0	0	9132
TP1_synth_reverse		34	T	1976	73	860	1330	0	57	592877	597173	0	0	14	0	0	0	9118	9132
TP1_synth_reverse		35	T	2539	45	10	263	36	41	594226	597160	0	0	1	0	2	0	9129	9132
TP1_synth_reverse		36	C	286	596457	196	53	0	63	110	597165	0	9129	3	0	0	0	0	9132
TP1_synth_reverse		37	C	289	596229	22	354	84	25	141	597144	0	9126	1	0	4	0	1	9132
TP1_synth_reverse		38	T	1343	186	381	65	297	5	594857	597134	0	2	1	0	3	0	9126	9132
TP1_synth_reverse		39	C	221	596379	221	145	61	36	65	597128	0	9124	4	2	2	0	0	9132
TP1_synth_reverse		40	T	1193	50	174	97	7	106	595494	597121	0	0	4	0	1	0	9127	9132
TP1_synth_reverse		41	G	105	974	601	592827	0	35	2576	597118	1	0	6	9124	0	0	1	9132
TP1_synth_reverse		42	T	2228	61	0	129	252	39	594405	597114	0	0	0	0	1	0	9131	9132
TP1_synth_reverse		43	G	90	200	2	594220	0	64	2556	597132	0	0	0	9132	0	0	0	9132
TP1_synth_reverse		44	C	434	595342	3	32	0	8	1310	597129	0	9118	0	0	0	0	14	9132
TP1_synth_reverse		45	G	635	127	22	593898	22	15	2407	597126	4	0	2	9125	1	0	0	9132
TP1_synth_reverse		46	C	762	595494	433	107	0	19	310	597125	0	9123	4	0	0	0	5	9132
TP1_synth_reverse		47	C	208	596313	0	36	2	2	561	597122	0	9129	0	0	0	0	3	9132
TP1_synth_reverse		48	G	140	1015	567	592033	602	11	2744	597112	0	0	1	9127	2	0	2	9132
TP1_synth_reverse		49	A	596208	35	557	37	21	12	98	596968	9876	0	1	0	0	0	0	9877
TP1_synth_reverse		50	T	2384	270	512	27	48	33	593735	597009	0	1	5	0	1	0	9871	9878
TP1_synth_reverse		51	A	596381	31	434	35	0	54	118	597053	9875	0	4	0	0	0	0	9879
TP1_synth_reverse		52	C	407	595732	281	62	187	51	360	597080	1	9861	9	0	4	0	5	9880
TP1_synth_reverse		53	A	596697	15	151	105	1	28	83	597080	9878	0	2	0	0	0	0	9880
TP1_synth_reverse		54	G	264	291	160	594905	462	58	932	597072	0	1	1	9877	1	0	0	9880
TP1_synth_reverse		55	A	596121	103	701	37	0	61	79	597102	9876	0	5	0	0	0	0	9881
TP1_synth_reverse		56	A	596726	4	0	46	186	34	103	597099	9880	0	0	0	1	0	0	9881
TP1_synth_reverse		57	T	2584	37	37	179	0	13	594230	597080	0	0	3	0	0	0	9878	9881
TP1_synth_reverse		58	A	596426	158	282	81	0	52	86	597085	9879	2	1	0	0	0	0	9882
TP1_synth_reverse		59	T	1308	35	14	146	1	50	595510	597064	0	0	0	0	0	0	9882	9882
TP1_synth_reverse		60	C	1617	595089	22	79	102	78	60	597047	0	9877	1	0	4	0	0	9882
TP1_synth_reverse		61	T	819	51	790	689	44	102	594535	597030	0	0	6	0	2	0	9874	9882
TP1_synth_reverse		62	G	606	223	192	595016	208	65	718	597028	3	0	2	9872	3	0	3	9883
TP1_synth_reverse		63	T	4256	51	263	48	0	18	592405	597041	0	0	4	0	0	0	9880	9884
TP1_synth_reverse		64	T	1811	39	232	138	1	37	594775	597033	0	0	2	0	0	0	9882	9884
TP1_synth_reverse		65	C	494	596127	102	20	0	49	236	597028	0	9882	2	0	0	0	0	9884
TP1_synth_reverse		66	G	887	265	127	595006	0	28	707	597020	0	0	4	9877	0	0	3	9884
TP1_synth_reverse		67	C	718	595622	369	19	125	69	116	597038	0	9874	7	0	3	0	1	9885
TP1_synth_reverse		68	A	596234	406	134	144	1	75	43	597037	9885	0	0	0	0	0	0	9885
TP1_synth_reverse		69	C	83	596487	90	42	3	25	258	596988	0	9880	2	0	0	0	2	9884
TP1_synth_reverse		70	T	730	71	532	527	574	97	594446	596977	0	0	6	0	2	0	9876	9884
TP1_synth_reverse		71	C	204	596539	66	39	0	54	72	596974	0	9883	1	0	0	0	0	9884
TP1_synth_reverse		72	C	650	596095	3	42	0	67	112	596969	0	9884	0	0	0	0	0	9884
TP1_synth_reverse		73	G	541	212	383	595100	20	56	647	596959	0	0	4	9875	2	0	3	9884
TP1_synth_reverse		74	A	596227	165	415	76	8	45	21	596957	9876	0	8	0	0	0	0	9884
TP1_synth_reverse		75	G	301	150	166	595839	161	36	289	596942	0	0	1	9880	2	0	1	9884
TP1_synth_reverse		76	T	4929	46	44	56	361	82	591413	596931	0	0	3	0	3	0	9878	9884
TP1_synth_reverse		77	G	108	282	314	595468	0	46	700	596918	0	0	2	9882	0	0	0	9884
TP1_synth_reverse		78	C	180	595162	616	23	255	127	549	596912	0	9874	5	0	2	0	3	9884
TP1_synth_reverse		79	G	214	1188	85	593064	2	47	2089	596689	2	1	2	9875	0	0	4	9884
TP1_synth_reverse		80	G	814	172	33	594293	1	103	1161	596577	4	0	1	9876	0	0	3	9884
TP1_synth_reverse		81	C	299	595311	14	37	363	143	328	596495	1	9875	0	0	5	0	1	9882
TP1_synth_reverse		82	A	514661	10	146	72	0	54	147	515090	8935	0	4	0	0	0	0	8939
TP1_synth_reverse		83	A	514786	114	6	37	0	41	97	515081	8936	3	0	0	0	0	0	8939
TP1_synth_reverse		84	A	514851	12	0	67	6	45	79	515060	8939	0	0	0	0	0	0	8939
TP1_synth_reverse		85	G	158	166	104	513795	0	8	719	514950	2	0	3	8934	0	0	0	8939
TP1_synth_reverse		86	C	182	514376	51	29	0	22	239	514899	0	8938	0	0	0	0	1	8939
TP1_synth_reverse		87	T	1469	56	47	33	1	85	513149	514840	0	0	0	0	0	0	8939	8939
TP1_synth_reverse		88	G	182	281	18	514219	2	25	89	514816	0	0	0	8939	0	0	0	8939
TP1_synth_reverse		89	T	748	71	275	19	0	53	513591	514757	0	0	0	0	0	0	8939	8939
TP1_synth_reverse		90	T	826	51	2	31	0	92	513437	514439	0	0	0	0	0	0	8939	8939
TP1_synth_reverse		91	C	255	513889	0	152	0	21	100	514417	0	8938	0	1	0	0	0	8939
TP1_synth_reverse		92	C	194	513609	0	19	0	72	192	514086	0	8937	0	0	0	0	0	8937
TP1_synth_reverse		93	G	304	127	0	513161	0	15	47	513654	1	0	0	8934	0	0	0	8935
TP1_synth_reverse		94	T	763	59	0	38	0	63	512515	513438	0	1	0	0	0	0	8934	8935
TP1_synth_reverse		95	C	0	513106	0	0	0	46	0	513152	0	8933	0	0	0	0	0	8933
TP1_synth_reverse		96	C	0	512781	0	0	0	3	0	512784	0	8932	0	0	0	0	0	8932
TP1_synth_reverse		97	C	0	511685	0	0	0	1	0	511686	0	8927	0	0	0	0	0	8927
TP1_synth_reverse		98	A	509456	0	0	0	0	0	0	509456	8915	0	0	0	0	0	0	8915
TP1_synth_reverse		99	G	0	0	0	508966	0	0	0	508966	0	0	0	8915	0	0	0	8915
