



























































































































































































































#AmpliconChromStart	Alias	Position	ProbableRef	rawA	rawC	rawD	rawG	rawI	rawN	rawT	rawDepth	consA	consC	consD	consG	consI	consN	consT	consDepth	
TP1_synth_reverse		1	G	0	0	0	511596	0	0	0	511596	0	0	0	37673	0	0	0	37673
TP1_synth_reverse		2	T	0	0	0	0	0	0	513126	513126	0	0	0	0	0	0	38000	38000
TP1_synth_reverse		3	G	0	0	0	515018	0	11	0	515029	0	0	0	38418	0	1	0	38419
TP1_synth_reverse		4	G	0	0	0	515587	0	8	0	515595	0	0	0	38679	0	1	0	38680
TP1_synth_reverse		5	T	0	0	0	0	0	49	515919	515968	0	0	0	0	0	6	38866	38872
TP1_synth_reverse		6	G	105	40	0	516022	0	63	97	516327	6	5	0	39132	0	29	9	39181
TP1_synth_reverse		7	A	516322	10	0	65	0	41	76	516514	39185	1	0	1	0	20	8	39215
TP1_synth_reverse		8	G	83	40	0	516189	0	207	60	516579	5	4	0	39159	0	57	15	39240
TP1_synth_reverse		9	G	189	65	0	516286	3	32	80	516655	9	17	0	39214	1	10	12	39263
TP1_synth_reverse		10	C	136	516387	45	8	4	7	84	516671	19	39248	1	1	1	0	4	39274
TP1_synth_reverse		11	T	141	84	163	10	265	19	516001	516683	31	6	4	0	12	4	39227	39284
TP1_synth_reverse		12	C	161	515492	856	14	0	51	109	516683	21	39192	38	1	0	26	6	39284
TP1_synth_reverse		13	C	204	516209	4	21	0	156	89	516683	24	39219	0	0	0	35	6	39284
TP1_synth_reverse		14	C	199	516332	0	18	0	52	86	516687	30	39243	0	0	0	10	5	39288
TP1_synth_reverse		15	C	123	516477	0	8	2	5	72	516687	22	39261	0	1	0	1	3	39288
TP1_synth_reverse		16	T	335	52	1102	15	0	13	515170	516687	73	1	107	3	0	8	39096	39288
TP1_synth_reverse		17	T	330	97	0	18	0	8	516257	516710	86	15	0	2	0	4	39203	39310
TP1_synth_reverse		18	T	270	76	0	11	154	13	516255	516779	65	1	0	2	8	7	39268	39351
TP1_synth_reverse		19	C	246	596220	484	22	0	78	100	597150	91	40128	26	2	0	14	9	40270
TP1_synth_reverse		20	T	399	50	1341	59	0	60	595241	597150	109	1	69	5	0	7	40079	40270
TP1_synth_reverse		21	T	1374	88	0	46	1	29	595620	597158	499	2	0	7	1	3	39765	40277
TP1_synth_reverse		22	G	87	482	164	596262	0	9	165	597169	7	258	26	39955	0	2	34	40282
TP1_synth_reverse		23	C	464	595032	1296	48	2	35	292	597169	115	40070	67	0	1	15	14	40282
TP1_synth_reverse		24	G	179	98	133	596478	0	16	271	597175	15	30	16	40171	0	8	44	40284
TP1_synth_reverse		25	G	183	290	7	596442	93	42	131	597188	26	148	1	40069	5	6	37	40292
TP1_synth_reverse		26	A	596562	7	350	107	68	10	84	597188	40240	0	23	3	20	5	1	40292
TP1_synth_reverse		27	G	43	150	52	596111	337	72	423	597188	5	40	12	40016	17	44	158	40292
TP1_synth_reverse		28	A	596470	70	298	46	210	22	72	597188	40225	10	15	2	23	12	5	40292
TP1_synth_reverse		29	T	417	62	455	609	1	88	595556	597188	109	5	52	65	0	43	40018	40292
TP1_synth_reverse		30	T	2145	61	12	49	0	48	594879	597194	723	2	3	5	0	17	39545	40295
TP1_synth_reverse		31	C	522	596508	14	34	0	52	59	597189	188	40071	2	5	0	20	6	40292
TP1_synth_reverse		32	T	714	57	8	85	0	17	596300	597181	117	3	2	12	0	9	40147	40290
TP1_synth_reverse		33	C	559	596389	107	21	1	25	76	597178	202	40042	22	2	0	20	2	40290
TP1_synth_reverse		34	T	1976	73	860	1330	0	57	592877	597173	293	2	64	155	0	26	39750	40290
TP1_synth_reverse		35	T	2539	45	10	263	36	41	594226	597160	828	2	2	44	8	12	39392	40288
TP1_synth_reverse		36	C	286	596457	196	53	0	63	110	597165	37	40206	13	7	0	25	5	40293
TP1_synth_reverse		37	C	289	596229	22	354	84	25	141	597144	54	40148	7	42	10	8	13	40282
TP1_synth_reverse		38	T	1343	186	381	65	297	5	594857	597134	426	20	15	8	16	4	39787	40276
TP1_synth_reverse		39	C	221	596379	221	145	61	36	65	597128	36	40168	19	16	6	26	1	40272
TP1_synth_reverse		40	T	1193	50	174	97	7	106	595494	597121	276	3	20	16	1	53	39899	40268
TP1_synth_reverse		41	G	105	974	601	592827	0	35	2576	597118	11	444	33	39336	0	19	423	40266
TP1_synth_reverse		42	T	2228	61	0	129	252	39	594405	597114	772	4	0	33	6	10	39441	40266
TP1_synth_reverse		43	G	90	200	2	594220	0	64	2556	597132	6	60	0	39784	0	6	429	40285
TP1_synth_reverse		44	C	434	595342	3	32	0	8	1310	597129	136	40063	0	2	0	1	82	40284
TP1_synth_reverse		45	G	635	127	22	593898	22	15	2407	597126	34	30	8	39834	9	2	366	40283
TP1_synth_reverse		46	C	762	595494	433	107	0	19	310	597125	312	39892	21	25	0	8	25	40283
TP1_synth_reverse		47	C	208	596313	0	36	2	2	561	597122	53	40189	0	4	0	1	34	40281
TP1_synth_reverse		48	G	140	1015	567	592033	602	11	2744	597112	8	429	17	39401	19	2	402	40278
TP1_synth_reverse		49	A	596208	35	557	37	21	12	98	596968	45855	11	15	4	1	7	13	45906
TP1_synth_reverse		50	T	2384	270	512	27	48	33	593735	597009	395	12	22	2	8	18	45483	45940
TP1_synth_reverse		51	A	596381	31	434	35	0	54	118	597053	45901	9	25	1	0	34	10	45980
TP1_synth_reverse		52	C	407	595732	281	62	187	51	360	597080	122	45760	32	2	12	36	28	45992
TP1_synth_reverse		53	A	596697	15	151	105	1	28	83	597080	45945	1	10	6	0	22	8	45992
TP1_synth_reverse		54	G	264	291	160	594905	462	58	932	597072	43	72	8	45680	23	23	140	45989
TP1_synth_reverse		55	A	596121	103	701	37	0	61	79	597102	45926	26	26	2	0	13	1	45994
TP1_synth_reverse		56	A	596726	4	0	46	186	34	103	597099	45959	2	0	0	10	5	17	45993
TP1_synth_reverse		57	T	2584	37	37	179	0	13	594230	597080	290	1	7	27	0	1	45659	45985
TP1_synth_reverse		58	A	596426	158	282	81	0	52	86	597085	45947	9	13	11	0	4	4	45988
TP1_synth_reverse		59	T	1308	35	14	146	1	50	595510	597064	209	1	7	26	0	31	45705	45979
TP1_synth_reverse		60	C	1617	595089	22	79	102	78	60	597047	408	45508	6	6	23	19	2	45972
TP1_synth_reverse		61	T	819	51	790	689	44	102	594535	597030	132	2	34	79	2	14	45704	45967
TP1_synth_reverse		62	G	606	223	192	595016	208	65	718	597028	81	52	7	45574	16	19	216	45965
TP1_synth_reverse		63	T	4256	51	263	48	0	18	592405	597041	1112	3	18	5	0	3	44824	45965
TP1_synth_reverse		64	T	1811	39	232	138	1	37	594775	597033	305	0	6	14	1	26	45610	45962
TP1_synth_reverse		65	C	494	596127	102	20	0	49	236	597028	67	45852	4	2	0	24	11	45960
TP1_synth_reverse		66	G	887	265	127	595006	0	28	707	597020	156	61	15	45474	0	8	244	45958
TP1_synth_reverse		67	C	718	595622	369	19	125	69	116	597038	249	45612	27	1	7	53	10	45959
TP1_synth_reverse		68	A	596234	406	134	144	1	75	43	597037	45848	42	5	17	0	43	4	45959
TP1_synth_reverse		69	C	83	596487	90	42	3	25	258	596988	16	45890	14	5	0	8	15	45948
TP1_synth_reverse		70	T	730	71	532	527	574	97	594446	596977	142	2	31	53	29	41	45646	45944
TP1_synth_reverse		71	C	204	596539	66	39	0	54	72	596974	29	45890	11	3	0	8	2	45943
TP1_synth_reverse		72	C	650	596095	3	42	0	67	112	596969	237	45651	0	3	0	42	7	45940
TP1_synth_reverse		73	G	541	212	383	595100	20	56	647	596959	82	33	27	45736	10	14	35	45937
TP1_synth_reverse		74	A	596227	165	415	76	8	45	21	596957	45874	6	42	1	4	9	0	45936
TP1_synth_reverse		75	G	301	150	166	595839	161	36	289	596942	60	16	5	45798	13	20	18	45930
TP1_synth_reverse		76	T	4929	46	44	56	361	82	591413	596931	1204	2	7	4	20	16	44674	45927
TP1_synth_reverse		77	G	108	282	314	595468	0	46	700	596918	20	84	21	45661	0	12	124	45922
TP1_synth_reverse		78	C	180	595162	616	23	255	127	549	596912	35	45738	35	1	10	70	31	45920
TP1_synth_reverse		79	G	214	1188	85	593064	2	47	2089	596689	19	411	15	45196	1	25	220	45887
TP1_synth_reverse		80	G	814	172	33	594293	1	103	1161	596577	41	49	9	45602	0	31	139	45871
TP1_synth_reverse		81	C	299	595311	14	37	363	143	328	596495	37	45731	2	2	26	35	16	45849
TP1_synth_reverse		82	A	514661	10	146	72	0	54	147	515090	39094	3	15	3	0	30	14	39159
TP1_synth_reverse		83	A	514786	114	6	37	0	41	97	515081	39127	13	0	0	0	11	5	39156
TP1_synth_reverse		84	A	514851	12	0	67	6	45	79	515060	39133	1	0	6	6	2	4	39152
TP1_synth_reverse		85	G	158	166	104	513795	0	8	719	514950	21	26	13	38933	0	2	120	39115
TP1_synth_reverse		86	C	182	514376	51	29	0	22	239	514899	23	39067	7	4	0	3	5	39109
TP1_synth_reverse		87	T	1469	56	47	33	1	85	513149	514840	221	6	1	3	0	53	38812	39096
TP1_synth_reverse		88	G	182	281	18	514219	2	25	89	514816	27	20	5	39006	0	11	14	39083
TP1_synth_reverse		89	T	748	71	275	19	0	53	513591	514757	85	3	13	1	0	31	38942	39075
TP1_synth_reverse		90	T	826	51	2	31	0	92	513437	514439	107	1	0	1	0	41	38869	39019
TP1_synth_reverse		91	C	255	513889	0	152	0	21	100	514417	28	38964	0	12	0	7	5	39016
TP1_synth_reverse		92	C	194	513609	0	19	0	72	192	514086	10	38924	0	0	0	37	15	38986
TP1_synth_reverse		93	G	304	127	0	513161	0	15	47	513654	22	28	0	38885	0	12	3	38950
TP1_synth_reverse		94	T	763	59	0	38	0	63	512515	513438	84	2	0	3	0	40	38805	38934
TP1_synth_reverse		95	C	0	513106	0	0	0	46	0	513152	0	38886	0	0	0	25	0	38911
TP1_synth_reverse		96	C	0	512781	0	0	0	3	0	512784	0	38887	0	0	0	1	0	38888
TP1_synth_reverse		97	C	0	511685	0	0	0	1	0	511686	0	38797	0	0	0	0	0	38797
TP1_synth_reverse		98	A	509456	0	0	0	0	0	0	509456	38668	0	0	0	0	0	0	38668
TP1_synth_reverse		99	G	0	0	0	508966	0	0	0	508966	0	0	0	38608	0	0	0	38608
