



























































































































































































































#AmpliconChromStart	Alias	Position	ProbableRef	rawA	rawC	rawD	rawG	rawI	rawN	rawT	rawDepth	consA	consC	consD	consG	consI	consN	consT	consDepth	
TP1_synth_reverse		1	G	0	0	0	511596	0	0	0	511596	0	0	0	6989	0	0	0	6989
TP1_synth_reverse		2	T	0	0	0	0	0	0	513126	513126	0	0	0	0	0	0	6995	6995
TP1_synth_reverse		3	G	0	0	0	515018	0	11	0	515029	0	0	0	7011	0	0	0	7011
TP1_synth_reverse		4	G	0	0	0	515587	0	8	0	515595	0	0	0	7018	0	0	0	7018
TP1_synth_reverse		5	T	0	0	0	0	0	49	515919	515968	0	0	0	0	0	0	7020	7020
TP1_synth_reverse		6	G	105	40	0	516022	0	63	97	516327	0	0	0	7021	0	0	0	7021
TP1_synth_reverse		7	A	516322	10	0	65	0	41	76	516514	7027	0	0	0	0	0	0	7027
TP1_synth_reverse		8	G	83	40	0	516189	0	207	60	516579	0	0	0	7030	0	0	0	7030
TP1_synth_reverse		9	G	189	65	0	516286	3	32	80	516655	1	0	0	7031	0	0	0	7032
TP1_synth_reverse		10	C	136	516387	45	8	4	7	84	516671	0	7032	1	0	0	0	0	7033
TP1_synth_reverse		11	T	141	84	163	10	265	19	516001	516683	0	0	1	0	2	0	7030	7033
TP1_synth_reverse		12	C	161	515497	856	14	0	51	109	516688	0	7024	9	0	0	0	0	7033
TP1_synth_reverse		13	C	204	516214	4	21	0	156	89	516688	0	7033	0	0	0	0	0	7033
TP1_synth_reverse		14	C	199	516336	0	18	0	53	86	516692	0	7033	0	0	0	0	0	7033
TP1_synth_reverse		15	C	123	516482	0	8	2	5	72	516692	0	7033	0	0	0	0	0	7033
TP1_synth_reverse		16	T	335	52	1102	15	0	13	515175	516692	0	0	10	0	0	0	7023	7033
TP1_synth_reverse		17	T	330	97	0	18	0	8	516262	516715	0	2	0	0	0	0	7031	7033
TP1_synth_reverse		18	T	270	76	0	11	154	13	516260	516784	0	0	0	0	1	0	7033	7034
TP1_synth_reverse		19	C	246	596225	484	22	0	78	100	597155	0	7173	3	0	0	0	1	7177
TP1_synth_reverse		20	T	399	50	1341	59	0	60	595246	597155	0	0	12	0	0	0	7165	7177
TP1_synth_reverse		21	T	1375	88	0	46	1	29	595624	597163	0	0	0	0	0	0	7177	7177
TP1_synth_reverse		22	G	87	482	164	596255	0	9	166	597163	0	0	4	7173	0	0	0	7177
TP1_synth_reverse		23	C	464	595026	1296	48	2	35	292	597163	0	7166	10	0	0	0	1	7177
TP1_synth_reverse		24	G	179	98	133	596472	0	16	271	597169	0	0	3	7174	0	0	0	7177
TP1_synth_reverse		25	G	183	291	7	596422	93	42	131	597169	2	0	0	7173	2	0	0	7177
TP1_synth_reverse		26	A	596557	7	350	107	68	10	84	597183	7173	0	4	0	1	0	0	7178
TP1_synth_reverse		27	G	43	148	52	596108	337	72	423	597183	0	0	1	7175	2	0	0	7178
TP1_synth_reverse		28	A	596465	70	298	46	210	22	72	597183	7172	0	1	0	5	0	0	7178
TP1_synth_reverse		29	T	417	62	455	609	1	88	595551	597183	0	0	4	0	0	0	7174	7178
TP1_synth_reverse		30	T	2145	61	12	49	0	48	594874	597189	0	0	0	0	0	0	7178	7178
TP1_synth_reverse		31	C	522	596503	14	34	0	52	59	597184	0	7179	0	0	0	0	0	7179
TP1_synth_reverse		32	T	714	57	8	85	0	17	596295	597176	0	0	0	0	0	0	7179	7179
TP1_synth_reverse		33	C	558	596385	107	21	1	25	76	597173	0	7175	4	0	0	0	0	7179
TP1_synth_reverse		34	T	1974	73	860	1328	0	57	592876	597168	0	0	9	0	0	0	7170	7179
TP1_synth_reverse		35	T	2537	45	10	263	36	41	594223	597155	0	0	0	0	1	0	7178	7179
TP1_synth_reverse		36	C	285	596453	196	53	0	63	110	597160	0	7177	2	0	0	0	0	7179
TP1_synth_reverse		37	C	287	596226	22	354	84	25	141	597139	0	7175	0	0	3	0	1	7179
TP1_synth_reverse		38	T	1344	186	381	65	297	5	594851	597129	0	2	1	0	2	0	7174	7179
TP1_synth_reverse		39	C	221	596374	221	145	61	36	65	597123	0	7171	4	2	2	0	0	7179
TP1_synth_reverse		40	T	1192	50	174	97	7	106	595490	597116	0	0	4	0	1	0	7174	7179
TP1_synth_reverse		41	G	105	974	601	592820	0	36	2577	597113	1	0	5	7172	0	0	1	7179
TP1_synth_reverse		42	T	2228	61	0	129	252	39	594400	597109	0	0	0	0	1	0	7178	7179
TP1_synth_reverse		43	G	90	199	2	594213	0	64	2559	597127	0	0	0	7179	0	0	0	7179
TP1_synth_reverse		44	C	432	595339	3	32	0	8	1310	597124	0	7166	0	0	0	0	13	7179
TP1_synth_reverse		45	G	635	126	22	593897	22	15	2404	597121	4	0	0	7175	0	0	0	7179
TP1_synth_reverse		46	C	762	595489	433	107	0	19	310	597120	0	7170	4	0	0	0	5	7179
TP1_synth_reverse		47	C	209	596307	0	36	2	2	561	597117	0	7176	0	0	0	0	3	7179
TP1_synth_reverse		48	G	140	1016	567	592030	602	11	2741	597107	0	0	1	7175	2	0	1	7179
TP1_synth_reverse		49	A	596203	35	557	37	21	12	98	596963	7723	0	1	0	0	0	0	7724
TP1_synth_reverse		50	T	2383	270	512	27	48	33	593731	597004	0	1	4	0	1	0	7718	7724
TP1_synth_reverse		51	A	596376	31	434	35	0	54	118	597048	7721	0	3	0	0	0	0	7724
TP1_synth_reverse		52	C	409	595725	281	62	187	51	360	597075	1	7710	8	0	2	0	4	7725
TP1_synth_reverse		53	A	596692	15	151	105	1	28	83	597075	7723	0	2	0	0	0	0	7725
TP1_synth_reverse		54	G	268	290	160	594895	462	58	934	597067	0	0	0	7724	1	0	0	7725
TP1_synth_reverse		55	A	596116	103	701	37	0	61	79	597097	7721	0	5	0	0	0	0	7726
TP1_synth_reverse		56	A	596721	4	0	46	186	34	103	597094	7725	0	0	0	1	0	0	7726
TP1_synth_reverse		57	T	2582	37	37	179	0	13	594227	597075	0	0	1	0	0	0	7725	7726
TP1_synth_reverse		58	A	596421	158	282	81	0	52	86	597080	7724	1	1	0	0	0	0	7726
TP1_synth_reverse		59	T	1305	35	14	146	1	50	595508	597059	0	0	0	0	0	0	7726	7726
TP1_synth_reverse		60	C	1619	595082	22	79	102	78	60	597042	0	7723	1	0	2	0	0	7726
TP1_synth_reverse		61	T	820	51	790	689	44	102	594529	597025	0	0	6	0	2	0	7718	7726
TP1_synth_reverse		62	G	606	224	192	595010	208	65	718	597023	2	0	2	7716	3	0	3	7726
TP1_synth_reverse		63	T	4254	51	264	48	0	18	592401	597036	0	0	2	0	0	0	7725	7727
TP1_synth_reverse		64	T	1810	39	233	139	1	37	594769	597028	0	0	2	0	0	0	7725	7727
TP1_synth_reverse		65	C	493	596122	103	20	0	49	236	597023	0	7725	2	0	0	0	0	7727
TP1_synth_reverse		66	G	887	266	128	594999	0	28	707	597015	0	0	2	7723	0	0	2	7727
TP1_synth_reverse		67	C	718	595616	370	19	125	69	116	597033	0	7719	5	0	3	0	1	7728
TP1_synth_reverse		68	A	596229	406	134	144	1	75	43	597032	7728	0	0	0	0	0	0	7728
TP1_synth_reverse		69	C	83	596482	90	42	3	25	258	596983	0	7724	1	0	0	0	2	7727
TP1_synth_reverse		70	T	730	71	532	528	574	97	594440	596972	0	0	5	0	1	0	7721	7727
TP1_synth_reverse		71	C	205	596533	66	39	0	54	72	596969	0	7727	0	0	0	0	0	7727
TP1_synth_reverse		72	C	649	596091	3	42	0	67	112	596964	0	7727	0	0	0	0	0	7727
TP1_synth_reverse		73	G	540	213	383	595095	20	56	647	596954	0	0	4	7720	0	0	3	7727
TP1_synth_reverse		74	A	596223	165	415	75	8	45	21	596952	7721	0	6	0	0	0	0	7727
TP1_synth_reverse		75	G	300	150	166	595834	161	36	289	596936	0	0	1	7724	1	0	1	7727
TP1_synth_reverse		76	T	4929	46	44	56	361	82	591407	596925	0	0	3	0	3	0	7721	7727
TP1_synth_reverse		77	G	108	282	314	595462	0	46	700	596912	0	0	1	7726	0	0	0	7727
TP1_synth_reverse		78	C	181	595155	616	23	255	127	549	596906	0	7720	3	0	2	0	2	7727
TP1_synth_reverse		79	G	214	1188	85	593056	2	48	2090	596683	1	1	1	7720	0	0	4	7727
TP1_synth_reverse		80	G	814	172	33	594288	1	103	1160	596571	4	0	0	7720	0	0	3	7727
TP1_synth_reverse		81	C	299	595305	14	37	363	143	328	596489	1	7722	0	0	2	0	1	7726
TP1_synth_reverse		82	A	514654	10	146	72	0	55	147	515084	7035	0	3	0	0	0	0	7038
TP1_synth_reverse		83	A	514780	114	6	37	0	41	97	515075	7035	3	0	0	0	0	0	7038
TP1_synth_reverse		84	A	514845	12	0	67	6	45	79	515054	7038	0	0	0	0	0	0	7038
TP1_synth_reverse		85	G	158	166	104	513789	0	8	719	514944	2	0	2	7034	0	0	0	7038
TP1_synth_reverse		86	C	182	514370	51	29	0	22	239	514893	0	7037	0	0	0	0	1	7038
TP1_synth_reverse		87	T	1469	56	47	33	1	85	513142	514833	0	0	0	0	0	0	7038	7038
TP1_synth_reverse		88	G	181	281	18	514214	2	25	89	514810	0	0	0	7038	0	0	0	7038
TP1_synth_reverse		89	T	748	71	275	18	0	53	513586	514751	0	0	0	0	0	0	7038	7038
TP1_synth_reverse		90	T	826	51	2	31	0	92	513431	514433	0	0	0	0	0	0	7038	7038
TP1_synth_reverse		91	C	255	513882	0	152	0	21	100	514410	0	7038	0	0	0	0	0	7038
TP1_synth_reverse		92	C	194	513604	0	19	0	72	192	514081	0	7036	0	0	0	0	0	7036
TP1_synth_reverse		93	G	304	127	0	513155	0	15	47	513648	1	0	0	7033	0	0	0	7034
TP1_synth_reverse		94	T	763	59	0	38	0	63	512509	513432	0	0	0	0	0	0	7034	7034
TP1_synth_reverse		95	C	0	513100	0	0	0	46	0	513146	0	7033	0	0	0	0	0	7033
TP1_synth_reverse		96	C	0	512775	0	0	0	3	0	512778	0	7032	0	0	0	0	0	7032
TP1_synth_reverse		97	C	0	511679	0	0	0	1	0	511680	0	7031	0	0	0	0	0	7031
TP1_synth_reverse		98	A	509450	0	0	0	0	0	0	509450	7022	0	0	0	0	0	0	7022
TP1_synth_reverse		99	G	0	0	0	508960	0	0	0	508960	0	0	0	7022	0	0	0	7022
