



























































































































































































































#AmpliconChromStart	Alias	Position	ProbableRef	rawA	rawC	rawD	rawG	rawI	rawN	rawT	rawDepth	consA	consC	consD	consG	consI	consN	consT	consDepth	
TP1_synth_reverse		1	G	0	0	0	511596	0	0	0	511596	0	0	0	3725	0	0	0	3725
TP1_synth_reverse		2	T	0	0	0	0	0	0	513126	513126	0	0	0	0	0	0	3731	3731
TP1_synth_reverse		3	G	0	0	0	515018	0	11	0	515029	0	0	0	3740	0	0	0	3740
TP1_synth_reverse		4	G	0	0	0	515587	0	8	0	515595	0	0	0	3746	0	0	0	3746
TP1_synth_reverse		5	T	0	0	0	0	0	49	515919	515968	0	0	0	0	0	0	3747	3747
TP1_synth_reverse		6	G	105	40	0	516022	0	63	97	516327	0	0	0	3748	0	0	0	3748
TP1_synth_reverse		7	A	516322	10	0	65	0	41	76	516514	3750	0	0	0	0	0	0	3750
TP1_synth_reverse		8	G	83	40	0	516189	0	207	60	516579	0	0	0	3750	0	0	0	3750
TP1_synth_reverse		9	G	189	65	0	516286	3	32	80	516655	1	0	0	3750	0	0	0	3751
TP1_synth_reverse		10	C	136	516387	45	8	4	7	84	516671	0	3750	1	0	0	0	0	3751
TP1_synth_reverse		11	T	141	84	163	10	265	19	516001	516683	0	0	1	0	1	0	3749	3751
TP1_synth_reverse		12	C	161	515497	856	14	0	51	109	516688	0	3744	7	0	0	0	0	3751
TP1_synth_reverse		13	C	204	516214	4	21	0	156	89	516688	0	3751	0	0	0	0	0	3751
TP1_synth_reverse		14	C	199	516336	0	18	0	53	86	516692	0	3751	0	0	0	0	0	3751
TP1_synth_reverse		15	C	123	516482	0	8	2	5	72	516692	0	3751	0	0	0	0	0	3751
TP1_synth_reverse		16	T	335	52	1102	15	0	13	515175	516692	0	0	8	0	0	0	3743	3751
TP1_synth_reverse		17	T	330	97	0	18	0	8	516262	516715	0	0	0	0	0	0	3751	3751
TP1_synth_reverse		18	T	270	76	0	11	154	13	516260	516784	0	0	0	0	1	0	3751	3752
TP1_synth_reverse		19	C	246	596225	484	22	0	78	100	597155	0	3769	2	0	0	0	0	3771
TP1_synth_reverse		20	T	399	50	1341	59	0	60	595246	597155	0	0	7	0	0	0	3764	3771
TP1_synth_reverse		21	T	1375	88	0	46	1	29	595624	597163	0	0	0	0	0	0	3771	3771
TP1_synth_reverse		22	G	87	482	164	596255	0	9	166	597163	0	0	1	3770	0	0	0	3771
TP1_synth_reverse		23	C	464	595026	1296	48	2	35	292	597163	0	3762	8	0	0	0	1	3771
TP1_synth_reverse		24	G	179	98	133	596472	0	16	271	597169	0	0	1	3770	0	0	0	3771
TP1_synth_reverse		25	G	183	291	7	596435	93	42	131	597182	1	0	0	3769	1	0	0	3771
TP1_synth_reverse		26	A	596570	7	350	107	68	10	84	597196	3767	0	4	0	0	0	0	3771
TP1_synth_reverse		27	G	43	148	52	596121	337	72	423	597196	0	0	1	3768	2	0	0	3771
TP1_synth_reverse		28	A	596478	70	298	46	210	22	72	597196	3767	0	1	0	3	0	0	3771
TP1_synth_reverse		29	T	417	62	455	609	1	88	595564	597196	0	0	2	0	0	0	3769	3771
TP1_synth_reverse		30	T	2145	61	12	49	0	48	594881	597196	0	0	0	0	0	0	3771	3771
TP1_synth_reverse		31	C	522	596510	14	34	0	52	59	597191	0	3771	0	0	0	0	0	3771
TP1_synth_reverse		32	T	715	57	8	85	0	17	596301	597183	0	0	0	0	0	0	3771	3771
TP1_synth_reverse		33	C	559	596391	107	21	1	25	76	597180	0	3770	1	0	0	0	0	3771
TP1_synth_reverse		34	T	1976	73	860	1328	0	57	592881	597175	0	0	6	0	0	0	3765	3771
TP1_synth_reverse		35	T	2540	45	10	263	36	41	594227	597162	0	0	0	0	1	0	3770	3771
TP1_synth_reverse		36	C	286	596459	196	53	0	63	110	597167	0	3769	2	0	0	0	0	3771
TP1_synth_reverse		37	C	288	596232	22	354	84	25	141	597146	0	3769	0	0	2	0	0	3771
TP1_synth_reverse		38	T	1343	186	381	65	297	5	594859	597136	0	1	1	0	2	0	3767	3771
TP1_synth_reverse		39	C	221	596381	221	145	61	36	65	597130	0	3766	3	1	1	0	0	3771
TP1_synth_reverse		40	T	1193	50	174	97	7	106	595496	597123	0	0	3	0	0	0	3768	3771
TP1_synth_reverse		41	G	105	974	601	592822	0	36	2582	597120	0	0	5	3765	0	0	1	3771
TP1_synth_reverse		42	T	2228	61	0	129	252	39	594407	597116	0	0	0	0	1	0	3770	3771
TP1_synth_reverse		43	G	90	201	2	594217	0	64	2560	597134	0	0	0	3771	0	0	0	3771
TP1_synth_reverse		44	C	434	595344	3	32	0	8	1310	597131	0	3762	0	0	0	0	9	3771
TP1_synth_reverse		45	G	635	126	22	593901	22	15	2407	597128	3	0	0	3768	0	0	0	3771
TP1_synth_reverse		46	C	762	595496	433	107	0	19	310	597127	0	3767	4	0	0	0	0	3771
TP1_synth_reverse		47	C	209	596314	0	36	2	2	561	597124	0	3769	0	0	0	0	2	3771
TP1_synth_reverse		48	G	140	1016	567	592032	602	11	2746	597114	0	0	1	3768	2	0	0	3771
TP1_synth_reverse		49	A	596210	35	557	37	21	12	98	596970	4159	0	1	0	0	0	0	4160
TP1_synth_reverse		50	T	2384	270	512	27	48	33	593737	597011	0	1	2	0	1	0	4156	4160
TP1_synth_reverse		51	A	596383	31	434	35	0	54	118	597055	4158	0	2	0	0	0	0	4160
TP1_synth_reverse		52	C	409	595732	281	62	187	51	360	597082	0	4152	3	0	1	0	4	4160
TP1_synth_reverse		53	A	596699	15	151	105	1	28	83	597082	4158	0	2	0	0	0	0	4160
TP1_synth_reverse		54	G	267	289	160	594904	462	58	934	597074	0	0	0	4159	1	0	0	4160
TP1_synth_reverse		55	A	596123	103	701	37	0	61	79	597104	4156	0	5	0	0	0	0	4161
TP1_synth_reverse		56	A	596728	4	0	46	186	34	103	597101	4160	0	0	0	1	0	0	4161
TP1_synth_reverse		57	T	2579	37	37	179	0	13	594237	597082	0	0	0	0	0	0	4161	4161
TP1_synth_reverse		58	A	596428	158	282	81	0	52	86	597087	4159	1	1	0	0	0	0	4161
TP1_synth_reverse		59	T	1305	35	14	146	1	50	595515	597066	0	0	0	0	0	0	4161	4161
TP1_synth_reverse		60	C	1620	595088	22	79	102	78	60	597049	0	4161	0	0	0	0	0	4161
TP1_synth_reverse		61	T	822	51	790	689	44	102	594534	597032	0	0	3	0	1	0	4157	4161
TP1_synth_reverse		62	G	607	224	192	595016	208	65	718	597030	2	0	1	4154	2	0	2	4161
TP1_synth_reverse		63	T	4255	51	264	48	0	18	592407	597043	0	0	2	0	0	0	4159	4161
TP1_synth_reverse		64	T	1810	39	233	139	1	37	594776	597035	0	0	2	0	0	0	4159	4161
TP1_synth_reverse		65	C	494	596128	103	20	0	49	236	597030	0	4160	1	0	0	0	0	4161
TP1_synth_reverse		66	G	888	266	128	595005	0	28	707	597022	0	0	1	4159	0	0	1	4161
TP1_synth_reverse		67	C	718	595623	370	19	125	69	116	597040	0	4154	4	0	2	0	1	4161
TP1_synth_reverse		68	A	596236	406	134	144	1	75	43	597039	4161	0	0	0	0	0	0	4161
TP1_synth_reverse		69	C	83	596489	90	42	3	25	258	596990	0	4159	0	0	0	0	2	4161
TP1_synth_reverse		70	T	730	71	532	528	574	97	594447	596979	0	0	4	0	1	0	4156	4161
TP1_synth_reverse		71	C	205	596540	66	39	0	54	72	596976	0	4161	0	0	0	0	0	4161
TP1_synth_reverse		72	C	649	596098	3	42	0	67	112	596971	0	4161	0	0	0	0	0	4161
TP1_synth_reverse		73	G	540	213	383	595102	20	56	647	596961	0	0	3	4156	0	0	2	4161
TP1_synth_reverse		74	A	596229	165	415	76	8	45	21	596959	4157	0	4	0	0	0	0	4161
TP1_synth_reverse		75	G	300	150	166	595841	161	36	289	596943	0	0	1	4158	1	0	1	4161
TP1_synth_reverse		76	T	4928	46	44	56	361	82	591415	596932	0	0	0	0	1	0	4160	4161
TP1_synth_reverse		77	G	108	282	314	595469	0	46	700	596919	0	0	0	4161	0	0	0	4161
TP1_synth_reverse		78	C	181	595162	616	23	255	127	549	596913	0	4157	2	0	2	0	0	4161
TP1_synth_reverse		79	G	214	1188	85	593062	2	48	2091	596690	0	0	1	4159	0	0	1	4161
TP1_synth_reverse		80	G	814	172	33	594295	1	103	1160	596578	4	0	0	4155	0	0	2	4161
TP1_synth_reverse		81	C	299	595312	14	37	363	143	328	596496	1	4158	0	0	2	0	0	4161
TP1_synth_reverse		82	A	514661	10	146	72	0	55	147	515091	3752	0	1	0	0	0	0	3753
TP1_synth_reverse		83	A	514787	114	6	37	0	41	97	515082	3751	2	0	0	0	0	0	3753
TP1_synth_reverse		84	A	514852	12	0	67	6	45	79	515061	3753	0	0	0	0	0	0	3753
TP1_synth_reverse		85	G	158	166	104	513796	0	8	719	514951	2	0	1	3750	0	0	0	3753
TP1_synth_reverse		86	C	182	514377	51	29	0	22	239	514900	0	3752	0	0	0	0	1	3753
TP1_synth_reverse		87	T	1470	56	47	33	1	85	513148	514840	0	0	0	0	0	0	3753	3753
TP1_synth_reverse		88	G	182	281	18	514220	2	25	89	514817	0	0	0	3753	0	0	0	3753
TP1_synth_reverse		89	T	748	71	275	19	0	53	513592	514758	0	0	0	0	0	0	3753	3753
TP1_synth_reverse		90	T	826	51	2	31	0	92	513439	514441	0	0	0	0	0	0	3753	3753
TP1_synth_reverse		91	C	255	513890	0	152	0	21	100	514418	0	3753	0	0	0	0	0	3753
TP1_synth_reverse		92	C	194	513611	0	19	0	72	192	514088	0	3752	0	0	0	0	0	3752
TP1_synth_reverse		93	G	304	127	0	513162	0	15	47	513655	0	0	0	3752	0	0	0	3752
TP1_synth_reverse		94	T	763	59	0	38	0	63	512516	513439	0	0	0	0	0	0	3752	3752
TP1_synth_reverse		95	C	0	513107	0	0	0	46	0	513153	0	3752	0	0	0	0	0	3752
TP1_synth_reverse		96	C	0	512782	0	0	0	3	0	512785	0	3752	0	0	0	0	0	3752
TP1_synth_reverse		97	C	0	511686	0	0	0	1	0	511687	0	3752	0	0	0	0	0	3752
TP1_synth_reverse		98	A	509457	0	0	0	0	0	0	509457	3752	0	0	0	0	0	0	3752
TP1_synth_reverse		99	G	0	0	0	508967	0	0	0	508967	0	0	0	3752	0	0	0	3752
