



























































































































































































































#AmpliconChromStart	Alias	Position	ProbableRef	rawA	rawC	rawD	rawG	rawI	rawN	rawT	rawDepth	consA	consC	consD	consG	consI	consN	consT	consDepth	
TP1_synth_reverse		1	G	0	0	0	898030	0	0	0	898030	0	0	0	6953	0	0	0	6953
TP1_synth_reverse		2	T	0	0	0	0	0	0	899897	899897	0	0	0	0	0	0	6977	6977
TP1_synth_reverse		3	G	0	0	0	906828	0	85	0	906913	0	0	0	7003	0	0	0	7003
TP1_synth_reverse		4	G	0	0	0	907399	0	49	0	907448	0	0	0	7020	0	0	0	7020
TP1_synth_reverse		5	T	0	0	0	0	0	20	907804	907824	0	0	0	0	0	0	7026	7026
TP1_synth_reverse		6	G	123	90	0	908208	0	11	151	908583	0	0	0	7041	0	0	0	7041
TP1_synth_reverse		7	A	908352	21	0	86	0	61	142	908662	7044	0	0	0	0	0	0	7044
TP1_synth_reverse		8	G	101	99	0	908796	2	111	1421	910530	0	0	0	7047	0	0	2	7049
TP1_synth_reverse		9	G	171	174	0	910051	3	42	128	910569	0	0	0	7050	0	0	1	7051
TP1_synth_reverse		10	C	246	910165	2	31	0	35	90	910569	0	7051	0	0	0	0	0	7051
TP1_synth_reverse		11	T	211	151	9	16	9	34	910161	910591	0	0	0	0	0	0	7052	7052
TP1_synth_reverse		12	C	343	909253	745	26	1	76	147	910591	0	7049	3	0	0	0	0	7052
TP1_synth_reverse		13	C	503	909865	1	30	0	89	123	910611	0	7053	0	0	0	0	0	7053
TP1_synth_reverse		14	C	454	909976	0	21	0	46	114	910611	0	7053	0	0	0	0	0	7053
TP1_synth_reverse		15	C	321	910117	0	26	7	63	92	910626	2	7051	0	0	0	0	0	7053
TP1_synth_reverse		16	T	387	109	930	10	0	191	908999	910626	0	0	7	0	0	0	7046	7053
TP1_synth_reverse		17	T	378	117	0	10	0	70	910051	910626	0	0	0	0	0	0	7053	7053
TP1_synth_reverse		18	T	353	152	92	8	42	55	909924	910626	0	0	3	0	5	0	7045	7053
TP1_synth_reverse		19	C	376	910572	94	31	0	67	80	911220	0	7051	3	0	0	0	0	7054
TP1_synth_reverse		20	T	252	84	1292	16	0	25	909551	911220	0	0	7	0	0	0	7047	7054
TP1_synth_reverse		21	T	543	168	105	65	5	111	910223	911220	0	0	3	0	0	0	7051	7054
TP1_synth_reverse		22	G	132	456	466	909763	137	26	240	911220	0	0	4	7046	2	0	2	7054
TP1_synth_reverse		23	C	605	909741	31	56	5	28	754	911220	0	7051	1	0	0	0	2	7054
TP1_synth_reverse		24	G	557	182	30	909677	0	49	725	911220	6	0	0	7048	0	0	0	7054
TP1_synth_reverse		25	G	2498	683	4	907453	40	129	434	911241	11	0	0	7040	2	0	2	7055
TP1_synth_reverse		26	A	909238	14	1681	157	4	52	124	911270	7053	0	3	0	0	0	0	7056
TP1_synth_reverse		27	G	1175	834	2366	906626	2	22	245	911270	6	0	13	7037	0	0	0	7056
TP1_synth_reverse		28	A	910125	32	739	107	154	26	115	911298	7052	0	3	0	2	0	0	7057
TP1_synth_reverse		29	T	322	93	1884	155	0	140	908704	911298	0	1	7	0	0	0	7049	7057
TP1_synth_reverse		30	T	1054	1360	738	58	0	122	907974	911306	1	4	3	0	0	0	7050	7058
TP1_synth_reverse		31	C	545	909820	745	39	0	65	81	911295	0	7055	3	0	0	0	0	7058
TP1_synth_reverse		32	T	569	90	738	47	0	393	909439	911276	0	0	3	0	0	0	7055	7058
TP1_synth_reverse		33	C	498	910328	6	40	0	151	245	911268	0	7058	0	0	0	0	0	7058
TP1_synth_reverse		34	T	750	171	992	97	0	90	909172	911272	1	2	3	0	0	0	7053	7059
TP1_synth_reverse		35	T	1589	105	1	75	3	79	909410	911262	0	0	0	0	0	0	7060	7060
TP1_synth_reverse		36	C	543	910435	102	60	0	58	63	911261	0	7055	4	1	0	0	0	7060
TP1_synth_reverse		37	C	645	910346	11	61	1	72	115	911251	0	7060	0	0	0	0	0	7060
TP1_synth_reverse		38	T	782	79	31	255	0	24	910069	911240	0	0	2	0	0	0	7058	7060
TP1_synth_reverse		39	C	510	909779	757	43	0	63	84	911236	0	7052	8	0	0	0	0	7060
TP1_synth_reverse		40	T	1292	102	41	37	2	165	909587	911226	0	0	3	0	0	0	7057	7060
TP1_synth_reverse		41	G	597	625	2595	906992	1	24	365	911199	0	0	17	7043	0	0	0	7060
TP1_synth_reverse		42	T	2334	1009	962	34	4	68	906769	911180	2	6	9	0	0	0	7043	7060
TP1_synth_reverse		43	G	488	474	2494	906607	1	415	691	911170	0	0	15	7044	0	0	1	7060
TP1_synth_reverse		44	C	552	909099	968	52	12	159	327	911169	0	7044	9	0	2	0	5	7060
TP1_synth_reverse		45	G	1049	396	961	907141	2	65	1541	911155	10	0	9	7041	0	0	0	7060
TP1_synth_reverse		46	C	825	908903	1283	61	0	10	94	911176	0	7047	14	0	0	0	0	7061
TP1_synth_reverse		47	C	374	910457	51	40	0	23	245	911190	0	7057	5	0	0	0	0	7062
TP1_synth_reverse		48	G	2055	696	86	907171	2	39	1125	911174	9	0	8	7045	0	0	0	7062
TP1_synth_reverse		49	A	910895	46	31	102	0	211	150	911435	7060	0	3	0	0	0	0	7063
TP1_synth_reverse		50	T	1021	108	43	133	1	122	909678	911106	0	0	2	0	0	0	7060	7062
TP1_synth_reverse		51	A	910633	54	59	112	0	157	120	911135	7059	0	4	0	0	0	0	7063
TP1_synth_reverse		52	C	563	909294	39	156	7	294	124	910477	0	7058	2	0	1	0	0	7061
TP1_synth_reverse		53	A	909853	39	46	190	2	333	142	910605	7064	0	2	0	0	0	0	7066
TP1_synth_reverse		54	G	171	284	50	909694	1	116	275	910591	0	0	2	7063	0	0	1	7066
TP1_synth_reverse		55	A	909990	77	306	125	0	144	72	910714	7052	0	15	0	0	0	0	7067
TP1_synth_reverse		56	A	910282	12	12	168	0	114	125	910713	7066	0	0	1	0	0	0	7067
TP1_synth_reverse		57	T	1828	53	27	220	3	254	908287	910672	0	0	0	0	0	0	7067	7067
TP1_synth_reverse		58	A	907933	10	2294	75	0	292	131	910735	7063	0	4	0	0	1	0	7068
TP1_synth_reverse		59	T	951	53	1598	102	0	399	907634	910737	0	0	6	0	0	0	7066	7072
TP1_synth_reverse		60	C	841	909039	456	60	1	261	68	910726	0	7067	6	0	0	0	0	7073
TP1_synth_reverse		61	T	1278	110	58	59	0	232	909000	910737	0	0	5	0	0	0	7069	7074
TP1_synth_reverse		62	G	965	244	1182	907566	0	339	428	910724	2	0	4	7066	0	1	1	7074
TP1_synth_reverse		63	T	2203	91	3126	20	0	182	904588	910210	0	0	14	0	0	0	7060	7074
TP1_synth_reverse		64	T	1934	77	374	19	2	55	907699	910160	0	0	3	0	0	0	7071	7074
TP1_synth_reverse		65	C	1116	908202	531	23	0	164	127	910163	0	7071	4	0	0	0	0	7075
TP1_synth_reverse		66	G	1998	422	41	907274	5	74	352	910166	5	0	0	7070	0	0	1	7076
TP1_synth_reverse		67	C	952	905801	776	31	2289	243	105	910197	0	7070	2	0	5	0	0	7077
TP1_synth_reverse		68	A	908462	264	843	147	324	110	77	910227	7073	0	4	0	1	0	0	7078
TP1_synth_reverse		69	C	340	905793	3672	36	4	55	296	910196	0	7054	21	0	0	0	3	7078
TP1_synth_reverse		70	T	1128	116	445	37	2156	103	906211	910196	0	0	7	0	3	0	7069	7079
TP1_synth_reverse		71	C	360	908919	441	43	3	321	100	910187	0	7072	7	0	0	0	0	7079
TP1_synth_reverse		72	C	727	909075	8	72	3	131	165	910181	0	7079	0	0	0	0	0	7079
TP1_synth_reverse		73	G	751	575	170	908040	0	330	290	910156	3	1	1	7073	0	1	0	7079
TP1_synth_reverse		74	A	909745	50	6	133	40	127	54	910155	7075	0	0	0	4	0	0	7079
TP1_synth_reverse		75	G	2377	417	517	906542	0	57	233	910143	15	0	6	7056	0	0	2	7079
TP1_synth_reverse		76	T	978	107	7	44	1	46	908946	910129	0	0	0	0	0	0	7079	7079
TP1_synth_reverse		77	G	2906	385	1432	905074	3	67	229	910096	8	0	4	7067	0	0	0	7079
TP1_synth_reverse		78	C	432	908628	31	42	3	514	440	910090	0	7076	0	0	0	0	3	7079
TP1_synth_reverse		79	G	4464	630	1392	902792	0	129	679	910086	40	1	6	7030	0	0	2	7079
TP1_synth_reverse		80	G	1226	224	1072	907046	21	134	325	910048	8	0	2	7069	0	0	0	7079
TP1_synth_reverse		81	C	281	908006	1364	85	2	118	176	910032	0	7074	5	0	0	0	0	7079
TP1_synth_reverse		82	A	907636	50	1381	170	0	93	151	909481	7075	0	4	0	0	0	0	7079
TP1_synth_reverse		83	A	909024	66	5	92	0	212	81	909480	7079	0	0	0	0	0	0	7079
TP1_synth_reverse		84	A	908120	40	0	919	73	252	50	909454	7075	0	0	1	3	0	0	7079
TP1_synth_reverse		85	G	168	316	38	908556	49	110	135	909372	0	0	3	7075	1	0	0	7079
TP1_synth_reverse		86	C	512	908177	6	450	0	89	90	909324	0	7073	0	6	0	0	0	7079
TP1_synth_reverse		87	T	1230	94	1	23	0	315	907583	909246	0	0	0	0	0	0	7079	7079
TP1_synth_reverse		88	G	157	777	14	907858	7	140	247	909200	0	0	0	7079	0	0	0	7079
TP1_synth_reverse		89	T	730	120	41	27	0	53	908190	909161	0	0	0	0	0	0	7079	7079
TP1_synth_reverse		90	T	669	134	22	137	0	74	907983	909019	0	0	0	2	0	0	7077	7079
TP1_synth_reverse		91	C	1502	906943	0	46	2	316	107	908916	2	7077	0	0	0	0	0	7079
TP1_synth_reverse		92	C	440	907651	0	61	0	422	214	908788	0	7077	0	2	0	0	0	7079
TP1_synth_reverse		93	G	512	396	0	906592	0	206	191	907897	3	0	0	7073	0	0	0	7076
TP1_synth_reverse		94	T	526	186	0	44	0	70	906968	907794	0	0	0	0	0	0	7076	7076
TP1_synth_reverse		95	C	0	906855	0	0	0	183	0	907038	0	7073	0	0	0	0	0	7073
TP1_synth_reverse		96	C	0	906076	0	0	0	115	0	906191	0	7072	0	0	0	0	0	7072
TP1_synth_reverse		97	C	0	905240	0	0	0	180	0	905420	0	7070	0	0	0	0	0	7070
TP1_synth_reverse		98	A	902408	0	0	0	0	0	0	902408	7060	0	0	0	0	0	0	7060
TP1_synth_reverse		99	G	0	0	0	900357	0	0	0	900357	0	0	0	7056	0	0	0	7056
