



























































































































































































































#AmpliconChromStart	Alias	Position	ProbableRef	rawA	rawC	rawD	rawG	rawI	rawN	rawT	rawDepth	consA	consC	consD	consG	consI	consN	consT	consDepth	
TP1_synth_reverse		1	G	0	0	0	898030	0	0	0	898030	0	0	0	5031	0	0	0	5031
TP1_synth_reverse		2	T	0	0	0	0	0	0	899897	899897	0	0	0	0	0	0	5039	5039
TP1_synth_reverse		3	G	0	0	0	906828	0	85	0	906913	0	0	0	5050	0	0	0	5050
TP1_synth_reverse		4	G	0	0	0	907399	0	49	0	907448	0	0	0	5054	0	0	0	5054
TP1_synth_reverse		5	T	0	0	0	0	0	20	907804	907824	0	0	0	0	0	0	5059	5059
TP1_synth_reverse		6	G	123	90	0	908208	0	11	151	908583	0	0	0	5061	0	0	0	5061
TP1_synth_reverse		7	A	908352	21	0	86	0	61	142	908662	5063	0	0	0	0	0	0	5063
TP1_synth_reverse		8	G	101	99	0	908796	2	111	1421	910530	0	0	0	5064	0	0	2	5066
TP1_synth_reverse		9	G	171	174	0	910051	3	42	128	910569	0	0	0	5066	0	0	1	5067
TP1_synth_reverse		10	C	246	910165	2	31	0	35	90	910569	0	5067	0	0	0	0	0	5067
TP1_synth_reverse		11	T	211	151	9	16	9	34	910161	910591	0	0	0	0	0	0	5067	5067
TP1_synth_reverse		12	C	343	909253	745	26	1	76	147	910591	0	5064	3	0	0	0	0	5067
TP1_synth_reverse		13	C	503	909865	1	30	0	89	123	910611	0	5067	0	0	0	0	0	5067
TP1_synth_reverse		14	C	454	909976	0	21	0	46	114	910611	0	5067	0	0	0	0	0	5067
TP1_synth_reverse		15	C	321	910117	0	26	7	63	92	910626	2	5065	0	0	0	0	0	5067
TP1_synth_reverse		16	T	387	109	930	10	0	191	908999	910626	0	0	7	0	0	0	5060	5067
TP1_synth_reverse		17	T	378	117	0	10	0	70	910051	910626	0	0	0	0	0	0	5067	5067
TP1_synth_reverse		18	T	353	152	92	8	42	55	909924	910626	0	0	2	0	5	0	5060	5067
TP1_synth_reverse		19	C	376	910572	94	31	0	67	80	911220	0	5066	2	0	0	0	0	5068
TP1_synth_reverse		20	T	252	84	1292	16	0	25	909551	911220	0	0	5	0	0	0	5063	5068
TP1_synth_reverse		21	T	543	168	105	65	5	111	910223	911220	0	0	2	0	0	0	5066	5068
TP1_synth_reverse		22	G	132	456	466	909763	137	26	240	911220	0	0	3	5062	2	0	1	5068
TP1_synth_reverse		23	C	605	909741	31	56	5	28	754	911220	0	5066	0	0	0	0	2	5068
TP1_synth_reverse		24	G	557	182	30	909677	0	49	725	911220	5	0	0	5063	0	0	0	5068
TP1_synth_reverse		25	G	2498	683	4	907453	40	129	434	911241	8	0	0	5057	2	0	2	5069
TP1_synth_reverse		26	A	909238	14	1681	157	4	52	124	911270	5068	0	2	0	0	0	0	5070
TP1_synth_reverse		27	G	1175	834	2366	906626	2	22	245	911270	6	0	10	5054	0	0	0	5070
TP1_synth_reverse		28	A	910125	32	739	107	154	26	115	911298	5066	0	3	0	2	0	0	5071
TP1_synth_reverse		29	T	322	93	1884	155	0	140	908704	911298	0	0	6	0	0	0	5065	5071
TP1_synth_reverse		30	T	1054	1360	738	58	0	122	907974	911306	0	3	3	0	0	0	5066	5072
TP1_synth_reverse		31	C	545	909820	745	39	0	65	81	911295	0	5069	3	0	0	0	0	5072
TP1_synth_reverse		32	T	569	90	738	47	0	393	909439	911276	0	0	3	0	0	0	5069	5072
TP1_synth_reverse		33	C	498	910328	6	40	0	151	245	911268	0	5072	0	0	0	0	0	5072
TP1_synth_reverse		34	T	750	171	992	97	0	90	909172	911272	0	1	3	0	0	0	5069	5073
TP1_synth_reverse		35	T	1589	105	1	75	3	79	909410	911262	0	0	0	0	0	0	5074	5074
TP1_synth_reverse		36	C	543	910443	102	60	0	58	63	911269	0	5072	1	1	0	0	0	5074
TP1_synth_reverse		37	C	645	910354	11	61	1	72	115	911259	0	5074	0	0	0	0	0	5074
TP1_synth_reverse		38	T	782	79	31	255	0	24	910077	911248	0	0	1	0	0	0	5073	5074
TP1_synth_reverse		39	C	510	909787	757	43	0	63	84	911244	0	5069	5	0	0	0	0	5074
TP1_synth_reverse		40	T	1292	102	41	37	2	165	909595	911234	0	0	1	0	0	0	5073	5074
TP1_synth_reverse		41	G	597	626	2595	906998	1	24	366	911207	0	0	10	5064	0	0	0	5074
TP1_synth_reverse		42	T	2337	1009	962	34	4	68	906782	911196	2	3	4	0	0	0	5066	5075
TP1_synth_reverse		43	G	488	474	2494	906623	1	415	691	911186	0	0	6	5068	0	0	1	5075
TP1_synth_reverse		44	C	553	909114	968	52	12	159	327	911185	0	5068	4	0	0	0	3	5075
TP1_synth_reverse		45	G	1049	396	961	907157	2	65	1541	911171	6	0	4	5065	0	0	0	5075
TP1_synth_reverse		46	C	826	908918	1283	61	0	10	94	911192	0	5067	9	0	0	0	0	5076
TP1_synth_reverse		47	C	374	910457	51	40	0	23	245	911190	0	5074	2	0	0	0	0	5076
TP1_synth_reverse		48	G	2055	697	86	907168	2	39	1127	911174	6	0	3	5067	0	0	0	5076
TP1_synth_reverse		49	A	910895	46	31	102	0	211	150	911435	5076	0	1	0	0	0	0	5077
TP1_synth_reverse		50	T	1025	108	43	133	1	122	909674	911106	0	0	1	0	0	0	5076	5077
TP1_synth_reverse		51	A	910633	54	59	112	0	157	120	911135	5075	0	3	0	0	0	0	5078
TP1_synth_reverse		52	C	560	909297	39	156	7	294	124	910477	0	5076	1	0	0	0	0	5077
TP1_synth_reverse		53	A	909853	39	46	190	2	333	142	910605	5080	0	1	0	0	0	0	5081
TP1_synth_reverse		54	G	169	284	50	909697	1	116	274	910591	0	0	1	5079	0	0	1	5081
TP1_synth_reverse		55	A	909990	77	306	125	0	144	72	910714	5073	0	9	0	0	0	0	5082
TP1_synth_reverse		56	A	910282	12	12	168	0	114	125	910713	5082	0	0	0	0	0	0	5082
TP1_synth_reverse		57	T	1826	53	27	220	3	254	908289	910672	0	0	0	0	0	0	5082	5082
TP1_synth_reverse		58	A	907933	10	2294	75	0	292	131	910735	5081	0	2	0	0	0	0	5083
TP1_synth_reverse		59	T	952	53	1598	102	0	399	907633	910737	0	0	6	0	0	0	5079	5085
TP1_synth_reverse		60	C	841	909039	456	60	1	261	68	910726	0	5082	4	0	0	0	0	5086
TP1_synth_reverse		61	T	1279	110	58	59	0	232	908999	910737	0	0	3	0	0	0	5084	5087
TP1_synth_reverse		62	G	965	244	1182	907567	0	339	427	910724	1	0	1	5084	0	0	1	5087
TP1_synth_reverse		63	T	2203	91	3126	20	0	182	904588	910210	0	0	9	0	0	0	5079	5088
TP1_synth_reverse		64	T	1934	77	374	19	2	55	907699	910160	0	0	3	0	0	0	5085	5088
TP1_synth_reverse		65	C	1116	908202	531	23	0	164	127	910163	0	5085	4	0	0	0	0	5089
TP1_synth_reverse		66	G	1999	422	41	907273	5	74	352	910166	3	0	0	5087	0	0	0	5090
TP1_synth_reverse		67	C	952	905801	776	31	2289	243	105	910197	0	5088	1	0	2	0	0	5091
TP1_synth_reverse		68	A	908461	265	843	147	324	110	77	910227	5088	0	3	0	1	0	0	5092
TP1_synth_reverse		69	C	340	905793	3672	36	4	55	296	910196	0	5077	12	0	0	0	3	5092
TP1_synth_reverse		70	T	1129	116	445	37	2156	103	906192	910178	0	0	4	0	3	0	5085	5092
TP1_synth_reverse		71	C	360	908901	441	43	3	321	100	910169	0	5088	4	0	0	0	0	5092
TP1_synth_reverse		72	C	726	909059	8	71	3	131	165	910163	0	5092	0	0	0	0	0	5092
TP1_synth_reverse		73	G	751	575	170	908022	0	330	290	910138	3	0	1	5088	0	0	0	5092
TP1_synth_reverse		74	A	909727	50	6	133	40	127	54	910137	5089	0	0	0	3	0	0	5092
TP1_synth_reverse		75	G	2377	417	517	906524	0	57	233	910125	8	0	5	5077	0	0	2	5092
TP1_synth_reverse		76	T	979	107	7	44	1	46	908927	910111	0	0	0	0	0	0	5092	5092
TP1_synth_reverse		77	G	2906	387	1432	905054	3	67	229	910078	7	0	4	5081	0	0	0	5092
TP1_synth_reverse		78	C	431	908611	31	42	3	514	440	910072	0	5089	0	0	0	0	3	5092
TP1_synth_reverse		79	G	4463	629	1392	902777	0	129	679	910069	26	0	4	5061	0	0	1	5092
TP1_synth_reverse		80	G	1226	225	1072	907029	21	134	324	910031	5	0	2	5085	0	0	0	5092
TP1_synth_reverse		81	C	281	907989	1364	85	2	118	176	910015	0	5087	5	0	0	0	0	5092
TP1_synth_reverse		82	A	907619	50	1381	170	0	93	151	909464	5088	0	4	0	0	0	0	5092
TP1_synth_reverse		83	A	909007	66	5	92	0	212	81	909463	5092	0	0	0	0	0	0	5092
TP1_synth_reverse		84	A	908103	40	0	919	73	252	50	909437	5088	0	0	1	3	0	0	5092
TP1_synth_reverse		85	G	167	316	38	908541	49	110	134	909355	0	0	2	5089	1	0	0	5092
TP1_synth_reverse		86	C	512	908160	6	450	0	89	90	909307	0	5088	0	4	0	0	0	5092
TP1_synth_reverse		87	T	1231	94	1	23	0	315	907565	909229	0	0	0	0	0	0	5092	5092
TP1_synth_reverse		88	G	157	777	14	907841	7	140	247	909183	0	0	0	5092	0	0	0	5092
TP1_synth_reverse		89	T	730	120	41	27	0	53	908173	909144	0	0	0	0	0	0	5092	5092
TP1_synth_reverse		90	T	669	134	22	137	0	74	907967	909003	0	0	0	1	0	0	5091	5092
TP1_synth_reverse		91	C	1502	906927	0	46	2	316	107	908900	1	5091	0	0	0	0	0	5092
TP1_synth_reverse		92	C	440	907635	0	61	0	422	214	908772	0	5091	0	1	0	0	0	5092
TP1_synth_reverse		93	G	512	396	0	906576	0	206	191	907881	3	0	0	5088	0	0	0	5091
TP1_synth_reverse		94	T	526	186	0	44	0	70	906951	907777	0	0	0	0	0	0	5091	5091
TP1_synth_reverse		95	C	0	906838	0	0	0	183	0	907021	0	5088	0	0	0	0	0	5088
TP1_synth_reverse		96	C	0	906059	0	0	0	115	0	906174	0	5087	0	0	0	0	0	5087
TP1_synth_reverse		97	C	0	905224	0	0	0	180	0	905404	0	5086	0	0	0	0	0	5086
TP1_synth_reverse		98	A	902392	0	0	0	0	0	0	902392	5078	0	0	0	0	0	0	5078
TP1_synth_reverse		99	G	0	0	0	900341	0	0	0	900341	0	0	0	5077	0	0	0	5077
