



























































































































































































































#AmpliconChromStart	Alias	Position	ProbableRef	rawA	rawC	rawD	rawG	rawI	rawN	rawT	rawDepth	consA	consC	consD	consG	consI	consN	consT	consDepth	
TP1_synth_reverse		1	G	0	0	0	898030	0	0	0	898030	0	0	0	3693	0	0	0	3693
TP1_synth_reverse		2	T	0	0	0	0	0	0	899897	899897	0	0	0	0	0	0	3699	3699
TP1_synth_reverse		3	G	0	0	0	906828	0	85	0	906913	0	0	0	3705	0	0	0	3705
TP1_synth_reverse		4	G	0	0	0	907399	0	49	0	907448	0	0	0	3708	0	0	0	3708
TP1_synth_reverse		5	T	0	0	0	0	0	20	907804	907824	0	0	0	0	0	0	3712	3712
TP1_synth_reverse		6	G	123	90	0	908208	0	11	151	908583	0	0	0	3714	0	0	0	3714
TP1_synth_reverse		7	A	908352	21	0	86	0	61	142	908662	3716	0	0	0	0	0	0	3716
TP1_synth_reverse		8	G	101	99	0	908796	2	111	1421	910530	0	0	0	3717	0	0	2	3719
TP1_synth_reverse		9	G	171	174	0	910051	3	42	128	910569	0	0	0	3719	0	0	0	3719
TP1_synth_reverse		10	C	246	910183	2	31	0	35	90	910587	0	3719	0	0	0	0	0	3719
TP1_synth_reverse		11	T	211	151	9	16	9	34	910179	910609	0	0	0	0	0	0	3719	3719
TP1_synth_reverse		12	C	343	909277	745	26	1	76	147	910615	0	3716	3	0	0	0	0	3719
TP1_synth_reverse		13	C	503	909889	1	30	0	89	123	910635	0	3719	0	0	0	0	0	3719
TP1_synth_reverse		14	C	454	910000	0	21	0	46	114	910635	0	3719	0	0	0	0	0	3719
TP1_synth_reverse		15	C	322	910140	0	26	7	63	92	910650	0	3719	0	0	0	0	0	3719
TP1_synth_reverse		16	T	387	109	930	10	0	191	909023	910650	0	0	3	0	0	0	3716	3719
TP1_synth_reverse		17	T	379	117	0	10	0	70	910074	910650	0	0	0	0	0	0	3719	3719
TP1_synth_reverse		18	T	356	152	92	8	42	55	909945	910650	0	0	2	0	0	0	3717	3719
TP1_synth_reverse		19	C	376	910596	94	31	0	67	80	911244	0	3718	2	0	0	0	0	3720
TP1_synth_reverse		20	T	254	84	1292	16	0	25	909573	911244	0	0	4	0	0	0	3716	3720
TP1_synth_reverse		21	T	545	168	105	65	5	111	910245	911244	0	0	2	0	0	0	3718	3720
TP1_synth_reverse		22	G	132	460	466	909783	137	26	240	911244	0	0	3	3714	2	0	1	3720
TP1_synth_reverse		23	C	605	909765	31	56	5	28	754	911244	0	3719	0	0	0	0	1	3720
TP1_synth_reverse		24	G	557	183	30	909700	0	49	725	911244	3	0	0	3717	0	0	0	3720
TP1_synth_reverse		25	G	2499	684	4	907475	40	129	434	911265	5	0	0	3713	1	0	2	3721
TP1_synth_reverse		26	A	909262	14	1681	157	4	52	124	911294	3720	0	2	0	0	0	0	3722
TP1_synth_reverse		27	G	1175	835	2366	906649	2	22	245	911294	4	0	8	3710	0	0	0	3722
TP1_synth_reverse		28	A	910149	32	739	107	154	26	115	911322	3720	0	2	0	1	0	0	3723
TP1_synth_reverse		29	T	324	93	1884	155	0	140	908726	911322	0	0	4	0	0	0	3719	3723
TP1_synth_reverse		30	T	1058	1360	738	58	0	122	907994	911330	0	2	2	0	0	0	3719	3723
TP1_synth_reverse		31	C	545	909844	745	39	0	65	81	911319	0	3721	2	0	0	0	0	3723
TP1_synth_reverse		32	T	571	90	738	47	0	393	909461	911300	0	0	2	0	0	0	3721	3723
TP1_synth_reverse		33	C	500	910350	6	40	0	151	245	911292	0	3723	0	0	0	0	0	3723
TP1_synth_reverse		34	T	751	171	992	97	0	90	909195	911296	0	1	1	0	0	0	3721	3723
TP1_synth_reverse		35	T	1595	105	1	75	3	79	909428	911286	0	0	0	0	0	0	3723	3723
TP1_synth_reverse		36	C	543	910459	102	60	0	58	63	911285	0	3721	1	1	0	0	0	3723
TP1_synth_reverse		37	C	646	910369	11	61	1	72	115	911275	0	3723	0	0	0	0	0	3723
TP1_synth_reverse		38	T	783	79	31	255	0	24	910092	911264	0	0	1	0	0	0	3722	3723
TP1_synth_reverse		39	C	511	909802	757	43	0	63	84	911260	0	3720	3	0	0	0	0	3723
TP1_synth_reverse		40	T	1293	102	41	37	2	165	909610	911250	0	0	0	0	0	0	3723	3723
TP1_synth_reverse		41	G	598	625	2595	907012	1	24	367	911222	0	0	5	3718	0	0	0	3723
TP1_synth_reverse		42	T	2335	1009	962	34	4	68	906799	911211	1	2	2	0	0	0	3718	3723
TP1_synth_reverse		43	G	489	477	2494	906634	1	415	691	911201	0	0	3	3719	0	0	1	3723
TP1_synth_reverse		44	C	553	909129	968	52	12	159	327	911200	0	3719	2	0	0	0	2	3723
TP1_synth_reverse		45	G	1049	397	961	907169	2	65	1543	911186	5	0	2	3716	0	0	0	3723
TP1_synth_reverse		46	C	826	908933	1283	61	0	10	94	911207	0	3720	4	0	0	0	0	3724
TP1_synth_reverse		47	C	375	910471	51	40	0	23	245	911205	0	3724	0	0	0	0	0	3724
TP1_synth_reverse		48	G	2055	698	86	907183	2	39	1126	911189	4	0	0	3720	0	0	0	3724
TP1_synth_reverse		49	A	910910	46	31	102	0	211	150	911450	3725	0	0	0	0	0	0	3725
TP1_synth_reverse		50	T	1027	108	43	134	1	122	909686	911121	0	0	0	0	0	0	3725	3725
TP1_synth_reverse		51	A	910648	54	59	112	0	157	120	911150	3726	0	0	0	0	0	0	3726
TP1_synth_reverse		52	C	561	909311	39	156	7	294	124	910492	0	3726	0	0	0	0	0	3726
TP1_synth_reverse		53	A	909868	39	46	190	2	333	142	910620	3729	0	0	0	0	0	0	3729
TP1_synth_reverse		54	G	169	284	50	909711	1	116	275	910606	0	0	0	3728	0	0	1	3729
TP1_synth_reverse		55	A	910005	77	306	125	0	144	72	910729	3724	0	6	0	0	0	0	3730
TP1_synth_reverse		56	A	910297	12	12	168	0	114	125	910728	3730	0	0	0	0	0	0	3730
TP1_synth_reverse		57	T	1829	53	27	221	3	254	908299	910686	0	0	0	0	0	0	3730	3730
TP1_synth_reverse		58	A	907947	10	2294	75	0	292	131	910749	3729	0	2	0	0	0	0	3731
TP1_synth_reverse		59	T	955	53	1598	102	0	399	907644	910751	0	0	4	0	0	0	3727	3731
TP1_synth_reverse		60	C	841	909046	456	60	1	261	68	910733	0	3727	4	0	0	0	0	3731
TP1_synth_reverse		61	T	1280	110	58	59	0	232	909005	910744	0	0	1	0	0	0	3731	3732
TP1_synth_reverse		62	G	963	244	1182	907576	0	339	427	910731	1	0	1	3729	0	0	1	3732
TP1_synth_reverse		63	T	2201	91	3126	20	0	182	904597	910217	0	0	5	0	0	0	3728	3733
TP1_synth_reverse		64	T	1939	77	374	19	2	55	907701	910167	0	0	3	0	0	0	3730	3733
TP1_synth_reverse		65	C	1116	908192	531	23	0	164	127	910153	0	3729	4	0	0	0	0	3733
TP1_synth_reverse		66	G	1998	423	41	907263	5	74	352	910156	2	0	0	3732	0	0	0	3734
TP1_synth_reverse		67	C	951	905792	776	31	2289	243	105	910187	0	3732	1	0	2	0	0	3735
TP1_synth_reverse		68	A	908452	264	843	147	324	110	77	910217	3733	0	2	0	1	0	0	3736
TP1_synth_reverse		69	C	341	905782	3672	36	4	55	296	910186	0	3722	11	0	0	0	3	3736
TP1_synth_reverse		70	T	1129	116	445	35	2156	103	906202	910186	0	0	4	0	2	0	3731	3737
TP1_synth_reverse		71	C	360	908909	441	43	3	321	100	910177	0	3733	4	0	0	0	0	3737
TP1_synth_reverse		72	C	725	909068	8	71	3	131	165	910171	0	3737	0	0	0	0	0	3737
TP1_synth_reverse		73	G	751	576	170	908029	0	330	290	910146	2	0	1	3734	0	0	0	3737
TP1_synth_reverse		74	A	909735	50	6	133	40	127	54	910145	3735	0	0	0	2	0	0	3737
TP1_synth_reverse		75	G	2377	417	517	906532	0	57	233	910133	5	0	4	3727	0	0	1	3737
TP1_synth_reverse		76	T	979	107	7	44	1	46	908935	910119	0	0	0	0	0	0	3737	3737
TP1_synth_reverse		77	G	2906	388	1432	905061	3	67	229	910086	6	0	4	3727	0	0	0	3737
TP1_synth_reverse		78	C	432	908618	31	42	3	514	440	910080	0	3734	0	0	0	0	3	3737
TP1_synth_reverse		79	G	4463	629	1392	902785	0	129	679	910077	19	0	3	3714	0	0	1	3737
TP1_synth_reverse		80	G	1226	227	1072	907035	21	134	324	910039	4	0	2	3731	0	0	0	3737
TP1_synth_reverse		81	C	281	907997	1364	85	2	118	176	910023	0	3732	5	0	0	0	0	3737
TP1_synth_reverse		82	A	907627	50	1381	170	0	93	151	909472	3733	0	4	0	0	0	0	3737
TP1_synth_reverse		83	A	909015	66	5	92	0	212	81	909471	3737	0	0	0	0	0	0	3737
TP1_synth_reverse		84	A	908112	40	0	919	73	252	49	909445	3736	0	0	1	0	0	0	3737
TP1_synth_reverse		85	G	167	316	38	908548	49	110	134	909362	0	0	0	3736	1	0	0	3737
TP1_synth_reverse		86	C	513	908166	6	450	0	89	90	909314	0	3733	0	4	0	0	0	3737
TP1_synth_reverse		87	T	1231	94	1	23	0	315	907572	909236	0	0	0	0	0	0	3737	3737
TP1_synth_reverse		88	G	157	777	14	907848	7	140	247	909190	0	0	0	3737	0	0	0	3737
TP1_synth_reverse		89	T	730	120	41	27	0	53	908180	909151	0	0	0	0	0	0	3737	3737
TP1_synth_reverse		90	T	668	134	22	137	0	74	907973	909008	0	0	0	1	0	0	3736	3737
TP1_synth_reverse		91	C	1504	906930	0	46	2	316	107	908905	1	3736	0	0	0	0	0	3737
TP1_synth_reverse		92	C	440	907640	0	61	0	422	214	908777	0	3737	0	0	0	0	0	3737
TP1_synth_reverse		93	G	512	396	0	906582	0	206	191	907887	3	0	0	3734	0	0	0	3737
TP1_synth_reverse		94	T	527	186	0	44	0	70	906956	907783	0	0	0	0	0	0	3737	3737
TP1_synth_reverse		95	C	0	906844	0	0	0	183	0	907027	0	3736	0	0	0	0	0	3736
TP1_synth_reverse		96	C	0	906065	0	0	0	115	0	906180	0	3735	0	0	0	0	0	3735
TP1_synth_reverse		97	C	0	905230	0	0	0	180	0	905410	0	3735	0	0	0	0	0	3735
TP1_synth_reverse		98	A	902398	0	0	0	0	0	0	902398	3734	0	0	0	0	0	0	3734
TP1_synth_reverse		99	G	0	0	0	900347	0	0	0	900347	0	0	0	3734	0	0	0	3734
