



























































































































































































































#AmpliconChromStart	Alias	Position	ProbableRef	rawA	rawC	rawD	rawG	rawI	rawN	rawT	rawDepth	consA	consC	consD	consG	consI	consN	consT	consDepth	
TP1_synth_reverse		1	G	0	0	0	898030	0	0	0	898030	0	0	0	5726	0	0	0	5726
TP1_synth_reverse		2	T	0	0	0	0	0	0	899897	899897	0	0	0	0	0	0	5738	5738
TP1_synth_reverse		3	G	0	0	0	906828	0	85	0	906913	0	0	0	5753	0	0	0	5753
TP1_synth_reverse		4	G	0	0	0	907399	0	49	0	907448	0	0	0	5759	0	0	0	5759
TP1_synth_reverse		5	T	0	0	0	0	0	20	907804	907824	0	0	0	0	0	0	5765	5765
TP1_synth_reverse		6	G	123	90	0	908208	0	11	151	908583	0	0	0	5767	0	0	0	5767
TP1_synth_reverse		7	A	908352	21	0	86	0	61	142	908662	5770	0	0	0	0	0	0	5770
TP1_synth_reverse		8	G	101	99	0	908796	2	111	1421	910530	0	0	0	5772	0	0	2	5774
TP1_synth_reverse		9	G	171	174	0	910051	3	42	128	910569	0	0	0	5774	0	0	1	5775
TP1_synth_reverse		10	C	246	910165	2	31	0	35	90	910569	0	5775	0	0	0	0	0	5775
TP1_synth_reverse		11	T	211	151	9	16	9	34	910161	910591	0	0	0	0	0	0	5775	5775
TP1_synth_reverse		12	C	343	909259	745	26	1	76	147	910597	0	5773	3	0	0	0	0	5776
TP1_synth_reverse		13	C	503	909871	1	30	0	89	123	910617	0	5777	0	0	0	0	0	5777
TP1_synth_reverse		14	C	454	909982	0	21	0	46	114	910617	0	5777	0	0	0	0	0	5777
TP1_synth_reverse		15	C	321	910123	0	26	7	63	92	910632	2	5775	0	0	0	0	0	5777
TP1_synth_reverse		16	T	387	109	930	10	0	191	909005	910632	0	0	7	0	0	0	5770	5777
TP1_synth_reverse		17	T	379	117	0	10	0	70	910056	910632	0	0	0	0	0	0	5777	5777
TP1_synth_reverse		18	T	355	152	92	8	42	55	909928	910632	0	0	2	0	5	0	5770	5777
TP1_synth_reverse		19	C	376	910578	94	31	0	67	80	911226	0	5776	2	0	0	0	0	5778
TP1_synth_reverse		20	T	252	84	1292	16	0	25	909557	911226	0	0	5	0	0	0	5773	5778
TP1_synth_reverse		21	T	544	168	105	65	5	111	910228	911226	0	0	2	0	0	0	5776	5778
TP1_synth_reverse		22	G	132	459	466	909766	137	26	240	911226	0	0	3	5772	2	0	1	5778
TP1_synth_reverse		23	C	605	909747	31	56	5	28	754	911226	0	5776	0	0	0	0	2	5778
TP1_synth_reverse		24	G	557	183	30	909682	0	49	725	911226	6	0	0	5772	0	0	0	5778
TP1_synth_reverse		25	G	2498	684	4	907458	40	129	434	911247	8	0	0	5767	2	0	2	5779
TP1_synth_reverse		26	A	909244	14	1681	157	4	52	124	911276	5778	0	2	0	0	0	0	5780
TP1_synth_reverse		27	G	1175	835	2366	906631	2	22	245	911276	6	0	11	5763	0	0	0	5780
TP1_synth_reverse		28	A	910131	32	739	107	154	26	115	911304	5776	0	3	0	2	0	0	5781
TP1_synth_reverse		29	T	323	93	1884	155	0	140	908709	911304	0	1	6	0	0	0	5774	5781
TP1_synth_reverse		30	T	1055	1360	738	58	0	122	907979	911312	0	3	3	0	0	0	5776	5782
TP1_synth_reverse		31	C	545	909826	745	39	0	65	81	911301	0	5779	3	0	0	0	0	5782
TP1_synth_reverse		32	T	569	90	738	47	0	393	909445	911282	0	0	3	0	0	0	5779	5782
TP1_synth_reverse		33	C	498	910334	6	40	0	151	245	911274	0	5782	0	0	0	0	0	5782
TP1_synth_reverse		34	T	750	171	992	97	0	90	909178	911278	0	2	3	0	0	0	5778	5783
TP1_synth_reverse		35	T	1592	105	1	75	3	79	909413	911268	0	0	0	0	0	0	5784	5784
TP1_synth_reverse		36	C	543	910441	102	60	0	58	63	911267	0	5779	4	1	0	0	0	5784
TP1_synth_reverse		37	C	646	910351	11	61	1	72	115	911257	0	5784	0	0	0	0	0	5784
TP1_synth_reverse		38	T	783	79	31	255	0	24	910074	911246	0	0	1	0	0	0	5783	5784
TP1_synth_reverse		39	C	510	909785	757	43	0	63	84	911242	0	5777	7	0	0	0	0	5784
TP1_synth_reverse		40	T	1292	102	41	37	2	165	909593	911232	0	0	2	0	0	0	5782	5784
TP1_synth_reverse		41	G	597	625	2595	906997	1	24	366	911205	0	0	15	5769	0	0	0	5784
TP1_synth_reverse		42	T	2335	1009	962	34	4	68	906774	911186	2	3	6	0	0	0	5773	5784
TP1_synth_reverse		43	G	488	475	2494	906612	1	415	691	911176	0	0	10	5773	0	0	1	5784
TP1_synth_reverse		44	C	552	909105	968	52	12	159	327	911175	0	5773	6	0	2	0	3	5784
TP1_synth_reverse		45	G	1049	396	961	907147	2	65	1541	911161	6	0	6	5772	0	0	0	5784
TP1_synth_reverse		46	C	825	908909	1283	61	0	10	94	911182	0	5773	12	0	0	0	0	5785
TP1_synth_reverse		47	C	374	910447	51	40	0	23	245	911180	0	5781	4	0	0	0	0	5785
TP1_synth_reverse		48	G	2055	697	86	907175	2	39	1125	911179	6	0	6	5774	0	0	0	5786
TP1_synth_reverse		49	A	910900	46	31	102	0	211	150	911440	5785	0	2	0	0	0	0	5787
TP1_synth_reverse		50	T	1022	108	43	134	1	122	909681	911111	0	0	2	0	0	0	5784	5786
TP1_synth_reverse		51	A	910638	54	59	112	0	157	120	911140	5783	0	4	0	0	0	0	5787
TP1_synth_reverse		52	C	561	909301	39	156	7	294	124	910482	0	5784	2	0	0	0	0	5786
TP1_synth_reverse		53	A	909858	39	46	190	2	333	142	910610	5788	0	2	0	0	0	0	5790
TP1_synth_reverse		54	G	170	284	50	909701	1	116	274	910596	0	0	2	5787	0	0	1	5790
TP1_synth_reverse		55	A	909995	77	306	125	0	144	72	910719	5780	0	11	0	0	0	0	5791
TP1_synth_reverse		56	A	910287	12	12	168	0	114	125	910718	5790	0	0	1	0	0	0	5791
TP1_synth_reverse		57	T	1828	53	27	221	3	254	908291	910677	0	0	0	0	0	0	5791	5791
TP1_synth_reverse		58	A	907938	10	2294	75	0	292	131	910740	5789	0	3	0	0	0	0	5792
TP1_synth_reverse		59	T	951	53	1598	102	0	399	907639	910742	0	0	6	0	0	0	5789	5795
TP1_synth_reverse		60	C	840	909045	456	60	1	261	68	910731	0	5790	6	0	0	0	0	5796
TP1_synth_reverse		61	T	1278	110	58	59	0	232	909005	910742	0	0	4	0	0	0	5793	5797
TP1_synth_reverse		62	G	961	244	1182	907576	0	339	427	910729	1	0	2	5793	0	0	1	5797
TP1_synth_reverse		63	T	2201	91	3126	20	0	182	904595	910215	0	0	11	0	0	0	5786	5797
TP1_synth_reverse		64	T	1934	77	374	19	2	55	907704	910165	0	0	3	0	0	0	5794	5797
TP1_synth_reverse		65	C	1116	908190	531	23	0	164	127	910151	0	5793	4	0	0	0	0	5797
TP1_synth_reverse		66	G	1997	422	41	907263	5	74	352	910154	3	0	0	5795	0	0	0	5798
TP1_synth_reverse		67	C	951	905790	776	31	2289	243	105	910185	0	5794	1	0	4	0	0	5799
TP1_synth_reverse		68	A	908449	264	843	148	324	110	77	910215	5796	0	3	0	1	0	0	5800
TP1_synth_reverse		69	C	340	905782	3672	36	4	55	296	910185	0	5783	14	0	0	0	3	5800
TP1_synth_reverse		70	T	1128	116	445	35	2156	103	906184	910167	0	0	6	0	3	0	5791	5800
TP1_synth_reverse		71	C	360	908890	441	43	3	321	100	910158	0	5794	6	0	0	0	0	5800
TP1_synth_reverse		72	C	725	909049	8	71	3	131	165	910152	0	5800	0	0	0	0	0	5800
TP1_synth_reverse		73	G	751	575	170	908011	0	330	290	910127	3	0	1	5796	0	0	0	5800
TP1_synth_reverse		74	A	909716	50	6	133	40	127	54	910126	5796	0	0	0	4	0	0	5800
TP1_synth_reverse		75	G	2377	417	517	906513	0	57	233	910114	11	0	5	5782	0	0	2	5800
TP1_synth_reverse		76	T	978	107	7	44	1	46	908917	910100	0	0	0	0	0	0	5800	5800
TP1_synth_reverse		77	G	2906	385	1432	905045	3	67	229	910067	8	0	4	5788	0	0	0	5800
TP1_synth_reverse		78	C	431	908598	33	42	3	514	440	910061	0	5797	0	0	0	0	3	5800
TP1_synth_reverse		79	G	4463	629	1392	902766	0	129	679	910058	33	0	4	5761	0	0	2	5800
TP1_synth_reverse		80	G	1226	224	1072	907019	21	134	324	910020	7	0	2	5791	0	0	0	5800
TP1_synth_reverse		81	C	281	907978	1364	85	2	118	176	910004	0	5795	5	0	0	0	0	5800
TP1_synth_reverse		82	A	907608	50	1381	170	0	93	151	909453	5796	0	4	0	0	0	0	5800
TP1_synth_reverse		83	A	908994	67	5	93	0	212	81	909452	5800	0	0	0	0	0	0	5800
TP1_synth_reverse		84	A	908093	40	0	919	73	252	49	909426	5796	0	0	1	3	0	0	5800
TP1_synth_reverse		85	G	167	316	38	908530	49	110	134	909344	0	0	3	5796	1	0	0	5800
TP1_synth_reverse		86	C	512	908149	6	450	0	89	90	909296	0	5795	0	5	0	0	0	5800
TP1_synth_reverse		87	T	1230	94	1	23	0	315	907555	909218	0	0	0	0	0	0	5800	5800
TP1_synth_reverse		88	G	157	777	14	907830	7	140	247	909172	0	0	0	5800	0	0	0	5800
TP1_synth_reverse		89	T	730	120	41	27	0	53	908162	909133	0	0	0	0	0	0	5800	5800
TP1_synth_reverse		90	T	668	134	22	137	0	74	907957	908992	0	0	0	1	0	0	5799	5800
TP1_synth_reverse		91	C	1502	906916	0	46	2	316	107	908889	1	5799	0	0	0	0	0	5800
TP1_synth_reverse		92	C	440	907624	0	61	0	422	214	908761	0	5799	0	1	0	0	0	5800
TP1_synth_reverse		93	G	512	396	0	906565	0	206	191	907870	3	0	0	5795	0	0	0	5798
TP1_synth_reverse		94	T	526	186	0	44	0	70	906941	907767	0	0	0	0	0	0	5798	5798
TP1_synth_reverse		95	C	0	906827	0	0	0	183	0	907010	0	5795	0	0	0	0	0	5795
TP1_synth_reverse		96	C	0	906048	0	0	0	115	0	906163	0	5794	0	0	0	0	0	5794
TP1_synth_reverse		97	C	0	905213	0	0	0	180	0	905393	0	5792	0	0	0	0	0	5792
TP1_synth_reverse		98	A	902381	0	0	0	0	0	0	902381	5783	0	0	0	0	0	0	5783
TP1_synth_reverse		99	G	0	0	0	900329	0	0	0	900329	0	0	0	5782	0	0	0	5782
