



























































































































































































































#AmpliconChromStart	Alias	Position	ProbableRef	rawA	rawC	rawD	rawG	rawI	rawN	rawT	rawDepth	consA	consC	consD	consG	consI	consN	consT	consDepth	
TP1_synth_reverse		1	G	0	0	0	898030	0	0	0	898030	0	0	0	3957	0	0	0	3957
TP1_synth_reverse		2	T	0	0	0	0	0	0	899897	899897	0	0	0	0	0	0	3963	3963
TP1_synth_reverse		3	G	0	0	0	906828	0	85	0	906913	0	0	0	3969	0	0	0	3969
TP1_synth_reverse		4	G	0	0	0	907399	0	49	0	907448	0	0	0	3973	0	0	0	3973
TP1_synth_reverse		5	T	0	0	0	0	0	20	907804	907824	0	0	0	0	0	0	3977	3977
TP1_synth_reverse		6	G	123	90	0	908208	0	11	151	908583	0	0	0	3979	0	0	0	3979
TP1_synth_reverse		7	A	908352	21	0	86	0	61	142	908662	3981	0	0	0	0	0	0	3981
TP1_synth_reverse		8	G	101	99	0	908796	2	111	1421	910530	0	0	0	3982	0	0	2	3984
TP1_synth_reverse		9	G	171	174	0	910051	3	42	128	910569	0	0	0	3985	0	0	0	3985
TP1_synth_reverse		10	C	246	910165	2	31	0	35	90	910569	0	3985	0	0	0	0	0	3985
TP1_synth_reverse		11	T	211	151	9	16	9	34	910161	910591	0	0	0	0	0	0	3985	3985
TP1_synth_reverse		12	C	343	909259	745	26	1	76	147	910597	0	3982	3	0	0	0	0	3985
TP1_synth_reverse		13	C	503	909871	1	30	0	89	123	910617	0	3985	0	0	0	0	0	3985
TP1_synth_reverse		14	C	454	909982	0	21	0	46	114	910617	0	3985	0	0	0	0	0	3985
TP1_synth_reverse		15	C	321	910123	0	26	7	63	92	910632	1	3984	0	0	0	0	0	3985
TP1_synth_reverse		16	T	387	109	930	10	0	191	909005	910632	0	0	3	0	0	0	3982	3985
TP1_synth_reverse		17	T	379	117	0	10	0	70	910056	910632	0	0	0	0	0	0	3985	3985
TP1_synth_reverse		18	T	355	152	92	8	42	55	909928	910632	0	0	2	0	1	0	3982	3985
TP1_synth_reverse		19	C	376	910578	94	31	0	67	80	911226	0	3984	2	0	0	0	0	3986
TP1_synth_reverse		20	T	252	84	1292	16	0	25	909557	911226	0	0	5	0	0	0	3981	3986
TP1_synth_reverse		21	T	544	168	105	65	5	111	910237	911235	0	0	2	0	0	0	3984	3986
TP1_synth_reverse		22	G	132	459	466	909775	137	26	240	911235	0	0	3	3980	2	0	1	3986
TP1_synth_reverse		23	C	605	909756	31	56	5	28	754	911235	0	3984	0	0	0	0	2	3986
TP1_synth_reverse		24	G	557	183	30	909691	0	49	725	911235	3	0	0	3983	0	0	0	3986
TP1_synth_reverse		25	G	2498	684	4	907467	40	129	434	911256	5	0	0	3979	1	0	2	3987
TP1_synth_reverse		26	A	909253	14	1681	157	4	52	124	911285	3986	0	2	0	0	0	0	3988
TP1_synth_reverse		27	G	1175	835	2366	906640	2	22	245	911285	6	0	8	3974	0	0	0	3988
TP1_synth_reverse		28	A	910140	32	739	107	154	26	115	911313	3985	0	2	0	2	0	0	3989
TP1_synth_reverse		29	T	323	93	1884	155	0	140	908718	911313	0	0	4	0	0	0	3985	3989
TP1_synth_reverse		30	T	1055	1360	738	58	0	122	907988	911321	0	2	2	0	0	0	3985	3989
TP1_synth_reverse		31	C	545	909835	745	39	0	65	81	911310	0	3987	2	0	0	0	0	3989
TP1_synth_reverse		32	T	569	90	738	47	0	393	909454	911291	0	0	2	0	0	0	3987	3989
TP1_synth_reverse		33	C	498	910343	6	40	0	151	245	911283	0	3989	0	0	0	0	0	3989
TP1_synth_reverse		34	T	750	171	992	97	0	90	909187	911287	0	1	1	0	0	0	3987	3989
TP1_synth_reverse		35	T	1594	105	1	75	3	79	909420	911277	0	0	0	0	0	0	3990	3990
TP1_synth_reverse		36	C	543	910450	102	60	0	58	63	911276	0	3988	1	1	0	0	0	3990
TP1_synth_reverse		37	C	648	910358	11	61	1	72	115	911266	0	3990	0	0	0	0	0	3990
TP1_synth_reverse		38	T	783	79	31	255	0	24	910083	911255	0	0	1	0	0	0	3989	3990
TP1_synth_reverse		39	C	510	909794	757	43	0	63	84	911251	0	3987	3	0	0	0	0	3990
TP1_synth_reverse		40	T	1292	102	41	37	2	165	909602	911241	0	0	0	0	0	0	3990	3990
TP1_synth_reverse		41	G	598	627	2595	907003	1	24	366	911214	0	0	6	3984	0	0	0	3990
TP1_synth_reverse		42	T	2335	1009	962	34	4	68	906783	911195	1	2	2	0	0	0	3985	3990
TP1_synth_reverse		43	G	488	475	2494	906621	1	415	691	911185	0	0	3	3986	0	0	1	3990
TP1_synth_reverse		44	C	552	909114	968	52	12	159	327	911184	0	3986	2	0	0	0	2	3990
TP1_synth_reverse		45	G	1049	396	961	907154	2	65	1543	911170	5	0	2	3983	0	0	0	3990
TP1_synth_reverse		46	C	826	908917	1283	61	0	10	94	911191	0	3985	6	0	0	0	0	3991
TP1_synth_reverse		47	C	376	910454	51	40	0	23	245	911189	0	3991	0	0	0	0	0	3991
TP1_synth_reverse		48	G	2056	697	86	907182	2	39	1126	911188	5	0	1	3986	0	0	0	3992
TP1_synth_reverse		49	A	910909	46	31	102	0	211	150	911449	3993	0	0	0	0	0	0	3993
TP1_synth_reverse		50	T	1024	108	43	134	1	122	909688	911120	0	0	0	0	0	0	3993	3993
TP1_synth_reverse		51	A	910647	54	59	112	0	157	120	911149	3994	0	0	0	0	0	0	3994
TP1_synth_reverse		52	C	561	909310	39	156	7	294	124	910491	0	3994	0	0	0	0	0	3994
TP1_synth_reverse		53	A	909867	39	46	190	2	333	142	910619	3997	0	0	0	0	0	0	3997
TP1_synth_reverse		54	G	170	284	50	909710	1	116	274	910605	0	0	0	3996	0	0	1	3997
TP1_synth_reverse		55	A	910004	77	306	125	0	144	72	910728	3990	0	8	0	0	0	0	3998
TP1_synth_reverse		56	A	910296	12	12	168	0	114	125	910727	3998	0	0	0	0	0	0	3998
TP1_synth_reverse		57	T	1828	53	27	221	3	254	908300	910686	0	0	0	0	0	0	3998	3998
TP1_synth_reverse		58	A	907947	10	2294	75	0	292	131	910749	3997	0	2	0	0	0	0	3999
TP1_synth_reverse		59	T	952	53	1598	102	0	399	907647	910751	0	0	4	0	0	0	3995	3999
TP1_synth_reverse		60	C	840	909054	456	60	1	261	68	910740	0	3995	4	0	0	0	0	3999
TP1_synth_reverse		61	T	1279	110	58	59	0	232	909013	910751	0	0	1	0	0	0	3999	4000
TP1_synth_reverse		62	G	961	244	1182	907585	0	339	427	910738	1	0	1	3997	0	0	1	4000
TP1_synth_reverse		63	T	2204	91	3126	20	0	182	904601	910224	0	0	7	0	0	0	3994	4001
TP1_synth_reverse		64	T	1935	77	374	19	2	55	907712	910174	0	0	3	0	0	0	3998	4001
TP1_synth_reverse		65	C	1116	908199	531	23	0	164	127	910160	0	3997	4	0	0	0	0	4001
TP1_synth_reverse		66	G	1997	422	41	907272	5	74	352	910163	3	0	0	3999	0	0	0	4002
TP1_synth_reverse		67	C	951	905799	776	31	2289	243	105	910194	0	4000	1	0	2	0	0	4003
TP1_synth_reverse		68	A	908458	264	843	148	324	110	77	910224	4001	0	2	0	1	0	0	4004
TP1_synth_reverse		69	C	340	905790	3672	36	4	55	296	910193	0	3989	12	0	0	0	3	4004
TP1_synth_reverse		70	T	1129	116	445	35	2156	103	906191	910175	0	0	4	0	2	0	3998	4004
TP1_synth_reverse		71	C	360	908898	441	43	3	321	100	910166	0	4000	4	0	0	0	0	4004
TP1_synth_reverse		72	C	725	909057	8	71	3	131	165	910160	0	4004	0	0	0	0	0	4004
TP1_synth_reverse		73	G	751	576	170	908018	0	330	290	910135	2	0	1	4001	0	0	0	4004
TP1_synth_reverse		74	A	909724	50	6	133	40	127	54	910134	4002	0	0	0	2	0	0	4004
TP1_synth_reverse		75	G	2377	418	517	906520	0	57	233	910122	5	0	5	3993	0	0	1	4004
TP1_synth_reverse		76	T	978	107	7	44	1	46	908925	910108	0	0	0	0	0	0	4004	4004
TP1_synth_reverse		77	G	2906	385	1432	905053	3	67	229	910075	7	0	4	3993	0	0	0	4004
TP1_synth_reverse		78	C	432	908605	33	42	3	514	440	910069	0	4001	0	0	0	0	3	4004
TP1_synth_reverse		79	G	4464	629	1392	902773	0	129	679	910066	21	0	3	3979	0	0	1	4004
TP1_synth_reverse		80	G	1226	224	1072	907027	21	134	324	910028	4	0	2	3998	0	0	0	4004
TP1_synth_reverse		81	C	281	907986	1364	85	2	118	176	910012	0	3999	5	0	0	0	0	4004
TP1_synth_reverse		82	A	907616	50	1381	170	0	93	151	909461	4000	0	4	0	0	0	0	4004
TP1_synth_reverse		83	A	909002	67	5	93	0	212	81	909460	4004	0	0	0	0	0	0	4004
TP1_synth_reverse		84	A	908101	40	0	919	73	252	49	909434	4003	0	0	1	0	0	0	4004
TP1_synth_reverse		85	G	167	316	38	908538	49	110	134	909352	0	0	2	4001	1	0	0	4004
TP1_synth_reverse		86	C	512	908157	6	450	0	89	90	909304	0	4000	0	4	0	0	0	4004
TP1_synth_reverse		87	T	1232	94	1	23	0	315	907561	909226	0	0	0	0	0	0	4004	4004
TP1_synth_reverse		88	G	157	777	14	907838	7	140	247	909180	0	0	0	4004	0	0	0	4004
TP1_synth_reverse		89	T	730	120	41	27	0	53	908170	909141	0	0	0	0	0	0	4004	4004
TP1_synth_reverse		90	T	669	134	22	137	0	74	907964	909000	0	0	0	1	0	0	4003	4004
TP1_synth_reverse		91	C	1502	906924	0	46	2	316	107	908897	1	4003	0	0	0	0	0	4004
TP1_synth_reverse		92	C	440	907632	0	61	0	422	214	908769	0	4003	0	1	0	0	0	4004
TP1_synth_reverse		93	G	512	397	0	906572	0	206	191	907878	3	0	0	4001	0	0	0	4004
TP1_synth_reverse		94	T	526	186	0	44	0	70	906949	907775	0	0	0	0	0	0	4004	4004
TP1_synth_reverse		95	C	0	906835	0	0	0	183	0	907018	0	4002	0	0	0	0	0	4002
TP1_synth_reverse		96	C	0	906056	0	0	0	115	0	906171	0	4001	0	0	0	0	0	4001
TP1_synth_reverse		97	C	0	905221	0	0	0	180	0	905401	0	4001	0	0	0	0	0	4001
TP1_synth_reverse		98	A	902389	0	0	0	0	0	0	902389	3999	0	0	0	0	0	0	3999
TP1_synth_reverse		99	G	0	0	0	900336	0	0	0	900336	0	0	0	3999	0	0	0	3999
