



























































































































































































































#AmpliconChromStart	Alias	Position	ProbableRef	rawA	rawC	rawD	rawG	rawI	rawN	rawT	rawDepth	consA	consC	consD	consG	consI	consN	consT	consDepth	
TP1_synth_reverse		1	G	0	0	0	898030	0	0	0	898030	0	0	0	2123	0	0	0	2123
TP1_synth_reverse		2	T	0	0	0	0	0	0	899897	899897	0	0	0	0	0	0	2126	2126
TP1_synth_reverse		3	G	0	0	0	906828	0	85	0	906913	0	0	0	2132	0	0	0	2132
TP1_synth_reverse		4	G	0	0	0	907399	0	49	0	907448	0	0	0	2134	0	0	0	2134
TP1_synth_reverse		5	T	0	0	0	0	0	20	907804	907824	0	0	0	0	0	0	2135	2135
TP1_synth_reverse		6	G	123	90	0	908208	0	11	151	908583	0	0	0	2137	0	0	0	2137
TP1_synth_reverse		7	A	908352	21	0	86	0	61	142	908662	2137	0	0	0	0	0	0	2137
TP1_synth_reverse		8	G	101	99	0	908796	2	111	1421	910530	0	0	0	2138	0	0	1	2139
TP1_synth_reverse		9	G	171	174	0	910051	3	42	128	910569	0	0	0	2139	0	0	0	2139
TP1_synth_reverse		10	C	246	910165	2	31	0	35	90	910569	0	2139	0	0	0	0	0	2139
TP1_synth_reverse		11	T	211	151	9	16	9	34	910161	910591	0	0	0	0	0	0	2139	2139
TP1_synth_reverse		12	C	343	909253	745	26	1	76	147	910591	0	2137	2	0	0	0	0	2139
TP1_synth_reverse		13	C	503	909865	1	30	0	89	123	910611	0	2139	0	0	0	0	0	2139
TP1_synth_reverse		14	C	454	909976	0	21	0	46	114	910611	0	2139	0	0	0	0	0	2139
TP1_synth_reverse		15	C	321	910117	0	26	7	63	92	910626	0	2139	0	0	0	0	0	2139
TP1_synth_reverse		16	T	387	109	930	10	0	191	908999	910626	0	0	2	0	0	0	2137	2139
TP1_synth_reverse		17	T	378	117	0	10	0	70	910051	910626	0	0	0	0	0	0	2139	2139
TP1_synth_reverse		18	T	353	152	92	8	42	55	909924	910626	0	0	1	0	0	0	2138	2139
TP1_synth_reverse		19	C	376	910572	94	31	0	67	80	911220	0	2139	1	0	0	0	0	2140
TP1_synth_reverse		20	T	252	84	1292	16	0	25	909551	911220	0	0	4	0	0	0	2136	2140
TP1_synth_reverse		21	T	543	168	105	65	5	111	910232	911229	0	0	2	0	0	0	2138	2140
TP1_synth_reverse		22	G	132	456	466	909772	137	26	240	911229	0	0	3	2136	1	0	0	2140
TP1_synth_reverse		23	C	605	909760	31	56	5	28	754	911239	0	2139	0	0	0	0	1	2140
TP1_synth_reverse		24	G	557	182	30	909696	0	49	725	911239	2	0	0	2138	0	0	0	2140
TP1_synth_reverse		25	G	2498	683	4	907472	40	129	434	911260	2	0	0	2136	1	0	1	2140
TP1_synth_reverse		26	A	909257	14	1681	157	4	52	124	911289	2139	0	1	0	0	0	0	2140
TP1_synth_reverse		27	G	1175	834	2366	906645	2	22	245	911289	4	0	6	2130	0	0	0	2140
TP1_synth_reverse		28	A	910144	32	739	107	154	26	115	911317	2137	0	2	0	1	0	0	2140
TP1_synth_reverse		29	T	323	93	1884	155	0	140	908722	911317	0	0	3	0	0	0	2137	2140
TP1_synth_reverse		30	T	1054	1360	738	58	0	122	907993	911325	0	2	2	0	0	0	2136	2140
TP1_synth_reverse		31	C	547	909837	745	39	0	65	81	911314	0	2138	2	0	0	0	0	2140
TP1_synth_reverse		32	T	570	90	738	47	0	393	909457	911295	0	0	2	0	0	0	2138	2140
TP1_synth_reverse		33	C	498	910347	6	40	0	151	245	911287	0	2140	0	0	0	0	0	2140
TP1_synth_reverse		34	T	752	171	992	97	0	90	909189	911291	0	0	1	0	0	0	2139	2140
TP1_synth_reverse		35	T	1593	105	1	75	3	79	909425	911281	0	0	0	0	0	0	2140	2140
TP1_synth_reverse		36	C	543	910454	102	60	0	58	63	911280	0	2139	1	0	0	0	0	2140
TP1_synth_reverse		37	C	647	910363	11	61	1	72	115	911270	0	2140	0	0	0	0	0	2140
TP1_synth_reverse		38	T	782	79	31	255	0	24	910088	911259	0	0	0	0	0	0	2140	2140
TP1_synth_reverse		39	C	511	909797	757	43	0	63	84	911255	0	2137	3	0	0	0	0	2140
TP1_synth_reverse		40	T	1293	102	41	37	2	165	909605	911245	0	0	0	0	0	0	2140	2140
TP1_synth_reverse		41	G	598	627	2595	907008	1	24	365	911218	0	0	3	2137	0	0	0	2140
TP1_synth_reverse		42	T	2335	1009	962	34	4	68	906787	911199	0	2	2	0	0	0	2136	2140
TP1_synth_reverse		43	G	489	475	2494	906623	1	415	692	911189	0	0	3	2136	0	0	1	2140
TP1_synth_reverse		44	C	553	909117	968	52	12	159	327	911188	0	2138	2	0	0	0	0	2140
TP1_synth_reverse		45	G	1049	396	961	907156	2	65	1545	911174	2	0	2	2136	0	0	0	2140
TP1_synth_reverse		46	C	828	908919	1283	61	0	10	94	911195	0	2137	3	0	0	0	0	2140
TP1_synth_reverse		47	C	377	910457	51	40	0	23	245	911193	0	2140	0	0	0	0	0	2140
TP1_synth_reverse		48	G	2057	696	86	907169	2	39	1128	911177	2	0	0	2138	0	0	0	2140
TP1_synth_reverse		49	A	910898	46	31	102	0	211	150	911438	2141	0	0	0	0	0	0	2141
TP1_synth_reverse		50	T	1025	108	43	133	1	122	909677	911109	0	0	0	0	0	0	2141	2141
TP1_synth_reverse		51	A	910636	54	59	112	0	157	120	911138	2141	0	0	0	0	0	0	2141
TP1_synth_reverse		52	C	562	909298	39	156	7	294	124	910480	0	2141	0	0	0	0	0	2141
TP1_synth_reverse		53	A	909856	39	46	190	2	333	142	910608	2142	0	0	0	0	0	0	2142
TP1_synth_reverse		54	G	169	284	50	909700	1	116	274	910594	0	0	0	2142	0	0	0	2142
TP1_synth_reverse		55	A	909993	77	306	125	0	144	72	910717	2141	0	2	0	0	0	0	2143
TP1_synth_reverse		56	A	910285	12	12	168	0	114	125	910716	2143	0	0	0	0	0	0	2143
TP1_synth_reverse		57	T	1826	53	27	220	3	254	908292	910675	0	0	0	0	0	0	2143	2143
TP1_synth_reverse		58	A	907936	10	2294	75	0	292	131	910738	2142	0	2	0	0	0	0	2144
TP1_synth_reverse		59	T	953	53	1598	102	0	399	907635	910740	0	0	2	0	0	0	2142	2144
TP1_synth_reverse		60	C	840	909036	456	60	1	261	68	910722	0	2142	2	0	0	0	0	2144
TP1_synth_reverse		61	T	1278	110	58	59	0	232	908996	910733	0	0	0	0	0	0	2144	2144
TP1_synth_reverse		62	G	962	245	1182	907565	0	339	427	910720	1	0	1	2142	0	0	0	2144
TP1_synth_reverse		63	T	2204	91	3126	20	0	182	904583	910206	0	0	4	0	0	0	2141	2145
TP1_synth_reverse		64	T	1934	77	374	19	2	55	907715	910176	0	0	2	0	0	0	2143	2145
TP1_synth_reverse		65	C	1116	908201	531	23	0	164	127	910162	0	2142	3	0	0	0	0	2145
TP1_synth_reverse		66	G	1997	422	41	907274	5	74	352	910165	2	0	0	2143	0	0	0	2145
TP1_synth_reverse		67	C	951	905801	776	31	2289	243	105	910196	0	2143	1	0	2	0	0	2146
TP1_synth_reverse		68	A	908461	264	843	147	324	110	77	910226	2143	0	2	0	1	0	0	2146
TP1_synth_reverse		69	C	340	905793	3672	36	4	55	296	910196	0	2138	6	0	0	0	2	2146
TP1_synth_reverse		70	T	1129	116	445	35	2156	103	906194	910178	0	0	1	0	2	0	2143	2146
TP1_synth_reverse		71	C	360	908901	441	43	3	321	100	910169	0	2145	1	0	0	0	0	2146
TP1_synth_reverse		72	C	726	909059	8	71	3	131	165	910163	0	2146	0	0	0	0	0	2146
TP1_synth_reverse		73	G	751	576	170	908021	0	330	290	910138	1	0	1	2144	0	0	0	2146
TP1_synth_reverse		74	A	909727	50	6	133	40	127	54	910137	2146	0	0	0	0	0	0	2146
TP1_synth_reverse		75	G	2377	418	517	906523	0	57	233	910125	4	0	2	2139	0	0	1	2146
TP1_synth_reverse		76	T	978	107	7	44	1	46	908928	910111	0	0	0	0	0	0	2146	2146
TP1_synth_reverse		77	G	2906	384	1432	905057	3	67	229	910078	6	0	3	2137	0	0	0	2146
TP1_synth_reverse		78	C	432	908610	31	42	3	514	440	910072	0	2143	0	0	0	0	3	2146
TP1_synth_reverse		79	G	4464	629	1392	902776	0	129	679	910069	13	0	2	2130	0	0	1	2146
TP1_synth_reverse		80	G	1226	224	1072	907030	21	134	324	910031	3	0	1	2142	0	0	0	2146
TP1_synth_reverse		81	C	281	907989	1364	85	2	118	176	910015	0	2144	2	0	0	0	0	2146
TP1_synth_reverse		82	A	907619	50	1381	170	0	93	151	909464	2143	0	3	0	0	0	0	2146
TP1_synth_reverse		83	A	909006	66	5	93	0	212	81	909463	2146	0	0	0	0	0	0	2146
TP1_synth_reverse		84	A	908104	40	0	919	73	252	49	909437	2145	0	0	1	0	0	0	2146
TP1_synth_reverse		85	G	167	316	38	908541	49	110	134	909355	0	0	0	2145	1	0	0	2146
TP1_synth_reverse		86	C	512	908160	6	450	0	89	90	909307	0	2143	0	3	0	0	0	2146
TP1_synth_reverse		87	T	1232	94	1	24	0	315	907563	909229	0	0	0	0	0	0	2146	2146
TP1_synth_reverse		88	G	157	777	14	907841	7	140	247	909183	0	0	0	2146	0	0	0	2146
TP1_synth_reverse		89	T	730	120	41	27	0	53	908173	909144	0	0	0	0	0	0	2146	2146
TP1_synth_reverse		90	T	669	134	22	138	0	74	907965	909002	0	0	0	1	0	0	2145	2146
TP1_synth_reverse		91	C	1502	906926	0	46	2	316	107	908899	1	2145	0	0	0	0	0	2146
TP1_synth_reverse		92	C	440	907634	0	61	0	422	214	908771	0	2146	0	0	0	0	0	2146
TP1_synth_reverse		93	G	512	397	0	906575	0	206	191	907881	1	0	0	2145	0	0	0	2146
TP1_synth_reverse		94	T	526	186	0	44	0	70	906952	907778	0	0	0	0	0	0	2146	2146
TP1_synth_reverse		95	C	0	906839	0	0	0	183	0	907022	0	2146	0	0	0	0	0	2146
TP1_synth_reverse		96	C	0	906060	0	0	0	115	0	906175	0	2146	0	0	0	0	0	2146
TP1_synth_reverse		97	C	0	905225	0	0	0	180	0	905405	0	2146	0	0	0	0	0	2146
TP1_synth_reverse		98	A	902392	0	0	0	0	0	0	902392	2146	0	0	0	0	0	0	2146
TP1_synth_reverse		99	G	0	0	0	900339	0	0	0	900339	0	0	0	2146	0	0	0	2146
