



























































































































































































































#AmpliconChromStart	Alias	Position	ProbableRef	rawA	rawC	rawD	rawG	rawI	rawN	rawT	rawDepth	consA	consC	consD	consG	consI	consN	consT	consDepth
TP1_synth_reverse		1	G	0	0	0	898030	0	0	0	898030	0	0	0	3514	0	0	0	3514
TP1_synth_reverse		2	T	0	0	0	0	0	0	899897	899897	0	0	0	0	0	0	3520	3520
TP1_synth_reverse		3	G	0	0	0	906828	0	85	0	906913	0	0	0	3526	0	0	0	3526
TP1_synth_reverse		4	G	0	0	0	907399	0	49	0	907448	0	0	0	3529	0	0	0	3529
TP1_synth_reverse		5	T	0	0	0	0	0	20	907804	907824	0	0	0	0	0	0	3533	3533
TP1_synth_reverse		6	G	123	90	0	908208	0	11	151	908583	0	0	0	3535	0	0	0	3535
TP1_synth_reverse		7	A	908352	21	0	86	0	61	142	908662	3537	0	0	0	0	0	0	3537
TP1_synth_reverse		8	G	101	99	0	908796	2	111	1421	910530	0	0	0	3538	0	0	2	3540
TP1_synth_reverse		9	G	171	174	0	910051	3	42	128	910569	0	0	0	3540	0	0	0	3540
TP1_synth_reverse		10	C	246	910183	2	31	0	35	90	910587	0	3540	0	0	0	0	0	3540
TP1_synth_reverse		11	T	211	151	9	16	9	34	910179	910609	0	0	0	0	0	0	3540	3540
TP1_synth_reverse		12	C	343	909271	745	26	1	76	147	910609	0	3537	3	0	0	0	0	3540
TP1_synth_reverse		13	C	503	909883	1	30	0	89	123	910629	0	3540	0	0	0	0	0	3540
TP1_synth_reverse		14	C	454	909994	0	21	0	46	114	910629	0	3540	0	0	0	0	0	3540
TP1_synth_reverse		15	C	322	910134	0	26	7	63	92	910644	0	3540	0	0	0	0	0	3540
TP1_synth_reverse		16	T	387	109	930	10	0	191	909017	910644	0	0	3	0	0	0	3537	3540
TP1_synth_reverse		17	T	378	117	0	10	0	70	910069	910644	0	0	0	0	0	0	3540	3540
TP1_synth_reverse		18	T	354	152	92	8	42	55	909941	910644	0	0	1	0	0	0	3539	3540
TP1_synth_reverse		19	C	376	910590	94	31	0	67	80	911238	0	3540	1	0	0	0	0	3541
TP1_synth_reverse		20	T	254	84	1292	16	0	25	909567	911238	0	0	4	0	0	0	3537	3541
TP1_synth_reverse		21	T	544	168	105	65	5	111	910249	911247	0	0	2	0	0	0	3539	3541
TP1_synth_reverse		22	G	132	457	466	909789	137	26	240	911247	0	0	3	3535	2	0	1	3541
TP1_synth_reverse		23	C	605	909768	31	56	5	28	754	911247	0	3540	0	0	0	0	1	3541
TP1_synth_reverse		24	G	557	182	30	909704	0	49	725	911247	3	0	0	3538	0	0	0	3541
TP1_synth_reverse		25	G	2499	683	4	907479	40	129	434	911268	5	0	0	3534	1	0	2	3542
TP1_synth_reverse		26	A	909265	14	1681	157	4	52	124	911297	3541	0	2	0	0	0	0	3543
TP1_synth_reverse		27	G	1175	834	2366	906653	2	22	245	911297	4	0	8	3531	0	0	0	3543
TP1_synth_reverse		28	A	910152	32	739	107	154	26	115	911325	3541	0	2	0	1	0	0	3544
TP1_synth_reverse		29	T	323	93	1884	155	0	140	908730	911325	0	0	4	0	0	0	3540	3544
TP1_synth_reverse		30	T	1057	1360	738	58	0	122	907998	911333	0	2	2	0	0	0	3540	3544
TP1_synth_reverse		31	C	545	909847	745	39	0	65	81	911322	0	3542	2	0	0	0	0	3544
TP1_synth_reverse		32	T	571	90	738	47	0	393	909464	911303	0	0	2	0	0	0	3542	3544
TP1_synth_reverse		33	C	500	910353	6	40	0	151	245	911295	0	3544	0	0	0	0	0	3544
TP1_synth_reverse		34	T	751	171	992	97	0	90	909198	911299	0	1	1	0	0	0	3542	3544
TP1_synth_reverse		35	T	1594	105	1	75	3	79	909432	911289	0	0	0	0	0	0	3544	3544
TP1_synth_reverse		36	C	543	910470	102	60	0	58	63	911296	0	3542	1	1	0	0	0	3544
TP1_synth_reverse		37	C	647	910379	11	61	1	72	115	911286	0	3544	0	0	0	0	0	3544
TP1_synth_reverse		38	T	782	79	31	255	0	24	910104	911275	0	0	1	0	0	0	3543	3544
TP1_synth_reverse		39	C	511	909813	757	43	0	63	84	911271	0	3541	3	0	0	0	0	3544
TP1_synth_reverse		40	T	1293	102	41	37	2	165	909621	911261	0	0	0	0	0	0	3544	3544
TP1_synth_reverse		41	G	599	628	2595	907019	1	24	367	911233	0	0	5	3539	0	0	0	3544
TP1_synth_reverse		42	T	2337	1009	962	34	4	68	906800	911214	0	2	2	0	0	0	3540	3544
TP1_synth_reverse		43	G	489	476	2494	906638	1	415	691	911204	0	0	3	3540	0	0	1	3544
TP1_synth_reverse		44	C	554	909131	968	52	12	159	327	911203	0	3540	2	0	0	0	2	3544
TP1_synth_reverse		45	G	1049	397	961	907170	2	65	1545	911189	5	0	2	3537	0	0	0	3544
TP1_synth_reverse		46	C	828	908934	1283	61	0	10	94	911210	0	3541	4	0	0	0	0	3545
TP1_synth_reverse		47	C	377	910472	51	40	0	23	245	911208	0	3545	0	0	0	0	0	3545
TP1_synth_reverse		48	G	2056	698	86	907182	2	39	1129	911192	4	0	0	3541	0	0	0	3545
TP1_synth_reverse		49	A	910913	46	31	102	0	211	150	911453	3546	0	0	0	0	0	0	3546
TP1_synth_reverse		50	T	1028	108	43	133	1	122	909689	911124	0	0	0	0	0	0	3546	3546
TP1_synth_reverse		51	A	910651	54	59	112	0	157	120	911153	3547	0	0	0	0	0	0	3547
TP1_synth_reverse		52	C	560	909315	39	156	7	294	124	910495	0	3547	0	0	0	0	0	3547
TP1_synth_reverse		53	A	909871	39	46	190	2	333	142	910623	3550	0	0	0	0	0	0	3550
TP1_synth_reverse		54	G	169	284	50	909714	1	116	275	910609	0	0	0	3549	0	0	1	3550
TP1_synth_reverse		55	A	910008	77	306	125	0	144	72	910732	3545	0	6	0	0	0	0	3551
TP1_synth_reverse		56	A	910300	12	12	168	0	114	125	910731	3551	0	0	0	0	0	0	3551
TP1_synth_reverse		57	T	1826	53	27	220	3	254	908306	910689	0	0	0	0	0	0	3551	3551
TP1_synth_reverse		58	A	907950	10	2294	75	0	292	131	910752	3550	0	2	0	0	0	0	3552
TP1_synth_reverse		59	T	955	53	1598	102	0	399	907647	910754	0	0	4	0	0	0	3548	3552
TP1_synth_reverse		60	C	841	909049	456	60	1	261	68	910736	0	3548	4	0	0	0	0	3552
TP1_synth_reverse		61	T	1278	110	58	59	0	232	909010	910747	0	0	1	0	0	0	3552	3553
TP1_synth_reverse		62	G	963	244	1182	907579	0	339	427	910734	1	0	1	3550	0	0	1	3553
TP1_synth_reverse		63	T	2206	91	3126	20	0	182	904595	910220	0	0	4	0	0	0	3550	3554
TP1_synth_reverse		64	T	1938	77	374	19	2	55	907705	910170	0	0	3	0	0	0	3551	3554
TP1_synth_reverse		65	C	1116	908195	531	23	0	164	127	910156	0	3550	4	0	0	0	0	3554
TP1_synth_reverse		66	G	1998	423	41	907266	5	74	352	910159	2	0	0	3553	0	0	0	3555
TP1_synth_reverse		67	C	952	905794	776	31	2289	243	105	910190	0	3553	1	0	2	0	0	3556
TP1_synth_reverse		68	A	908454	265	843	147	324	110	77	910220	3554	0	2	0	1	0	0	3557
TP1_synth_reverse		69	C	341	905786	3672	36	4	55	296	910190	0	3543	11	0	0	0	3	3557
TP1_synth_reverse		70	T	1131	116	445	35	2156	103	906186	910172	0	0	4	0	2	0	3551	3557
TP1_synth_reverse		71	C	360	908895	441	43	3	321	100	910163	0	3553	4	0	0	0	0	3557
TP1_synth_reverse		72	C	726	909053	8	71	3	131	165	910157	0	3557	0	0	0	0	0	3557
TP1_synth_reverse		73	G	751	577	170	908014	0	330	290	910132	1	0	1	3555	0	0	0	3557
TP1_synth_reverse		74	A	909721	50	6	133	40	127	54	910131	3555	0	0	0	2	0	0	3557
TP1_synth_reverse		75	G	2377	418	517	906517	0	57	233	910119	5	0	4	3547	0	0	1	3557
TP1_synth_reverse		76	T	980	107	7	44	1	46	908920	910105	0	0	0	0	0	0	3557	3557
TP1_synth_reverse		77	G	2906	385	1432	905050	3	67	229	910072	6	0	3	3548	0	0	0	3557
TP1_synth_reverse		78	C	433	908603	31	42	3	514	440	910066	0	3554	0	0	0	0	3	3557
TP1_synth_reverse		79	G	4464	629	1392	902770	0	129	679	910063	18	0	3	3535	0	0	1	3557
TP1_synth_reverse		80	G	1226	226	1072	907022	21	134	324	910025	4	0	2	3551	0	0	0	3557
TP1_synth_reverse		81	C	281	907983	1364	85	2	118	176	910009	0	3553	4	0	0	0	0	3557
TP1_synth_reverse		82	A	907613	50	1381	170	0	93	151	909458	3553	0	4	0	0	0	0	3557
TP1_synth_reverse		83	A	909001	66	5	92	0	212	81	909457	3557	0	0	0	0	0	0	3557
TP1_synth_reverse		84	A	908098	40	0	919	73	252	49	909431	3556	0	0	1	0	0	0	3557
TP1_synth_reverse		85	G	167	316	38	908534	49	110	134	909348	0	0	0	3556	1	0	0	3557
TP1_synth_reverse		86	C	513	908152	6	450	0	89	90	909300	0	3554	0	3	0	0	0	3557
TP1_synth_reverse		87	T	1232	94	1	23	0	315	907557	909222	0	0	0	0	0	0	3557	3557
TP1_synth_reverse		88	G	157	777	14	907834	7	140	247	909176	0	0	0	3557	0	0	0	3557
TP1_synth_reverse		89	T	730	120	41	27	0	53	908166	909137	0	0	0	0	0	0	3557	3557
TP1_synth_reverse		90	T	669	134	22	137	0	74	907958	908994	0	0	0	1	0	0	3556	3557
TP1_synth_reverse		91	C	1504	906916	0	46	2	316	107	908891	1	3556	0	0	0	0	0	3557
TP1_synth_reverse		92	C	440	907626	0	61	0	422	214	908763	0	3557	0	0	0	0	0	3557
TP1_synth_reverse		93	G	512	397	0	906567	0	206	191	907873	3	0	0	3554	0	0	0	3557
TP1_synth_reverse		94	T	527	186	0	44	0	70	906943	907770	0	0	0	0	0	0	3557	3557
TP1_synth_reverse		95	C	0	906831	0	0	0	183	0	907014	0	3556	0	0	0	0	0	3556
TP1_synth_reverse		96	C	0	906052	0	0	0	115	0	906167	0	3556	0	0	0	0	0	3556
TP1_synth_reverse		97	C	0	905217	0	0	0	180	0	905397	0	3556	0	0	0	0	0	3556
TP1_synth_reverse		98	A	902385	0	0	0	0	0	0	902385	3555	0	0	0	0	0	0	3555
TP1_synth_reverse		99	G	0	0	0	900333	0	0	0	900333	0	0	0	3555	0	0	0	3555
