



























































































































































































































#AmpliconChromStart	Alias	Position	ProbableRef	rawA	rawC	rawD	rawG	rawI	rawN	rawT	rawDepth	consA	consC	consD	consG	consI	consN	consT	consDepth	
TP1_synth_reverse		1	G	0	0	0	633993	0	0	0	633993	0	0	0	3512	0	0	0	3512
TP1_synth_reverse		2	T	0	0	0	0	0	0	634953	634953	0	0	0	0	0	0	3514	3514
TP1_synth_reverse		3	G	0	0	0	635833	0	120	0	635953	0	0	0	3521	0	0	0	3521
TP1_synth_reverse		4	G	0	0	0	636815	0	65	0	636880	0	0	0	3527	0	0	0	3527
TP1_synth_reverse		5	T	0	0	0	0	0	190	637215	637405	0	0	0	0	0	0	3530	3530
TP1_synth_reverse		6	G	123	85	0	637719	0	22	216	638165	0	0	0	3533	0	0	1	3534
TP1_synth_reverse		7	A	638168	24	0	79	0	10	106	638387	3535	0	0	0	0	0	0	3535
TP1_synth_reverse		8	G	109	58	0	638292	0	81	78	638618	0	0	0	3537	0	0	0	3537
TP1_synth_reverse		9	G	122	96	0	637876	2	12	547	638655	0	0	0	3534	0	0	3	3537
TP1_synth_reverse		10	C	244	638007	270	26	0	23	120	638690	0	3536	1	0	0	0	0	3537
TP1_synth_reverse		11	T	299	113	151	22	11	49	638045	638690	0	0	1	0	0	0	3536	3537
TP1_synth_reverse		12	C	297	638022	125	28	0	86	145	638703	0	3537	0	0	0	0	0	3537
TP1_synth_reverse		13	C	343	638087	0	23	0	90	170	638713	0	3537	0	0	0	0	0	3537
TP1_synth_reverse		14	C	262	638294	0	28	0	58	86	638728	0	3537	0	0	0	0	0	3537
TP1_synth_reverse		15	C	248	638204	37	61	1	47	135	638733	0	3536	1	0	0	0	0	3537
TP1_synth_reverse		16	T	506	249	259	27	0	29	637663	638733	0	1	4	0	0	0	3532	3537
TP1_synth_reverse		17	T	634	171	38	25	0	155	637710	638733	0	1	1	0	0	0	3535	3537
TP1_synth_reverse		18	T	488	86	37	20	185	116	637801	638733	0	0	1	0	1	0	3535	3537
TP1_synth_reverse		19	C	455	638324	1	35	3	99	575	639492	0	3537	0	0	0	0	1	3538
TP1_synth_reverse		20	T	575	69	80	40	0	54	638674	639492	0	0	1	0	0	0	3537	3538
TP1_synth_reverse		21	T	1819	110	16	73	0	154	637320	639492	0	0	0	0	0	0	3538	3538
TP1_synth_reverse		22	G	366	619	734	637322	0	122	346	639509	1	0	3	3532	0	0	2	3538
TP1_synth_reverse		23	C	761	637676	605	54	32	67	321	639516	0	3534	2	0	1	0	1	3538
TP1_synth_reverse		24	G	804	145	881	637303	0	51	332	639516	3	0	4	3531	0	0	0	3538
TP1_synth_reverse		25	G	235	417	525	638047	11	72	209	639516	0	0	1	3537	0	0	0	3538
TP1_synth_reverse		26	A	638187	14	641	116	388	96	91	639533	3533	0	2	0	3	0	0	3538
TP1_synth_reverse		27	G	80	197	525	637708	2	70	951	639533	0	0	1	3535	0	0	2	3538
TP1_synth_reverse		28	A	638436	84	797	85	1	44	89	639536	3534	0	4	0	0	0	0	3538
TP1_synth_reverse		29	T	630	91	628	44	0	8	638135	639536	0	0	3	0	0	0	3535	3538
TP1_synth_reverse		30	T	2587	348	525	15	24	57	635980	639536	0	1	1	0	0	0	3536	3538
TP1_synth_reverse		31	C	719	637843	765	29	0	22	150	639528	0	3535	3	0	0	0	0	3538
TP1_synth_reverse		32	T	929	91	927	43	0	61	637448	639499	0	0	2	0	0	0	3536	3538
TP1_synth_reverse		33	C	760	638594	3	35	0	17	92	639501	0	3538	0	0	0	0	0	3538
TP1_synth_reverse		34	T	1139	113	537	52	1	23	637633	639498	0	0	3	0	0	0	3535	3538
TP1_synth_reverse		35	T	2910	75	44	72	0	46	636351	639498	0	0	0	0	0	0	3538	3538
TP1_synth_reverse		36	C	549	638756	8	20	0	61	102	639496	0	3538	0	0	0	0	0	3538
TP1_synth_reverse		37	C	660	638555	6	66	0	32	173	639492	0	3537	0	0	0	0	1	3538
TP1_synth_reverse		38	T	1362	355	6	35	77	93	637559	639487	0	1	0	0	1	0	3536	3538
TP1_synth_reverse		39	C	397	638405	146	34	0	32	467	639481	0	3534	2	0	0	0	2	3538
TP1_synth_reverse		40	T	1447	78	57	14	0	25	637855	639476	0	0	1	0	0	0	3537	3538
TP1_synth_reverse		41	G	141	1215	195	636123	0	19	1775	639468	0	0	4	3534	0	0	0	3538
TP1_synth_reverse		42	T	2347	71	191	40	0	116	636699	639464	0	0	4	0	0	0	3534	3538
TP1_synth_reverse		43	G	381	1346	506	636415	0	77	735	639460	2	0	5	3530	0	0	1	3538
TP1_synth_reverse		44	C	719	637678	506	42	129	129	273	639476	0	3532	5	0	1	0	0	3538
TP1_synth_reverse		45	G	271	381	252	634996	1	49	3536	639486	1	0	4	3530	0	0	3	3538
TP1_synth_reverse		46	C	1263	637147	261	45	0	23	763	639502	0	3533	4	0	0	0	1	3538
TP1_synth_reverse		47	C	436	638428	375	19	0	7	236	639501	0	3534	4	0	0	0	0	3538
TP1_synth_reverse		48	G	1070	1439	948	633596	45	7	2390	639495	2	2	10	3522	1	0	1	3538
TP1_synth_reverse		49	A	638116	48	560	39	0	44	132	638939	3533	0	5	0	0	0	0	3538
TP1_synth_reverse		50	T	2480	70	1380	15	0	13	634977	638935	0	0	5	0	0	0	3533	3538
TP1_synth_reverse		51	A	637248	50	1382	97	0	64	111	638952	3533	0	5	0	0	0	0	3538
TP1_synth_reverse		52	C	584	636655	1494	43	0	32	140	638948	0	3532	6	0	0	0	0	3538
TP1_synth_reverse		53	A	637403	32	1225	135	0	45	108	638948	3535	0	3	0	0	0	0	3538
TP1_synth_reverse		54	G	737	309	1108	636330	0	13	447	638944	1	0	4	3533	0	0	0	3538
TP1_synth_reverse		55	A	636455	174	2178	85	0	41	57	638990	3534	0	5	0	0	0	0	3539
TP1_synth_reverse		56	A	637612	13	1054	86	57	48	119	638989	3536	0	3	0	0	0	0	3539
TP1_synth_reverse		57	T	3333	132	1081	167	0	41	634216	638970	0	0	3	0	0	0	3536	3539
TP1_synth_reverse		58	A	637701	10	1085	68	0	52	83	638999	3537	0	3	0	0	0	0	3540
TP1_synth_reverse		59	T	2158	54	950	83	0	19	635677	638941	0	0	2	0	0	0	3538	3540
TP1_synth_reverse		60	C	1466	635932	1304	88	0	39	102	638931	0	3536	4	0	0	0	0	3540
TP1_synth_reverse		61	T	1640	84	680	245	0	23	636268	638940	0	0	5	0	0	0	3536	3541
TP1_synth_reverse		62	G	1529	301	453	635844	0	103	699	638929	4	0	3	3534	0	0	0	3541
TP1_synth_reverse		63	T	4251	64	531	36	1	27	634041	638951	0	0	3	0	0	0	3539	3542
TP1_synth_reverse		64	T	2445	980	118	67	0	77	635922	639609	0	2	2	0	0	0	3539	3543
TP1_synth_reverse		65	C	639	637857	813	71	0	89	149	639618	0	3535	8	0	0	0	0	3543
TP1_synth_reverse		66	G	1456	343	314	636476	0	56	968	639613	3	0	4	3535	0	0	1	3543
TP1_synth_reverse		67	C	993	638218	155	26	0	119	102	639613	0	3541	2	0	0	0	0	3543
TP1_synth_reverse		68	A	638809	335	111	147	0	117	92	639611	3542	0	1	0	0	0	0	3543
TP1_synth_reverse		69	C	183	638600	55	26	575	69	103	639611	0	3541	0	0	2	0	0	3543
TP1_synth_reverse		70	T	1215	100	151	171	0	23	637946	639606	0	0	0	0	0	0	3543	3543
TP1_synth_reverse		71	C	348	638662	444	29	0	8	109	639600	0	3540	3	0	0	0	0	3543
TP1_synth_reverse		72	C	914	638345	55	72	0	48	164	639598	0	3543	0	0	0	0	0	3543
TP1_synth_reverse		73	G	997	281	60	637902	1	181	164	639586	2	0	0	3541	0	0	0	3543
TP1_synth_reverse		74	A	638729	92	539	107	0	93	24	639584	3542	0	1	0	0	0	0	3543
TP1_synth_reverse		75	G	1185	269	31	637300	1	12	781	639579	3	0	0	3539	0	0	1	3543
TP1_synth_reverse		76	T	3282	369	191	63	88	27	635542	639562	0	3	1	0	0	0	3539	3543
TP1_synth_reverse		77	G	850	376	314	637155	1	28	822	639546	6	0	2	3535	0	0	0	3543
TP1_synth_reverse		78	C	548	637651	327	41	341	40	590	639538	0	3539	1	0	0	0	3	3543
TP1_synth_reverse		79	G	1134	847	29	636665	0	165	694	639534	5	0	0	3536	0	0	2	3543
TP1_synth_reverse		80	G	1329	234	0	637431	1	175	354	639524	6	0	0	3536	0	0	1	3543
TP1_synth_reverse		81	C	308	637201	229	54	1141	126	458	639517	0	3540	0	0	3	0	0	3543
TP1_synth_reverse		82	A	637235	55	1156	102	1	57	112	638718	3539	0	3	0	0	0	0	3542
TP1_synth_reverse		83	A	638256	61	5	112	0	211	70	638715	3542	0	0	0	0	0	0	3542
TP1_synth_reverse		84	A	638294	53	0	213	0	63	38	638661	3542	0	0	0	0	0	0	3542
TP1_synth_reverse		85	G	133	273	0	637661	0	109	400	638576	0	0	0	3542	0	0	0	3542
TP1_synth_reverse		86	C	354	637994	0	33	3	31	109	638524	0	3542	0	0	0	0	0	3542
TP1_synth_reverse		87	T	1395	88	1	74	0	74	636790	638422	0	0	0	0	0	0	3542	3542
TP1_synth_reverse		88	G	491	414	3	637246	3	78	133	638368	1	0	0	3541	0	0	0	3542
TP1_synth_reverse		89	T	1066	94	115	44	0	244	636736	638299	0	0	0	0	0	0	3542	3542
TP1_synth_reverse		90	T	1069	73	0	34	0	137	636461	637774	0	0	0	0	0	0	3542	3542
TP1_synth_reverse		91	C	455	636232	0	63	0	29	108	636887	0	3542	0	0	0	0	0	3542
TP1_synth_reverse		92	C	360	634580	0	389	0	45	185	635559	0	3542	0	0	0	0	0	3542
TP1_synth_reverse		93	G	684	163	0	633788	0	78	114	634827	4	0	0	3538	0	0	0	3542
TP1_synth_reverse		94	T	879	78	0	92	0	182	633431	634662	0	0	0	0	0	0	3542	3542
TP1_synth_reverse		95	C	0	633907	0	0	0	88	0	633995	0	3542	0	0	0	0	0	3542
TP1_synth_reverse		96	C	0	633239	0	0	0	40	0	633279	0	3542	0	0	0	0	0	3542
TP1_synth_reverse		97	C	0	631066	0	0	0	126	0	631192	0	3542	0	0	0	0	0	3542
TP1_synth_reverse		98	A	627730	0	0	0	0	0	0	627730	3541	0	0	0	0	0	0	3541
TP1_synth_reverse		99	G	0	0	0	626566	0	0	0	626566	0	0	0	3541	0	0	0	3541
