



























































































































































































































#AmpliconChromStart	Alias	Position	ProbableRef	rawA	rawC	rawD	rawG	rawI	rawN	rawT	rawDepth	consA	consC	consD	consG	consI	consN	consT	consDepth	
TP1_synth_reverse		1	G	0	0	0	633993	0	0	0	633993	0	0	0	7272	0	0	0	7272
TP1_synth_reverse		2	T	0	0	0	0	0	0	634953	634953	0	0	0	0	0	0	7276	7276
TP1_synth_reverse		3	G	0	0	0	635833	0	120	0	635953	0	0	0	7293	0	0	0	7293
TP1_synth_reverse		4	G	0	0	0	636815	0	65	0	636880	0	0	0	7302	0	0	0	7302
TP1_synth_reverse		5	T	0	0	0	0	0	190	637215	637405	0	0	0	0	0	0	7306	7306
TP1_synth_reverse		6	G	123	85	0	637719	0	22	216	638165	0	0	0	7310	0	0	2	7312
TP1_synth_reverse		7	A	638168	24	0	79	0	10	106	638387	7315	0	0	0	0	0	0	7315
TP1_synth_reverse		8	G	109	58	0	638292	0	81	78	638618	0	0	0	7318	0	0	1	7319
TP1_synth_reverse		9	G	122	96	0	637876	2	12	547	638655	0	0	0	7317	0	0	3	7320
TP1_synth_reverse		10	C	244	638007	270	26	0	23	120	638690	0	7319	1	0	0	0	0	7320
TP1_synth_reverse		11	T	299	113	151	22	11	49	638045	638690	0	0	1	0	0	0	7319	7320
TP1_synth_reverse		12	C	297	638022	125	28	0	86	145	638703	0	7319	1	0	0	0	0	7320
TP1_synth_reverse		13	C	343	638077	0	23	0	90	170	638703	0	7320	0	0	0	0	0	7320
TP1_synth_reverse		14	C	262	638284	0	28	0	58	86	638718	0	7321	0	0	0	0	0	7321
TP1_synth_reverse		15	C	248	638194	37	61	1	47	135	638723	0	7320	1	0	0	0	0	7321
TP1_synth_reverse		16	T	506	249	259	27	0	29	637653	638723	0	1	7	0	0	0	7313	7321
TP1_synth_reverse		17	T	634	171	38	25	0	155	637700	638723	0	1	1	0	0	0	7319	7321
TP1_synth_reverse		18	T	488	86	37	20	185	116	637791	638723	0	0	1	0	1	0	7319	7321
TP1_synth_reverse		19	C	455	638314	1	35	3	99	575	639482	0	7320	0	0	0	0	2	7322
TP1_synth_reverse		20	T	574	69	80	40	0	54	638667	639484	0	0	1	0	0	0	7321	7322
TP1_synth_reverse		21	T	1819	110	16	73	0	154	637312	639484	0	0	0	0	0	0	7322	7322
TP1_synth_reverse		22	G	366	619	734	637299	0	122	344	639484	1	0	4	7315	0	0	2	7322
TP1_synth_reverse		23	C	761	637651	605	54	32	67	321	639491	0	7313	4	0	1	0	4	7322
TP1_synth_reverse		24	G	804	145	881	637279	0	51	331	639491	4	0	5	7313	0	0	0	7322
TP1_synth_reverse		25	G	235	418	525	638039	11	72	209	639509	0	0	1	7321	1	0	0	7323
TP1_synth_reverse		26	A	638180	14	641	116	388	96	91	639526	7318	0	3	0	3	0	0	7324
TP1_synth_reverse		27	G	80	195	525	637704	2	70	950	639526	0	0	1	7318	0	0	5	7324
TP1_synth_reverse		28	A	638430	83	797	85	1	44	89	639529	7320	0	4	0	0	0	0	7324
TP1_synth_reverse		29	T	627	91	628	44	0	8	638131	639529	0	0	4	0	0	0	7320	7324
TP1_synth_reverse		30	T	2586	348	525	15	24	57	635974	639529	0	1	1	0	1	0	7321	7324
TP1_synth_reverse		31	C	719	637836	765	29	0	22	150	639521	0	7315	7	0	0	0	2	7324
TP1_synth_reverse		32	T	930	91	927	43	0	61	637445	639497	0	0	5	0	0	0	7317	7322
TP1_synth_reverse		33	C	761	638591	3	35	0	17	92	639499	0	7322	0	0	0	0	0	7322
TP1_synth_reverse		34	T	1137	113	537	52	1	23	637633	639496	0	0	5	0	0	0	7317	7322
TP1_synth_reverse		35	T	2909	75	44	72	0	46	636350	639496	0	0	1	0	0	0	7321	7322
TP1_synth_reverse		36	C	552	638751	8	20	0	61	102	639494	0	7322	0	0	0	0	0	7322
TP1_synth_reverse		37	C	661	638552	6	66	0	32	173	639490	0	7321	0	0	0	0	1	7322
TP1_synth_reverse		38	T	1359	355	6	35	77	93	637560	639485	0	1	0	0	4	0	7317	7322
TP1_synth_reverse		39	C	396	638404	146	34	0	32	467	639479	0	7315	4	0	0	0	3	7322
TP1_synth_reverse		40	T	1445	78	57	14	0	25	637855	639474	0	0	1	0	0	0	7321	7322
TP1_synth_reverse		41	G	141	1214	195	636126	0	19	1774	639469	0	0	7	7315	0	0	0	7322
TP1_synth_reverse		42	T	2347	71	191	40	0	116	636700	639465	0	0	7	0	0	0	7315	7322
TP1_synth_reverse		43	G	381	1346	506	636421	0	77	730	639461	3	0	8	7310	0	0	1	7322
TP1_synth_reverse		44	C	721	637677	506	42	129	129	273	639477	0	7308	9	0	5	0	0	7322
TP1_synth_reverse		45	G	271	380	252	634990	1	49	3533	639476	1	0	8	7305	0	0	8	7322
TP1_synth_reverse		46	C	1263	637137	261	45	0	23	763	639492	0	7312	8	0	0	0	2	7322
TP1_synth_reverse		47	C	436	638418	375	19	0	7	236	639491	0	7313	9	0	0	0	0	7322
TP1_synth_reverse		48	G	1070	1438	948	633580	45	7	2397	639485	3	2	20	7295	1	0	1	7322
TP1_synth_reverse		49	A	638106	48	560	39	0	44	132	638929	7314	0	7	0	0	0	0	7321
TP1_synth_reverse		50	T	2473	70	1380	15	0	13	634974	638925	0	0	7	0	0	0	7314	7321
TP1_synth_reverse		51	A	637238	50	1382	97	0	64	111	638942	7314	0	8	0	0	0	0	7322
TP1_synth_reverse		52	C	585	636644	1494	43	0	32	140	638938	0	7314	8	0	0	0	0	7322
TP1_synth_reverse		53	A	637392	32	1225	135	0	45	109	638938	7316	0	6	0	0	0	0	7322
TP1_synth_reverse		54	G	739	310	1108	636313	0	13	451	638934	3	1	7	7311	0	0	0	7322
TP1_synth_reverse		55	A	636445	174	2178	85	0	41	57	638980	7312	0	11	0	0	0	0	7323
TP1_synth_reverse		56	A	637602	13	1054	86	57	48	119	638979	7316	0	6	0	1	0	0	7323
TP1_synth_reverse		57	T	3337	132	1081	167	0	41	634202	638960	0	0	6	0	0	0	7317	7323
TP1_synth_reverse		58	A	637661	10	1085	68	0	52	83	638959	7317	0	6	0	0	0	0	7323
TP1_synth_reverse		59	T	2155	54	950	83	0	19	635640	638901	0	0	4	0	0	0	7319	7323
TP1_synth_reverse		60	C	1470	635888	1304	88	0	39	102	638891	0	7317	6	0	0	0	0	7323
TP1_synth_reverse		61	T	1635	84	680	245	0	23	636233	638900	0	0	6	0	0	0	7318	7324
TP1_synth_reverse		62	G	1531	298	453	635804	0	103	700	638889	6	0	3	7315	0	0	0	7324
TP1_synth_reverse		63	T	4249	64	531	37	1	27	634002	638911	0	0	4	0	0	0	7321	7325
TP1_synth_reverse		64	T	2446	980	118	67	0	77	635881	639569	0	2	2	0	0	0	7324	7328
TP1_synth_reverse		65	C	637	637819	813	71	0	89	149	639578	0	7317	12	0	0	0	0	7329
TP1_synth_reverse		66	G	1455	344	314	636439	0	56	965	639573	6	0	6	7316	0	0	1	7329
TP1_synth_reverse		67	C	992	638179	155	26	0	119	102	639573	0	7325	4	0	0	0	0	7329
TP1_synth_reverse		68	A	638770	335	111	147	0	117	91	639571	7326	0	3	0	0	0	0	7329
TP1_synth_reverse		69	C	183	638560	55	26	575	69	103	639571	0	7325	2	0	2	0	0	7329
TP1_synth_reverse		70	T	1216	101	151	172	0	23	637903	639566	0	0	2	0	0	0	7327	7329
TP1_synth_reverse		71	C	347	638623	444	29	0	8	109	639560	0	7322	6	1	0	0	0	7329
TP1_synth_reverse		72	C	912	638306	55	73	0	48	164	639558	0	7327	2	0	0	0	0	7329
TP1_synth_reverse		73	G	997	282	60	637861	1	181	164	639546	2	0	2	7325	0	0	0	7329
TP1_synth_reverse		74	A	638689	92	539	107	0	93	24	639544	7325	0	3	1	0	0	0	7329
TP1_synth_reverse		75	G	1183	268	31	637265	1	12	779	639539	4	0	2	7322	0	0	1	7329
TP1_synth_reverse		76	T	3280	369	191	62	88	27	635505	639522	0	3	3	0	2	0	7321	7329
TP1_synth_reverse		77	G	850	375	314	637119	1	28	819	639506	6	0	7	7315	0	0	1	7329
TP1_synth_reverse		78	C	540	637619	327	41	341	40	590	639498	0	7322	1	0	1	0	5	7329
TP1_synth_reverse		79	G	1133	845	29	636632	0	165	690	639494	5	1	1	7320	0	0	2	7329
TP1_synth_reverse		80	G	1329	233	0	637394	1	175	352	639484	10	1	0	7317	0	0	1	7329
TP1_synth_reverse		81	C	307	637162	229	54	1141	126	458	639477	0	7325	0	0	4	0	0	7329
TP1_synth_reverse		82	A	637195	55	1156	102	1	57	112	638678	7324	0	4	0	0	0	0	7328
TP1_synth_reverse		83	A	638216	61	5	112	0	211	70	638675	7328	0	0	0	0	0	0	7328
TP1_synth_reverse		84	A	638254	53	0	214	0	63	37	638621	7328	0	0	0	0	0	0	7328
TP1_synth_reverse		85	G	133	274	0	637621	0	109	399	638536	0	0	0	7328	0	0	0	7328
TP1_synth_reverse		86	C	353	637956	0	32	3	31	109	638484	0	7328	0	0	0	0	0	7328
TP1_synth_reverse		87	T	1396	88	1	74	0	74	636748	638381	0	0	0	0	0	0	7328	7328
TP1_synth_reverse		88	G	490	412	3	637208	3	78	133	638327	2	0	0	7325	0	0	0	7327
TP1_synth_reverse		89	T	1061	94	115	44	0	244	636700	638258	0	0	0	0	0	0	7327	7327
TP1_synth_reverse		90	T	1068	73	0	32	0	137	636423	637733	0	0	0	0	0	0	7327	7327
TP1_synth_reverse		91	C	456	636190	0	63	0	29	108	636846	0	7327	0	0	0	0	0	7327
TP1_synth_reverse		92	C	360	634539	0	389	0	45	185	635518	0	7326	0	0	0	0	0	7326
TP1_synth_reverse		93	G	684	163	0	633747	0	78	114	634786	5	0	0	7321	0	0	0	7326
TP1_synth_reverse		94	T	880	78	0	92	0	182	633389	634621	0	0	0	0	0	0	7326	7326
TP1_synth_reverse		95	C	0	633867	0	0	0	88	0	633955	0	7325	0	0	0	0	0	7325
TP1_synth_reverse		96	C	0	633200	0	0	0	40	0	633240	0	7322	0	0	0	0	0	7322
TP1_synth_reverse		97	C	0	631027	0	0	0	126	0	631153	0	7320	0	0	0	0	0	7320
TP1_synth_reverse		98	A	627692	0	0	0	0	0	0	627692	7312	0	0	0	0	0	0	7312
TP1_synth_reverse		99	G	0	0	0	626529	0	0	0	626529	0	0	0	7311	0	0	0	7311
