



























































































































































































































#AmpliconChromStart	Alias	Position	ProbableRef	rawA	rawC	rawD	rawG	rawI	rawN	rawT	rawDepth	consA	consC	consD	consG	consI	consN	consT	consDepth	
TP1_synth_reverse		1	G	0	0	0	633993	0	0	0	633993	0	0	0	6058	0	0	0	6058
TP1_synth_reverse		2	T	0	0	0	0	0	0	634953	634953	0	0	0	0	0	0	6061	6061
TP1_synth_reverse		3	G	0	0	0	635833	0	120	0	635953	0	0	0	6074	0	0	0	6074
TP1_synth_reverse		4	G	0	0	0	636815	0	65	0	636880	0	0	0	6081	0	0	0	6081
TP1_synth_reverse		5	T	0	0	0	0	0	190	637215	637405	0	0	0	0	0	0	6085	6085
TP1_synth_reverse		6	G	123	85	0	637719	0	22	216	638165	0	0	0	6090	0	0	1	6091
TP1_synth_reverse		7	A	638168	24	0	79	0	10	106	638387	6094	0	0	0	0	0	0	6094
TP1_synth_reverse		8	G	109	58	0	638292	0	81	78	638618	0	0	0	6097	0	0	0	6097
TP1_synth_reverse		9	G	122	96	0	637876	2	12	547	638655	0	0	0	6094	0	0	3	6097
TP1_synth_reverse		10	C	244	638007	270	26	0	23	120	638690	0	6096	1	0	0	0	0	6097
TP1_synth_reverse		11	T	299	113	151	22	11	49	638045	638690	0	0	1	0	0	0	6096	6097
TP1_synth_reverse		12	C	297	638022	125	28	0	86	145	638703	0	6096	1	0	0	0	0	6097
TP1_synth_reverse		13	C	343	638077	0	23	0	90	170	638703	0	6097	0	0	0	0	0	6097
TP1_synth_reverse		14	C	262	638284	0	28	0	58	86	638718	0	6098	0	0	0	0	0	6098
TP1_synth_reverse		15	C	248	638194	37	61	1	47	135	638723	0	6097	1	0	0	0	0	6098
TP1_synth_reverse		16	T	506	249	259	27	0	29	637653	638723	0	1	5	0	0	0	6092	6098
TP1_synth_reverse		17	T	634	171	38	25	0	155	637700	638723	0	1	1	0	0	0	6096	6098
TP1_synth_reverse		18	T	488	86	37	20	185	116	637791	638723	0	0	1	0	1	0	6096	6098
TP1_synth_reverse		19	C	455	638314	1	35	3	99	575	639482	0	6097	0	0	0	0	2	6099
TP1_synth_reverse		20	T	574	69	80	40	0	54	638667	639484	0	0	1	0	0	0	6098	6099
TP1_synth_reverse		21	T	1819	110	16	73	0	154	637312	639484	0	0	0	0	0	0	6099	6099
TP1_synth_reverse		22	G	366	619	734	637299	0	122	344	639484	1	0	3	6093	0	0	2	6099
TP1_synth_reverse		23	C	761	637651	605	54	32	67	321	639491	0	6092	3	0	1	0	3	6099
TP1_synth_reverse		24	G	804	145	881	637279	0	51	331	639491	4	0	4	6091	0	0	0	6099
TP1_synth_reverse		25	G	235	418	525	638039	11	72	209	639509	0	0	1	6099	0	0	0	6100
TP1_synth_reverse		26	A	638180	14	641	116	388	96	91	639526	6095	0	3	0	3	0	0	6101
TP1_synth_reverse		27	G	80	195	525	637704	2	70	950	639526	0	0	1	6097	0	0	3	6101
TP1_synth_reverse		28	A	638430	83	797	85	1	44	89	639529	6097	0	4	0	0	0	0	6101
TP1_synth_reverse		29	T	627	91	628	44	0	8	638131	639529	0	0	3	0	0	0	6098	6101
TP1_synth_reverse		30	T	2586	348	525	15	24	57	635974	639529	0	1	1	0	1	0	6098	6101
TP1_synth_reverse		31	C	719	637836	765	29	0	22	150	639521	0	6096	5	0	0	0	0	6101
TP1_synth_reverse		32	T	930	91	927	43	0	61	637445	639497	0	0	4	0	0	0	6096	6100
TP1_synth_reverse		33	C	761	638586	3	35	0	17	92	639494	0	6100	0	0	0	0	0	6100
TP1_synth_reverse		34	T	1137	113	537	52	1	23	637628	639491	0	0	3	0	0	0	6097	6100
TP1_synth_reverse		35	T	2909	75	44	72	0	46	636345	639491	0	0	0	0	0	0	6100	6100
TP1_synth_reverse		36	C	552	638746	8	20	0	61	102	639489	0	6100	0	0	0	0	0	6100
TP1_synth_reverse		37	C	661	638547	6	66	0	32	173	639485	0	6099	0	0	0	0	1	6100
TP1_synth_reverse		38	T	1359	355	6	35	77	93	637555	639480	0	1	0	0	4	0	6095	6100
TP1_synth_reverse		39	C	396	638399	146	34	0	32	467	639474	0	6095	3	0	0	0	2	6100
TP1_synth_reverse		40	T	1444	78	57	14	0	25	637851	639469	0	0	1	0	0	0	6099	6100
TP1_synth_reverse		41	G	141	1214	195	636118	0	19	1774	639461	0	0	6	6094	0	0	0	6100
TP1_synth_reverse		42	T	2346	71	191	40	0	116	636693	639457	0	0	6	0	0	0	6094	6100
TP1_synth_reverse		43	G	381	1344	506	636415	0	77	730	639453	2	0	7	6090	0	0	1	6100
TP1_synth_reverse		44	C	721	637669	506	42	129	129	273	639469	0	6089	7	0	4	0	0	6100
TP1_synth_reverse		45	G	271	380	252	634993	1	49	3533	639479	1	0	7	6085	0	0	7	6100
TP1_synth_reverse		46	C	1263	637140	261	45	0	23	763	639495	0	6091	7	0	0	0	2	6100
TP1_synth_reverse		47	C	436	638421	375	19	0	7	236	639494	0	6092	8	0	0	0	0	6100
TP1_synth_reverse		48	G	1070	1437	948	633584	45	7	2397	639488	3	2	18	6075	1	0	1	6100
TP1_synth_reverse		49	A	638109	48	560	39	0	44	132	638932	6092	0	7	0	0	0	0	6099
TP1_synth_reverse		50	T	2473	70	1380	15	0	13	634977	638928	0	0	7	0	0	0	6092	6099
TP1_synth_reverse		51	A	637241	50	1382	97	0	64	111	638945	6092	0	8	0	0	0	0	6100
TP1_synth_reverse		52	C	585	636647	1494	43	0	32	140	638941	0	6092	8	0	0	0	0	6100
TP1_synth_reverse		53	A	637396	32	1225	135	0	45	108	638941	6094	0	6	0	0	0	0	6100
TP1_synth_reverse		54	G	738	310	1108	636316	0	13	452	638937	3	0	6	6091	0	0	0	6100
TP1_synth_reverse		55	A	636448	174	2178	85	0	41	57	638983	6091	0	10	0	0	0	0	6101
TP1_synth_reverse		56	A	637605	13	1054	86	57	48	119	638982	6094	0	6	0	1	0	0	6101
TP1_synth_reverse		57	T	3336	132	1081	167	0	41	634206	638963	0	0	6	0	0	0	6095	6101
TP1_synth_reverse		58	A	637694	10	1085	68	0	52	83	638992	6096	0	6	0	0	0	0	6102
TP1_synth_reverse		59	T	2157	54	950	83	0	19	635671	638934	0	0	4	0	0	0	6098	6102
TP1_synth_reverse		60	C	1470	635921	1304	88	0	39	102	638924	0	6096	6	0	0	0	0	6102
TP1_synth_reverse		61	T	1636	84	680	245	0	23	636265	638933	0	0	5	0	0	0	6098	6103
TP1_synth_reverse		62	G	1528	299	453	635839	0	103	700	638922	5	0	3	6095	0	0	0	6103
TP1_synth_reverse		63	T	4251	64	531	37	1	27	634033	638944	0	0	4	0	0	0	6100	6104
TP1_synth_reverse		64	T	2445	980	118	67	0	77	635915	639602	0	2	2	0	0	0	6103	6107
TP1_synth_reverse		65	C	639	637850	813	71	0	89	149	639611	0	6098	10	0	0	0	0	6108
TP1_synth_reverse		66	G	1455	344	314	636471	0	56	966	639606	4	0	4	6099	0	0	1	6108
TP1_synth_reverse		67	C	994	638210	155	26	0	119	102	639606	0	6106	2	0	0	0	0	6108
TP1_synth_reverse		68	A	638803	335	111	147	0	117	91	639604	6107	0	1	0	0	0	0	6108
TP1_synth_reverse		69	C	183	638593	55	26	575	69	103	639604	0	6106	0	0	2	0	0	6108
TP1_synth_reverse		70	T	1215	101	151	172	0	23	637937	639599	0	0	0	0	0	0	6108	6108
TP1_synth_reverse		71	C	349	638654	444	29	0	8	109	639593	0	6104	4	0	0	0	0	6108
TP1_synth_reverse		72	C	913	638338	55	73	0	48	164	639591	0	6108	0	0	0	0	0	6108
TP1_synth_reverse		73	G	997	280	60	637896	1	181	164	639579	2	0	0	6106	0	0	0	6108
TP1_synth_reverse		74	A	638722	92	539	107	0	93	24	639577	6106	0	1	1	0	0	0	6108
TP1_synth_reverse		75	G	1185	268	31	637296	1	12	779	639572	4	0	0	6103	0	0	1	6108
TP1_synth_reverse		76	T	3282	369	191	63	88	27	635535	639555	0	3	1	0	1	0	6103	6108
TP1_synth_reverse		77	G	850	375	314	637150	1	28	821	639539	6	0	4	6097	0	0	1	6108
TP1_synth_reverse		78	C	543	637649	327	41	341	40	590	639531	0	6103	1	0	1	0	3	6108
TP1_synth_reverse		79	G	1134	847	29	636661	0	165	691	639527	5	1	0	6100	0	0	2	6108
TP1_synth_reverse		80	G	1329	234	0	637425	1	175	353	639517	10	1	0	6096	0	0	1	6108
TP1_synth_reverse		81	C	307	637195	229	54	1141	126	458	639510	0	6105	0	0	3	0	0	6108
TP1_synth_reverse		82	A	637228	55	1156	102	1	57	112	638711	6103	0	4	0	0	0	0	6107
TP1_synth_reverse		83	A	638249	61	5	112	0	211	70	638708	6107	0	0	0	0	0	0	6107
TP1_synth_reverse		84	A	638286	53	0	214	0	63	38	638654	6107	0	0	0	0	0	0	6107
TP1_synth_reverse		85	G	133	273	0	637654	0	109	400	638569	0	0	0	6107	0	0	0	6107
TP1_synth_reverse		86	C	354	637987	0	33	3	31	109	638517	0	6107	0	0	0	0	0	6107
TP1_synth_reverse		87	T	1395	88	1	74	0	74	636782	638414	0	0	0	0	0	0	6107	6107
TP1_synth_reverse		88	G	491	413	3	637239	3	78	133	638360	2	0	0	6105	0	0	0	6107
TP1_synth_reverse		89	T	1062	94	115	44	0	244	636732	638291	0	0	0	0	0	0	6107	6107
TP1_synth_reverse		90	T	1068	73	0	33	0	137	636455	637766	0	0	0	0	0	0	6107	6107
TP1_synth_reverse		91	C	456	636223	0	63	0	29	108	636879	0	6107	0	0	0	0	0	6107
TP1_synth_reverse		92	C	361	634571	0	389	0	45	185	635551	0	6107	0	0	0	0	0	6107
TP1_synth_reverse		93	G	684	162	0	633781	0	78	114	634819	4	0	0	6103	0	0	0	6107
TP1_synth_reverse		94	T	879	78	0	92	0	182	633423	634654	0	0	0	0	0	0	6107	6107
TP1_synth_reverse		95	C	0	633899	0	0	0	88	0	633987	0	6106	0	0	0	0	0	6106
TP1_synth_reverse		96	C	0	633231	0	0	0	40	0	633271	0	6105	0	0	0	0	0	6105
TP1_synth_reverse		97	C	0	631058	0	0	0	126	0	631184	0	6104	0	0	0	0	0	6104
TP1_synth_reverse		98	A	627722	0	0	0	0	0	0	627722	6100	0	0	0	0	0	0	6100
TP1_synth_reverse		99	G	0	0	0	626559	0	0	0	626559	0	0	0	6099	0	0	0	6099
