



























































































































































































































#AmpliconChromStart	Alias	Position	ProbableRef	rawA	rawC	rawD	rawG	rawI	rawN	rawT	rawDepth	consA	consC	consD	consG	consI	consN	consT	consDepth	
TP1_synth_reverse		1	G	0	0	0	633993	0	0	0	633993	0	0	0	13851	0	0	0	13851
TP1_synth_reverse		2	T	0	0	0	0	0	0	634953	634953	0	0	0	0	0	0	13892	13892
TP1_synth_reverse		3	G	0	0	0	635833	0	120	0	635953	0	0	0	13963	0	1	0	13964
TP1_synth_reverse		4	G	0	0	0	636815	0	65	0	636880	0	0	0	13999	0	0	0	13999
TP1_synth_reverse		5	T	0	0	0	0	0	190	637215	637405	0	0	0	0	0	4	14020	14024
TP1_synth_reverse		6	G	123	85	0	637719	0	22	216	638165	1	0	0	14052	0	0	2	14055
TP1_synth_reverse		7	A	638168	24	0	79	0	10	106	638387	14059	0	0	0	0	0	0	14059
TP1_synth_reverse		8	G	109	58	0	638292	0	81	78	638618	0	0	0	14064	0	0	1	14065
TP1_synth_reverse		9	G	122	96	0	637876	2	12	547	638655	0	0	0	14064	0	0	4	14068
TP1_synth_reverse		10	C	244	638007	270	26	0	23	120	638690	0	14068	1	0	0	0	0	14069
TP1_synth_reverse		11	T	299	113	151	22	11	49	638045	638690	0	0	1	0	0	1	14067	14069
TP1_synth_reverse		12	C	297	638022	125	28	0	86	145	638703	0	14066	4	0	0	0	0	14070
TP1_synth_reverse		13	C	343	638087	0	23	0	90	170	638713	0	14070	0	0	0	0	0	14070
TP1_synth_reverse		14	C	262	638294	0	28	0	58	86	638728	0	14071	0	0	0	0	0	14071
TP1_synth_reverse		15	C	248	638204	37	61	1	47	135	638733	0	14070	1	0	0	0	0	14071
TP1_synth_reverse		16	T	506	249	259	27	0	29	637663	638733	0	2	12	0	0	1	14056	14071
TP1_synth_reverse		17	T	634	171	38	25	0	155	637710	638733	0	1	1	0	0	2	14067	14071
TP1_synth_reverse		18	T	488	86	37	20	185	116	637801	638733	0	0	1	0	1	1	14068	14071
TP1_synth_reverse		19	C	455	638324	1	35	3	99	575	639492	1	14067	0	0	0	3	2	14073
TP1_synth_reverse		20	T	575	69	80	40	0	54	638676	639494	0	0	5	0	0	0	14068	14073
TP1_synth_reverse		21	T	1819	110	16	73	0	154	637322	639494	4	0	2	0	0	1	14066	14073
TP1_synth_reverse		22	G	366	619	734	637324	0	122	346	639511	3	0	9	14060	0	0	2	14074
TP1_synth_reverse		23	C	761	637678	605	54	32	67	321	639518	0	14054	7	0	4	4	5	14074
TP1_synth_reverse		24	G	804	145	881	637305	0	51	332	639518	6	0	11	14057	0	0	0	14074
TP1_synth_reverse		25	G	235	418	525	638066	11	72	209	639536	0	0	3	14070	1	1	0	14075
TP1_synth_reverse		26	A	638207	14	641	116	388	96	91	639553	14062	0	7	0	7	0	0	14076
TP1_synth_reverse		27	G	80	197	525	637728	2	70	951	639553	0	0	3	14065	0	0	8	14076
TP1_synth_reverse		28	A	638456	84	797	85	1	44	89	639556	14065	0	7	0	0	4	0	14076
TP1_synth_reverse		29	T	630	91	628	44	0	8	638155	639556	0	0	9	0	0	1	14066	14076
TP1_synth_reverse		30	T	2587	348	525	15	24	57	636000	639556	0	2	3	0	2	1	14068	14076
TP1_synth_reverse		31	C	719	637863	765	29	0	22	150	639548	0	14058	13	0	0	0	5	14076
TP1_synth_reverse		32	T	931	91	927	43	0	61	637466	639519	0	0	12	0	0	1	14061	14074
TP1_synth_reverse		33	C	761	638613	3	35	0	17	92	639521	1	14074	0	0	0	0	0	14075
TP1_synth_reverse		34	T	1140	113	537	52	1	23	637652	639518	0	0	7	0	0	0	14068	14075
TP1_synth_reverse		35	T	2910	75	44	72	0	46	636363	639510	11	0	3	0	0	0	14061	14075
TP1_synth_reverse		36	C	552	638765	8	20	0	61	102	639508	0	14073	1	0	0	1	0	14075
TP1_synth_reverse		37	C	661	638566	6	66	0	32	173	639504	0	14075	0	0	0	0	1	14076
TP1_synth_reverse		38	T	1363	355	6	35	77	93	637570	639499	4	2	0	0	8	1	14061	14076
TP1_synth_reverse		39	C	399	638415	146	34	0	32	467	639493	0	14063	6	0	0	0	7	14076
TP1_synth_reverse		40	T	1446	78	57	14	0	25	637868	639488	0	0	1	0	0	0	14075	14076
TP1_synth_reverse		41	G	141	1216	195	636134	0	19	1778	639483	0	2	8	14062	0	1	4	14077
TP1_synth_reverse		42	T	2349	71	191	40	0	116	636712	639479	4	0	8	0	0	3	14062	14077
TP1_synth_reverse		43	G	381	1346	506	636430	0	77	735	639475	7	1	9	14053	0	1	6	14077
TP1_synth_reverse		44	C	723	637689	506	42	129	129	273	639491	0	14059	10	0	7	1	0	14077
TP1_synth_reverse		45	G	271	380	252	634999	1	49	3538	639490	6	2	10	14047	0	0	12	14077
TP1_synth_reverse		46	C	1263	637151	261	45	0	23	763	639506	3	14059	11	0	0	2	3	14078
TP1_synth_reverse		47	C	437	638431	375	19	0	7	236	639505	1	14065	12	0	0	0	0	14078
TP1_synth_reverse		48	G	1070	1440	948	633593	45	7	2396	639499	10	6	28	14028	2	0	4	14078
TP1_synth_reverse		49	A	638120	48	560	39	0	44	132	638943	14104	0	10	0	0	2	0	14116
TP1_synth_reverse		50	T	2478	70	1380	15	0	13	634983	638939	1	0	12	0	0	0	14103	14116
TP1_synth_reverse		51	A	637252	50	1382	97	0	64	111	638956	14102	0	14	0	0	1	0	14117
TP1_synth_reverse		52	C	586	636657	1494	43	0	32	140	638952	0	14102	14	0	0	0	1	14117
TP1_synth_reverse		53	A	637406	32	1225	135	0	45	109	638952	14105	0	11	0	0	1	0	14117
TP1_synth_reverse		54	G	740	312	1108	636324	0	13	451	638948	8	0	19	14088	0	0	2	14117
TP1_synth_reverse		55	A	636459	174	2178	85	0	41	57	638994	14095	0	21	0	0	2	0	14118
TP1_synth_reverse		56	A	637616	13	1054	86	57	48	119	638993	14105	0	10	0	3	0	0	14118
TP1_synth_reverse		57	T	3338	132	1081	167	0	41	634215	638974	5	1	12	0	0	2	14098	14118
TP1_synth_reverse		58	A	637705	10	1085	68	0	52	83	639003	14103	0	16	0	0	0	0	14119
TP1_synth_reverse		59	T	2155	54	950	83	0	19	635684	638945	2	0	9	0	0	0	14107	14118
TP1_synth_reverse		60	C	1469	635933	1304	88	0	39	102	638935	2	14103	13	0	0	0	0	14118
TP1_synth_reverse		61	T	1637	84	680	245	0	23	636275	638944	1	0	11	0	0	0	14107	14119
TP1_synth_reverse		62	G	1530	300	453	635847	0	103	700	638933	17	0	8	14093	0	1	0	14119
TP1_synth_reverse		63	T	4249	64	531	36	1	27	634047	638955	4	0	10	0	0	0	14106	14120
TP1_synth_reverse		64	T	2444	980	118	67	0	77	635927	639613	4	2	3	0	0	1	14113	14123
TP1_synth_reverse		65	C	638	637862	813	71	0	89	149	639622	0	14103	20	0	0	1	0	14124
TP1_synth_reverse		66	G	1456	344	314	636479	0	56	968	639617	9	0	9	14102	0	2	2	14124
TP1_synth_reverse		67	C	992	638223	155	26	0	119	102	639617	1	14116	6	0	0	1	0	14124
TP1_synth_reverse		68	A	638813	335	111	147	0	117	92	639615	14116	0	7	0	0	1	0	14124
TP1_synth_reverse		69	C	183	638600	55	26	575	69	103	639611	0	14114	6	0	3	1	0	14124
TP1_synth_reverse		70	T	1215	100	151	172	0	23	637945	639606	1	0	8	0	0	0	14115	14124
TP1_synth_reverse		71	C	347	638663	444	29	0	8	109	639600	0	14104	19	1	0	0	0	14124
TP1_synth_reverse		72	C	913	638345	55	73	0	48	164	639598	2	14113	6	0	0	2	1	14124
TP1_synth_reverse		73	G	997	282	60	637901	1	181	164	639586	3	0	6	14115	0	0	0	14124
TP1_synth_reverse		74	A	638729	92	539	107	0	93	24	639584	14111	0	12	1	0	0	0	14124
TP1_synth_reverse		75	G	1184	269	31	637303	1	12	779	639579	15	0	3	14100	0	0	6	14124
TP1_synth_reverse		76	T	3279	369	191	63	88	27	635545	639562	4	4	5	0	3	1	14107	14124
TP1_synth_reverse		77	G	850	376	314	637156	1	28	821	639546	12	0	9	14100	0	0	3	14124
TP1_synth_reverse		78	C	544	637655	327	41	341	40	590	639538	0	14110	3	0	2	0	9	14124
TP1_synth_reverse		79	G	1133	845	29	636670	0	165	692	639534	14	1	2	14102	0	1	4	14124
TP1_synth_reverse		80	G	1328	233	0	637433	1	175	354	639524	26	1	0	14096	0	0	1	14124
TP1_synth_reverse		81	C	308	637201	229	54	1141	126	458	639517	1	14113	1	0	7	0	2	14124
TP1_synth_reverse		82	A	637235	55	1156	102	1	57	112	638718	14072	0	7	0	0	0	0	14079
TP1_synth_reverse		83	A	638256	61	5	112	0	211	70	638715	14078	0	0	0	0	1	0	14079
TP1_synth_reverse		84	A	638293	53	0	214	0	63	38	638661	14078	0	0	0	0	1	0	14079
TP1_synth_reverse		85	G	133	274	0	637660	0	109	400	638576	0	1	0	14076	0	0	2	14079
TP1_synth_reverse		86	C	354	637994	0	33	3	31	109	638524	1	14078	0	0	0	0	0	14079
TP1_synth_reverse		87	T	1396	88	1	74	0	74	636788	638421	2	0	0	0	0	1	14076	14079
TP1_synth_reverse		88	G	491	413	3	637246	3	78	133	638367	2	0	0	14075	0	1	0	14078
TP1_synth_reverse		89	T	1066	94	115	44	0	244	636735	638298	0	0	2	0	0	5	14070	14077
TP1_synth_reverse		90	T	1069	73	0	34	0	137	636460	637773	1	0	0	0	0	1	14075	14077
TP1_synth_reverse		91	C	455	636231	0	63	0	29	108	636886	1	14071	0	0	0	0	0	14072
TP1_synth_reverse		92	C	360	634579	0	389	0	45	185	635558	0	14065	0	0	0	0	1	14066
TP1_synth_reverse		93	G	684	163	0	633787	0	78	114	634826	6	1	0	14057	0	0	0	14064
TP1_synth_reverse		94	T	880	78	0	92	0	182	633429	634661	2	0	0	0	0	0	14058	14060
TP1_synth_reverse		95	C	0	633907	0	0	0	88	0	633995	0	14055	0	0	0	0	0	14055
TP1_synth_reverse		96	C	0	633240	0	0	0	40	0	633280	0	14043	0	0	0	0	0	14043
TP1_synth_reverse		97	C	0	631067	0	0	0	126	0	631193	0	14035	0	0	0	1	0	14036
TP1_synth_reverse		98	A	627731	0	0	0	0	0	0	627731	14005	0	0	0	0	0	0	14005
TP1_synth_reverse		99	G	0	0	0	626567	0	0	0	626567	0	0	0	13999	0	0	0	13999
