



























































































































































































































#AmpliconChromStart	Alias	Position	ProbableRef	rawA	rawC	rawD	rawG	rawI	rawN	rawT	rawDepth	consA	consC	consD	consG	consI	consN	consT	consDepth	
TP1_synth_reverse		1	G	0	0	0	633993	0	0	0	633993	0	0	0	5270	0	0	0	5270
TP1_synth_reverse		2	T	0	0	0	0	0	0	634953	634953	0	0	0	0	0	0	5273	5273
TP1_synth_reverse		3	G	0	0	0	635833	0	120	0	635953	0	0	0	5282	0	0	0	5282
TP1_synth_reverse		4	G	0	0	0	636815	0	65	0	636880	0	0	0	5289	0	0	0	5289
TP1_synth_reverse		5	T	0	0	0	0	0	190	637215	637405	0	0	0	0	0	0	5293	5293
TP1_synth_reverse		6	G	123	85	0	637719	0	22	216	638165	0	0	0	5296	0	0	1	5297
TP1_synth_reverse		7	A	638168	24	0	79	0	10	106	638387	5299	0	0	0	0	0	0	5299
TP1_synth_reverse		8	G	109	58	0	638292	0	81	78	638618	0	0	0	5302	0	0	0	5302
TP1_synth_reverse		9	G	122	96	0	637876	2	12	547	638655	0	0	0	5299	0	0	3	5302
TP1_synth_reverse		10	C	244	638007	270	26	0	23	120	638690	0	5301	1	0	0	0	0	5302
TP1_synth_reverse		11	T	299	113	151	22	11	49	638045	638690	0	0	1	0	0	0	5301	5302
TP1_synth_reverse		12	C	297	638022	125	28	0	86	145	638703	0	5302	0	0	0	0	0	5302
TP1_synth_reverse		13	C	343	638087	0	23	0	90	170	638713	0	5302	0	0	0	0	0	5302
TP1_synth_reverse		14	C	262	638294	0	28	0	58	86	638728	0	5302	0	0	0	0	0	5302
TP1_synth_reverse		15	C	248	638204	37	61	1	47	135	638733	0	5301	1	0	0	0	0	5302
TP1_synth_reverse		16	T	506	249	259	27	0	29	637663	638733	0	1	5	0	0	0	5296	5302
TP1_synth_reverse		17	T	634	171	38	25	0	155	637710	638733	0	1	1	0	0	0	5300	5302
TP1_synth_reverse		18	T	488	86	37	20	185	116	637801	638733	0	0	1	0	1	0	5300	5302
TP1_synth_reverse		19	C	455	638324	1	35	3	99	575	639492	0	5301	0	0	0	0	2	5303
TP1_synth_reverse		20	T	575	69	80	40	0	54	638674	639492	0	0	1	0	0	0	5302	5303
TP1_synth_reverse		21	T	1819	110	16	73	0	154	637320	639492	0	0	0	0	0	0	5303	5303
TP1_synth_reverse		22	G	366	619	734	637322	0	122	346	639509	1	0	3	5297	0	0	2	5303
TP1_synth_reverse		23	C	761	637669	605	54	32	67	321	639509	0	5297	2	0	1	0	3	5303
TP1_synth_reverse		24	G	804	145	881	637296	0	51	332	639509	4	0	4	5295	0	0	0	5303
TP1_synth_reverse		25	G	235	417	525	638058	11	72	209	639527	0	0	1	5302	0	0	0	5303
TP1_synth_reverse		26	A	638198	14	641	116	388	96	91	639544	5298	0	3	0	3	0	0	5304
TP1_synth_reverse		27	G	80	197	525	637719	2	70	951	639544	0	0	1	5300	0	0	3	5304
TP1_synth_reverse		28	A	638444	84	797	85	1	44	89	639544	5300	0	4	0	0	0	0	5304
TP1_synth_reverse		29	T	628	91	628	44	0	8	638145	639544	0	0	3	0	0	0	5301	5304
TP1_synth_reverse		30	T	2587	348	525	15	24	57	635988	639544	0	1	1	0	1	0	5301	5304
TP1_synth_reverse		31	C	719	637851	765	29	0	22	150	639536	0	5299	5	0	0	0	0	5304
TP1_synth_reverse		32	T	931	91	927	43	0	61	637459	639512	0	0	4	0	0	0	5299	5303
TP1_synth_reverse		33	C	761	638606	3	35	0	17	92	639514	0	5303	0	0	0	0	0	5303
TP1_synth_reverse		34	T	1137	113	537	52	1	23	637648	639511	0	0	3	0	0	0	5300	5303
TP1_synth_reverse		35	T	2910	75	44	72	0	46	636364	639511	0	0	0	0	0	0	5303	5303
TP1_synth_reverse		36	C	551	638767	8	20	0	61	102	639509	0	5303	0	0	0	0	0	5303
TP1_synth_reverse		37	C	659	638569	6	66	0	32	173	639505	0	5302	0	0	0	0	1	5303
TP1_synth_reverse		38	T	1362	355	6	35	77	93	637572	639500	0	1	0	0	2	0	5300	5303
TP1_synth_reverse		39	C	399	638416	146	34	0	32	467	639494	0	5299	2	0	0	0	2	5303
TP1_synth_reverse		40	T	1447	78	57	14	0	25	637868	639489	0	0	1	0	0	0	5302	5303
TP1_synth_reverse		41	G	141	1215	195	636135	0	19	1776	639481	0	0	5	5298	0	0	0	5303
TP1_synth_reverse		42	T	2348	71	191	40	0	116	636711	639477	0	0	5	0	0	0	5298	5303
TP1_synth_reverse		43	G	381	1348	506	636426	0	77	735	639473	2	0	6	5294	0	0	1	5303
TP1_synth_reverse		44	C	722	637688	506	42	129	129	273	639489	0	5294	6	0	3	0	0	5303
TP1_synth_reverse		45	G	271	381	252	635011	1	49	3534	639499	1	0	5	5292	0	0	5	5303
TP1_synth_reverse		46	C	1263	637160	261	45	0	23	763	639515	0	5297	5	0	0	0	1	5303
TP1_synth_reverse		47	C	437	638440	375	19	0	7	236	639514	0	5298	5	0	0	0	0	5303
TP1_synth_reverse		48	G	1070	1439	948	633604	45	7	2395	639508	2	2	15	5282	1	0	1	5303
TP1_synth_reverse		49	A	638129	48	560	39	0	44	132	638952	5297	0	6	0	0	0	0	5303
TP1_synth_reverse		50	T	2481	70	1380	15	0	13	634989	638948	0	0	6	0	0	0	5297	5303
TP1_synth_reverse		51	A	637261	50	1382	97	0	64	111	638965	5296	0	7	0	0	0	0	5303
TP1_synth_reverse		52	C	585	636667	1494	43	0	32	140	638961	0	5296	7	0	0	0	0	5303
TP1_synth_reverse		53	A	637416	32	1225	135	0	45	108	638961	5299	0	4	0	0	0	0	5303
TP1_synth_reverse		54	G	740	311	1108	636335	0	13	450	638957	2	0	5	5296	0	0	0	5303
TP1_synth_reverse		55	A	636468	174	2178	85	0	41	57	639003	5295	0	9	0	0	0	0	5304
TP1_synth_reverse		56	A	637625	13	1054	86	57	48	119	639002	5299	0	5	0	0	0	0	5304
TP1_synth_reverse		57	T	3337	132	1081	167	0	41	634225	638983	0	0	5	0	0	0	5299	5304
TP1_synth_reverse		58	A	637714	10	1085	68	0	52	83	639012	5300	0	5	0	0	0	0	5305
TP1_synth_reverse		59	T	2159	54	950	83	0	19	635689	638954	0	0	4	0	0	0	5301	5305
TP1_synth_reverse		60	C	1467	635944	1304	88	0	39	102	638944	0	5299	6	0	0	0	0	5305
TP1_synth_reverse		61	T	1639	84	680	245	0	23	636282	638953	0	0	5	0	0	0	5301	5306
TP1_synth_reverse		62	G	1531	300	453	635855	0	103	700	638942	4	0	3	5299	0	0	0	5306
TP1_synth_reverse		63	T	4252	64	531	37	1	27	634052	638964	0	0	4	0	0	0	5303	5307
TP1_synth_reverse		64	T	2445	980	118	67	0	77	635935	639622	0	2	2	0	0	0	5306	5310
TP1_synth_reverse		65	C	639	637870	813	71	0	89	149	639631	0	5301	9	0	0	0	0	5310
TP1_synth_reverse		66	G	1456	344	314	636488	0	56	968	639626	4	0	4	5301	0	0	1	5310
TP1_synth_reverse		67	C	992	638232	155	26	0	119	102	639626	0	5308	2	0	0	0	0	5310
TP1_synth_reverse		68	A	638822	335	111	147	0	117	92	639624	5309	0	1	0	0	0	0	5310
TP1_synth_reverse		69	C	183	638613	55	26	575	69	103	639624	0	5308	0	0	2	0	0	5310
TP1_synth_reverse		70	T	1214	101	151	172	0	23	637958	639619	0	0	0	0	0	0	5310	5310
TP1_synth_reverse		71	C	347	638676	444	29	0	8	109	639613	0	5306	4	0	0	0	0	5310
TP1_synth_reverse		72	C	913	638358	55	73	0	48	164	639611	0	5310	0	0	0	0	0	5310
TP1_synth_reverse		73	G	997	281	60	637915	1	181	164	639599	2	0	0	5308	0	0	0	5310
TP1_synth_reverse		74	A	638742	92	539	107	0	93	24	639597	5308	0	1	1	0	0	0	5310
TP1_synth_reverse		75	G	1185	268	31	637313	1	12	782	639592	4	0	0	5305	0	0	1	5310
TP1_synth_reverse		76	T	3282	369	191	63	88	27	635555	639575	0	3	1	0	1	0	5305	5310
TP1_synth_reverse		77	G	850	376	314	637166	1	28	824	639559	6	0	2	5301	0	0	1	5310
TP1_synth_reverse		78	C	547	637665	327	41	341	40	590	639551	0	5305	1	0	1	0	3	5310
TP1_synth_reverse		79	G	1134	847	29	636678	0	165	694	639547	5	1	0	5302	0	0	2	5310
TP1_synth_reverse		80	G	1329	234	0	637444	1	175	354	639537	9	1	0	5299	0	0	1	5310
TP1_synth_reverse		81	C	308	637214	229	54	1141	126	458	639530	0	5307	0	0	3	0	0	5310
TP1_synth_reverse		82	A	637248	55	1156	102	1	57	112	638731	5306	0	3	0	0	0	0	5309
TP1_synth_reverse		83	A	638269	61	5	112	0	211	70	638728	5309	0	0	0	0	0	0	5309
TP1_synth_reverse		84	A	638306	53	0	214	0	63	38	638674	5309	0	0	0	0	0	0	5309
TP1_synth_reverse		85	G	133	273	0	637674	0	109	400	638589	0	0	0	5309	0	0	0	5309
TP1_synth_reverse		86	C	354	638007	0	33	3	31	109	638537	0	5309	0	0	0	0	0	5309
TP1_synth_reverse		87	T	1395	88	1	74	0	74	636802	638434	0	0	0	0	0	0	5309	5309
TP1_synth_reverse		88	G	491	414	3	637258	3	78	133	638380	2	0	0	5307	0	0	0	5309
TP1_synth_reverse		89	T	1066	94	115	44	0	244	636748	638311	0	0	0	0	0	0	5309	5309
TP1_synth_reverse		90	T	1069	73	0	34	0	137	636474	637787	0	0	0	0	0	0	5309	5309
TP1_synth_reverse		91	C	455	636245	0	63	0	29	108	636900	0	5309	0	0	0	0	0	5309
TP1_synth_reverse		92	C	360	634593	0	389	0	45	185	635572	0	5309	0	0	0	0	0	5309
TP1_synth_reverse		93	G	684	163	0	633801	0	78	114	634840	4	0	0	5305	0	0	0	5309
TP1_synth_reverse		94	T	880	78	0	92	0	182	633443	634675	0	0	0	0	0	0	5309	5309
TP1_synth_reverse		95	C	0	633920	0	0	0	88	0	634008	0	5309	0	0	0	0	0	5309
TP1_synth_reverse		96	C	0	633252	0	0	0	40	0	633292	0	5308	0	0	0	0	0	5308
TP1_synth_reverse		97	C	0	631079	0	0	0	126	0	631205	0	5307	0	0	0	0	0	5307
TP1_synth_reverse		98	A	627743	0	0	0	0	0	0	627743	5305	0	0	0	0	0	0	5305
TP1_synth_reverse		99	G	0	0	0	626580	0	0	0	626580	0	0	0	5304	0	0	0	5304
