



























































































































































































































#AmpliconChromStart	Alias	Position	ProbableRef	rawA	rawC	rawD	rawG	rawI	rawN	rawT	rawDepth	consA	consC	consD	consG	consI	consN	consT	consDepth	
TP1_synth_reverse		1	G	0	0	0	633993	0	0	0	633993	0	0	0	42745	0	0	0	42745
TP1_synth_reverse		2	T	0	0	0	0	0	0	634953	634953	0	0	0	0	0	0	43110	43110
TP1_synth_reverse		3	G	0	0	0	635833	0	120	0	635953	0	0	0	43639	0	30	0	43669
TP1_synth_reverse		4	G	0	0	0	636815	0	65	0	636880	0	0	0	44036	0	7	0	44043
TP1_synth_reverse		5	T	0	0	0	0	0	190	637215	637405	0	0	0	0	0	65	44340	44405
TP1_synth_reverse		6	G	123	85	0	637719	0	22	216	638165	3	15	0	44806	0	9	21	44854
TP1_synth_reverse		7	A	638168	24	0	79	0	10	106	638387	44910	5	0	2	0	1	7	44925
TP1_synth_reverse		8	G	109	58	0	638292	0	81	78	638618	9	9	0	44926	0	6	16	44966
TP1_synth_reverse		9	G	122	96	0	637876	2	12	547	638655	11	25	0	44923	2	3	32	44996
TP1_synth_reverse		10	C	244	638007	270	26	0	23	120	638690	57	44957	8	0	0	1	5	45028
TP1_synth_reverse		11	T	299	113	151	22	11	49	638045	638690	94	4	5	0	0	35	44890	45028
TP1_synth_reverse		12	C	297	638022	125	28	0	86	145	638703	75	44904	13	3	0	32	13	45040
TP1_synth_reverse		13	C	343	638077	0	23	0	90	170	638703	77	44934	0	0	0	23	6	45040
TP1_synth_reverse		14	C	262	638284	0	28	0	58	86	638718	44	45001	0	2	0	0	2	45049
TP1_synth_reverse		15	C	248	638194	37	61	1	47	135	638723	53	44966	3	4	0	22	6	45054
TP1_synth_reverse		16	T	506	249	259	27	0	29	637653	638723	162	16	32	4	0	4	44836	45054
TP1_synth_reverse		17	T	634	171	38	25	0	155	637700	638723	195	9	3	1	0	78	44768	45054
TP1_synth_reverse		18	T	488	86	37	20	185	116	637791	638723	127	4	3	0	13	29	44878	45054
TP1_synth_reverse		19	C	455	638314	1	35	3	99	575	639482	194	44864	0	8	0	40	21	45127
TP1_synth_reverse		20	T	574	69	80	40	0	54	638667	639484	177	4	15	6	0	13	44914	45129
TP1_synth_reverse		21	T	1819	110	16	73	0	154	637312	639484	678	2	10	11	0	19	44409	45129
TP1_synth_reverse		22	G	366	619	734	637316	0	122	344	639501	41	306	48	44653	0	17	75	45140
TP1_synth_reverse		23	C	761	637661	605	54	32	67	321	639501	255	44795	31	1	7	31	20	45140
TP1_synth_reverse		24	G	804	145	881	637289	0	51	331	639501	38	60	49	44911	0	15	67	45140
TP1_synth_reverse		25	G	235	418	525	638049	11	72	209	639519	43	194	22	44829	5	5	53	45151
TP1_synth_reverse		26	A	638173	14	641	116	388	96	91	639519	45060	1	36	6	26	17	5	45151
TP1_synth_reverse		27	G	80	196	525	637696	2	70	950	639519	4	60	23	44735	1	27	301	45151
TP1_synth_reverse		28	A	638422	84	797	85	1	44	89	639522	45074	12	38	2	0	25	3	45154
TP1_synth_reverse		29	T	626	91	628	44	0	8	638125	639522	184	7	41	6	0	1	44915	45154
TP1_synth_reverse		30	T	2587	348	525	15	24	57	635966	639522	917	11	23	2	8	39	44154	45154
TP1_synth_reverse		31	C	718	637830	765	29	0	22	150	639514	302	44780	49	3	0	2	14	45150
TP1_synth_reverse		32	T	927	91	927	43	0	61	637441	639490	230	4	59	7	0	11	44835	45146
TP1_synth_reverse		33	C	760	638585	3	35	0	17	92	639492	328	44810	2	4	0	2	3	45149
TP1_synth_reverse		34	T	1133	113	537	52	1	23	637630	639489	283	5	30	6	0	15	44809	45148
TP1_synth_reverse		35	T	2910	75	44	72	0	46	636342	639489	1040	1	7	4	0	5	44094	45151
TP1_synth_reverse		36	C	552	638744	8	20	0	61	102	639487	123	45001	2	8	0	12	5	45151
TP1_synth_reverse		37	C	658	638548	6	66	0	32	173	639483	150	44977	0	4	0	5	18	45154
TP1_synth_reverse		38	T	1358	355	6	35	77	93	637554	639478	472	17	0	1	23	5	44634	45152
TP1_synth_reverse		39	C	396	638397	146	34	0	32	467	639472	111	44978	18	5	0	2	35	45149
TP1_synth_reverse		40	T	1443	78	57	14	0	25	637850	639467	382	3	4	2	0	6	44748	45145
TP1_synth_reverse		41	G	141	1214	195	636121	0	19	1772	639462	13	535	23	44179	0	4	388	45142
TP1_synth_reverse		42	T	2347	71	191	40	0	116	636693	639458	853	5	24	3	0	30	44225	45140
TP1_synth_reverse		43	G	381	1346	506	636412	0	77	732	639454	47	348	31	44534	0	10	168	45138
TP1_synth_reverse		44	C	722	637669	506	42	129	129	273	639470	261	44793	35	1	19	30	15	45154
TP1_synth_reverse		45	G	271	379	252	634999	1	49	3529	639480	24	121	30	44409	0	4	575	45163
TP1_synth_reverse		46	C	1261	637145	261	44	0	23	762	639496	517	44594	32	9	0	3	23	45178
TP1_synth_reverse		47	C	437	638421	375	19	0	7	236	639495	116	45013	34	3	0	1	11	45178
TP1_synth_reverse		48	G	1070	1440	948	633587	45	7	2392	639489	51	535	78	44043	5	0	464	45176
TP1_synth_reverse		49	A	638110	48	560	39	0	44	132	638933	45733	9	30	2	0	2	13	45789
TP1_synth_reverse		50	T	2475	70	1380	15	0	13	634976	638929	498	2	47	2	0	2	45242	45793
TP1_synth_reverse		51	A	637242	50	1382	97	0	64	111	638946	45711	11	51	3	0	24	7	45807
TP1_synth_reverse		52	C	584	636649	1494	43	0	32	140	638942	245	45483	56	12	0	3	6	45805
TP1_synth_reverse		53	A	637396	32	1225	135	0	45	109	638942	45725	5	38	7	0	23	7	45805
TP1_synth_reverse		54	G	737	310	1108	636319	0	13	451	638938	60	79	51	45481	0	3	131	45805
TP1_synth_reverse		55	A	636449	174	2178	85	0	41	57	638984	45651	44	90	1	0	23	3	45812
TP1_synth_reverse		56	A	637606	13	1054	86	57	48	119	638983	45738	0	36	3	9	10	16	45812
TP1_synth_reverse		57	T	3333	132	1081	167	0	41	634210	638964	559	8	44	31	0	20	45139	45801
TP1_synth_reverse		58	A	637695	10	1085	68	0	52	83	638993	45720	1	48	1	0	27	7	45804
TP1_synth_reverse		59	T	2158	54	950	83	0	19	635671	638935	443	2	35	18	0	6	45283	45787
TP1_synth_reverse		60	C	1469	635923	1304	88	0	39	102	638925	465	45242	54	6	0	7	8	45782
TP1_synth_reverse		61	T	1637	84	680	245	0	23	636265	638934	345	1	39	50	0	4	45335	45774
TP1_synth_reverse		62	G	1532	299	453	635836	0	103	700	638923	204	84	31	45120	0	14	313	45766
TP1_synth_reverse		63	T	4252	64	531	37	1	27	634033	638945	1219	1	28	5	0	3	44511	45767
TP1_synth_reverse		64	T	2445	980	118	67	0	77	635916	639603	415	30	9	8	0	6	45339	45807
TP1_synth_reverse		65	C	638	637852	813	71	0	89	149	639612	127	45611	55	1	0	11	6	45811
TP1_synth_reverse		66	G	1456	344	314	636470	0	56	967	639607	137	99	28	45228	0	29	286	45807
TP1_synth_reverse		67	C	992	638213	155	26	0	119	102	639607	402	45340	23	7	0	29	6	45807
TP1_synth_reverse		68	A	638804	335	111	147	0	117	91	639605	45701	43	25	9	0	14	14	45806
TP1_synth_reverse		69	C	183	638590	55	26	575	69	103	639601	42	45688	21	0	15	34	3	45803
TP1_synth_reverse		70	T	1215	101	151	172	0	23	637934	639596	274	3	34	23	0	2	45464	45800
TP1_synth_reverse		71	C	348	638652	444	29	0	8	109	639590	87	45644	55	3	0	3	3	45795
TP1_synth_reverse		72	C	912	638336	55	73	0	48	164	639588	369	45376	15	12	0	12	9	45793
TP1_synth_reverse		73	G	997	281	60	637892	1	181	164	639576	81	73	16	45542	0	45	32	45789
TP1_synth_reverse		74	A	638719	92	539	107	0	93	24	639574	45723	14	33	9	0	6	2	45787
TP1_synth_reverse		75	G	1185	267	31	637292	1	12	781	639569	80	74	7	45524	0	3	96	45784
TP1_synth_reverse		76	T	3281	369	191	63	88	27	635533	639552	1044	18	22	8	10	14	44661	45777
TP1_synth_reverse		77	G	850	376	314	637147	1	28	820	639536	71	102	29	45344	0	23	196	45765
TP1_synth_reverse		78	C	543	637646	327	41	341	40	590	639528	133	45535	12	7	9	24	40	45760
TP1_synth_reverse		79	G	1134	847	29	636658	0	165	691	639524	85	405	4	45110	0	14	141	45759
TP1_synth_reverse		80	G	1329	233	0	637422	1	175	354	639514	127	69	0	45488	0	10	62	45756
TP1_synth_reverse		81	C	307	637192	229	54	1141	126	458	639507	48	45617	14	2	44	11	18	45754
TP1_synth_reverse		82	A	637225	55	1156	102	1	57	112	638708	44958	4	48	9	0	17	6	45042
TP1_synth_reverse		83	A	638246	61	5	112	0	211	70	638705	45009	8	0	7	0	16	1	45041
TP1_synth_reverse		84	A	638283	53	0	214	0	63	38	638651	45007	6	0	15	0	6	2	45036
TP1_synth_reverse		85	G	133	274	0	637650	0	109	400	638566	13	56	0	44858	0	28	46	45001
TP1_synth_reverse		86	C	354	637984	0	33	3	31	109	638514	56	44918	0	3	0	6	2	44985
TP1_synth_reverse		87	T	1396	88	1	74	0	74	636778	638411	266	2	0	7	0	21	44661	44957
TP1_synth_reverse		88	G	491	413	3	637236	3	78	133	638357	31	52	2	44822	0	9	27	44943
TP1_synth_reverse		89	T	1066	94	115	44	0	244	636725	638288	124	2	9	3	0	62	44724	44924
TP1_synth_reverse		90	T	1069	73	0	33	0	137	636452	637764	184	5	0	0	0	13	44689	44891
TP1_synth_reverse		91	C	455	636222	0	63	0	29	108	636877	70	44767	0	3	0	1	3	44844
TP1_synth_reverse		92	C	361	634569	0	389	0	45	185	635549	39	44692	0	28	0	2	10	44771
TP1_synth_reverse		93	G	684	163	0	633778	0	78	114	634817	59	41	0	44616	0	6	10	44732
TP1_synth_reverse		94	T	880	78	0	92	0	182	633420	634652	109	3	0	4	0	31	44540	44687
TP1_synth_reverse		95	C	0	633899	0	0	0	88	0	633987	0	44602	0	0	0	22	0	44624
TP1_synth_reverse		96	C	0	633231	0	0	0	40	0	633271	0	44530	0	0	0	16	0	44546
TP1_synth_reverse		97	C	0	631058	0	0	0	126	0	631184	0	44394	0	0	0	25	0	44419
TP1_synth_reverse		98	A	627722	0	0	0	0	0	0	627722	44226	0	0	0	0	0	0	44226
TP1_synth_reverse		99	G	0	0	0	626559	0	0	0	626559	0	0	0	44122	0	0	0	44122
