



























































































































































































































#AmpliconChromStart	Alias	Position	ProbableRef	rawA	rawC	rawD	rawG	rawI	rawN	rawT	rawDepth	consA	consC	consD	consG	consI	consN	consT	consDepth	
TP1_synth_reverse		1	G	0	0	0	1128924	0	0	0	1128924	0	0	0	6415	0	0	0	6415
TP1_synth_reverse		2	T	0	0	0	0	0	0	1130895	1130895	0	0	0	0	0	0	6421	6421
TP1_synth_reverse		3	G	0	0	0	1135167	0	124	0	1135291	0	0	0	6437	0	0	0	6437
TP1_synth_reverse		4	G	0	0	0	1135973	0	66	0	1136039	0	0	0	6440	0	0	0	6440
TP1_synth_reverse		5	T	0	0	0	0	0	28	1136561	1136589	0	0	0	0	0	0	6442	6442
TP1_synth_reverse		6	G	142	99	0	1138193	0	21	177	1138632	0	0	0	6448	0	0	0	6448
TP1_synth_reverse		7	A	1139179	26	0	122	0	83	164	1139574	6453	0	0	0	0	0	0	6453
TP1_synth_reverse		8	G	136	78	0	1141204	1	151	620	1142190	0	0	0	6460	0	0	3	6463
TP1_synth_reverse		9	G	150	157	0	1142121	4	50	170	1142652	0	0	0	6465	0	0	0	6465
TP1_synth_reverse		10	C	300	1142038	90	33	1	38	152	1142652	0	6465	0	0	0	0	0	6465
TP1_synth_reverse		11	T	209	216	27	12	856	31	1141314	1142665	0	0	0	0	6	0	6459	6465
TP1_synth_reverse		12	C	416	1139029	2858	34	3	99	226	1142665	0	6454	11	0	0	0	0	6465
TP1_synth_reverse		13	C	523	1141833	3	41	1	134	148	1142683	0	6465	0	0	0	0	0	6465
TP1_synth_reverse		14	C	529	1141884	0	22	1	59	188	1142683	0	6465	0	0	0	0	0	6465
TP1_synth_reverse		15	C	323	1141497	34	40	591	73	142	1142700	0	6460	1	0	4	0	0	6465
TP1_synth_reverse		16	T	431	121	1768	20	1	253	1140123	1142717	0	0	14	0	0	0	6451	6465
TP1_synth_reverse		17	T	393	344	4	15	0	87	1141874	1142717	0	0	0	0	0	0	6465	6465
TP1_synth_reverse		18	T	413	212	193	10	84	80	1141737	1142729	0	0	1	0	1	0	6463	6465
TP1_synth_reverse		19	C	390	1140625	713	25	718	78	196	1142745	0	6454	4	0	6	0	1	6465
TP1_synth_reverse		20	T	267	156	1052	29	2	36	1141203	1142745	0	1	4	0	0	0	6460	6465
TP1_synth_reverse		21	T	586	200	149	68	2946	137	1138671	1142757	0	0	1	0	17	0	6447	6465
TP1_synth_reverse		22	G	263	490	825	1139490	747	30	926	1142771	1	0	4	6453	3	0	4	6465
TP1_synth_reverse		23	C	687	1128654	1882	452	10000	36	1070	1142781	0	6392	9	1	58	0	5	6465
TP1_synth_reverse		24	G	273	399	1239	1139563	16	55	1709	1143254	0	1	8	6451	0	0	6	6466
TP1_synth_reverse		25	G	159	734	677	1138545	2227	155	778	1143275	0	0	6	6450	7	0	3	6466
TP1_synth_reverse		26	A	1138932	25	1785	219	2077	54	199	1143291	6445	0	11	0	10	0	0	6466
TP1_synth_reverse		27	G	271	1046	1246	1139770	415	40	503	1143291	1	2	5	6454	3	0	1	6466
TP1_synth_reverse		28	A	1141206	52	893	117	810	45	168	1143291	6461	0	3	0	2	0	0	6466
TP1_synth_reverse		29	T	333	139	1885	166	0	181	1140587	1143291	0	0	11	0	0	0	6455	6466
TP1_synth_reverse		30	T	1097	197	1153	65	2	160	1140617	1143291	0	0	4	0	0	0	6462	6466
TP1_synth_reverse		31	C	597	1140300	1900	43	171	94	185	1143290	0	6455	9	0	1	0	1	6466
TP1_synth_reverse		32	T	676	121	639	73	8	476	1141290	1143283	0	0	5	0	0	0	6461	6466
TP1_synth_reverse		33	C	491	1140395	1408	53	637	169	121	1143274	0	6455	7	0	4	0	0	6466
TP1_synth_reverse		34	T	852	193	1112	97	1	106	1140909	1143270	0	0	10	0	0	0	6456	6466
TP1_synth_reverse		35	T	1818	145	371	86	208	112	1140525	1143265	1	0	3	0	1	0	6461	6466
TP1_synth_reverse		36	C	568	1140449	1939	44	1	75	184	1143260	0	6449	16	0	0	0	1	6466
TP1_synth_reverse		37	C	678	1141297	189	88	192	99	704	1143247	0	6461	2	0	2	0	1	6466
TP1_synth_reverse		38	T	832	206	1043	315	475	42	1140320	1143233	0	1	4	0	4	0	6457	6466
TP1_synth_reverse		39	C	458	1141674	400	57	437	76	128	1143230	0	6463	2	0	1	0	0	6466
TP1_synth_reverse		40	T	1526	116	791	46	4235	204	1136309	1143227	0	0	8	0	16	0	6442	6466
TP1_synth_reverse		41	G	742	716	1891	1138548	221	39	1046	1143203	2	0	10	6447	1	0	6	6466
TP1_synth_reverse		42	T	2542	126	713	44	4511	84	1135176	1143196	0	0	5	0	25	0	6436	6466
TP1_synth_reverse		43	G	518	537	470	1139202	773	495	1212	1143207	1	0	3	6453	5	0	4	6466
TP1_synth_reverse		44	C	670	1135683	1135	248	3094	218	2168	1143216	1	6432	6	1	15	0	11	6466
TP1_synth_reverse		45	G	288	439	1232	1138980	274	80	1901	1143194	0	0	5	6458	2	0	1	6466
TP1_synth_reverse		46	C	916	1140092	1442	76	2	16	653	1143197	0	6454	7	0	0	0	5	6466
TP1_synth_reverse		47	C	412	1139936	23	63	2415	30	325	1143204	0	6453	0	0	13	0	0	6466
TP1_synth_reverse		48	G	540	725	1065	1139228	210	59	1344	1143171	2	0	3	6458	2	0	1	6466
TP1_synth_reverse		49	A	1140649	62	1326	129	539	260	223	1143188	6458	0	6	0	2	0	0	6466
TP1_synth_reverse		50	T	1241	216	829	215	835	161	1139678	1143175	0	1	5	0	5	0	6455	6466
TP1_synth_reverse		51	A	1140837	96	925	157	872	147	153	1143187	6459	0	4	0	3	0	0	6466
TP1_synth_reverse		52	C	601	1140551	729	155	165	364	608	1143173	0	6461	3	0	1	0	1	6466
TP1_synth_reverse		53	A	1138724	51	1077	262	2446	436	188	1143184	6444	0	5	0	17	0	0	6466
TP1_synth_reverse		54	G	153	279	968	1140817	231	135	587	1143170	0	0	4	6459	1	0	2	6466
TP1_synth_reverse		55	A	1142342	103	327	139	0	153	101	1143165	6464	0	2	0	0	0	0	6466
TP1_synth_reverse		56	A	1142545	21	52	212	35	133	165	1143163	6466	0	0	0	0	0	0	6466
TP1_synth_reverse		57	T	2077	91	483	269	1261	294	1138650	1143125	0	0	3	0	5	0	6458	6466
TP1_synth_reverse		58	A	1141686	21	643	121	108	407	150	1143136	6461	0	5	0	0	0	0	6466
TP1_synth_reverse		59	T	1103	86	806	101	26	523	1140462	1143107	0	0	5	0	0	0	6461	6466
TP1_synth_reverse		60	C	979	1140329	1210	82	48	342	87	1143077	0	6459	7	0	0	0	0	6466
TP1_synth_reverse		61	T	1458	516	380	75	872	277	1139478	1143056	0	2	3	0	5	0	6456	6466
TP1_synth_reverse		62	G	431	376	446	1139948	350	437	1051	1143039	0	0	4	6456	0	0	6	6466
TP1_synth_reverse		63	T	2517	123	403	28	0	237	1139735	1143043	0	0	3	0	0	0	6463	6466
TP1_synth_reverse		64	T	2293	115	295	53	24	78	1140179	1143037	0	0	1	0	0	0	6465	6466
TP1_synth_reverse		65	C	1420	1137726	2274	46	491	220	851	1143028	0	6450	10	0	5	0	1	6466
TP1_synth_reverse		66	G	785	470	1851	1138344	86	77	1401	1143014	3	0	6	6452	1	0	4	6466
TP1_synth_reverse		67	C	1134	1139926	1144	48	341	277	140	1143010	0	6461	4	0	1	0	0	6466
TP1_synth_reverse		68	A	1141124	246	1130	197	77	117	113	1143004	6461	0	5	0	0	0	0	6466
TP1_synth_reverse		69	C	370	1141185	997	60	2	92	289	1142995	0	6460	4	0	0	0	2	6466
TP1_synth_reverse		70	T	1333	296	360	40	454	151	1140343	1142977	0	1	2	0	3	0	6460	6466
TP1_synth_reverse		71	C	486	1139501	2413	36	2	388	147	1142973	0	6459	7	0	0	0	0	6466
TP1_synth_reverse		72	C	1116	1140377	136	76	706	160	389	1142960	2	6460	0	0	3	0	1	6466
TP1_synth_reverse		73	G	253	545	1426	1139334	352	460	565	1142935	1	0	5	6458	1	0	1	6466
TP1_synth_reverse		74	A	1138933	66	2309	300	1098	179	45	1142930	6455	0	7	0	4	0	0	6466
TP1_synth_reverse		75	G	122	480	2862	1139073	157	76	140	1142910	0	0	12	6453	1	0	0	6466
TP1_synth_reverse		76	T	1155	148	3249	59	566	84	1137632	1142893	0	0	13	0	2	0	6451	6466
TP1_synth_reverse		77	G	182	442	2257	1139449	26	91	409	1142856	0	0	10	6456	0	0	0	6466
TP1_synth_reverse		78	C	628	1134222	2247	47	1203	577	3922	1142846	0	6437	10	0	6	0	13	6466
TP1_synth_reverse		79	G	352	609	3442	1137465	0	189	781	1142838	0	0	13	6452	0	0	1	6466
TP1_synth_reverse		80	G	704	735	80	1140299	1	189	796	1142804	2	1	1	6461	0	0	1	6466
TP1_synth_reverse		81	C	482	1140598	1177	106	61	111	250	1142785	0	6461	4	0	0	0	1	6466
TP1_synth_reverse		82	A	1140155	35	2115	201	0	112	160	1142778	6460	0	6	0	0	0	0	6466
TP1_synth_reverse		83	A	1141392	256	588	104	0	289	145	1142774	6464	1	1	0	0	0	0	6466
TP1_synth_reverse		84	A	1141596	80	400	212	81	285	81	1142735	6464	0	1	0	1	0	0	6466
TP1_synth_reverse		85	G	172	425	58	1141544	58	169	189	1142615	0	0	0	6465	1	0	0	6466
TP1_synth_reverse		86	C	1337	1140929	15	37	9	103	108	1142538	0	6466	0	0	0	0	0	6466
TP1_synth_reverse		87	T	1416	145	252	38	67	399	1140136	1142453	0	0	1	0	0	0	6465	6466
TP1_synth_reverse		88	G	378	513	2	1140816	190	174	312	1142385	0	0	0	6466	0	0	0	6466
TP1_synth_reverse		89	T	844	321	436	27	0	70	1140644	1142342	0	0	0	0	0	0	6466	6466
TP1_synth_reverse		90	T	823	147	0	36	1	113	1141043	1142163	0	0	0	0	0	0	6466	6466
TP1_synth_reverse		91	C	633	1140613	0	203	0	398	121	1141968	0	6465	0	0	0	0	0	6465
TP1_synth_reverse		92	C	487	1139441	0	92	0	474	391	1140885	0	6465	0	0	0	0	0	6465
TP1_synth_reverse		93	G	353	478	0	1137675	0	208	289	1139003	0	0	0	6465	0	0	0	6465
TP1_synth_reverse		94	T	633	141	0	42	0	113	1137790	1138719	0	0	0	0	0	0	6465	6465
TP1_synth_reverse		95	C	0	1137657	0	0	0	236	0	1137893	0	6465	0	0	0	0	0	6465
TP1_synth_reverse		96	C	0	1136795	0	0	0	138	0	1136933	0	6465	0	0	0	0	0	6465
TP1_synth_reverse		97	C	0	1134618	0	0	0	207	0	1134825	0	6465	0	0	0	0	0	6465
TP1_synth_reverse		98	A	1130641	0	0	0	0	0	0	1130641	6464	0	0	0	0	0	0	6464
TP1_synth_reverse		99	G	0	0	0	1129027	0	0	0	1129027	0	0	0	6464	0	0	0	6464
