



























































































































































































































#AmpliconChromStart	Alias	Position	ProbableRef	rawA	rawC	rawD	rawG	rawI	rawN	rawT	rawDepth	consA	consC	consD	consG	consI	consN	consT	consDepth	
TP1_synth_reverse		1	G	0	0	0	1128924	0	0	0	1128924	0	0	0	13353	0	0	0	13353
TP1_synth_reverse		2	T	0	0	0	0	0	0	1130895	1130895	0	0	0	0	0	0	13373	13373
TP1_synth_reverse		3	G	0	0	0	1135167	0	124	0	1135291	0	0	0	13399	0	0	0	13399
TP1_synth_reverse		4	G	0	0	0	1135973	0	66	0	1136039	0	0	0	13408	0	0	0	13408
TP1_synth_reverse		5	T	0	0	0	0	0	28	1136561	1136589	0	0	0	0	0	0	13411	13411
TP1_synth_reverse		6	G	142	99	0	1138193	0	21	177	1138632	0	0	0	13421	0	0	0	13421
TP1_synth_reverse		7	A	1139179	26	0	122	0	83	164	1139574	13428	0	0	0	0	0	0	13428
TP1_synth_reverse		8	G	136	78	0	1141204	1	151	620	1142190	1	0	0	13439	0	0	5	13445
TP1_synth_reverse		9	G	150	157	0	1142121	4	50	170	1142652	1	0	0	13447	0	0	1	13449
TP1_synth_reverse		10	C	300	1142038	90	33	1	38	152	1142652	0	13448	1	0	0	0	0	13449
TP1_synth_reverse		11	T	209	216	27	12	856	31	1141314	1142665	0	0	0	0	10	0	13439	13449
TP1_synth_reverse		12	C	416	1139029	2858	34	3	99	226	1142665	0	13426	22	0	0	0	1	13449
TP1_synth_reverse		13	C	523	1141833	3	41	1	134	148	1142683	0	13449	0	0	0	0	0	13449
TP1_synth_reverse		14	C	529	1141884	0	22	1	59	188	1142683	0	13449	0	0	0	0	0	13449
TP1_synth_reverse		15	C	323	1141497	34	40	591	73	142	1142700	0	13440	1	0	8	0	0	13449
TP1_synth_reverse		16	T	431	121	1768	20	1	253	1140123	1142717	0	0	22	0	0	0	13427	13449
TP1_synth_reverse		17	T	393	344	4	15	0	87	1141874	1142717	0	2	0	0	0	0	13447	13449
TP1_synth_reverse		18	T	413	212	193	10	84	80	1141737	1142729	0	3	2	0	2	0	13443	13450
TP1_synth_reverse		19	C	390	1140625	713	25	718	78	196	1142745	0	13431	5	0	12	0	3	13451
TP1_synth_reverse		20	T	267	156	1052	29	2	36	1141203	1142745	0	1	8	0	0	0	13442	13451
TP1_synth_reverse		21	T	586	200	149	68	2946	137	1138659	1142745	0	0	4	0	34	0	13413	13451
TP1_synth_reverse		22	G	263	490	825	1139464	747	30	926	1142745	5	0	11	13423	5	0	7	13451
TP1_synth_reverse		23	C	687	1128628	1882	452	10000	36	1070	1142755	0	13319	18	2	98	0	14	13451
TP1_synth_reverse		24	G	273	399	1239	1139537	16	55	1709	1143228	0	1	15	13426	0	0	10	13452
TP1_synth_reverse		25	G	159	734	677	1138519	2227	155	778	1143249	0	0	10	13426	12	0	5	13453
TP1_synth_reverse		26	A	1138906	25	1785	219	2077	54	199	1143265	13410	0	22	0	21	0	1	13454
TP1_synth_reverse		27	G	270	1040	1246	1139751	415	40	503	1143265	1	3	10	13431	5	0	4	13454
TP1_synth_reverse		28	A	1141180	52	893	117	810	45	168	1143265	13441	0	11	0	2	0	0	13454
TP1_synth_reverse		29	T	331	139	1885	166	0	181	1140563	1143265	0	0	21	0	0	0	13433	13454
TP1_synth_reverse		30	T	1097	197	1153	65	2	160	1140591	1143265	0	2	6	0	0	0	13446	13454
TP1_synth_reverse		31	C	597	1140274	1900	43	171	94	185	1143264	0	13433	13	0	6	0	3	13455
TP1_synth_reverse		32	T	675	121	639	73	8	476	1141265	1143257	0	0	8	0	0	0	13447	13455
TP1_synth_reverse		33	C	491	1140368	1408	53	637	169	121	1143247	0	13439	10	0	6	0	0	13455
TP1_synth_reverse		34	T	852	193	1112	95	1	106	1140884	1143243	0	1	16	0	0	0	13438	13455
TP1_synth_reverse		35	T	1815	145	371	86	208	112	1140501	1143238	1	0	4	0	3	0	13448	13456
TP1_synth_reverse		36	C	568	1140422	1939	44	1	75	184	1143233	0	13434	20	0	0	0	2	13456
TP1_synth_reverse		37	C	677	1141271	189	88	192	99	704	1143220	0	13450	2	0	2	0	2	13456
TP1_synth_reverse		38	T	831	206	1043	315	475	42	1140294	1143206	0	1	6	0	6	0	13443	13456
TP1_synth_reverse		39	C	458	1141649	400	57	437	76	128	1143205	0	13446	7	0	3	0	0	13456
TP1_synth_reverse		40	T	1521	116	791	46	4235	204	1136289	1143202	0	0	11	0	30	0	13415	13456
TP1_synth_reverse		41	G	742	711	1891	1138528	221	39	1046	1143178	5	0	16	13426	2	0	7	13456
TP1_synth_reverse		42	T	2542	126	713	44	4511	84	1135151	1143171	0	0	8	0	40	0	13408	13456
TP1_synth_reverse		43	G	516	535	470	1139182	772	495	1212	1143182	1	0	5	13435	11	0	5	13457
TP1_synth_reverse		44	C	669	1135660	1135	248	3094	218	2167	1143191	1	13402	9	1	27	0	17	13457
TP1_synth_reverse		45	G	288	437	1232	1138961	274	80	1897	1143169	0	0	7	13442	5	0	3	13457
TP1_synth_reverse		46	C	914	1140069	1442	76	2	16	653	1143172	0	13438	13	0	0	0	6	13457
TP1_synth_reverse		47	C	409	1139914	23	63	2415	30	325	1143179	0	13434	1	0	22	0	0	13457
TP1_synth_reverse		48	G	540	726	1065	1139202	210	59	1344	1143146	2	0	6	13446	2	0	1	13457
TP1_synth_reverse		49	A	1140624	62	1326	129	539	260	223	1143163	13445	0	10	0	2	0	0	13457
TP1_synth_reverse		50	T	1239	216	829	215	835	161	1139655	1143150	0	3	8	0	5	0	13441	13457
TP1_synth_reverse		51	A	1140812	96	925	157	872	147	153	1143162	13446	0	6	0	5	0	0	13457
TP1_synth_reverse		52	C	602	1140525	729	155	165	364	608	1143148	0	13448	5	0	1	0	3	13457
TP1_synth_reverse		53	A	1138699	51	1077	262	2446	436	188	1143159	13420	0	10	0	28	0	0	13458
TP1_synth_reverse		54	G	153	278	968	1140793	231	135	587	1143145	0	0	7	13447	1	0	3	13458
TP1_synth_reverse		55	A	1142317	103	327	139	0	153	101	1143140	13454	0	4	0	0	0	0	13458
TP1_synth_reverse		56	A	1142520	21	52	212	35	133	165	1143138	13455	0	2	0	1	0	0	13458
TP1_synth_reverse		57	T	2074	91	483	269	1261	294	1138628	1143100	0	0	6	0	8	0	13444	13458
TP1_synth_reverse		58	A	1141661	21	643	121	108	407	150	1143111	13447	0	10	0	1	0	0	13458
TP1_synth_reverse		59	T	1103	86	806	101	26	523	1140437	1143082	0	0	9	0	1	0	13448	13458
TP1_synth_reverse		60	C	978	1140305	1210	82	48	342	87	1143052	0	13449	8	0	1	0	0	13458
TP1_synth_reverse		61	T	1455	516	380	75	872	277	1139456	1143031	0	4	4	0	8	0	13442	13458
TP1_synth_reverse		62	G	428	375	446	1139925	350	437	1053	1143014	1	0	5	13442	1	0	9	13458
TP1_synth_reverse		63	T	2513	123	403	28	0	237	1139714	1143018	0	0	8	0	0	0	13451	13459
TP1_synth_reverse		64	T	2293	115	295	53	24	78	1140158	1143016	0	1	2	1	0	0	13455	13459
TP1_synth_reverse		65	C	1419	1137706	2274	46	491	220	851	1143007	0	13430	19	0	9	0	1	13459
TP1_synth_reverse		66	G	785	469	1851	1138327	86	77	1401	1142996	3	0	14	13436	1	0	5	13459
TP1_synth_reverse		67	C	1132	1139910	1144	48	341	277	140	1142992	0	13446	12	0	1	0	0	13459
TP1_synth_reverse		68	A	1141106	246	1130	197	77	117	113	1142986	13447	0	12	0	0	0	0	13459
TP1_synth_reverse		69	C	370	1141167	997	60	2	92	289	1142977	0	13446	10	0	0	0	3	13459
TP1_synth_reverse		70	T	1332	296	360	40	454	151	1140326	1142959	0	3	8	0	6	0	13442	13459
TP1_synth_reverse		71	C	483	1139486	2413	36	2	388	147	1142955	0	13446	13	0	0	0	0	13459
TP1_synth_reverse		72	C	1118	1140357	136	76	706	160	389	1142942	2	13447	3	0	6	0	1	13459
TP1_synth_reverse		73	G	253	545	1426	1139316	352	460	565	1142917	1	0	10	13443	1	0	4	13459
TP1_synth_reverse		74	A	1138915	66	2309	300	1098	179	45	1142912	13440	0	13	0	6	0	0	13459
TP1_synth_reverse		75	G	122	477	2862	1139059	157	76	139	1142892	0	0	15	13443	1	0	0	13459
TP1_synth_reverse		76	T	1155	148	3249	59	566	84	1137614	1142875	0	0	20	0	5	0	13434	13459
TP1_synth_reverse		77	G	182	441	2257	1139433	26	91	408	1142838	1	0	19	13436	0	0	3	13459
TP1_synth_reverse		78	C	628	1134204	2247	47	1203	577	3922	1142828	1	13406	17	0	9	0	26	13459
TP1_synth_reverse		79	G	352	608	3443	1137448	0	189	780	1142820	1	0	21	13436	0	0	1	13459
TP1_synth_reverse		80	G	704	735	80	1140281	1	189	796	1142786	2	1	3	13452	0	0	1	13459
TP1_synth_reverse		81	C	481	1140581	1177	106	61	111	250	1142767	0	13447	9	0	0	0	3	13459
TP1_synth_reverse		82	A	1140137	35	2115	201	0	112	160	1142760	13449	0	10	0	0	0	0	13459
TP1_synth_reverse		83	A	1141374	256	588	104	0	289	145	1142756	13456	1	2	0	0	0	0	13459
TP1_synth_reverse		84	A	1141577	80	400	213	81	285	81	1142717	13456	0	2	0	1	0	0	13459
TP1_synth_reverse		85	G	172	425	58	1141527	58	169	189	1142598	0	0	1	13457	1	0	0	13459
TP1_synth_reverse		86	C	1337	1140912	15	37	9	103	108	1142521	0	13459	0	0	0	0	0	13459
TP1_synth_reverse		87	T	1413	145	252	38	67	399	1140122	1142436	0	0	1	0	0	0	13458	13459
TP1_synth_reverse		88	G	378	513	2	1140799	190	174	312	1142368	1	0	0	13458	0	0	0	13459
TP1_synth_reverse		89	T	843	321	436	27	0	70	1140628	1142325	0	0	0	0	0	0	13459	13459
TP1_synth_reverse		90	T	820	147	0	36	1	113	1141029	1142146	0	0	0	0	0	0	13459	13459
TP1_synth_reverse		91	C	633	1140596	0	203	0	398	121	1141951	0	13456	0	0	0	0	0	13456
TP1_synth_reverse		92	C	487	1139424	0	92	0	474	391	1140868	0	13454	0	1	0	0	1	13456
TP1_synth_reverse		93	G	353	477	0	1137659	0	208	289	1138986	3	0	0	13452	0	0	0	13455
TP1_synth_reverse		94	T	632	141	0	42	0	113	1137774	1138702	0	0	0	0	0	0	13453	13453
TP1_synth_reverse		95	C	0	1137640	0	0	0	236	0	1137876	0	13450	0	0	0	0	0	13450
TP1_synth_reverse		96	C	0	1136779	0	0	0	138	0	1136917	0	13449	0	0	0	0	0	13449
TP1_synth_reverse		97	C	0	1134602	0	0	0	207	0	1134809	0	13447	0	0	0	0	0	13447
TP1_synth_reverse		98	A	1130625	0	0	0	0	0	0	1130625	13439	0	0	0	0	0	0	13439
TP1_synth_reverse		99	G	0	0	0	1129011	0	0	0	1129011	0	0	0	13437	0	0	0	13437
