



























































































































































































































#AmpliconChromStart	Alias	Position	ProbableRef	rawA	rawC	rawD	rawG	rawI	rawN	rawT	rawDepth	consA	consC	consD	consG	consI	consN	consT	consDepth	
TP1_synth_reverse		1	G	0	0	0	1128924	0	0	0	1128924	0	0	0	27253	0	0	0	27253
TP1_synth_reverse		2	T	0	0	0	0	0	0	1130895	1130895	0	0	0	0	0	0	27309	27309
TP1_synth_reverse		3	G	0	0	0	1135167	0	124	0	1135291	0	0	0	27384	0	1	0	27385
TP1_synth_reverse		4	G	0	0	0	1135973	0	66	0	1136039	0	0	0	27420	0	0	0	27420
TP1_synth_reverse		5	T	0	0	0	0	0	28	1136561	1136589	0	0	0	0	0	0	27440	27440
TP1_synth_reverse		6	G	142	99	0	1138193	0	21	177	1138632	0	0	0	27471	0	0	6	27477
TP1_synth_reverse		7	A	1139179	26	0	122	0	83	164	1139574	27486	0	0	0	0	0	0	27486
TP1_synth_reverse		8	G	136	78	0	1141204	1	151	620	1142190	1	0	0	27505	0	2	8	27516
TP1_synth_reverse		9	G	150	157	0	1142121	4	50	170	1142652	2	0	0	27521	0	0	1	27524
TP1_synth_reverse		10	C	300	1142038	90	33	1	38	152	1142652	0	27522	1	0	0	0	1	27524
TP1_synth_reverse		11	T	209	216	27	12	856	31	1141314	1142665	0	0	3	0	22	0	27499	27524
TP1_synth_reverse		12	C	416	1139029	2858	34	3	99	226	1142665	0	27482	39	0	0	1	2	27524
TP1_synth_reverse		13	C	523	1141833	3	41	1	134	148	1142683	0	27522	0	0	0	1	2	27525
TP1_synth_reverse		14	C	529	1141884	0	22	1	59	188	1142683	0	27525	0	0	0	0	0	27525
TP1_synth_reverse		15	C	323	1141497	34	40	591	73	142	1142700	0	27510	1	0	15	0	0	27526
TP1_synth_reverse		16	T	431	121	1768	20	1	253	1140123	1142717	0	0	36	0	0	1	27490	27527
TP1_synth_reverse		17	T	393	344	4	15	0	87	1141874	1142717	0	8	0	0	0	1	27518	27527
TP1_synth_reverse		18	T	413	212	193	10	84	80	1141737	1142729	0	5	3	0	2	1	27517	27528
TP1_synth_reverse		19	C	390	1140625	713	25	718	78	196	1142745	3	27475	10	0	35	0	6	27529
TP1_synth_reverse		20	T	267	156	1052	29	2	36	1141203	1142745	0	5	20	0	0	0	27504	27529
TP1_synth_reverse		21	T	586	200	149	68	2946	137	1138671	1142757	0	0	15	0	78	1	27436	27530
TP1_synth_reverse		22	G	263	490	825	1139490	747	30	926	1142771	6	0	28	27474	7	0	16	27531
TP1_synth_reverse		23	C	687	1128654	1882	452	10000	36	1070	1142781	0	27281	38	4	181	0	28	27532
TP1_synth_reverse		24	G	273	399	1239	1139563	16	55	1709	1143254	1	3	36	27475	0	0	19	27534
TP1_synth_reverse		25	G	159	734	677	1138545	2227	155	778	1143275	0	0	22	27472	29	3	9	27535
TP1_synth_reverse		26	A	1138932	25	1785	219	2077	54	199	1143291	27445	0	52	0	36	0	3	27536
TP1_synth_reverse		27	G	271	1046	1246	1139770	415	40	503	1143291	2	5	13	27495	10	0	11	27536
TP1_synth_reverse		28	A	1141206	52	893	117	810	45	168	1143291	27510	0	17	0	9	0	0	27536
TP1_synth_reverse		29	T	333	139	1885	166	0	181	1140587	1143291	0	0	47	0	0	1	27488	27536
TP1_synth_reverse		30	T	1097	197	1153	65	2	160	1140617	1143291	0	3	9	0	0	0	27524	27536
TP1_synth_reverse		31	C	597	1140285	1900	43	171	94	185	1143275	1	27498	21	0	9	0	7	27536
TP1_synth_reverse		32	T	676	121	639	73	8	476	1141275	1143268	0	0	11	0	1	1	27523	27536
TP1_synth_reverse		33	C	491	1140379	1408	53	637	169	121	1143258	0	27497	25	0	12	1	1	27536
TP1_synth_reverse		34	T	852	193	1112	97	1	106	1140893	1143254	0	3	29	0	0	1	27503	27536
TP1_synth_reverse		35	T	1818	145	371	86	208	112	1140509	1143249	1	0	4	0	7	1	27524	27537
TP1_synth_reverse		36	C	568	1140433	1939	44	1	75	184	1143244	0	27496	37	0	0	0	4	27537
TP1_synth_reverse		37	C	678	1141281	189	88	192	99	704	1143231	1	27518	2	0	7	0	9	27537
TP1_synth_reverse		38	T	831	206	1043	315	475	42	1140305	1143217	0	1	8	0	12	0	27516	27537
TP1_synth_reverse		39	C	457	1141661	400	57	437	76	128	1143216	0	27515	13	0	9	0	0	27537
TP1_synth_reverse		40	T	1524	116	791	46	4235	204	1136297	1143213	2	1	31	1	64	2	27436	27537
TP1_synth_reverse		41	G	742	714	1891	1138536	221	39	1046	1143189	13	1	29	27477	3	0	14	27537
TP1_synth_reverse		42	T	2538	126	713	43	4511	84	1135167	1143182	0	1	15	1	76	0	27445	27538
TP1_synth_reverse		43	G	518	536	470	1139189	773	495	1212	1143193	2	0	10	27491	24	1	11	27539
TP1_synth_reverse		44	C	670	1135669	1135	248	3094	218	2168	1143202	1	27418	20	3	51	1	46	27540
TP1_synth_reverse		45	G	288	438	1232	1138968	274	80	1900	1143180	2	0	13	27507	11	0	7	27540
TP1_synth_reverse		46	C	916	1140078	1442	76	2	16	653	1143183	1	27491	37	0	0	1	11	27541
TP1_synth_reverse		47	C	412	1139922	23	63	2415	30	325	1143190	1	27489	3	0	49	0	0	27542
TP1_synth_reverse		48	G	540	726	1065	1139216	210	59	1341	1143157	7	2	19	27505	6	0	3	27542
TP1_synth_reverse		49	A	1140635	62	1326	129	539	260	223	1143174	27518	0	18	0	6	1	0	27543
TP1_synth_reverse		50	T	1239	216	829	215	835	161	1139666	1143161	0	7	16	0	11	2	27507	27543
TP1_synth_reverse		51	A	1140823	96	925	157	872	147	153	1143173	27515	1	11	0	14	3	0	27544
TP1_synth_reverse		52	C	602	1140536	729	155	165	364	608	1143159	0	27521	9	0	3	2	9	27544
TP1_synth_reverse		53	A	1138710	51	1077	262	2446	436	188	1143170	27467	1	29	0	46	2	0	27545
TP1_synth_reverse		54	G	153	278	968	1140805	231	135	586	1143156	1	0	17	27512	5	3	7	27545
TP1_synth_reverse		55	A	1142328	103	327	139	0	153	101	1143151	27527	0	17	0	0	1	0	27545
TP1_synth_reverse		56	A	1142531	21	52	212	35	133	165	1143149	27535	0	6	0	2	2	0	27545
TP1_synth_reverse		57	T	2075	91	483	268	1261	294	1138639	1143111	3	0	16	0	15	6	27505	27545
TP1_synth_reverse		58	A	1141672	21	643	121	108	407	150	1143122	27527	0	15	0	2	2	0	27546
TP1_synth_reverse		59	T	1102	86	806	101	26	523	1140449	1143093	0	0	15	0	1	0	27530	27546
TP1_synth_reverse		60	C	978	1140316	1210	82	48	342	87	1143063	1	27529	11	0	4	1	0	27546
TP1_synth_reverse		61	T	1458	516	380	75	872	277	1139464	1143042	1	6	11	0	18	4	27506	27546
TP1_synth_reverse		62	G	430	376	446	1139933	350	437	1053	1143025	1	0	14	27511	3	4	13	27546
TP1_synth_reverse		63	T	2515	123	403	28	0	237	1139723	1143029	0	0	26	0	0	2	27519	27547
TP1_synth_reverse		64	T	2293	115	295	53	24	78	1140169	1143027	0	1	9	1	2	1	27534	27548
TP1_synth_reverse		65	C	1420	1137716	2274	46	491	220	851	1143018	3	27475	51	0	15	1	3	27548
TP1_synth_reverse		66	G	785	471	1851	1138333	86	77	1401	1143004	10	0	30	27496	1	0	11	27548
TP1_synth_reverse		67	C	1133	1139917	1144	48	341	277	140	1143000	2	27511	26	0	5	3	1	27548
TP1_synth_reverse		68	A	1141114	246	1130	197	77	117	113	1142994	27520	1	24	1	0	2	0	27548
TP1_synth_reverse		69	C	370	1141175	997	60	2	92	289	1142985	1	27506	32	0	0	0	9	27548
TP1_synth_reverse		70	T	1334	296	360	40	454	151	1140332	1142967	1	3	21	0	14	0	27509	27548
TP1_synth_reverse		71	C	486	1139491	2413	36	2	388	147	1142963	0	27506	39	0	0	3	0	27548
TP1_synth_reverse		72	C	1118	1140365	136	76	706	160	389	1142950	2	27517	11	0	12	3	3	27548
TP1_synth_reverse		73	G	253	545	1426	1139324	352	460	565	1142925	3	0	23	27506	2	3	11	27548
TP1_synth_reverse		74	A	1138923	66	2309	300	1098	179	45	1142920	27508	0	27	1	12	0	0	27548
TP1_synth_reverse		75	G	122	479	2862	1139064	157	76	140	1142900	0	0	33	27508	5	0	2	27548
TP1_synth_reverse		76	T	1155	148	3249	59	566	84	1137622	1142883	0	1	43	0	7	0	27497	27548
TP1_synth_reverse		77	G	182	441	2257	1139440	26	91	409	1142846	3	0	42	27493	2	1	7	27548
TP1_synth_reverse		78	C	628	1134212	2247	47	1203	577	3922	1142836	1	27446	32	0	22	4	43	27548
TP1_synth_reverse		79	G	352	609	3443	1137454	0	189	781	1142828	2	1	48	27495	0	0	2	27548
TP1_synth_reverse		80	G	704	735	80	1140289	1	189	796	1142794	8	2	6	27526	0	2	3	27547
TP1_synth_reverse		81	C	482	1140588	1177	106	61	111	250	1142775	0	27522	16	0	4	1	4	27547
TP1_synth_reverse		82	A	1140145	35	2115	201	0	112	160	1142768	27519	0	28	0	0	0	0	27547
TP1_synth_reverse		83	A	1141382	256	588	104	0	289	145	1142764	27536	1	9	0	0	1	0	27547
TP1_synth_reverse		84	A	1141585	80	400	213	81	285	81	1142725	27536	0	6	0	3	2	0	27547
TP1_synth_reverse		85	G	172	425	58	1141534	58	169	189	1142605	0	0	2	27542	2	0	1	27547
TP1_synth_reverse		86	C	1337	1140919	15	37	9	103	108	1142528	2	27542	0	1	1	0	0	27546
TP1_synth_reverse		87	T	1416	145	252	38	67	399	1140126	1142443	4	0	1	0	0	3	27538	27546
TP1_synth_reverse		88	G	378	513	2	1140806	190	174	312	1142375	3	0	0	27537	1	0	5	27546
TP1_synth_reverse		89	T	844	321	436	27	0	70	1140634	1142332	0	0	4	0	0	0	27542	27546
TP1_synth_reverse		90	T	823	147	0	35	1	113	1141034	1142153	1	0	0	2	0	0	27543	27546
TP1_synth_reverse		91	C	633	1140603	0	203	0	398	121	1141958	1	27538	0	2	0	1	0	27542
TP1_synth_reverse		92	C	487	1139431	0	92	0	474	391	1140875	0	27531	0	4	0	2	1	27538
TP1_synth_reverse		93	G	353	477	0	1137666	0	208	289	1138993	8	1	0	27511	0	4	0	27524
TP1_synth_reverse		94	T	632	141	0	42	0	113	1137781	1138709	0	0	0	0	0	1	27517	27518
TP1_synth_reverse		95	C	0	1137647	0	0	0	236	0	1137883	0	27509	0	0	0	1	0	27510
TP1_synth_reverse		96	C	0	1136785	0	0	0	138	0	1136923	0	27507	0	0	0	1	0	27508
TP1_synth_reverse		97	C	0	1134608	0	0	0	207	0	1134815	0	27491	0	0	0	0	0	27491
TP1_synth_reverse		98	A	1130631	0	0	0	0	0	0	1130631	27458	0	0	0	0	0	0	27458
TP1_synth_reverse		99	G	0	0	0	1129017	0	0	0	1129017	0	0	0	27449	0	0	0	27449
