



























































































































































































































#AmpliconChromStart	Alias	Position	ProbableRef	rawA	rawC	rawD	rawG	rawI	rawN	rawT	rawDepth	consA	consC	consD	consG	consI	consN	consT	consDepth	
TP1_synth_reverse		1	G	0	0	0	1128924	0	0	0	1128924	0	0	0	7921	0	0	0	7921
TP1_synth_reverse		2	T	0	0	0	0	0	0	1130895	1130895	0	0	0	0	0	0	7928	7928
TP1_synth_reverse		3	G	0	0	0	1135167	0	124	0	1135291	0	0	0	7946	0	0	0	7946
TP1_synth_reverse		4	G	0	0	0	1135973	0	66	0	1136039	0	0	0	7950	0	0	0	7950
TP1_synth_reverse		5	T	0	0	0	0	0	28	1136561	1136589	0	0	0	0	0	0	7952	7952
TP1_synth_reverse		6	G	142	99	0	1138193	0	21	177	1138632	0	0	0	7959	0	0	0	7959
TP1_synth_reverse		7	A	1139179	26	0	122	0	83	164	1139574	7965	0	0	0	0	0	0	7965
TP1_synth_reverse		8	G	136	78	0	1141204	1	151	620	1142190	0	0	0	7973	0	0	4	7977
TP1_synth_reverse		9	G	150	157	0	1142121	4	50	170	1142652	0	0	0	7979	0	0	0	7979
TP1_synth_reverse		10	C	300	1142038	90	33	1	38	152	1142652	0	7978	1	0	0	0	0	7979
TP1_synth_reverse		11	T	209	216	27	12	856	31	1141314	1142665	0	0	0	0	8	0	7971	7979
TP1_synth_reverse		12	C	416	1139029	2858	34	3	99	226	1142665	0	7965	14	0	0	0	0	7979
TP1_synth_reverse		13	C	523	1141833	3	41	1	134	148	1142683	0	7979	0	0	0	0	0	7979
TP1_synth_reverse		14	C	529	1141884	0	22	1	59	188	1142683	0	7979	0	0	0	0	0	7979
TP1_synth_reverse		15	C	323	1141497	34	40	591	73	142	1142700	0	7973	1	0	5	0	0	7979
TP1_synth_reverse		16	T	431	121	1768	20	1	253	1140123	1142717	0	0	17	0	0	0	7962	7979
TP1_synth_reverse		17	T	393	344	4	15	0	87	1141874	1142717	0	0	0	0	0	0	7979	7979
TP1_synth_reverse		18	T	413	212	193	10	84	80	1141737	1142729	0	0	2	0	1	0	7976	7979
TP1_synth_reverse		19	C	390	1140625	713	25	718	78	196	1142745	0	7964	5	0	8	0	2	7979
TP1_synth_reverse		20	T	267	156	1052	29	2	36	1141203	1142745	0	1	8	0	0	0	7970	7979
TP1_synth_reverse		21	T	586	200	149	68	2946	137	1138671	1142757	0	0	3	0	25	0	7951	7979
TP1_synth_reverse		22	G	263	490	825	1139490	747	30	926	1142771	2	0	8	7959	5	0	5	7979
TP1_synth_reverse		23	C	687	1128654	1882	452	10000	36	1070	1142781	0	7889	13	1	70	0	6	7979
TP1_synth_reverse		24	G	273	399	1239	1139563	16	55	1709	1143254	0	1	12	7959	0	0	8	7980
TP1_synth_reverse		25	G	159	734	677	1138524	2227	155	778	1143254	0	0	6	7960	9	0	5	7980
TP1_synth_reverse		26	A	1138911	25	1785	219	2077	54	199	1143270	7951	0	14	0	15	0	0	7980
TP1_synth_reverse		27	G	271	1046	1246	1139749	415	40	503	1143270	1	2	7	7965	4	0	1	7980
TP1_synth_reverse		28	A	1141185	52	893	117	810	45	168	1143270	7971	0	7	0	2	0	0	7980
TP1_synth_reverse		29	T	333	139	1885	166	0	181	1140566	1143270	0	0	15	0	0	0	7965	7980
TP1_synth_reverse		30	T	1096	197	1153	65	2	160	1140597	1143270	0	2	5	0	0	0	7973	7980
TP1_synth_reverse		31	C	597	1140279	1900	43	171	94	185	1143269	0	7966	10	0	2	0	2	7980
TP1_synth_reverse		32	T	676	121	639	73	8	476	1141269	1143262	0	0	7	0	0	0	7973	7980
TP1_synth_reverse		33	C	491	1140374	1408	53	637	169	121	1143253	0	7969	7	0	4	0	0	7980
TP1_synth_reverse		34	T	849	193	1112	97	1	106	1140891	1143249	0	0	10	0	0	0	7970	7980
TP1_synth_reverse		35	T	1818	145	371	86	208	112	1140504	1143244	1	0	3	0	2	0	7974	7980
TP1_synth_reverse		36	C	567	1140429	1939	44	1	75	184	1143239	0	7962	17	0	0	0	1	7980
TP1_synth_reverse		37	C	678	1141276	189	88	192	99	704	1143226	0	7974	2	0	2	0	2	7980
TP1_synth_reverse		38	T	831	206	1043	315	475	42	1140300	1143212	0	1	4	0	5	0	7970	7980
TP1_synth_reverse		39	C	457	1141656	400	57	437	76	128	1143211	0	7975	2	0	3	0	0	7980
TP1_synth_reverse		40	T	1524	116	791	46	4235	204	1136292	1143208	0	0	10	0	20	0	7950	7980
TP1_synth_reverse		41	G	742	710	1891	1138535	221	39	1046	1143184	4	0	15	7954	1	0	6	7980
TP1_synth_reverse		42	T	2538	126	713	44	4511	84	1135161	1143177	0	0	6	0	28	0	7946	7980
TP1_synth_reverse		43	G	517	537	470	1139184	773	495	1212	1143188	1	0	3	7967	6	0	4	7981
TP1_synth_reverse		44	C	669	1135665	1135	248	3094	218	2168	1143197	1	7941	7	1	19	0	12	7981
TP1_synth_reverse		45	G	288	439	1232	1138962	274	80	1900	1143175	0	0	5	7970	5	0	1	7981
TP1_synth_reverse		46	C	915	1140074	1442	76	2	16	653	1143178	0	7968	8	0	0	0	5	7981
TP1_synth_reverse		47	C	412	1139917	23	63	2415	30	325	1143185	0	7965	0	0	16	0	0	7981
TP1_synth_reverse		48	G	540	716	1065	1139220	210	59	1342	1143152	2	0	3	7973	2	0	1	7981
TP1_synth_reverse		49	A	1140630	62	1326	129	539	260	223	1143169	7972	0	7	0	2	0	0	7981
TP1_synth_reverse		50	T	1238	216	829	213	835	161	1139664	1143156	0	1	6	0	5	0	7969	7981
TP1_synth_reverse		51	A	1140818	96	925	157	872	147	153	1143168	7973	0	4	0	4	0	0	7981
TP1_synth_reverse		52	C	602	1140531	729	155	165	364	608	1143154	0	7975	3	0	1	0	2	7981
TP1_synth_reverse		53	A	1138705	51	1077	262	2446	436	188	1143165	7958	0	5	0	18	0	0	7981
TP1_synth_reverse		54	G	153	279	968	1140798	231	135	587	1143151	0	0	4	7974	1	0	2	7981
TP1_synth_reverse		55	A	1142323	103	327	139	0	153	101	1143146	7979	0	2	0	0	0	0	7981
TP1_synth_reverse		56	A	1142526	21	52	212	35	133	165	1143144	7980	0	0	0	1	0	0	7981
TP1_synth_reverse		57	T	2076	91	483	266	1261	294	1138635	1143106	0	0	4	0	5	0	7972	7981
TP1_synth_reverse		58	A	1141667	21	643	121	108	407	150	1143117	7974	0	6	0	1	0	0	7981
TP1_synth_reverse		59	T	1103	86	806	101	26	523	1140443	1143088	0	0	5	0	1	0	7975	7981
TP1_synth_reverse		60	C	978	1140311	1210	82	48	342	87	1143058	0	7974	7	0	0	0	0	7981
TP1_synth_reverse		61	T	1455	516	380	71	872	277	1139466	1143037	0	3	4	0	5	0	7969	7981
TP1_synth_reverse		62	G	431	376	446	1139925	350	437	1053	1143018	0	0	5	7967	1	0	8	7981
TP1_synth_reverse		63	T	2516	123	403	28	0	237	1139715	1143022	0	0	3	0	0	0	7978	7981
TP1_synth_reverse		64	T	2293	115	295	52	24	78	1140163	1143020	0	1	1	1	0	0	7978	7981
TP1_synth_reverse		65	C	1419	1137710	2274	46	491	220	851	1143011	0	7962	12	0	6	0	1	7981
TP1_synth_reverse		66	G	785	471	1851	1138326	86	77	1401	1142997	3	0	9	7963	1	0	5	7981
TP1_synth_reverse		67	C	1133	1139910	1144	48	341	277	140	1142993	0	7973	7	0	1	0	0	7981
TP1_synth_reverse		68	A	1141107	246	1130	197	77	117	113	1142987	7974	0	7	0	0	0	0	7981
TP1_synth_reverse		69	C	370	1141168	997	60	2	92	289	1142978	0	7974	5	0	0	0	2	7981
TP1_synth_reverse		70	T	1335	296	360	40	454	151	1140324	1142960	0	1	2	0	3	0	7975	7981
TP1_synth_reverse		71	C	486	1139484	2413	36	2	388	147	1142956	0	7973	8	0	0	0	0	7981
TP1_synth_reverse		72	C	1118	1140358	136	76	706	160	389	1142943	2	7974	0	0	4	0	1	7981
TP1_synth_reverse		73	G	253	543	1426	1139319	352	460	565	1142918	1	0	5	7972	1	0	2	7981
TP1_synth_reverse		74	A	1138916	66	2309	300	1098	179	45	1142913	7969	0	8	0	4	0	0	7981
TP1_synth_reverse		75	G	122	480	2862	1139056	157	76	140	1142893	0	0	15	7965	1	0	0	7981
TP1_synth_reverse		76	T	1154	148	3249	59	566	84	1137616	1142876	0	0	16	0	2	0	7963	7981
TP1_synth_reverse		77	G	182	442	2257	1139432	26	91	409	1142839	0	0	12	7968	0	0	1	7981
TP1_synth_reverse		78	C	628	1134205	2247	47	1203	577	3922	1142829	0	7944	12	0	8	0	17	7981
TP1_synth_reverse		79	G	352	609	3443	1137448	0	189	780	1142821	0	0	13	7967	0	0	1	7981
TP1_synth_reverse		80	G	703	735	80	1140283	1	189	796	1142787	2	1	1	7976	0	0	1	7981
TP1_synth_reverse		81	C	482	1140581	1177	106	61	111	250	1142768	0	7975	4	0	0	0	2	7981
TP1_synth_reverse		82	A	1140138	35	2115	201	0	112	160	1142761	7975	0	6	0	0	0	0	7981
TP1_synth_reverse		83	A	1141377	256	588	102	0	289	145	1142757	7979	1	1	0	0	0	0	7981
TP1_synth_reverse		84	A	1141579	80	400	212	81	285	81	1142718	7979	0	1	0	1	0	0	7981
TP1_synth_reverse		85	G	172	425	58	1141527	58	169	189	1142598	0	0	0	7980	1	0	0	7981
TP1_synth_reverse		86	C	1337	1140912	15	37	9	103	108	1142521	0	7981	0	0	0	0	0	7981
TP1_synth_reverse		87	T	1416	145	252	37	67	399	1140120	1142436	0	0	1	0	0	0	7980	7981
TP1_synth_reverse		88	G	378	513	2	1140799	190	174	312	1142368	1	0	0	7980	0	0	0	7981
TP1_synth_reverse		89	T	843	321	436	27	0	70	1140628	1142325	0	0	0	0	0	0	7981	7981
TP1_synth_reverse		90	T	822	147	0	36	1	113	1141027	1142146	0	0	0	0	0	0	7981	7981
TP1_synth_reverse		91	C	633	1140597	0	203	0	398	121	1141952	0	7980	0	0	0	0	0	7980
TP1_synth_reverse		92	C	487	1139426	0	92	0	474	391	1140870	0	7980	0	0	0	0	0	7980
TP1_synth_reverse		93	G	353	478	0	1137660	0	208	289	1138988	0	0	0	7980	0	0	0	7980
TP1_synth_reverse		94	T	633	141	0	41	0	113	1137776	1138704	0	0	0	0	0	0	7980	7980
TP1_synth_reverse		95	C	0	1137642	0	0	0	236	0	1137878	0	7979	0	0	0	0	0	7979
TP1_synth_reverse		96	C	0	1136781	0	0	0	138	0	1136919	0	7979	0	0	0	0	0	7979
TP1_synth_reverse		97	C	0	1134604	0	0	0	207	0	1134811	0	7979	0	0	0	0	0	7979
TP1_synth_reverse		98	A	1130627	0	0	0	0	0	0	1130627	7978	0	0	0	0	0	0	7978
TP1_synth_reverse		99	G	0	0	0	1129013	0	0	0	1129013	0	0	0	7978	0	0	0	7978
