



























































































































































































































#AmpliconChromStart	Alias	Position	ProbableRef	rawA	rawC	rawD	rawG	rawI	rawN	rawT	rawDepth	consA	consC	consD	consG	consI	consN	consT	consDepth	
TP1_synth_forward		5	T	0	0	0	0	0	0	446	446	0	0	0	0	0	0	236	236
TP1_synth_forward		6	G	0	0	0	1235	0	0	0	1235	0	0	0	572	0	0	0	572
TP1_synth_forward		7	A	1769	0	0	0	0	0	0	1769	616	0	0	0	0	0	0	616
TP1_synth_forward		8	G	0	0	0	1955	0	0	0	1955	0	0	0	642	0	0	0	642
TP1_synth_forward		9	G	0	0	0	2011	0	0	0	2011	0	0	0	669	0	0	0	669
TP1_synth_forward		10	C	4	2006	0	0	0	1	0	2011	3	666	0	0	0	0	0	669
TP1_synth_forward		11	T	12	0	0	0	0	0	2007	2019	9	0	0	0	0	0	668	677
TP1_synth_forward		12	C	9	2017	0	0	0	1	0	2027	4	680	0	0	0	1	0	685
TP1_synth_forward		13	C	7	2020	0	0	0	0	0	2027	5	680	0	0	0	0	0	685
TP1_synth_forward		14	C	9	2028	0	0	0	0	0	2037	7	686	0	0	0	0	0	693
TP1_synth_forward		15	C	7	2035	0	0	0	0	1	2043	4	694	0	0	0	0	1	699
TP1_synth_forward		16	T	30	0	1	1	0	0	2023	2055	20	0	1	1	0	0	687	709
TP1_synth_forward		17	T	50	0	1	1	0	0	2014	2066	30	0	1	1	0	0	683	715
TP1_synth_forward		18	T	25	0	0	0	0	0	2606	2631	13	0	0	0	0	0	1138	1151
TP1_synth_forward		19	A	170254	0	0	0	0	1	3	170258	15271	0	0	0	0	1	0	15272
TP1_synth_forward		20	T	26	0	0	0	0	0	170278	170304	17	0	0	0	0	0	15300	15317
TP1_synth_forward		21	A	170674	0	1	0	0	2	0	170677	15597	0	1	0	0	0	0	15598
TP1_synth_forward		22	C	9	171057	0	1	0	1	1	171069	3	15645	0	0	0	0	1	15649
TP1_synth_forward		23	A	171073	0	0	0	0	2	0	171075	15653	0	0	0	0	0	0	15653
TP1_synth_forward		24	G	2	22	0	171023	0	14	14	171075	0	9	0	15638	0	1	5	15653
TP1_synth_forward		25	A	171069	0	4	0	0	2	0	171075	15647	0	4	0	0	2	0	15653
TP1_synth_forward		26	A	171067	0	1	1	0	4	2	171075	15652	0	1	0	0	0	0	15653
TP1_synth_forward		27	T	45	1	1	2	0	2	171024	171075	26	0	1	2	0	1	15623	15653
TP1_synth_forward		28	A	171076	0	0	1	1	0	0	171078	15655	0	0	0	0	0	0	15655
TP1_synth_forward		29	T	28	0	0	5	2	3	171040	171078	14	0	0	5	0	0	15636	15655
TP1_synth_forward		30	C	12	171057	1	0	0	8	0	171078	5	15650	0	0	0	0	0	15655
TP1_synth_forward		31	T	31	0	2	0	0	11	171034	171078	26	0	2	0	0	2	15625	15655
TP1_synth_forward		32	G	3	51	1	171009	0	2	12	171078	1	36	1	15612	0	0	5	15655
TP1_synth_forward		33	T	79	2	1	2	0	0	170994	171078	49	1	0	2	0	0	15603	15655
TP1_synth_forward		34	T	54	0	0	8	0	0	171016	171078	34	0	0	6	0	0	15615	15655
TP1_synth_forward		35	C	16	171059	0	0	0	1	1	171077	8	15645	0	0	0	1	0	15654
TP1_synth_forward		36	G	5	22	0	170982	0	0	68	171077	1	14	0	15595	0	0	44	15654
TP1_synth_forward		37	C	13	171059	0	3	0	1	0	171076	6	15646	0	1	0	0	0	15653
TP1_synth_forward		38	A	171069	2	0	0	0	1	4	171076	15649	2	0	0	0	0	2	15653
TP1_synth_forward		39	C	14	171058	2	0	0	1	1	171076	10	15641	1	0	0	1	0	15653
TP1_synth_forward		40	T	53	1	0	4	2	9	171007	171076	34	0	0	3	2	0	15614	15653
TP1_synth_forward		41	C	10	171044	1	0	0	20	1	171076	7	15642	1	0	0	2	1	15653
TP1_synth_forward		42	C	10	171057	1	0	0	8	0	171076	4	15646	1	0	0	2	0	15653
TP1_synth_forward		43	G	1	21	1	170960	0	3	88	171074	0	15	0	15583	0	0	54	15652
TP1_synth_forward		44	A	171070	1	0	1	0	2	0	171074	15651	1	0	0	0	0	0	15652
TP1_synth_forward		45	G	1	10	0	170999	0	1	62	171073	0	8	0	15608	0	0	35	15651
TP1_synth_forward		46	T	75	0	0	1	0	3	170994	171073	38	0	0	1	0	1	15611	15651
TP1_synth_forward		47	G	1	12	0	170955	0	2	100	171070	1	8	0	15585	0	1	55	15650
TP1_synth_forward		48	C	16	171005	0	0	3	33	2	171059	9	15619	0	0	1	14	2	15645
TP1_synth_forward		49	G	6	4	7	170659	1	3	95	170775	1	2	1	15552	0	1	50	15607
TP1_synth_forward		50	G	13	9	0	170032	1	2	63	170120	6	6	0	15514	0	1	28	15555
TP1_synth_forward		51	C	8	336890	0	2	1	3	1	336905	3	17685	0	2	1	2	0	17693
TP1_synth_forward		52	T	33	0	0	8	0	2	168906	168949	16	0	0	6	0	1	2840	2863
TP1_synth_forward		53	T	34	0	1	3	1	0	168910	168949	15	0	0	2	0	0	2846	2863
TP1_synth_forward		54	G	5	9	1	168918	0	1	27	168961	1	5	0	2852	0	0	15	2873
TP1_synth_forward		55	C	11	168964	1	1	0	1	0	168978	6	2877	0	1	0	0	0	2884
TP1_synth_forward		56	G	4	2	1	168924	0	0	47	168978	4	0	0	2853	0	0	27	2884
TP1_synth_forward		57	G	22	5	0	169002	0	1	15	169045	12	3	0	2878	0	0	5	2898
TP1_synth_forward		58	A	169137	0	0	3	0	1	1	169142	2910	0	0	2	0	1	0	2913
TP1_synth_forward		59	G	17	13	0	169105	0	1	6	169142	11	8	0	2893	0	0	1	2913
TP1_synth_forward		60	A	169384	2	4	2	0	0	1	169393	2928	1	2	2	0	0	0	2933
TP1_synth_forward		61	T	22	0	0	8	0	1	169360	169391	9	0	0	5	0	1	2917	2932
TP1_synth_forward		62	T	21	1	0	2	0	0	169395	169419	13	0	0	1	0	0	2920	2934
TP1_synth_forward		63	C	17	169416	1	3	0	0	0	169437	8	2925	0	3	0	0	0	2936
TP1_synth_forward		64	T	32	0	0	4	0	1	169420	169457	22	0	0	3	0	0	2913	2938
TP1_synth_forward		65	C	21	169435	1	0	0	0	0	169457	11	2926	1	0	0	0	0	2938
TP1_synth_forward		66	T	23	0	1	6	0	1	169448	169479	13	0	1	3	0	1	2923	2941
TP1_synth_forward		67	T	47	2	1	1	0	0	169428	169479	24	1	0	1	0	0	2915	2941
TP1_synth_forward		68	C	22	169372	93	0	0	0	2	169489	8	2935	3	0	0	0	0	2946
TP1_synth_forward		69	C	7	169490	1	5	0	1	4	169508	5	2940	0	2	0	1	1	2949
TP1_synth_forward		70	T	13	0	1	4	0	2	169494	169514	6	0	0	4	0	1	2941	2952
TP1_synth_forward		71	C	4	169510	0	0	0	0	0	169514	2	2950	0	0	0	0	0	2952
TP1_synth_forward		72	T	18	0	3	5	0	0	169488	169514	12	0	1	4	0	0	2935	2952
TP1_synth_forward		73	G	15	8	3	169481	0	3	4	169514	11	4	1	2933	0	1	2	2952
TP1_synth_forward		74	T	11	1	0	0	0	0	169502	169514	5	0	0	0	0	0	2947	2952
TP1_synth_forward		75	G	12	2	0	169491	0	2	7	169514	10	0	0	2937	0	0	5	2952
TP1_synth_forward		76	C	8	169497	2	0	0	0	7	169514	4	2941	2	0	0	0	5	2952
TP1_synth_forward		77	G	5	6	0	169450	0	1	51	169513	3	6	0	2895	0	1	46	2951
TP1_synth_forward		78	C	10	169499	0	0	0	0	4	169513	10	2937	0	0	0	0	4	2951
TP1_synth_forward		79	C	5	169506	0	0	0	0	2	169513	5	2945	0	0	0	0	1	2951
TP1_synth_forward		80	G	9	8	2	169464	1	1	26	169511	2	3	1	2922	1	1	19	2949
TP1_synth_forward		81	C	4	2609	1	0	2	0	0	2616	4	791	0	0	2	0	0	797
TP1_synth_forward		82	A	2607	1	1	0	0	0	7	2616	796	1	0	0	0	0	0	797
TP1_synth_forward		83	A	2605	0	0	0	0	0	11	2616	797	0	0	0	0	0	0	797
TP1_synth_forward		84	A	2610	0	0	1	0	0	5	2616	797	0	0	0	0	0	0	797
TP1_synth_forward		85	G	12	4	0	2581	0	0	16	2613	8	3	0	776	0	0	7	794
TP1_synth_forward		86	C	11	2598	0	1	0	1	0	2611	8	784	0	0	0	1	0	793
TP1_synth_forward		87	T	24	0	0	4	0	0	2581	2609	13	0	0	1	0	0	777	791
TP1_synth_forward		88	G	9	4	1	2587	0	3	1	2605	9	2	1	775	0	1	1	789
TP1_synth_forward		89	T	15	0	0	2	0	0	2586	2603	11	0	0	0	0	0	777	788
TP1_synth_forward		90	T	26	1	0	1	1	1	2573	2603	17	0	0	0	0	0	771	788
TP1_synth_forward		91	C	6	2593	0	2	0	1	0	2602	1	786	0	0	0	0	0	787
TP1_synth_forward		92	C	5	2595	0	1	0	0	0	2601	2	785	0	0	0	0	0	787
TP1_synth_forward		93	G	9	10	0	2574	0	2	0	2595	7	2	0	775	0	1	0	785
TP1_synth_forward		94	T	20	0	0	3	0	3	2564	2590	12	0	0	0	0	2	768	782
TP1_synth_forward		95	C	1	2586	0	0	0	1	0	2588	1	779	0	0	0	0	0	780
TP1_synth_forward		96	C	0	2577	0	0	0	0	0	2577	0	777	0	0	0	0	0	777
TP1_synth_forward		97	C	0	2568	0	0	0	1	0	2569	0	773	0	0	0	1	0	774
TP1_synth_forward		98	A	2564	0	0	0	0	0	0	2564	772	0	0	0	0	0	0	772
TP1_synth_forward		99	G	0	0	0	2552	0	0	0	2552	0	0	0	766	0	0	0	766
TP1_synth_forward		100	T	0	0	0	0	0	0	2531	2531	0	0	0	0	0	0	757	757
TP1_synth_forward	TP1_synth_forward	1	G	0	0	0	581448	0	0	0	581448	0	0	0	42951	0	0	0	42951
TP1_synth_forward	TP1_synth_forward	2	T	0	0	0	0	0	0	582491	582491	0	0	0	0	0	0	43296	43296
TP1_synth_forward	TP1_synth_forward	3	G	0	0	0	584730	0	11	0	584741	0	0	0	43737	0	1	0	43738
TP1_synth_forward	TP1_synth_forward	4	G	0	0	0	585637	0	16	0	585653	0	0	0	44038	0	1	0	44039
TP1_synth_forward	TP1_synth_forward	5	T	0	0	0	0	0	68	585585	585653	0	0	0	0	0	7	44032	44039
TP1_synth_forward	TP1_synth_forward	6	G	113	46	0	585283	0	72	139	585653	6	9	0	43976	0	38	10	44039
TP1_synth_forward	TP1_synth_forward	7	A	585438	9	0	65	0	48	93	585653	44003	2	0	3	0	28	3	44039
TP1_synth_forward	TP1_synth_forward	8	G	92	42	0	584942	0	238	339	585653	5	6	0	43937	0	70	21	44039
TP1_synth_forward	TP1_synth_forward	9	G	86	56	0	585366	33	32	80	585653	4	12	0	43999	3	8	13	44039
TP1_synth_forward	TP1_synth_forward	10	C	148	585369	7	15	1	14	99	585653	34	43993	2	1	0	5	4	44039
TP1_synth_forward	TP1_synth_forward	11	T	162	273	107	9	466	26	584610	585653	28	7	6	0	9	6	43983	44039
TP1_synth_forward	TP1_synth_forward	12	C	166	583400	1896	13	1	56	121	585653	34	43889	91	0	1	19	5	44039
TP1_synth_forward	TP1_synth_forward	13	C	261	585100	2	15	0	181	94	585653	42	43946	0	1	0	46	4	44039
TP1_synth_forward	TP1_synth_forward	14	C	186	585285	0	16	0	65	101	585653	16	44003	0	0	0	17	3	44039
TP1_synth_forward	TP1_synth_forward	15	C	139	584935	32	12	175	16	344	585653	24	43974	2	2	24	7	6	44039
TP1_synth_forward	TP1_synth_forward	16	T	530	48	2970	46	0	20	582039	585653	70	4	117	1	0	6	43841	44039
TP1_synth_forward	TP1_synth_forward	17	T	299	67	323	16	0	6	584942	585653	54	2	26	1	0	4	43952	44039
TP1_synth_forward	TP1_synth_forward	18	T	260	25	17	6	364	21	584960	585653	51	0	5	0	25	3	43955	44039
TP1_synth_forward	TP1_synth_forward	19	A	584845	128	272	58	1	73	276	585653	43988	13	14	3	0	12	9	44039
TP1_synth_forward	TP1_synth_forward	20	T	258	54	922	31	482	87	583819	585653	58	2	30	2	23	12	43912	44039
TP1_synth_forward	TP1_synth_forward	21	A	584843	12	311	47	261	36	143	585653	43956	1	32	6	26	3	15	44039
TP1_synth_forward	TP1_synth_forward	22	C	258	584329	692	67	1	13	293	585653	35	43918	55	8	0	2	21	44039
TP1_synth_forward	TP1_synth_forward	23	A	584696	14	503	96	175	46	123	585653	43976	3	34	4	6	13	3	44039
TP1_synth_forward	TP1_synth_forward	24	G	94	105	124	583855	891	34	550	585653	9	25	8	43886	45	9	57	44039
TP1_synth_forward	TP1_synth_forward	25	A	582865	15	2567	68	0	62	76	585653	43919	2	99	4	0	12	3	44039
TP1_synth_forward	TP1_synth_forward	26	A	585129	3	201	78	174	5	63	585653	44000	0	15	5	13	1	5	44039
TP1_synth_forward	TP1_synth_forward	27	T	722	49	773	51	27	100	583931	585653	154	3	43	9	5	66	43759	44039
TP1_synth_forward	TP1_synth_forward	28	A	585183	8	107	45	199	22	89	585653	43997	2	17	2	9	10	2	44039
TP1_synth_forward	TP1_synth_forward	29	T	367	38	488	151	3	123	584483	585653	71	2	34	10	1	63	43858	44039
TP1_synth_forward	TP1_synth_forward	30	C	532	583470	1050	10	104	60	427	585653	181	43740	75	2	9	19	13	44039
TP1_synth_forward	TP1_synth_forward	31	T	1404	172	592	23	81	60	583156	585488	448	10	26	2	8	19	43383	43896
TP1_synth_forward	TP1_synth_forward	32	G	193	449	294	583919	345	10	237	585447	16	106	27	43603	10	5	94	43861
TP1_synth_forward	TP1_synth_forward	33	T	2577	61	736	69	1	22	581959	585425	773	5	28	19	0	12	43010	43847
TP1_synth_forward	TP1_synth_forward	34	T	1324	54	3	462	5	61	583496	585405	213	0	3	50	2	23	43547	43838
TP1_synth_forward	TP1_synth_forward	35	C	736	583925	186	29	42	33	448	585399	214	43559	20	3	13	14	13	43836
TP1_synth_forward	TP1_synth_forward	36	G	157	608	260	581312	1	72	2966	585376	10	276	24	43008	1	28	479	43826
TP1_synth_forward	TP1_synth_forward	37	C	178	583988	669	57	331	28	118	585369	29	43721	32	7	22	6	4	43821
TP1_synth_forward	TP1_synth_forward	38	A	585032	49	62	128	0	15	83	585369	43777	3	8	5	0	8	20	43821
TP1_synth_forward	TP1_synth_forward	39	C	111	584334	554	113	125	31	91	585359	34	43711	28	15	3	17	6	43814
TP1_synth_forward	TP1_synth_forward	40	T	664	78	2	318	574	118	583586	585340	147	4	0	50	20	54	43525	43800
TP1_synth_forward	TP1_synth_forward	41	C	286	583811	1065	31	2	37	105	585337	67	43658	42	5	2	20	4	43798
TP1_synth_forward	TP1_synth_forward	42	C	462	584272	255	72	15	57	191	585324	201	43538	6	10	4	13	17	43789
TP1_synth_forward	TP1_synth_forward	43	G	134	335	236	581034	221	68	3262	585290	9	84	22	43162	8	7	480	43772
TP1_synth_forward	TP1_synth_forward	44	A	585094	26	0	48	41	18	62	585289	43748	4	0	7	9	2	1	43771
TP1_synth_forward	TP1_synth_forward	45	G	108	183	2	581963	8	16	2994	585274	7	60	1	43304	2	1	387	43762
TP1_synth_forward	TP1_synth_forward	46	T	1918	57	33	104	256	24	582859	585251	573	3	6	27	16	9	43113	43747
TP1_synth_forward	TP1_synth_forward	47	G	74	608	226	580836	370	9	3108	585231	1	277	15	42980	24	8	431	43736
TP1_synth_forward	TP1_synth_forward	48	C	245	584192	64	44	457	17	197	585216	51	43608	17	1	40	3	11	43731
TP1_synth_forward	TP1_synth_forward	49	G	258	110	1324	580186	8	12	3298	585196	39	58	74	42709	6	6	826	43718
TP1_synth_forward	TP1_synth_forward	50	G	122	216	45	583008	63	48	1675	585177	24	59	6	43170	16	16	422	43713
TP1_synth_forward	TP1_synth_forward	51	C	192	583822	173	202	243	64	467	585163	70	43513	28	9	18	43	24	43705
TP1_synth_forward	TP1_synth_forward	52	T	1287	85	427	1253	2	59	579909	583022	501	11	17	232	1	42	42800	43604
TP1_synth_forward	TP1_synth_forward	53	T	1139	92	4	280	376	38	581080	583009	353	3	2	37	13	26	43164	43598
TP1_synth_forward	TP1_synth_forward	54	G	464	131	353	581393	2	88	565	582996	43	30	37	43339	1	35	104	43589
TP1_synth_forward	TP1_synth_forward	55	C	220	580720	810	33	395	57	756	582991	75	43396	48	3	17	17	31	43587
TP1_synth_forward	TP1_synth_forward	56	G	246	84	869	579718	2	45	2021	582985	49	25	63	42799	1	10	640	43587
TP1_synth_forward	TP1_synth_forward	57	G	546	80	23	581713	206	21	364	582953	118	18	10	43312	12	1	102	43573
TP1_synth_forward	TP1_synth_forward	58	A	582251	24	4	438	57	54	107	582935	43539	1	0	20	2	6	3	43571
TP1_synth_forward	TP1_synth_forward	59	G	819	232	267	581205	2	59	308	582892	185	47	9	43187	0	33	95	43556
TP1_synth_forward	TP1_synth_forward	60	A	581614	103	675	288	39	90	77	582886	43454	11	37	21	0	27	5	43555
TP1_synth_forward	TP1_synth_forward	61	T	404	54	246	275	0	107	581780	582866	72	1	10	29	0	8	43431	43551
TP1_synth_forward	TP1_synth_forward	62	T	1311	66	2	37	0	74	581341	582831	204	3	0	2	0	27	43296	43532
TP1_synth_forward	TP1_synth_forward	63	C	1037	581151	387	50	2	23	81	582731	263	43228	8	5	0	4	8	43516
TP1_synth_forward	TP1_synth_forward	64	T	2479	72	193	280	189	42	579449	582704	304	4	3	25	8	27	43139	43510
TP1_synth_forward	TP1_synth_forward	65	C	722	581167	476	75	2	57	192	582691	74	43362	26	8	1	25	7	43503
TP1_synth_forward	TP1_synth_forward	66	T	1940	79	553	155	0	36	579922	582685	300	5	24	12	0	10	43151	43502
TP1_synth_forward	TP1_synth_forward	67	T	2866	68	205	107	9	79	579332	582666	783	5	11	16	3	57	42616	43491
TP1_synth_forward	TP1_synth_forward	68	C	742	580136	1281	69	0	89	346	582663	164	43197	69	4	0	47	10	43491
TP1_synth_forward	TP1_synth_forward	69	C	265	581470	210	138	0	47	522	582652	48	43365	11	14	0	12	34	43484
TP1_synth_forward	TP1_synth_forward	70	T	456	68	140	320	0	111	581550	582645	89	2	9	16	0	37	43327	43480
TP1_synth_forward	TP1_synth_forward	71	C	221	581950	167	33	130	52	88	582641	33	43375	21	6	14	25	4	43478
TP1_synth_forward	TP1_synth_forward	72	T	2097	48	269	154	1	79	579992	582640	572	4	21	29	1	53	42797	43477
TP1_synth_forward	TP1_synth_forward	73	G	386	147	388	581397	0	66	253	582637	59	29	37	43312	0	15	24	43476
TP1_synth_forward	TP1_synth_forward	74	T	1089	67	191	52	1	61	581173	582634	304	1	24	7	1	9	43128	43474
TP1_synth_forward	TP1_synth_forward	75	G	773	98	199	581208	10	38	300	582626	54	29	13	43318	2	18	35	43469
TP1_synth_forward	TP1_synth_forward	76	C	429	580642	232	30	15	91	1186	582625	141	43216	29	3	1	17	61	43468
TP1_synth_forward	TP1_synth_forward	77	G	214	182	274	581248	0	51	641	582610	21	43	14	43265	0	5	111	43459
TP1_synth_forward	TP1_synth_forward	78	C	88	581350	348	34	0	169	620	582609	17	43266	47	5	0	95	29	43459
TP1_synth_forward	TP1_synth_forward	79	C	150	581956	8	14	0	70	407	582605	19	43373	0	2	0	32	33	43459
TP1_synth_forward	TP1_synth_forward	80	G	525	492	425	580490	31	109	514	582586	31	71	13	43225	1	26	87	43454
TP1_synth_forward	TP1_synth_forward	81	C	109	579185	743	17	1317	182	125	581678	19	43194	37	3	84	53	13	43403
TP1_synth_forward	TP1_synth_forward	82	A	580426	19	982	81	1	60	108	581677	43296	1	65	5	0	29	7	43403
TP1_synth_forward	TP1_synth_forward	83	A	581487	5	1	49	0	64	71	581677	43388	0	0	2	0	9	4	43403
TP1_synth_forward	TP1_synth_forward	84	A	581382	20	0	98	0	56	99	581655	43384	0	0	3	0	3	5	43395
TP1_synth_forward	TP1_synth_forward	85	G	121	202	343	580090	3	18	798	581575	12	38	12	43168	1	3	131	43365
TP1_synth_forward	TP1_synth_forward	86	C	162	581226	1	37	0	34	85	581545	29	43314	0	1	0	8	4	43356
TP1_synth_forward	TP1_synth_forward	87	T	2059	78	1	39	59	102	579137	581475	244	7	0	1	6	61	43022	43341
TP1_synth_forward	TP1_synth_forward	88	G	182	207	87	580799	22	34	127	581458	20	17	3	43254	0	21	22	43337
TP1_synth_forward	TP1_synth_forward	89	T	680	81	89	18	0	62	580485	581415	79	1	9	2	0	39	43199	43329
TP1_synth_forward	TP1_synth_forward	90	T	1026	83	47	24	647	98	579446	581371	166	5	1	3	39	42	43057	43313
TP1_synth_forward	TP1_synth_forward	91	C	306	580457	282	186	1	24	81	581337	32	43234	17	8	0	10	5	43306
TP1_synth_forward	TP1_synth_forward	92	C	209	580620	0	39	0	75	161	581104	18	43222	0	7	0	39	7	43293
TP1_synth_forward	TP1_synth_forward	93	G	430	139	0	579866	0	17	57	580509	40	30	0	43177	0	11	6	43264
TP1_synth_forward	TP1_synth_forward	94	T	919	59	0	50	0	77	579323	580428	127	3	0	4	0	42	43073	43249
TP1_synth_forward	TP1_synth_forward	95	C	122	580028	0	45	0	52	136	580383	11	43192	0	3	0	32	6	43244
TP1_synth_forward	TP1_synth_forward	96	C	0	579812	0	0	0	10	0	579822	0	43196	0	0	0	4	0	43200
TP1_synth_forward	TP1_synth_forward	97	C	0	579222	0	0	0	4	0	579226	0	43148	0	0	0	1	0	43149
TP1_synth_forward	TP1_synth_forward	98	A	576696	0	0	0	0	47	0	576743	43003	0	0	0	0	20	0	43023
TP1_synth_forward	TP1_synth_forward	99	G	0	0	0	575288	0	0	0	575288	0	0	0	42900	0	0	0	42900
TP1_synth_forward	TP1_synth_forward	100	T	0	0	0	0	0	0	573522	573522	0	0	0	0	0	0	42756	42756
