



























































































































































































































#AmpliconChromStart	Alias	Position	ProbableRef	rawA	rawC	rawD	rawG	rawI	rawN	rawT	rawDepth	consA	consC	consD	consG	consI	consN	consT	consDepth	
TP1_synth_reverse		1	G	0	0	0	875339	0	0	0	875339	0	0	0	6831	0	0	0	6831
TP1_synth_reverse		2	T	0	0	0	0	0	0	877770	877770	0	0	0	0	0	0	6843	6843
TP1_synth_reverse		3	G	0	0	0	880856	0	104	0	880960	0	0	0	6863	0	0	0	6863
TP1_synth_reverse		4	G	0	0	0	881689	0	60	0	881749	0	0	0	6868	0	0	0	6868
TP1_synth_reverse		5	T	0	0	0	0	0	15	882208	882223	0	0	0	0	0	0	6871	6871
TP1_synth_reverse		6	G	122	76	0	882466	0	14	131	882809	0	0	0	6874	0	0	0	6874
TP1_synth_reverse		7	A	882723	20	0	122	0	66	123	883054	6877	0	0	0	0	0	0	6877
TP1_synth_reverse		8	G	299	77	0	882618	0	108	280	883382	1	0	0	6877	0	0	1	6879
TP1_synth_reverse		9	G	215	136	0	882919	3	38	128	883439	1	0	0	6878	0	0	0	6879
TP1_synth_reverse		10	C	229	882973	31	28	0	33	188	883482	0	6879	0	0	0	0	0	6879
TP1_synth_reverse		11	T	176	149	18	34	13	21	883091	883502	0	0	0	0	0	0	6879	6879
TP1_synth_reverse		12	C	455	882623	171	19	0	86	169	883523	1	6878	0	0	0	0	0	6879
TP1_synth_reverse		13	C	395	882834	5	23	0	98	180	883535	0	6878	0	0	0	0	1	6879
TP1_synth_reverse		14	C	428	882923	0	21	0	46	127	883545	0	6879	0	0	0	0	0	6879
TP1_synth_reverse		15	C	286	883013	0	38	4	53	151	883545	0	6879	0	0	0	0	0	6879
TP1_synth_reverse		16	T	422	101	44	13	0	213	882775	883568	1	0	0	0	0	0	6878	6879
TP1_synth_reverse		17	T	348	121	1	9	0	65	883030	883574	0	0	0	0	0	0	6879	6879
TP1_synth_reverse		18	T	322	134	0	9	1	66	883042	883574	0	0	0	0	0	0	6879	6879
TP1_synth_reverse		19	C	387	882946	11	26	0	60	271	883701	1	6877	0	0	0	0	2	6880
TP1_synth_reverse		20	T	269	101	16	18	0	22	883276	883702	0	0	0	0	0	0	6880	6880
TP1_synth_reverse		21	T	467	245	0	69	0	114	882812	883707	0	1	0	0	0	0	6879	6880
TP1_synth_reverse		22	G	104	379	84	882343	0	22	775	883707	0	0	0	6877	0	0	3	6880
TP1_synth_reverse		23	C	1166	881881	25	48	0	25	569	883714	5	6873	0	0	0	0	2	6880
TP1_synth_reverse		24	G	215	158	30	882485	0	49	777	883714	0	0	0	6879	0	0	1	6880
TP1_synth_reverse		25	G	241	639	6	881917	0	107	816	883726	1	0	0	6875	0	0	4	6880
TP1_synth_reverse		26	A	883334	22	6	207	0	47	125	883741	6880	0	0	0	0	0	0	6880
TP1_synth_reverse		27	G	52	720	0	882711	0	25	233	883741	0	0	0	6880	0	0	0	6880
TP1_synth_reverse		28	A	883454	35	0	94	3	31	124	883741	6880	0	0	0	0	0	0	6880
TP1_synth_reverse		29	T	227	100	485	128	0	148	882653	883741	0	0	4	0	0	0	6876	6880
TP1_synth_reverse		30	T	912	260	50	49	0	130	882340	883741	0	1	1	0	0	0	6878	6880
TP1_synth_reverse		31	C	499	882976	71	37	0	72	75	883730	0	6879	1	0	0	0	0	6880
TP1_synth_reverse		32	T	520	94	67	48	0	350	882649	883728	0	0	1	0	0	0	6879	6880
TP1_synth_reverse		33	C	492	882803	68	48	0	137	176	883724	0	6878	1	0	0	0	1	6880
TP1_synth_reverse		34	T	622	163	100	100	0	103	882634	883722	0	0	1	0	0	0	6879	6880
TP1_synth_reverse		35	T	1409	117	18	59	0	87	882018	883708	0	0	0	0	0	0	6880	6880
TP1_synth_reverse		36	C	613	882907	24	20	0	57	92	883713	1	6879	0	0	0	0	0	6880
TP1_synth_reverse		37	C	742	882700	5	49	0	70	139	883705	1	6879	0	0	0	0	0	6880
TP1_synth_reverse		38	T	647	73	7	261	1	31	882678	883698	0	0	0	0	0	0	6880	6880
TP1_synth_reverse		39	C	384	883093	2	51	0	61	104	883695	0	6880	0	0	0	0	0	6880
TP1_synth_reverse		40	T	1277	529	10	35	0	171	881671	883693	2	3	0	0	0	0	6875	6880
TP1_synth_reverse		41	G	732	544	9	881866	0	28	515	883694	1	0	0	6876	0	0	3	6880
TP1_synth_reverse		42	T	2153	185	199	258	0	76	880820	883691	0	1	3	1	0	0	6875	6880
TP1_synth_reverse		43	G	413	417	7	881798	0	450	599	883684	0	0	0	6878	0	0	2	6880
TP1_synth_reverse		44	C	1310	880597	5	59	0	188	1538	883697	4	6865	0	0	0	0	11	6880
TP1_synth_reverse		45	G	606	298	1	881020	1	77	1689	883692	3	0	0	6875	0	0	2	6880
TP1_synth_reverse		46	C	1112	881840	8	42	0	6	683	883691	4	6873	0	0	0	0	3	6880
TP1_synth_reverse		47	C	474	882753	2	39	0	32	389	883689	2	6877	0	0	0	0	1	6880
TP1_synth_reverse		48	G	391	612	8	881229	0	42	1400	883682	2	0	0	6876	0	0	2	6880
TP1_synth_reverse		49	A	883226	33	3	93	0	210	131	883696	6879	0	0	0	0	0	0	6879
TP1_synth_reverse		50	T	881	84	2	133	0	131	882458	883689	0	0	0	0	0	0	6879	6879
TP1_synth_reverse		51	A	883246	47	3	122	0	117	151	883686	6879	0	0	0	0	0	0	6879
TP1_synth_reverse		52	C	507	882490	2	138	0	266	280	883683	0	6877	0	0	0	0	2	6879
TP1_synth_reverse		53	A	882977	30	5	217	0	304	166	883699	6879	0	0	0	0	0	0	6879
TP1_synth_reverse		54	G	123	190	9	882650	1	92	628	883693	0	0	0	6875	0	0	4	6879
TP1_synth_reverse		55	A	883337	82	11	95	1	110	95	883731	6880	0	0	0	0	0	0	6880
TP1_synth_reverse		56	A	883311	16	0	176	0	98	128	883729	6880	0	0	0	0	0	0	6880
TP1_synth_reverse		57	T	1504	151	4	204	0	229	881610	883702	0	1	0	0	0	0	6879	6880
TP1_synth_reverse		58	A	883208	16	0	83	0	289	133	883729	6880	0	0	0	0	0	0	6880
TP1_synth_reverse		59	T	895	56	5	98	0	395	882260	883709	0	0	0	0	0	0	6880	6880
TP1_synth_reverse		60	C	790	882364	127	77	0	249	85	883692	0	6879	1	0	0	0	0	6880
TP1_synth_reverse		61	T	1118	100	126	42	0	228	882071	883685	0	0	1	0	0	0	6879	6880
TP1_synth_reverse		62	G	350	210	125	882015	0	323	655	883678	0	0	1	6875	0	0	4	6880
TP1_synth_reverse		63	T	1994	65	167	32	0	179	881237	883674	0	0	1	0	0	0	6879	6880
TP1_synth_reverse		64	T	1734	83	127	22	0	32	881673	883671	0	0	1	0	0	0	6879	6880
TP1_synth_reverse		65	C	1390	881364	339	216	0	144	208	883661	3	6873	3	1	0	0	0	6880
TP1_synth_reverse		66	G	1057	313	139	880354	0	50	1744	883657	3	0	1	6864	0	0	12	6880
TP1_synth_reverse		67	C	953	882153	10	44	0	229	265	883654	1	6877	0	0	0	0	2	6880
TP1_synth_reverse		68	A	883082	201	47	165	0	93	81	883669	6880	0	0	0	0	0	0	6880
TP1_synth_reverse		69	C	492	882992	1	41	0	53	87	883666	2	6878	0	0	0	0	0	6880
TP1_synth_reverse		70	T	999	422	0	41	0	107	882100	883669	0	2	0	0	0	0	6878	6880
TP1_synth_reverse		71	C	376	882777	29	21	0	359	107	883669	0	6880	0	0	0	0	0	6880
TP1_synth_reverse		72	C	894	882182	6	139	0	117	324	883662	1	6877	0	1	0	0	1	6880
TP1_synth_reverse		73	G	342	433	18	882198	0	336	330	883657	2	0	0	6878	0	0	0	6880
TP1_synth_reverse		74	A	883240	26	5	202	0	137	45	883655	6879	0	0	1	0	0	0	6880
TP1_synth_reverse		75	G	116	368	21	881443	0	52	1641	883641	0	0	0	6869	0	0	11	6880
TP1_synth_reverse		76	T	860	113	28	58	0	58	882517	883634	0	0	0	0	0	0	6880	6880
TP1_synth_reverse		77	G	253	297	64	882338	0	60	603	883615	1	0	0	6876	0	0	3	6880
TP1_synth_reverse		78	C	596	880826	107	46	0	550	1483	883608	1	6870	0	0	0	0	9	6880
TP1_synth_reverse		79	G	493	504	9	874259	0	143	8192	883600	1	0	0	6824	0	0	55	6880
TP1_synth_reverse		80	G	478	269	4	876989	0	141	5709	883590	1	1	0	6843	0	0	35	6880
TP1_synth_reverse		81	C	436	882789	14	83	0	102	155	883579	2	6878	0	0	0	0	0	6880
TP1_synth_reverse		82	A	882964	42	93	173	0	68	127	883467	6880	0	0	0	0	0	0	6880
TP1_synth_reverse		83	A	882923	75	11	91	0	252	114	883466	6880	0	0	0	0	0	0	6880
TP1_synth_reverse		84	A	882878	42	0	154	73	241	50	883438	6880	0	0	0	0	0	0	6880
TP1_synth_reverse		85	G	404	367	126	882187	10	107	171	883372	2	1	0	6877	0	0	0	6880
TP1_synth_reverse		86	C	876	882050	0	193	24	69	119	883331	2	6876	0	2	0	0	0	6880
TP1_synth_reverse		87	T	959	85	167	25	93	313	881626	883268	0	0	0	0	0	0	6880	6880
TP1_synth_reverse		88	G	326	416	3	882070	75	146	195	883231	1	0	0	6878	1	0	0	6880
TP1_synth_reverse		89	T	642	112	267	20	0	40	882111	883192	0	0	1	0	0	0	6879	6880
TP1_synth_reverse		90	T	578	119	4	89	1	78	881954	882823	0	0	0	0	0	0	6880	6880
TP1_synth_reverse		91	C	504	881747	0	54	0	305	130	882740	0	6880	0	0	0	0	0	6880
TP1_synth_reverse		92	C	475	881169	0	51	0	443	215	882353	0	6880	0	0	0	0	0	6880
TP1_synth_reverse		93	G	277	288	0	880526	0	146	161	881398	0	0	0	6880	0	0	0	6880
TP1_synth_reverse		94	T	482	115	0	63	0	64	880296	881020	0	0	0	0	0	0	6880	6880
TP1_synth_reverse		95	C	0	880412	0	0	0	169	0	880581	0	6880	0	0	0	0	0	6880
TP1_synth_reverse		96	C	0	879282	0	0	0	114	0	879396	0	6880	0	0	0	0	0	6880
TP1_synth_reverse		97	C	0	877988	0	0	0	167	0	878155	0	6880	0	0	0	0	0	6880
TP1_synth_reverse		98	A	874596	0	0	0	0	0	0	874596	6880	0	0	0	0	0	0	6880
TP1_synth_reverse		99	G	0	0	0	872914	0	0	0	872914	0	0	0	6880	0	0	0	6880
