



























































































































































































































#AmpliconChromStart	Alias	Position	ProbableRef	rawA	rawC	rawD	rawG	rawI	rawN	rawT	rawDepth	consA	consC	consD	consG	consI	consN	consT	consDepth	
TP1_synth_reverse		1	G	0	0	0	875339	0	0	0	875339	0	0	0	25817	0	0	0	25817
TP1_synth_reverse		2	T	0	0	0	0	0	0	877770	877770	0	0	0	0	0	0	25852	25852
TP1_synth_reverse		3	G	0	0	0	880856	0	104	0	880960	0	0	0	25923	0	1	0	25924
TP1_synth_reverse		4	G	0	0	0	881689	0	60	0	881749	0	0	0	25947	0	0	0	25947
TP1_synth_reverse		5	T	0	0	0	0	0	15	882208	882223	0	0	0	0	0	0	25961	25961
TP1_synth_reverse		6	G	122	76	0	882466	0	14	131	882809	1	0	0	25975	0	0	3	25979
TP1_synth_reverse		7	A	882723	20	0	122	0	66	123	883054	25983	0	0	0	0	0	0	25983
TP1_synth_reverse		8	G	299	77	0	882618	0	108	280	883382	3	0	0	25982	0	2	3	25990
TP1_synth_reverse		9	G	215	136	0	882919	3	38	128	883439	3	0	0	25988	1	1	2	25995
TP1_synth_reverse		10	C	229	882973	31	28	0	33	188	883482	0	25994	1	0	0	1	0	25996
TP1_synth_reverse		11	T	176	149	18	34	13	21	883091	883502	0	0	0	1	0	0	25996	25997
TP1_synth_reverse		12	C	455	882623	171	19	0	86	169	883523	1	25996	0	0	0	0	1	25998
TP1_synth_reverse		13	C	395	882834	5	23	0	98	180	883535	0	25996	0	0	0	1	2	25999
TP1_synth_reverse		14	C	428	882923	0	21	0	46	127	883545	0	25996	0	0	0	1	2	25999
TP1_synth_reverse		15	C	286	883013	0	38	4	53	151	883545	0	25997	0	0	0	1	1	25999
TP1_synth_reverse		16	T	422	101	44	13	0	213	882775	883568	1	0	0	0	0	1	25998	26000
TP1_synth_reverse		17	T	348	121	1	9	0	65	883030	883574	0	0	0	0	0	1	26000	26001
TP1_synth_reverse		18	T	322	134	0	9	1	66	883042	883574	0	0	0	0	0	0	26001	26001
TP1_synth_reverse		19	C	387	882946	11	26	0	60	271	883701	2	25995	1	0	0	0	4	26002
TP1_synth_reverse		20	T	269	101	16	18	0	22	883276	883702	0	0	0	0	0	0	26002	26002
TP1_synth_reverse		21	T	467	245	0	69	0	114	882812	883707	0	3	0	0	0	1	25998	26002
TP1_synth_reverse		22	G	104	379	84	882343	0	22	775	883707	0	0	0	25991	0	0	11	26002
TP1_synth_reverse		23	C	1166	881874	25	48	0	25	569	883707	11	25974	0	0	0	0	17	26002
TP1_synth_reverse		24	G	215	158	30	882478	0	49	777	883707	0	0	1	25992	0	1	8	26002
TP1_synth_reverse		25	G	241	639	6	881910	0	107	816	883719	2	0	0	25990	0	1	10	26003
TP1_synth_reverse		26	A	883327	22	6	207	0	47	125	883734	26004	0	0	0	0	0	0	26004
TP1_synth_reverse		27	G	52	720	0	882704	0	25	233	883734	0	0	0	26002	0	0	2	26004
TP1_synth_reverse		28	A	883447	35	0	94	3	31	124	883734	26003	0	0	0	0	1	0	26004
TP1_synth_reverse		29	T	227	100	485	128	0	148	882646	883734	0	0	11	0	0	0	25993	26004
TP1_synth_reverse		30	T	911	260	50	49	0	130	882334	883734	1	2	5	0	0	0	25996	26004
TP1_synth_reverse		31	C	498	882970	71	37	0	72	75	883723	2	25994	7	0	0	1	0	26004
TP1_synth_reverse		32	T	520	94	67	48	0	350	882642	883721	0	0	7	0	0	3	25994	26004
TP1_synth_reverse		33	C	492	882796	68	48	0	137	176	883717	6	25987	7	0	0	1	3	26004
TP1_synth_reverse		34	T	620	163	100	100	0	103	882629	883715	0	1	6	2	0	1	25994	26004
TP1_synth_reverse		35	T	1409	117	18	59	0	87	882011	883701	1	0	2	0	0	0	26001	26004
TP1_synth_reverse		36	C	613	882900	24	20	0	57	92	883706	1	26002	2	0	0	0	0	26005
TP1_synth_reverse		37	C	742	882693	5	49	0	70	139	883698	2	26001	0	0	0	0	2	26005
TP1_synth_reverse		38	T	647	73	7	261	1	31	882671	883691	4	0	0	0	0	2	25999	26005
TP1_synth_reverse		39	C	383	883087	2	51	0	61	104	883688	1	26002	0	0	0	1	1	26005
TP1_synth_reverse		40	T	1277	529	10	35	0	171	881664	883686	3	8	0	0	0	0	25994	26005
TP1_synth_reverse		41	G	731	544	9	881860	0	28	515	883687	3	0	0	25991	0	0	11	26005
TP1_synth_reverse		42	T	2153	185	199	258	0	76	880813	883684	1	4	3	2	0	0	25995	26005
TP1_synth_reverse		43	G	411	417	7	881804	0	450	599	883688	0	0	0	25997	0	3	6	26006
TP1_synth_reverse		44	C	1309	880602	5	59	0	188	1538	883701	15	25959	0	0	0	1	32	26007
TP1_synth_reverse		45	G	606	298	1	881030	1	77	1686	883699	13	2	0	25974	0	1	18	26008
TP1_synth_reverse		46	C	1112	881847	8	42	0	6	683	883698	5	25995	0	0	0	0	8	26008
TP1_synth_reverse		47	C	473	882761	2	39	0	32	389	883696	4	26002	0	0	0	0	2	26008
TP1_synth_reverse		48	G	391	615	8	881226	0	42	1398	883680	6	1	0	25988	0	0	13	26008
TP1_synth_reverse		49	A	883224	33	3	93	0	210	131	883694	26007	0	0	0	0	1	0	26008
TP1_synth_reverse		50	T	880	84	2	133	0	131	882457	883687	0	0	0	0	0	1	26007	26008
TP1_synth_reverse		51	A	883244	47	3	122	0	117	151	883684	26006	0	0	2	0	0	0	26008
TP1_synth_reverse		52	C	505	882490	2	138	0	266	280	883681	1	26000	0	0	0	1	6	26008
TP1_synth_reverse		53	A	882975	30	5	217	0	304	166	883697	26004	0	0	2	0	2	1	26009
TP1_synth_reverse		54	G	123	190	9	882648	1	92	628	883691	0	0	0	26001	0	0	8	26009
TP1_synth_reverse		55	A	883334	83	11	95	1	110	95	883729	26010	0	0	0	0	0	0	26010
TP1_synth_reverse		56	A	883309	16	0	176	0	98	128	883727	26010	0	0	0	0	0	0	26010
TP1_synth_reverse		57	T	1505	151	4	206	0	229	881605	883700	2	1	0	0	0	0	26007	26010
TP1_synth_reverse		58	A	883205	16	0	84	0	289	133	883727	26004	0	0	0	0	7	0	26011
TP1_synth_reverse		59	T	897	56	5	98	0	395	882256	883707	0	0	0	0	0	3	26008	26011
TP1_synth_reverse		60	C	789	882363	127	77	0	249	85	883690	2	26009	1	0	0	0	0	26012
TP1_synth_reverse		61	T	1119	100	126	42	0	228	882068	883683	1	0	1	0	0	1	26009	26012
TP1_synth_reverse		62	G	349	210	125	882014	0	323	655	883676	0	0	1	25991	0	5	15	26012
TP1_synth_reverse		63	T	2001	65	167	32	0	179	881228	883672	1	0	5	0	0	1	26005	26012
TP1_synth_reverse		64	T	1734	83	127	22	0	32	881671	883669	1	1	1	0	0	0	26009	26012
TP1_synth_reverse		65	C	1389	881363	339	216	0	144	208	883659	13	25987	3	3	0	0	6	26012
TP1_synth_reverse		66	G	1057	313	139	880353	0	50	1743	883655	7	0	1	25964	0	0	40	26012
TP1_synth_reverse		67	C	952	882152	10	44	0	229	265	883652	2	26005	2	0	0	0	3	26012
TP1_synth_reverse		68	A	883080	201	47	165	0	93	81	883667	26012	0	1	0	0	0	0	26013
TP1_synth_reverse		69	C	492	882991	1	41	0	53	86	883664	4	26006	0	0	0	0	3	26013
TP1_synth_reverse		70	T	999	422	0	42	0	107	882097	883667	2	5	0	0	0	0	26007	26014
TP1_synth_reverse		71	C	375	882776	29	21	0	359	107	883667	1	26010	0	0	0	3	0	26014
TP1_synth_reverse		72	C	895	882179	6	139	0	117	324	883660	2	26002	0	1	0	1	8	26014
TP1_synth_reverse		73	G	342	433	18	882196	0	336	330	883655	2	0	1	26004	0	5	2	26014
TP1_synth_reverse		74	A	883238	26	5	202	0	137	45	883653	26004	0	1	3	0	3	3	26014
TP1_synth_reverse		75	G	116	368	21	881440	0	52	1641	883638	1	0	3	25981	0	0	29	26014
TP1_synth_reverse		76	T	864	113	28	59	0	58	882509	883631	0	0	2	0	0	0	26012	26014
TP1_synth_reverse		77	G	253	297	64	882335	0	60	603	883612	3	0	5	25998	0	0	8	26014
TP1_synth_reverse		78	C	596	880823	107	46	0	550	1483	883605	1	25979	5	0	0	3	26	26014
TP1_synth_reverse		79	G	493	506	9	874254	0	143	8192	883597	11	1	0	25775	0	2	225	26014
TP1_synth_reverse		80	G	478	269	4	876987	0	141	5708	883587	5	3	0	25912	0	2	92	26014
TP1_synth_reverse		81	C	436	882786	14	83	0	102	155	883576	3	26011	0	0	0	0	0	26014
TP1_synth_reverse		82	A	882961	42	93	173	0	68	127	883464	26014	0	0	0	0	0	0	26014
TP1_synth_reverse		83	A	882920	75	11	91	0	252	114	883463	26008	4	0	0	0	2	0	26014
TP1_synth_reverse		84	A	882875	42	0	154	73	241	50	883435	26013	0	0	0	0	1	0	26014
TP1_synth_reverse		85	G	404	367	126	882184	10	107	171	883369	2	1	1	26006	2	1	1	26014
TP1_synth_reverse		86	C	875	882048	0	193	24	69	119	883328	4	26004	0	4	1	0	1	26014
TP1_synth_reverse		87	T	962	85	167	25	93	313	881620	883265	0	0	1	0	1	2	26010	26014
TP1_synth_reverse		88	G	326	416	3	882068	75	146	195	883229	4	0	0	26008	2	0	0	26014
TP1_synth_reverse		89	T	641	112	267	20	0	40	882110	883190	0	0	5	0	0	0	26009	26014
TP1_synth_reverse		90	T	578	119	4	89	1	78	881952	882821	0	0	0	2	0	0	26011	26013
TP1_synth_reverse		91	C	504	881745	0	54	0	305	130	882738	1	26005	0	0	0	2	4	26012
TP1_synth_reverse		92	C	475	881167	0	51	0	443	215	882351	3	26001	0	0	0	2	0	26006
TP1_synth_reverse		93	G	277	289	0	880523	0	146	161	881396	3	0	0	25991	0	0	1	25995
TP1_synth_reverse		94	T	482	115	0	63	0	64	880294	881018	0	0	0	1	0	1	25991	25993
TP1_synth_reverse		95	C	0	880410	0	0	0	169	0	880579	0	25988	0	0	0	0	0	25988
TP1_synth_reverse		96	C	0	879280	0	0	0	114	0	879394	0	25979	0	0	0	0	0	25979
TP1_synth_reverse		97	C	0	877986	0	0	0	167	0	878153	0	25970	0	0	0	0	0	25970
TP1_synth_reverse		98	A	874595	0	0	0	0	0	0	874595	25936	0	0	0	0	0	0	25936
TP1_synth_reverse		99	G	0	0	0	872912	0	0	0	872912	0	0	0	25931	0	0	0	25931
