



























































































































































































































#AmpliconChromStart	Alias	Position	ProbableRef	rawA	rawC	rawD	rawG	rawI	rawN	rawT	rawDepth	consA	consC	consD	consG	consI	consN	consT	consDepth	
TP1_synth_reverse		1	G	0	0	0	875339	0	0	0	875339	0	0	0	19905	0	0	0	19905
TP1_synth_reverse		2	T	0	0	0	0	0	0	877770	877770	0	0	0	0	0	0	19923	19923
TP1_synth_reverse		3	G	0	0	0	880856	0	104	0	880960	0	0	0	19966	0	0	0	19966
TP1_synth_reverse		4	G	0	0	0	881689	0	60	0	881749	0	0	0	19977	0	0	0	19977
TP1_synth_reverse		5	T	0	0	0	0	0	15	882208	882223	0	0	0	0	0	0	19983	19983
TP1_synth_reverse		6	G	122	76	0	882466	0	14	131	882809	1	0	0	19991	0	0	2	19994
TP1_synth_reverse		7	A	882723	20	0	122	0	66	123	883054	19998	0	0	0	0	0	0	19998
TP1_synth_reverse		8	G	299	77	0	882618	0	108	280	883382	1	0	0	20000	0	0	3	20004
TP1_synth_reverse		9	G	215	136	0	882919	3	38	128	883439	3	0	0	20002	1	0	1	20007
TP1_synth_reverse		10	C	229	882973	31	28	0	33	188	883482	0	20007	1	0	0	0	0	20008
TP1_synth_reverse		11	T	176	149	18	34	13	21	883091	883502	0	0	0	1	0	0	20008	20009
TP1_synth_reverse		12	C	455	882623	171	19	0	86	169	883523	1	20008	0	0	0	0	1	20010
TP1_synth_reverse		13	C	395	882834	5	23	0	98	180	883535	0	20009	0	0	0	0	2	20011
TP1_synth_reverse		14	C	428	882923	0	21	0	46	127	883545	0	20011	0	0	0	0	0	20011
TP1_synth_reverse		15	C	286	883013	0	38	4	53	151	883545	0	20010	0	0	0	0	1	20011
TP1_synth_reverse		16	T	422	101	44	13	0	213	882775	883568	1	0	0	0	0	0	20011	20012
TP1_synth_reverse		17	T	348	121	1	9	0	65	883030	883574	0	0	0	0	0	0	20013	20013
TP1_synth_reverse		18	T	322	134	0	9	1	66	883042	883574	0	0	0	0	0	0	20013	20013
TP1_synth_reverse		19	C	387	882946	11	26	0	60	271	883701	2	20009	1	0	0	0	2	20014
TP1_synth_reverse		20	T	269	101	16	18	0	22	883276	883702	0	0	0	0	0	0	20014	20014
TP1_synth_reverse		21	T	467	245	0	69	0	114	882812	883707	0	3	0	0	0	0	20011	20014
TP1_synth_reverse		22	G	104	379	84	882343	0	22	775	883707	0	0	0	20006	0	0	8	20014
TP1_synth_reverse		23	C	1166	881874	25	48	0	25	569	883707	8	19995	0	0	0	0	11	20014
TP1_synth_reverse		24	G	215	158	30	882478	0	49	777	883707	0	0	1	20008	0	0	5	20014
TP1_synth_reverse		25	G	241	639	6	881910	0	107	816	883719	1	0	0	20007	0	0	7	20015
TP1_synth_reverse		26	A	883327	22	6	207	0	47	125	883734	20016	0	0	0	0	0	0	20016
TP1_synth_reverse		27	G	52	720	0	882704	0	25	233	883734	0	0	0	20014	0	0	2	20016
TP1_synth_reverse		28	A	883447	35	0	94	3	31	124	883734	20016	0	0	0	0	0	0	20016
TP1_synth_reverse		29	T	227	100	485	128	0	148	882646	883734	0	0	6	0	0	0	20010	20016
TP1_synth_reverse		30	T	911	260	50	49	0	130	882334	883734	0	1	2	0	0	0	20013	20016
TP1_synth_reverse		31	C	498	882970	71	37	0	72	75	883723	1	20011	4	0	0	0	0	20016
TP1_synth_reverse		32	T	520	94	67	48	0	350	882642	883721	0	0	4	0	0	0	20012	20016
TP1_synth_reverse		33	C	492	882796	68	48	0	137	176	883717	3	20006	4	0	0	0	3	20016
TP1_synth_reverse		34	T	620	163	100	100	0	103	882629	883715	0	1	5	2	0	0	20008	20016
TP1_synth_reverse		35	T	1409	117	18	59	0	87	882011	883701	0	0	2	0	0	0	20014	20016
TP1_synth_reverse		36	C	613	882900	24	20	0	57	92	883706	1	20014	2	0	0	0	0	20017
TP1_synth_reverse		37	C	742	882693	5	49	0	70	139	883698	2	20013	0	0	0	0	2	20017
TP1_synth_reverse		38	T	647	73	7	261	1	31	882671	883691	1	0	0	0	0	0	20016	20017
TP1_synth_reverse		39	C	383	883087	2	51	0	61	104	883688	1	20015	0	0	0	0	1	20017
TP1_synth_reverse		40	T	1277	529	10	35	0	171	881664	883686	3	4	0	0	0	0	20010	20017
TP1_synth_reverse		41	G	731	544	9	881860	0	28	515	883687	2	0	0	20008	0	0	7	20017
TP1_synth_reverse		42	T	2153	185	199	258	0	76	880813	883684	0	3	3	2	0	0	20009	20017
TP1_synth_reverse		43	G	411	417	7	881804	0	450	599	883688	0	0	0	20013	0	0	5	20018
TP1_synth_reverse		44	C	1309	880602	5	59	0	188	1538	883701	12	19986	0	0	0	0	21	20019
TP1_synth_reverse		45	G	606	298	1	881030	1	77	1686	883699	9	0	0	20000	0	0	10	20019
TP1_synth_reverse		46	C	1112	881847	8	42	0	6	683	883698	5	20008	0	0	0	0	6	20019
TP1_synth_reverse		47	C	473	882761	2	39	0	32	389	883696	3	20014	0	0	0	0	2	20019
TP1_synth_reverse		48	G	391	615	8	881235	0	42	1398	883689	5	0	0	20007	0	0	8	20020
TP1_synth_reverse		49	A	883233	33	3	93	0	210	131	883703	20020	0	0	0	0	0	0	20020
TP1_synth_reverse		50	T	880	84	2	133	0	131	882466	883696	0	0	0	0	0	0	20020	20020
TP1_synth_reverse		51	A	883253	47	3	122	0	117	151	883693	20019	0	0	1	0	0	0	20020
TP1_synth_reverse		52	C	505	882499	2	138	0	266	280	883690	1	20014	0	0	0	0	5	20020
TP1_synth_reverse		53	A	882984	30	5	217	0	304	166	883706	20019	0	0	1	0	0	1	20021
TP1_synth_reverse		54	G	123	190	9	882657	1	92	628	883700	0	0	0	20016	0	0	5	20021
TP1_synth_reverse		55	A	883343	83	11	95	1	110	95	883738	20022	0	0	0	0	0	0	20022
TP1_synth_reverse		56	A	883318	16	0	176	0	98	128	883736	20022	0	0	0	0	0	0	20022
TP1_synth_reverse		57	T	1506	151	4	206	0	229	881613	883709	0	1	0	0	0	0	20021	20022
TP1_synth_reverse		58	A	883214	16	0	84	0	289	133	883736	20023	0	0	0	0	0	0	20023
TP1_synth_reverse		59	T	897	56	5	98	0	395	882265	883716	0	0	0	0	0	0	20023	20023
TP1_synth_reverse		60	C	790	882371	127	77	0	249	85	883699	1	20021	1	0	0	0	0	20023
TP1_synth_reverse		61	T	1119	100	126	42	0	228	882077	883692	0	0	1	0	0	0	20022	20023
TP1_synth_reverse		62	G	350	211	125	882021	0	323	655	883685	0	0	1	20009	0	0	13	20023
TP1_synth_reverse		63	T	2001	65	167	32	0	179	881237	883681	0	0	5	0	0	0	20018	20023
TP1_synth_reverse		64	T	1734	83	127	22	0	32	881680	883678	0	1	1	0	0	0	20021	20023
TP1_synth_reverse		65	C	1390	881371	339	216	0	144	208	883668	7	20007	3	3	0	0	3	20023
TP1_synth_reverse		66	G	1057	313	139	880360	0	50	1743	883662	6	0	1	19984	0	0	32	20023
TP1_synth_reverse		67	C	953	882158	10	44	0	229	265	883659	2	20018	0	0	0	0	3	20023
TP1_synth_reverse		68	A	883087	201	47	165	0	93	81	883674	20023	0	1	0	0	0	0	20024
TP1_synth_reverse		69	C	492	882997	1	41	0	53	87	883671	2	20021	0	0	0	0	1	20024
TP1_synth_reverse		70	T	999	422	0	42	0	107	882104	883674	0	3	0	0	0	0	20022	20025
TP1_synth_reverse		71	C	375	882783	29	21	0	359	107	883674	1	20024	0	0	0	0	0	20025
TP1_synth_reverse		72	C	895	882186	6	139	0	117	324	883667	2	20016	0	1	0	0	6	20025
TP1_synth_reverse		73	G	342	433	18	882203	0	336	330	883662	2	0	0	20023	0	0	0	20025
TP1_synth_reverse		74	A	883245	26	5	202	0	137	45	883660	20021	0	0	3	0	0	1	20025
TP1_synth_reverse		75	G	116	368	21	881447	0	52	1641	883645	0	0	1	19998	0	0	26	20025
TP1_synth_reverse		76	T	864	113	28	59	0	58	882516	883638	0	0	1	0	0	0	20024	20025
TP1_synth_reverse		77	G	253	297	64	882342	0	60	603	883619	3	0	4	20013	0	0	5	20025
TP1_synth_reverse		78	C	596	880830	107	46	0	550	1483	883612	1	20001	4	0	0	0	19	20025
TP1_synth_reverse		79	G	493	506	9	874261	0	143	8192	883604	8	0	0	19846	0	1	170	20025
TP1_synth_reverse		80	G	478	269	4	876994	0	141	5708	883594	3	2	0	19948	0	0	72	20025
TP1_synth_reverse		81	C	436	882793	14	83	0	102	155	883583	3	20022	0	0	0	0	0	20025
TP1_synth_reverse		82	A	882968	42	93	173	0	68	127	883471	20025	0	0	0	0	0	0	20025
TP1_synth_reverse		83	A	882927	75	11	91	0	252	114	883470	20023	2	0	0	0	0	0	20025
TP1_synth_reverse		84	A	882882	42	0	154	73	241	50	883442	20025	0	0	0	0	0	0	20025
TP1_synth_reverse		85	G	404	367	126	882191	10	107	171	883376	2	1	1	20019	2	0	0	20025
TP1_synth_reverse		86	C	875	882055	0	193	24	69	119	883335	3	20017	0	4	1	0	0	20025
TP1_synth_reverse		87	T	962	85	167	25	93	313	881627	883272	0	0	0	0	0	0	20025	20025
TP1_synth_reverse		88	G	326	416	3	882075	75	146	195	883236	3	0	0	20020	2	0	0	20025
TP1_synth_reverse		89	T	641	112	267	20	0	40	882117	883197	0	0	3	0	0	0	20022	20025
TP1_synth_reverse		90	T	578	119	4	89	1	78	881959	882828	0	0	0	1	0	0	20023	20024
TP1_synth_reverse		91	C	504	881752	0	54	0	305	130	882745	0	20022	0	0	0	0	2	20024
TP1_synth_reverse		92	C	475	881174	0	51	0	443	215	882358	3	20018	0	0	0	0	0	20021
TP1_synth_reverse		93	G	277	289	0	880530	0	146	161	881403	1	0	0	20011	0	0	1	20013
TP1_synth_reverse		94	T	482	115	0	63	0	64	880301	881025	0	0	0	1	0	0	20011	20012
TP1_synth_reverse		95	C	0	880417	0	0	0	169	0	880586	0	20008	0	0	0	0	0	20008
TP1_synth_reverse		96	C	0	879287	0	0	0	114	0	879401	0	20002	0	0	0	0	0	20002
TP1_synth_reverse		97	C	0	877993	0	0	0	167	0	878160	0	20001	0	0	0	0	0	20001
TP1_synth_reverse		98	A	874601	0	0	0	0	0	0	874601	19982	0	0	0	0	0	0	19982
TP1_synth_reverse		99	G	0	0	0	872918	0	0	0	872918	0	0	0	19977	0	0	0	19977
