



























































































































































































































#AmpliconChromStart	Alias	Position	ProbableRef	rawA	rawC	rawD	rawG	rawI	rawN	rawT	rawDepth	consA	consC	consD	consG	consI	consN	consT	consDepth	
TP1_synth_reverse		1	G	0	0	0	990484	0	0	0	990484	0	0	0	77197	0	0	0	77197
TP1_synth_reverse		2	T	0	0	0	0	0	0	992974	992974	0	0	0	0	0	0	77788	77788
TP1_synth_reverse		3	G	0	0	0	995899	0	95	0	995994	0	0	0	78390	0	35	0	78425
TP1_synth_reverse		4	G	0	0	0	996807	0	68	0	996875	0	0	0	78834	0	29	0	78863
TP1_synth_reverse		5	T	0	0	0	0	0	18	997944	997962	0	0	0	0	0	10	79189	79199
TP1_synth_reverse		6	G	106	85	0	998126	0	10	153	998480	4	10	0	79593	0	4	37	79648
TP1_synth_reverse		7	A	998573	20	0	127	0	61	143	998924	79685	5	0	6	0	17	9	79722
TP1_synth_reverse		8	G	114	91	0	999245	0	119	123	999692	8	16	0	79696	0	32	29	79781
TP1_synth_reverse		9	G	122	177	0	999458	87	32	153	1000029	14	42	0	79749	2	5	22	79834
TP1_synth_reverse		10	C	267	999431	103	28	2	40	158	1000029	61	79757	4	1	1	2	8	79834
TP1_synth_reverse		11	T	229	150	238	12	369	34	999021	1000053	48	10	8	1	24	3	79759	79853
TP1_synth_reverse		12	C	350	996757	2700	26	1	66	165	1000065	70	79661	102	0	0	17	11	79861
TP1_synth_reverse		13	C	485	999121	201	27	1	111	173	1000119	74	79740	6	2	0	47	9	79878
TP1_synth_reverse		14	C	455	999343	85	29	0	36	171	1000119	63	79785	4	1	0	14	11	79878
TP1_synth_reverse		15	C	312	999179	342	43	20	80	143	1000119	78	79715	26	4	7	37	11	79878
TP1_synth_reverse		16	T	415	93	2949	20	0	227	996415	1000119	109	5	197	1	0	63	79503	79878
TP1_synth_reverse		17	T	372	129	259	11	0	60	999288	1000119	91	12	24	1	0	28	79722	79878
TP1_synth_reverse		18	T	380	163	260	10	172	81	999053	1000119	97	5	24	1	11	13	79727	79878
TP1_synth_reverse		19	C	410	998798	919	15	44	79	113	1000378	169	79659	68	0	7	14	7	79924
TP1_synth_reverse		20	T	260	132	1134	19	1	38	998794	1000378	65	7	114	5	1	10	79722	79924
TP1_synth_reverse		21	T	578	218	130	179	586	120	998567	1000378	214	11	13	15	50	8	79613	79924
TP1_synth_reverse		22	G	146	519	1109	997851	292	32	429	1000378	9	185	82	79570	10	1	67	79924
TP1_synth_reverse		23	C	648	997171	1175	50	745	29	560	1000378	157	79577	89	8	65	3	25	79924
TP1_synth_reverse		24	G	239	196	1181	997833	1	54	874	1000378	16	61	77	79629	1	20	120	79924
TP1_synth_reverse		25	G	142	761	776	997931	81	150	537	1000378	24	194	53	79518	12	38	85	79924
TP1_synth_reverse		26	A	997639	19	2295	196	12	45	172	1000378	79746	2	131	14	3	17	11	79924
TP1_synth_reverse		27	G	83	859	1751	996521	610	35	519	1000378	4	185	120	79442	35	21	117	79924
TP1_synth_reverse		28	A	998269	45	1265	116	522	49	112	1000378	79766	6	91	9	24	20	8	79924
TP1_synth_reverse		29	T	322	109	1825	169	1	165	997971	1000562	76	9	122	15	0	45	79673	79940
TP1_synth_reverse		30	T	1127	135	2004	70	5	153	997068	1000562	363	12	115	10	3	30	79407	79940
TP1_synth_reverse		31	C	598	996101	2556	118	415	93	371	1000252	200	79467	164	9	17	42	16	79915
TP1_synth_reverse		32	T	685	107	2741	67	4	394	995894	999892	146	6	187	12	3	32	79490	79876
TP1_synth_reverse		33	C	605	995412	2629	53	602	161	92	999554	213	79394	182	3	26	33	7	79858
TP1_synth_reverse		34	T	817	178	2625	130	2	105	994941	998798	208	13	176	16	1	10	79411	79835
TP1_synth_reverse		35	T	1692	113	1535	67	10	108	995255	998780	531	5	111	8	4	33	79135	79827
TP1_synth_reverse		36	C	648	995942	1924	26	2	75	100	998717	154	79489	146	3	0	19	3	79814
TP1_synth_reverse		37	C	707	995712	1882	67	27	83	222	998700	175	79489	115	2	2	10	12	79805
TP1_synth_reverse		38	T	870	100	2201	264	241	36	994874	998586	247	7	132	26	20	19	79333	79784
TP1_synth_reverse		39	C	486	996145	1810	56	74	94	101	998766	126	79519	120	4	5	14	3	79791
TP1_synth_reverse		40	T	1551	116	2029	36	544	185	993935	998396	350	7	148	4	28	29	79198	79764
TP1_synth_reverse		41	G	791	686	1987	994448	26	41	403	998382	171	207	151	79094	10	4	119	79756
TP1_synth_reverse		42	T	2513	319	2834	23	303	71	992206	998269	647	10	152	1	19	9	78920	79758
TP1_synth_reverse		43	G	531	551	3252	992453	4	451	806	998048	115	162	196	79062	1	65	136	79737
TP1_synth_reverse		44	C	642	992815	3379	72	95	192	1036	998231	154	79253	212	10	19	41	66	79755
TP1_synth_reverse		45	G	464	384	3282	991538	314	70	2001	998053	26	127	200	78983	20	32	342	79730
TP1_synth_reverse		46	C	919	993697	2816	476	0	11	132	998051	338	79148	190	37	0	4	11	79728
TP1_synth_reverse		47	C	381	993673	3155	55	257	24	446	997991	96	79392	175	6	13	11	15	79708
TP1_synth_reverse		48	G	394	843	4247	991152	115	54	1210	998015	25	303	234	78837	11	20	259	79689
TP1_synth_reverse		49	A	994176	43	3280	103	20	233	153	998008	79639	4	196	7	1	22	11	79880
TP1_synth_reverse		50	T	1136	96	2447	159	66	163	993913	997980	260	4	154	29	10	43	79355	79855
TP1_synth_reverse		51	A	995316	56	2359	127	22	121	152	998153	79649	10	179	2	3	30	7	79880
TP1_synth_reverse		52	C	622	993309	2943	324	340	335	242	998115	189	79380	181	41	24	26	22	79863
TP1_synth_reverse		53	A	994079	37	2798	231	356	365	158	998024	79572	6	184	19	23	47	11	79862
TP1_synth_reverse		54	G	188	308	1893	995001	8	103	303	997804	37	68	128	79491	4	27	74	79829
TP1_synth_reverse		55	A	994162	152	3083	199	0	157	99	997852	79569	23	211	12	0	15	5	79835
TP1_synth_reverse		56	A	994948	14	2233	188	0	95	142	997620	79658	3	131	15	0	14	5	79826
TP1_synth_reverse		57	T	2011	65	2586	264	138	246	992380	997690	416	6	163	21	6	34	79157	79803
TP1_synth_reverse		58	A	994134	11	2854	104	0	318	273	997694	79440	1	172	7	0	164	17	79801
TP1_synth_reverse		59	T	1089	79	3453	121	60	453	992805	998060	242	4	213	13	6	86	79226	79790
TP1_synth_reverse		60	C	1041	994635	2229	108	3	323	74	998413	285	79300	159	8	2	44	1	79799
TP1_synth_reverse		61	T	1464	170	1340	132	76	239	995028	998449	340	11	102	26	9	59	79246	79793
TP1_synth_reverse		62	G	488	301	1115	995597	16	348	557	998422	78	57	96	79154	6	174	210	79775
TP1_synth_reverse		63	T	2348	90	1182	42	0	167	995170	998999	621	4	92	6	0	63	79021	79807
TP1_synth_reverse		64	T	2120	89	1046	52	0	65	996269	999641	423	5	71	5	0	11	79331	79846
TP1_synth_reverse		65	C	1389	993843	3525	48	487	173	162	999627	284	79278	218	1	32	16	9	79838
TP1_synth_reverse		66	G	387	441	1839	996399	10	77	440	999593	78	143	143	79299	7	21	125	79816
TP1_synth_reverse		67	C	1003	996532	1881	83	13	225	105	999842	336	79334	113	6	3	26	5	79823
TP1_synth_reverse		68	A	998086	273	1171	175	7	115	80	999907	79646	41	108	8	1	21	9	79834
TP1_synth_reverse		69	C	378	997548	1624	44	126	88	245	1000053	98	79615	85	6	3	7	13	79827
TP1_synth_reverse		70	T	1520	139	1285	58	16	124	997223	1000365	330	8	68	4	3	28	79374	79815
TP1_synth_reverse		71	C	451	997505	1808	64	1	358	170	1000357	99	79483	131	3	1	80	14	79811
TP1_synth_reverse		72	C	889	997834	1204	60	4	137	202	1000330	260	79431	50	6	1	48	6	79802
TP1_synth_reverse		73	G	251	672	3139	995555	1	343	348	1000309	27	166	160	79180	1	197	57	79788
TP1_synth_reverse		74	A	996141	52	2727	847	312	141	66	1000286	79500	7	158	27	15	56	15	79778
TP1_synth_reverse		75	G	331	439	1840	997237	1	90	324	1000262	16	112	98	79448	0	29	58	79761
TP1_synth_reverse		76	T	1130	119	1665	59	386	76	996801	1000236	348	11	83	9	19	4	79267	79741
TP1_synth_reverse		77	G	111	388	1752	997656	3	61	242	1000213	16	112	97	79436	2	4	56	79723
TP1_synth_reverse		78	C	548	995874	2052	36	36	544	1115	1000205	107	79346	103	4	9	84	67	79720
TP1_synth_reverse		79	G	374	722	407	998027	0	172	491	1000193	30	313	51	79191	0	18	113	79716
TP1_synth_reverse		80	G	515	286	242	998500	3	158	453	1000157	40	86	25	79431	1	37	78	79698
TP1_synth_reverse		81	C	473	996912	2103	268	86	104	174	1000120	84	79410	122	9	17	17	14	79673
TP1_synth_reverse		82	A	996509	227	2735	196	0	96	140	999903	79275	13	141	10	0	18	8	79465
TP1_synth_reverse		83	A	999371	54	6	104	0	248	116	999899	79398	8	0	5	0	50	3	79464
TP1_synth_reverse		84	A	999112	61	0	241	93	259	72	999838	79371	9	0	12	17	41	4	79454
TP1_synth_reverse		85	G	164	362	221	998414	189	147	210	999707	32	96	16	79147	14	44	41	79390
TP1_synth_reverse		86	C	696	998583	28	93	0	82	169	999651	139	79194	5	11	0	11	10	79370
TP1_synth_reverse		87	T	1372	116	47	31	14	352	997631	999563	296	5	6	3	2	38	78979	79329
TP1_synth_reverse		88	G	319	454	4	998142	111	188	280	999498	29	52	2	79097	10	33	78	79301
TP1_synth_reverse		89	T	734	126	340	21	0	58	998180	999459	104	4	24	2	0	18	79138	79290
TP1_synth_reverse		90	T	721	139	0	19	1	93	998206	999179	126	6	0	4	0	6	79104	79246
TP1_synth_reverse		91	C	695	997756	0	86	2	332	112	998983	111	79049	0	5	0	33	9	79207
TP1_synth_reverse		92	C	443	997132	0	168	0	424	259	998426	55	79007	0	5	0	76	14	79157
TP1_synth_reverse		93	G	411	474	0	995617	0	205	187	996894	26	120	0	78797	0	48	45	79036
TP1_synth_reverse		94	T	597	130	0	56	0	86	995414	996283	84	9	0	3	0	15	78881	78992
TP1_synth_reverse		95	C	0	995515	0	0	0	193	0	995708	0	78903	0	0	0	17	0	78920
TP1_synth_reverse		96	C	0	994583	0	0	0	104	0	994687	0	78783	0	0	0	26	0	78809
TP1_synth_reverse		97	C	0	992891	0	0	1	178	0	993070	0	78597	0	0	0	56	0	78653
TP1_synth_reverse		98	A	989391	0	0	0	0	0	0	989391	78427	0	0	0	0	0	0	78427
TP1_synth_reverse		99	G	0	0	0	987247	1	0	0	987248	0	0	0	78175	0	0	0	78175
