#AmpliconChromStart	Alias	Position	ProbableRef	rawA	rawC	rawD	rawG	rawI	rawN	rawT	rawDepth	consA	consC	consD	consG	consI	consN	consT	consDepth
TP1_spike		51	C	0	59641	0	0	0	0	0	59641	0	1981	0	0	0	0	0	1981
TP1_spike		52	T	0	0	0	0	0	0	59683	59683	0	0	0	0	0	0	1981	1981
TP1_spike		53	T	0	0	0	0	0	2	59731	59733	0	0	0	0	0	0	1981	1981
TP1_spike		54	G	0	0	0	59818	0	0	0	59818	0	0	0	1981	0	0	0	1981
TP1_spike		55	C	0	59884	0	0	0	0	0	59884	0	1981	0	0	0	0	0	1981
TP1_spike		56	G	28	45	0	59857	0	3	27	59960	0	0	0	1981	0	0	0	1981
TP1_spike		57	G	9	90	0	59852	0	6	17	59974	0	0	0	1981	0	0	0	1981
TP1_spike		58	A	59998	0	0	4	0	0	11	60013	1981	0	0	0	0	0	0	1981
TP1_spike		59	G	1	18	0	59977	0	6	11	60013	0	0	0	1981	0	0	0	1981
TP1_spike		60	A	59985	6	0	8	0	13	10	60022	1981	0	0	0	0	0	0	1981
TP1_spike		61	T	26	6	0	4	0	10	59976	60022	0	0	0	0	0	0	1981	1981
TP1_spike		62	T	72	4	0	0	0	13	59937	60026	0	0	0	0	0	0	1981	1981
TP1_spike		63	C	64	59945	0	2	0	10	5	60026	0	1981	0	0	0	0	0	1981
TP1_spike		64	T	46	8	0	4	0	1	59967	60026	0	0	0	0	0	0	1981	1981
TP1_spike		65	C	57	59946	0	5	0	14	4	60026	0	1981	0	0	0	0	0	1981
TP1_spike		66	T	179	7	2	5	0	2	59833	60028	0	0	0	0	0	0	1981	1981
TP1_spike		67	T	64	12	0	1	0	3	59955	60035	0	0	0	0	0	0	1981	1981
TP1_spike		68	C	94	59935	0	4	0	0	2	60035	0	1981	0	0	0	0	0	1981
TP1_spike		69	C	70	59950	2	1	0	2	10	60035	0	1981	0	0	0	0	0	1981
TP1_spike		70	T	37	8	2	1	0	4	59983	60035	0	0	0	0	0	0	1981	1981
TP1_spike		71	C	41	59993	0	1	0	0	3	60038	0	1981	0	0	0	0	0	1981
TP1_spike		72	T	80	6	0	3	0	12	59937	60038	0	0	0	0	0	0	1981	1981
TP1_spike		73	G	17	67	0	59930	0	2	22	60038	0	0	0	1981	0	0	0	1981
TP1_spike		74	T	117	8	0	1	0	1	59915	60042	0	0	0	0	0	0	1981	1981
TP1_spike		75	G	14	60	1	59932	0	17	18	60042	0	0	0	1981	0	0	0	1981
TP1_spike		76	C	102	59894	2	4	0	7	33	60042	0	1981	0	0	0	0	0	1981
TP1_spike		77	G	12	33	0	59943	0	10	44	60042	0	0	0	1981	0	0	0	1981
TP1_spike		78	C	81	59898	0	4	0	15	44	60042	0	1981	0	0	0	0	0	1981
TP1_spike		79	C	48	59955	1	6	0	13	19	60042	0	1981	0	0	0	0	0	1981
TP1_spike		80	G	14	34	2	59956	0	1	36	60043	0	0	0	1981	0	0	0	1981
TP1_spike		81	G	13	67	1	59926	0	6	32	60045	0	0	0	1981	0	0	0	1981
TP1_spike		82	T	130	3	2	7	0	2	59901	60045	0	0	0	0	0	0	1981	1981
TP1_spike		83	C	82	59952	1	2	0	4	4	60045	0	1981	0	0	0	0	0	1981
TP1_spike		84	T	108	5	0	0	0	2	59930	60045	0	0	0	0	0	0	1981	1981
TP1_spike		85	C	26	60005	0	1	0	12	2	60046	0	1981	0	0	0	0	0	1981
TP1_spike		86	T	44	5	2	1	0	0	59994	60046	0	0	0	0	0	0	1981	1981
TP1_spike		87	C	49	59970	16	4	0	0	7	60046	0	1981	0	0	0	0	0	1981
TP1_spike		88	C	114	59905	2	6	0	8	11	60046	0	1981	0	0	0	0	0	1981
TP1_spike		89	C	49	59971	0	4	0	14	8	60046	0	1981	0	0	0	0	0	1981
TP1_spike		90	A	60010	18	0	9	0	4	8	60049	1981	0	0	0	0	0	0	1981
TP1_spike		91	G	15	28	3	59942	0	0	61	60049	0	0	0	1981	0	0	0	1981
TP1_spike		92	G	5	93	0	59920	0	1	30	60049	0	0	0	1981	0	0	0	1981
TP1_spike		93	A	60010	17	1	9	0	5	10	60052	1981	0	0	0	0	0	0	1981
TP1_spike		94	C	17	60023	0	4	0	2	6	60052	0	1981	0	0	0	0	0	1981
TP1_spike		95	A	60014	6	0	16	0	10	6	60052	1981	0	0	0	0	0	0	1981
TP1_spike		96	G	15	35	1	59923	0	2	76	60052	0	0	0	1981	0	0	0	1981
TP1_spike		97	G	6	166	0	59769	0	10	101	60052	0	0	0	1981	0	0	0	1981
TP1_spike		98	C	85	59927	2	3	0	8	26	60051	1	1979	0	0	0	0	1	1981
TP1_spike		99	A	59980	14	0	24	0	13	20	60051	1981	0	0	0	0	0	0	1981
TP1_spike		100	C	26	59987	0	1	0	24	13	60051	0	1981	0	0	0	0	0	1981
TP1_spike		101	A	60010	18	9	4	0	4	6	60051	1981	0	0	0	0	0	0	1981
TP1_spike		102	A	60026	13	0	6	0	2	4	60051	1981	0	0	0	0	0	0	1981
TP1_spike		103	A	60007	21	0	9	0	0	12	60049	1981	0	0	0	0	0	0	1981
TP1_spike		104	C	27	59996	0	4	0	16	5	60048	0	1981	0	0	0	0	0	1981
TP1_spike		105	A	60000	32	0	4	0	9	2	60047	1981	0	0	0	0	0	0	1981
TP1_spike		106	C	28	59988	0	1	0	22	8	60047	0	1981	0	0	0	0	0	1981
TP1_spike		107	G	15	38	0	59967	0	3	24	60047	0	0	0	1981	0	0	0	1981
TP1_spike		108	C	56	59960	0	2	0	20	5	60043	0	1981	0	0	0	0	0	1981
TP1_spike		109	A	59905	97	1	24	0	7	7	60041	1981	0	0	0	0	0	0	1981
TP1_spike		110	C	29	59995	0	9	0	0	8	60041	0	1981	0	0	0	0	0	1981
TP1_spike		111	C	89	59928	0	9	0	9	5	60040	0	1981	0	0	0	0	0	1981
TP1_spike		112	T	195	7	1	15	0	0	59820	60038	0	0	0	0	0	0	1981	1981
TP1_spike		113	C	53	59975	0	4	0	0	4	60036	0	1981	0	0	0	0	0	1981
TP1_spike		114	A	59992	8	5	14	0	14	2	60035	1981	0	0	0	0	0	0	1981
TP1_spike		115	A	59982	9	1	9	0	28	6	60035	1981	0	0	0	0	0	0	1981
TP1_spike		116	A	60001	20	0	9	0	1	4	60035	1981	0	0	0	0	0	0	1981
TP1_spike		117	G	6	94	0	59902	0	3	20	60025	0	0	0	1981	0	0	0	1981
TP1_spike		118	C	63	59930	0	7	0	13	6	60019	0	1981	0	0	0	0	0	1981
TP1_spike		119	T	95	8	0	8	0	16	59877	60004	0	0	0	0	0	0	1981	1981
TP1_spike		120	G	6	28	0	59941	6	13	8	60002	0	0	0	1981	0	0	0	1981
TP1_spike		121	T	90	10	41	13	0	14	59825	59993	0	0	1	0	0	0	1980	1981
TP1_spike		122	T	66	7	0	14	8	2	59887	59984	0	0	0	0	0	0	1981	1981
TP1_spike		123	C	60	59861	26	8	0	8	8	59971	0	1980	1	0	0	0	0	1981
TP1_spike		124	C	54	59888	0	7	0	4	10	59963	0	1981	0	0	0	0	0	1981
TP1_spike		125	G	17	25	0	59891	0	7	14	59954	0	0	0	1981	0	0	0	1981
TP1_spike		126	T	119	10	0	13	0	6	59776	59924	0	0	0	0	0	0	1981	1981
TP1_spike		127	C	21	59887	0	3	0	0	4	59915	0	1981	0	0	0	0	0	1981
TP1_spike		128	C	0	59854	0	0	0	3	0	59857	0	1981	0	0	0	0	0	1981
TP1_spike		129	C	0	59735	0	0	0	12	0	59747	0	1981	0	0	0	0	0	1981
TP1_spike		130	A	59548	0	0	0	0	14	0	59562	1978	0	0	0	0	0	0	1978
TP1_spike		131	G	0	0	0	59495	0	0	0	59495	0	0	0	1978	0	0	0	1978
TP1_spike		132	T	0	0	0	0	0	0	59349	59349	0	0	0	0	0	0	1976	1976
