



























































































































































































































#AmpliconChromStart	Alias	Position	ProbableRef	rawA	rawC	rawD	rawG	rawI	rawN	rawT	rawDepth	consA	consC	consD	consG	consI	consN	consT	consDepth	
TP1_synth_reverse		1	G	0	0	0	959520	0	0	0	959520	0	0	0	6216	0	0	0	6216
TP1_synth_reverse		2	T	0	0	0	0	0	0	960806	960806	0	0	0	0	0	0	6240	6240
TP1_synth_reverse		3	G	0	0	0	966733	0	122	0	966855	0	0	0	6278	0	0	0	6278
TP1_synth_reverse		4	G	0	0	0	968782	0	58	0	968840	0	0	0	6297	0	0	0	6297
TP1_synth_reverse		5	T	0	0	0	0	0	20	969163	969183	0	0	0	0	0	0	6306	6306
TP1_synth_reverse		6	G	127	85	0	967907	0	9	1506	969634	0	0	0	6311	0	0	3	6314
TP1_synth_reverse		7	A	969309	22	0	132	0	91	148	969702	6316	0	0	0	0	0	0	6316
TP1_synth_reverse		8	G	106	89	0	969318	0	121	109	969743	0	0	0	6315	0	1	2	6318
TP1_synth_reverse		9	G	105	159	0	970163	0	28	117	970572	0	0	0	6321	0	0	0	6321
TP1_synth_reverse		10	C	271	970141	2	31	0	41	119	970605	1	6321	0	0	0	0	0	6322
TP1_synth_reverse		11	T	196	146	543	16	20	28	969673	970622	0	0	1	0	0	0	6321	6322
TP1_synth_reverse		12	C	305	969833	186	29	0	100	187	970640	0	6324	0	0	0	0	0	6324
TP1_synth_reverse		13	C	461	969905	3	25	0	126	120	970640	0	6324	0	0	0	0	0	6324
TP1_synth_reverse		14	C	441	970013	0	23	0	48	115	970640	0	6324	0	0	0	0	0	6324
TP1_synth_reverse		15	C	317	970119	0	35	2	79	105	970657	0	6325	0	0	0	0	0	6325
TP1_synth_reverse		16	T	365	80	4065	18	0	232	965912	970672	1	0	16	0	0	0	6309	6326
TP1_synth_reverse		17	T	369	125	21	7	0	75	970086	970683	0	0	2	0	0	0	6325	6327
TP1_synth_reverse		18	T	357	131	21	13	0	72	970089	970683	0	0	2	0	0	0	6325	6327
TP1_synth_reverse		19	C	381	970069	107	18	0	68	101	970744	0	6323	5	0	0	0	0	6328
TP1_synth_reverse		20	T	267	91	73	20	0	27	970266	970744	0	0	1	0	0	0	6327	6328
TP1_synth_reverse		21	T	571	195	56	56	2	138	969726	970744	0	1	1	0	0	0	6326	6328
TP1_synth_reverse		22	G	618	466	137	969238	0	20	272	970751	5	0	2	6320	0	0	2	6329
TP1_synth_reverse		23	C	564	968235	1633	51	3	25	245	970756	0	6326	3	0	0	0	0	6329
TP1_synth_reverse		24	G	269	181	693	968855	0	50	708	970756	1	0	6	6322	0	0	0	6329
TP1_synth_reverse		25	G	141	703	5	969447	0	137	335	970768	0	0	0	6330	0	0	0	6330
TP1_synth_reverse		26	A	968840	19	1401	192	132	47	167	970798	6326	0	4	0	1	0	0	6331
TP1_synth_reverse		27	G	922	875	1172	967406	154	17	252	970798	2	0	2	6322	5	0	0	6331
TP1_synth_reverse		28	A	970353	55	55	91	65	43	136	970798	6326	0	3	0	2	0	0	6331
TP1_synth_reverse		29	T	302	102	3308	174	0	155	966757	970798	0	0	15	0	0	0	6316	6331
TP1_synth_reverse		30	T	1113	133	51	73	1	133	969301	970805	0	0	3	0	0	0	6328	6331
TP1_synth_reverse		31	C	495	969866	139	38	0	85	176	970799	0	6322	8	0	0	0	1	6331
TP1_synth_reverse		32	T	666	87	108	50	0	406	969480	970797	0	0	5	0	0	0	6326	6331
TP1_synth_reverse		33	C	406	968117	1996	44	3	143	81	970790	0	6322	9	0	0	0	0	6331
TP1_synth_reverse		34	T	741	158	782	79	5	101	968927	970793	0	1	2	0	0	0	6328	6331
TP1_synth_reverse		35	T	1642	144	416	78	1632	101	966763	970776	0	0	1	0	5	1	6324	6331
TP1_synth_reverse		36	C	536	968730	1310	45	4	59	95	970779	0	6315	17	0	0	0	0	6332
TP1_synth_reverse		37	C	567	969689	243	63	7	90	112	970771	0	6328	4	0	0	0	0	6332
TP1_synth_reverse		38	T	756	90	251	265	0	34	969365	970761	0	0	4	0	0	0	6328	6332
TP1_synth_reverse		39	C	408	968277	1870	34	0	75	91	970755	1	6308	23	0	0	0	0	6332
TP1_synth_reverse		40	T	1367	114	38	24	1	192	969016	970752	0	0	0	0	0	0	6332	6332
TP1_synth_reverse		41	G	548	605	2219	967011	0	27	333	970743	0	0	9	6322	0	0	1	6332
TP1_synth_reverse		42	T	2355	104	272	34	1	74	967900	970740	0	0	8	0	0	0	6324	6332
TP1_synth_reverse		43	G	1082	493	30	968363	1	442	364	970775	2	0	0	6330	0	1	0	6333
TP1_synth_reverse		44	C	527	968814	705	63	91	182	410	970792	0	6323	5	0	4	1	1	6334
TP1_synth_reverse		45	G	1626	314	29	967310	0	82	1421	970782	12	0	0	6322	0	0	0	6334
TP1_synth_reverse		46	C	798	966524	3312	34	0	23	98	970789	0	6324	11	0	0	0	0	6335
TP1_synth_reverse		47	C	376	969900	27	43	2	39	411	970798	0	6334	0	0	0	0	1	6335
TP1_synth_reverse		48	G	246	677	266	968470	1443	53	1079	972234	3	0	4	6328	3	0	0	6338
TP1_synth_reverse		49	A	969916	45	1812	110	0	234	135	972252	6328	0	12	0	0	0	0	6340
TP1_synth_reverse		50	T	1061	94	9	197	0	115	970762	972238	0	0	0	0	0	1	6339	6340
TP1_synth_reverse		51	A	970860	53	934	137	0	129	135	972248	6337	0	4	0	0	0	0	6341
TP1_synth_reverse		52	C	567	971105	4	114	0	323	132	972245	0	6340	0	0	0	1	0	6341
TP1_synth_reverse		53	A	971399	39	6	212	98	353	146	972253	6339	0	0	0	3	0	0	6342
TP1_synth_reverse		54	G	523	255	11	970876	3	93	487	972248	3	1	0	6335	0	0	3	6342
TP1_synth_reverse		55	A	971664	115	119	138	0	135	94	972265	6342	0	1	0	0	0	0	6343
TP1_synth_reverse		56	A	971365	10	442	199	2	95	150	972263	6339	0	4	0	0	0	0	6343
TP1_synth_reverse		57	T	1782	73	666	257	0	251	969204	972233	0	0	11	0	0	1	6331	6343
TP1_synth_reverse		58	A	971560	21	86	91	0	303	172	972233	6339	0	2	0	0	0	2	6343
TP1_synth_reverse		59	T	949	61	4	123	1	452	970623	972213	0	0	0	0	0	1	6342	6343
TP1_synth_reverse		60	C	807	970511	469	83	1	270	55	972196	0	6341	2	0	0	0	0	6343
TP1_synth_reverse		61	T	1346	88	3	56	0	220	970476	972189	0	0	0	0	0	1	6342	6343
TP1_synth_reverse		62	G	389	261	308	969055	24	343	1798	972178	0	0	5	6333	2	0	3	6343
TP1_synth_reverse		63	T	2289	87	51	24	18	192	969573	972234	0	0	4	0	0	0	6347	6351
TP1_synth_reverse		64	T	2098	70	157	30	22	51	969241	971669	0	0	1	0	1	0	6345	6347
TP1_synth_reverse		65	C	1151	969585	458	40	96	177	155	971662	0	6341	3	0	3	0	0	6347
TP1_synth_reverse		66	G	557	402	628	969651	0	63	356	971657	4	0	7	6336	0	0	0	6347
TP1_synth_reverse		67	C	934	970188	161	33	1	226	112	971655	0	6346	1	0	0	0	0	6347
TP1_synth_reverse		68	A	970723	238	309	179	0	103	99	971651	6344	0	3	0	0	0	0	6347
TP1_synth_reverse		69	C	313	969241	2189	61	0	64	87	971955	0	6340	8	0	0	0	0	6348
TP1_synth_reverse		70	T	1033	111	73	59	0	128	970538	971942	0	0	3	0	0	0	6345	6348
TP1_synth_reverse		71	C	397	970654	393	24	0	377	93	971938	0	6340	6	0	0	2	0	6348
TP1_synth_reverse		72	C	717	970596	194	62	34	140	191	971934	0	6344	2	0	1	1	0	6348
TP1_synth_reverse		73	G	974	540	365	969114	66	364	504	971927	8	0	1	6331	2	1	5	6348
TP1_synth_reverse		74	A	971534	47	2	148	0	156	38	971925	6348	0	0	0	0	0	0	6348
TP1_synth_reverse		75	G	891	456	2	970408	0	53	109	971919	12	0	0	6336	0	0	0	6348
TP1_synth_reverse		76	T	1005	107	19	61	0	61	970658	971911	0	0	2	0	0	0	6346	6348
TP1_synth_reverse		77	G	3207	371	490	967521	1	66	237	971893	18	0	3	6327	0	0	0	6348
TP1_synth_reverse		78	C	534	967502	3041	33	4	501	271	971886	0	6341	6	0	0	1	0	6348
TP1_synth_reverse		79	G	1466	573	588	968408	0	140	707	971882	2	0	11	6332	0	0	3	6348
TP1_synth_reverse		80	G	1384	236	2	969642	0	160	434	971858	10	0	0	6335	0	1	2	6348
TP1_synth_reverse		81	C	295	971207	15	91	1	94	141	971844	0	6348	0	0	0	0	0	6348
TP1_synth_reverse		82	A	969799	45	1545	169	0	80	159	971797	6337	0	11	0	0	0	0	6348
TP1_synth_reverse		83	A	971045	73	236	101	0	232	104	971791	6341	0	6	0	0	1	0	6348
TP1_synth_reverse		84	A	971235	51	0	168	0	253	55	971762	6348	0	0	0	0	0	0	6348
TP1_synth_reverse		85	G	123	326	44	970864	0	144	172	971673	0	0	4	6344	0	0	0	6348
TP1_synth_reverse		86	C	565	970851	0	22	0	88	94	971620	0	6348	0	0	0	0	0	6348
TP1_synth_reverse		87	T	1230	96	4	32	0	337	969835	971534	0	0	0	0	0	1	6347	6348
TP1_synth_reverse		88	G	147	890	4	968516	776	138	218	970689	0	0	0	6345	3	0	0	6348
TP1_synth_reverse		89	T	692	149	1432	33	1	54	968285	970646	0	0	0	0	0	0	6348	6348
TP1_synth_reverse		90	T	752	118	0	24	2	83	969542	970521	0	0	0	0	0	0	6347	6347
TP1_synth_reverse		91	C	471	969460	0	45	1	355	94	970426	0	6347	0	0	0	0	0	6347
TP1_synth_reverse		92	C	425	968897	0	287	0	413	234	970256	0	6345	0	1	0	1	0	6347
TP1_synth_reverse		93	G	264	403	0	967276	0	163	166	968272	1	0	0	6344	0	0	0	6345
TP1_synth_reverse		94	T	567	121	0	43	0	88	967342	968161	0	0	0	0	0	0	6344	6344
TP1_synth_reverse		95	C	0	967485	0	0	0	191	0	967676	0	6343	0	0	0	1	0	6344
TP1_synth_reverse		96	C	0	965727	0	0	0	108	0	965835	0	6344	0	0	0	0	0	6344
TP1_synth_reverse		97	C	0	964931	0	0	0	187	0	965118	0	6342	0	0	0	2	0	6344
TP1_synth_reverse		98	A	962523	0	0	0	0	0	0	962523	6339	0	0	0	0	0	0	6339
TP1_synth_reverse		99	G	0	0	0	961705	0	0	0	961705	0	0	0	6338	0	0	0	6338
