



























































































































































































































#AmpliconChromStart	Alias	Position	ProbableRef	rawA	rawC	rawD	rawG	rawI	rawN	rawT	rawDepth	consA	consC	consD	consG	consI	consN	consT	consDepth	
TP1_synth_reverse		1	G	0	0	0	959520	0	0	0	959520	0	0	0	3299	0	0	0	3299
TP1_synth_reverse		2	T	0	0	0	0	0	0	960806	960806	0	0	0	0	0	0	3302	3302
TP1_synth_reverse		3	G	0	0	0	966733	0	122	0	966855	0	0	0	3313	0	0	0	3313
TP1_synth_reverse		4	G	0	0	0	968782	0	58	0	968840	0	0	0	3315	0	0	0	3315
TP1_synth_reverse		5	T	0	0	0	0	0	20	969163	969183	0	0	0	0	0	0	3317	3317
TP1_synth_reverse		6	G	127	85	0	967907	0	9	1506	969634	0	0	0	3317	0	0	1	3318
TP1_synth_reverse		7	A	969309	22	0	132	0	91	148	969702	3319	0	0	0	0	0	0	3319
TP1_synth_reverse		8	G	106	89	0	969318	0	121	109	969743	0	0	0	3321	0	0	0	3321
TP1_synth_reverse		9	G	105	159	0	970163	0	28	117	970572	0	0	0	3323	0	0	0	3323
TP1_synth_reverse		10	C	271	970141	2	31	0	41	119	970605	1	3323	0	0	0	0	0	3324
TP1_synth_reverse		11	T	196	146	543	16	20	28	969656	970605	0	0	1	0	0	0	3323	3324
TP1_synth_reverse		12	C	305	969816	186	29	0	100	187	970623	0	3325	0	0	0	0	0	3325
TP1_synth_reverse		13	C	461	969888	3	25	0	126	120	970623	0	3325	0	0	0	0	0	3325
TP1_synth_reverse		14	C	441	969996	0	23	0	48	115	970623	0	3325	0	0	0	0	0	3325
TP1_synth_reverse		15	C	317	970102	0	35	2	79	105	970640	0	3325	0	0	0	0	0	3325
TP1_synth_reverse		16	T	365	80	4065	18	0	232	965895	970655	0	0	8	0	0	0	3317	3325
TP1_synth_reverse		17	T	369	125	21	7	0	75	970069	970666	0	0	1	0	0	0	3324	3325
TP1_synth_reverse		18	T	354	131	21	13	0	72	970075	970666	0	0	1	0	0	0	3324	3325
TP1_synth_reverse		19	C	381	970052	107	18	0	68	101	970727	0	3323	3	0	0	0	0	3326
TP1_synth_reverse		20	T	267	91	73	20	0	27	970249	970727	0	0	1	0	0	0	3325	3326
TP1_synth_reverse		21	T	571	194	56	56	2	138	969710	970727	0	1	1	0	0	0	3324	3326
TP1_synth_reverse		22	G	618	465	137	969223	0	20	271	970734	5	0	1	3320	0	0	0	3326
TP1_synth_reverse		23	C	564	968218	1633	51	3	25	245	970739	0	3324	2	0	0	0	0	3326
TP1_synth_reverse		24	G	269	181	693	968838	0	50	708	970739	1	0	4	3321	0	0	0	3326
TP1_synth_reverse		25	G	141	702	5	969431	0	137	335	970751	0	0	0	3326	0	0	0	3326
TP1_synth_reverse		26	A	968823	19	1401	192	132	47	167	970781	3323	0	3	0	1	0	0	3327
TP1_synth_reverse		27	G	922	875	1172	967389	154	17	252	970781	1	0	2	3323	1	0	0	3327
TP1_synth_reverse		28	A	970343	55	55	91	65	43	136	970788	3324	0	2	0	1	0	0	3327
TP1_synth_reverse		29	T	301	102	3308	174	0	155	966748	970788	0	0	9	0	0	0	3318	3327
TP1_synth_reverse		30	T	1111	133	51	73	1	133	969293	970795	0	0	1	0	0	0	3326	3327
TP1_synth_reverse		31	C	495	969856	139	38	0	85	176	970789	0	3323	3	0	0	0	1	3327
TP1_synth_reverse		32	T	665	87	108	50	0	406	969471	970787	0	0	3	0	0	0	3324	3327
TP1_synth_reverse		33	C	405	968108	1996	44	3	143	81	970780	0	3322	5	0	0	0	0	3327
TP1_synth_reverse		34	T	740	158	782	79	5	101	968918	970783	0	0	2	0	0	0	3325	3327
TP1_synth_reverse		35	T	1641	144	416	78	1632	101	966754	970766	0	0	1	0	2	0	3324	3327
TP1_synth_reverse		36	C	537	968719	1310	45	4	59	95	970769	0	3316	11	0	0	0	0	3327
TP1_synth_reverse		37	C	566	969680	243	63	7	90	112	970761	0	3324	3	0	0	0	0	3327
TP1_synth_reverse		38	T	757	90	251	266	0	34	969353	970751	0	0	3	0	0	0	3324	3327
TP1_synth_reverse		39	C	408	968267	1870	34	0	75	91	970745	0	3312	15	0	0	0	0	3327
TP1_synth_reverse		40	T	1366	114	38	24	1	192	969007	970742	0	0	0	0	0	0	3327	3327
TP1_synth_reverse		41	G	548	606	2219	967004	0	27	329	970733	0	0	8	3318	0	0	1	3327
TP1_synth_reverse		42	T	2356	104	272	34	1	74	967889	970730	0	0	5	0	0	0	3322	3327
TP1_synth_reverse		43	G	1080	493	30	968356	1	442	363	970765	1	0	0	3327	0	0	0	3328
TP1_synth_reverse		44	C	527	968804	705	63	91	182	410	970782	0	3323	4	0	2	0	0	3329
TP1_synth_reverse		45	G	1625	314	29	967301	0	82	1421	970772	5	0	0	3324	0	0	0	3329
TP1_synth_reverse		46	C	798	966514	3312	34	0	23	98	970779	0	3324	5	0	0	0	0	3329
TP1_synth_reverse		47	C	374	969892	27	43	2	39	411	970788	0	3328	0	0	0	0	1	3329
TP1_synth_reverse		48	G	245	677	266	968462	1443	53	1078	972224	1	0	2	3324	3	0	0	3330
TP1_synth_reverse		49	A	969906	45	1812	110	0	234	135	972242	3328	0	3	0	0	0	0	3331
TP1_synth_reverse		50	T	1060	94	9	197	0	115	970753	972228	0	0	0	0	0	0	3331	3331
TP1_synth_reverse		51	A	970850	53	934	137	0	129	135	972238	3327	0	4	0	0	0	0	3331
TP1_synth_reverse		52	C	568	971095	4	113	0	323	132	972235	0	3331	0	0	0	0	0	3331
TP1_synth_reverse		53	A	971389	39	6	212	98	353	146	972243	3330	0	0	0	1	0	0	3331
TP1_synth_reverse		54	G	526	255	11	970862	3	93	488	972238	3	1	0	3326	0	0	1	3331
TP1_synth_reverse		55	A	971655	115	119	137	0	135	94	972255	3331	0	1	0	0	0	0	3332
TP1_synth_reverse		56	A	971355	10	442	199	2	95	150	972253	3328	0	4	0	0	0	0	3332
TP1_synth_reverse		57	T	1783	73	666	257	0	251	969193	972223	0	0	8	0	0	0	3324	3332
TP1_synth_reverse		58	A	971550	21	86	91	0	303	172	972223	3330	0	2	0	0	0	0	3332
TP1_synth_reverse		59	T	949	61	4	123	1	452	970613	972203	0	0	0	0	0	0	3332	3332
TP1_synth_reverse		60	C	809	970500	468	83	1	270	55	972186	0	3330	2	0	0	0	0	3332
TP1_synth_reverse		61	T	1348	88	3	56	0	220	970464	972179	0	0	0	0	0	0	3332	3332
TP1_synth_reverse		62	G	391	261	308	969044	24	343	1797	972168	0	0	5	3326	0	0	1	3332
TP1_synth_reverse		63	T	2286	87	51	24	18	192	969566	972224	0	0	1	0	0	0	3332	3333
TP1_synth_reverse		64	T	2098	70	157	30	22	51	969231	971659	0	0	1	0	1	0	3330	3332
TP1_synth_reverse		65	C	1149	969577	458	40	96	177	155	971652	0	3328	2	0	2	0	0	3332
TP1_synth_reverse		66	G	556	402	628	969642	0	63	356	971647	2	0	5	3325	0	0	0	3332
TP1_synth_reverse		67	C	934	970178	161	33	1	226	112	971645	0	3331	1	0	0	0	0	3332
TP1_synth_reverse		68	A	970713	238	309	179	0	103	99	971641	3329	0	3	0	0	0	0	3332
TP1_synth_reverse		69	C	308	969236	2189	61	0	64	87	971945	0	3329	4	0	0	0	0	3333
TP1_synth_reverse		70	T	1031	111	73	59	0	128	970530	971932	0	0	2	0	0	0	3331	3333
TP1_synth_reverse		71	C	394	970647	393	24	0	377	93	971928	0	3330	3	0	0	0	0	3333
TP1_synth_reverse		72	C	718	970585	194	62	34	140	191	971924	0	3330	2	0	1	0	0	3333
TP1_synth_reverse		73	G	974	540	365	969105	66	364	503	971917	6	0	1	3322	1	0	3	3333
TP1_synth_reverse		74	A	971524	47	2	148	0	156	38	971915	3333	0	0	0	0	0	0	3333
TP1_synth_reverse		75	G	891	456	2	970398	0	53	109	971909	7	0	0	3326	0	0	0	3333
TP1_synth_reverse		76	T	1005	107	19	60	0	61	970649	971901	0	0	0	0	0	0	3333	3333
TP1_synth_reverse		77	G	3207	371	490	967512	1	66	236	971883	6	0	2	3325	0	0	0	3333
TP1_synth_reverse		78	C	532	967494	3041	33	4	501	271	971876	0	3330	3	0	0	0	0	3333
TP1_synth_reverse		79	G	1466	573	588	968399	0	140	706	971872	2	0	6	3323	0	0	2	3333
TP1_synth_reverse		80	G	1384	236	2	969633	0	160	433	971848	5	0	0	3326	0	0	2	3333
TP1_synth_reverse		81	C	295	971197	15	91	1	94	141	971834	0	3333	0	0	0	0	0	3333
TP1_synth_reverse		82	A	969789	45	1545	169	0	80	159	971787	3325	0	8	0	0	0	0	3333
TP1_synth_reverse		83	A	971035	73	236	101	0	232	104	971781	3329	0	4	0	0	0	0	3333
TP1_synth_reverse		84	A	971225	51	0	168	0	253	55	971752	3333	0	0	0	0	0	0	3333
TP1_synth_reverse		85	G	123	326	44	970855	0	144	171	971663	0	0	1	3332	0	0	0	3333
TP1_synth_reverse		86	C	564	970842	0	22	0	88	94	971610	0	3333	0	0	0	0	0	3333
TP1_synth_reverse		87	T	1230	96	4	32	0	337	969825	971524	0	0	0	0	0	0	3333	3333
TP1_synth_reverse		88	G	147	890	4	968506	776	138	218	970679	0	0	0	3332	1	0	0	3333
TP1_synth_reverse		89	T	688	149	1432	33	1	54	968279	970636	0	0	0	0	0	0	3333	3333
TP1_synth_reverse		90	T	751	118	0	24	2	83	969534	970512	0	0	0	0	0	0	3333	3333
TP1_synth_reverse		91	C	471	969451	0	45	1	355	94	970417	0	3333	0	0	0	0	0	3333
TP1_synth_reverse		92	C	424	968889	0	287	0	413	234	970247	0	3332	0	1	0	0	0	3333
TP1_synth_reverse		93	G	264	403	0	967266	0	163	166	968262	0	0	0	3333	0	0	0	3333
TP1_synth_reverse		94	T	567	121	0	43	0	88	967332	968151	0	0	0	0	0	0	3333	3333
TP1_synth_reverse		95	C	0	967475	0	0	0	191	0	967666	0	3333	0	0	0	0	0	3333
TP1_synth_reverse		96	C	0	965720	0	0	0	108	0	965828	0	3333	0	0	0	0	0	3333
TP1_synth_reverse		97	C	0	964924	0	0	0	187	0	965111	0	3333	0	0	0	0	0	3333
TP1_synth_reverse		98	A	962516	0	0	0	0	0	0	962516	3333	0	0	0	0	0	0	3333
TP1_synth_reverse		99	G	0	0	0	961698	0	0	0	961698	0	0	0	3333	0	0	0	3333
