



























































































































































































































#AmpliconChromStart	Alias	Position	ProbableRef	rawA	rawC	rawD	rawG	rawI	rawN	rawT	rawDepth	consA	consC	consD	consG	consI	consN	consT	consDepth	
TP1_synth_reverse		1	G	0	0	0	511596	0	0	0	511596	0	0	0	6439	0	0	0	6439
TP1_synth_reverse		2	T	0	0	0	0	0	0	513126	513126	0	0	0	0	0	0	6445	6445
TP1_synth_reverse		3	G	0	0	0	515018	0	11	0	515029	0	0	0	6460	0	0	0	6460
TP1_synth_reverse		4	G	0	0	0	515587	0	8	0	515595	0	0	0	6467	0	0	0	6467
TP1_synth_reverse		5	T	0	0	0	0	0	49	515919	515968	0	0	0	0	0	0	6469	6469
TP1_synth_reverse		6	G	105	40	0	516022	0	63	97	516327	0	0	0	6470	0	0	0	6470
TP1_synth_reverse		7	A	516322	10	0	65	0	41	76	516514	6475	0	0	0	0	0	0	6475
TP1_synth_reverse		8	G	83	40	0	516189	0	207	60	516579	0	0	0	6478	0	0	0	6478
TP1_synth_reverse		9	G	189	65	0	516286	3	32	80	516655	1	0	0	6479	0	0	0	6480
TP1_synth_reverse		10	C	136	516387	45	8	4	7	84	516671	0	6479	1	0	0	0	0	6480
TP1_synth_reverse		11	T	141	84	163	10	265	19	516001	516683	0	0	1	0	2	0	6477	6480
TP1_synth_reverse		12	C	161	515497	856	14	0	51	109	516688	0	6471	9	0	0	0	0	6480
TP1_synth_reverse		13	C	204	516214	4	21	0	156	89	516688	0	6480	0	0	0	0	0	6480
TP1_synth_reverse		14	C	199	516336	0	18	0	53	86	516692	0	6480	0	0	0	0	0	6480
TP1_synth_reverse		15	C	123	516482	0	8	2	5	72	516692	0	6480	0	0	0	0	0	6480
TP1_synth_reverse		16	T	335	52	1102	15	0	13	515175	516692	0	0	9	0	0	0	6471	6480
TP1_synth_reverse		17	T	330	97	0	18	0	8	516262	516715	0	0	0	0	0	0	6480	6480
TP1_synth_reverse		18	T	270	76	0	11	154	13	516260	516784	0	0	0	0	1	0	6480	6481
TP1_synth_reverse		19	C	246	596225	484	22	0	78	100	597155	0	6598	2	0	0	0	1	6601
TP1_synth_reverse		20	T	399	50	1341	59	0	60	595246	597155	0	0	11	0	0	0	6590	6601
TP1_synth_reverse		21	T	1375	88	0	46	1	29	595624	597163	0	0	0	0	0	0	6601	6601
TP1_synth_reverse		22	G	87	482	164	596266	0	9	166	597174	0	0	4	6598	0	0	0	6602
TP1_synth_reverse		23	C	464	595037	1296	48	2	35	292	597174	0	6591	10	0	0	0	1	6602
TP1_synth_reverse		24	G	179	98	133	596483	0	16	271	597180	0	0	3	6599	0	0	0	6602
TP1_synth_reverse		25	G	183	291	7	596446	93	42	131	597193	2	0	0	6598	2	0	0	6602
TP1_synth_reverse		26	A	596567	7	350	107	68	10	84	597193	6597	0	4	0	1	0	0	6602
TP1_synth_reverse		27	G	43	151	52	596115	337	72	423	597193	0	0	1	6599	2	0	0	6602
TP1_synth_reverse		28	A	596475	70	298	46	210	22	72	597193	6597	0	1	0	4	0	0	6602
TP1_synth_reverse		29	T	417	62	455	609	1	88	595561	597193	0	0	4	0	0	0	6598	6602
TP1_synth_reverse		30	T	2145	61	12	49	0	48	594884	597199	0	0	0	0	0	0	6602	6602
TP1_synth_reverse		31	C	522	596513	14	34	0	52	59	597194	0	6603	0	0	0	0	0	6603
TP1_synth_reverse		32	T	714	57	8	85	0	17	596305	597186	0	0	0	0	0	0	6603	6603
TP1_synth_reverse		33	C	559	596394	107	21	1	25	76	597183	0	6600	3	0	0	0	0	6603
TP1_synth_reverse		34	T	1976	73	860	1330	0	57	592882	597178	0	0	8	0	0	0	6595	6603
TP1_synth_reverse		35	T	2540	45	10	263	36	41	594230	597165	0	0	0	0	1	0	6602	6603
TP1_synth_reverse		36	C	286	596462	196	53	0	63	110	597170	0	6601	2	0	0	0	0	6603
TP1_synth_reverse		37	C	289	596234	22	354	84	25	141	597149	0	6599	0	0	3	0	1	6603
TP1_synth_reverse		38	T	1345	186	381	65	297	5	594855	597134	0	1	1	0	2	0	6599	6603
TP1_synth_reverse		39	C	221	596379	221	145	61	36	65	597128	0	6596	4	2	1	0	0	6603
TP1_synth_reverse		40	T	1195	50	174	97	7	106	595492	597121	0	0	4	0	0	0	6599	6603
TP1_synth_reverse		41	G	105	974	601	592824	0	36	2578	597118	0	0	5	6597	0	0	1	6603
TP1_synth_reverse		42	T	2228	61	0	129	252	39	594405	597114	0	0	0	0	1	0	6602	6603
TP1_synth_reverse		43	G	90	200	2	594219	0	64	2557	597132	0	0	0	6603	0	0	0	6603
TP1_synth_reverse		44	C	434	595342	3	32	0	8	1310	597129	0	6590	0	0	0	0	13	6603
TP1_synth_reverse		45	G	635	127	22	593902	22	15	2403	597126	4	0	0	6599	0	0	0	6603
TP1_synth_reverse		46	C	762	595494	433	107	0	19	310	597125	0	6595	4	0	0	0	4	6603
TP1_synth_reverse		47	C	208	596313	0	36	2	2	561	597122	0	6600	0	0	0	0	3	6603
TP1_synth_reverse		48	G	140	1015	567	592034	602	11	2743	597112	0	0	1	6599	2	0	1	6603
TP1_synth_reverse		49	A	596208	35	557	37	21	12	98	596968	7108	0	1	0	0	0	0	7109
TP1_synth_reverse		50	T	2386	270	512	27	48	33	593733	597009	0	1	4	0	1	0	7103	7109
TP1_synth_reverse		51	A	596381	31	434	35	0	54	118	597053	7106	0	3	0	0	0	0	7109
TP1_synth_reverse		52	C	407	595732	281	62	187	51	360	597080	1	7096	7	0	2	0	4	7110
TP1_synth_reverse		53	A	596697	15	151	105	1	28	83	597080	7108	0	2	0	0	0	0	7110
TP1_synth_reverse		54	G	261	291	160	594907	462	58	933	597072	0	0	0	7109	1	0	0	7110
TP1_synth_reverse		55	A	596121	103	701	37	0	61	79	597102	7106	0	5	0	0	0	0	7111
TP1_synth_reverse		56	A	596726	4	0	46	186	34	103	597099	7110	0	0	0	1	0	0	7111
TP1_synth_reverse		57	T	2585	37	37	179	0	13	594229	597080	0	0	1	0	0	0	7110	7111
TP1_synth_reverse		58	A	596426	158	282	81	0	52	86	597085	7109	1	1	0	0	0	0	7111
TP1_synth_reverse		59	T	1309	35	14	145	1	50	595510	597064	0	0	0	0	0	0	7111	7111
TP1_synth_reverse		60	C	1618	595088	22	79	102	78	60	597047	0	7108	1	0	2	0	0	7111
TP1_synth_reverse		61	T	819	51	790	689	44	102	594535	597030	0	0	6	0	2	0	7103	7111
TP1_synth_reverse		62	G	606	223	192	595016	208	65	718	597028	2	0	2	7102	2	0	3	7111
TP1_synth_reverse		63	T	4256	51	263	48	0	18	592405	597041	0	0	2	0	0	0	7110	7112
TP1_synth_reverse		64	T	1811	39	232	139	1	37	594774	597033	0	0	2	0	0	0	7110	7112
TP1_synth_reverse		65	C	494	596127	102	20	0	49	236	597028	0	7110	2	0	0	0	0	7112
TP1_synth_reverse		66	G	887	266	127	595005	0	28	707	597020	0	0	2	7108	0	0	2	7112
TP1_synth_reverse		67	C	718	595622	369	19	125	69	116	597038	0	7104	5	0	3	0	1	7113
TP1_synth_reverse		68	A	596235	406	134	144	0	75	43	597037	7113	0	0	0	0	0	0	7113
TP1_synth_reverse		69	C	83	596487	90	42	3	25	258	596988	0	7109	1	0	0	0	2	7112
TP1_synth_reverse		70	T	730	71	532	528	574	97	594445	596977	0	0	4	0	1	0	7107	7112
TP1_synth_reverse		71	C	205	596538	66	39	0	54	72	596974	0	7112	0	0	0	0	0	7112
TP1_synth_reverse		72	C	649	596096	3	42	0	67	112	596969	0	7112	0	0	0	0	0	7112
TP1_synth_reverse		73	G	541	213	383	595099	20	56	647	596959	0	0	4	7105	0	0	3	7112
TP1_synth_reverse		74	A	596227	165	415	76	8	45	21	596957	7107	0	5	0	0	0	0	7112
TP1_synth_reverse		75	G	301	150	166	595839	161	36	289	596942	0	0	1	7109	1	0	1	7112
TP1_synth_reverse		76	T	4930	46	44	56	361	82	591412	596931	0	0	3	0	3	0	7106	7112
TP1_synth_reverse		77	G	108	282	314	595468	0	46	700	596918	0	0	1	7111	0	0	0	7112
TP1_synth_reverse		78	C	180	595162	616	23	255	127	549	596912	0	7105	3	0	2	0	2	7112
TP1_synth_reverse		79	G	214	1188	85	593063	2	48	2089	596689	1	1	1	7106	0	0	3	7112
TP1_synth_reverse		80	G	814	172	33	594294	1	103	1160	596577	4	0	0	7105	0	0	3	7112
TP1_synth_reverse		81	C	298	595312	14	37	363	143	328	596495	1	7107	0	0	2	0	1	7111
TP1_synth_reverse		82	A	514660	10	146	72	0	55	147	515090	6482	0	3	0	0	0	0	6485
TP1_synth_reverse		83	A	514786	114	6	37	0	41	97	515081	6482	3	0	0	0	0	0	6485
TP1_synth_reverse		84	A	514851	12	0	67	6	45	79	515060	6485	0	0	0	0	0	0	6485
TP1_synth_reverse		85	G	158	166	104	513795	0	8	719	514950	2	0	2	6481	0	0	0	6485
TP1_synth_reverse		86	C	182	514376	51	29	0	22	239	514899	0	6484	0	0	0	0	1	6485
TP1_synth_reverse		87	T	1470	56	47	33	1	85	513147	514839	0	0	0	0	0	0	6485	6485
TP1_synth_reverse		88	G	182	281	18	514218	2	25	89	514815	0	0	0	6485	0	0	0	6485
TP1_synth_reverse		89	T	748	71	275	19	0	53	513590	514756	0	0	0	0	0	0	6485	6485
TP1_synth_reverse		90	T	826	51	2	31	0	92	513436	514438	0	0	0	0	0	0	6485	6485
TP1_synth_reverse		91	C	255	513888	0	152	0	21	100	514416	0	6485	0	0	0	0	0	6485
TP1_synth_reverse		92	C	194	513608	0	19	0	72	192	514085	0	6483	0	0	0	0	0	6483
TP1_synth_reverse		93	G	304	127	0	513160	0	15	47	513653	1	0	0	6480	0	0	0	6481
TP1_synth_reverse		94	T	763	59	0	38	0	63	512514	513437	0	0	0	0	0	0	6481	6481
TP1_synth_reverse		95	C	0	513105	0	0	0	46	0	513151	0	6480	0	0	0	0	0	6480
TP1_synth_reverse		96	C	0	512780	0	0	0	3	0	512783	0	6480	0	0	0	0	0	6480
TP1_synth_reverse		97	C	0	511684	0	0	0	1	0	511685	0	6479	0	0	0	0	0	6479
TP1_synth_reverse		98	A	509455	0	0	0	0	0	0	509455	6472	0	0	0	0	0	0	6472
TP1_synth_reverse		99	G	0	0	0	508965	0	0	0	508965	0	0	0	6472	0	0	0	6472
