



























































































































































































































#AmpliconChromStart	Alias	Position	ProbableRef	rawA	rawC	rawD	rawG	rawI	rawN	rawT	rawDepth	consA	consC	consD	consG	consI	consN	consT	consDepth	
TP1_synth_reverse		1	G	0	0	0	511596	0	0	0	511596	0	0	0	6012	0	0	0	6012
TP1_synth_reverse		2	T	0	0	0	0	0	0	513126	513126	0	0	0	0	0	0	6018	6018
TP1_synth_reverse		3	G	0	0	0	515018	0	11	0	515029	0	0	0	6031	0	0	0	6031
TP1_synth_reverse		4	G	0	0	0	515587	0	8	0	515595	0	0	0	6038	0	0	0	6038
TP1_synth_reverse		5	T	0	0	0	0	0	49	515919	515968	0	0	0	0	0	0	6040	6040
TP1_synth_reverse		6	G	105	40	0	516022	0	63	97	516327	0	0	0	6041	0	0	0	6041
TP1_synth_reverse		7	A	516322	10	0	65	0	41	76	516514	6046	0	0	0	0	0	0	6046
TP1_synth_reverse		8	G	83	40	0	516189	0	207	60	516579	0	0	0	6049	0	0	0	6049
TP1_synth_reverse		9	G	189	65	0	516286	3	32	80	516655	1	0	0	6050	0	0	0	6051
TP1_synth_reverse		10	C	136	516387	45	8	4	7	84	516671	0	6050	1	0	0	0	0	6051
TP1_synth_reverse		11	T	141	84	163	10	265	19	516001	516683	0	0	1	0	2	0	6048	6051
TP1_synth_reverse		12	C	161	515497	856	14	0	51	109	516688	0	6042	9	0	0	0	0	6051
TP1_synth_reverse		13	C	204	516214	4	21	0	156	89	516688	0	6051	0	0	0	0	0	6051
TP1_synth_reverse		14	C	199	516336	0	18	0	53	86	516692	0	6051	0	0	0	0	0	6051
TP1_synth_reverse		15	C	123	516482	0	8	2	5	72	516692	0	6051	0	0	0	0	0	6051
TP1_synth_reverse		16	T	335	52	1102	15	0	13	515175	516692	0	0	9	0	0	0	6042	6051
TP1_synth_reverse		17	T	330	97	0	18	0	8	516262	516715	0	0	0	0	0	0	6051	6051
TP1_synth_reverse		18	T	270	76	0	11	154	13	516260	516784	0	0	0	0	1	0	6051	6052
TP1_synth_reverse		19	C	246	596225	484	22	0	78	100	597155	0	6153	2	0	0	0	1	6156
TP1_synth_reverse		20	T	399	50	1341	59	0	60	595246	597155	0	0	11	0	0	0	6145	6156
TP1_synth_reverse		21	T	1375	88	0	46	1	29	595624	597163	0	0	0	0	0	0	6156	6156
TP1_synth_reverse		22	G	87	482	164	596266	0	9	166	597174	0	0	4	6152	0	0	0	6156
TP1_synth_reverse		23	C	464	595037	1296	48	2	35	292	597174	0	6145	10	0	0	0	1	6156
TP1_synth_reverse		24	G	179	98	133	596483	0	16	271	597180	0	0	3	6153	0	0	0	6156
TP1_synth_reverse		25	G	183	291	7	596446	93	42	131	597193	2	0	0	6153	1	0	0	6156
TP1_synth_reverse		26	A	596581	7	350	107	68	10	84	597207	6152	0	4	0	1	0	0	6157
TP1_synth_reverse		27	G	43	151	52	596129	337	72	423	597207	0	0	1	6154	2	0	0	6157
TP1_synth_reverse		28	A	596489	70	298	46	210	22	72	597207	6152	0	1	0	4	0	0	6157
TP1_synth_reverse		29	T	417	62	455	609	1	88	595575	597207	0	0	4	0	0	0	6153	6157
TP1_synth_reverse		30	T	2145	61	12	49	0	48	594898	597213	0	0	0	0	0	0	6157	6157
TP1_synth_reverse		31	C	522	596527	14	34	0	52	59	597208	0	6158	0	0	0	0	0	6158
TP1_synth_reverse		32	T	715	57	8	85	0	17	596318	597200	0	0	0	0	0	0	6158	6158
TP1_synth_reverse		33	C	559	596408	107	21	1	25	76	597197	0	6155	3	0	0	0	0	6158
TP1_synth_reverse		34	T	1976	73	860	1330	0	57	592896	597192	0	0	8	0	0	0	6150	6158
TP1_synth_reverse		35	T	2540	45	10	263	36	41	594244	597179	0	0	0	0	1	0	6157	6158
TP1_synth_reverse		36	C	287	596475	196	53	0	63	110	597184	0	6156	2	0	0	0	0	6158
TP1_synth_reverse		37	C	289	596248	22	354	84	25	141	597163	0	6154	0	0	3	0	1	6158
TP1_synth_reverse		38	T	1345	186	381	65	297	5	594869	597148	0	1	1	0	2	0	6154	6158
TP1_synth_reverse		39	C	221	596393	221	145	61	36	65	597142	0	6151	4	2	1	0	0	6158
TP1_synth_reverse		40	T	1195	50	174	97	7	106	595506	597135	0	0	4	0	0	0	6154	6158
TP1_synth_reverse		41	G	105	974	601	592826	0	36	2585	597127	0	0	5	6152	0	0	1	6158
TP1_synth_reverse		42	T	2229	61	0	129	252	39	594413	597123	0	0	0	0	1	0	6157	6158
TP1_synth_reverse		43	G	90	201	2	594221	0	64	2563	597141	0	0	0	6158	0	0	0	6158
TP1_synth_reverse		44	C	434	595351	3	32	0	8	1310	597138	0	6146	0	0	0	0	12	6158
TP1_synth_reverse		45	G	635	127	22	593908	22	15	2406	597135	4	0	0	6154	0	0	0	6158
TP1_synth_reverse		46	C	761	595504	433	107	0	19	310	597134	0	6152	4	0	0	0	2	6158
TP1_synth_reverse		47	C	209	596321	0	36	2	2	561	597131	0	6155	0	0	0	0	3	6158
TP1_synth_reverse		48	G	140	1016	567	592039	602	11	2746	597121	0	0	1	6155	2	0	0	6158
TP1_synth_reverse		49	A	596217	35	557	37	21	12	98	596977	6636	0	1	0	0	0	0	6637
TP1_synth_reverse		50	T	2385	270	512	27	48	33	593743	597018	0	1	3	0	1	0	6632	6637
TP1_synth_reverse		51	A	596390	31	434	35	0	54	118	597062	6635	0	2	0	0	0	0	6637
TP1_synth_reverse		52	C	408	595740	281	62	187	51	360	597089	1	6625	6	0	2	0	4	6638
TP1_synth_reverse		53	A	596706	15	151	105	1	28	83	597089	6636	0	2	0	0	0	0	6638
TP1_synth_reverse		54	G	268	290	160	594909	462	58	934	597081	0	0	0	6637	1	0	0	6638
TP1_synth_reverse		55	A	596130	103	701	37	0	61	79	597111	6634	0	5	0	0	0	0	6639
TP1_synth_reverse		56	A	596735	4	0	46	186	34	103	597108	6638	0	0	0	1	0	0	6639
TP1_synth_reverse		57	T	2585	37	37	179	0	13	594238	597089	0	0	1	0	0	0	6638	6639
TP1_synth_reverse		58	A	596435	158	282	81	0	52	86	597094	6637	1	1	0	0	0	0	6639
TP1_synth_reverse		59	T	1309	35	14	145	1	50	595519	597073	0	0	0	0	0	0	6639	6639
TP1_synth_reverse		60	C	1622	595093	22	79	102	78	60	597056	0	6636	1	0	2	0	0	6639
TP1_synth_reverse		61	T	820	51	790	689	44	102	594543	597039	0	0	5	0	2	0	6632	6639
TP1_synth_reverse		62	G	608	224	192	595022	208	65	718	597037	2	0	2	6630	2	0	3	6639
TP1_synth_reverse		63	T	4256	51	264	48	0	18	592413	597050	0	0	2	0	0	0	6638	6640
TP1_synth_reverse		64	T	1811	39	233	139	1	37	594782	597042	0	0	2	0	0	0	6638	6640
TP1_synth_reverse		65	C	494	596135	103	20	0	49	236	597037	0	6639	1	0	0	0	0	6640
TP1_synth_reverse		66	G	887	266	128	595013	0	28	707	597029	0	0	2	6636	0	0	2	6640
TP1_synth_reverse		67	C	717	595631	370	19	125	69	116	597047	0	6633	4	0	3	0	1	6641
TP1_synth_reverse		68	A	596244	406	134	144	0	75	43	597046	6641	0	0	0	0	0	0	6641
TP1_synth_reverse		69	C	83	596496	90	42	3	25	258	596997	0	6637	1	0	0	0	2	6640
TP1_synth_reverse		70	T	730	71	532	528	574	97	594454	596986	0	0	4	0	1	0	6635	6640
TP1_synth_reverse		71	C	205	596547	66	39	0	54	72	596983	0	6640	0	0	0	0	0	6640
TP1_synth_reverse		72	C	648	596106	3	42	0	67	112	596978	0	6640	0	0	0	0	0	6640
TP1_synth_reverse		73	G	541	212	383	595109	20	56	647	596968	0	0	4	6634	0	0	2	6640
TP1_synth_reverse		74	A	596236	165	415	76	8	45	21	596966	6635	0	5	0	0	0	0	6640
TP1_synth_reverse		75	G	301	150	166	595847	161	36	289	596950	0	0	1	6637	1	0	1	6640
TP1_synth_reverse		76	T	4928	46	44	56	361	82	591422	596939	0	0	2	0	2	0	6636	6640
TP1_synth_reverse		77	G	108	282	314	595477	0	46	699	596926	0	0	1	6639	0	0	0	6640
TP1_synth_reverse		78	C	181	595169	616	23	255	127	549	596920	0	6633	3	0	2	0	2	6640
TP1_synth_reverse		79	G	214	1188	85	593071	2	48	2089	596697	1	0	1	6636	0	0	2	6640
TP1_synth_reverse		80	G	814	172	33	594302	1	103	1160	596585	4	0	0	6633	0	0	3	6640
TP1_synth_reverse		81	C	298	595320	14	37	363	143	328	596503	1	6636	0	0	2	0	1	6640
TP1_synth_reverse		82	A	514668	10	146	72	0	55	147	515098	6053	0	3	0	0	0	0	6056
TP1_synth_reverse		83	A	514794	114	6	37	0	41	97	515089	6054	2	0	0	0	0	0	6056
TP1_synth_reverse		84	A	514859	12	0	67	6	45	79	515068	6056	0	0	0	0	0	0	6056
TP1_synth_reverse		85	G	158	166	104	513803	0	8	719	514958	2	0	1	6053	0	0	0	6056
TP1_synth_reverse		86	C	182	514384	51	29	0	22	239	514907	0	6055	0	0	0	0	1	6056
TP1_synth_reverse		87	T	1470	56	47	33	1	85	513155	514847	0	0	0	0	0	0	6056	6056
TP1_synth_reverse		88	G	182	281	18	514227	2	25	89	514824	0	0	0	6056	0	0	0	6056
TP1_synth_reverse		89	T	747	71	275	19	0	53	513600	514765	0	0	0	0	0	0	6056	6056
TP1_synth_reverse		90	T	826	51	2	31	0	92	513445	514447	0	0	0	0	0	0	6056	6056
TP1_synth_reverse		91	C	255	513896	0	152	0	21	100	514424	0	6056	0	0	0	0	0	6056
TP1_synth_reverse		92	C	194	513616	0	19	0	72	192	514093	0	6055	0	0	0	0	0	6055
TP1_synth_reverse		93	G	304	127	0	513167	0	15	47	513660	0	0	0	6053	0	0	0	6053
TP1_synth_reverse		94	T	762	59	0	38	0	63	512522	513444	0	0	0	0	0	0	6053	6053
TP1_synth_reverse		95	C	0	513112	0	0	0	46	0	513158	0	6052	0	0	0	0	0	6052
TP1_synth_reverse		96	C	0	512787	0	0	0	3	0	512790	0	6052	0	0	0	0	0	6052
TP1_synth_reverse		97	C	0	511691	0	0	0	1	0	511692	0	6052	0	0	0	0	0	6052
TP1_synth_reverse		98	A	509462	0	0	0	0	0	0	509462	6046	0	0	0	0	0	0	6046
TP1_synth_reverse		99	G	0	0	0	508972	0	0	0	508972	0	0	0	6046	0	0	0	6046
