



























































































































































































































#AmpliconChromStart	Alias	Position	ProbableRef	rawA	rawC	rawD	rawG	rawI	rawN	rawT	rawDepth	consA	consC	consD	consG	consI	consN	consT	consDepth	
TP1_synth_reverse		1	G	0	0	0	511596	0	0	0	511596	0	0	0	5638	0	0	0	5638
TP1_synth_reverse		2	T	0	0	0	0	0	0	513126	513126	0	0	0	0	0	0	5644	5644
TP1_synth_reverse		3	G	0	0	0	515018	0	11	0	515029	0	0	0	5657	0	0	0	5657
TP1_synth_reverse		4	G	0	0	0	515587	0	8	0	515595	0	0	0	5664	0	0	0	5664
TP1_synth_reverse		5	T	0	0	0	0	0	49	515919	515968	0	0	0	0	0	0	5666	5666
TP1_synth_reverse		6	G	105	40	0	516022	0	63	97	516327	0	0	0	5667	0	0	0	5667
TP1_synth_reverse		7	A	516322	10	0	65	0	41	76	516514	5672	0	0	0	0	0	0	5672
TP1_synth_reverse		8	G	83	40	0	516189	0	207	60	516579	0	0	0	5674	0	0	0	5674
TP1_synth_reverse		9	G	189	65	0	516286	3	32	80	516655	1	0	0	5675	0	0	0	5676
TP1_synth_reverse		10	C	136	516387	45	8	4	7	84	516671	0	5675	1	0	0	0	0	5676
TP1_synth_reverse		11	T	141	84	163	10	265	19	516001	516683	0	0	1	0	2	0	5673	5676
TP1_synth_reverse		12	C	161	515497	856	14	0	51	109	516688	0	5668	8	0	0	0	0	5676
TP1_synth_reverse		13	C	204	516214	4	21	0	156	89	516688	0	5676	0	0	0	0	0	5676
TP1_synth_reverse		14	C	199	516336	0	18	0	53	86	516692	0	5676	0	0	0	0	0	5676
TP1_synth_reverse		15	C	123	516482	0	8	2	5	72	516692	0	5676	0	0	0	0	0	5676
TP1_synth_reverse		16	T	335	52	1102	15	0	13	515175	516692	0	0	8	0	0	0	5668	5676
TP1_synth_reverse		17	T	330	97	0	18	0	8	516262	516715	0	0	0	0	0	0	5676	5676
TP1_synth_reverse		18	T	270	76	0	11	154	13	516260	516784	0	0	0	0	1	0	5676	5677
TP1_synth_reverse		19	C	246	596225	484	22	0	78	100	597155	0	5761	2	0	0	0	1	5764
TP1_synth_reverse		20	T	399	50	1341	59	0	60	595246	597155	0	0	11	0	0	0	5753	5764
TP1_synth_reverse		21	T	1375	88	0	46	1	29	595624	597163	0	0	0	0	0	0	5764	5764
TP1_synth_reverse		22	G	87	482	164	596255	0	9	166	597163	0	0	2	5762	0	0	0	5764
TP1_synth_reverse		23	C	464	595026	1296	48	2	35	292	597163	0	5753	10	0	0	0	1	5764
TP1_synth_reverse		24	G	179	98	133	596472	0	16	271	597169	0	0	3	5761	0	0	0	5764
TP1_synth_reverse		25	G	183	291	7	596435	93	42	131	597182	1	0	0	5762	1	0	0	5764
TP1_synth_reverse		26	A	596570	7	350	107	68	10	84	597196	5760	0	4	0	1	0	0	5765
TP1_synth_reverse		27	G	43	148	52	596121	337	72	423	597196	0	0	1	5762	2	0	0	5765
TP1_synth_reverse		28	A	596478	70	298	46	210	22	72	597196	5760	0	1	0	4	0	0	5765
TP1_synth_reverse		29	T	417	62	455	609	1	88	595564	597196	0	0	4	0	0	0	5761	5765
TP1_synth_reverse		30	T	2145	61	12	49	0	48	594887	597202	0	0	0	0	0	0	5765	5765
TP1_synth_reverse		31	C	522	596516	14	34	0	52	59	597197	0	5766	0	0	0	0	0	5766
TP1_synth_reverse		32	T	715	57	8	85	0	17	596307	597189	0	0	0	0	0	0	5766	5766
TP1_synth_reverse		33	C	559	596397	107	21	1	25	76	597186	0	5764	2	0	0	0	0	5766
TP1_synth_reverse		34	T	1976	73	860	1328	0	57	592887	597181	0	0	7	0	0	0	5759	5766
TP1_synth_reverse		35	T	2540	45	10	263	36	41	594233	597168	0	0	0	0	1	0	5765	5766
TP1_synth_reverse		36	C	286	596465	196	53	0	63	110	597173	0	5764	2	0	0	0	0	5766
TP1_synth_reverse		37	C	288	596238	22	354	84	25	141	597152	0	5762	0	0	3	0	1	5766
TP1_synth_reverse		38	T	1344	186	381	65	297	5	594864	597142	0	1	1	0	2	0	5762	5766
TP1_synth_reverse		39	C	221	596387	221	145	61	36	65	597136	0	5759	4	2	1	0	0	5766
TP1_synth_reverse		40	T	1194	50	174	97	7	106	595501	597129	0	0	4	0	0	0	5762	5766
TP1_synth_reverse		41	G	105	974	601	592827	0	36	2583	597126	0	0	5	5760	0	0	1	5766
TP1_synth_reverse		42	T	2228	61	0	129	252	39	594413	597122	0	0	0	0	1	0	5765	5766
TP1_synth_reverse		43	G	90	201	2	594222	0	64	2561	597140	0	0	0	5766	0	0	0	5766
TP1_synth_reverse		44	C	434	595350	3	32	0	8	1310	597137	0	5755	0	0	0	0	11	5766
TP1_synth_reverse		45	G	635	126	22	593905	22	15	2409	597134	4	0	0	5762	0	0	0	5766
TP1_synth_reverse		46	C	762	595502	433	107	0	19	310	597133	0	5761	4	0	0	0	1	5766
TP1_synth_reverse		47	C	209	596320	0	36	2	2	561	597130	0	5763	0	0	0	0	3	5766
TP1_synth_reverse		48	G	140	1016	567	592037	602	11	2747	597120	0	0	1	5763	2	0	0	5766
TP1_synth_reverse		49	A	596216	35	557	37	21	12	98	596976	6234	0	1	0	0	0	0	6235
TP1_synth_reverse		50	T	2385	270	512	27	48	33	593742	597017	0	1	3	0	1	0	6230	6235
TP1_synth_reverse		51	A	596389	31	434	35	0	54	118	597061	6233	0	2	0	0	0	0	6235
TP1_synth_reverse		52	C	409	595738	281	62	187	51	360	597088	1	6223	6	0	2	0	4	6236
TP1_synth_reverse		53	A	596705	15	151	105	1	28	83	597088	6234	0	2	0	0	0	0	6236
TP1_synth_reverse		54	G	269	290	160	594907	462	58	934	597080	0	0	0	6235	1	0	0	6236
TP1_synth_reverse		55	A	596129	103	701	37	0	61	79	597110	6232	0	5	0	0	0	0	6237
TP1_synth_reverse		56	A	596734	4	0	46	186	34	103	597107	6236	0	0	0	1	0	0	6237
TP1_synth_reverse		57	T	2582	37	37	179	0	13	594240	597088	0	0	1	0	0	0	6236	6237
TP1_synth_reverse		58	A	596434	158	282	81	0	52	86	597093	6235	1	1	0	0	0	0	6237
TP1_synth_reverse		59	T	1306	35	14	146	1	50	595520	597072	0	0	0	0	0	0	6237	6237
TP1_synth_reverse		60	C	1622	595092	22	79	102	78	60	597055	0	6235	0	0	2	0	0	6237
TP1_synth_reverse		61	T	822	51	790	689	44	102	594540	597038	0	0	5	0	2	0	6230	6237
TP1_synth_reverse		62	G	608	224	192	595015	208	65	718	597030	2	0	1	6229	2	0	3	6237
TP1_synth_reverse		63	T	4255	51	264	48	0	18	592407	597043	0	0	2	0	0	0	6236	6238
TP1_synth_reverse		64	T	1811	39	233	139	1	37	594775	597035	0	0	2	0	0	0	6236	6238
TP1_synth_reverse		65	C	494	596128	103	20	0	49	236	597030	0	6237	1	0	0	0	0	6238
TP1_synth_reverse		66	G	888	266	128	595005	0	28	707	597022	0	0	2	6234	0	0	2	6238
TP1_synth_reverse		67	C	718	595623	370	19	125	69	116	597040	0	6231	4	0	3	0	1	6239
TP1_synth_reverse		68	A	596236	406	134	144	1	75	43	597039	6239	0	0	0	0	0	0	6239
TP1_synth_reverse		69	C	83	596489	90	42	3	25	258	596990	0	6235	1	0	0	0	2	6238
TP1_synth_reverse		70	T	730	71	532	528	574	97	594447	596979	0	0	4	0	1	0	6233	6238
TP1_synth_reverse		71	C	205	596540	66	39	0	54	72	596976	0	6238	0	0	0	0	0	6238
TP1_synth_reverse		72	C	649	596098	3	42	0	67	112	596971	0	6238	0	0	0	0	0	6238
TP1_synth_reverse		73	G	540	213	383	595102	20	56	647	596961	0	0	3	6233	0	0	2	6238
TP1_synth_reverse		74	A	596229	165	415	76	8	45	21	596959	6233	0	5	0	0	0	0	6238
TP1_synth_reverse		75	G	300	150	166	595841	161	36	289	596943	0	0	1	6235	1	0	1	6238
TP1_synth_reverse		76	T	4929	46	44	56	361	82	591414	596932	0	0	2	0	2	0	6234	6238
TP1_synth_reverse		77	G	108	282	314	595469	0	46	700	596919	0	0	1	6237	0	0	0	6238
TP1_synth_reverse		78	C	181	595162	616	23	255	127	549	596913	0	6231	3	0	2	0	2	6238
TP1_synth_reverse		79	G	214	1188	85	593062	2	48	2091	596690	1	0	1	6234	0	0	2	6238
TP1_synth_reverse		80	G	814	172	33	594295	1	103	1160	596578	4	0	0	6232	0	0	2	6238
TP1_synth_reverse		81	C	299	595312	14	37	363	143	328	596496	1	6235	0	0	2	0	0	6238
TP1_synth_reverse		82	A	514661	10	146	72	0	55	147	515091	5679	0	2	0	0	0	0	5681
TP1_synth_reverse		83	A	514787	114	6	37	0	41	97	515082	5679	2	0	0	0	0	0	5681
TP1_synth_reverse		84	A	514852	12	0	67	6	45	79	515061	5681	0	0	0	0	0	0	5681
TP1_synth_reverse		85	G	158	166	104	513797	0	8	718	514951	2	0	1	5678	0	0	0	5681
TP1_synth_reverse		86	C	182	514377	51	29	0	22	239	514900	0	5680	0	0	0	0	1	5681
TP1_synth_reverse		87	T	1470	56	47	33	1	85	513148	514840	0	0	0	0	0	0	5681	5681
TP1_synth_reverse		88	G	182	281	18	514220	2	25	89	514817	0	0	0	5681	0	0	0	5681
TP1_synth_reverse		89	T	748	71	275	19	0	53	513592	514758	0	0	0	0	0	0	5681	5681
TP1_synth_reverse		90	T	826	51	2	31	0	92	513438	514440	0	0	0	0	0	0	5681	5681
TP1_synth_reverse		91	C	255	513889	0	152	0	21	100	514417	0	5681	0	0	0	0	0	5681
TP1_synth_reverse		92	C	194	513610	0	19	0	72	192	514087	0	5680	0	0	0	0	0	5680
TP1_synth_reverse		93	G	304	127	0	513161	0	15	47	513654	0	0	0	5678	0	0	0	5678
TP1_synth_reverse		94	T	763	59	0	38	0	63	512515	513438	0	0	0	0	0	0	5678	5678
TP1_synth_reverse		95	C	0	513106	0	0	0	46	0	513152	0	5677	0	0	0	0	0	5677
TP1_synth_reverse		96	C	0	512781	0	0	0	3	0	512784	0	5677	0	0	0	0	0	5677
TP1_synth_reverse		97	C	0	511685	0	0	0	1	0	511686	0	5677	0	0	0	0	0	5677
TP1_synth_reverse		98	A	509456	0	0	0	0	0	0	509456	5673	0	0	0	0	0	0	5673
TP1_synth_reverse		99	G	0	0	0	508966	0	0	0	508966	0	0	0	5673	0	0	0	5673
