



























































































































































































































#AmpliconChromStart	Alias	Position	ProbableRef	rawA	rawC	rawD	rawG	rawI	rawN	rawT	rawDepth	consA	consC	consD	consG	consI	consN	consT	consDepth	
TP1_synth_reverse		1	G	0	0	0	511596	0	0	0	511596	0	0	0	14020	0	0	0	14020
TP1_synth_reverse		2	T	0	0	0	0	0	0	513126	513126	0	0	0	0	0	0	14046	14046
TP1_synth_reverse		3	G	0	0	0	515018	0	11	0	515029	0	0	0	14095	0	0	0	14095
TP1_synth_reverse		4	G	0	0	0	515587	0	8	0	515595	0	0	0	14119	0	0	0	14119
TP1_synth_reverse		5	T	0	0	0	0	0	49	515919	515968	0	0	0	0	0	0	14133	14133
TP1_synth_reverse		6	G	105	40	0	516022	0	63	97	516327	1	0	0	14146	0	0	1	14148
TP1_synth_reverse		7	A	516322	10	0	65	0	41	76	516514	14154	0	0	0	0	0	0	14154
TP1_synth_reverse		8	G	83	40	0	516189	0	207	60	516579	0	0	0	14162	0	0	1	14163
TP1_synth_reverse		9	G	189	65	0	516286	3	32	80	516655	1	0	0	14165	1	0	0	14167
TP1_synth_reverse		10	C	136	516387	45	8	4	7	84	516671	0	14167	1	0	0	0	0	14168
TP1_synth_reverse		11	T	141	84	163	10	265	19	516001	516683	0	0	1	0	4	0	14164	14169
TP1_synth_reverse		12	C	161	515497	856	14	0	51	109	516688	0	14153	14	0	0	1	1	14169
TP1_synth_reverse		13	C	204	516214	4	21	0	156	89	516688	0	14168	0	0	0	1	0	14169
TP1_synth_reverse		14	C	199	516336	0	18	0	53	86	516692	0	14169	0	0	0	0	0	14169
TP1_synth_reverse		15	C	123	516482	0	8	2	5	72	516692	0	14169	0	0	0	0	0	14169
TP1_synth_reverse		16	T	335	52	1102	15	0	13	515175	516692	0	0	34	0	0	0	14135	14169
TP1_synth_reverse		17	T	330	97	0	18	0	8	516262	516715	0	5	0	0	0	0	14165	14170
TP1_synth_reverse		18	T	270	76	0	11	154	13	516260	516784	0	0	0	0	1	0	14172	14173
TP1_synth_reverse		19	C	246	596225	484	22	0	78	100	597155	0	14490	9	0	0	0	3	14502
TP1_synth_reverse		20	T	399	50	1341	59	0	60	595246	597155	0	0	21	0	0	1	14480	14502
TP1_synth_reverse		21	T	1375	88	0	46	1	29	595624	597163	0	0	0	0	0	0	14503	14503
TP1_synth_reverse		22	G	87	482	164	596255	0	9	166	597163	0	0	8	14494	0	1	0	14503
TP1_synth_reverse		23	C	464	595026	1296	48	2	35	292	597163	1	14481	17	0	0	1	3	14503
TP1_synth_reverse		24	G	179	98	133	596472	0	16	271	597169	0	0	8	14496	0	0	0	14504
TP1_synth_reverse		25	G	183	291	7	596435	93	42	131	597182	2	0	0	14501	2	0	0	14505
TP1_synth_reverse		26	A	596570	7	350	107	68	10	84	597196	14493	0	7	0	6	0	0	14506
TP1_synth_reverse		27	G	43	148	52	596121	337	72	423	597196	0	0	6	14492	5	0	3	14506
TP1_synth_reverse		28	A	596478	70	298	46	210	22	72	597196	14495	0	4	0	7	0	0	14506
TP1_synth_reverse		29	T	417	62	455	609	1	88	595564	597196	0	0	16	0	0	1	14489	14506
TP1_synth_reverse		30	T	2145	61	12	49	0	48	594887	597202	3	0	2	0	0	2	14500	14507
TP1_synth_reverse		31	C	522	596516	14	34	0	52	59	597197	1	14504	2	0	0	1	0	14508
TP1_synth_reverse		32	T	715	57	8	85	0	17	596307	597189	2	0	2	0	0	0	14504	14508
TP1_synth_reverse		33	C	559	596397	107	21	1	25	76	597186	0	14496	10	0	0	2	0	14508
TP1_synth_reverse		34	T	1976	73	860	1328	0	57	592887	597181	0	0	20	1	0	2	14485	14508
TP1_synth_reverse		35	T	2540	45	10	263	36	41	594233	597168	2	1	2	0	3	0	14500	14508
TP1_synth_reverse		36	C	286	596465	196	53	0	63	110	597173	0	14504	5	0	0	0	0	14509
TP1_synth_reverse		37	C	288	596238	22	354	84	25	141	597152	0	14497	2	0	4	1	5	14509
TP1_synth_reverse		38	T	1344	186	381	65	297	5	594864	597142	1	4	2	0	4	0	14499	14510
TP1_synth_reverse		39	C	221	596387	221	145	61	36	65	597136	0	14498	5	4	2	1	0	14510
TP1_synth_reverse		40	T	1194	50	174	97	7	106	595501	597129	0	0	4	0	1	0	14505	14510
TP1_synth_reverse		41	G	105	974	601	592822	0	36	2583	597121	1	0	9	14498	0	1	1	14510
TP1_synth_reverse		42	T	2228	61	0	129	252	39	594408	597117	5	0	0	1	1	0	14503	14510
TP1_synth_reverse		43	G	90	201	2	594217	0	64	2561	597135	0	0	0	14507	0	1	2	14510
TP1_synth_reverse		44	C	434	595345	3	32	0	8	1310	597132	1	14488	0	0	0	0	21	14510
TP1_synth_reverse		45	G	635	126	22	593900	22	15	2409	597129	5	0	4	14495	4	1	1	14510
TP1_synth_reverse		46	C	761	595498	433	107	0	19	310	597128	1	14495	8	0	0	0	6	14510
TP1_synth_reverse		47	C	209	596315	0	36	2	2	561	597125	1	14505	0	0	0	0	4	14510
TP1_synth_reverse		48	G	140	1016	567	592034	602	11	2745	597115	0	2	1	14494	3	0	10	14510
TP1_synth_reverse		49	A	596211	35	557	37	21	12	98	596971	16293	0	1	0	0	0	0	16294
TP1_synth_reverse		50	T	2384	270	512	27	48	33	593738	597012	1	1	6	0	3	1	16286	16298
TP1_synth_reverse		51	A	596384	31	434	35	0	54	118	597056	16294	0	6	0	0	0	0	16300
TP1_synth_reverse		52	C	408	595734	281	62	187	51	360	597083	1	16274	11	0	5	1	9	16301
TP1_synth_reverse		53	A	596700	15	151	105	1	28	83	597083	16298	0	3	0	0	0	0	16301
TP1_synth_reverse		54	G	269	289	160	594903	462	58	934	597075	2	3	1	16290	4	0	1	16301
TP1_synth_reverse		55	A	596124	103	701	37	0	61	79	597105	16296	0	6	0	0	0	0	16302
TP1_synth_reverse		56	A	596729	4	0	46	186	34	103	597102	16300	0	0	0	1	1	0	16302
TP1_synth_reverse		57	T	2581	37	37	179	0	13	594236	597083	0	0	4	0	0	0	16298	16302
TP1_synth_reverse		58	A	596429	158	282	81	0	52	86	597088	16298	2	2	0	0	1	0	16303
TP1_synth_reverse		59	T	1306	35	14	146	1	50	595515	597067	3	0	2	1	0	0	16297	16303
TP1_synth_reverse		60	C	1622	595087	22	79	102	78	60	597050	2	16289	2	0	9	0	0	16302
TP1_synth_reverse		61	T	820	51	790	689	44	102	594537	597033	1	0	9	0	2	1	16289	16302
TP1_synth_reverse		62	G	608	224	192	595016	208	65	718	597031	5	1	2	16288	3	1	3	16303
TP1_synth_reverse		63	T	4255	51	264	48	0	18	592408	597044	9	0	8	0	0	0	16287	16304
TP1_synth_reverse		64	T	1810	39	233	139	1	37	594777	597036	1	0	2	0	0	0	16301	16304
TP1_synth_reverse		65	C	494	596129	103	20	0	49	236	597031	0	16302	2	0	0	0	0	16304
TP1_synth_reverse		66	G	887	266	128	595007	0	28	707	597023	0	0	7	16292	0	1	4	16304
TP1_synth_reverse		67	C	717	595625	370	19	125	69	116	597041	0	16287	14	0	3	0	1	16305
TP1_synth_reverse		68	A	596237	406	134	144	1	75	43	597040	16305	0	0	0	0	0	0	16305
TP1_synth_reverse		69	C	83	596490	90	42	3	25	258	596991	0	16297	2	0	0	1	2	16302
TP1_synth_reverse		70	T	730	71	532	528	574	97	594448	596980	1	0	11	0	5	2	16283	16302
TP1_synth_reverse		71	C	205	596541	66	39	0	54	72	596977	0	16295	6	0	0	1	0	16302
TP1_synth_reverse		72	C	648	596100	3	42	0	67	112	596972	3	16299	0	0	0	0	0	16302
TP1_synth_reverse		73	G	540	212	383	595104	20	56	647	596962	0	2	7	16281	3	3	6	16302
TP1_synth_reverse		74	A	596230	165	415	76	8	45	21	596960	16286	0	14	0	1	1	0	16302
TP1_synth_reverse		75	G	300	150	166	595842	161	36	289	596944	0	0	2	16292	4	1	3	16302
TP1_synth_reverse		76	T	4927	46	44	56	361	82	591417	596933	15	0	3	0	4	0	16280	16302
TP1_synth_reverse		77	G	108	282	314	595471	0	46	699	596920	0	1	6	16294	0	1	0	16302
TP1_synth_reverse		78	C	181	595163	616	23	255	127	549	596914	0	16280	8	0	2	0	12	16302
TP1_synth_reverse		79	G	214	1188	85	593064	2	48	2090	596691	4	4	6	16280	0	0	8	16302
TP1_synth_reverse		80	G	814	172	33	594296	1	103	1160	596579	6	0	5	16280	0	0	8	16299
TP1_synth_reverse		81	C	299	595313	14	37	363	143	328	596497	2	16274	1	0	8	2	6	16293
TP1_synth_reverse		82	A	514662	10	146	72	0	55	147	515092	14172	0	8	0	0	0	0	14180
TP1_synth_reverse		83	A	514788	114	6	37	0	41	97	515083	14177	3	0	0	0	0	0	14180
TP1_synth_reverse		84	A	514853	12	0	67	6	45	79	515062	14179	0	0	0	0	1	0	14180
TP1_synth_reverse		85	G	158	166	104	513797	0	8	719	514952	2	1	6	14170	0	1	0	14180
TP1_synth_reverse		86	C	182	514378	51	29	0	22	239	514901	0	14178	1	0	0	0	1	14180
TP1_synth_reverse		87	T	1470	56	47	33	1	85	513149	514841	2	0	1	0	0	0	14177	14180
TP1_synth_reverse		88	G	182	281	18	514222	2	25	89	514819	1	0	1	14178	0	0	0	14180
TP1_synth_reverse		89	T	747	71	275	19	0	53	513595	514760	0	0	0	0	0	0	14179	14179
TP1_synth_reverse		90	T	826	51	2	31	0	92	513440	514442	1	0	0	0	0	1	14176	14178
TP1_synth_reverse		91	C	255	513891	0	152	0	21	100	514419	0	14175	0	2	0	1	0	14178
TP1_synth_reverse		92	C	194	513612	0	19	0	72	192	514089	0	14173	0	0	0	0	1	14174
TP1_synth_reverse		93	G	304	127	0	513163	0	15	47	513656	1	0	0	14169	0	0	0	14170
TP1_synth_reverse		94	T	762	59	0	38	0	63	512518	513440	2	1	0	0	0	0	14166	14169
TP1_synth_reverse		95	C	0	513108	0	0	0	46	0	513154	0	14166	0	0	0	1	0	14167
TP1_synth_reverse		96	C	0	512783	0	0	0	3	0	512786	0	14165	0	0	0	1	0	14166
TP1_synth_reverse		97	C	0	511687	0	0	0	1	0	511688	0	14155	0	0	0	0	0	14155
TP1_synth_reverse		98	A	509458	0	0	0	0	0	0	509458	14129	0	0	0	0	0	0	14129
TP1_synth_reverse		99	G	0	0	0	508968	0	0	0	508968	0	0	0	14128	0	0	0	14128
