



























































































































































































































#AmpliconChromStart	Alias	Position	ProbableRef	rawA	rawC	rawD	rawG	rawI	rawN	rawT	rawDepth	consA	consC	consD	consG	consI	consN	consT	consDepth
TP1_synth_reverse		1	G	0	0	0	511596	0	0	0	511596	0	0	0	5311	0	0	0	5311
TP1_synth_reverse		2	T	0	0	0	0	0	0	513126	513126	0	0	0	0	0	0	5317	5317
TP1_synth_reverse		3	G	0	0	0	515018	0	11	0	515029	0	0	0	5330	0	0	0	5330
TP1_synth_reverse		4	G	0	0	0	515587	0	8	0	515595	0	0	0	5337	0	0	0	5337
TP1_synth_reverse		5	T	0	0	0	0	0	49	515919	515968	0	0	0	0	0	0	5339	5339
TP1_synth_reverse		6	G	105	40	0	516022	0	63	97	516327	0	0	0	5340	0	0	0	5340
TP1_synth_reverse		7	A	516322	10	0	65	0	41	76	516514	5343	0	0	0	0	0	0	5343
TP1_synth_reverse		8	G	83	40	0	516189	0	207	60	516579	0	0	0	5345	0	0	0	5345
TP1_synth_reverse		9	G	189	65	0	516286	3	32	80	516655	1	0	0	5346	0	0	0	5347
TP1_synth_reverse		10	C	136	516387	45	8	4	7	84	516671	0	5346	1	0	0	0	0	5347
TP1_synth_reverse		11	T	141	84	163	10	265	19	516001	516683	0	0	1	0	2	0	5344	5347
TP1_synth_reverse		12	C	161	515497	856	14	0	51	109	516688	0	5339	8	0	0	0	0	5347
TP1_synth_reverse		13	C	204	516214	4	21	0	156	89	516688	0	5347	0	0	0	0	0	5347
TP1_synth_reverse		14	C	199	516336	0	18	0	53	86	516692	0	5347	0	0	0	0	0	5347
TP1_synth_reverse		15	C	123	516482	0	8	2	5	72	516692	0	5347	0	0	0	0	0	5347
TP1_synth_reverse		16	T	335	52	1102	15	0	13	515175	516692	0	0	8	0	0	0	5339	5347
TP1_synth_reverse		17	T	330	97	0	18	0	8	516262	516715	0	0	0	0	0	0	5347	5347
TP1_synth_reverse		18	T	270	76	0	11	154	13	516260	516784	0	0	0	0	1	0	5347	5348
TP1_synth_reverse		19	C	246	596225	484	22	0	78	100	597155	0	5420	2	0	0	0	1	5423
TP1_synth_reverse		20	T	399	50	1341	59	0	60	595246	597155	0	0	10	0	0	0	5413	5423
TP1_synth_reverse		21	T	1375	88	0	46	1	29	595624	597163	0	0	0	0	0	0	5423	5423
TP1_synth_reverse		22	G	87	482	164	596266	0	9	166	597174	0	0	2	5421	0	0	0	5423
TP1_synth_reverse		23	C	464	595037	1296	48	2	35	292	597174	0	5413	9	0	0	0	1	5423
TP1_synth_reverse		24	G	179	98	133	596483	0	16	271	597180	0	0	3	5420	0	0	0	5423
TP1_synth_reverse		25	G	183	291	7	596433	93	42	131	597180	1	0	0	5421	1	0	0	5423
TP1_synth_reverse		26	A	596568	7	350	107	68	10	84	597194	5418	0	4	0	1	0	0	5423
TP1_synth_reverse		27	G	43	151	52	596116	337	72	423	597194	0	0	1	5420	2	0	0	5423
TP1_synth_reverse		28	A	596476	70	298	46	210	22	72	597194	5418	0	1	0	4	0	0	5423
TP1_synth_reverse		29	T	417	62	455	609	1	88	595562	597194	0	0	2	0	0	0	5421	5423
TP1_synth_reverse		30	T	2145	61	12	49	0	48	594885	597200	0	0	0	0	0	0	5423	5423
TP1_synth_reverse		31	C	522	596514	14	34	0	52	59	597195	0	5424	0	0	0	0	0	5424
TP1_synth_reverse		32	T	714	57	8	85	0	17	596306	597187	0	0	0	0	0	0	5424	5424
TP1_synth_reverse		33	C	558	596396	107	21	1	25	76	597184	0	5423	1	0	0	0	0	5424
TP1_synth_reverse		34	T	1974	73	860	1330	0	57	592885	597179	0	0	7	0	0	0	5417	5424
TP1_synth_reverse		35	T	2537	45	10	263	36	41	594234	597166	0	0	0	0	1	0	5423	5424
TP1_synth_reverse		36	C	286	596463	196	53	0	63	110	597171	0	5422	2	0	0	0	0	5424
TP1_synth_reverse		37	C	288	596236	22	354	84	25	141	597150	0	5420	0	0	3	0	1	5424
TP1_synth_reverse		38	T	1345	186	381	65	297	5	594861	597140	0	1	1	0	2	0	5420	5424
TP1_synth_reverse		39	C	221	596385	221	145	61	36	65	597134	0	5418	4	1	1	0	0	5424
TP1_synth_reverse		40	T	1193	50	174	97	7	106	595500	597127	0	0	4	0	0	0	5420	5424
TP1_synth_reverse		41	G	105	974	601	592824	0	36	2579	597119	0	0	5	5418	0	0	1	5424
TP1_synth_reverse		42	T	2229	61	0	129	252	39	594405	597115	0	0	0	0	1	0	5423	5424
TP1_synth_reverse		43	G	90	199	2	594217	0	64	2561	597133	0	0	0	5424	0	0	0	5424
TP1_synth_reverse		44	C	432	595345	3	32	0	8	1310	597130	0	5413	0	0	0	0	11	5424
TP1_synth_reverse		45	G	635	127	22	593900	22	15	2406	597127	3	0	0	5421	0	0	0	5424
TP1_synth_reverse		46	C	761	595496	433	107	0	19	310	597126	0	5419	4	0	0	0	1	5424
TP1_synth_reverse		47	C	209	596313	0	36	2	2	561	597123	0	5421	0	0	0	0	3	5424
TP1_synth_reverse		48	G	140	1016	567	592035	602	11	2742	597113	0	0	1	5421	2	0	0	5424
TP1_synth_reverse		49	A	596209	35	557	37	21	12	98	596969	5875	0	1	0	0	0	0	5876
TP1_synth_reverse		50	T	2383	270	512	27	48	33	593737	597010	0	1	3	0	1	0	5871	5876
TP1_synth_reverse		51	A	596382	31	434	35	0	54	118	597054	5874	0	2	0	0	0	0	5876
TP1_synth_reverse		52	C	408	595732	281	62	187	51	360	597081	1	5864	6	0	2	0	4	5877
TP1_synth_reverse		53	A	596698	15	151	105	1	28	83	597081	5875	0	2	0	0	0	0	5877
TP1_synth_reverse		54	G	270	290	160	594899	462	58	934	597073	0	0	0	5876	1	0	0	5877
TP1_synth_reverse		55	A	596122	103	701	37	0	61	79	597103	5873	0	5	0	0	0	0	5878
TP1_synth_reverse		56	A	596727	4	0	46	186	34	103	597100	5877	0	0	0	1	0	0	5878
TP1_synth_reverse		57	T	2585	37	37	179	0	13	594230	597081	0	0	1	0	0	0	5877	5878
TP1_synth_reverse		58	A	596427	158	282	81	0	52	86	597086	5876	1	1	0	0	0	0	5878
TP1_synth_reverse		59	T	1308	35	14	146	1	50	595511	597065	0	0	0	0	0	0	5878	5878
TP1_synth_reverse		60	C	1619	595088	22	79	102	78	60	597048	0	5876	0	0	2	0	0	5878
TP1_synth_reverse		61	T	818	51	790	689	44	102	594537	597031	0	0	5	0	2	0	5871	5878
TP1_synth_reverse		62	G	606	224	192	595016	208	65	718	597029	2	0	1	5870	2	0	3	5878
TP1_synth_reverse		63	T	4255	51	264	48	0	18	592406	597042	0	0	2	0	0	0	5877	5879
TP1_synth_reverse		64	T	1810	39	233	139	1	37	594775	597034	0	0	2	0	0	0	5877	5879
TP1_synth_reverse		65	C	493	596128	103	20	0	49	236	597029	0	5878	1	0	0	0	0	5879
TP1_synth_reverse		66	G	886	266	128	595006	0	28	707	597021	0	0	2	5876	0	0	1	5879
TP1_synth_reverse		67	C	717	595623	370	19	125	69	116	597039	0	5873	4	0	2	0	1	5880
TP1_synth_reverse		68	A	596235	406	134	144	1	75	43	597038	5880	0	0	0	0	0	0	5880
TP1_synth_reverse		69	C	83	596488	90	42	3	25	258	596989	0	5877	1	0	0	0	2	5880
TP1_synth_reverse		70	T	730	71	532	528	574	97	594446	596978	0	0	4	0	1	0	5875	5880
TP1_synth_reverse		71	C	205	596539	66	39	0	54	72	596975	0	5880	0	0	0	0	0	5880
TP1_synth_reverse		72	C	649	596097	3	42	0	67	112	596970	0	5880	0	0	0	0	0	5880
TP1_synth_reverse		73	G	541	212	383	595101	20	56	647	596960	0	0	3	5875	0	0	2	5880
TP1_synth_reverse		74	A	596229	165	415	75	8	45	21	596958	5875	0	5	0	0	0	0	5880
TP1_synth_reverse		75	G	301	150	166	595839	161	36	289	596942	0	0	1	5877	1	0	1	5880
TP1_synth_reverse		76	T	4928	46	44	56	361	82	591414	596931	0	0	2	0	2	0	5876	5880
TP1_synth_reverse		77	G	108	282	314	595469	0	46	699	596918	0	0	1	5879	0	0	0	5880
TP1_synth_reverse		78	C	181	595161	616	23	255	127	549	596912	0	5873	3	0	2	0	2	5880
TP1_synth_reverse		79	G	214	1188	85	593063	2	48	2089	596689	0	0	1	5877	0	0	2	5880
TP1_synth_reverse		80	G	814	172	33	594293	1	103	1161	596577	4	0	0	5874	0	0	2	5880
TP1_synth_reverse		81	C	299	595311	14	37	363	143	328	596495	1	5877	0	0	2	0	0	5880
TP1_synth_reverse		82	A	514660	10	146	72	0	55	147	515090	5351	0	1	0	0	0	0	5352
TP1_synth_reverse		83	A	514786	114	6	37	0	41	97	515081	5350	2	0	0	0	0	0	5352
TP1_synth_reverse		84	A	514851	12	0	67	6	45	79	515060	5352	0	0	0	0	0	0	5352
TP1_synth_reverse		85	G	158	166	104	513795	0	8	719	514950	2	0	1	5349	0	0	0	5352
TP1_synth_reverse		86	C	182	514376	51	29	0	22	239	514899	0	5351	0	0	0	0	1	5352
TP1_synth_reverse		87	T	1469	56	47	33	1	85	513148	514839	0	0	0	0	0	0	5352	5352
TP1_synth_reverse		88	G	181	281	18	514220	2	25	89	514816	0	0	0	5352	0	0	0	5352
TP1_synth_reverse		89	T	747	71	275	18	0	53	513593	514757	0	0	0	0	0	0	5352	5352
TP1_synth_reverse		90	T	826	51	2	31	0	92	513437	514439	0	0	0	0	0	0	5352	5352
TP1_synth_reverse		91	C	255	513888	0	152	0	21	100	514416	0	5352	0	0	0	0	0	5352
TP1_synth_reverse		92	C	194	513609	0	19	0	72	192	514086	0	5351	0	0	0	0	0	5351
TP1_synth_reverse		93	G	304	127	0	513160	0	15	47	513653	0	0	0	5349	0	0	0	5349
TP1_synth_reverse		94	T	762	59	0	38	0	63	512515	513437	0	0	0	0	0	0	5349	5349
TP1_synth_reverse		95	C	0	513105	0	0	0	46	0	513151	0	5348	0	0	0	0	0	5348
TP1_synth_reverse		96	C	0	512780	0	0	0	3	0	512783	0	5348	0	0	0	0	0	5348
TP1_synth_reverse		97	C	0	511684	0	0	0	1	0	511685	0	5348	0	0	0	0	0	5348
TP1_synth_reverse		98	A	509455	0	0	0	0	0	0	509455	5344	0	0	0	0	0	0	5344
TP1_synth_reverse		99	G	0	0	0	508965	0	0	0	508965	0	0	0	5344	0	0	0	5344
