



























































































































































































































#AmpliconChromStart	Alias	Position	ProbableRef	rawA	rawC	rawD	rawG	rawI	rawN	rawT	rawDepth	consA	consC	consD	consG	consI	consN	consT	consDepth	
TP1_synth_reverse		1	G	0	0	0	511596	0	0	0	511596	0	0	0	10583	0	0	0	10583
TP1_synth_reverse		2	T	0	0	0	0	0	0	513126	513126	0	0	0	0	0	0	10595	10595
TP1_synth_reverse		3	G	0	0	0	515018	0	11	0	515029	0	0	0	10621	0	0	0	10621
TP1_synth_reverse		4	G	0	0	0	515587	0	8	0	515595	0	0	0	10631	0	0	0	10631
TP1_synth_reverse		5	T	0	0	0	0	0	49	515919	515968	0	0	0	0	0	0	10636	10636
TP1_synth_reverse		6	G	105	40	0	516022	0	63	97	516327	1	0	0	10637	0	0	1	10639
TP1_synth_reverse		7	A	516322	10	0	65	0	41	76	516514	10645	0	0	0	0	0	0	10645
TP1_synth_reverse		8	G	83	40	0	516189	0	207	60	516579	0	0	0	10652	0	0	0	10652
TP1_synth_reverse		9	G	189	65	0	516286	3	32	80	516655	1	0	0	10652	1	0	0	10654
TP1_synth_reverse		10	C	136	516387	45	8	4	7	84	516671	0	10654	1	0	0	0	0	10655
TP1_synth_reverse		11	T	141	84	163	10	265	19	516001	516683	0	0	1	0	2	0	10653	10656
TP1_synth_reverse		12	C	161	515497	856	14	0	51	109	516688	0	10644	12	0	0	0	0	10656
TP1_synth_reverse		13	C	204	516214	4	21	0	156	89	516688	0	10656	0	0	0	0	0	10656
TP1_synth_reverse		14	C	199	516336	0	18	0	53	86	516692	0	10656	0	0	0	0	0	10656
TP1_synth_reverse		15	C	123	516482	0	8	2	5	72	516692	0	10656	0	0	0	0	0	10656
TP1_synth_reverse		16	T	335	52	1102	15	0	13	515175	516692	0	0	20	0	0	0	10636	10656
TP1_synth_reverse		17	T	330	97	0	18	0	8	516262	516715	0	5	0	0	0	0	10651	10656
TP1_synth_reverse		18	T	270	76	0	11	154	13	516260	516784	0	0	0	0	1	0	10656	10657
TP1_synth_reverse		19	C	246	596225	484	22	0	78	100	597155	0	10895	8	0	0	0	2	10905
TP1_synth_reverse		20	T	399	50	1341	59	0	60	595246	597155	0	0	16	0	0	0	10889	10905
TP1_synth_reverse		21	T	1375	88	0	46	1	29	595624	597163	0	0	0	0	0	0	10905	10905
TP1_synth_reverse		22	G	87	482	164	596266	0	9	166	597174	0	0	5	10901	0	0	0	10906
TP1_synth_reverse		23	C	464	595037	1296	48	2	35	292	597174	1	10888	15	0	0	0	2	10906
TP1_synth_reverse		24	G	179	98	133	596483	0	16	271	597180	0	0	5	10902	0	0	0	10907
TP1_synth_reverse		25	G	183	291	7	596446	93	42	131	597193	2	0	0	10904	2	0	0	10908
TP1_synth_reverse		26	A	596581	7	350	107	68	10	84	597207	10903	0	4	0	2	0	0	10909
TP1_synth_reverse		27	G	43	151	52	596129	337	72	423	597207	0	0	4	10898	4	0	3	10909
TP1_synth_reverse		28	A	596489	70	298	46	210	22	72	597207	10900	0	4	0	5	0	0	10909
TP1_synth_reverse		29	T	417	62	455	609	1	88	595575	597207	0	0	10	0	0	0	10899	10909
TP1_synth_reverse		30	T	2145	61	12	49	0	48	594898	597213	0	0	2	0	0	0	10908	10910
TP1_synth_reverse		31	C	522	596527	14	34	0	52	59	597208	0	10909	2	0	0	0	0	10911
TP1_synth_reverse		32	T	715	57	8	85	0	17	596318	597200	0	0	2	0	0	0	10909	10911
TP1_synth_reverse		33	C	559	596408	107	21	1	25	76	597197	0	10903	8	0	0	0	0	10911
TP1_synth_reverse		34	T	1976	73	860	1330	0	57	592896	597192	0	0	17	0	0	0	10894	10911
TP1_synth_reverse		35	T	2540	45	10	263	36	41	594244	597179	0	1	2	0	3	0	10905	10911
TP1_synth_reverse		36	C	287	596475	196	53	0	63	110	597184	0	10908	4	0	0	0	0	10912
TP1_synth_reverse		37	C	289	596248	22	354	84	25	141	597163	0	10903	2	0	4	0	3	10912
TP1_synth_reverse		38	T	1345	186	381	65	297	5	594874	597153	0	3	1	0	3	0	10906	10913
TP1_synth_reverse		39	C	221	596398	221	145	61	36	65	597147	0	10904	4	3	2	0	0	10913
TP1_synth_reverse		40	T	1195	50	174	97	7	106	595511	597140	0	0	4	0	1	0	10908	10913
TP1_synth_reverse		41	G	105	974	601	592836	0	36	2585	597137	1	1	6	10905	0	0	1	10914
TP1_synth_reverse		42	T	2229	61	0	129	252	39	594423	597133	0	0	0	1	1	0	10912	10914
TP1_synth_reverse		43	G	90	201	2	594231	0	64	2563	597151	0	0	0	10913	0	0	1	10914
TP1_synth_reverse		44	C	434	595361	3	32	0	8	1310	597148	1	10897	0	0	0	0	16	10914
TP1_synth_reverse		45	G	635	127	22	593913	22	15	2411	597145	4	0	3	10904	2	0	1	10914
TP1_synth_reverse		46	C	762	595513	433	107	0	19	310	597144	0	10903	6	0	0	0	5	10914
TP1_synth_reverse		47	C	209	596331	0	36	2	2	561	597141	0	10911	0	0	0	0	3	10914
TP1_synth_reverse		48	G	140	1016	567	592041	602	11	2750	597127	0	0	1	10909	2	0	2	10914
TP1_synth_reverse		49	A	596223	35	557	37	21	12	98	596983	11934	0	1	0	0	0	0	11935
TP1_synth_reverse		50	T	2386	270	512	27	48	33	593748	597024	0	1	5	0	1	0	11931	11938
TP1_synth_reverse		51	A	596396	31	434	35	0	54	118	597068	11935	0	4	0	0	0	0	11939
TP1_synth_reverse		52	C	409	595745	281	62	187	51	360	597095	1	11918	11	0	4	0	6	11940
TP1_synth_reverse		53	A	596712	15	151	105	1	28	83	597095	11938	0	2	0	0	0	0	11940
TP1_synth_reverse		54	G	271	291	160	594911	462	58	934	597087	1	2	1	11932	3	0	1	11940
TP1_synth_reverse		55	A	596136	103	701	37	0	61	79	597117	11935	0	6	0	0	0	0	11941
TP1_synth_reverse		56	A	596741	4	0	46	186	34	103	597114	11940	0	0	0	1	0	0	11941
TP1_synth_reverse		57	T	2586	37	37	179	0	13	594243	597095	0	0	3	0	0	0	11938	11941
TP1_synth_reverse		58	A	596441	158	282	81	0	52	86	597100	11939	2	1	0	0	0	0	11942
TP1_synth_reverse		59	T	1309	35	14	146	1	50	595524	597079	0	0	1	0	0	0	11941	11942
TP1_synth_reverse		60	C	1621	595100	22	79	102	78	60	597062	0	11933	2	0	7	0	0	11942
TP1_synth_reverse		61	T	822	51	790	688	44	102	594548	597045	0	0	9	0	2	0	11931	11942
TP1_synth_reverse		62	G	608	224	192	595022	208	65	718	597037	3	0	2	11931	3	0	3	11942
TP1_synth_reverse		63	T	4256	51	264	48	0	18	592413	597050	2	0	5	0	0	0	11936	11943
TP1_synth_reverse		64	T	1812	39	233	139	1	37	594781	597042	0	0	2	0	0	0	11941	11943
TP1_synth_reverse		65	C	494	596135	103	20	0	49	236	597037	0	11941	2	0	0	0	0	11943
TP1_synth_reverse		66	G	888	266	128	595012	0	28	707	597029	0	0	5	11935	0	0	3	11943
TP1_synth_reverse		67	C	717	595631	370	19	125	69	116	597047	0	11930	10	0	3	0	1	11944
TP1_synth_reverse		68	A	596243	406	134	144	1	75	43	597046	11944	0	0	0	0	0	0	11944
TP1_synth_reverse		69	C	83	596496	90	42	3	25	258	596997	0	11938	2	0	0	0	2	11942
TP1_synth_reverse		70	T	730	71	532	528	574	97	594454	596986	0	0	8	0	3	0	11931	11942
TP1_synth_reverse		71	C	205	596547	66	39	0	54	72	596983	0	11939	3	0	0	0	0	11942
TP1_synth_reverse		72	C	650	596104	3	42	0	67	112	596978	0	11942	0	0	0	0	0	11942
TP1_synth_reverse		73	G	541	213	383	595108	20	56	647	596968	0	0	4	11931	3	0	4	11942
TP1_synth_reverse		74	A	596236	165	415	76	8	45	21	596966	11929	0	12	0	1	0	0	11942
TP1_synth_reverse		75	G	301	150	166	595847	161	36	289	596950	0	0	2	11937	2	0	1	11942
TP1_synth_reverse		76	T	4929	46	44	56	361	82	591421	596939	2	0	3	0	3	0	11934	11942
TP1_synth_reverse		77	G	108	282	314	595476	0	46	700	596926	0	0	4	11938	0	0	0	11942
TP1_synth_reverse		78	C	181	595169	616	23	255	127	549	596920	0	11927	6	0	2	0	7	11942
TP1_synth_reverse		79	G	214	1187	85	593070	2	48	2091	596697	3	2	4	11928	0	0	5	11942
TP1_synth_reverse		80	G	814	172	33	594301	1	103	1161	596585	5	0	3	11926	0	0	6	11940
TP1_synth_reverse		81	C	299	595319	14	37	363	143	328	596503	1	11928	1	0	6	0	2	11938
TP1_synth_reverse		82	A	514669	10	146	72	0	55	147	515099	10663	0	6	0	0	0	0	10669
TP1_synth_reverse		83	A	514795	114	6	37	0	41	97	515090	10666	3	0	0	0	0	0	10669
TP1_synth_reverse		84	A	514860	12	0	67	6	45	79	515069	10669	0	0	0	0	0	0	10669
TP1_synth_reverse		85	G	158	166	104	513805	0	8	718	514959	2	0	3	10664	0	0	0	10669
TP1_synth_reverse		86	C	182	514385	51	29	0	22	239	514908	0	10668	0	0	0	0	1	10669
TP1_synth_reverse		87	T	1470	56	47	33	1	85	513156	514848	0	0	0	0	0	0	10669	10669
TP1_synth_reverse		88	G	182	281	18	514227	2	25	89	514824	1	0	0	10668	0	0	0	10669
TP1_synth_reverse		89	T	748	71	275	19	0	53	513599	514765	0	0	0	0	0	0	10669	10669
TP1_synth_reverse		90	T	826	51	2	31	0	92	513445	514447	0	0	0	0	0	0	10669	10669
TP1_synth_reverse		91	C	255	513896	0	152	0	21	100	514424	0	10667	0	2	0	0	0	10669
TP1_synth_reverse		92	C	194	513616	0	19	0	72	192	514093	0	10666	0	0	0	0	0	10666
TP1_synth_reverse		93	G	304	127	0	513167	0	15	47	513660	1	0	0	10661	0	0	0	10662
TP1_synth_reverse		94	T	763	59	0	38	0	63	512521	513444	0	0	0	0	0	0	10661	10661
TP1_synth_reverse		95	C	0	513112	0	0	0	46	0	513158	0	10659	0	0	0	0	0	10659
TP1_synth_reverse		96	C	0	512787	0	0	0	3	0	512790	0	10658	0	0	0	0	0	10658
TP1_synth_reverse		97	C	0	511691	0	0	0	1	0	511692	0	10652	0	0	0	0	0	10652
TP1_synth_reverse		98	A	509462	0	0	0	0	0	0	509462	10636	0	0	0	0	0	0	10636
TP1_synth_reverse		99	G	0	0	0	508972	0	0	0	508972	0	0	0	10635	0	0	0	10635
