



























































































































































































































#AmpliconChromStart	Alias	Position	ProbableRef	rawA	rawC	rawD	rawG	rawI	rawN	rawT	rawDepth	consA	consC	consD	consG	consI	consN	consT	consDepth
TP1_synth_reverse		1	G	0	0	0	771733	0	0	0	771733	0	0	0	8996	0	0	0	8996
TP1_synth_reverse		2	T	0	0	0	0	0	0	772773	772773	0	0	0	0	0	0	9004	9004
TP1_synth_reverse		3	G	0	0	0	775588	0	57	0	775645	0	0	0	9028	0	0	0	9028
TP1_synth_reverse		4	G	0	0	0	776422	0	41	0	776463	0	0	0	9037	0	0	0	9037
TP1_synth_reverse		5	T	0	0	0	0	0	12	776784	776796	0	0	0	0	0	0	9039	9039
TP1_synth_reverse		6	G	110	66	0	778140	0	13	337	778666	0	0	0	9050	0	0	1	9051
TP1_synth_reverse		7	A	778752	18	0	100	0	62	144	779076	9055	0	0	0	0	0	0	9055
TP1_synth_reverse		8	G	98	73	0	779744	0	102	293	780310	0	0	0	9069	0	0	1	9070
TP1_synth_reverse		9	G	106	134	0	780107	2	32	306	780687	1	0	0	9071	0	0	2	9074
TP1_synth_reverse		10	C	174	780176	188	22	0	27	127	780714	0	9074	1	0	0	0	0	9075
TP1_synth_reverse		11	T	155	139	147	9	518	26	779733	780727	0	0	1	0	4	0	9070	9075
TP1_synth_reverse		12	C	283	778075	2128	22	1	65	153	780727	0	9054	21	0	0	0	0	9075
TP1_synth_reverse		13	C	364	780147	4	17	0	75	120	780727	0	9075	0	0	0	0	0	9075
TP1_synth_reverse		14	C	359	780211	1	19	0	39	98	780727	0	9075	0	0	0	0	0	9075
TP1_synth_reverse		15	C	251	779398	528	26	324	46	168	780741	0	9065	5	0	3	0	2	9075
TP1_synth_reverse		16	T	287	85	2311	11	0	169	777889	780752	0	0	27	0	0	0	9048	9075
TP1_synth_reverse		17	T	281	111	15	15	0	53	780286	780761	0	0	1	0	0	0	9074	9075
TP1_synth_reverse		18	T	277	127	27	2	98	54	780181	780766	0	0	1	0	2	0	9072	9075
TP1_synth_reverse		19	C	280	779768	641	27	55	56	87	780914	0	9065	8	0	2	0	1	9076
TP1_synth_reverse		20	T	226	292	345	9	1	19	780022	780914	0	1	5	0	0	0	9070	9076
TP1_synth_reverse		21	T	412	395	44	41	1862	91	778069	780914	0	2	2	1	13	0	9058	9076
TP1_synth_reverse		22	G	306	371	758	778106	416	7	950	780914	1	0	9	9056	5	0	5	9076
TP1_synth_reverse		23	C	451	774981	907	82	3112	22	1359	780914	0	9024	10	1	30	0	11	9076
TP1_synth_reverse		24	G	372	149	702	778571	3	38	1085	780920	2	0	7	9060	0	0	7	9076
TP1_synth_reverse		25	G	116	532	49	778836	369	107	924	780933	0	0	1	9067	4	0	5	9077
TP1_synth_reverse		26	A	777683	18	706	156	2196	45	149	780953	9052	0	6	0	19	0	1	9078
TP1_synth_reverse		27	G	82	646	430	778624	237	22	912	780953	0	0	5	9065	2	0	6	9078
TP1_synth_reverse		28	A	780201	40	330	73	184	34	97	780959	9069	0	7	0	2	0	0	9078
TP1_synth_reverse		29	T	236	98	1170	307	0	132	779016	780959	0	0	13	1	0	0	9064	9078
TP1_synth_reverse		30	T	848	88	541	55	4	102	779332	780970	0	0	5	0	0	0	9073	9078
TP1_synth_reverse		31	C	398	779462	836	34	92	63	73	780958	0	9068	9	0	1	0	0	9078
TP1_synth_reverse		32	T	610	83	680	31	100	322	779125	780951	1	0	6	0	0	0	9071	9078
TP1_synth_reverse		33	C	383	779668	566	35	81	127	87	780947	1	9068	8	0	1	0	0	9078
TP1_synth_reverse		34	T	660	130	1208	66	1	79	778799	780943	0	0	10	0	0	0	9068	9078
TP1_synth_reverse		35	T	1250	116	200	63	733	69	778504	780935	0	0	1	0	7	0	9070	9078
TP1_synth_reverse		36	C	514	779683	569	25	0	43	99	780933	0	9073	5	0	0	0	0	9078
TP1_synth_reverse		37	C	460	779156	540	52	17	64	639	780928	0	9070	5	0	0	0	3	9078
TP1_synth_reverse		38	T	570	321	1238	225	17	24	778518	780913	0	2	11	0	0	0	9065	9078
TP1_synth_reverse		39	C	371	779460	634	43	256	71	79	780914	0	9070	6	0	2	0	0	9078
TP1_synth_reverse		40	T	1221	85	1060	43	1935	146	776419	780909	0	0	9	0	16	0	9053	9078
TP1_synth_reverse		41	G	609	488	367	777630	1194	17	598	780903	3	0	3	9060	10	0	2	9078
TP1_synth_reverse		42	T	1858	83	563	31	2926	62	775372	780895	0	0	7	0	27	0	9044	9078
TP1_synth_reverse		43	G	663	365	356	777851	452	352	856	780895	4	0	4	9060	6	0	4	9078
TP1_synth_reverse		44	C	413	774788	744	194	3445	162	1147	780893	0	9022	8	4	33	0	11	9078
TP1_synth_reverse		45	G	289	316	351	778307	343	45	1225	780876	2	1	4	9065	4	0	2	9078
TP1_synth_reverse		46	C	580	779201	560	87	1	13	440	780882	0	9068	3	1	0	0	6	9078
TP1_synth_reverse		47	C	330	778856	8	35	1384	26	250	780889	0	9057	0	0	20	0	1	9078
TP1_synth_reverse		48	G	323	559	451	777739	523	47	1223	780865	0	0	3	9069	2	0	4	9078
TP1_synth_reverse		49	A	779645	39	562	89	145	190	188	780858	9066	0	9	0	2	0	1	9078
TP1_synth_reverse		50	T	925	59	743	125	2	119	778867	780840	0	0	8	0	0	0	9070	9078
TP1_synth_reverse		51	A	779690	46	388	84	226	121	307	780862	9069	0	7	0	2	0	1	9079
TP1_synth_reverse		52	C	476	779159	204	100	451	265	203	780858	0	9066	5	0	6	0	2	9079
TP1_synth_reverse		53	A	779010	23	440	274	692	268	173	780880	9064	0	7	1	8	0	0	9080
TP1_synth_reverse		54	G	203	200	555	779055	551	94	204	780862	1	0	6	9068	5	0	0	9080
TP1_synth_reverse		55	A	779036	141	1446	85	0	108	75	780891	9072	0	9	0	0	0	0	9081
TP1_synth_reverse		56	A	780039	10	492	140	6	97	102	780886	9078	0	3	0	0	0	0	9081
TP1_synth_reverse		57	T	1506	54	908	202	481	216	777485	780852	0	0	5	0	1	0	9075	9081
TP1_synth_reverse		58	A	780225	17	153	82	6	248	119	780850	9079	0	2	0	0	0	0	9081
TP1_synth_reverse		59	T	799	172	64	72	316	332	779078	780833	0	2	1	0	4	0	9074	9081
TP1_synth_reverse		60	C	726	779154	410	69	171	215	69	780814	0	9074	4	0	3	0	0	9081
TP1_synth_reverse		61	T	1051	227	759	120	1096	201	777356	780810	0	0	6	1	10	0	9064	9081
TP1_synth_reverse		62	G	446	205	471	778001	515	272	884	780794	2	0	4	9068	2	0	5	9081
TP1_synth_reverse		63	T	1771	73	803	29	1	130	777997	780804	0	0	8	0	0	0	9074	9082
TP1_synth_reverse		64	T	1625	239	85	21	249	51	778523	780793	0	1	1	0	1	0	9079	9082
TP1_synth_reverse		65	C	1023	777701	1340	26	420	128	146	780784	0	9066	11	0	5	0	0	9082
TP1_synth_reverse		66	G	662	391	473	778692	1	53	503	780775	3	1	3	9071	0	0	4	9082
TP1_synth_reverse		67	C	742	778401	501	25	689	194	220	780772	0	9071	3	0	7	0	1	9082
TP1_synth_reverse		68	A	779660	173	406	302	81	96	63	780781	9080	0	3	0	0	0	0	9083
TP1_synth_reverse		69	C	389	779205	790	32	1	70	285	780772	2	9073	6	0	0	0	2	9083
TP1_synth_reverse		70	T	950	160	984	30	14	100	778532	780770	0	0	8	0	0	0	9075	9083
TP1_synth_reverse		71	C	334	778014	2013	33	0	273	99	780766	0	9069	14	0	0	0	0	9083
TP1_synth_reverse		72	C	624	778732	861	58	163	129	193	780760	0	9075	5	0	2	0	1	9083
TP1_synth_reverse		73	G	186	468	1132	777964	21	296	677	780744	0	0	9	9068	0	0	6	9083
TP1_synth_reverse		74	A	778790	43	1257	115	396	100	39	780740	9071	0	9	0	3	0	0	9083
TP1_synth_reverse		75	G	322	339	1278	778476	161	47	110	780733	2	0	12	9067	2	0	0	9083
TP1_synth_reverse		76	T	779	101	1348	211	40	45	778192	780716	0	0	14	2	0	0	9067	9083
TP1_synth_reverse		77	G	333	308	286	778696	1	66	1010	780700	8	0	4	9062	0	0	9	9083
TP1_synth_reverse		78	C	415	776481	953	37	753	428	1624	780691	1	9052	9	0	9	0	12	9083
TP1_synth_reverse		79	G	534	558	854	777785	3	123	828	780685	3	2	11	9064	0	0	3	9083
TP1_synth_reverse		80	G	322	236	600	778279	6	138	1076	780657	3	0	4	9070	0	0	6	9083
TP1_synth_reverse		81	C	316	779053	591	94	396	73	116	780639	1	9076	4	0	2	0	0	9083
TP1_synth_reverse		82	A	778430	33	1726	126	0	69	130	780514	9070	0	13	0	0	0	0	9083
TP1_synth_reverse		83	A	779773	51	310	93	1	196	86	780510	9081	0	2	0	0	0	0	9083
TP1_synth_reverse		84	A	779764	39	198	136	91	204	45	780477	9082	0	0	0	1	0	0	9083
TP1_synth_reverse		85	G	113	300	91	779615	27	104	135	780385	0	0	0	9083	0	0	0	9083
TP1_synth_reverse		86	C	492	779436	177	45	8	86	100	780344	1	9081	1	0	0	0	0	9083
TP1_synth_reverse		87	T	1179	84	9	20	10	270	778707	780279	1	0	0	0	0	0	9082	9083
TP1_synth_reverse		88	G	140	471	5	779021	174	122	213	780146	0	0	0	9082	1	0	0	9083
TP1_synth_reverse		89	T	565	91	564	11	0	40	778807	780078	0	0	0	0	0	0	9083	9083
TP1_synth_reverse		90	T	543	88	0	28	0	88	778581	779328	0	0	0	0	0	0	9082	9082
TP1_synth_reverse		91	C	463	778331	0	67	0	274	100	779235	0	9082	0	0	0	0	0	9082
TP1_synth_reverse		92	C	392	777785	0	120	0	349	352	778998	0	9081	0	0	0	0	1	9082
TP1_synth_reverse		93	G	203	339	0	777743	0	126	118	778529	0	0	0	9081	0	0	0	9081
TP1_synth_reverse		94	T	441	84	0	32	0	70	777362	777989	0	0	0	0	0	0	9081	9081
TP1_synth_reverse		95	C	0	777265	0	0	0	143	0	777408	0	9081	0	0	0	0	0	9081
TP1_synth_reverse		96	C	0	775762	0	0	0	103	0	775865	0	9080	0	0	0	0	0	9080
TP1_synth_reverse		97	C	0	774802	0	0	0	133	0	774935	0	9079	0	0	0	0	0	9079
TP1_synth_reverse		98	A	773422	0	0	0	0	0	0	773422	9077	0	0	0	0	0	0	9077
TP1_synth_reverse		99	G	0	0	0	772500	0	0	0	772500	0	0	0	9075	0	0	0	9075
