



























































































































































































































#AmpliconChromStart	Alias	Position	ProbableRef	rawA	rawC	rawD	rawG	rawI	rawN	rawT	rawDepth	consA	consC	consD	consG	consI	consN	consT	consDepth	
TP1_synth_reverse		1	G	0	0	0	771733	0	0	0	771733	0	0	0	11439	0	0	0	11439
TP1_synth_reverse		2	T	0	0	0	0	0	0	772773	772773	0	0	0	0	0	0	11449	11449
TP1_synth_reverse		3	G	0	0	0	775588	0	57	0	775645	0	0	0	11479	0	0	0	11479
TP1_synth_reverse		4	G	0	0	0	776422	0	41	0	776463	0	0	0	11490	0	0	0	11490
TP1_synth_reverse		5	T	0	0	0	0	0	12	776784	776796	0	0	0	0	0	0	11492	11492
TP1_synth_reverse		6	G	110	66	0	778140	0	13	337	778666	0	0	0	11503	0	0	1	11504
TP1_synth_reverse		7	A	778752	18	0	100	0	62	144	779076	11508	0	0	0	0	0	0	11508
TP1_synth_reverse		8	G	98	73	0	779744	0	102	293	780310	0	0	0	11522	0	0	2	11524
TP1_synth_reverse		9	G	106	134	0	780107	2	32	306	780687	1	0	0	11526	0	0	2	11529
TP1_synth_reverse		10	C	174	780176	188	22	0	27	127	780714	0	11529	1	0	0	0	0	11530
TP1_synth_reverse		11	T	155	139	147	9	518	26	779733	780727	0	0	1	0	4	0	11525	11530
TP1_synth_reverse		12	C	283	778075	2128	22	1	65	153	780727	0	11501	29	0	0	0	0	11530
TP1_synth_reverse		13	C	364	780147	4	17	0	75	120	780727	0	11530	0	0	0	0	0	11530
TP1_synth_reverse		14	C	359	780211	1	19	0	39	98	780727	0	11530	0	0	0	0	0	11530
TP1_synth_reverse		15	C	251	779398	528	26	324	46	168	780741	0	11520	5	0	3	0	2	11530
TP1_synth_reverse		16	T	287	85	2311	11	0	169	777889	780752	0	0	34	0	0	0	11496	11530
TP1_synth_reverse		17	T	281	111	15	15	0	53	780286	780761	0	0	1	0	0	0	11529	11530
TP1_synth_reverse		18	T	277	127	27	2	98	54	780181	780766	0	0	2	0	4	0	11524	11530
TP1_synth_reverse		19	C	280	779768	641	27	55	56	87	780914	0	11516	12	0	2	0	1	11531
TP1_synth_reverse		20	T	226	292	345	9	1	19	780022	780914	0	4	5	0	0	0	11522	11531
TP1_synth_reverse		21	T	412	395	44	41	1862	91	778069	780914	0	3	2	1	22	0	11503	11531
TP1_synth_reverse		22	G	306	371	758	778114	416	7	950	780922	1	0	12	11508	5	0	5	11531
TP1_synth_reverse		23	C	451	774989	907	82	3112	22	1359	780922	0	11472	13	1	31	0	14	11531
TP1_synth_reverse		24	G	372	149	702	778579	3	38	1085	780928	2	0	10	11512	0	0	7	11531
TP1_synth_reverse		25	G	116	532	49	778844	369	107	924	780941	0	0	2	11519	4	0	7	11532
TP1_synth_reverse		26	A	777671	18	706	156	2196	45	149	780941	11497	0	10	0	24	0	1	11532
TP1_synth_reverse		27	G	82	646	430	778612	237	22	912	780941	0	0	7	11515	2	0	8	11532
TP1_synth_reverse		28	A	780189	40	330	73	184	34	97	780947	11519	0	10	0	3	0	0	11532
TP1_synth_reverse		29	T	236	98	1170	307	0	132	779004	780947	0	0	15	1	0	0	11516	11532
TP1_synth_reverse		30	T	849	88	541	55	4	102	779319	780958	0	0	6	0	0	0	11527	11533
TP1_synth_reverse		31	C	395	779453	836	34	92	63	73	780946	0	11520	12	0	1	0	0	11533
TP1_synth_reverse		32	T	609	83	680	31	100	322	779114	780939	1	0	9	0	0	0	11523	11533
TP1_synth_reverse		33	C	384	779655	566	35	81	127	87	780935	1	11522	9	0	1	0	0	11533
TP1_synth_reverse		34	T	659	130	1208	66	1	79	778788	780931	0	0	14	0	0	0	11519	11533
TP1_synth_reverse		35	T	1249	116	200	63	733	69	778493	780923	0	0	1	0	7	0	11525	11533
TP1_synth_reverse		36	C	514	779671	569	25	0	43	99	780921	0	11526	6	0	0	0	1	11533
TP1_synth_reverse		37	C	460	779144	540	52	17	64	639	780916	0	11522	6	0	1	0	4	11533
TP1_synth_reverse		38	T	567	321	1238	225	17	24	778509	780901	0	2	13	0	0	0	11518	11533
TP1_synth_reverse		39	C	370	779449	634	43	256	71	79	780902	0	11524	7	0	2	0	0	11533
TP1_synth_reverse		40	T	1220	85	1060	43	1935	146	776408	780897	0	0	11	0	21	0	11501	11533
TP1_synth_reverse		41	G	608	487	367	777621	1194	17	597	780891	3	0	4	11512	12	0	2	11533
TP1_synth_reverse		42	T	1857	83	563	31	2926	62	775361	780883	0	0	9	0	34	0	11490	11533
TP1_synth_reverse		43	G	662	364	356	777842	452	352	855	780883	4	0	4	11513	9	0	4	11534
TP1_synth_reverse		44	C	413	774776	744	194	3445	162	1147	780881	0	11469	10	4	40	0	11	11534
TP1_synth_reverse		45	G	289	315	351	778299	343	45	1222	780864	2	1	6	11517	5	0	3	11534
TP1_synth_reverse		46	C	579	779190	560	87	1	13	440	780870	0	11523	5	1	0	0	6	11535
TP1_synth_reverse		47	C	327	778847	8	35	1384	26	250	780877	0	11512	0	0	21	0	2	11535
TP1_synth_reverse		48	G	323	558	451	777733	523	47	1218	780853	0	0	3	11526	2	0	4	11535
TP1_synth_reverse		49	A	779633	39	562	89	145	190	188	780846	11523	0	9	0	2	0	1	11535
TP1_synth_reverse		50	T	924	59	743	125	2	119	778856	780828	0	0	8	0	0	0	11527	11535
TP1_synth_reverse		51	A	779678	46	388	84	226	121	307	780850	11524	0	8	0	3	0	1	11536
TP1_synth_reverse		52	C	469	779154	204	100	451	265	203	780846	0	11517	9	0	8	0	2	11536
TP1_synth_reverse		53	A	778998	23	440	274	692	268	173	780868	11519	0	9	1	8	0	0	11537
TP1_synth_reverse		54	G	198	198	555	779052	551	94	202	780850	1	0	8	11520	6	0	2	11537
TP1_synth_reverse		55	A	779024	141	1446	85	0	108	75	780879	11525	0	13	0	0	0	0	11538
TP1_synth_reverse		56	A	780027	10	492	140	6	97	102	780874	11534	0	4	0	0	0	0	11538
TP1_synth_reverse		57	T	1504	54	908	202	481	215	777476	780840	0	0	7	0	1	0	11530	11538
TP1_synth_reverse		58	A	780213	17	153	82	6	248	119	780838	11535	0	3	0	0	0	0	11538
TP1_synth_reverse		59	T	798	172	64	72	316	332	779067	780821	0	2	1	0	4	0	11531	11538
TP1_synth_reverse		60	C	725	779143	410	69	171	215	69	780802	0	11529	4	0	5	0	0	11538
TP1_synth_reverse		61	T	1049	227	759	120	1096	201	777346	780798	0	0	8	2	14	0	11514	11538
TP1_synth_reverse		62	G	447	205	471	777988	515	272	884	780782	3	0	5	11521	3	0	6	11538
TP1_synth_reverse		63	T	1770	73	803	29	1	130	777986	780792	0	0	11	1	0	0	11527	11539
TP1_synth_reverse		64	T	1624	239	85	21	249	51	778512	780781	0	1	1	0	2	0	11535	11539
TP1_synth_reverse		65	C	1023	777689	1340	26	420	128	146	780772	0	11519	14	0	6	0	0	11539
TP1_synth_reverse		66	G	662	391	473	778680	1	53	503	780763	3	1	4	11527	0	0	4	11539
TP1_synth_reverse		67	C	742	778389	501	25	689	194	220	780760	0	11527	4	0	7	0	1	11539
TP1_synth_reverse		68	A	779648	173	406	302	81	96	63	780769	11537	0	3	0	0	0	0	11540
TP1_synth_reverse		69	C	389	779193	790	32	1	70	285	780760	2	11529	7	0	0	0	2	11540
TP1_synth_reverse		70	T	949	160	984	30	14	100	778521	780758	0	0	8	0	0	0	11532	11540
TP1_synth_reverse		71	C	333	778003	2013	33	0	273	99	780754	0	11524	16	0	0	0	0	11540
TP1_synth_reverse		72	C	624	778720	861	58	163	129	193	780748	0	11531	6	0	2	0	1	11540
TP1_synth_reverse		73	G	186	468	1132	777952	21	296	677	780732	0	0	11	11523	0	0	6	11540
TP1_synth_reverse		74	A	778778	43	1257	115	396	100	39	780728	11524	0	12	0	4	0	0	11540
TP1_synth_reverse		75	G	322	338	1278	778465	161	47	110	780721	2	0	13	11522	2	0	1	11540
TP1_synth_reverse		76	T	779	101	1348	211	40	45	778180	780704	0	0	17	4	1	0	11518	11540
TP1_synth_reverse		77	G	333	308	286	778684	1	66	1010	780688	9	0	6	11514	0	0	11	11540
TP1_synth_reverse		78	C	415	776469	953	37	753	428	1624	780679	1	11503	11	0	12	0	13	11540
TP1_synth_reverse		79	G	534	558	854	777773	3	123	828	780673	3	2	13	11519	0	0	3	11540
TP1_synth_reverse		80	G	322	236	600	778268	6	138	1075	780645	3	0	4	11527	0	0	6	11540
TP1_synth_reverse		81	C	316	779041	591	94	396	73	116	780627	1	11530	6	0	3	0	0	11540
TP1_synth_reverse		82	A	778418	33	1726	126	0	69	130	780502	11523	0	17	0	0	0	0	11540
TP1_synth_reverse		83	A	779761	51	310	93	1	196	86	780498	11537	0	3	0	0	0	0	11540
TP1_synth_reverse		84	A	779752	39	198	136	91	204	45	780465	11538	0	0	0	2	0	0	11540
TP1_synth_reverse		85	G	113	301	91	779603	27	104	134	780373	0	0	0	11540	0	0	0	11540
TP1_synth_reverse		86	C	491	779425	177	45	8	86	100	780332	1	11538	1	0	0	0	0	11540
TP1_synth_reverse		87	T	1178	84	9	20	10	270	778696	780267	1	0	1	0	1	0	11537	11540
TP1_synth_reverse		88	G	140	471	5	779009	174	122	213	780134	0	0	0	11539	1	0	0	11540
TP1_synth_reverse		89	T	566	91	564	11	0	40	778794	780066	0	0	1	0	0	0	11539	11540
TP1_synth_reverse		90	T	543	88	0	28	0	88	778569	779316	0	0	0	0	0	0	11539	11539
TP1_synth_reverse		91	C	463	778320	0	67	0	274	100	779224	0	11539	0	0	0	0	0	11539
TP1_synth_reverse		92	C	392	777774	0	120	0	349	352	778987	0	11537	0	0	0	0	2	11539
TP1_synth_reverse		93	G	203	340	0	777731	0	126	118	778518	0	0	0	11538	0	0	0	11538
TP1_synth_reverse		94	T	441	84	0	32	0	70	777351	777978	0	0	0	0	0	0	11537	11537
TP1_synth_reverse		95	C	0	777256	0	0	0	143	0	777399	0	11536	0	0	0	0	0	11536
TP1_synth_reverse		96	C	0	775754	0	0	0	103	0	775857	0	11535	0	0	0	0	0	11535
TP1_synth_reverse		97	C	0	774794	0	0	0	133	0	774927	0	11532	0	0	0	0	0	11532
TP1_synth_reverse		98	A	773414	0	0	0	0	0	0	773414	11523	0	0	0	0	0	0	11523
TP1_synth_reverse		99	G	0	0	0	772490	0	0	0	772490	0	0	0	11518	0	0	0	11518
