



























































































































































































































#AmpliconChromStart	Alias	Position	ProbableRef	rawA	rawC	rawD	rawG	rawI	rawN	rawT	rawDepth	consA	consC	consD	consG	consI	consN	consT	consDepth	
TP1_synth_reverse		1	G	0	0	0	771733	0	0	0	771733	0	0	0	5614	0	0	0	5614
TP1_synth_reverse		2	T	0	0	0	0	0	0	772773	772773	0	0	0	0	0	0	5620	5620
TP1_synth_reverse		3	G	0	0	0	775588	0	57	0	775645	0	0	0	5637	0	0	0	5637
TP1_synth_reverse		4	G	0	0	0	776422	0	41	0	776463	0	0	0	5641	0	0	0	5641
TP1_synth_reverse		5	T	0	0	0	0	0	12	776784	776796	0	0	0	0	0	0	5643	5643
TP1_synth_reverse		6	G	110	66	0	778140	0	13	337	778666	0	0	0	5651	0	0	1	5652
TP1_synth_reverse		7	A	778752	18	0	100	0	62	144	779076	5655	0	0	0	0	0	0	5655
TP1_synth_reverse		8	G	98	73	0	779744	0	102	293	780310	0	0	0	5663	0	0	1	5664
TP1_synth_reverse		9	G	106	134	0	780107	2	32	306	780687	0	0	0	5666	0	0	2	5668
TP1_synth_reverse		10	C	174	780176	188	22	0	27	127	780714	0	5667	1	0	0	0	0	5668
TP1_synth_reverse		11	T	155	139	147	9	518	26	779733	780727	0	0	1	0	3	0	5664	5668
TP1_synth_reverse		12	C	283	778075	2128	22	1	65	153	780727	0	5650	18	0	0	0	0	5668
TP1_synth_reverse		13	C	364	780147	4	17	0	75	120	780727	0	5668	0	0	0	0	0	5668
TP1_synth_reverse		14	C	359	780211	1	19	0	39	98	780727	0	5668	0	0	0	0	0	5668
TP1_synth_reverse		15	C	251	779398	528	26	324	46	168	780741	0	5661	4	0	3	0	0	5668
TP1_synth_reverse		16	T	287	85	2311	11	0	169	777889	780752	0	0	15	0	0	0	5653	5668
TP1_synth_reverse		17	T	281	111	15	15	0	53	780286	780761	0	0	0	0	0	0	5668	5668
TP1_synth_reverse		18	T	277	127	27	2	98	54	780181	780766	0	0	0	0	2	0	5666	5668
TP1_synth_reverse		19	C	280	779768	641	27	55	56	87	780914	0	5665	4	0	0	0	0	5669
TP1_synth_reverse		20	T	226	292	345	9	1	19	780022	780914	0	1	3	0	0	0	5665	5669
TP1_synth_reverse		21	T	412	395	44	41	1862	91	778069	780914	0	2	0	0	10	0	5657	5669
TP1_synth_reverse		22	G	306	371	758	778114	416	7	950	780922	1	0	6	5657	2	0	3	5669
TP1_synth_reverse		23	C	451	774989	907	82	3112	22	1359	780922	0	5633	6	0	20	0	10	5669
TP1_synth_reverse		24	G	372	149	702	778579	3	38	1085	780928	1	0	4	5659	0	0	5	5669
TP1_synth_reverse		25	G	116	532	49	778844	369	107	924	780941	0	0	0	5663	2	0	4	5669
TP1_synth_reverse		26	A	777691	18	706	156	2196	45	149	780961	5649	0	5	0	15	0	0	5669
TP1_synth_reverse		27	G	82	646	430	778632	237	22	912	780961	0	0	2	5661	2	0	4	5669
TP1_synth_reverse		28	A	780209	40	330	73	184	34	97	780967	5666	0	2	0	1	0	0	5669
TP1_synth_reverse		29	T	236	98	1170	307	0	132	779024	780967	0	0	6	1	0	0	5662	5669
TP1_synth_reverse		30	T	849	88	541	55	4	102	779339	780978	0	0	2	0	0	0	5667	5669
TP1_synth_reverse		31	C	398	779470	836	34	92	63	73	780966	0	5664	4	0	1	0	0	5669
TP1_synth_reverse		32	T	610	83	680	31	100	322	779133	780959	1	0	2	0	0	0	5666	5669
TP1_synth_reverse		33	C	384	779675	566	35	81	127	87	780955	0	5667	2	0	0	0	0	5669
TP1_synth_reverse		34	T	660	130	1208	66	1	79	778807	780951	0	0	8	0	0	0	5661	5669
TP1_synth_reverse		35	T	1252	116	200	63	733	69	778510	780943	0	0	1	0	5	0	5663	5669
TP1_synth_reverse		36	C	514	779691	569	25	0	43	99	780941	0	5665	4	0	0	0	0	5669
TP1_synth_reverse		37	C	460	779164	540	52	17	64	639	780936	0	5662	4	0	0	0	3	5669
TP1_synth_reverse		38	T	570	321	1238	225	17	24	778526	780921	0	1	10	0	0	0	5658	5669
TP1_synth_reverse		39	C	371	779468	634	43	256	71	79	780922	0	5662	5	0	2	0	0	5669
TP1_synth_reverse		40	T	1222	85	1060	43	1935	146	776426	780917	0	0	9	0	8	0	5652	5669
TP1_synth_reverse		41	G	609	488	367	777638	1194	17	598	780911	1	0	3	5656	8	0	1	5669
TP1_synth_reverse		42	T	1858	83	563	31	2926	62	775380	780903	0	0	6	0	19	0	5644	5669
TP1_synth_reverse		43	G	663	365	356	777859	452	352	856	780903	4	0	3	5655	3	0	4	5669
TP1_synth_reverse		44	C	413	774796	744	194	3445	162	1147	780901	0	5634	6	1	22	0	6	5669
TP1_synth_reverse		45	G	289	316	351	778314	343	45	1226	780884	1	0	3	5660	4	0	1	5669
TP1_synth_reverse		46	C	580	779209	560	87	1	13	440	780890	0	5663	3	1	0	0	2	5669
TP1_synth_reverse		47	C	331	778863	8	35	1384	26	250	780897	0	5660	0	0	9	0	0	5669
TP1_synth_reverse		48	G	323	559	451	777745	523	47	1225	780873	0	0	2	5663	2	0	2	5669
TP1_synth_reverse		49	A	779653	39	562	89	145	190	188	780866	5659	0	6	0	2	0	1	5668
TP1_synth_reverse		50	T	926	59	743	125	2	119	778874	780848	0	0	6	0	0	0	5662	5668
TP1_synth_reverse		51	A	779698	46	388	84	226	121	307	780870	5662	0	4	0	1	0	1	5668
TP1_synth_reverse		52	C	477	779166	204	100	451	265	203	780866	0	5659	2	0	5	0	2	5668
TP1_synth_reverse		53	A	779018	23	440	274	692	268	173	780888	5659	0	3	1	5	0	0	5668
TP1_synth_reverse		54	G	203	200	555	779063	551	94	204	780870	1	0	5	5657	5	0	0	5668
TP1_synth_reverse		55	A	779044	141	1446	85	0	108	75	780899	5661	0	7	0	0	0	0	5668
TP1_synth_reverse		56	A	780047	10	492	140	6	97	102	780894	5665	0	3	0	0	0	0	5668
TP1_synth_reverse		57	T	1507	54	908	202	481	216	777492	780860	0	0	4	0	1	0	5663	5668
TP1_synth_reverse		58	A	780233	17	153	82	6	248	119	780858	5667	0	1	0	0	0	0	5668
TP1_synth_reverse		59	T	799	172	64	72	316	332	779086	780841	0	1	0	0	3	0	5664	5668
TP1_synth_reverse		60	C	726	779162	410	69	171	215	69	780822	0	5663	3	0	2	0	0	5668
TP1_synth_reverse		61	T	1052	227	759	120	1096	201	777363	780818	0	0	5	1	9	0	5653	5668
TP1_synth_reverse		62	G	447	205	471	778008	515	272	884	780802	1	0	3	5657	2	0	5	5668
TP1_synth_reverse		63	T	1774	73	803	29	1	130	778002	780812	0	0	7	0	0	0	5661	5668
TP1_synth_reverse		64	T	1625	239	85	21	249	51	778531	780801	0	1	1	0	1	0	5665	5668
TP1_synth_reverse		65	C	1023	777704	1340	26	420	128	146	780787	0	5655	9	0	4	0	0	5668
TP1_synth_reverse		66	G	662	391	473	778695	1	53	503	780778	2	0	3	5661	0	0	2	5668
TP1_synth_reverse		67	C	742	778404	501	25	689	194	220	780775	0	5659	3	0	5	0	1	5668
TP1_synth_reverse		68	A	779663	173	406	302	81	96	63	780784	5665	0	3	0	0	0	0	5668
TP1_synth_reverse		69	C	389	779208	790	32	1	70	285	780775	1	5659	6	0	0	0	2	5668
TP1_synth_reverse		70	T	950	160	984	30	14	100	778535	780773	0	0	7	0	0	0	5661	5668
TP1_synth_reverse		71	C	334	778017	2013	33	0	273	99	780769	0	5656	12	0	0	0	0	5668
TP1_synth_reverse		72	C	624	778735	861	58	163	129	193	780763	0	5662	4	0	1	0	1	5668
TP1_synth_reverse		73	G	186	468	1132	777967	21	296	677	780747	0	0	8	5657	0	0	3	5668
TP1_synth_reverse		74	A	778793	43	1257	115	396	100	39	780743	5659	0	7	0	2	0	0	5668
TP1_synth_reverse		75	G	322	339	1278	778479	161	47	110	780736	2	0	8	5656	2	0	0	5668
TP1_synth_reverse		76	T	780	101	1348	210	40	45	778195	780719	0	0	7	2	0	0	5659	5668
TP1_synth_reverse		77	G	333	307	286	778700	1	66	1010	780703	1	0	1	5659	0	0	7	5668
TP1_synth_reverse		78	C	416	776483	953	37	753	428	1624	780694	0	5650	5	0	5	0	8	5668
TP1_synth_reverse		79	G	534	558	854	777787	3	123	829	780688	3	2	7	5653	0	0	3	5668
TP1_synth_reverse		80	G	322	235	600	778283	6	138	1076	780660	2	0	4	5657	0	0	5	5668
TP1_synth_reverse		81	C	316	779056	591	94	396	73	116	780642	1	5662	4	0	1	0	0	5668
TP1_synth_reverse		82	A	778433	33	1726	126	0	69	130	780517	5658	0	10	0	0	0	0	5668
TP1_synth_reverse		83	A	779776	51	310	93	1	196	86	780513	5667	0	1	0	0	0	0	5668
TP1_synth_reverse		84	A	779767	39	198	136	91	204	45	780480	5667	0	0	0	1	0	0	5668
TP1_synth_reverse		85	G	113	301	91	779617	27	104	135	780388	0	0	0	5668	0	0	0	5668
TP1_synth_reverse		86	C	492	779439	177	45	8	86	100	780347	0	5667	1	0	0	0	0	5668
TP1_synth_reverse		87	T	1180	84	9	20	10	270	778709	780282	1	0	0	0	0	0	5667	5668
TP1_synth_reverse		88	G	140	471	5	779024	174	122	213	780149	0	0	0	5667	1	0	0	5668
TP1_synth_reverse		89	T	566	91	564	11	0	40	778809	780081	0	0	0	0	0	0	5668	5668
TP1_synth_reverse		90	T	543	88	0	28	0	88	778583	779330	0	0	0	0	0	0	5668	5668
TP1_synth_reverse		91	C	463	778333	0	67	0	274	100	779237	0	5668	0	0	0	0	0	5668
TP1_synth_reverse		92	C	392	777787	0	120	0	349	352	779000	0	5668	0	0	0	0	0	5668
TP1_synth_reverse		93	G	203	340	0	777744	0	126	118	778531	0	0	0	5667	0	0	0	5667
TP1_synth_reverse		94	T	441	84	0	31	0	70	777365	777991	0	0	0	0	0	0	5667	5667
TP1_synth_reverse		95	C	0	777267	0	0	0	143	0	777410	0	5667	0	0	0	0	0	5667
TP1_synth_reverse		96	C	0	775764	0	0	0	103	0	775867	0	5667	0	0	0	0	0	5667
TP1_synth_reverse		97	C	0	774804	0	0	0	133	0	774937	0	5667	0	0	0	0	0	5667
TP1_synth_reverse		98	A	773424	0	0	0	0	0	0	773424	5667	0	0	0	0	0	0	5667
TP1_synth_reverse		99	G	0	0	0	772500	0	0	0	772500	0	0	0	5667	0	0	0	5667
