



























































































































































































































#AmpliconChromStart	Alias	Position	ProbableRef	rawA	rawC	rawD	rawG	rawI	rawN	rawT	rawDepth	consA	consC	consD	consG	consI	consN	consT	consDepth	
TP1_spike		1	G	0	0	0	49	0	0	0	49	0	0	0	1	0	0	0	1
TP1_spike		2	T	0	0	0	0	0	0	49	49	0	0	0	0	0	0	1	1
TP1_spike		3	G	0	0	0	49	0	0	0	49	0	0	0	1	0	0	0	1
TP1_spike		4	G	0	0	0	47	0	2	0	49	0	0	0	1	0	0	0	1
TP1_spike		5	T	0	0	0	0	0	0	49	49	0	0	0	0	0	0	1	1
TP1_spike		6	G	0	0	0	47	0	2	0	49	0	0	0	1	0	0	0	1
TP1_spike		7	A	48	1	0	0	0	0	0	49	1	0	0	0	0	0	0	1
TP1_spike		8	G	0	0	0	49	0	0	0	49	0	0	0	1	0	0	0	1
TP1_spike		9	G	0	2	0	47	0	0	0	49	0	0	0	1	0	0	0	1
TP1_spike		10	C	0	49	0	0	0	0	0	49	0	1	0	0	0	0	0	1
TP1_spike		11	T	0	0	0	0	0	2	47	49	0	0	0	0	0	0	1	1
TP1_spike		12	C	0	48	0	1	0	0	0	49	0	1	0	0	0	0	0	1
TP1_spike		13	C	1	48	0	0	0	0	0	49	0	1	0	0	0	0	0	1
TP1_spike		14	C	1	47	0	1	0	0	0	49	0	1	0	0	0	0	0	1
TP1_spike		15	C	1	48	0	0	0	0	0	49	0	1	0	0	0	0	0	1
TP1_spike		16	T	1	0	0	0	0	0	48	49	0	0	0	0	0	0	1	1
TP1_spike		17	T	0	0	0	0	0	0	49	49	0	0	0	0	0	0	1	1
TP1_spike		18	T	0	0	0	0	0	0	49	49	0	0	0	0	0	0	1	1
TP1_spike		19	C	0	49	0	0	0	0	0	49	0	1	0	0	0	0	0	1
TP1_spike		20	T	2	0	0	2	0	0	45	49	0	0	0	0	0	0	1	1
TP1_spike		21	T	2	0	0	0	0	0	47	49	0	0	0	0	0	0	1	1
TP1_spike		22	G	0	2	0	42	0	0	5	49	0	0	0	1	0	0	0	1
TP1_spike		23	C	6	43	0	0	0	0	0	49	0	1	0	0	0	0	0	1
TP1_spike		24	G	0	1	0	48	0	0	0	49	0	0	0	1	0	0	0	1
TP1_spike		25	G	0	6	0	40	0	0	3	49	0	0	0	1	0	0	0	1
TP1_spike		26	A	48	0	1	0	0	0	0	49	1	0	0	0	0	0	0	1
TP1_spike		27	G	1	2	0	45	0	0	1	49	0	0	0	1	0	0	0	1
TP1_spike		28	A	48	1	0	0	0	0	0	49	1	0	0	0	0	0	0	1
TP1_spike		29	T	1	0	0	0	0	0	48	49	0	0	0	0	0	0	1	1
TP1_spike		30	T	1	0	0	0	0	0	48	49	0	0	0	0	0	0	1	1
TP1_spike		31	C	1	42	0	1	0	1	0	45	0	1	0	0	0	0	0	1
TP1_spike		32	T	0	0	0	1	0	0	43	44	0	0	0	0	0	0	1	1
TP1_spike		33	C	1	43	0	0	0	0	0	44	0	1	0	0	0	0	0	1
TP1_spike		34	T	2	0	0	0	0	0	42	44	0	0	0	0	0	0	1	1
TP1_spike		35	T	1	0	0	1	0	2	40	44	0	0	0	0	0	0	1	1
TP1_spike		36	C	1	42	0	0	0	0	0	43	0	1	0	0	0	0	0	1
TP1_spike		37	C	3	39	0	0	0	1	0	43	0	1	0	0	0	0	0	1
TP1_spike		38	T	0	0	0	0	0	0	43	43	0	0	0	0	0	0	1	1
TP1_spike		39	C	0	43	0	0	0	0	0	43	0	1	0	0	0	0	0	1
TP1_spike		40	T	0	0	0	0	0	0	42	42	0	0	0	0	0	0	1	1
TP1_spike		41	G	0	0	0	41	0	0	0	41	0	0	0	1	0	0	0	1
TP1_spike		42	T	0	0	0	0	0	0	41	41	0	0	0	0	0	0	1	1
TP1_spike		43	G	0	3	0	36	0	0	0	39	0	0	0	1	0	0	0	1
TP1_spike		44	C	0	34	0	0	0	0	0	34	0	1	0	0	0	0	0	1
TP1_spike		45	G	0	0	0	33	0	0	0	33	0	0	0	1	0	0	0	1
TP1_spike		46	C	0	30	0	0	0	0	0	30	0	1	0	0	0	0	0	1
TP1_spike		47	C	0	28	0	0	0	0	0	28	0	1	0	0	0	0	0	1
TP1_spike		48	G	0	0	0	28	0	0	0	28	0	0	0	1	0	0	0	1
TP1_spike		51	C	0	59641	0	0	0	0	0	59641	0	2217	0	0	0	0	0	2217
TP1_spike		52	T	0	0	0	0	0	0	59683	59683	0	0	0	0	0	0	2217	2217
TP1_spike		53	T	0	0	0	0	0	2	59731	59733	0	0	0	0	0	0	2217	2217
TP1_spike		54	G	0	0	0	59818	0	0	0	59818	0	0	0	2217	0	0	0	2217
TP1_spike		55	C	0	59884	0	0	0	0	0	59884	0	2217	0	0	0	0	0	2217
TP1_spike		56	G	28	45	0	59857	0	3	27	59960	0	0	0	2217	0	0	0	2217
TP1_spike		57	G	9	90	0	59852	0	6	17	59974	0	0	0	2217	0	0	0	2217
TP1_spike		58	A	59998	0	0	4	0	0	11	60013	2217	0	0	0	0	0	0	2217
TP1_spike		59	G	1	18	0	59977	0	6	11	60013	0	0	0	2217	0	0	0	2217
TP1_spike		60	A	59985	6	0	8	0	13	10	60022	2217	0	0	0	0	0	0	2217
TP1_spike		61	T	26	6	0	4	0	10	59976	60022	0	0	0	0	0	0	2217	2217
TP1_spike		62	T	72	4	0	0	0	13	59937	60026	0	0	0	0	0	0	2217	2217
TP1_spike		63	C	64	59945	0	2	0	10	5	60026	0	2217	0	0	0	0	0	2217
TP1_spike		64	T	46	8	0	4	0	1	59967	60026	0	0	0	0	0	0	2217	2217
TP1_spike		65	C	57	59946	0	5	0	14	4	60026	0	2217	0	0	0	0	0	2217
TP1_spike		66	T	179	7	2	5	0	2	59833	60028	0	0	0	0	0	0	2217	2217
TP1_spike		67	T	64	12	0	1	0	3	59955	60035	0	0	0	0	0	0	2217	2217
TP1_spike		68	C	94	59935	0	4	0	0	2	60035	0	2217	0	0	0	0	0	2217
TP1_spike		69	C	70	59950	2	1	0	2	10	60035	0	2217	0	0	0	0	0	2217
TP1_spike		70	T	37	8	2	1	0	4	59983	60035	0	0	0	0	0	0	2217	2217
TP1_spike		71	C	41	59993	0	1	0	0	3	60038	0	2217	0	0	0	0	0	2217
TP1_spike		72	T	80	6	0	3	0	12	59937	60038	0	0	0	0	0	0	2217	2217
TP1_spike		73	G	17	67	0	59930	0	2	22	60038	0	0	0	2217	0	0	0	2217
TP1_spike		74	T	117	8	0	1	0	1	59915	60042	0	0	0	0	0	0	2217	2217
TP1_spike		75	G	14	60	1	59932	0	17	18	60042	0	0	0	2217	0	0	0	2217
TP1_spike		76	C	102	59894	2	4	0	7	33	60042	0	2217	0	0	0	0	0	2217
TP1_spike		77	G	12	33	0	59943	0	10	44	60042	0	0	0	2217	0	0	0	2217
TP1_spike		78	C	81	59898	0	4	0	15	44	60042	0	2217	0	0	0	0	0	2217
TP1_spike		79	C	48	59955	1	6	0	13	19	60042	0	2217	0	0	0	0	0	2217
TP1_spike		80	G	14	34	2	59956	0	1	36	60043	0	0	0	2217	0	0	0	2217
TP1_spike		81	G	13	67	1	59926	0	6	32	60045	0	0	0	2217	0	0	0	2217
TP1_spike		82	T	130	3	2	7	0	2	59901	60045	0	0	0	0	0	0	2217	2217
TP1_spike		83	C	82	59952	1	2	0	4	4	60045	0	2217	0	0	0	0	0	2217
TP1_spike		84	T	108	5	0	0	0	2	59930	60045	0	0	0	0	0	0	2217	2217
TP1_spike		85	C	26	60005	0	1	0	12	2	60046	0	2217	0	0	0	0	0	2217
TP1_spike		86	T	44	5	2	1	0	0	59994	60046	0	0	0	0	0	0	2217	2217
TP1_spike		87	C	49	59970	16	4	0	0	7	60046	0	2217	0	0	0	0	0	2217
TP1_spike		88	C	114	59905	2	6	0	8	11	60046	0	2217	0	0	0	0	0	2217
TP1_spike		89	C	49	59971	0	4	0	14	8	60046	0	2217	0	0	0	0	0	2217
TP1_spike		90	A	60010	18	0	9	0	4	8	60049	2217	0	0	0	0	0	0	2217
TP1_spike		91	G	15	28	3	59942	0	0	61	60049	0	0	0	2217	0	0	0	2217
TP1_spike		92	G	5	93	0	59920	0	1	30	60049	0	0	0	2217	0	0	0	2217
TP1_spike		93	A	60010	17	1	9	0	5	10	60052	2217	0	0	0	0	0	0	2217
TP1_spike		94	C	17	60023	0	4	0	2	6	60052	0	2217	0	0	0	0	0	2217
TP1_spike		95	A	60014	6	0	16	0	10	6	60052	2217	0	0	0	0	0	0	2217
TP1_spike		96	G	15	35	1	59923	0	2	76	60052	0	0	0	2217	0	0	0	2217
TP1_spike		97	G	6	166	0	59769	0	10	101	60052	0	0	0	2217	0	0	0	2217
TP1_spike		98	C	85	59927	2	3	0	8	26	60051	1	2215	0	0	0	0	1	2217
TP1_spike		99	A	59980	14	0	24	0	13	20	60051	2217	0	0	0	0	0	0	2217
TP1_spike		100	C	26	59987	0	1	0	24	13	60051	0	2217	0	0	0	0	0	2217
TP1_spike		101	A	60010	18	9	4	0	4	6	60051	2217	0	0	0	0	0	0	2217
TP1_spike		102	A	60026	13	0	6	0	2	4	60051	2217	0	0	0	0	0	0	2217
TP1_spike		103	A	60007	21	0	9	0	0	12	60049	2217	0	0	0	0	0	0	2217
TP1_spike		104	C	27	59996	0	4	0	16	5	60048	0	2217	0	0	0	0	0	2217
TP1_spike		105	A	60000	32	0	4	0	9	2	60047	2217	0	0	0	0	0	0	2217
TP1_spike		106	C	28	59988	0	1	0	22	8	60047	0	2217	0	0	0	0	0	2217
TP1_spike		107	G	15	38	0	59967	0	3	24	60047	0	0	0	2217	0	0	0	2217
TP1_spike		108	C	56	59960	0	2	0	20	5	60043	0	2217	0	0	0	0	0	2217
TP1_spike		109	A	59905	97	1	24	0	7	7	60041	2217	0	0	0	0	0	0	2217
TP1_spike		110	C	29	59995	0	9	0	0	8	60041	0	2217	0	0	0	0	0	2217
TP1_spike		111	C	89	59928	0	9	0	9	5	60040	0	2217	0	0	0	0	0	2217
TP1_spike		112	T	195	7	1	15	0	0	59820	60038	0	0	0	0	0	0	2217	2217
TP1_spike		113	C	53	59975	0	4	0	0	4	60036	0	2217	0	0	0	0	0	2217
TP1_spike		114	A	59992	8	5	14	0	14	2	60035	2217	0	0	0	0	0	0	2217
TP1_spike		115	A	59982	9	1	9	0	28	6	60035	2217	0	0	0	0	0	0	2217
TP1_spike		116	A	60001	20	0	9	0	1	4	60035	2217	0	0	0	0	0	0	2217
TP1_spike		117	G	6	94	0	59902	0	3	20	60025	0	0	0	2217	0	0	0	2217
TP1_spike		118	C	63	59930	0	7	0	13	6	60019	0	2217	0	0	0	0	0	2217
TP1_spike		119	T	95	8	0	8	0	16	59877	60004	0	0	0	0	0	0	2217	2217
TP1_spike		120	G	6	28	0	59941	6	13	8	60002	0	0	0	2217	0	0	0	2217
TP1_spike		121	T	90	10	41	13	0	14	59825	59993	0	0	1	0	0	0	2216	2217
TP1_spike		122	T	66	7	0	14	8	2	59887	59984	0	0	0	0	1	0	2216	2217
TP1_spike		123	C	60	59861	26	8	0	8	8	59971	0	2216	1	0	0	0	0	2217
TP1_spike		124	C	54	59888	0	7	0	4	10	59963	0	2217	0	0	0	0	0	2217
TP1_spike		125	G	17	25	0	59891	0	7	14	59954	0	0	0	2217	0	0	0	2217
TP1_spike		126	T	119	10	0	13	0	6	59776	59924	0	0	0	0	0	0	2217	2217
TP1_spike		127	C	21	59887	0	3	0	0	4	59915	0	2217	0	0	0	0	0	2217
TP1_spike		128	C	0	59854	0	0	0	3	0	59857	0	2217	0	0	0	0	0	2217
TP1_spike		129	C	0	59735	0	0	0	12	0	59747	0	2217	0	0	0	0	0	2217
TP1_spike		130	A	59548	0	0	0	0	14	0	59562	2213	0	0	0	0	0	0	2213
TP1_spike		131	G	0	0	0	59495	0	0	0	59495	0	0	0	2213	0	0	0	2213
TP1_spike		132	T	0	0	0	0	0	0	59349	59349	0	0	0	0	0	0	2211	2211
TP1_spike	TP1_spike	1	G	0	0	0	32	0	0	0	32	0	0	0	1	0	0	0	1
TP1_spike	TP1_spike	2	T	0	0	0	0	0	0	32	32	0	0	0	0	0	0	1	1
TP1_spike	TP1_spike	3	G	0	0	0	32	0	0	0	32	0	0	0	1	0	0	0	1
TP1_spike	TP1_spike	4	G	0	0	0	32	0	0	0	32	0	0	0	1	0	0	0	1
TP1_spike	TP1_spike	5	T	0	0	0	0	0	0	32	32	0	0	0	0	0	0	1	1
TP1_spike	TP1_spike	6	G	0	0	0	32	0	0	0	32	0	0	0	1	0	0	0	1
TP1_spike	TP1_spike	7	A	32	0	0	0	0	0	0	32	1	0	0	0	0	0	0	1
TP1_spike	TP1_spike	8	G	0	0	0	32	0	0	0	32	0	0	0	1	0	0	0	1
TP1_spike	TP1_spike	9	G	0	0	0	32	0	0	0	32	0	0	0	1	0	0	0	1
TP1_spike	TP1_spike	10	C	0	32	0	0	0	0	0	32	0	1	0	0	0	0	0	1
TP1_spike	TP1_spike	11	T	0	0	0	0	0	0	32	32	0	0	0	0	0	0	1	1
TP1_spike	TP1_spike	12	C	0	32	0	0	0	0	0	32	0	1	0	0	0	0	0	1
TP1_spike	TP1_spike	13	C	0	32	0	0	0	0	0	32	0	1	0	0	0	0	0	1
TP1_spike	TP1_spike	14	C	0	32	0	0	0	0	0	32	0	1	0	0	0	0	0	1
TP1_spike	TP1_spike	15	C	0	32	0	0	0	0	0	32	0	1	0	0	0	0	0	1
TP1_spike	TP1_spike	16	T	0	0	0	0	0	0	32	32	0	0	0	0	0	0	1	1
TP1_spike	TP1_spike	17	T	1	0	0	0	0	0	31	32	0	0	0	0	0	0	1	1
TP1_spike	TP1_spike	18	T	0	0	0	0	0	0	32	32	0	0	0	0	0	0	1	1
TP1_spike	TP1_spike	19	A	32	0	0	0	0	0	0	32	1	0	0	0	0	0	0	1
TP1_spike	TP1_spike	20	T	0	0	0	0	0	0	32	32	0	0	0	0	0	0	1	1
TP1_spike	TP1_spike	21	A	32	0	0	0	0	0	0	32	1	0	0	0	0	0	0	1
TP1_spike	TP1_spike	22	C	0	32	0	0	0	0	0	32	0	1	0	0	0	0	0	1
TP1_spike	TP1_spike	23	A	32	0	0	0	0	0	0	32	1	0	0	0	0	0	0	1
TP1_spike	TP1_spike	24	G	0	0	0	32	0	0	0	32	0	0	0	1	0	0	0	1
TP1_spike	TP1_spike	25	A	32	0	0	0	0	0	0	32	1	0	0	0	0	0	0	1
TP1_spike	TP1_spike	26	A	32	0	0	0	0	0	0	32	1	0	0	0	0	0	0	1
TP1_spike	TP1_spike	27	T	0	0	0	0	0	0	32	32	0	0	0	0	0	0	1	1
TP1_spike	TP1_spike	28	A	32	0	0	0	0	0	0	32	1	0	0	0	0	0	0	1
TP1_spike	TP1_spike	29	T	0	0	0	0	0	0	32	32	0	0	0	0	0	0	1	1
TP1_spike	TP1_spike	30	C	0	32	0	0	0	0	0	32	0	1	0	0	0	0	0	1
TP1_spike	TP1_spike	31	T	0	0	0	0	0	0	32	32	0	0	0	0	0	0	1	1
TP1_spike	TP1_spike	32	G	0	0	0	32	0	0	0	32	0	0	0	1	0	0	0	1
TP1_spike	TP1_spike	33	T	0	0	0	0	0	0	32	32	0	0	0	0	0	0	1	1
TP1_spike	TP1_spike	34	T	0	0	0	0	0	0	32	32	0	0	0	0	0	0	1	1
TP1_spike	TP1_spike	35	C	0	32	0	0	0	0	0	32	0	1	0	0	0	0	0	1
TP1_spike	TP1_spike	36	G	0	0	0	32	0	0	0	32	0	0	0	1	0	0	0	1
TP1_spike	TP1_spike	37	C	0	32	0	0	0	0	0	32	0	1	0	0	0	0	0	1
TP1_spike	TP1_spike	38	A	32	0	0	0	0	0	0	32	1	0	0	0	0	0	0	1
TP1_spike	TP1_spike	39	C	0	32	0	0	0	0	0	32	0	1	0	0	0	0	0	1
TP1_spike	TP1_spike	40	T	0	0	0	0	0	0	32	32	0	0	0	0	0	0	1	1
TP1_spike	TP1_spike	41	C	0	32	0	0	0	0	0	32	0	1	0	0	0	0	0	1
TP1_spike	TP1_spike	42	C	0	32	0	0	0	0	0	32	0	1	0	0	0	0	0	1
TP1_spike	TP1_spike	43	G	0	0	0	32	0	0	0	32	0	0	0	1	0	0	0	1
TP1_spike	TP1_spike	44	A	32	0	0	0	0	0	0	32	1	0	0	0	0	0	0	1
TP1_spike	TP1_spike	45	G	0	0	0	32	0	0	0	32	0	0	0	1	0	0	0	1
TP1_spike	TP1_spike	46	T	0	0	0	0	0	0	32	32	0	0	0	0	0	0	1	1
TP1_spike	TP1_spike	47	G	0	0	0	32	0	0	0	32	0	0	0	1	0	0	0	1
TP1_spike	TP1_spike	48	C	1	31	0	0	0	0	0	32	0	1	0	0	0	0	0	1
TP1_spike	TP1_spike	49	G	0	0	0	32	0	0	0	32	0	0	0	1	0	0	0	1
TP1_spike	TP1_spike	50	G	0	0	0	32	0	0	0	32	0	0	0	1	0	0	0	1
TP1_spike	TP1_spike	51	C	0	32	0	0	0	0	0	32	0	1	0	0	0	0	0	1
TP1_spike	TP1_spike	52	T	0	0	0	0	0	0	32	32	0	0	0	0	0	0	1	1
TP1_spike	TP1_spike	53	T	0	0	0	0	0	0	32	32	0	0	0	0	0	0	1	1
TP1_spike	TP1_spike	54	G	0	0	0	31	0	0	1	32	0	0	0	1	0	0	0	1
TP1_spike	TP1_spike	55	C	0	32	0	0	0	0	0	32	0	1	0	0	0	0	0	1
TP1_spike	TP1_spike	56	G	0	0	0	32	0	0	0	32	0	0	0	1	0	0	0	1
TP1_spike	TP1_spike	57	G	0	0	0	32	0	0	0	32	0	0	0	1	0	0	0	1
TP1_spike	TP1_spike	58	A	32	0	0	0	0	0	0	32	1	0	0	0	0	0	0	1
TP1_spike	TP1_spike	59	G	0	0	0	32	0	0	0	32	0	0	0	1	0	0	0	1
TP1_spike	TP1_spike	60	A	32	0	0	0	0	0	0	32	1	0	0	0	0	0	0	1
TP1_spike	TP1_spike	61	T	0	0	0	0	0	0	32	32	0	0	0	0	0	0	1	1
TP1_spike	TP1_spike	62	T	0	0	0	0	0	0	32	32	0	0	0	0	0	0	1	1
TP1_spike	TP1_spike	63	C	0	32	0	0	0	0	0	32	0	1	0	0	0	0	0	1
TP1_spike	TP1_spike	64	T	0	0	0	0	0	0	32	32	0	0	0	0	0	0	1	1
TP1_spike	TP1_spike	65	C	0	32	0	0	0	0	0	32	0	1	0	0	0	0	0	1
TP1_spike	TP1_spike	66	T	0	0	0	0	0	0	32	32	0	0	0	0	0	0	1	1
TP1_spike	TP1_spike	67	T	1	0	0	0	0	0	31	32	0	0	0	0	0	0	1	1
TP1_spike	TP1_spike	68	C	0	32	0	0	0	0	0	32	0	1	0	0	0	0	0	1
TP1_spike	TP1_spike	69	C	0	32	0	0	0	0	0	32	0	1	0	0	0	0	0	1
TP1_spike	TP1_spike	70	T	0	0	0	0	0	0	32	32	0	0	0	0	0	0	1	1
TP1_spike	TP1_spike	71	C	0	32	0	0	0	0	0	32	0	1	0	0	0	0	0	1
TP1_spike	TP1_spike	72	T	1	0	0	0	0	0	31	32	0	0	0	0	0	0	1	1
TP1_spike	TP1_spike	73	G	0	0	0	32	0	0	0	32	0	0	0	1	0	0	0	1
TP1_spike	TP1_spike	74	T	0	0	0	0	0	0	32	32	0	0	0	0	0	0	1	1
TP1_spike	TP1_spike	75	G	0	0	0	32	0	0	0	32	0	0	0	1	0	0	0	1
TP1_spike	TP1_spike	76	C	0	31	0	0	0	0	0	31	0	1	0	0	0	0	0	1
TP1_spike	TP1_spike	77	G	0	0	0	31	0	0	0	31	0	0	0	1	0	0	0	1
TP1_spike	TP1_spike	78	C	0	31	0	0	0	0	0	31	0	1	0	0	0	0	0	1
TP1_spike	TP1_spike	79	C	0	31	0	0	0	0	0	31	0	1	0	0	0	0	0	1
TP1_spike	TP1_spike	80	G	0	0	0	31	0	0	0	31	0	0	0	1	0	0	0	1
