



























































































































































































































#AmpliconChromStart	Alias	Position	ProbableRef	rawA	rawC	rawD	rawG	rawI	rawN	rawT	rawDepth	consA	consC	consD	consG	consI	consN	consT	consDepth	
TP1_synth_forward		5	T	0	0	0	0	0	0	759	759	0	0	0	0	0	0	532	532
TP1_synth_forward		6	G	0	0	0	1489	0	0	0	1489	0	0	0	913	0	0	0	913
TP1_synth_forward		7	A	2343	0	0	0	0	0	0	2343	967	0	0	0	0	0	0	967
TP1_synth_forward		8	G	0	0	0	3836	0	0	0	3836	0	0	0	1032	0	0	0	1032
TP1_synth_forward		9	G	0	0	0	4749	0	0	0	4749	0	0	0	1065	0	0	0	1065
TP1_synth_forward		10	C	2	4746	0	0	0	1	0	4749	2	1062	0	0	0	1	0	1065
TP1_synth_forward		11	T	19	0	0	0	0	0	4730	4749	13	0	0	0	0	0	1052	1065
TP1_synth_forward		12	C	1	4759	0	0	0	1	0	4761	0	1074	0	0	0	0	0	1074
TP1_synth_forward		13	C	16	4745	0	0	0	0	0	4761	7	1067	0	0	0	0	0	1074
TP1_synth_forward		14	C	12	4753	0	0	0	0	0	4765	8	1069	0	0	0	0	0	1077
TP1_synth_forward		15	C	9	4759	0	0	0	0	3	4771	6	1075	0	0	0	0	1	1082
TP1_synth_forward		16	T	28	4	3	0	0	0	4744	4779	21	2	2	0	0	0	1061	1086
TP1_synth_forward		17	T	74	1	2	0	0	0	4710	4787	26	0	2	0	0	0	1064	1092
TP1_synth_forward		18	T	21	0	2	0	0	1	4777	4801	8	0	2	0	0	1	1089	1100
TP1_synth_forward		19	A	4805	0	2	0	0	0	2	4809	1100	0	2	0	0	0	1	1103
TP1_synth_forward		20	T	18	0	0	0	804	0	3993	4815	9	0	0	0	14	0	1082	1105
TP1_synth_forward		21	A	4821	1	0	1	2	1	1	4827	1107	1	0	1	0	1	0	1110
TP1_synth_forward		22	C	4	4818	0	1	2	0	2	4827	0	1107	0	1	2	0	0	1110
TP1_synth_forward		23	A	4818	0	0	1	2	2	4	4827	1106	0	0	0	1	2	1	1110
TP1_synth_forward		24	G	3	6	0	4808	0	2	8	4827	2	1	0	1102	0	1	4	1110
TP1_synth_forward		25	A	4824	2	6	0	0	1	0	4833	1111	1	1	0	0	0	0	1113
TP1_synth_forward		26	A	4828	0	0	2	0	1	2	4833	1111	0	0	0	0	1	1	1113
TP1_synth_forward		27	T	37	0	0	6	1	0	4789	4833	18	0	0	3	1	0	1091	1113
TP1_synth_forward		28	A	4832	0	0	0	0	1	0	4833	1113	0	0	0	0	0	0	1113
TP1_synth_forward		29	T	10	1	0	1	4	1	4816	4833	4	0	0	1	1	1	1106	1113
TP1_synth_forward		30	C	9	4821	3	0	0	0	0	4833	4	1106	3	0	0	0	0	1113
TP1_synth_forward		31	T	49	0	5	0	0	1	4778	4833	26	0	5	0	0	1	1081	1113
TP1_synth_forward		32	G	8	17	4	4792	0	1	12	4834	5	5	4	1095	0	1	4	1114
TP1_synth_forward		33	T	88	0	5	0	0	1	4740	4834	38	0	5	0	0	1	1070	1114
TP1_synth_forward		34	T	68	1	4	0	0	1	4760	4834	35	0	4	0	0	1	1074	1114
TP1_synth_forward		35	C	14	4811	5	0	0	3	1	4834	9	1097	4	0	0	3	1	1114
TP1_synth_forward		36	G	4	6	3	4731	2	0	88	4834	1	4	3	1041	2	0	63	1114
TP1_synth_forward		37	C	12	4817	4	1	0	0	0	4834	9	1101	4	0	0	0	0	1114
TP1_synth_forward		38	A	4827	3	2	1	0	0	1	4834	1110	2	2	0	0	0	0	1114
TP1_synth_forward		39	C	5	4821	0	1	2	2	3	4834	2	1109	0	0	1	1	1	1114
TP1_synth_forward		40	T	62	2	0	0	2	2	4765	4833	22	0	0	0	2	0	1089	1113
TP1_synth_forward		41	C	9	4823	1	0	0	0	0	4833	4	1108	1	0	0	0	0	1113
TP1_synth_forward		42	C	16	4811	1	0	0	0	5	4833	7	1103	1	0	0	0	2	1113
TP1_synth_forward		43	G	2	6	2	4775	0	0	47	4832	1	4	2	1084	0	0	22	1113
TP1_synth_forward		44	A	4829	0	2	0	0	1	0	4832	1110	0	2	0	0	1	0	1113
TP1_synth_forward		45	G	2	15	2	4791	0	1	21	4832	1	8	2	1091	0	1	10	1113
TP1_synth_forward		46	T	87	1	5	0	0	1	4740	4834	21	0	4	0	0	0	1090	1115
TP1_synth_forward		47	G	22	15	6	4783	0	0	9	4835	14	6	4	1090	0	0	2	1116
TP1_synth_forward		48	C	22	4793	6	4	6	3	1	4835	12	1094	4	0	3	2	1	1116
TP1_synth_forward		49	G	2	3	5	4785	0	0	40	4835	1	1	3	1092	0	0	19	1116
TP1_synth_forward		50	G	18	7	1	4768	0	1	39	4834	8	2	1	1082	0	1	21	1115
TP1_synth_forward		51	C	10	4819	1	3	1	0	0	4834	5	1106	1	2	1	0	0	1115
TP1_synth_forward		52	T	62	2	2	1	0	1	4766	4834	32	0	2	0	0	1	1080	1115
TP1_synth_forward		53	T	77	4	1	1	2	2	4749	4836	29	1	1	1	1	1	1082	1116
TP1_synth_forward		54	G	18	5	2	4799	1	0	14	4839	9	2	1	1100	1	0	6	1119
TP1_synth_forward		55	C	11	4816	1	0	6	2	3	4839	8	1103	1	0	4	2	1	1119
TP1_synth_forward		56	G	12	3	3	4795	0	0	26	4839	3	2	3	1095	0	0	16	1119
TP1_synth_forward		57	G	1	4	1	4812	0	0	21	4839	1	1	1	1106	0	0	10	1119
TP1_synth_forward		58	A	4871	0	3	1	0	0	2	4877	1119	0	0	1	0	0	0	1120
TP1_synth_forward		59	G	0	9	0	4853	0	0	15	4877	0	5	0	1112	0	0	3	1120
TP1_synth_forward		60	A	6289	4	0	0	4	0	2	6299	1230	0	0	0	2	0	0	1232
TP1_synth_forward		61	T	27	0	0	15	0	1	6256	6299	12	0	0	8	0	0	1212	1232
TP1_synth_forward		62	T	35	2	0	7	0	0	6255	6299	11	1	0	3	0	0	1217	1232
TP1_synth_forward		63	C	9	6285	0	0	0	2	3	6299	5	1226	0	0	0	1	0	1232
TP1_synth_forward		64	T	31	0	0	0	0	3	6276	6310	14	0	0	0	0	1	1218	1233
TP1_synth_forward		65	C	6	6298	0	0	6	0	0	6310	3	1228	0	0	2	0	0	1233
TP1_synth_forward		66	T	49	1	0	0	0	0	6266	6316	24	0	0	0	0	0	1212	1236
TP1_synth_forward		67	T	47	3	0	0	0	0	6269	6319	13	0	0	0	0	0	1224	1237
TP1_synth_forward		68	C	13	6249	0	56	0	1	0	6319	6	1209	0	22	0	0	0	1237
TP1_synth_forward		69	C	17	6299	0	1	0	2	3	6322	10	1223	0	1	0	2	2	1238
TP1_synth_forward		70	T	25	2	2	0	0	3	6290	6322	13	1	2	0	0	2	1220	1238
TP1_synth_forward		71	C	7	6309	2	1	0	1	1	6321	3	1233	2	0	0	0	0	1238
TP1_synth_forward		72	T	32	0	2	0	0	0	6287	6321	15	0	2	0	0	0	1221	1238
TP1_synth_forward		73	G	4	13	3	6292	0	1	8	6321	3	7	2	1221	0	1	4	1238
TP1_synth_forward		74	T	41	0	0	0	1	1	6277	6320	14	0	0	0	1	0	1223	1238
TP1_synth_forward		75	G	1	7	0	6304	2	1	4	6319	0	2	0	1235	1	0	0	1238
TP1_synth_forward		76	C	14	6293	0	1	0	0	10	6318	7	1223	0	1	0	0	6	1237
TP1_synth_forward		77	G	4	9	0	6282	0	1	22	6318	0	3	0	1218	0	1	15	1237
TP1_synth_forward		78	C	6	6311	0	0	0	0	1	6318	3	1234	0	0	0	0	0	1237
TP1_synth_forward		79	C	4	6306	1	0	5	2	0	6318	2	1233	0	0	1	1	0	1237
TP1_synth_forward		80	G	5	6	1	6286	0	0	20	6318	0	2	0	1224	0	0	11	1237
TP1_synth_forward		81	C	4	6300	0	1	7	1	5	6318	3	1229	0	0	3	0	2	1237
TP1_synth_forward		82	A	6311	1	2	2	0	1	1	6318	1235	0	0	1	0	1	0	1237
TP1_synth_forward		83	A	6311	2	0	3	0	0	2	6318	1235	1	0	1	0	0	0	1237
TP1_synth_forward		84	A	6311	2	0	2	1	1	1	6318	1234	0	0	2	0	0	1	1237
TP1_synth_forward		85	G	4	5	2	6295	0	2	7	6315	1	1	1	1230	0	1	2	1236
TP1_synth_forward		86	C	9	6298	0	2	0	1	3	6313	4	1230	0	0	0	1	0	1235
TP1_synth_forward		87	T	50	0	0	1	0	1	6255	6307	23	0	0	0	0	0	1210	1233
TP1_synth_forward		88	G	7	8	0	6282	0	2	4	6303	4	5	0	1221	0	2	0	1232
TP1_synth_forward		89	T	57	0	0	1	0	0	6238	6296	21	0	0	1	0	0	1208	1230
TP1_synth_forward		90	T	40	1	0	0	1	0	6252	6294	11	0	0	0	0	0	1218	1229
TP1_synth_forward		91	C	10	6275	5	1	0	0	1	6292	4	1224	0	0	0	0	1	1229
TP1_synth_forward		92	C	8	6277	0	1	0	0	2	6288	0	1226	0	1	0	0	0	1227
TP1_synth_forward		93	G	10	12	0	6257	0	0	3	6282	5	5	0	1214	0	0	1	1225
TP1_synth_forward		94	T	46	0	0	2	0	1	6230	6279	18	0	0	0	0	0	1206	1224
TP1_synth_forward		95	C	3	6275	0	1	0	0	0	6279	1	1223	0	0	0	0	0	1224
TP1_synth_forward		96	C	0	6251	0	0	0	1	0	6252	0	1217	0	0	0	1	0	1218
TP1_synth_forward		97	C	0	6246	0	0	0	0	0	6246	0	1215	0	0	0	0	0	1215
TP1_synth_forward		98	A	6233	0	0	0	0	1	0	6234	1208	0	0	0	0	1	0	1209
TP1_synth_forward		99	G	0	0	0	6214	0	0	0	6214	0	0	0	1203	0	0	0	1203
TP1_synth_forward		100	T	0	0	0	0	0	0	6167	6167	0	0	0	0	0	0	1190	1190
TP1_synth_forward	TP1_synth_forward	1	G	0	0	0	715040	0	0	0	715040	0	0	0	33875	0	0	0	33875
TP1_synth_forward	TP1_synth_forward	2	T	0	0	0	0	0	0	718750	718750	0	0	0	0	0	0	34250	34250
TP1_synth_forward	TP1_synth_forward	3	G	0	0	0	721966	0	4	0	721970	0	0	0	35030	0	3	0	35033
TP1_synth_forward	TP1_synth_forward	4	G	0	0	0	722916	0	6	0	722922	0	0	0	35590	0	0	0	35590
TP1_synth_forward	TP1_synth_forward	5	T	0	0	0	0	0	26	722896	722922	0	0	0	0	0	2	35588	35590
TP1_synth_forward	TP1_synth_forward	6	G	571	54	0	721982	0	199	116	722922	8	4	0	35525	0	42	11	35590
TP1_synth_forward	TP1_synth_forward	7	A	722543	21	0	101	0	138	119	722922	35571	0	0	1	0	17	1	35590
TP1_synth_forward	TP1_synth_forward	8	G	112	29	0	722546	2	39	194	722922	5	2	0	35572	0	1	10	35590
TP1_synth_forward	TP1_synth_forward	9	G	142	103	0	722221	4	307	145	722922	2	27	0	35538	1	12	10	35590
TP1_synth_forward	TP1_synth_forward	10	C	114	722499	1	19	1	169	119	722922	9	35533	1	1	1	43	2	35590
TP1_synth_forward	TP1_synth_forward	11	T	374	510	7	18	245	120	721648	722922	61	10	1	0	26	34	35458	35590
TP1_synth_forward	TP1_synth_forward	12	C	134	721924	659	14	0	54	137	722922	12	35518	35	0	0	19	6	35590
TP1_synth_forward	TP1_synth_forward	13	C	302	722056	3	15	0	94	452	722922	33	35540	0	0	0	9	8	35590
TP1_synth_forward	TP1_synth_forward	14	C	237	722515	0	18	0	31	121	722922	31	35545	0	0	0	9	5	35590
TP1_synth_forward	TP1_synth_forward	15	C	141	721861	5	14	713	81	107	722922	24	35529	1	2	24	7	3	35590
TP1_synth_forward	TP1_synth_forward	16	T	449	789	1518	15	0	45	720106	722922	81	14	57	0	0	4	35434	35590
TP1_synth_forward	TP1_synth_forward	17	T	330	170	950	21	0	56	721395	722922	57	11	52	1	0	25	35444	35590
TP1_synth_forward	TP1_synth_forward	18	T	211	48	1228	11	49	136	721239	722922	32	0	73	1	12	26	35446	35590
TP1_synth_forward	TP1_synth_forward	19	A	720934	389	1233	85	97	59	125	722922	35480	10	75	1	7	9	8	35590
TP1_synth_forward	TP1_synth_forward	20	T	293	76	1109	34	379	90	720941	722922	71	2	51	2	23	17	35424	35590
TP1_synth_forward	TP1_synth_forward	21	A	720830	725	1054	79	2	86	146	722922	35507	19	41	2	0	11	10	35590
TP1_synth_forward	TP1_synth_forward	22	C	218	721118	1051	55	291	44	145	722922	20	35498	40	1	23	5	3	35590
TP1_synth_forward	TP1_synth_forward	23	A	717513	274	1661	110	188	167	3009	722922	35348	12	59	1	29	43	98	35590
TP1_synth_forward	TP1_synth_forward	24	G	496	58	1052	720872	44	172	228	722922	19	7	48	35408	5	56	47	35590
TP1_synth_forward	TP1_synth_forward	25	A	721192	431	978	120	0	106	95	722922	35454	26	40	7	0	61	2	35590
TP1_synth_forward	TP1_synth_forward	26	A	722606	4	13	99	0	75	125	722922	35551	0	7	4	0	24	4	35590
TP1_synth_forward	TP1_synth_forward	27	T	739	67	1089	61	787	52	720127	722922	132	2	64	5	25	1	35361	35590
TP1_synth_forward	TP1_synth_forward	28	A	721276	456	904	53	5	126	102	722922	35516	21	42	2	0	6	3	35590
TP1_synth_forward	TP1_synth_forward	29	T	443	83	931	276	861	109	720219	722922	77	3	47	14	23	50	35376	35590
TP1_synth_forward	TP1_synth_forward	30	C	324	720000	2395	57	2	47	97	722922	60	35435	82	5	0	4	4	35590
TP1_synth_forward	TP1_synth_forward	31	T	1800	91	3096	59	57	12	717790	722905	327	5	94	5	10	0	35136	35577
TP1_synth_forward	TP1_synth_forward	32	G	212	183	2718	718676	1	46	1049	722885	21	40	90	35341	1	4	69	35566
TP1_synth_forward	TP1_synth_forward	33	T	1601	60	3140	15	1	131	717934	722882	217	1	98	0	1	55	35192	35564
TP1_synth_forward	TP1_synth_forward	34	T	2685	80	2711	2	1	152	717241	722872	344	3	88	1	0	33	35090	35559
TP1_synth_forward	TP1_synth_forward	35	C	3492	715560	3222	26	342	40	177	722859	210	35208	104	0	22	3	2	35549
TP1_synth_forward	TP1_synth_forward	36	G	188	222	2777	717049	773	185	1657	722851	7	66	88	35093	29	59	201	35543
TP1_synth_forward	TP1_synth_forward	37	C	241	719073	2990	32	187	192	134	722849	41	35343	105	4	25	14	10	35542
TP1_synth_forward	TP1_synth_forward	38	A	720620	676	1295	85	2	71	95	722844	35453	17	48	3	0	15	2	35538
TP1_synth_forward	TP1_synth_forward	39	C	191	720336	126	80	443	54	1607	722837	41	35401	14	6	16	17	39	35534
TP1_synth_forward	TP1_synth_forward	40	T	2043	1430	130	13	384	54	718760	722814	344	55	15	0	14	7	35082	35517
TP1_synth_forward	TP1_synth_forward	41	C	294	721970	250	27	2	106	157	722806	42	35372	28	2	0	63	5	35512
TP1_synth_forward	TP1_synth_forward	42	C	344	720519	146	34	1	54	1704	722802	74	35343	11	2	0	7	74	35511
TP1_synth_forward	TP1_synth_forward	43	G	194	179	717	720500	0	42	1144	722776	11	57	19	35240	0	2	168	35497
TP1_synth_forward	TP1_synth_forward	44	A	721819	17	703	51	3	123	60	722776	35461	4	17	1	3	8	3	35497
TP1_synth_forward	TP1_synth_forward	45	G	479	359	704	720321	97	269	535	722764	20	72	19	35192	9	73	104	35489
TP1_synth_forward	TP1_synth_forward	46	T	1605	83	1389	38	0	87	719554	722756	230	5	46	0	0	24	35181	35486
TP1_synth_forward	TP1_synth_forward	47	G	307	247	1574	719782	0	159	673	722742	48	64	68	35229	0	11	56	35476
TP1_synth_forward	TP1_synth_forward	48	C	331	718141	1671	29	1953	288	328	722741	54	35237	62	0	65	48	9	35475
TP1_synth_forward	TP1_synth_forward	49	G	201	141	1407	716871	4	186	3871	722681	10	45	58	35084	1	73	193	35464
TP1_synth_forward	TP1_synth_forward	50	G	196	236	644	719492	12	127	1972	722679	26	45	18	35251	4	20	99	35463
TP1_synth_forward	TP1_synth_forward	51	C	255	719137	647	965	912	219	542	722677	40	35319	21	29	18	11	25	35463
TP1_synth_forward	TP1_synth_forward	52	T	1503	60	725	141	4	178	720051	722662	285	4	19	3	1	7	35131	35450
TP1_synth_forward	TP1_synth_forward	53	T	1336	119	646	73	544	43	719892	722653	228	6	18	5	26	6	35157	35446
TP1_synth_forward	TP1_synth_forward	54	G	188	170	763	720773	44	170	533	722641	22	42	23	35228	10	42	71	35438
TP1_synth_forward	TP1_synth_forward	55	C	251	717430	713	41	3653	346	201	722635	37	35175	26	2	106	80	9	35435
TP1_synth_forward	TP1_synth_forward	56	G	248	117	1279	720358	2	224	402	722630	13	32	44	35279	0	14	51	35433
TP1_synth_forward	TP1_synth_forward	57	G	115	70	652	721412	4	62	292	722607	10	22	19	35320	1	0	46	35418
TP1_synth_forward	TP1_synth_forward	58	A	721302	18	924	132	43	51	111	722581	35358	0	31	4	5	2	7	35407
TP1_synth_forward	TP1_synth_forward	59	G	106	115	4	721583	0	36	706	722550	8	34	2	35277	0	8	58	35387
TP1_synth_forward	TP1_synth_forward	60	A	719420	862	487	97	1529	35	114	722544	35286	16	21	4	45	8	5	35385
TP1_synth_forward	TP1_synth_forward	61	T	333	193	7	450	1	91	721447	722522	52	15	4	57	0	3	35243	35374
TP1_synth_forward	TP1_synth_forward	62	T	1292	125	6	372	26	70	720526	722417	227	3	3	39	1	5	35055	35333
TP1_synth_forward	TP1_synth_forward	63	C	370	721490	11	61	0	152	295	722379	67	35234	1	1	0	9	7	35319
TP1_synth_forward	TP1_synth_forward	64	T	1862	83	4	52	56	99	720192	722348	273	4	2	1	4	20	34998	35302
TP1_synth_forward	TP1_synth_forward	65	C	209	718901	416	30	2495	134	157	722342	31	35177	8	1	64	8	8	35297
TP1_synth_forward	TP1_synth_forward	66	T	1479	84	211	51	17	62	720429	722333	270	5	6	4	3	2	35003	35293
TP1_synth_forward	TP1_synth_forward	67	T	1972	105	203	45	146	81	719760	722312	266	2	4	2	1	3	35009	35287
TP1_synth_forward	TP1_synth_forward	68	C	289	707088	349	14292	1	97	173	722289	38	34622	14	587	0	7	7	35275
TP1_synth_forward	TP1_synth_forward	69	C	441	719265	53	52	1364	126	982	722283	85	35042	2	3	60	53	25	35270
TP1_synth_forward	TP1_synth_forward	70	T	1672	66	783	812	3	194	718747	722277	260	4	16	26	1	42	34918	35267
TP1_synth_forward	TP1_synth_forward	71	C	411	720851	779	21	3	93	103	722261	75	35149	16	0	1	9	5	35255
TP1_synth_forward	TP1_synth_forward	72	T	2051	90	789	14	225	110	718971	722250	305	2	18	3	30	26	34865	35249
TP1_synth_forward	TP1_synth_forward	73	G	205	285	789	720401	56	125	379	722240	33	47	18	35069	5	10	63	35245
TP1_synth_forward	TP1_synth_forward	74	T	1389	91	2	24	351	112	720268	722237	187	3	1	2	23	5	35023	35244
TP1_synth_forward	TP1_synth_forward	75	G	532	186	47	720693	436	104	229	722227	27	41	16	35074	40	5	32	35235
TP1_synth_forward	TP1_synth_forward	76	C	388	717811	225	55	855	159	2727	722220	53	35022	21	2	40	12	81	35231
TP1_synth_forward	TP1_synth_forward	77	G	778	327	41	720283	181	102	490	722202	23	68	15	35035	5	5	71	35222
TP1_synth_forward	TP1_synth_forward	78	C	422	721510	6	30	2	96	132	722198	38	35173	0	0	0	3	5	35219
TP1_synth_forward	TP1_synth_forward	79	C	241	719906	21	39	1560	146	283	722196	37	35090	0	1	32	44	15	35219
TP1_synth_forward	TP1_synth_forward	80	G	434	437	40	720567	2	37	659	722176	23	76	3	34989	0	7	109	35207
TP1_synth_forward	TP1_synth_forward	81	C	192	717986	14	36	2678	49	1212	722167	47	35014	5	1	77	4	54	35202
TP1_synth_forward	TP1_synth_forward	82	A	721419	58	381	165	1	38	98	722160	35151	3	30	10	0	2	1	35197
TP1_synth_forward	TP1_synth_forward	83	A	721800	59	6	104	2	97	90	722158	35181	6	0	3	0	4	3	35197
TP1_synth_forward	TP1_synth_forward	84	A	721214	79	1	266	257	229	86	722132	35125	4	0	8	16	33	5	35191
TP1_synth_forward	TP1_synth_forward	85	G	161	293	617	720627	6	147	162	722013	24	51	11	35036	1	7	21	35151
TP1_synth_forward	TP1_synth_forward	86	C	359	721119	0	92	67	152	155	721944	60	35063	0	1	4	4	4	35136
TP1_synth_forward	TP1_synth_forward	87	T	2375	67	1	339	0	164	718903	721849	303	1	0	9	0	53	34744	35110
TP1_synth_forward	TP1_synth_forward	88	G	239	188	90	720962	2	66	247	721794	39	21	2	34984	0	10	38	35094
TP1_synth_forward	TP1_synth_forward	89	T	1013	90	145	65	0	36	720353	721702	81	3	7	2	0	13	34965	35071
TP1_synth_forward	TP1_synth_forward	90	T	1705	130	70	23	153	40	718978	721099	186	2	2	2	10	30	34801	35033
TP1_synth_forward	TP1_synth_forward	91	C	412	719368	969	163	0	9	134	721055	40	34971	6	2	0	3	1	35023
TP1_synth_forward	TP1_synth_forward	92	C	315	720192	0	31	0	43	213	720794	21	34968	0	1	0	3	11	35004
TP1_synth_forward	TP1_synth_forward	93	G	613	312	0	719454	0	53	120	720552	38	51	0	34870	0	4	12	34975
TP1_synth_forward	TP1_synth_forward	94	T	1491	103	0	86	0	63	718541	720284	151	7	0	12	0	30	34751	34951
TP1_synth_forward	TP1_synth_forward	95	C	109	719864	0	43	0	122	129	720267	10	34913	0	0	0	20	5	34948
TP1_synth_forward	TP1_synth_forward	96	C	0	719481	0	0	0	60	0	719541	0	34886	0	0	0	24	0	34910
TP1_synth_forward	TP1_synth_forward	97	C	0	718818	0	0	0	59	0	718877	0	34857	0	0	0	7	0	34864
TP1_synth_forward	TP1_synth_forward	98	A	715733	0	0	0	0	20	0	715753	34743	0	0	0	0	7	0	34750
TP1_synth_forward	TP1_synth_forward	99	G	0	0	0	715045	0	0	0	715045	0	0	0	34629	0	0	0	34629
TP1_synth_forward	TP1_synth_forward	100	T	0	0	0	0	0	0	713634	713634	0	0	0	0	0	0	34452	34452
