



























































































































































































































#AmpliconChromStart	Alias	Position	ProbableRef	rawA	rawC	rawD	rawG	rawI	rawN	rawT	rawDepth	consA	consC	consD	consG	consI	consN	consT	consDepth	
TP1_synth_forward		5	T	0	0	0	0	0	0	479	479	0	0	0	0	0	0	369	369
TP1_synth_forward		6	G	0	0	0	1246	0	0	0	1246	0	0	0	933	0	0	0	933
TP1_synth_forward		7	A	1389	0	0	0	0	0	0	1389	1014	0	0	0	0	0	0	1014
TP1_synth_forward		8	G	0	0	0	1795	0	0	0	1795	0	0	0	1062	0	0	0	1062
TP1_synth_forward		9	G	0	0	0	1906	0	0	0	1906	0	0	0	1098	0	0	0	1098
TP1_synth_forward		10	C	8	1925	0	0	0	2	0	1935	8	1115	0	0	0	2	0	1125
TP1_synth_forward		11	T	15	0	0	0	0	21	1926	1962	12	0	0	0	0	19	1118	1149
TP1_synth_forward		12	C	11	1950	0	0	0	17	0	1978	9	1139	0	0	0	17	0	1165
TP1_synth_forward		13	C	18	1957	0	0	0	3	0	1978	13	1151	0	0	0	1	0	1165
TP1_synth_forward		14	C	19	1970	0	0	0	2	0	1991	15	1157	0	0	0	2	0	1174
TP1_synth_forward		15	C	15	1957	0	1	0	16	2	1991	12	1144	0	1	0	16	1	1174
TP1_synth_forward		16	T	48	2	6	0	0	3	1951	2010	35	1	6	0	0	3	1144	1189
TP1_synth_forward		17	T	101	0	0	0	0	19	1890	2010	79	0	0	0	0	17	1093	1189
TP1_synth_forward		18	T	53	0	0	1	0	3	1973	2030	43	0	0	1	0	3	1154	1201
TP1_synth_forward		19	A	2403	0	0	1	0	17	1	2422	1536	0	0	0	0	17	1	1554
TP1_synth_forward		20	T	58	0	0	1	0	1	2362	2422	42	0	0	1	0	1	1510	1554
TP1_synth_forward		21	A	2412	1	4	0	0	3	2	2422	1547	1	3	0	0	1	2	1554
TP1_synth_forward		22	C	24	2394	1	2	1	0	0	2422	17	1534	1	1	1	0	0	1554
TP1_synth_forward		23	A	2415	1	0	3	0	0	3	2422	1551	1	0	1	0	0	1	1554
TP1_synth_forward		24	G	2	33	0	2369	0	0	18	2422	1	25	0	1517	0	0	11	1554
TP1_synth_forward		25	A	2417	3	0	0	0	0	2	2422	1551	1	0	0	0	0	2	1554
TP1_synth_forward		26	A	2418	0	0	1	0	0	3	2422	1552	0	0	1	0	0	1	1554
TP1_synth_forward		27	T	84	0	1	0	0	0	2337	2422	55	0	1	0	0	0	1498	1554
TP1_synth_forward		28	A	2422	0	0	0	0	0	0	2422	1554	0	0	0	0	0	0	1554
TP1_synth_forward		29	T	46	0	0	0	0	2	2374	2422	36	0	0	0	0	2	1516	1554
TP1_synth_forward		30	C	19	2387	0	0	0	15	1	2422	14	1524	0	0	0	15	1	1554
TP1_synth_forward		31	T	62	0	0	0	1	2	2357	2422	52	0	0	0	1	2	1499	1554
TP1_synth_forward		32	G	3	54	2	2349	0	0	14	2422	3	45	2	1493	0	0	11	1554
TP1_synth_forward		33	T	108	0	2	0	0	0	2312	2422	77	0	2	0	0	0	1475	1554
TP1_synth_forward		34	T	79	0	2	0	0	0	2528	2609	61	0	2	0	0	0	1504	1567
TP1_synth_forward		35	C	22	2584	6	0	0	0	2	2614	20	1544	5	0	0	0	1	1570
TP1_synth_forward		36	G	3	43	2	2500	0	0	66	2614	2	40	2	1477	0	0	49	1570
TP1_synth_forward		37	C	26	2589	3	0	0	0	1	2619	21	1548	3	0	0	0	1	1573
TP1_synth_forward		38	A	2612	2	2	1	0	1	2	2620	1567	1	2	1	0	1	2	1574
TP1_synth_forward		39	C	28	2584	3	1	0	0	4	2620	22	1547	3	0	0	0	2	1574
TP1_synth_forward		40	T	76	0	2	4	3	0	2535	2620	62	0	2	4	1	0	1505	1574
TP1_synth_forward		41	C	31	2582	7	0	0	0	0	2620	22	1546	6	0	0	0	0	1574
TP1_synth_forward		42	C	28	2588	2	0	0	0	5	2623	19	1547	2	0	0	0	5	1573
TP1_synth_forward		43	G	1	77	0	2498	0	4	42	2622	1	65	0	1471	0	2	33	1572
TP1_synth_forward		44	A	2619	0	0	0	3	0	1	2623	1571	0	0	0	1	0	1	1573
TP1_synth_forward		45	G	2	33	3	2491	0	0	94	2623	1	21	2	1468	0	0	81	1573
TP1_synth_forward		46	T	101	0	3	0	0	0	2519	2623	78	0	2	0	0	0	1493	1573
TP1_synth_forward		47	G	2	33	3	2463	0	0	122	2623	1	26	2	1444	0	0	100	1573
TP1_synth_forward		48	C	31	2599	3	0	0	0	0	2633	25	1552	2	0	0	0	0	1579
TP1_synth_forward		49	G	9	12	3	2552	0	0	55	2631	6	10	2	1518	0	0	41	1577
TP1_synth_forward		50	G	8	46	3	2544	0	0	29	2630	6	33	2	1515	0	0	20	1576
TP1_synth_forward		51	C	25	2978	3	0	0	0	0	3006	20	1583	2	0	0	0	0	1605
TP1_synth_forward		52	T	62	1	4	1	0	0	2551	2619	50	1	3	1	0	0	1202	1257
TP1_synth_forward		53	T	107	0	3	3	0	0	2518	2631	75	0	2	3	0	0	1186	1266
TP1_synth_forward		54	G	9	22	3	2595	0	0	20	2649	4	15	2	1238	0	0	15	1274
TP1_synth_forward		55	C	40	2625	3	1	0	2	2	2673	24	1254	2	1	0	2	1	1284
TP1_synth_forward		56	G	9	11	3	2621	1	0	36	2681	3	7	2	1250	1	0	23	1286
TP1_synth_forward		57	G	37	21	1	2585	2	0	35	2681	24	12	1	1224	0	0	25	1286
TP1_synth_forward		58	A	2804	0	0	0	0	0	3	2807	1297	0	0	0	0	0	1	1298
TP1_synth_forward		59	G	18	34	2	2743	0	0	9	2806	9	26	2	1253	0	0	7	1297
TP1_synth_forward		60	A	2934	2	1	1	0	0	0	2938	1306	1	1	0	0	0	0	1308
TP1_synth_forward		61	T	44	0	1	4	0	0	2889	2938	31	0	1	3	0	0	1273	1308
TP1_synth_forward		62	T	61	0	3	0	0	0	2901	2965	43	0	3	0	0	0	1263	1309
TP1_synth_forward		63	C	20	2942	2	0	0	0	1	2965	15	1292	2	0	0	0	0	1309
TP1_synth_forward		64	T	50	2	0	1	0	1	2928	2982	43	1	0	1	0	0	1267	1312
TP1_synth_forward		65	C	27	2962	0	2	0	3	0	2994	22	1287	0	2	0	3	0	1314
TP1_synth_forward		66	T	63	1	0	3	0	16	2926	3009	45	0	0	2	0	15	1258	1320
TP1_synth_forward		67	T	51	1	0	3	0	2	2960	3017	40	0	0	2	0	2	1278	1322
TP1_synth_forward		68	C	38	2971	1	3	0	4	0	3017	34	1281	0	3	0	4	0	1322
TP1_synth_forward		69	C	26	2972	0	5	0	14	0	3017	19	1286	0	3	0	14	0	1322
TP1_synth_forward		70	T	13	1	0	1	0	2	3000	3017	9	0	0	1	0	2	1310	1322
TP1_synth_forward		71	C	15	2998	1	2	0	0	0	3016	14	1305	1	1	0	0	0	1321
TP1_synth_forward		72	T	26	0	0	3	0	2	2985	3016	21	0	0	2	0	2	1296	1321
TP1_synth_forward		73	G	11	12	0	2970	0	17	6	3016	10	10	0	1281	0	15	5	1321
TP1_synth_forward		74	T	44	0	0	0	0	2	2970	3016	30	0	0	0	0	2	1289	1321
TP1_synth_forward		75	G	4	9	0	2989	0	0	13	3015	2	8	0	1298	0	0	12	1320
TP1_synth_forward		76	C	26	2982	1	0	2	2	2	3015	19	1296	1	0	1	2	1	1320
TP1_synth_forward		77	G	2	6	1	2946	1	14	45	3015	2	6	1	1259	0	14	38	1320
TP1_synth_forward		78	C	21	2990	2	0	0	2	0	3015	17	1300	1	0	0	2	0	1320
TP1_synth_forward		79	C	16	2994	1	2	0	2	0	3015	15	1302	1	1	0	1	0	1320
TP1_synth_forward		80	G	20	6	1	2971	0	3	14	3015	15	5	1	1286	0	1	12	1320
TP1_synth_forward		81	C	6	2625	4	0	0	1	0	2636	3	1282	3	0	0	0	0	1288
TP1_synth_forward		82	A	2624	3	7	0	0	1	1	2636	1283	2	2	0	0	0	1	1288
TP1_synth_forward		83	A	2627	2	0	6	0	1	0	2636	1287	0	0	0	0	1	0	1288
TP1_synth_forward		84	A	2628	3	0	5	0	0	0	2636	1285	2	0	1	0	0	0	1288
TP1_synth_forward		85	G	1	8	0	2619	0	1	6	2635	1	6	0	1275	0	1	4	1287
TP1_synth_forward		86	C	11	2618	0	1	0	0	0	2630	8	1276	0	0	0	0	0	1284
TP1_synth_forward		87	T	35	0	0	6	0	0	2585	2626	26	0	0	2	0	0	1253	1281
TP1_synth_forward		88	G	5	7	1	2603	0	0	6	2622	4	4	0	1266	0	0	3	1277
TP1_synth_forward		89	T	36	0	0	1	0	3	2578	2618	27	0	0	1	0	2	1244	1274
TP1_synth_forward		90	T	23	0	0	1	1	1	2585	2611	17	0	0	1	1	1	1247	1267
TP1_synth_forward		91	C	7	2598	1	2	0	1	0	2609	7	1258	1	0	0	0	0	1266
TP1_synth_forward		92	C	8	2592	0	4	0	1	0	2605	6	1257	0	1	0	0	0	1264
TP1_synth_forward		93	G	2	2	0	2592	0	3	3	2602	2	2	0	1254	0	1	2	1261
TP1_synth_forward		94	T	33	0	0	6	0	1	2556	2596	21	0	0	3	0	0	1233	1257
TP1_synth_forward		95	C	2	2587	0	1	0	1	0	2591	1	1252	0	1	0	1	0	1255
TP1_synth_forward		96	C	0	2577	0	0	0	0	0	2577	0	1245	0	0	0	0	0	1245
TP1_synth_forward		97	C	0	2558	0	0	0	1	0	2559	0	1233	0	0	0	1	0	1234
TP1_synth_forward		98	A	2543	0	0	0	0	0	0	2543	1229	0	0	0	0	0	0	1229
TP1_synth_forward		99	G	0	0	0	2528	0	0	0	2528	0	0	0	1217	0	0	0	1217
TP1_synth_forward		100	T	0	0	0	0	0	0	2499	2499	0	0	0	0	0	0	1196	1196
TP1_synth_forward	TP1_synth_forward	1	G	0	0	0	710319	0	0	0	710319	0	0	0	47458	0	0	0	47458
TP1_synth_forward	TP1_synth_forward	2	T	0	0	0	0	0	0	711740	711740	0	0	0	0	0	0	47880	47880
TP1_synth_forward	TP1_synth_forward	3	G	0	0	0	713879	0	128	0	714007	0	0	0	48460	0	48	0	48508
TP1_synth_forward	TP1_synth_forward	4	G	0	0	0	714617	0	58	0	714675	0	0	0	48913	0	11	0	48924
TP1_synth_forward	TP1_synth_forward	5	T	0	0	0	0	0	200	714475	714675	0	0	0	0	0	69	48855	48924
TP1_synth_forward	TP1_synth_forward	6	G	315	79	0	714104	0	29	148	714675	16	13	0	48860	0	17	18	48924
TP1_synth_forward	TP1_synth_forward	7	A	714404	30	0	101	0	10	130	714675	48916	2	0	4	0	1	1	48924
TP1_synth_forward	TP1_synth_forward	8	G	114	72	0	714278	0	92	119	714675	5	17	0	48869	0	4	29	48924
TP1_synth_forward	TP1_synth_forward	9	G	128	136	0	714265	0	9	137	714675	9	37	0	48848	0	0	30	48924
TP1_synth_forward	TP1_synth_forward	10	C	292	713775	421	34	0	20	133	714675	65	48843	10	3	0	0	3	48924
TP1_synth_forward	TP1_synth_forward	11	T	335	122	20	28	293	25	713852	714675	88	8	6	1	14	9	48798	48924
TP1_synth_forward	TP1_synth_forward	12	C	348	713262	848	13	0	43	161	714675	70	48799	39	0	0	12	4	48924
TP1_synth_forward	TP1_synth_forward	13	C	363	714029	3	29	0	118	133	714675	71	48819	0	4	0	25	5	48924
TP1_synth_forward	TP1_synth_forward	14	C	296	714150	0	23	0	54	152	714675	48	48865	0	4	0	3	4	48924
TP1_synth_forward	TP1_synth_forward	15	C	236	714210	1	32	75	22	99	714675	57	48856	0	1	5	0	5	48924
TP1_synth_forward	TP1_synth_forward	16	T	510	232	2233	25	0	31	711644	714675	116	15	142	1	0	8	48642	48924
TP1_synth_forward	TP1_synth_forward	17	T	613	81	37	31	0	140	713773	714675	130	4	1	2	0	57	48730	48924
TP1_synth_forward	TP1_synth_forward	18	T	463	155	58	11	0	114	713874	714675	109	16	7	1	0	52	48739	48924
TP1_synth_forward	TP1_synth_forward	19	A	714222	8	70	81	16	78	200	714675	48879	1	10	3	3	16	12	48924
TP1_synth_forward	TP1_synth_forward	20	T	553	88	494	19	163	58	713300	714675	144	6	33	1	7	19	48714	48924
TP1_synth_forward	TP1_synth_forward	21	A	713067	18	1104	96	0	167	223	714675	48819	2	43	4	0	24	32	48924
TP1_synth_forward	TP1_synth_forward	22	C	377	712999	802	80	128	134	155	714675	80	48753	26	24	12	17	12	48924
TP1_synth_forward	TP1_synth_forward	23	A	713805	32	397	138	30	104	169	714675	48808	13	34	6	6	47	10	48924
TP1_synth_forward	TP1_synth_forward	24	G	149	186	350	713318	247	63	362	714675	15	54	22	48746	13	17	57	48924
TP1_synth_forward	TP1_synth_forward	25	A	712965	34	969	217	0	71	419	714675	48820	6	55	22	0	3	18	48924
TP1_synth_forward	TP1_synth_forward	26	A	714027	7	274	109	27	98	133	714675	48874	0	18	4	3	17	8	48924
TP1_synth_forward	TP1_synth_forward	27	T	1553	58	569	103	0	62	712330	714675	302	2	40	21	0	25	48534	48924
TP1_synth_forward	TP1_synth_forward	28	A	713811	7	525	70	105	50	107	714675	48858	1	20	3	7	31	4	48924
TP1_synth_forward	TP1_synth_forward	29	T	640	72	891	21	505	10	712536	714675	160	4	30	2	17	4	48707	48924
TP1_synth_forward	TP1_synth_forward	30	C	818	712756	891	18	0	35	157	714675	383	48488	30	0	0	17	6	48924
TP1_synth_forward	TP1_synth_forward	31	T	1988	101	433	25	112	18	711815	714492	848	4	18	2	9	1	47910	48792
TP1_synth_forward	TP1_synth_forward	32	G	162	759	869	711993	26	51	591	714451	13	215	45	48245	8	8	230	48764
TP1_synth_forward	TP1_synth_forward	33	T	3646	107	759	31	0	13	709884	714440	1203	10	39	1	0	1	47501	48755
TP1_synth_forward	TP1_synth_forward	34	T	1247	74	783	12	0	21	712292	714429	284	5	47	1	0	16	48397	48750
TP1_synth_forward	TP1_synth_forward	35	C	1059	711349	1695	47	0	48	226	714424	405	48246	82	3	0	2	9	48747
TP1_synth_forward	TP1_synth_forward	36	G	233	1150	887	710388	0	72	1681	714411	17	542	39	47864	0	20	257	48739
TP1_synth_forward	TP1_synth_forward	37	C	506	712272	1239	26	194	47	120	714404	107	48548	49	4	15	5	7	48735
TP1_synth_forward	TP1_synth_forward	38	A	712560	93	1348	115	0	84	200	714400	48600	18	59	4	0	4	48	48733
TP1_synth_forward	TP1_synth_forward	39	C	302	711692	1272	72	1	46	1006	714391	78	48548	50	10	1	1	37	48725
TP1_synth_forward	TP1_synth_forward	40	T	1117	146	1252	63	861	23	710914	714376	279	10	45	10	20	0	48354	48718
TP1_synth_forward	TP1_synth_forward	41	C	533	710815	2740	21	3	19	137	714268	130	48448	118	2	0	6	6	48710
TP1_synth_forward	TP1_synth_forward	42	C	1198	710584	1227	48	0	124	1050	714231	503	48047	42	9	0	43	37	48681
TP1_synth_forward	TP1_synth_forward	43	G	191	1092	999	710461	294	78	1089	714204	6	235	62	48132	22	16	193	48666
TP1_synth_forward	TP1_synth_forward	44	A	712209	60	928	53	760	124	67	714201	48507	17	70	2	24	40	3	48663
TP1_synth_forward	TP1_synth_forward	45	G	524	491	1465	709252	164	58	2231	714185	30	128	68	48008	8	4	406	48652
TP1_synth_forward	TP1_synth_forward	46	T	3346	84	1577	16	3	29	709101	714156	1115	5	63	2	0	11	47430	48626
TP1_synth_forward	TP1_synth_forward	47	G	165	1438	1171	708412	19	10	2917	714132	7	626	62	47372	3	5	536	48611
TP1_synth_forward	TP1_synth_forward	48	C	672	712129	1067	21	59	10	171	714129	130	48401	59	1	8	0	10	48609
TP1_synth_forward	TP1_synth_forward	49	G	634	414	965	709868	7	51	2180	714119	95	205	64	47642	6	1	587	48600
TP1_synth_forward	TP1_synth_forward	50	G	209	726	486	711376	65	19	1233	714114	53	168	34	47860	4	6	472	48597
TP1_synth_forward	TP1_synth_forward	51	C	656	712460	730	35	1	92	133	714107	269	48229	54	1	0	34	6	48593
TP1_synth_forward	TP1_synth_forward	52	T	2521	59	1110	216	18	47	710129	714100	958	4	51	56	4	8	47507	48588
TP1_synth_forward	TP1_synth_forward	53	T	2868	112	517	172	7	39	710381	714096	905	4	34	16	5	18	47605	48587
TP1_synth_forward	TP1_synth_forward	54	G	637	459	770	711855	0	11	353	714085	45	84	55	48320	0	2	76	48582
TP1_synth_forward	TP1_synth_forward	55	C	672	711980	558	137	300	48	382	714077	245	48216	45	16	10	30	19	48581
TP1_synth_forward	TP1_synth_forward	56	G	497	140	1099	710333	658	60	1285	714072	179	52	57	47865	18	10	397	48578
TP1_synth_forward	TP1_synth_forward	57	G	675	183	123	712105	284	38	637	714045	116	41	15	48142	10	20	222	48566
TP1_synth_forward	TP1_synth_forward	58	A	713617	34	31	134	1	57	157	714031	48515	6	4	4	0	29	4	48562
TP1_synth_forward	TP1_synth_forward	59	G	575	544	235	711662	249	12	728	714005	90	139	17	48088	16	3	195	48548
TP1_synth_forward	TP1_synth_forward	60	A	712849	191	618	170	5	42	124	713999	48456	29	37	8	0	8	7	48545
TP1_synth_forward	TP1_synth_forward	61	T	955	71	726	115	1	16	712104	713988	204	6	55	15	0	5	48256	48541
TP1_synth_forward	TP1_synth_forward	62	T	2306	88	629	31	0	105	710593	713752	328	1	23	8	0	18	48131	48509
TP1_synth_forward	TP1_synth_forward	63	C	1272	711318	642	32	2	31	435	713732	481	47969	24	3	2	4	20	48503
TP1_synth_forward	TP1_synth_forward	64	T	2278	76	969	183	0	82	710123	713711	394	1	41	19	0	4	48034	48493
TP1_synth_forward	TP1_synth_forward	65	C	582	711648	998	147	118	96	114	713703	132	48262	41	18	12	18	5	48488
TP1_synth_forward	TP1_synth_forward	66	T	2381	100	639	149	0	35	710394	713698	468	3	35	25	0	8	47948	48487
TP1_synth_forward	TP1_synth_forward	67	T	4184	359	498	60	0	148	708425	713674	1213	14	22	10	0	47	47175	48481
TP1_synth_forward	TP1_synth_forward	68	C	1170	710655	1094	41	0	124	120	713204	299	48109	40	3	0	9	4	48464
TP1_synth_forward	TP1_synth_forward	69	C	763	711579	478	128	0	56	197	713201	137	48266	23	13	0	17	8	48464
TP1_synth_forward	TP1_synth_forward	70	T	842	72	541	100	0	32	711295	712882	189	1	27	8	0	4	48222	48451
TP1_synth_forward	TP1_synth_forward	71	C	271	711331	1105	31	0	21	117	712876	56	48327	59	1	0	2	3	48448
TP1_synth_forward	TP1_synth_forward	72	T	2448	68	528	61	0	58	709708	712871	843	3	28	5	0	13	47554	48446
TP1_synth_forward	TP1_synth_forward	73	G	633	287	13	711591	1	173	168	712866	52	54	2	48263	0	33	38	48442
TP1_synth_forward	TP1_synth_forward	74	T	1926	100	531	58	136	91	710023	712865	609	4	20	2	13	8	47785	48441
TP1_synth_forward	TP1_synth_forward	75	G	996	244	534	710681	2	20	386	712863	56	46	21	48243	1	5	67	48439
TP1_synth_forward	TP1_synth_forward	76	C	969	709040	1108	52	934	34	720	712857	386	47922	53	4	25	16	32	48438
TP1_synth_forward	TP1_synth_forward	77	G	1299	324	1282	709119	53	24	751	712852	84	94	60	48031	7	7	154	48437
TP1_synth_forward	TP1_synth_forward	78	C	229	710771	1606	12	0	44	190	712852	44	48275	79	2	0	26	11	48437
TP1_synth_forward	TP1_synth_forward	79	C	288	711036	755	64	6	179	523	712851	45	48312	37	6	3	21	13	48437
TP1_synth_forward	TP1_synth_forward	80	G	1247	385	774	709889	0	198	351	712844	109	84	37	48143	0	9	54	48436
TP1_synth_forward	TP1_synth_forward	81	C	236	710536	1639	21	122	162	121	712837	39	48267	80	2	14	20	10	48432
TP1_synth_forward	TP1_synth_forward	82	A	710797	98	1642	139	0	80	78	712834	48320	13	62	7	0	25	3	48430
TP1_synth_forward	TP1_synth_forward	83	A	712348	62	2	118	0	217	85	712832	48384	7	1	14	0	20	4	48430
TP1_synth_forward	TP1_synth_forward	84	A	712145	69	1	187	251	79	52	712784	48380	4	0	10	20	5	3	48422
TP1_synth_forward	TP1_synth_forward	85	G	122	319	5	712048	2	84	154	712734	9	67	1	48262	0	30	34	48403
TP1_synth_forward	TP1_synth_forward	86	C	343	712117	2	40	1	56	125	712684	76	48297	0	4	1	5	5	48388
TP1_synth_forward	TP1_synth_forward	87	T	1411	85	597	125	0	88	710310	712616	272	3	24	11	0	34	48020	48364
TP1_synth_forward	TP1_synth_forward	88	G	194	375	560	710636	138	110	557	712570	19	35	17	48231	3	14	38	48357
TP1_synth_forward	TP1_synth_forward	89	T	1001	121	51	42	1	241	711050	712507	123	5	0	3	0	74	48139	48344
TP1_synth_forward	TP1_synth_forward	90	T	1306	87	2	54	247	151	710577	712424	181	4	0	7	13	14	48103	48322
TP1_synth_forward	TP1_synth_forward	91	C	647	710354	741	124	1	33	452	712352	80	48175	25	15	0	1	15	48311
TP1_synth_forward	TP1_synth_forward	92	C	656	710743	0	377	0	52	466	712294	53	48195	0	25	0	5	18	48296
TP1_synth_forward	TP1_synth_forward	93	G	436	174	0	711343	0	110	108	712171	41	34	0	48161	0	15	16	48267
TP1_synth_forward	TP1_synth_forward	94	T	1017	89	0	111	0	183	709877	711277	155	1	0	11	0	27	48030	48224
TP1_synth_forward	TP1_synth_forward	95	C	190	710380	0	55	0	83	130	710838	29	48136	0	9	0	24	4	48202
TP1_synth_forward	TP1_synth_forward	96	C	0	710131	0	0	0	80	0	710211	0	48118	0	0	0	27	0	48145
TP1_synth_forward	TP1_synth_forward	97	C	0	708476	0	0	0	144	0	708620	0	48014	0	0	0	33	0	48047
TP1_synth_forward	TP1_synth_forward	98	A	705700	0	0	0	0	133	0	705833	47858	0	0	0	0	27	0	47885
TP1_synth_forward	TP1_synth_forward	99	G	0	0	0	704486	0	0	0	704486	0	0	0	47795	0	0	0	47795
TP1_synth_forward	TP1_synth_forward	100	T	0	0	0	0	0	0	703234	703234	0	0	0	0	0	0	47628	47628
