



























































































































































































































#AmpliconChromStart	Alias	Position	ProbableRef	rawA	rawC	rawD	rawG	rawI	rawN	rawT	rawDepth	consA	consC	consD	consG	consI	consN	consT	consDepth	
TP1_synth_forward		5	T	0	0	0	0	0	0	375	375	0	0	0	0	0	0	9	9
TP1_synth_forward		6	G	0	0	0	667	0	0	0	667	0	0	0	18	0	0	0	18
TP1_synth_forward		7	A	699	0	0	0	0	0	0	699	20	0	0	0	0	0	0	20
TP1_synth_forward		8	G	0	0	0	1110	0	1	0	1111	0	0	0	24	0	0	0	24
TP1_synth_forward		9	G	0	0	0	1323	0	0	0	1323	0	0	0	32	0	0	0	32
TP1_synth_forward		10	C	4	1332	0	0	0	0	0	1336	0	33	0	0	0	0	0	33
TP1_synth_forward		11	T	6	0	0	0	0	0	1342	1348	0	0	0	0	0	0	34	34
TP1_synth_forward		12	C	4	1350	0	0	0	0	0	1354	0	35	0	0	0	0	0	35
TP1_synth_forward		13	C	9	1345	0	0	0	0	0	1354	0	35	0	0	0	0	0	35
TP1_synth_forward		14	C	7	1346	0	0	0	0	1	1354	0	35	0	0	0	0	0	35
TP1_synth_forward		15	C	3	1361	0	0	0	0	0	1364	0	36	0	0	0	0	0	36
TP1_synth_forward		16	T	24	0	0	1	0	0	1348	1373	0	0	0	0	0	0	37	37
TP1_synth_forward		17	T	34	1	0	0	0	0	1343	1378	0	0	0	0	0	0	38	38
TP1_synth_forward		18	T	15	1	0	0	0	0	2249	2265	0	0	0	0	0	0	109	109
TP1_synth_forward		19	A	139337	0	1	0	0	0	0	139338	3887	0	0	0	0	0	0	3887
TP1_synth_forward		20	T	18	0	0	0	0	0	139357	139375	0	0	0	0	0	0	3888	3888
TP1_synth_forward		21	A	139623	0	0	0	0	0	0	139623	3911	0	0	0	0	0	0	3911
TP1_synth_forward		22	C	8	139845	0	0	1	1	0	139855	0	3918	0	0	0	0	0	3918
TP1_synth_forward		23	A	139858	0	1	0	0	0	0	139859	3919	0	0	0	0	0	0	3919
TP1_synth_forward		24	G	1	16	1	139817	0	15	9	139859	0	0	0	3918	0	1	0	3919
TP1_synth_forward		25	A	139854	1	0	0	0	4	0	139859	3919	0	0	0	0	0	0	3919
TP1_synth_forward		26	A	139855	0	0	0	0	3	1	139859	3919	0	0	0	0	0	0	3919
TP1_synth_forward		27	T	28	0	1	2	0	2	139826	139859	0	0	0	0	0	0	3919	3919
TP1_synth_forward		28	A	139853	1	1	2	0	2	0	139859	3919	0	0	0	0	0	0	3919
TP1_synth_forward		29	T	23	0	0	0	0	1	139835	139859	0	0	0	0	0	0	3919	3919
TP1_synth_forward		30	C	8	139840	0	0	0	11	0	139859	0	3919	0	0	0	0	0	3919
TP1_synth_forward		31	T	35	0	1	1	0	3	139820	139860	0	0	0	0	0	0	3919	3919
TP1_synth_forward		32	G	5	18	0	139828	0	2	7	139860	0	0	0	3919	0	0	0	3919
TP1_synth_forward		33	T	70	0	53	1	0	0	139737	139861	0	0	1	0	0	0	3918	3919
TP1_synth_forward		34	T	40	0	0	6	0	0	139815	139861	0	0	0	0	0	0	3919	3919
TP1_synth_forward		35	C	9	139849	0	0	1	0	2	139861	0	3919	0	0	0	0	0	3919
TP1_synth_forward		36	G	4	13	1	139793	0	0	50	139861	0	0	0	3919	0	0	0	3919
TP1_synth_forward		37	C	15	139839	3	0	2	0	2	139861	0	3919	0	0	0	0	0	3919
TP1_synth_forward		38	A	139859	0	0	2	0	0	0	139861	3919	0	0	0	0	0	0	3919
TP1_synth_forward		39	C	4	139846	1	7	0	1	2	139861	0	3919	0	0	0	0	0	3919
TP1_synth_forward		40	T	30	0	0	8	1	7	139815	139861	0	0	0	0	0	0	3919	3919
TP1_synth_forward		41	C	12	139840	1	1	0	7	0	139861	0	3919	0	0	0	0	0	3919
TP1_synth_forward		42	C	10	139842	0	0	0	6	2	139860	0	3919	0	0	0	0	0	3919
TP1_synth_forward		43	G	5	10	0	139773	0	7	65	139860	0	0	0	3919	0	0	0	3919
TP1_synth_forward		44	A	139854	0	1	2	0	3	0	139860	3919	0	0	0	0	0	0	3919
TP1_synth_forward		45	G	0	6	3	139817	0	0	33	139859	0	0	0	3919	0	0	0	3919
TP1_synth_forward		46	T	44	0	0	0	2	2	139811	139859	0	0	0	0	0	0	3919	3919
TP1_synth_forward		47	G	0	7	3	139768	2	5	74	139859	0	0	0	3919	0	0	0	3919
TP1_synth_forward		48	C	14	139804	3	1	1	31	3	139857	0	3919	0	0	0	0	0	3919
TP1_synth_forward		49	G	3	5	5	139572	0	2	61	139648	1	0	0	3918	0	0	0	3919
TP1_synth_forward		50	G	5	9	0	139324	0	1	43	139382	0	0	0	3919	0	0	0	3919
TP1_synth_forward		51	C	7	274076	0	4	1	1	0	274089	0	4516	0	0	0	0	0	4516
TP1_synth_forward		52	T	18	0	1	5	0	0	136361	136385	0	0	0	0	0	0	640	640
TP1_synth_forward		53	T	21	0	0	1	1	0	136366	136389	0	0	0	0	0	0	640	640
TP1_synth_forward		54	G	6	4	0	136356	0	1	22	136389	1	0	0	639	0	0	0	640
TP1_synth_forward		55	C	10	136386	0	1	0	0	1	136398	0	641	0	0	0	0	0	641
TP1_synth_forward		56	G	5	0	1	136369	0	0	30	136405	1	0	0	640	0	0	0	641
TP1_synth_forward		57	G	11	4	0	136380	0	0	10	136405	0	0	0	641	0	0	0	641
TP1_synth_forward		58	A	136427	3	1	1	0	0	2	136434	642	0	0	0	0	0	0	642
TP1_synth_forward		59	G	11	8	0	136409	0	1	5	136434	0	0	0	642	0	0	0	642
TP1_synth_forward		60	A	136500	0	0	5	0	0	0	136505	643	0	0	0	0	0	0	643
TP1_synth_forward		61	T	9	1	1	4	0	0	136490	136505	0	0	0	0	0	0	643	643
TP1_synth_forward		62	T	15	0	0	1	0	0	136494	136510	0	0	0	0	0	0	644	644
TP1_synth_forward		63	C	4	136504	0	0	0	0	2	136510	0	644	0	0	0	0	0	644
TP1_synth_forward		64	T	17	0	0	1	0	0	136491	136509	0	0	0	0	0	0	644	644
TP1_synth_forward		65	C	12	136498	0	1	0	0	2	136513	0	645	0	0	0	0	0	645
TP1_synth_forward		66	T	14	0	0	3	0	0	136496	136513	1	0	0	0	0	0	644	645
TP1_synth_forward		67	T	13	1	0	1	0	0	136499	136514	0	0	0	0	0	0	646	646
TP1_synth_forward		68	C	8	136512	0	1	0	0	0	136521	0	646	0	0	0	0	0	646
TP1_synth_forward		69	C	8	136513	0	0	0	0	0	136521	0	646	0	0	0	0	0	646
TP1_synth_forward		70	T	9	0	1	2	1	0	136508	136521	0	0	0	0	0	0	646	646
TP1_synth_forward		71	C	1	136520	0	0	0	0	0	136521	0	646	0	0	0	0	0	646
TP1_synth_forward		72	T	11	0	1	1	1	1	136505	136520	0	0	0	0	0	0	646	646
TP1_synth_forward		73	G	2	5	0	136504	0	0	8	136519	0	0	0	646	0	0	0	646
TP1_synth_forward		74	T	15	0	1	0	0	0	136502	136518	0	0	0	0	0	0	646	646
TP1_synth_forward		75	G	13	1	0	136494	0	0	10	136518	0	0	0	646	0	0	0	646
TP1_synth_forward		76	C	2	136506	1	2	1	0	6	136518	0	646	0	0	0	0	0	646
TP1_synth_forward		77	G	5	2	2	136468	0	0	41	136518	0	0	0	646	0	0	0	646
TP1_synth_forward		78	C	10	136502	3	0	0	1	2	136518	0	646	0	0	0	0	0	646
TP1_synth_forward		79	C	8	136508	0	0	2	0	0	136518	0	646	0	0	0	0	0	646
TP1_synth_forward		80	G	7	5	0	136476	0	0	30	136518	0	0	0	646	0	0	0	646
TP1_synth_forward		81	C	3	1520	1	1	1	0	2	1528	0	49	0	0	0	0	0	49
TP1_synth_forward		82	A	1526	0	1	1	0	0	0	1528	49	0	0	0	0	0	0	49
TP1_synth_forward		83	A	1526	0	0	0	0	0	2	1528	49	0	0	0	0	0	0	49
TP1_synth_forward		84	A	1525	0	0	0	2	0	1	1528	48	0	0	0	1	0	0	49
TP1_synth_forward		85	G	3	2	0	1507	0	0	13	1525	0	0	0	49	0	0	0	49
TP1_synth_forward		86	C	7	1517	0	0	0	0	1	1525	0	49	0	0	0	0	0	49
TP1_synth_forward		87	T	11	0	0	0	0	0	1514	1525	0	0	0	0	0	0	49	49
TP1_synth_forward		88	G	8	7	0	1504	0	1	1	1521	0	0	0	48	0	0	0	48
TP1_synth_forward		89	T	7	0	0	1	0	0	1511	1519	0	0	0	0	0	0	48	48
TP1_synth_forward		90	T	8	0	0	0	1	0	1510	1519	0	0	0	0	0	0	48	48
TP1_synth_forward		91	C	1	1515	0	1	0	0	1	1518	0	48	0	0	0	0	0	48
TP1_synth_forward		92	C	3	1513	0	1	0	0	1	1518	0	48	0	0	0	0	0	48
TP1_synth_forward		93	G	9	1	0	1507	0	0	0	1517	0	0	0	48	0	0	0	48
TP1_synth_forward		94	T	3	0	0	1	0	0	1509	1513	0	0	0	0	0	0	48	48
TP1_synth_forward		95	C	0	1512	0	0	0	0	0	1512	0	48	0	0	0	0	0	48
TP1_synth_forward		96	C	0	1505	0	0	0	0	0	1505	0	48	0	0	0	0	0	48
TP1_synth_forward		97	C	0	1500	0	0	0	0	0	1500	0	48	0	0	0	0	0	48
TP1_synth_forward		98	A	1494	0	0	0	0	0	0	1494	48	0	0	0	0	0	0	48
TP1_synth_forward		99	G	0	0	0	1406	0	0	0	1406	0	0	0	47	0	0	0	47
TP1_synth_forward		100	T	0	0	0	0	0	0	1392	1392	0	0	0	0	0	0	47	47
TP1_synth_forward	TP1_synth_forward	1	G	0	0	0	515385	0	0	0	515385	0	0	0	14541	0	0	0	14541
TP1_synth_forward	TP1_synth_forward	2	T	0	0	0	0	0	0	516222	516222	0	0	0	0	0	0	14564	14564
TP1_synth_forward	TP1_synth_forward	3	G	0	0	0	517272	0	18	0	517290	0	0	0	14611	0	0	0	14611
TP1_synth_forward	TP1_synth_forward	4	G	0	0	0	517984	0	15	0	517999	0	0	0	14635	0	0	0	14635
TP1_synth_forward	TP1_synth_forward	5	T	0	0	0	0	0	59	517940	517999	0	0	0	0	0	1	14634	14635
TP1_synth_forward	TP1_synth_forward	6	G	105	37	0	517460	0	78	319	517999	0	0	0	14632	0	0	3	14635
TP1_synth_forward	TP1_synth_forward	7	A	517807	7	0	55	0	35	95	517999	14635	0	0	0	0	0	0	14635
TP1_synth_forward	TP1_synth_forward	8	G	91	25	0	517490	0	219	174	517999	1	0	0	14630	0	2	2	14635
TP1_synth_forward	TP1_synth_forward	9	G	77	67	0	517753	1	30	71	517999	0	0	0	14634	0	0	1	14635
TP1_synth_forward	TP1_synth_forward	10	C	133	517719	17	27	0	9	94	517999	0	14633	1	0	0	0	1	14635
TP1_synth_forward	TP1_synth_forward	11	T	129	262	196	14	509	19	516870	517999	0	1	2	0	13	0	14619	14635
TP1_synth_forward	TP1_synth_forward	12	C	164	515089	2594	11	1	41	99	517999	0	14591	44	0	0	0	0	14635
TP1_synth_forward	TP1_synth_forward	13	C	189	517497	2	18	0	166	127	517999	0	14632	0	0	0	2	1	14635
TP1_synth_forward	TP1_synth_forward	14	C	142	517649	0	11	0	63	134	517999	0	14635	0	0	0	0	0	14635
TP1_synth_forward	TP1_synth_forward	15	C	124	517048	403	10	268	12	134	517999	1	14624	2	0	7	0	1	14635
TP1_synth_forward	TP1_synth_forward	16	T	269	45	2007	25	0	13	515640	517999	0	0	33	0	0	0	14602	14635
TP1_synth_forward	TP1_synth_forward	17	T	277	54	7	9	1	5	517646	517999	0	0	2	0	0	0	14633	14635
TP1_synth_forward	TP1_synth_forward	18	T	217	37	6	4	30	20	517685	517999	0	0	2	0	1	0	14632	14635
TP1_synth_forward	TP1_synth_forward	19	A	516726	8	607	67	1	73	517	517999	14605	0	28	0	0	0	2	14635
TP1_synth_forward	TP1_synth_forward	20	T	181	168	28	27	169	80	517346	517999	1	1	1	0	8	0	14624	14635
TP1_synth_forward	TP1_synth_forward	21	A	517167	5	331	325	26	37	108	517999	14627	0	3	3	2	0	0	14635
TP1_synth_forward	TP1_synth_forward	22	C	228	516086	740	64	543	17	321	517999	0	14602	19	0	9	0	5	14635
TP1_synth_forward	TP1_synth_forward	23	A	517266	8	203	81	136	29	276	517999	14626	0	7	0	1	0	1	14635
TP1_synth_forward	TP1_synth_forward	24	G	74	103	384	516604	391	28	415	517999	1	1	11	14599	16	1	6	14635
TP1_synth_forward	TP1_synth_forward	25	A	517408	11	407	71	0	54	48	517999	14625	0	9	0	0	1	0	14635
TP1_synth_forward	TP1_synth_forward	26	A	517805	3	0	80	0	20	91	517999	14635	0	0	0	0	0	0	14635
TP1_synth_forward	TP1_synth_forward	27	T	633	31	453	33	151	75	516623	517999	0	0	8	0	2	0	14625	14635
TP1_synth_forward	TP1_synth_forward	28	A	517214	4	496	34	154	24	73	517999	14623	0	10	0	2	0	0	14635
TP1_synth_forward	TP1_synth_forward	29	T	300	50	83	163	1	98	517304	517999	1	0	4	0	0	1	14629	14635
TP1_synth_forward	TP1_synth_forward	30	C	425	517072	267	24	0	37	174	517999	0	14626	6	0	0	0	3	14635
TP1_synth_forward	TP1_synth_forward	31	T	975	50	688	22	0	52	516124	517911	0	0	19	0	0	1	14615	14635
TP1_synth_forward	TP1_synth_forward	32	G	276	369	77	516504	285	10	375	517896	1	0	6	14619	2	0	7	14635
TP1_synth_forward	TP1_synth_forward	33	T	2144	53	807	48	1	19	514809	517881	0	0	15	0	0	0	14620	14635
TP1_synth_forward	TP1_synth_forward	34	T	1181	49	46	412	28	55	516087	517858	2	0	4	0	1	0	14628	14635
TP1_synth_forward	TP1_synth_forward	35	C	621	516205	173	88	506	21	236	517850	0	14618	8	5	2	0	2	14635
TP1_synth_forward	TP1_synth_forward	36	G	123	456	152	514547	1	52	2508	517839	0	0	2	14626	0	0	7	14635
TP1_synth_forward	TP1_synth_forward	37	C	167	516271	760	56	251	30	302	517837	0	14620	9	0	3	0	3	14635
TP1_synth_forward	TP1_synth_forward	38	A	517358	33	270	96	0	11	67	517835	14631	0	4	0	0	0	0	14635
TP1_synth_forward	TP1_synth_forward	39	C	107	516619	450	104	26	24	498	517828	0	14617	10	0	2	0	6	14635
TP1_synth_forward	TP1_synth_forward	40	T	614	54	28	250	274	106	516488	517814	3	0	3	0	5	0	14624	14635
TP1_synth_forward	TP1_synth_forward	41	C	220	517011	440	25	1	29	79	517805	0	14629	6	0	0	0	0	14635
TP1_synth_forward	TP1_synth_forward	42	C	406	516768	209	42	12	39	315	517791	0	14627	2	0	2	0	4	14635
TP1_synth_forward	TP1_synth_forward	43	G	134	292	312	513985	76	61	2911	517771	1	0	6	14614	4	1	9	14635
TP1_synth_forward	TP1_synth_forward	44	A	516995	17	391	44	263	13	46	517769	14628	0	5	0	2	0	0	14635
TP1_synth_forward	TP1_synth_forward	45	G	94	147	726	514467	1	13	2313	517761	1	1	6	14625	0	0	2	14635
TP1_synth_forward	TP1_synth_forward	46	T	1513	135	521	53	554	20	514943	517739	0	1	5	0	12	0	14617	14635
TP1_synth_forward	TP1_synth_forward	47	G	81	463	1238	513470	0	4	2462	517718	0	0	8	14626	0	0	1	14635
TP1_synth_forward	TP1_synth_forward	48	C	215	516377	755	22	145	12	188	517714	0	14620	8	0	6	0	1	14635
TP1_synth_forward	TP1_synth_forward	49	G	174	83	1360	513570	8	11	2499	517705	3	0	11	14620	0	0	1	14635
TP1_synth_forward	TP1_synth_forward	50	G	122	202	3	515943	86	23	1313	517692	0	0	0	14630	3	0	2	14635
TP1_synth_forward	TP1_synth_forward	51	C	169	516693	4	228	41	57	493	517685	1	14631	0	0	1	0	2	14635
TP1_synth_forward	TP1_synth_forward	52	T	1040	39	486	1140	0	54	513223	515982	2	0	7	1	0	0	14625	14635
TP1_synth_forward	TP1_synth_forward	53	T	960	66	1	253	149	27	514520	515976	1	0	0	1	5	0	14628	14635
TP1_synth_forward	TP1_synth_forward	54	G	409	145	349	513937	2	70	1057	515969	2	0	4	14623	0	0	6	14635
TP1_synth_forward	TP1_synth_forward	55	C	194	515169	58	23	12	52	459	515967	0	14623	0	0	2	0	10	14635
TP1_synth_forward	TP1_synth_forward	56	G	414	71	383	513266	2	43	1784	515963	1	0	4	14629	0	0	1	14635
TP1_synth_forward	TP1_synth_forward	57	G	349	69	16	514834	293	16	362	515939	0	0	0	14629	3	1	2	14635
TP1_synth_forward	TP1_synth_forward	58	A	515009	15	408	242	92	60	105	515931	14623	0	7	0	5	0	0	14635
TP1_synth_forward	TP1_synth_forward	59	G	736	213	2	514263	1	60	623	515898	1	0	0	14629	0	0	5	14635
TP1_synth_forward	TP1_synth_forward	60	A	515209	86	149	273	34	68	71	515890	14630	0	3	0	1	1	0	14635
TP1_synth_forward	TP1_synth_forward	61	T	327	58	85	223	1	102	515065	515861	0	0	0	0	0	0	14635	14635
TP1_synth_forward	TP1_synth_forward	62	T	1193	44	28	39	0	83	514439	515826	3	0	0	0	0	0	14631	14634
TP1_synth_forward	TP1_synth_forward	63	C	878	514440	169	33	0	31	178	515729	0	14628	3	0	0	0	3	14634
TP1_synth_forward	TP1_synth_forward	64	T	2262	48	76	231	0	46	513042	515705	1	0	6	0	0	0	14627	14634
TP1_synth_forward	TP1_synth_forward	65	C	602	514315	392	76	3	36	277	515701	1	14628	5	0	0	0	0	14634
TP1_synth_forward	TP1_synth_forward	66	T	1555	57	456	100	0	28	513503	515699	1	0	6	1	0	0	14626	14634
TP1_synth_forward	TP1_synth_forward	67	T	2435	54	1	75	43	69	513010	515687	1	0	0	0	0	1	14632	14634
TP1_synth_forward	TP1_synth_forward	68	C	696	513768	1042	43	1	64	71	515685	1	14611	21	0	0	0	1	14634
TP1_synth_forward	TP1_synth_forward	69	C	238	514982	93	117	31	34	182	515677	0	14628	2	0	1	0	3	14634
TP1_synth_forward	TP1_synth_forward	70	T	400	46	730	255	341	73	513824	515669	0	0	6	0	11	0	14617	14634
TP1_synth_forward	TP1_synth_forward	71	C	163	514316	930	37	0	55	166	515667	0	14621	10	0	0	1	2	14634
TP1_synth_forward	TP1_synth_forward	72	T	1762	59	615	83	70	66	513010	515665	2	0	8	0	3	0	14621	14634
TP1_synth_forward	TP1_synth_forward	73	G	335	149	509	514447	0	57	165	515662	0	0	8	14623	0	0	3	14634
TP1_synth_forward	TP1_synth_forward	74	T	859	59	583	51	199	54	513852	515657	0	0	5	0	5	0	14624	14634
TP1_synth_forward	TP1_synth_forward	75	G	199	76	298	514648	287	23	117	515648	0	0	4	14626	2	0	2	14634
TP1_synth_forward	TP1_synth_forward	76	C	381	512453	807	37	32	89	1847	515646	0	14605	7	0	3	1	18	14634
TP1_synth_forward	TP1_synth_forward	77	G	201	166	894	513445	166	49	715	515636	1	0	7	14619	4	0	3	14634
TP1_synth_forward	TP1_synth_forward	78	C	239	512768	1519	153	0	129	828	515636	6	14613	12	1	0	1	1	14634
TP1_synth_forward	TP1_synth_forward	79	C	115	514720	8	14	202	53	515	515627	1	14628	0	0	1	0	4	14634
TP1_synth_forward	TP1_synth_forward	80	G	679	269	30	513879	8	108	632	515605	8	1	1	14618	1	1	4	14634
TP1_synth_forward	TP1_synth_forward	81	C	93	513286	833	20	262	167	93	514754	1	14619	8	0	6	0	0	14634
TP1_synth_forward	TP1_synth_forward	82	A	514078	26	402	83	0	77	87	514753	14625	0	9	0	0	0	0	14634
TP1_synth_forward	TP1_synth_forward	83	A	514581	14	0	43	0	45	70	514753	14634	0	0	0	0	0	0	14634
TP1_synth_forward	TP1_synth_forward	84	A	513890	20	0	89	625	46	69	514739	14630	0	0	0	4	0	0	14634
TP1_synth_forward	TP1_synth_forward	85	G	173	140	98	513365	171	15	721	514683	0	0	2	14631	1	0	0	14634
TP1_synth_forward	TP1_synth_forward	86	C	189	514286	21	17	13	21	100	514647	0	14629	0	0	2	0	3	14634
TP1_synth_forward	TP1_synth_forward	87	T	1714	49	142	35	1	97	512560	514598	2	0	1	0	0	1	14630	14634
TP1_synth_forward	TP1_synth_forward	88	G	136	215	207	513908	0	30	82	514578	0	0	1	14633	0	0	0	14634
TP1_synth_forward	TP1_synth_forward	89	T	563	75	508	11	0	60	513330	514547	0	0	7	0	0	0	14627	14634
TP1_synth_forward	TP1_synth_forward	90	T	850	62	1	31	529	91	512931	514495	0	0	0	0	6	1	14627	14634
TP1_synth_forward	TP1_synth_forward	91	C	280	513894	36	36	0	11	92	514349	0	14630	0	0	0	0	1	14631
TP1_synth_forward	TP1_synth_forward	92	C	182	513837	0	73	0	50	184	514326	1	14629	0	1	0	0	0	14631
TP1_synth_forward	TP1_synth_forward	93	G	373	122	0	513509	0	12	54	514070	0	0	0	14629	0	0	1	14630
TP1_synth_forward	TP1_synth_forward	94	T	800	65	0	47	0	74	512647	513633	0	0	0	0	0	0	14630	14630
TP1_synth_forward	TP1_synth_forward	95	C	267	513048	0	36	0	53	96	513500	2	14628	0	0	0	0	0	14630
TP1_synth_forward	TP1_synth_forward	96	C	0	512929	0	0	0	8	0	512937	0	14629	0	0	0	0	0	14629
TP1_synth_forward	TP1_synth_forward	97	C	0	512154	0	0	0	9	0	512163	0	14627	0	0	0	0	0	14627
TP1_synth_forward	TP1_synth_forward	98	A	509191	0	0	0	0	27	0	509218	14614	0	0	0	0	0	0	14614
TP1_synth_forward	TP1_synth_forward	99	G	0	0	0	508355	0	0	0	508355	0	0	0	14607	0	0	0	14607
TP1_synth_forward	TP1_synth_forward	100	T	0	0	0	0	0	0	507297	507297	0	0	0	0	0	0	14603	14603
