



























































































































































































































#AmpliconChromStart	Alias	Position	ProbableRef	rawA	rawC	rawD	rawG	rawI	rawN	rawT	rawDepth	consA	consC	consD	consG	consI	consN	consT	consDepth	
TP1_synth_forward		5	T	0	0	0	0	0	0	1178	1178	0	0	0	0	0	0	787	787
TP1_synth_forward		6	G	0	0	0	1994	0	0	0	1994	0	0	0	1309	0	0	0	1309
TP1_synth_forward		7	A	2156	0	0	0	0	1	0	2157	1371	0	0	0	0	1	0	1372
TP1_synth_forward		8	G	0	0	0	2270	0	0	0	2270	0	0	0	1422	0	0	0	1422
TP1_synth_forward		9	G	0	0	0	2527	0	0	0	2527	0	0	0	1459	0	0	0	1459
TP1_synth_forward		10	C	3	2559	0	0	0	0	0	2562	3	1479	0	0	0	0	0	1482
TP1_synth_forward		11	T	28	0	0	1	0	0	2547	2576	18	0	0	1	0	0	1473	1492
TP1_synth_forward		12	C	5	2570	0	0	0	0	1	2576	3	1488	0	0	0	0	1	1492
TP1_synth_forward		13	C	21	2583	0	0	0	0	0	2604	11	1503	0	0	0	0	0	1514
TP1_synth_forward		14	C	21	2583	0	0	0	0	0	2604	11	1503	0	0	0	0	0	1514
TP1_synth_forward		15	C	5	2608	2	0	0	0	0	2615	2	1522	1	0	0	0	0	1525
TP1_synth_forward		16	T	50	0	12	0	0	0	2565	2627	31	0	10	0	0	0	1495	1536
TP1_synth_forward		17	T	78	0	1	1	0	0	2565	2645	42	0	1	0	0	0	1507	1550
TP1_synth_forward		18	T	44	1	1	0	0	0	2625	2671	28	1	1	0	0	0	1531	1561
TP1_synth_forward		19	A	2701	0	1	0	0	1	0	2703	1573	0	1	0	0	0	0	1574
TP1_synth_forward		20	T	38	0	1	1	1	0	2662	2703	22	0	1	0	0	0	1551	1574
TP1_synth_forward		21	A	2725	0	2	0	0	0	1	2728	1583	0	1	0	0	0	0	1584
TP1_synth_forward		22	C	10	2712	2	3	0	0	1	2728	6	1573	2	2	0	0	1	1584
TP1_synth_forward		23	A	2721	0	5	0	0	1	1	2728	1578	0	4	0	0	1	1	1584
TP1_synth_forward		24	G	2	13	5	2692	1	0	15	2728	0	4	4	1564	1	0	11	1584
TP1_synth_forward		25	A	2722	0	6	0	0	0	0	2728	1578	0	6	0	0	0	0	1584
TP1_synth_forward		26	A	2723	1	2	0	0	0	2	2728	1580	1	2	0	0	0	1	1584
TP1_synth_forward		27	T	69	0	8	2	0	1	2648	2728	36	0	7	0	0	0	1541	1584
TP1_synth_forward		28	A	2720	2	5	1	0	0	0	2728	1578	2	3	1	0	0	0	1584
TP1_synth_forward		29	T	23	1	6	5	0	0	2693	2728	15	0	3	5	0	0	1561	1584
TP1_synth_forward		30	C	8	2711	4	2	3	0	0	2728	4	1572	3	2	3	0	0	1584
TP1_synth_forward		31	T	60	0	5	0	1	0	2667	2733	36	0	5	0	1	0	1547	1589
TP1_synth_forward		32	G	9	29	7	2687	0	0	5	2737	8	12	5	1563	0	0	4	1592
TP1_synth_forward		33	T	88	2	5	0	0	0	2642	2737	51	1	5	0	0	0	1535	1592
TP1_synth_forward		34	T	83	0	1	0	1	0	2731	2816	51	0	1	0	0	0	1556	1608
TP1_synth_forward		35	C	17	2790	3	0	1	0	3	2814	12	1591	1	0	1	0	2	1607
TP1_synth_forward		36	G	2	6	2	2641	1	0	162	2814	2	4	0	1486	1	0	114	1607
TP1_synth_forward		37	C	29	2775	7	0	2	0	0	2813	21	1578	5	0	2	0	0	1606
TP1_synth_forward		38	A	2800	3	4	0	0	1	5	2813	1599	2	3	0	0	0	2	1606
TP1_synth_forward		39	C	14	2792	5	2	0	0	0	2813	10	1590	5	1	0	0	0	1606
TP1_synth_forward		40	T	87	0	8	0	4	0	2714	2813	49	0	6	0	1	0	1550	1606
TP1_synth_forward		41	C	19	2788	4	0	0	0	2	2813	12	1591	2	0	0	0	1	1606
TP1_synth_forward		42	C	31	2839	4	0	0	0	1	2875	13	1597	2	0	0	0	0	1612
TP1_synth_forward		43	G	3	20	6	2747	1	0	98	2875	3	15	3	1519	1	0	71	1612
TP1_synth_forward		44	A	2858	1	7	0	0	0	9	2875	1606	0	4	0	0	0	2	1612
TP1_synth_forward		45	G	6	25	7	2794	0	3	40	2875	5	13	5	1563	0	3	23	1612
TP1_synth_forward		46	T	79	0	3	0	0	0	2801	2883	40	0	2	0	0	0	1577	1619
TP1_synth_forward		47	G	41	20	6	2796	0	0	20	2883	33	13	5	1561	0	0	7	1619
TP1_synth_forward		48	C	30	2732	114	0	6	1	1	2884	12	1597	6	0	4	1	0	1620
TP1_synth_forward		49	G	6	8	10	2788	0	1	71	2884	2	5	6	1559	0	1	47	1620
TP1_synth_forward		50	G	32	22	4	2791	0	0	42	2891	18	10	2	1565	0	0	29	1624
TP1_synth_forward		51	C	10	2927	5	4	1	0	1	2948	3	1662	3	2	1	0	1	1672
TP1_synth_forward		52	T	89	0	6	0	0	0	2852	2947	45	0	4	0	0	0	1622	1671
TP1_synth_forward		53	T	104	0	1	2	0	1	2840	2948	51	0	1	2	0	0	1619	1673
TP1_synth_forward		54	G	29	17	4	2870	0	0	27	2947	8	6	3	1644	0	0	12	1673
TP1_synth_forward		55	C	26	2911	6	0	8	1	8	2960	15	1648	5	0	6	1	6	1681
TP1_synth_forward		56	G	17	6	3	2898	0	1	46	2971	5	4	3	1643	0	0	31	1686
TP1_synth_forward		57	G	15	9	1	2932	0	1	47	3005	4	4	1	1655	0	0	25	1689
TP1_synth_forward		58	A	3065	1	2	1	0	0	1	3070	1690	0	1	1	0	0	1	1693
TP1_synth_forward		59	G	6	8	1	3025	1	0	28	3069	1	5	0	1670	1	0	15	1692
TP1_synth_forward		60	A	3193	1	4	0	0	0	2	3200	1698	1	3	0	0	0	1	1703
TP1_synth_forward		61	T	27	0	7	19	0	1	3145	3199	7	0	6	14	0	0	1675	1702
TP1_synth_forward		62	T	46	0	3	6	1	0	3158	3214	25	0	3	4	1	0	1672	1705
TP1_synth_forward		63	C	16	3190	3	0	0	1	3	3213	9	1689	3	0	0	0	3	1704
TP1_synth_forward		64	T	46	0	0	2	0	0	3164	3212	26	0	0	1	0	0	1676	1703
TP1_synth_forward		65	C	7	3199	2	0	1	0	3	3212	4	1694	2	0	1	0	2	1703
TP1_synth_forward		66	T	59	0	9	0	0	0	3159	3227	34	0	7	0	0	0	1665	1706
TP1_synth_forward		67	T	63	3	6	2	0	1	3156	3231	40	1	4	1	0	0	1660	1706
TP1_synth_forward		68	C	5	3216	7	2	0	1	0	3231	3	1698	3	1	0	1	0	1706
TP1_synth_forward		69	C	17	3204	2	0	0	2	5	3230	12	1689	1	0	0	1	2	1705
TP1_synth_forward		70	T	31	0	2	0	1	3	3193	3230	19	0	1	0	0	2	1683	1705
TP1_synth_forward		71	C	6	3220	1	0	0	1	2	3230	4	1698	1	0	0	0	2	1705
TP1_synth_forward		72	T	46	1	2	0	2	0	3179	3230	26	0	2	0	1	0	1676	1705
TP1_synth_forward		73	G	5	29	2	3178	0	0	14	3228	4	16	1	1674	0	0	8	1703
TP1_synth_forward		74	T	42	0	0	2	3	1	3179	3227	25	0	0	1	2	0	1674	1702
TP1_synth_forward		75	G	6	5	1	3200	0	1	14	3227	4	3	1	1688	0	0	6	1702
TP1_synth_forward		76	C	11	3211	0	1	1	1	2	3227	5	1695	0	0	1	0	1	1702
TP1_synth_forward		77	G	0	10	0	3182	0	1	34	3227	0	6	0	1670	0	0	26	1702
TP1_synth_forward		78	C	9	3214	1	0	0	0	3	3227	7	1692	1	0	0	0	2	1702
TP1_synth_forward		79	C	14	3202	4	0	1	3	2	3226	10	1688	2	0	0	1	1	1702
TP1_synth_forward		80	G	41	10	6	3141	0	1	26	3225	9	7	2	1666	0	0	17	1701
TP1_synth_forward		81	C	4	3164	9	2	0	0	0	3179	4	1647	5	0	0	0	0	1656
TP1_synth_forward		82	A	3166	0	7	2	0	0	4	3179	1649	0	3	1	0	0	3	1656
TP1_synth_forward		83	A	3168	2	3	4	0	0	2	3179	1652	2	1	1	0	0	0	1656
TP1_synth_forward		84	A	3168	2	3	3	0	0	0	3176	1652	1	1	1	0	0	0	1655
TP1_synth_forward		85	G	3	3	1	3156	0	1	9	3173	3	1	1	1645	0	0	4	1654
TP1_synth_forward		86	C	12	3158	0	1	0	0	0	3171	5	1647	0	0	0	0	0	1652
TP1_synth_forward		87	T	55	0	0	3	0	1	3103	3162	29	0	0	2	0	0	1614	1645
TP1_synth_forward		88	G	10	11	0	3119	0	0	14	3154	8	5	0	1619	0	0	9	1641
TP1_synth_forward		89	T	55	0	0	3	0	1	3092	3151	31	0	0	2	0	0	1606	1639
TP1_synth_forward		90	T	49	0	0	1	2	0	3096	3148	36	0	0	0	1	0	1600	1637
TP1_synth_forward		91	C	6	3137	0	1	0	0	1	3145	3	1630	0	0	0	0	1	1634
TP1_synth_forward		92	C	5	3044	0	0	0	0	1	3050	1	1631	0	0	0	0	0	1632
TP1_synth_forward		93	G	15	10	0	3013	0	1	6	3045	9	4	0	1612	0	0	4	1629
TP1_synth_forward		94	T	28	1	0	1	0	0	3007	3037	14	0	0	0	0	0	1609	1623
TP1_synth_forward		95	C	5	3030	0	1	0	0	1	3037	4	1618	0	0	0	0	1	1623
TP1_synth_forward		96	C	0	3019	0	0	0	0	0	3019	0	1614	0	0	0	0	0	1614
TP1_synth_forward		97	C	0	3000	0	0	0	0	0	3000	0	1601	0	0	0	0	0	1601
TP1_synth_forward		98	A	2980	0	0	0	0	2	0	2982	1590	0	0	0	0	1	0	1591
TP1_synth_forward		99	G	0	0	0	2962	0	0	0	2962	0	0	0	1576	0	0	0	1576
TP1_synth_forward		100	T	0	0	0	0	0	0	2908	2908	0	0	0	0	0	0	1550	1550
TP1_synth_forward	TP1_synth_forward	1	G	0	0	0	868341	0	0	0	868341	0	0	0	57810	0	0	0	57810
TP1_synth_forward	TP1_synth_forward	2	T	0	0	0	0	0	0	869929	869929	0	0	0	0	0	0	58358	58358
TP1_synth_forward	TP1_synth_forward	3	G	0	0	0	873218	0	9	0	873227	0	0	0	59567	0	3	0	59570
TP1_synth_forward	TP1_synth_forward	4	G	0	0	0	874816	0	4	0	874820	0	0	0	60407	0	1	0	60408
TP1_synth_forward	TP1_synth_forward	5	T	0	0	0	0	0	24	874796	874820	0	0	0	0	0	7	60401	60408
TP1_synth_forward	TP1_synth_forward	6	G	184	96	0	874152	0	213	175	874820	11	11	0	60325	0	49	12	60408
TP1_synth_forward	TP1_synth_forward	7	A	874340	33	0	125	0	165	157	874820	60374	0	0	1	0	23	10	60408
TP1_synth_forward	TP1_synth_forward	8	G	331	46	0	874246	0	36	161	874820	17	4	0	60366	0	3	18	60408
TP1_synth_forward	TP1_synth_forward	9	G	377	128	0	873332	2	350	631	874820	19	36	0	60301	1	21	30	60408
TP1_synth_forward	TP1_synth_forward	10	C	175	874292	4	24	0	194	131	874820	23	60327	3	1	0	49	5	60408
TP1_synth_forward	TP1_synth_forward	11	T	499	149	310	18	217	138	873489	874820	108	7	10	1	27	36	60219	60408
TP1_synth_forward	TP1_synth_forward	12	C	156	870282	4093	19	0	58	212	874820	22	60187	163	0	0	32	4	60408
TP1_synth_forward	TP1_synth_forward	13	C	340	874173	9	19	1	93	185	874820	43	60341	3	0	0	14	7	60408
TP1_synth_forward	TP1_synth_forward	14	C	255	874347	1	27	0	28	162	874820	33	60349	1	0	0	16	9	60408
TP1_synth_forward	TP1_synth_forward	15	C	168	873376	989	12	20	93	162	874820	29	60324	28	0	8	12	7	60408
TP1_synth_forward	TP1_synth_forward	16	T	587	77	5151	18	0	53	868934	874820	146	7	292	1	0	5	59957	60408
TP1_synth_forward	TP1_synth_forward	17	T	404	94	1205	24	0	51	873042	874820	82	6	42	0	0	18	60260	60408
TP1_synth_forward	TP1_synth_forward	18	T	301	183	1210	15	107	171	872833	874820	70	6	52	0	16	40	60224	60408
TP1_synth_forward	TP1_synth_forward	19	A	872633	2	1379	97	61	81	567	874820	60250	0	77	7	10	16	48	60408
TP1_synth_forward	TP1_synth_forward	20	T	419	111	1359	33	314	109	872475	874820	120	8	41	2	20	18	60199	60408
TP1_synth_forward	TP1_synth_forward	21	A	872574	22	1813	107	0	95	209	874820	60260	3	104	3	0	16	22	60408
TP1_synth_forward	TP1_synth_forward	22	C	279	872812	1022	255	122	60	270	874820	33	60252	49	14	28	11	21	60408
TP1_synth_forward	TP1_synth_forward	23	A	872525	23	1519	146	66	220	321	874820	60214	4	80	9	18	62	21	60408
TP1_synth_forward	TP1_synth_forward	24	G	582	175	936	871406	782	191	748	874820	28	25	68	60101	27	75	84	60408
TP1_synth_forward	TP1_synth_forward	25	A	872062	44	2073	145	0	121	375	874820	60149	9	171	6	0	66	7	60408
TP1_synth_forward	TP1_synth_forward	26	A	872198	11	908	112	2	62	1527	874820	60250	3	58	9	2	18	68	60408
TP1_synth_forward	TP1_synth_forward	27	T	1059	77	1515	57	1187	67	870858	874820	268	2	103	5	46	9	59975	60408
TP1_synth_forward	TP1_synth_forward	28	A	873099	123	967	85	0	100	446	874820	60312	5	68	6	0	7	10	60408
TP1_synth_forward	TP1_synth_forward	29	T	588	116	1336	339	18	132	872291	874820	145	8	85	21	12	66	60071	60408
TP1_synth_forward	TP1_synth_forward	30	C	435	871857	1792	80	475	33	148	874820	81	60180	114	5	12	9	7	60408
TP1_synth_forward	TP1_synth_forward	31	T	2431	134	1925	27	232	17	870021	874787	518	8	93	3	18	3	59743	60386
TP1_synth_forward	TP1_synth_forward	32	G	249	317	1900	871088	382	55	767	874758	28	65	85	60053	19	5	105	60360
TP1_synth_forward	TP1_synth_forward	33	T	2027	91	2192	11	1	152	870266	874740	336	7	125	1	0	65	59815	60349
TP1_synth_forward	TP1_synth_forward	34	T	3310	94	400	8	136	154	870610	874712	558	9	28	0	17	48	59671	60331
TP1_synth_forward	TP1_synth_forward	35	C	770	871354	1833	21	13	36	606	874633	160	60027	85	1	12	6	20	60311
TP1_synth_forward	TP1_synth_forward	36	G	327	264	1389	869266	322	213	2826	874607	30	93	61	59623	8	69	406	60290
TP1_synth_forward	TP1_synth_forward	37	C	526	869565	3425	37	626	231	184	874594	89	60000	137	5	18	22	8	60279
TP1_synth_forward	TP1_synth_forward	38	A	871273	88	1693	158	1	71	1297	874581	60088	11	69	12	1	15	73	60269
TP1_synth_forward	TP1_synth_forward	39	C	235	871142	2686	102	46	73	279	874563	44	60065	87	3	6	29	21	60255
TP1_synth_forward	TP1_synth_forward	40	T	2677	107	4091	26	328	75	867207	874511	601	7	171	1	34	17	59385	60216
TP1_synth_forward	TP1_synth_forward	41	C	391	868563	4059	28	0	135	1325	874501	83	59782	171	2	0	83	85	60206
TP1_synth_forward	TP1_synth_forward	42	C	423	870804	2832	51	4	57	322	874493	87	60001	85	2	3	8	15	60201
TP1_synth_forward	TP1_synth_forward	43	G	558	644	3509	866874	416	39	2400	874440	42	129	132	59501	34	8	316	60162
TP1_synth_forward	TP1_synth_forward	44	A	870271	22	2954	76	18	131	967	874439	59979	3	103	7	11	15	43	60161
TP1_synth_forward	TP1_synth_forward	45	G	443	512	2107	868447	8	302	2581	874400	22	124	87	59508	4	87	294	60126
TP1_synth_forward	TP1_synth_forward	46	T	1970	100	1672	42	562	98	869922	874366	347	10	70	3	26	21	59624	60101
TP1_synth_forward	TP1_synth_forward	47	G	422	335	2202	870641	14	152	572	874338	92	93	82	59694	6	10	101	60078
TP1_synth_forward	TP1_synth_forward	48	C	434	869410	1869	460	1607	350	204	874334	77	59772	77	17	54	68	11	60076
TP1_synth_forward	TP1_synth_forward	49	G	764	195	2387	869821	4	231	909	874311	45	73	145	59534	1	102	159	60059
TP1_synth_forward	TP1_synth_forward	50	G	693	304	1309	871394	19	129	435	874283	72	93	52	59718	2	21	77	60035
TP1_synth_forward	TP1_synth_forward	51	C	740	869466	1817	1333	163	266	483	874268	69	59758	65	75	14	15	28	60024
TP1_synth_forward	TP1_synth_forward	52	T	2300	127	3661	182	3	185	867792	874250	505	17	145	11	0	16	59316	60010
TP1_synth_forward	TP1_synth_forward	53	T	1692	144	1579	93	143	65	870524	874240	327	4	53	8	11	10	59589	60002
TP1_synth_forward	TP1_synth_forward	54	G	287	233	2725	869909	13	171	864	874202	51	77	99	59577	7	54	108	59973
TP1_synth_forward	TP1_synth_forward	55	C	334	866985	2857	45	1126	369	2474	874190	64	59527	106	1	42	101	123	59964
TP1_synth_forward	TP1_synth_forward	56	G	724	207	2497	869088	0	258	1401	874175	50	56	96	59616	0	23	110	59951
TP1_synth_forward	TP1_synth_forward	57	G	203	102	1502	870464	162	91	1607	874131	18	29	52	59677	4	7	133	59920
TP1_synth_forward	TP1_synth_forward	58	A	871660	30	1565	256	60	73	470	874114	59784	2	78	12	8	8	24	59916
TP1_synth_forward	TP1_synth_forward	59	G	128	169	1485	870616	340	51	1258	874047	16	61	66	59575	15	14	121	59868
TP1_synth_forward	TP1_synth_forward	60	A	871439	70	1555	123	0	57	793	874037	59719	7	93	4	0	10	29	59862
TP1_synth_forward	TP1_synth_forward	61	T	483	111	3832	516	0	97	868970	874009	93	7	188	84	0	6	59472	59850
TP1_synth_forward	TP1_synth_forward	62	T	1508	167	1752	570	453	89	869324	873863	321	6	61	60	22	13	59297	59780
TP1_synth_forward	TP1_synth_forward	63	C	547	870416	2387	55	0	145	277	873827	95	59538	91	3	0	15	22	59764
TP1_synth_forward	TP1_synth_forward	64	T	2383	124	1163	87	0	120	869900	873777	496	5	49	6	0	28	59157	59741
TP1_synth_forward	TP1_synth_forward	65	C	594	871314	894	45	667	132	118	873764	54	59563	65	6	24	12	6	59730
TP1_synth_forward	TP1_synth_forward	66	T	1965	240	1301	57	1	79	870106	873749	435	24	67	3	0	7	59182	59718
TP1_synth_forward	TP1_synth_forward	67	T	2725	683	840	41	49	84	869304	873726	445	24	35	3	8	5	59186	59706
TP1_synth_forward	TP1_synth_forward	68	C	358	869758	3305	39	0	105	155	873720	73	59456	146	8	0	12	8	59703
TP1_synth_forward	TP1_synth_forward	69	C	516	871362	434	73	1	132	1164	873682	102	59434	16	0	1	60	66	59679
TP1_synth_forward	TP1_synth_forward	70	T	2076	88	989	28	153	241	870086	873661	453	3	30	2	15	57	59106	59666
TP1_synth_forward	TP1_synth_forward	71	C	588	871659	340	22	5	105	925	873644	117	59464	24	0	2	13	33	59653
TP1_synth_forward	TP1_synth_forward	72	T	3100	122	730	16	321	110	869220	873619	547	13	47	3	17	29	58984	59640
TP1_synth_forward	TP1_synth_forward	73	G	609	410	638	870975	2	143	824	873601	58	91	41	59322	1	17	100	59630
TP1_synth_forward	TP1_synth_forward	74	T	1680	92	248	24	254	132	871164	873594	281	3	22	2	12	6	59301	59627
TP1_synth_forward	TP1_synth_forward	75	G	429	192	1735	868330	3	106	2769	873564	40	61	68	59253	2	6	174	59604
TP1_synth_forward	TP1_synth_forward	76	C	490	869756	1208	82	311	187	1515	873549	78	59364	55	3	13	15	73	59601
TP1_synth_forward	TP1_synth_forward	77	G	317	375	1170	869918	62	119	1543	873504	28	107	51	59230	10	8	137	59571
TP1_synth_forward	TP1_synth_forward	78	C	613	870218	1197	41	0	144	1285	873498	82	59357	67	1	0	18	42	59567
TP1_synth_forward	TP1_synth_forward	79	C	695	869746	1738	50	234	196	816	873475	57	59336	55	2	22	58	35	59565
TP1_synth_forward	TP1_synth_forward	80	G	1510	1158	2305	867177	154	47	1082	873433	52	199	81	59034	7	5	158	59536
TP1_synth_forward	TP1_synth_forward	81	C	196	870253	2133	68	509	40	218	873417	37	59372	80	1	27	2	7	59526
TP1_synth_forward	TP1_synth_forward	82	A	869543	57	3431	206	0	55	122	873414	59332	16	162	2	0	2	10	59524
TP1_synth_forward	TP1_synth_forward	83	A	871029	392	1628	131	0	100	114	873394	59424	22	54	5	0	5	8	59518
TP1_synth_forward	TP1_synth_forward	84	A	871284	97	1253	249	5	259	206	873353	59381	15	37	10	3	42	19	59507
TP1_synth_forward	TP1_synth_forward	85	G	194	240	851	871366	249	173	189	873262	30	56	34	59280	19	14	25	59458
TP1_synth_forward	TP1_synth_forward	86	C	438	872333	1	89	8	145	155	873169	77	59331	0	4	1	9	6	59428
TP1_synth_forward	TP1_synth_forward	87	T	3346	76	4	370	12	140	869073	873021	611	0	0	18	1	42	58705	59377
TP1_synth_forward	TP1_synth_forward	88	G	545	283	9	871372	396	73	281	872959	57	41	3	59171	12	13	54	59351
TP1_synth_forward	TP1_synth_forward	89	T	1233	124	365	38	1	58	871048	872867	154	10	16	3	0	27	59116	59326
TP1_synth_forward	TP1_synth_forward	90	T	2223	161	37	31	662	51	869565	872730	308	2	2	5	31	42	58897	59287
TP1_synth_forward	TP1_synth_forward	91	C	544	871117	349	59	1	19	315	872404	89	59117	31	1	0	8	18	59264
TP1_synth_forward	TP1_synth_forward	92	C	379	871641	0	24	0	52	230	872326	22	59224	0	0	0	2	6	59254
TP1_synth_forward	TP1_synth_forward	93	G	563	481	0	870820	0	70	138	872072	60	115	0	59010	0	9	21	59215
TP1_synth_forward	TP1_synth_forward	94	T	1812	100	0	102	0	93	868925	871032	226	4	0	9	0	48	58868	59155
TP1_synth_forward	TP1_synth_forward	95	C	142	870513	0	58	0	136	155	871004	26	59066	0	4	0	42	3	59141
TP1_synth_forward	TP1_synth_forward	96	C	0	869977	0	0	0	79	0	870056	0	59049	0	0	0	30	0	59079
TP1_synth_forward	TP1_synth_forward	97	C	0	867717	0	0	0	76	0	867793	0	58930	0	0	0	8	0	58938
TP1_synth_forward	TP1_synth_forward	98	A	862552	0	0	0	0	27	0	862579	58716	0	0	0	0	7	0	58723
TP1_synth_forward	TP1_synth_forward	99	G	0	0	0	861331	0	0	0	861331	0	0	0	58532	0	0	0	58532
TP1_synth_forward	TP1_synth_forward	100	T	0	0	0	0	0	0	859069	859069	0	0	0	0	0	0	58251	58251
