



























































































































































































































#AmpliconChromStart	Alias	Position	ProbableRef	rawA	rawC	rawD	rawG	rawI	rawN	rawT	rawDepth	consA	consC	consD	consG	consI	consN	consT	consDepth	
TP1_synth_forward		5	T	0	0	0	0	0	0	1417	1417	0	0	0	0	0	0	949	949
TP1_synth_forward		6	G	0	0	0	2644	0	0	0	2644	0	0	0	1662	0	0	0	1662
TP1_synth_forward		7	A	2772	0	0	0	0	0	0	2772	1741	0	0	0	0	0	0	1741
TP1_synth_forward		8	G	0	0	0	3212	0	0	0	3212	0	0	0	1796	0	0	0	1796
TP1_synth_forward		9	G	0	0	0	3646	0	0	0	3646	0	0	0	1844	0	0	0	1844
TP1_synth_forward		10	C	5	3678	0	0	0	1	1	3685	3	1858	0	0	0	0	1	1862
TP1_synth_forward		11	T	32	0	0	0	0	2	3669	3703	23	0	0	0	0	0	1853	1876
TP1_synth_forward		12	C	7	3729	0	0	0	0	1	3737	2	1896	0	0	0	0	0	1898
TP1_synth_forward		13	C	34	3735	0	0	0	0	0	3769	20	1901	0	0	0	0	0	1921
TP1_synth_forward		14	C	19	3756	0	0	0	0	4	3779	12	1913	0	0	0	0	3	1928
TP1_synth_forward		15	C	6	3780	0	0	2	1	0	3789	2	1930	0	0	1	1	0	1934
TP1_synth_forward		16	T	63	0	10	0	0	1	3725	3799	42	0	7	0	0	0	1894	1943
TP1_synth_forward		17	T	91	3	3	0	0	1	3719	3817	39	1	2	0	0	0	1911	1953
TP1_synth_forward		18	T	45	1	4	0	1	1	3788	3840	21	1	4	0	1	0	1940	1967
TP1_synth_forward		19	A	3843	1	5	0	1	0	12	3862	1967	1	5	0	1	0	4	1978
TP1_synth_forward		20	T	37	0	5	0	0	1	3819	3862	16	0	4	0	0	0	1958	1978
TP1_synth_forward		21	A	3857	0	2	0	0	1	2	3862	1975	0	2	0	0	0	1	1978
TP1_synth_forward		22	C	11	3856	5	0	0	0	0	3872	5	1971	5	0	0	0	0	1981
TP1_synth_forward		23	A	3863	0	4	1	0	2	2	3872	1974	0	4	1	0	2	0	1981
TP1_synth_forward		24	G	2	15	2	3831	0	1	21	3872	1	7	2	1956	0	0	15	1981
TP1_synth_forward		25	A	3866	0	5	0	0	3	1	3875	1979	0	3	0	0	0	0	1982
TP1_synth_forward		26	A	3864	1	3	1	0	0	6	3875	1974	1	3	1	0	0	3	1982
TP1_synth_forward		27	T	76	1	13	4	0	0	3781	3875	42	0	10	0	0	0	1930	1982
TP1_synth_forward		28	A	3872	0	3	0	0	0	3	3878	1983	0	2	0	0	0	0	1985
TP1_synth_forward		29	T	30	0	5	2	0	0	3841	3878	16	0	4	1	0	0	1964	1985
TP1_synth_forward		30	C	15	3852	10	0	0	0	1	3878	11	1966	7	0	0	0	1	1985
TP1_synth_forward		31	T	82	1	6	0	1	0	3788	3878	48	0	5	0	1	0	1931	1985
TP1_synth_forward		32	G	20	39	4	3801	1	0	13	3878	8	16	3	1950	1	0	7	1985
TP1_synth_forward		33	T	114	1	2	0	0	1	3760	3878	70	0	1	0	0	1	1913	1985
TP1_synth_forward		34	T	120	0	0	0	0	0	3789	3909	70	0	0	0	0	0	1919	1989
TP1_synth_forward		35	C	19	3886	3	0	1	0	0	3909	9	1977	2	0	1	0	0	1989
TP1_synth_forward		36	G	2	10	8	3716	0	0	173	3909	1	7	7	1862	0	0	112	1989
TP1_synth_forward		37	C	31	3868	3	0	0	0	7	3909	22	1960	3	0	0	0	4	1989
TP1_synth_forward		38	A	3895	2	1	0	0	1	10	3909	1980	1	1	0	0	1	6	1989
TP1_synth_forward		39	C	15	3884	7	0	0	0	3	3909	8	1971	7	0	0	0	3	1989
TP1_synth_forward		40	T	113	1	3	0	0	1	3791	3909	65	0	3	0	0	0	1921	1989
TP1_synth_forward		41	C	16	3882	8	0	0	0	3	3909	8	1972	7	0	0	0	2	1989
TP1_synth_forward		42	C	30	3875	2	0	0	0	2	3909	12	1975	2	0	0	0	0	1989
TP1_synth_forward		43	G	5	9	4	3809	0	0	81	3908	3	6	3	1924	0	0	53	1989
TP1_synth_forward		44	A	3897	3	5	0	0	0	3	3908	1982	1	3	0	0	0	3	1989
TP1_synth_forward		45	G	6	40	4	3823	1	1	32	3907	3	19	3	1942	1	1	19	1988
TP1_synth_forward		46	T	101	0	3	0	0	1	3810	3915	51	0	2	0	0	1	1941	1995
TP1_synth_forward		47	G	47	28	5	3806	0	0	29	3915	35	13	4	1929	0	0	14	1995
TP1_synth_forward		48	C	33	3873	4	0	1	3	1	3915	14	1974	3	0	1	2	1	1995
TP1_synth_forward		49	G	7	8	8	3813	1	3	75	3915	4	1	4	1932	1	2	51	1995
TP1_synth_forward		50	G	20	16	6	3827	2	1	43	3915	16	9	2	1945	1	0	22	1995
TP1_synth_forward		51	C	23	4015	8	5	0	0	2	4053	10	2100	5	1	0	0	1	2117
TP1_synth_forward		52	T	104	1	7	3	0	0	3940	4055	56	0	4	0	0	0	2059	2119
TP1_synth_forward		53	T	143	1	5	3	0	1	3900	4053	84	1	2	2	0	0	2029	2118
TP1_synth_forward		54	G	33	23	15	3953	3	0	25	4052	16	15	7	2069	1	0	9	2117
TP1_synth_forward		55	C	28	4024	4	0	1	2	1	4060	16	2101	2	0	1	2	1	2123
TP1_synth_forward		56	G	14	9	6	3955	0	2	73	4059	8	5	3	2062	0	1	44	2123
TP1_synth_forward		57	G	10	11	6	4003	0	0	45	4075	5	6	2	2089	0	0	26	2128
TP1_synth_forward		58	A	4090	0	7	1	0	0	1	4099	2127	0	2	0	0	0	1	2130
TP1_synth_forward		59	G	5	22	2	4049	0	0	21	4099	5	10	2	2103	0	0	10	2130
TP1_synth_forward		60	A	4117	1	1	1	0	0	2	4122	2132	0	1	0	0	0	1	2134
TP1_synth_forward		61	T	29	1	2	22	0	1	4067	4122	13	1	2	20	0	0	2098	2134
TP1_synth_forward		62	T	63	0	4	11	0	1	4044	4123	37	0	4	5	0	1	2087	2134
TP1_synth_forward		63	C	25	4090	4	0	0	0	2	4121	12	2117	3	0	0	0	2	2134
TP1_synth_forward		64	T	62	1	4	5	0	0	4048	4120	41	1	2	2	0	0	2087	2133
TP1_synth_forward		65	C	6	4110	3	1	0	1	3	4124	2	2128	2	0	0	1	2	2135
TP1_synth_forward		66	T	62	3	2	1	0	1	4054	4123	39	0	2	1	0	1	2091	2134
TP1_synth_forward		67	T	93	0	2	3	0	1	4024	4123	54	0	1	1	0	0	2078	2134
TP1_synth_forward		68	C	12	4109	1	0	0	0	0	4122	9	2125	0	0	0	0	0	2134
TP1_synth_forward		69	C	15	4099	0	1	0	1	5	4121	6	2122	0	1	0	1	3	2133
TP1_synth_forward		70	T	47	0	1	1	0	0	4071	4120	31	0	0	0	0	0	2101	2132
TP1_synth_forward		71	C	16	4099	3	0	0	3	5	4126	10	2119	3	0	0	0	3	2135
TP1_synth_forward		72	T	54	0	2	2	2	0	4065	4125	32	0	2	1	2	0	2097	2134
TP1_synth_forward		73	G	7	42	3	3983	0	1	87	4123	7	23	2	2086	0	1	13	2132
TP1_synth_forward		74	T	60	0	2	2	3	1	4052	4120	32	0	1	2	2	1	2092	2130
TP1_synth_forward		75	G	12	11	3	4081	0	1	11	4119	9	7	3	2106	0	0	5	2130
TP1_synth_forward		76	C	20	4094	1	0	0	1	3	4119	10	2117	1	0	0	1	1	2130
TP1_synth_forward		77	G	4	9	4	4050	0	1	49	4117	3	4	3	2082	0	1	36	2129
TP1_synth_forward		78	C	11	4078	9	0	0	2	17	4117	6	2107	6	0	0	2	8	2129
TP1_synth_forward		79	C	16	4093	0	0	0	1	7	4117	6	2119	0	0	0	1	3	2129
TP1_synth_forward		80	G	9	23	4	4040	0	3	38	4117	4	10	4	2085	0	0	26	2129
TP1_synth_forward		81	C	7	3963	3	3	2	0	0	3978	6	1996	2	1	1	0	0	2006
TP1_synth_forward		82	A	3964	0	5	1	0	1	7	3978	2003	0	3	0	0	0	0	2006
TP1_synth_forward		83	A	3966	2	1	6	0	0	2	3977	2002	0	0	4	0	0	0	2006
TP1_synth_forward		84	A	3959	6	0	4	0	4	1	3974	1995	2	0	3	0	3	1	2004
TP1_synth_forward		85	G	5	6	0	3948	0	0	8	3967	3	3	0	1989	0	0	5	2000
TP1_synth_forward		86	C	12	3948	0	1	0	3	0	3964	6	1991	0	1	0	2	0	2000
TP1_synth_forward		87	T	71	1	1	3	0	0	3884	3960	43	1	0	1	0	0	1953	1998
TP1_synth_forward		88	G	13	16	2	3916	0	1	6	3954	9	9	1	1970	0	1	4	1994
TP1_synth_forward		89	T	66	0	1	3	0	0	3878	3948	45	0	1	0	0	0	1944	1990
TP1_synth_forward		90	T	57	0	0	1	0	0	3888	3946	28	0	0	0	0	0	1961	1989
TP1_synth_forward		91	C	10	3931	0	2	0	0	3	3946	5	1982	0	0	0	0	2	1989
TP1_synth_forward		92	C	12	3927	0	1	0	0	0	3940	5	1980	0	0	0	0	0	1985
TP1_synth_forward		93	G	20	19	0	3886	0	0	7	3932	12	9	0	1953	0	0	5	1979
TP1_synth_forward		94	T	38	0	0	6	0	0	3881	3925	21	0	0	2	0	0	1953	1976
TP1_synth_forward		95	C	5	3915	0	2	0	0	1	3923	3	1971	0	0	0	0	0	1974
TP1_synth_forward		96	C	0	3905	0	0	0	0	0	3905	0	1963	0	0	0	0	0	1963
TP1_synth_forward		97	C	0	3886	0	0	0	1	0	3887	0	1952	0	0	0	1	0	1953
TP1_synth_forward		98	A	3870	0	0	0	0	0	0	3870	1947	0	0	0	0	0	0	1947
TP1_synth_forward		99	G	0	0	0	3846	0	0	0	3846	0	0	0	1935	0	0	0	1935
TP1_synth_forward		100	T	0	0	0	0	0	0	3785	3785	0	0	0	0	0	0	1899	1899
TP1_synth_forward	TP1_synth_forward	1	G	0	0	0	1117995	0	0	0	1117995	0	0	0	65505	0	0	0	65505
TP1_synth_forward	TP1_synth_forward	2	T	0	0	0	0	0	0	1119931	1119931	0	0	0	0	0	0	66126	66126
TP1_synth_forward	TP1_synth_forward	3	G	0	0	0	1125240	0	8	0	1125248	0	0	0	67584	0	3	0	67587
TP1_synth_forward	TP1_synth_forward	4	G	0	0	0	1126944	0	5	0	1126949	0	0	0	68595	0	0	0	68595
TP1_synth_forward	TP1_synth_forward	5	T	0	0	0	0	0	25	1126924	1126949	0	0	0	0	0	3	68592	68595
TP1_synth_forward	TP1_synth_forward	6	G	232	113	0	1125850	0	247	507	1126949	6	5	0	68513	0	44	27	68595
TP1_synth_forward	TP1_synth_forward	7	A	1126283	27	0	171	0	268	200	1126949	68556	1	0	8	0	24	6	68595
TP1_synth_forward	TP1_synth_forward	8	G	200	50	0	1126506	0	67	126	1126949	9	4	0	68572	0	0	10	68595
TP1_synth_forward	TP1_synth_forward	9	G	228	168	0	1125894	1	485	173	1126949	11	50	0	68492	1	23	18	68595
TP1_synth_forward	TP1_synth_forward	10	C	196	1125709	539	42	0	261	202	1126949	24	68509	6	4	0	46	6	68595
TP1_synth_forward	TP1_synth_forward	11	T	646	199	291	25	690	212	1124886	1126949	112	7	8	2	24	53	68389	68595
TP1_synth_forward	TP1_synth_forward	12	C	220	1120660	5715	23	2	75	254	1126949	28	68385	143	0	0	30	9	68595
TP1_synth_forward	TP1_synth_forward	13	C	437	1126132	6	36	1	138	199	1126949	50	68515	0	2	0	19	9	68595
TP1_synth_forward	TP1_synth_forward	14	C	395	1125280	0	34	0	44	1196	1126949	33	68527	0	0	0	14	21	68595
TP1_synth_forward	TP1_synth_forward	15	C	258	1126128	7	15	213	163	165	1126949	39	68529	1	0	8	12	6	68595
TP1_synth_forward	TP1_synth_forward	16	T	733	127	6093	17	1	80	1119898	1126949	136	2	233	1	0	4	68219	68595
TP1_synth_forward	TP1_synth_forward	17	T	692	429	1032	36	0	91	1124669	1126949	119	22	33	6	0	45	68370	68595
TP1_synth_forward	TP1_synth_forward	18	T	867	105	1678	15	757	211	1123316	1126949	90	4	83	1	30	43	68344	68595
TP1_synth_forward	TP1_synth_forward	19	A	1122018	16	2944	144	330	112	1385	1126949	68272	3	183	6	30	10	91	68595
TP1_synth_forward	TP1_synth_forward	20	T	1608	110	1548	47	2	144	1123490	1126949	165	2	60	4	1	30	68333	68595
TP1_synth_forward	TP1_synth_forward	21	A	1123707	178	2255	147	332	121	209	1126949	68394	25	138	3	10	13	12	68595
TP1_synth_forward	TP1_synth_forward	22	C	352	1123123	2897	86	39	89	363	1126949	49	68368	124	4	7	20	23	68595
TP1_synth_forward	TP1_synth_forward	23	A	1123487	17	1932	207	511	289	506	1126949	68353	3	115	8	22	76	18	68595
TP1_synth_forward	TP1_synth_forward	24	G	370	296	1780	1121361	488	257	2397	1126949	22	33	93	68199	17	89	142	68595
TP1_synth_forward	TP1_synth_forward	25	A	1122775	99	2814	162	0	166	933	1126949	68327	6	125	12	0	91	34	68595
TP1_synth_forward	TP1_synth_forward	26	A	1124015	7	905	154	2	91	1775	1126949	68410	0	62	6	1	33	83	68595
TP1_synth_forward	TP1_synth_forward	27	T	1513	108	3456	114	11	82	1121665	1126949	276	4	172	7	6	7	68123	68595
TP1_synth_forward	TP1_synth_forward	28	A	1123583	21	2058	105	37	125	1020	1126949	68450	0	102	3	9	7	24	68595
TP1_synth_forward	TP1_synth_forward	29	T	806	130	2149	382	0	160	1123322	1126949	172	3	96	33	0	88	68203	68595
TP1_synth_forward	TP1_synth_forward	30	C	1130	1120719	4084	102	0	51	863	1126949	102	68299	155	9	0	4	26	68595
TP1_synth_forward	TP1_synth_forward	31	T	3055	192	2424	24	18	25	1121165	1126903	602	19	137	0	5	3	67797	68563
TP1_synth_forward	TP1_synth_forward	32	G	1098	315	2252	1122135	378	86	603	1126867	35	62	104	68193	29	10	103	68536
TP1_synth_forward	TP1_synth_forward	33	T	2653	134	3080	7	1	208	1120773	1126856	401	3	139	0	0	75	67912	68530
TP1_synth_forward	TP1_synth_forward	34	T	4355	202	460	4	3	224	1121577	1126825	643	8	22	0	1	63	67775	68512
TP1_synth_forward	TP1_synth_forward	35	C	1024	1122286	3012	36	49	56	345	1126808	177	68175	106	2	10	12	17	68499
TP1_synth_forward	TP1_synth_forward	36	G	341	349	3317	1118525	31	265	3936	1126764	27	114	119	67747	3	86	375	68471
TP1_synth_forward	TP1_synth_forward	37	C	419	1123177	1913	36	259	300	652	1126756	70	68224	91	6	18	23	32	68464
TP1_synth_forward	TP1_synth_forward	38	A	1122692	95	1549	124	0	107	2183	1126750	68233	15	67	6	0	29	110	68460
TP1_synth_forward	TP1_synth_forward	39	C	302	1122062	3090	136	3	103	1024	1126720	61	68086	203	13	0	35	38	68436
TP1_synth_forward	TP1_synth_forward	40	T	4332	171	1218	27	658	89	1120203	1126698	712	7	69	2	31	11	67587	68419
TP1_synth_forward	TP1_synth_forward	41	C	520	1122694	2589	41	0	150	700	1126694	108	68084	92	0	0	88	43	68415
TP1_synth_forward	TP1_synth_forward	42	C	550	1124962	577	47	54	74	417	1126681	97	68231	23	3	17	19	19	68409
TP1_synth_forward	TP1_synth_forward	43	G	376	401	1474	1122216	1	50	2117	1126635	13	105	90	67868	1	4	298	68379
TP1_synth_forward	TP1_synth_forward	44	A	1123257	25	1638	112	1	165	1431	1126629	68220	3	78	2	0	16	59	68378
TP1_synth_forward	TP1_synth_forward	45	G	1014	564	886	1122515	235	386	994	1126594	38	105	101	67817	3	88	199	68351
TP1_synth_forward	TP1_synth_forward	46	T	2496	144	1208	52	1	160	1122509	1126570	398	5	66	2	0	51	67812	68334
TP1_synth_forward	TP1_synth_forward	47	G	443	385	1853	1122831	159	197	664	1126532	96	93	83	67909	8	24	95	68308
TP1_synth_forward	TP1_synth_forward	48	C	588	1122587	1628	46	657	458	564	1126528	97	67965	96	1	19	81	45	68304
TP1_synth_forward	TP1_synth_forward	49	G	310	275	2758	1121793	1	311	1057	1126505	16	75	145	67776	0	108	167	68287
TP1_synth_forward	TP1_synth_forward	50	G	919	365	1921	1122142	94	173	878	1126492	54	97	90	67884	14	38	98	68275
TP1_synth_forward	TP1_synth_forward	51	C	440	1118671	2897	1465	3	355	2644	1126475	77	67851	135	64	2	18	114	68261
TP1_synth_forward	TP1_synth_forward	52	T	2740	92	2444	250	0	230	1120689	1126445	561	0	99	10	0	10	67561	68241
TP1_synth_forward	TP1_synth_forward	53	T	2957	437	1978	117	13	89	1120846	1126437	446	18	69	8	3	10	67684	68238
TP1_synth_forward	TP1_synth_forward	54	G	2618	334	3905	1117586	1128	224	606	1126401	88	86	146	67690	48	62	98	68218
TP1_synth_forward	TP1_synth_forward	55	C	511	1117394	2270	61	149	529	5467	1126381	92	67716	75	3	8	153	164	68211
TP1_synth_forward	TP1_synth_forward	56	G	1170	224	2742	1120840	1	365	1033	1126375	54	76	134	67774	0	33	136	68207
TP1_synth_forward	TP1_synth_forward	57	G	239	132	2324	1121047	1	113	2461	1126317	18	30	56	67891	1	7	170	68173
TP1_synth_forward	TP1_synth_forward	58	A	1122157	54	3270	230	252	82	258	1126303	68027	7	93	7	23	2	11	68170
TP1_synth_forward	TP1_synth_forward	59	G	159	197	1923	1123036	23	60	833	1126231	16	44	73	67853	8	11	119	68124
TP1_synth_forward	TP1_synth_forward	60	A	1124201	82	1411	157	36	74	261	1126222	67990	7	73	11	5	15	19	68120
TP1_synth_forward	TP1_synth_forward	61	T	633	372	2528	639	0	133	1121879	1126184	101	12	121	71	0	9	67786	68100
TP1_synth_forward	TP1_synth_forward	62	T	1945	186	3207	624	1	123	1119944	1126030	396	7	126	49	1	22	67450	68051
TP1_synth_forward	TP1_synth_forward	63	C	679	1121973	2055	61	0	176	1028	1125972	109	67761	91	4	0	20	39	68024
TP1_synth_forward	TP1_synth_forward	64	T	4306	193	1282	114	0	129	1119898	1125922	574	12	51	5	0	20	67341	68003
TP1_synth_forward	TP1_synth_forward	65	C	295	1122797	1583	55	65	208	904	1125907	52	67817	73	3	6	17	25	67993
TP1_synth_forward	TP1_synth_forward	66	T	2706	157	2025	82	0	105	1120811	1125886	495	8	94	3	0	6	67372	67978
TP1_synth_forward	TP1_synth_forward	67	T	3708	124	1650	63	10	119	1120173	1125847	525	4	45	7	1	3	67376	67961
TP1_synth_forward	TP1_synth_forward	68	C	488	1122934	2083	39	0	135	165	1125844	74	67796	76	3	0	4	6	67959
TP1_synth_forward	TP1_synth_forward	69	C	659	1121883	748	80	0	165	2294	1125829	147	67624	27	6	0	63	84	67951
TP1_synth_forward	TP1_synth_forward	70	T	2729	88	1928	43	121	282	1120614	1125805	466	6	60	5	3	50	67351	67941
TP1_synth_forward	TP1_synth_forward	71	C	1434	1121489	1534	24	3	143	1160	1125787	146	67638	74	2	1	18	50	67929
TP1_synth_forward	TP1_synth_forward	72	T	3545	120	1277	29	257	157	1120384	1125769	642	4	55	2	9	36	67172	67920
TP1_synth_forward	TP1_synth_forward	73	G	953	637	2390	1120404	1	167	1192	1125744	74	113	120	67470	0	20	107	67904
TP1_synth_forward	TP1_synth_forward	74	T	2308	164	260	38	818	174	1121971	1125733	353	11	26	2	50	6	67453	67901
TP1_synth_forward	TP1_synth_forward	75	G	276	265	2166	1121061	118	147	1678	1125711	25	67	81	67563	6	6	138	67886
TP1_synth_forward	TP1_synth_forward	76	C	669	1121329	1337	95	254	285	1737	1125706	107	67594	53	7	11	25	87	67884
TP1_synth_forward	TP1_synth_forward	77	G	1002	693	2772	1120038	42	154	984	1125685	42	125	111	67416	4	13	160	67871
TP1_synth_forward	TP1_synth_forward	78	C	404	1114403	4366	46	3	187	6274	1125683	69	67453	156	2	0	15	175	67870
TP1_synth_forward	TP1_synth_forward	79	C	1046	1122129	167	71	270	203	1775	1125661	69	67668	17	2	2	50	54	67862
TP1_synth_forward	TP1_synth_forward	80	G	2421	1904	1758	1118464	0	78	994	1125619	85	228	83	67291	0	13	137	67837
TP1_synth_forward	TP1_synth_forward	81	C	294	1123010	891	57	1044	65	232	1125593	44	67643	83	4	33	3	12	67822
TP1_synth_forward	TP1_synth_forward	82	A	1122078	107	2465	300	0	70	568	1125588	67640	14	120	14	0	1	30	67819
TP1_synth_forward	TP1_synth_forward	83	A	1124847	127	172	173	1	123	143	1125586	67764	13	14	15	0	9	4	67819
TP1_synth_forward	TP1_synth_forward	84	A	1124190	133	0	271	1	384	565	1125544	67727	15	0	4	0	48	16	67810
TP1_synth_forward	TP1_synth_forward	85	G	293	297	158	1123916	279	256	223	1125422	52	80	11	67542	14	16	37	67752
TP1_synth_forward	TP1_synth_forward	86	C	643	1124097	70	113	4	220	175	1125322	78	67614	7	5	1	11	5	67721
TP1_synth_forward	TP1_synth_forward	87	T	4392	117	348	511	364	192	1119216	1125140	662	1	14	20	3	67	66906	67673
TP1_synth_forward	TP1_synth_forward	88	G	471	356	264	1123415	14	87	394	1125001	51	34	6	67462	0	15	70	67638
TP1_synth_forward	TP1_synth_forward	89	T	1562	155	566	69	0	67	1122455	1124874	176	6	31	5	0	21	67365	67604
TP1_synth_forward	TP1_synth_forward	90	T	2514	182	0	48	307	58	1120934	1124043	324	5	0	0	18	39	67170	67556
TP1_synth_forward	TP1_synth_forward	91	C	868	1122479	83	66	1	22	405	1123924	92	67403	8	5	0	11	12	67531
TP1_synth_forward	TP1_synth_forward	92	C	451	1122897	0	43	0	71	322	1123784	31	67466	0	4	0	5	10	67516
TP1_synth_forward	TP1_synth_forward	93	G	975	635	0	1120742	0	74	249	1122675	79	113	0	67205	0	6	46	67449
TP1_synth_forward	TP1_synth_forward	94	T	2542	128	0	140	0	94	1118681	1121585	278	7	0	17	0	43	67031	67376
TP1_synth_forward	TP1_synth_forward	95	C	398	1119875	0	238	0	155	677	1121343	39	67235	0	8	0	36	34	67352
TP1_synth_forward	TP1_synth_forward	96	C	0	1120106	0	0	0	84	0	1120190	0	67238	0	0	0	32	0	67270
TP1_synth_forward	TP1_synth_forward	97	C	0	1116727	0	0	0	100	0	1116827	0	67129	0	0	0	10	0	67139
TP1_synth_forward	TP1_synth_forward	98	A	1112665	0	0	0	0	37	0	1112702	66922	0	0	0	0	10	0	66932
TP1_synth_forward	TP1_synth_forward	99	G	0	0	0	1109037	0	0	0	1109037	0	0	0	66637	0	0	0	66637
TP1_synth_forward	TP1_synth_forward	100	T	0	0	0	0	0	0	1106374	1106374	0	0	0	0	0	0	66313	66313
