



























































































































































































































#AmpliconChromStart	Alias	Position	ProbableRef	rawA	rawC	rawD	rawG	rawI	rawN	rawT	rawDepth	consA	consC	consD	consG	consI	consN	consT	consDepth	
TP1_synth_forward		5	T	0	0	0	0	0	0	1150	1150	0	0	0	0	0	0	648	648
TP1_synth_forward		6	G	0	0	0	1823	0	0	0	1823	0	0	0	1101	0	0	0	1101
TP1_synth_forward		7	A	1891	0	0	0	0	1	0	1892	1143	0	0	0	0	0	0	1143
TP1_synth_forward		8	G	0	0	0	2116	0	3	0	2119	0	0	0	1183	0	1	0	1184
TP1_synth_forward		9	G	0	0	0	2435	0	0	0	2435	0	0	0	1221	0	0	0	1221
TP1_synth_forward		10	C	4	2451	0	0	0	1	0	2456	3	1232	0	0	0	1	0	1236
TP1_synth_forward		11	T	19	0	0	0	0	0	2437	2456	13	0	0	0	0	0	1223	1236
TP1_synth_forward		12	C	3	2459	0	0	0	1	0	2463	3	1238	0	0	0	1	0	1242
TP1_synth_forward		13	C	16	2456	0	0	0	0	3	2475	9	1239	0	0	0	0	2	1250
TP1_synth_forward		14	C	17	2456	0	0	0	0	2	2475	12	1236	0	0	0	0	2	1250
TP1_synth_forward		15	C	8	2477	0	0	0	0	1	2486	5	1253	0	0	0	0	1	1259
TP1_synth_forward		16	T	38	0	5	0	0	0	2443	2486	26	0	4	0	0	0	1229	1259
TP1_synth_forward		17	T	62	0	0	0	0	0	2433	2495	32	0	0	0	0	0	1233	1265
TP1_synth_forward		18	T	33	0	0	0	0	0	2467	2500	20	0	0	0	0	0	1250	1270
TP1_synth_forward		19	A	2500	0	0	0	0	0	0	2500	1270	0	0	0	0	0	0	1270
TP1_synth_forward		20	T	34	0	0	0	0	0	2466	2500	14	0	0	0	0	0	1256	1270
TP1_synth_forward		21	A	2497	0	1	0	0	1	1	2500	1268	0	1	0	0	0	1	1270
TP1_synth_forward		22	C	10	2486	1	1	1	1	0	2500	5	1262	1	1	0	1	0	1270
TP1_synth_forward		23	A	2499	0	1	0	0	0	0	2500	1269	0	1	0	0	0	0	1270
TP1_synth_forward		24	G	1	8	1	2483	2	0	5	2500	1	3	1	1259	2	0	4	1270
TP1_synth_forward		25	A	2492	1	4	2	0	0	1	2500	1263	1	4	1	0	0	1	1270
TP1_synth_forward		26	A	2496	0	0	3	0	0	1	2500	1270	0	0	0	0	0	0	1270
TP1_synth_forward		27	T	45	0	3	2	0	0	2450	2500	26	0	2	2	0	0	1240	1270
TP1_synth_forward		28	A	2494	0	5	0	0	1	0	2500	1269	0	1	0	0	0	0	1270
TP1_synth_forward		29	T	15	0	0	3	0	0	2482	2500	6	0	0	2	0	0	1262	1270
TP1_synth_forward		30	C	4	2495	0	1	0	0	0	2500	3	1267	0	0	0	0	0	1270
TP1_synth_forward		31	T	40	1	3	0	0	0	2456	2500	28	1	3	0	0	0	1238	1270
TP1_synth_forward		32	G	7	27	5	2455	0	0	6	2500	4	17	4	1241	0	0	4	1270
TP1_synth_forward		33	T	62	0	4	0	0	1	2433	2500	42	0	4	0	0	1	1223	1270
TP1_synth_forward		34	T	65	2	1	0	2	0	2430	2500	38	2	1	0	1	0	1228	1270
TP1_synth_forward		35	C	16	2482	2	0	4	0	1	2505	8	1259	2	0	4	0	0	1273
TP1_synth_forward		36	G	4	6	1	2424	0	2	68	2505	4	5	1	1208	0	0	55	1273
TP1_synth_forward		37	C	15	2483	4	1	0	0	2	2505	8	1259	4	1	0	0	1	1273
TP1_synth_forward		38	A	2501	0	0	2	0	1	1	2505	1272	0	0	0	0	1	0	1273
TP1_synth_forward		39	C	7	2494	1	1	0	1	1	2505	4	1267	1	0	0	0	1	1273
TP1_synth_forward		40	T	52	0	5	0	0	0	2447	2504	29	0	4	0	0	0	1239	1272
TP1_synth_forward		41	C	12	2383	107	2	0	0	0	2504	8	1239	24	1	0	0	0	1272
TP1_synth_forward		42	C	19	2483	0	0	1	0	1	2504	8	1262	0	0	1	0	1	1272
TP1_synth_forward		43	G	2	7	3	2445	0	1	46	2504	2	2	3	1237	0	1	27	1272
TP1_synth_forward		44	A	2500	0	2	0	0	1	1	2504	1270	0	0	0	0	1	1	1272
TP1_synth_forward		45	G	2	23	31	2427	0	0	19	2502	0	13	23	1223	0	0	13	1272
TP1_synth_forward		46	T	66	0	1	0	1	0	2438	2506	31	0	1	0	1	0	1243	1276
TP1_synth_forward		47	G	23	11	2	2460	0	2	8	2506	18	6	2	1245	0	0	5	1276
TP1_synth_forward		48	C	23	2479	0	0	1	0	3	2506	8	1266	0	0	0	0	2	1276
TP1_synth_forward		49	G	6	6	0	2454	0	1	39	2506	4	4	0	1243	0	1	24	1276
TP1_synth_forward		50	G	10	6	0	2465	0	2	23	2506	5	3	0	1255	0	0	13	1276
TP1_synth_forward		51	C	11	2501	0	3	0	0	1	2516	5	1281	0	1	0	0	0	1287
TP1_synth_forward		52	T	57	0	1	3	0	3	2452	2516	36	0	1	2	0	2	1246	1287
TP1_synth_forward		53	T	72	2	0	0	0	3	2439	2516	39	2	0	0	0	1	1245	1287
TP1_synth_forward		54	G	18	7	3	2474	0	0	14	2516	10	4	3	1265	0	0	5	1287
TP1_synth_forward		55	C	13	2505	2	0	0	0	2	2522	6	1281	2	0	0	0	1	1290
TP1_synth_forward		56	G	10	7	15	2468	0	1	23	2524	7	4	11	1253	0	1	16	1292
TP1_synth_forward		57	G	5	6	3	2490	0	2	18	2524	4	3	3	1271	0	1	10	1292
TP1_synth_forward		58	A	2515	0	15	0	0	2	3	2535	1279	0	14	0	0	1	1	1295
TP1_synth_forward		59	G	2	4	8	2502	0	1	18	2535	1	3	7	1272	0	0	12	1295
TP1_synth_forward		60	A	2542	1	1	0	0	1	0	2545	1297	1	1	0	0	0	0	1299
TP1_synth_forward		61	T	22	1	3	12	0	0	2506	2544	13	0	1	9	0	0	1275	1298
TP1_synth_forward		62	T	34	3	1	7	0	0	2501	2546	19	2	1	4	0	0	1272	1298
TP1_synth_forward		63	C	7	2537	1	1	0	0	1	2547	1	1297	1	0	0	0	0	1299
TP1_synth_forward		64	T	23	1	2	2	0	0	2519	2547	15	0	1	0	0	0	1283	1299
TP1_synth_forward		65	C	5	2537	3	0	1	0	1	2547	4	1292	2	0	1	0	0	1299
TP1_synth_forward		66	T	40	0	2	3	0	0	2501	2546	25	0	2	2	0	0	1269	1298
TP1_synth_forward		67	T	52	2	2	1	0	0	2487	2544	31	2	1	0	0	0	1263	1297
TP1_synth_forward		68	C	7	2533	2	0	0	2	0	2544	3	1291	1	0	0	2	0	1297
TP1_synth_forward		69	C	12	2527	1	0	0	2	0	2542	8	1286	1	0	0	2	0	1297
TP1_synth_forward		70	T	23	0	1	0	1	1	2515	2541	17	0	1	0	0	1	1277	1296
TP1_synth_forward		71	C	4	2537	1	0	0	0	1	2543	3	1293	1	0	0	0	1	1298
TP1_synth_forward		72	T	35	0	1	2	0	0	2504	2542	27	0	1	2	0	0	1267	1297
TP1_synth_forward		73	G	1	26	3	2503	0	0	8	2541	1	16	2	1271	0	0	6	1296
TP1_synth_forward		74	T	37	0	51	1	0	0	2450	2539	23	0	16	1	0	0	1254	1294
TP1_synth_forward		75	G	9	5	0	2522	0	0	3	2539	6	3	0	1282	0	0	3	1294
TP1_synth_forward		76	C	13	2520	1	1	0	1	3	2539	7	1283	1	1	0	0	2	1294
TP1_synth_forward		77	G	1	5	3	2499	0	1	29	2538	1	4	0	1264	0	1	24	1294
TP1_synth_forward		78	C	3	2386	146	0	0	1	2	2538	2	1287	4	0	0	1	0	1294
TP1_synth_forward		79	C	12	2523	0	0	0	1	2	2538	10	1281	0	0	0	1	2	1294
TP1_synth_forward		80	G	5	9	2	2504	0	0	18	2538	3	5	2	1273	0	0	11	1294
TP1_synth_forward		81	C	5	2450	74	1	0	0	1	2531	4	1265	18	0	0	0	0	1287
TP1_synth_forward		82	A	2522	0	5	0	0	0	4	2531	1283	0	3	0	0	0	1	1287
TP1_synth_forward		83	A	2528	0	0	1	0	0	1	2530	1285	0	0	0	0	0	1	1286
TP1_synth_forward		84	A	2529	0	0	0	0	1	0	2530	1286	0	0	0	0	0	0	1286
TP1_synth_forward		85	G	2	7	1	2512	0	1	5	2528	2	7	0	1273	0	1	3	1286
TP1_synth_forward		86	C	7	2515	0	1	0	0	1	2524	6	1278	0	0	0	0	1	1285
TP1_synth_forward		87	T	40	0	0	2	0	0	2476	2518	25	0	0	1	0	0	1256	1282
TP1_synth_forward		88	G	6	7	0	2497	0	0	3	2513	4	7	0	1264	0	0	2	1277
TP1_synth_forward		89	T	38	1	1	0	0	0	2470	2510	23	0	0	0	0	0	1252	1275
TP1_synth_forward		90	T	21	0	0	0	0	0	2487	2508	18	0	0	0	0	0	1255	1273
TP1_synth_forward		91	C	10	2496	1	0	0	0	0	2507	6	1266	1	0	0	0	0	1273
TP1_synth_forward		92	C	4	2502	0	0	0	0	0	2506	2	1270	0	0	0	0	0	1272
TP1_synth_forward		93	G	9	9	0	2481	0	1	3	2503	7	6	0	1254	0	0	2	1269
TP1_synth_forward		94	T	24	1	0	0	0	1	2475	2501	19	1	0	0	0	1	1248	1269
TP1_synth_forward		95	C	1	2499	0	0	0	1	0	2501	0	1269	0	0	0	0	0	1269
TP1_synth_forward		96	C	0	2488	0	0	0	1	0	2489	0	1264	0	0	0	1	0	1265
TP1_synth_forward		97	C	0	2478	0	0	0	2	0	2480	0	1258	0	0	0	0	0	1258
TP1_synth_forward		98	A	2475	0	0	0	0	0	0	2475	1255	0	0	0	0	0	0	1255
TP1_synth_forward		99	G	0	0	0	2454	0	0	0	2454	0	0	0	1240	0	0	0	1240
TP1_synth_forward		100	T	0	0	0	0	0	0	2421	2421	0	0	0	0	0	0	1219	1219
TP1_synth_forward	TP1_synth_forward	1	G	0	0	0	712284	0	0	0	712284	0	0	0	70724	0	0	0	70724
TP1_synth_forward	TP1_synth_forward	2	T	0	0	0	0	0	0	713949	713949	0	0	0	0	0	0	71176	71176
TP1_synth_forward	TP1_synth_forward	3	G	0	0	0	716720	0	8	0	716728	0	0	0	72224	0	7	0	72231
TP1_synth_forward	TP1_synth_forward	4	G	0	0	0	718028	0	8	0	718036	0	0	0	72980	0	1	0	72981
TP1_synth_forward	TP1_synth_forward	5	T	0	0	0	0	0	13	718023	718036	0	0	0	0	0	3	72978	72981
TP1_synth_forward	TP1_synth_forward	6	G	132	64	0	717505	0	184	151	718036	9	8	0	72914	0	41	9	72981
TP1_synth_forward	TP1_synth_forward	7	A	717609	32	0	117	0	154	124	718036	72935	1	0	13	0	28	4	72981
TP1_synth_forward	TP1_synth_forward	8	G	182	34	0	717623	0	29	168	718036	9	3	0	72948	0	0	21	72981
TP1_synth_forward	TP1_synth_forward	9	G	125	107	0	717317	1	278	208	718036	5	30	0	72898	0	29	19	72981
TP1_synth_forward	TP1_synth_forward	10	C	107	717446	4	25	94	183	177	718036	18	72897	1	1	4	56	4	72981
TP1_synth_forward	TP1_synth_forward	11	T	386	127	109	17	239	123	717035	718036	95	5	11	2	15	31	72822	72981
TP1_synth_forward	TP1_synth_forward	12	C	129	715396	2231	29	0	61	190	718036	25	72810	114	4	0	19	9	72981
TP1_synth_forward	TP1_synth_forward	13	C	313	717299	42	21	0	105	256	718036	49	72899	2	1	0	21	9	72981
TP1_synth_forward	TP1_synth_forward	14	C	229	717629	0	21	0	27	130	718036	40	72921	0	3	0	12	5	72981
TP1_synth_forward	TP1_synth_forward	15	C	149	717433	79	20	102	98	155	718036	19	72912	10	1	20	8	11	72981
TP1_synth_forward	TP1_synth_forward	16	T	457	61	1372	55	0	50	716041	718036	125	6	156	0	0	7	72687	72981
TP1_synth_forward	TP1_synth_forward	17	T	303	91	61	31	0	64	717486	718036	68	10	10	2	0	39	72852	72981
TP1_synth_forward	TP1_synth_forward	18	T	231	65	93	19	157	153	717318	718036	49	7	21	2	12	32	72858	72981
TP1_synth_forward	TP1_synth_forward	19	A	716975	10	694	82	0	64	211	718036	72887	2	58	1	0	11	22	72981
TP1_synth_forward	TP1_synth_forward	20	T	287	76	219	36	240	111	717067	718036	81	6	37	4	20	35	72798	72981
TP1_synth_forward	TP1_synth_forward	21	A	717043	11	339	111	334	80	118	718036	72897	3	26	7	20	21	7	72981
TP1_synth_forward	TP1_synth_forward	22	C	220	717135	229	40	95	56	261	718036	39	72855	27	6	19	20	15	72981
TP1_synth_forward	TP1_synth_forward	23	A	716740	17	802	118	62	156	141	718036	72851	4	57	5	13	38	13	72981
TP1_synth_forward	TP1_synth_forward	24	G	335	122	186	716546	354	159	334	718036	19	10	35	72769	30	58	60	72981
TP1_synth_forward	TP1_synth_forward	25	A	716295	19	1326	135	0	114	147	718036	72805	3	87	11	0	62	13	72981
TP1_synth_forward	TP1_synth_forward	26	A	717603	6	133	98	13	51	132	718036	72898	0	27	7	6	27	16	72981
TP1_synth_forward	TP1_synth_forward	27	T	756	156	533	57	245	62	716227	718036	191	15	61	4	18	3	72689	72981
TP1_synth_forward	TP1_synth_forward	28	A	717299	24	330	171	2	96	114	718036	72896	5	50	12	1	10	7	72981
TP1_synth_forward	TP1_synth_forward	29	T	466	95	328	258	13	121	716755	718036	109	5	40	31	3	70	72723	72981
TP1_synth_forward	TP1_synth_forward	30	C	334	716771	468	50	234	40	139	718036	73	72827	54	5	9	7	6	72981
TP1_synth_forward	TP1_synth_forward	31	T	1832	193	723	9	186	10	715057	718010	458	7	36	1	6	4	72447	72959
TP1_synth_forward	TP1_synth_forward	32	G	327	215	1126	715611	125	46	546	717996	38	43	80	72659	18	5	107	72950
TP1_synth_forward	TP1_synth_forward	33	T	1584	73	1394	5	1	127	714808	717992	295	3	90	0	0	56	72503	72947
TP1_synth_forward	TP1_synth_forward	34	T	2742	97	389	1	278	142	714319	717968	474	6	19	0	17	42	72371	72929
TP1_synth_forward	TP1_synth_forward	35	C	604	715682	776	26	447	32	393	717960	158	72645	63	2	22	6	27	72923
TP1_synth_forward	TP1_synth_forward	36	G	374	215	617	715272	14	174	1284	717950	25	79	41	72487	5	66	212	72915
TP1_synth_forward	TP1_synth_forward	37	C	279	715914	1178	28	243	157	141	717940	50	72746	57	4	15	25	10	72907
TP1_synth_forward	TP1_synth_forward	38	A	716786	46	647	196	14	71	176	717936	72818	9	25	8	8	20	15	72903
TP1_synth_forward	TP1_synth_forward	39	C	168	716632	613	76	141	71	228	717929	28	72742	67	6	4	18	31	72896
TP1_synth_forward	TP1_synth_forward	40	T	2070	80	689	21	62	65	714919	717906	488	6	55	3	12	13	72301	72878
TP1_synth_forward	TP1_synth_forward	41	C	428	703132	13841	14	1	98	387	717901	101	71610	1060	1	1	69	31	72873
TP1_synth_forward	TP1_synth_forward	42	C	334	716616	260	40	15	40	552	717857	71	72695	19	3	2	16	42	72848
TP1_synth_forward	TP1_synth_forward	43	G	327	196	934	714831	59	37	1409	717793	26	77	80	72354	7	5	248	72797
TP1_synth_forward	TP1_synth_forward	44	A	716735	18	676	116	80	91	74	717790	72713	2	48	6	8	11	7	72795
TP1_synth_forward	TP1_synth_forward	45	G	286	370	10873	705115	148	218	713	717723	28	118	756	71604	5	68	167	72746
TP1_synth_forward	TP1_synth_forward	46	T	1421	307	452	21	136	105	715270	717712	287	15	40	1	9	38	72348	72738
TP1_synth_forward	TP1_synth_forward	47	G	504	257	1022	715389	25	140	359	717696	67	75	82	72405	10	19	67	72725
TP1_synth_forward	TP1_synth_forward	48	C	447	715390	461	31	224	254	884	717691	76	72476	50	0	17	54	50	72723
TP1_synth_forward	TP1_synth_forward	49	G	446	183	754	715302	0	179	820	717684	24	63	74	72362	0	85	110	72718
TP1_synth_forward	TP1_synth_forward	50	G	640	243	295	715624	74	119	682	717677	46	88	25	72422	7	27	98	72713
TP1_synth_forward	TP1_synth_forward	51	C	247	715308	355	947	235	212	370	717674	39	72520	36	63	10	18	25	72711
TP1_synth_forward	TP1_synth_forward	52	T	1758	155	1413	154	2	134	714041	717657	467	12	83	8	1	13	72119	72703
TP1_synth_forward	TP1_synth_forward	53	T	1339	150	405	77	18	63	715595	717647	304	4	29	6	2	9	72342	72696
TP1_synth_forward	TP1_synth_forward	54	G	515	173	2760	713150	58	153	810	717619	48	47	180	72257	2	56	87	72677
TP1_synth_forward	TP1_synth_forward	55	C	311	715440	694	34	307	297	535	717618	55	72411	48	2	16	98	47	72677
TP1_synth_forward	TP1_synth_forward	56	G	461	338	7862	708136	0	205	613	717615	30	72	594	71858	0	35	86	72675
TP1_synth_forward	TP1_synth_forward	57	G	508	92	581	715528	137	74	638	717558	36	32	46	72436	9	6	72	72637
TP1_synth_forward	TP1_synth_forward	58	A	710886	24	6244	127	46	51	146	717524	72098	2	492	4	7	5	9	72617
TP1_synth_forward	TP1_synth_forward	59	G	323	116	3357	712871	133	32	630	717462	23	34	276	72140	4	10	81	72568
TP1_synth_forward	TP1_synth_forward	60	A	716469	52	651	124	25	50	87	717458	72462	4	59	13	6	17	5	72566
TP1_synth_forward	TP1_synth_forward	61	T	429	74	943	329	0	72	715594	717441	93	5	45	51	0	9	72359	72562
TP1_synth_forward	TP1_synth_forward	62	T	1235	371	655	374	160	72	714481	717348	271	13	42	46	10	17	72118	72517
TP1_synth_forward	TP1_synth_forward	63	C	456	715330	1178	43	19	137	155	717318	94	72288	81	6	8	19	6	72502
TP1_synth_forward	TP1_synth_forward	64	T	1993	88	619	67	2	103	714422	717294	477	11	31	4	1	28	71936	72488
TP1_synth_forward	TP1_synth_forward	65	C	250	716081	642	28	39	123	122	717285	45	72382	27	4	2	21	1	72482
TP1_synth_forward	TP1_synth_forward	66	T	1711	176	1069	51	1	64	714204	717276	466	10	82	8	0	5	71909	72480
TP1_synth_forward	TP1_synth_forward	67	T	1904	171	697	29	30	79	714347	717257	379	11	42	5	5	4	72025	72471
TP1_synth_forward	TP1_synth_forward	68	C	308	715568	1132	40	1	75	126	717250	65	72281	101	3	1	9	8	72468
TP1_synth_forward	TP1_synth_forward	69	C	402	715898	341	41	81	112	365	717240	89	72255	32	4	5	47	27	72459
TP1_synth_forward	TP1_synth_forward	70	T	1723	75	389	20	79	190	714751	717227	398	5	33	2	2	47	71966	72453
TP1_synth_forward	TP1_synth_forward	71	C	430	715483	876	22	87	84	235	717217	89	72295	34	3	2	13	10	72446
TP1_synth_forward	TP1_synth_forward	72	T	2338	170	851	21	33	66	713727	717206	584	12	56	0	7	25	71761	72445
TP1_synth_forward	TP1_synth_forward	73	G	457	291	1149	714416	24	104	748	717189	55	74	67	72127	6	11	95	72435
TP1_synth_forward	TP1_synth_forward	74	T	1344	102	6794	23	378	106	708427	717174	246	6	423	3	19	8	71722	72427
TP1_synth_forward	TP1_synth_forward	75	G	447	160	596	715359	43	90	440	717135	58	38	26	72174	4	8	87	72395
TP1_synth_forward	TP1_synth_forward	76	C	466	714301	734	64	41	164	1358	717128	85	72168	31	1	4	22	79	72390
TP1_synth_forward	TP1_synth_forward	77	G	492	338	238	715031	89	108	822	717118	35	113	26	72059	9	12	130	72384
TP1_synth_forward	TP1_synth_forward	78	C	187	715289	825	27	1	105	682	717116	36	72229	54	1	0	9	53	72382
TP1_synth_forward	TP1_synth_forward	79	C	197	716241	33	44	1	154	444	717114	36	72265	9	5	1	46	20	72382
TP1_synth_forward	TP1_synth_forward	80	G	1421	667	990	712922	12	58	1021	717091	102	204	58	71866	1	13	127	72371
TP1_synth_forward	TP1_synth_forward	81	C	350	707401	8536	32	368	32	318	717037	51	71675	555	3	38	4	16	72342
TP1_synth_forward	TP1_synth_forward	82	A	714378	53	2205	231	0	43	126	717036	72212	4	107	11	0	3	5	72342
TP1_synth_forward	TP1_synth_forward	83	A	716550	73	119	126	0	64	103	717035	72306	5	8	5	0	8	10	72342
TP1_synth_forward	TP1_synth_forward	84	A	716373	85	9	167	101	196	75	717006	72263	7	4	13	8	31	5	72331
TP1_synth_forward	TP1_synth_forward	85	G	207	304	342	715627	62	131	265	716938	51	56	21	72123	1	19	26	72297
TP1_synth_forward	TP1_synth_forward	86	C	309	716206	3	75	28	133	129	716883	63	72191	1	12	1	10	5	72283
TP1_synth_forward	TP1_synth_forward	87	T	3134	83	197	310	0	140	712905	716769	645	5	6	19	0	43	71528	72246
TP1_synth_forward	TP1_synth_forward	88	G	278	222	129	715639	91	64	284	716707	49	37	20	72040	10	13	53	72222
TP1_synth_forward	TP1_synth_forward	89	T	1002	110	503	41	0	35	714940	716631	123	6	30	3	0	15	72024	72201
TP1_synth_forward	TP1_synth_forward	90	T	1546	125	42	26	295	41	714399	716474	270	9	9	1	18	28	71820	72155
TP1_synth_forward	TP1_synth_forward	91	C	506	714706	524	115	0	12	341	716204	86	71978	25	6	0	7	13	72115
TP1_synth_forward	TP1_synth_forward	92	C	305	715421	0	104	0	32	198	716060	29	72057	0	2	0	6	10	72104
TP1_synth_forward	TP1_synth_forward	93	G	726	499	0	714013	0	44	147	715429	67	129	0	71831	0	4	13	72044
TP1_synth_forward	TP1_synth_forward	94	T	1487	86	0	78	0	69	713246	714966	216	3	0	7	0	35	71739	72000
TP1_synth_forward	TP1_synth_forward	95	C	148	714118	0	174	0	133	130	714703	17	71917	0	6	0	30	8	71978
TP1_synth_forward	TP1_synth_forward	96	C	0	714178	0	0	0	56	0	714234	0	71912	0	0	0	28	0	71940
TP1_synth_forward	TP1_synth_forward	97	C	0	712330	0	0	0	61	0	712391	0	71792	0	0	0	11	0	71803
TP1_synth_forward	TP1_synth_forward	98	A	709812	0	0	0	0	16	0	709828	71615	0	0	0	0	8	0	71623
TP1_synth_forward	TP1_synth_forward	99	G	0	0	0	708467	0	0	0	708467	0	0	0	71431	0	0	0	71431
TP1_synth_forward	TP1_synth_forward	100	T	0	0	0	0	0	0	706296	706296	0	0	0	0	0	0	71153	71153
