



























































































































































































































#AmpliconChromStart	Alias	Position	ProbableRef	rawA	rawC	rawD	rawG	rawI	rawN	rawT	rawDepth	consA	consC	consD	consG	consI	consN	consT	consDepth	
TP1_synth_reverse		1	G	0	0	0	643213	0	0	0	643213	0	0	0	8617	0	0	0	8617
TP1_synth_reverse		2	T	0	0	0	0	0	0	645218	645218	0	0	0	0	0	0	8631	8631
TP1_synth_reverse		3	G	0	0	0	647472	0	137	0	647609	0	0	0	8651	0	0	0	8651
TP1_synth_reverse		4	G	0	0	0	648586	0	62	0	648648	0	0	0	8659	0	0	0	8659
TP1_synth_reverse		5	T	0	0	0	0	0	159	648847	649006	0	0	0	0	0	0	8660	8660
TP1_synth_reverse		6	G	139	77	0	649216	0	32	124	649588	0	0	0	8663	0	0	0	8663
TP1_synth_reverse		7	A	649442	24	0	98	0	21	74	649659	8664	0	0	0	0	0	0	8664
TP1_synth_reverse		8	G	96	69	0	649417	0	95	103	649780	0	0	0	8674	0	0	0	8674
TP1_synth_reverse		9	G	107	108	0	649229	1	26	335	649806	0	0	0	8674	0	0	1	8675
TP1_synth_reverse		10	C	261	649404	1	28	1	20	118	649833	0	8676	0	0	0	0	0	8676
TP1_synth_reverse		11	T	265	121	20	22	46	50	649309	649833	0	0	0	0	2	0	8674	8676
TP1_synth_reverse		12	C	279	648435	900	29	0	68	132	649843	0	8667	9	0	0	0	0	8676
TP1_synth_reverse		13	C	349	649283	1	22	0	91	117	649863	0	8676	0	0	0	0	0	8676
TP1_synth_reverse		14	C	290	649364	0	34	0	51	124	649863	0	8676	0	0	0	0	0	8676
TP1_synth_reverse		15	C	223	648550	0	106	1	47	945	649872	0	8669	0	1	0	0	6	8676
TP1_synth_reverse		16	T	522	65	1067	35	0	26	648167	649882	0	0	11	0	0	0	8665	8676
TP1_synth_reverse		17	T	628	83	0	23	1	155	649003	649893	0	0	0	0	0	0	8676	8676
TP1_synth_reverse		18	T	442	77	0	21	1	97	649255	649893	0	0	0	0	0	0	8676	8676
TP1_synth_reverse		19	C	423	647968	1338	37	0	96	92	649954	0	8668	9	0	0	0	0	8677
TP1_synth_reverse		20	T	547	62	810	69	0	54	648412	649954	0	0	8	0	0	0	8669	8677
TP1_synth_reverse		21	T	1841	115	1	77	0	184	647736	649954	0	0	0	0	0	0	8677	8677
TP1_synth_reverse		22	G	136	650	216	647840	1	113	998	649954	0	1	3	8668	0	0	5	8677
TP1_synth_reverse		23	C	1036	646764	82	174	716	75	1125	649972	5	8642	3	2	12	0	14	8678
TP1_synth_reverse		24	G	206	578	456	648331	0	47	354	649972	0	1	5	8670	0	0	2	8678
TP1_synth_reverse		25	G	207	403	3	649052	1	67	239	649972	0	0	0	8677	0	0	1	8678
TP1_synth_reverse		26	A	649174	16	10	146	426	96	104	649972	8675	0	0	0	3	0	0	8678
TP1_synth_reverse		27	G	139	408	54	648526	20	76	749	649972	2	3	1	8669	1	0	2	8678
TP1_synth_reverse		28	A	649516	131	130	67	0	37	91	649972	8676	0	2	0	0	0	0	8678
TP1_synth_reverse		29	T	730	74	556	46	0	13	648553	649972	0	0	12	0	0	0	8666	8678
TP1_synth_reverse		30	T	2535	109	31	12	0	55	647230	649972	0	1	1	0	0	0	8676	8678
TP1_synth_reverse		31	C	777	646277	2763	40	0	15	101	649973	0	8660	19	0	0	0	0	8679
TP1_synth_reverse		32	T	959	74	95	48	0	50	648745	649971	0	0	2	0	0	0	8677	8679
TP1_synth_reverse		33	C	770	647996	881	32	0	20	267	649966	0	8667	6	0	0	0	6	8679
TP1_synth_reverse		34	T	1210	109	2599	45	0	18	645985	649966	0	0	19	0	0	0	8660	8679
TP1_synth_reverse		35	T	2965	75	683	59	17	41	646111	649951	0	0	3	0	1	0	8675	8679
TP1_synth_reverse		36	C	595	646742	2423	26	0	60	104	649950	0	8667	12	0	0	0	0	8679
TP1_synth_reverse		37	C	668	648494	4	87	0	39	644	649936	0	8676	0	1	0	0	2	8679
TP1_synth_reverse		38	T	1403	67	665	37	0	104	647653	649929	0	0	2	0	0	0	8677	8679
TP1_synth_reverse		39	C	374	649338	50	36	1	21	107	649927	0	8677	2	0	0	0	0	8679
TP1_synth_reverse		40	T	1469	82	90	23	18	26	648215	649923	0	0	4	0	2	0	8673	8679
TP1_synth_reverse		41	G	145	1336	109	646616	1	16	1692	649915	0	0	4	8674	0	0	1	8679
TP1_synth_reverse		42	T	2389	79	170	45	270	128	646834	649915	0	0	1	0	2	0	8676	8679
TP1_synth_reverse		43	G	161	1375	390	646919	6	82	986	649919	3	0	1	8673	0	0	2	8679
TP1_synth_reverse		44	C	796	646910	827	41	0	102	1241	649917	1	8666	4	0	0	0	8	8679
TP1_synth_reverse		45	G	226	413	681	645749	78	66	2699	649912	2	2	5	8668	2	0	0	8679
TP1_synth_reverse		46	C	1479	647659	295	31	0	25	447	649936	0	8675	4	0	0	0	1	8680
TP1_synth_reverse		47	C	440	648874	0	29	217	6	367	649933	0	8676	0	0	2	0	2	8680
TP1_synth_reverse		48	G	213	1294	454	645135	410	6	2417	649929	1	2	5	8668	4	0	0	8680
TP1_synth_reverse		49	A	649345	44	393	57	0	49	100	649988	8679	0	2	0	0	0	0	8681
TP1_synth_reverse		50	T	2661	458	14	24	174	28	646623	649982	0	2	0	0	4	0	8675	8681
TP1_synth_reverse		51	A	648942	37	774	84	0	70	102	650009	8678	0	4	0	0	0	0	8682
TP1_synth_reverse		52	C	623	648477	409	34	276	42	142	650003	1	8677	2	0	2	0	0	8682
TP1_synth_reverse		53	A	649100	32	618	136	5	39	87	650017	8678	0	5	0	0	0	0	8683
TP1_synth_reverse		54	G	200	389	434	648271	165	20	524	650003	1	0	3	8677	1	0	1	8683
TP1_synth_reverse		55	A	648935	152	750	106	0	41	54	650038	8679	0	5	0	0	0	0	8684
TP1_synth_reverse		56	A	649750	15	0	103	0	59	108	650035	8684	0	0	0	0	0	0	8684
TP1_synth_reverse		57	T	3438	50	39	182	337	39	645933	650018	0	0	1	0	1	0	8682	8684
TP1_synth_reverse		58	A	649776	13	15	74	0	46	118	650042	8684	0	1	0	0	0	0	8685
TP1_synth_reverse		59	T	2146	53	31	88	0	18	647690	650026	0	0	0	0	0	0	8685	8685
TP1_synth_reverse		60	C	1620	648139	4	120	0	44	92	650019	1	8685	0	0	0	0	0	8686
TP1_synth_reverse		61	T	1709	75	228	251	1	11	647744	650019	0	0	1	0	0	0	8686	8687
TP1_synth_reverse		62	G	657	267	627	647245	432	102	676	650006	0	0	8	8677	1	0	1	8687
TP1_synth_reverse		63	T	4090	73	186	39	0	39	645588	650015	0	0	3	0	0	0	8685	8688
TP1_synth_reverse		64	T	2422	56	1	84	191	80	647170	650004	0	0	0	0	3	0	8685	8688
TP1_synth_reverse		65	C	693	648128	770	58	95	89	175	650008	0	8687	1	0	1	0	0	8689
TP1_synth_reverse		66	G	528	362	302	648042	0	46	715	649995	0	0	2	8687	0	0	0	8689
TP1_synth_reverse		67	C	952	648162	474	21	147	134	115	650005	0	8685	2	0	3	0	0	8690
TP1_synth_reverse		68	A	648244	404	997	141	0	138	88	650012	8683	0	8	0	0	0	0	8691
TP1_synth_reverse		69	C	209	649467	73	37	0	81	139	650006	0	8688	1	0	0	0	2	8691
TP1_synth_reverse		70	T	1366	101	3	213	3	39	648267	649992	0	0	0	0	0	0	8691	8691
TP1_synth_reverse		71	C	344	649019	461	34	2	10	118	649988	0	8678	13	0	0	0	0	8691
TP1_synth_reverse		72	C	1007	647729	0	60	926	53	204	649979	1	8690	0	0	0	0	0	8691
TP1_synth_reverse		73	G	427	321	119	648474	227	194	198	649960	0	0	0	8691	0	0	0	8691
TP1_synth_reverse		74	A	649107	111	530	89	0	100	20	649957	8689	0	2	0	0	0	0	8691
TP1_synth_reverse		75	G	196	270	398	648878	3	18	181	649944	1	0	4	8686	0	0	0	8691
TP1_synth_reverse		76	T	3372	84	129	81	359	31	645876	649932	0	0	2	0	1	0	8688	8691
TP1_synth_reverse		77	G	155	373	27	648470	3	36	854	649918	1	0	0	8690	0	0	0	8691
TP1_synth_reverse		78	C	514	648260	499	42	0	42	554	649911	0	8687	1	0	0	0	3	8691
TP1_synth_reverse		79	G	888	902	808	646613	0	173	521	649905	2	0	5	8683	0	0	1	8691
TP1_synth_reverse		80	G	1046	213	0	648056	151	162	260	649888	5	0	0	8685	1	0	0	8691
TP1_synth_reverse		81	C	240	647819	804	65	684	125	144	649881	0	8680	5	0	6	0	0	8691
TP1_synth_reverse		82	A	647772	39	1713	118	1	69	126	649838	8684	0	7	0	0	0	0	8691
TP1_synth_reverse		83	A	649403	78	2	89	0	203	59	649834	8691	0	0	0	0	0	0	8691
TP1_synth_reverse		84	A	649367	45	0	185	98	55	28	649778	8690	0	0	0	1	0	0	8691
TP1_synth_reverse		85	G	128	271	54	648949	1	95	170	649668	0	0	1	8690	0	0	0	8691
TP1_synth_reverse		86	C	366	648867	80	43	85	52	119	649612	0	8689	1	0	1	0	0	8691
TP1_synth_reverse		87	T	1488	90	21	92	0	74	647747	649512	0	0	2	0	0	0	8689	8691
TP1_synth_reverse		88	G	177	462	29	648463	87	95	157	649470	0	0	3	8686	1	0	1	8691
TP1_synth_reverse		89	T	1070	73	111	36	0	236	647881	649407	0	0	2	0	0	0	8689	8691
TP1_synth_reverse		90	T	1095	88	1	40	1	142	647770	649137	0	1	0	0	0	0	8690	8691
TP1_synth_reverse		91	C	580	647048	0	454	3	27	805	648917	0	8690	0	0	0	0	0	8690
TP1_synth_reverse		92	C	362	647141	0	388	0	44	244	648179	0	8687	0	0	0	0	1	8688
TP1_synth_reverse		93	G	410	200	0	645825	0	73	90	646598	0	0	0	8687	0	0	0	8687
TP1_synth_reverse		94	T	859	77	0	125	0	176	645210	646447	0	0	0	0	0	0	8687	8687
TP1_synth_reverse		95	C	0	645954	0	0	0	112	0	646066	0	8687	0	0	0	0	0	8687
TP1_synth_reverse		96	C	0	645438	0	0	0	55	0	645493	0	8687	0	0	0	0	0	8687
TP1_synth_reverse		97	C	0	643494	0	0	0	142	0	643636	0	8684	0	0	0	0	0	8684
TP1_synth_reverse		98	A	641353	0	0	0	0	0	0	641353	8680	0	0	0	0	0	0	8680
TP1_synth_reverse		99	G	0	0	0	640259	0	0	0	640259	0	0	0	8680	0	0	0	8680
