



























































































































































































































#AmpliconChromStart	Alias	Position	ProbableRef	rawA	rawC	rawD	rawG	rawI	rawN	rawT	rawDepth	consA	consC	consD	consG	consI	consN	consT	consDepth	
TP1_synth_reverse		1	G	0	0	0	643213	0	0	0	643213	0	0	0	14417	0	0	0	14417
TP1_synth_reverse		2	T	0	0	0	0	0	0	645218	645218	0	0	0	0	0	0	14465	14465
TP1_synth_reverse		3	G	0	0	0	647472	0	137	0	647609	0	0	0	14540	0	2	0	14542
TP1_synth_reverse		4	G	0	0	0	648586	0	62	0	648648	0	0	0	14575	0	0	0	14575
TP1_synth_reverse		5	T	0	0	0	0	0	159	648847	649006	0	0	0	0	0	3	14591	14594
TP1_synth_reverse		6	G	139	77	0	649216	0	32	124	649588	0	0	0	14627	0	0	0	14627
TP1_synth_reverse		7	A	649442	24	0	98	0	21	74	649659	14628	0	0	0	0	0	0	14628
TP1_synth_reverse		8	G	96	69	0	649417	0	95	103	649780	0	0	0	14637	0	1	1	14639
TP1_synth_reverse		9	G	107	108	0	649229	1	26	335	649806	0	0	0	14638	0	1	1	14640
TP1_synth_reverse		10	C	261	649404	1	28	1	20	118	649833	0	14641	0	0	0	0	0	14641
TP1_synth_reverse		11	T	265	121	20	22	46	50	649309	649833	0	0	0	0	4	0	14637	14641
TP1_synth_reverse		12	C	279	648435	900	29	0	68	132	649843	0	14627	14	0	0	1	0	14642
TP1_synth_reverse		13	C	349	649283	1	22	0	91	117	649863	0	14642	0	0	0	0	1	14643
TP1_synth_reverse		14	C	290	649375	0	34	0	51	124	649874	0	14643	0	0	0	0	1	14644
TP1_synth_reverse		15	C	223	648561	0	106	1	47	945	649883	0	14635	0	1	0	0	8	14644
TP1_synth_reverse		16	T	522	65	1067	35	0	26	648178	649893	3	0	20	0	0	1	14620	14644
TP1_synth_reverse		17	T	628	83	0	23	1	155	649014	649904	0	0	0	0	0	2	14643	14645
TP1_synth_reverse		18	T	442	77	0	21	1	97	649266	649904	0	0	0	0	0	1	14644	14645
TP1_synth_reverse		19	C	423	647979	1338	37	0	96	92	649965	0	14629	16	0	0	1	0	14646
TP1_synth_reverse		20	T	549	62	810	69	0	54	648421	649965	0	0	15	0	0	1	14630	14646
TP1_synth_reverse		21	T	1841	115	1	77	0	184	647747	649965	5	0	0	0	0	1	14640	14646
TP1_synth_reverse		22	G	136	650	216	647851	1	113	998	649965	0	1	9	14626	0	1	9	14646
TP1_synth_reverse		23	C	1036	646775	82	174	716	75	1125	649983	10	14589	4	2	15	4	23	14647
TP1_synth_reverse		24	G	206	578	456	648341	0	47	355	649983	0	2	12	14628	0	1	4	14647
TP1_synth_reverse		25	G	207	403	3	649062	1	67	240	649983	0	0	0	14646	0	0	1	14647
TP1_synth_reverse		26	A	649196	17	10	146	426	96	104	649995	14641	0	1	0	5	1	0	14648
TP1_synth_reverse		27	G	139	408	54	648549	20	76	749	649995	2	7	2	14633	1	1	2	14648
TP1_synth_reverse		28	A	649539	131	130	67	0	37	91	649995	14643	0	3	0	0	2	0	14648
TP1_synth_reverse		29	T	730	74	556	46	0	13	648576	649995	0	0	16	0	0	0	14632	14648
TP1_synth_reverse		30	T	2535	109	31	12	0	55	647259	650001	7	1	3	0	0	2	14636	14649
TP1_synth_reverse		31	C	778	646305	2763	40	0	15	101	650002	0	14616	33	0	0	0	1	14650
TP1_synth_reverse		32	T	960	74	95	48	0	50	648770	649997	0	0	4	0	0	1	14645	14650
TP1_synth_reverse		33	C	770	648022	881	32	0	20	267	649992	0	14623	17	0	0	0	10	14650
TP1_synth_reverse		34	T	1212	109	2599	46	0	18	646008	649992	1	1	43	0	0	1	14604	14650
TP1_synth_reverse		35	T	2966	75	683	59	17	41	646136	649977	3	0	9	0	1	0	14636	14649
TP1_synth_reverse		36	C	598	646765	2423	26	0	60	104	649976	0	14627	22	0	0	0	0	14649
TP1_synth_reverse		37	C	669	648519	4	87	0	39	644	649962	0	14644	0	2	0	0	3	14649
TP1_synth_reverse		38	T	1404	67	665	37	0	104	647678	649955	1	0	4	0	0	0	14644	14649
TP1_synth_reverse		39	C	375	649363	50	36	1	21	107	649953	0	14643	6	0	0	0	0	14649
TP1_synth_reverse		40	T	1472	82	90	23	18	26	648238	649949	0	0	5	0	4	1	14639	14649
TP1_synth_reverse		41	G	145	1336	109	646638	1	16	1696	649941	0	1	8	14634	0	1	5	14649
TP1_synth_reverse		42	T	2396	79	170	45	270	128	646853	649941	5	0	1	0	3	2	14638	14649
TP1_synth_reverse		43	G	160	1377	390	646943	6	82	987	649945	6	2	1	14635	0	0	5	14649
TP1_synth_reverse		44	C	798	646934	827	41	0	102	1241	649943	1	14630	6	0	0	0	12	14649
TP1_synth_reverse		45	G	226	414	681	645769	78	66	2704	649938	4	4	6	14628	3	2	2	14649
TP1_synth_reverse		46	C	1480	647684	295	31	0	25	447	649962	2	14640	4	0	0	0	4	14650
TP1_synth_reverse		47	C	440	648900	0	29	217	6	367	649959	0	14642	0	0	4	1	3	14650
TP1_synth_reverse		48	G	213	1294	454	645152	410	6	2421	649950	1	9	10	14619	9	0	2	14650
TP1_synth_reverse		49	A	649366	44	393	57	0	49	100	650009	14646	0	5	0	0	0	0	14651
TP1_synth_reverse		50	T	2662	458	14	24	174	28	646643	650003	3	3	0	0	6	1	14638	14651
TP1_synth_reverse		51	A	648963	37	774	84	0	70	102	650030	14642	0	9	0	0	1	0	14652
TP1_synth_reverse		52	C	626	648495	409	34	276	42	142	650024	1	14643	5	0	2	0	1	14652
TP1_synth_reverse		53	A	649121	32	618	136	5	39	87	650038	14643	0	9	0	1	0	0	14653
TP1_synth_reverse		54	G	204	390	434	648286	165	20	525	650024	2	0	3	14643	1	0	4	14653
TP1_synth_reverse		55	A	648956	152	750	106	0	41	54	650059	14644	0	9	0	0	1	0	14654
TP1_synth_reverse		56	A	649771	15	0	103	0	59	108	650056	14654	0	0	0	0	0	0	14654
TP1_synth_reverse		57	T	3442	50	39	182	337	39	645950	650039	3	0	1	0	2	0	14648	14654
TP1_synth_reverse		58	A	649797	13	15	74	0	46	118	650063	14653	0	1	0	0	1	0	14655
TP1_synth_reverse		59	T	2146	53	31	88	0	18	647711	650047	0	0	2	1	0	2	14650	14655
TP1_synth_reverse		60	C	1622	648158	4	120	0	44	92	650040	3	14653	0	0	0	0	0	14656
TP1_synth_reverse		61	T	1711	75	228	251	1	11	647763	650040	1	0	2	0	0	0	14654	14657
TP1_synth_reverse		62	G	661	267	627	647261	432	102	676	650026	0	0	14	14637	5	0	1	14657
TP1_synth_reverse		63	T	4090	73	186	39	0	39	645608	650035	6	0	6	0	0	0	14646	14658
TP1_synth_reverse		64	T	2425	56	1	84	191	80	647187	650024	1	0	0	0	4	0	14653	14658
TP1_synth_reverse		65	C	692	648149	770	58	95	89	175	650028	0	14652	4	0	1	1	1	14659
TP1_synth_reverse		66	G	528	362	302	648059	0	46	718	650015	0	0	4	14655	0	0	0	14659
TP1_synth_reverse		67	C	955	648166	474	22	147	134	115	650013	1	14648	5	0	4	1	0	14659
TP1_synth_reverse		68	A	648252	404	997	141	0	138	88	650020	14644	0	14	0	0	2	0	14660
TP1_synth_reverse		69	C	209	649475	73	37	0	81	139	650014	0	14649	6	0	0	1	4	14660
TP1_synth_reverse		70	T	1366	101	3	213	3	39	648276	650001	1	0	0	0	0	0	14659	14660
TP1_synth_reverse		71	C	343	649029	461	34	2	10	118	649997	0	14642	18	0	0	0	0	14660
TP1_synth_reverse		72	C	1008	647737	0	60	926	53	204	649988	3	14653	0	0	4	0	0	14660
TP1_synth_reverse		73	G	427	321	119	648484	227	194	197	649969	0	0	1	14656	0	1	2	14660
TP1_synth_reverse		74	A	649116	111	530	89	0	100	20	649966	14654	0	5	0	0	1	0	14660
TP1_synth_reverse		75	G	196	270	398	648887	3	18	181	649953	3	0	5	14651	0	1	0	14660
TP1_synth_reverse		76	T	3373	84	129	81	359	31	645884	649941	4	0	6	0	3	0	14647	14660
TP1_synth_reverse		77	G	156	373	27	648474	3	36	858	649927	1	0	0	14659	0	0	0	14660
TP1_synth_reverse		78	C	514	648269	499	42	0	42	554	649920	0	14649	3	0	0	1	7	14660
TP1_synth_reverse		79	G	887	902	808	646619	0	173	525	649914	3	2	8	14646	0	0	1	14660
TP1_synth_reverse		80	G	1048	212	0	648064	151	162	260	649897	7	0	0	14649	3	1	0	14660
TP1_synth_reverse		81	C	240	647828	804	65	684	125	144	649890	0	14642	9	0	9	0	0	14660
TP1_synth_reverse		82	A	647781	39	1713	118	1	69	126	649847	14649	0	11	0	0	0	0	14660
TP1_synth_reverse		83	A	649412	78	2	89	0	203	59	649843	14659	0	0	0	0	1	0	14660
TP1_synth_reverse		84	A	649375	45	0	185	98	55	29	649787	14655	0	0	0	4	0	1	14660
TP1_synth_reverse		85	G	128	271	54	648957	1	95	171	649677	0	1	2	14656	0	0	1	14660
TP1_synth_reverse		86	C	366	648876	80	43	85	52	119	649621	0	14655	3	0	1	0	1	14660
TP1_synth_reverse		87	T	1489	90	21	92	0	74	647755	649521	2	0	2	0	0	0	14656	14660
TP1_synth_reverse		88	G	177	462	29	648472	87	95	157	649479	1	0	3	14650	2	0	4	14660
TP1_synth_reverse		89	T	1071	73	111	36	0	236	647889	649416	1	0	5	0	0	1	14653	14660
TP1_synth_reverse		90	T	1095	88	1	40	1	142	647779	649146	3	1	0	0	0	0	14655	14659
TP1_synth_reverse		91	C	580	647057	0	454	3	27	805	648926	1	14653	0	0	0	0	3	14657
TP1_synth_reverse		92	C	362	647150	0	388	0	44	244	648188	0	14647	0	0	0	0	2	14649
TP1_synth_reverse		93	G	410	200	0	645834	0	73	90	646607	0	1	0	14642	0	1	0	14644
TP1_synth_reverse		94	T	859	77	0	125	0	176	645219	646456	1	0	0	0	0	1	14642	14644
TP1_synth_reverse		95	C	0	645963	0	0	0	112	0	646075	0	14641	0	0	0	2	0	14643
TP1_synth_reverse		96	C	0	645446	0	0	0	55	0	645501	0	14641	0	0	0	0	0	14641
TP1_synth_reverse		97	C	0	643502	0	0	0	142	0	643644	0	14632	0	0	0	1	0	14633
TP1_synth_reverse		98	A	641361	0	0	0	0	0	0	641361	14620	0	0	0	0	0	0	14620
TP1_synth_reverse		99	G	0	0	0	640266	0	0	0	640266	0	0	0	14615	0	0	0	14615
