



























































































































































































































#AmpliconChromStart	Alias	Position	ProbableRef	rawA	rawC	rawD	rawG	rawI	rawN	rawT	rawDepth	consA	consC	consD	consG	consI	consN	consT	consDepth
TP1_synth_reverse		1	G	0	0	0	643213	0	0	0	643213	0	0	0	5149	0	0	0	5149
TP1_synth_reverse		2	T	0	0	0	0	0	0	645218	645218	0	0	0	0	0	0	5159	5159
TP1_synth_reverse		3	G	0	0	0	647472	0	137	0	647609	0	0	0	5170	0	0	0	5170
TP1_synth_reverse		4	G	0	0	0	648586	0	62	0	648648	0	0	0	5176	0	0	0	5176
TP1_synth_reverse		5	T	0	0	0	0	0	159	648847	649006	0	0	0	0	0	0	5177	5177
TP1_synth_reverse		6	G	139	77	0	649216	0	32	124	649588	0	0	0	5179	0	0	0	5179
TP1_synth_reverse		7	A	649442	24	0	98	0	21	74	649659	5179	0	0	0	0	0	0	5179
TP1_synth_reverse		8	G	96	69	0	649417	0	95	103	649780	0	0	0	5184	0	0	0	5184
TP1_synth_reverse		9	G	107	108	0	649203	1	26	335	649780	0	0	0	5184	0	0	0	5184
TP1_synth_reverse		10	C	261	649378	1	28	1	20	118	649807	0	5184	0	0	0	0	0	5184
TP1_synth_reverse		11	T	265	121	20	22	46	50	649304	649828	0	0	0	0	1	0	5183	5184
TP1_synth_reverse		12	C	279	648430	900	29	0	68	132	649838	0	5178	6	0	0	0	0	5184
TP1_synth_reverse		13	C	349	649278	1	22	0	91	117	649858	0	5184	0	0	0	0	0	5184
TP1_synth_reverse		14	C	289	649371	0	34	0	51	124	649869	0	5184	0	0	0	0	0	5184
TP1_synth_reverse		15	C	223	648547	0	106	1	47	945	649869	0	5179	0	1	0	0	4	5184
TP1_synth_reverse		16	T	519	65	1067	35	0	26	648167	649879	0	0	7	0	0	0	5177	5184
TP1_synth_reverse		17	T	624	83	0	23	1	155	649004	649890	0	0	0	0	0	0	5184	5184
TP1_synth_reverse		18	T	445	77	0	21	1	97	649249	649890	0	0	0	0	0	0	5184	5184
TP1_synth_reverse		19	C	424	647964	1338	37	0	96	92	649951	0	5179	6	0	0	0	0	5185
TP1_synth_reverse		20	T	547	62	810	69	0	54	648409	649951	0	0	5	0	0	0	5180	5185
TP1_synth_reverse		21	T	1837	115	1	77	0	184	647737	649951	0	0	0	0	0	0	5185	5185
TP1_synth_reverse		22	G	136	652	215	647836	1	113	998	649951	0	1	1	5179	0	0	4	5185
TP1_synth_reverse		23	C	1036	646761	82	174	716	75	1125	649969	3	5161	3	1	9	0	9	5186
TP1_synth_reverse		24	G	206	582	456	648324	0	47	354	649969	0	1	2	5183	0	0	0	5186
TP1_synth_reverse		25	G	207	400	3	649053	1	67	238	649969	0	0	0	5186	0	0	0	5186
TP1_synth_reverse		26	A	649182	17	10	146	426	96	104	649981	5184	0	0	0	2	0	0	5186
TP1_synth_reverse		27	G	139	408	54	648537	20	76	747	649981	0	1	1	5183	0	0	1	5186
TP1_synth_reverse		28	A	649526	130	130	67	0	37	91	649981	5185	0	1	0	0	0	0	5186
TP1_synth_reverse		29	T	731	74	556	47	0	13	648560	649981	0	0	8	0	0	0	5178	5186
TP1_synth_reverse		30	T	2536	109	31	12	0	55	647244	649987	0	0	1	0	0	0	5185	5186
TP1_synth_reverse		31	C	778	646292	2763	40	0	15	100	649988	0	5174	12	0	0	0	0	5186
TP1_synth_reverse		32	T	959	74	95	48	0	50	648760	649986	0	0	2	0	0	0	5184	5186
TP1_synth_reverse		33	C	769	648012	881	32	0	20	267	649981	0	5177	5	0	0	0	4	5186
TP1_synth_reverse		34	T	1213	110	2599	46	0	18	645995	649981	0	0	12	0	0	0	5174	5186
TP1_synth_reverse		35	T	2966	75	683	60	17	41	646124	649966	0	0	3	0	0	0	5183	5186
TP1_synth_reverse		36	C	596	646756	2423	26	0	60	104	649965	0	5176	10	0	0	0	0	5186
TP1_synth_reverse		37	C	668	648509	4	87	0	39	644	649951	0	5185	0	0	0	0	1	5186
TP1_synth_reverse		38	T	1405	67	665	37	0	104	647666	649944	0	0	2	0	0	0	5184	5186
TP1_synth_reverse		39	C	373	649354	50	36	1	21	107	649942	0	5186	0	0	0	0	0	5186
TP1_synth_reverse		40	T	1467	82	90	23	18	26	648232	649938	0	0	2	0	0	0	5184	5186
TP1_synth_reverse		41	G	145	1338	109	646627	1	16	1694	649930	0	0	1	5185	0	0	0	5186
TP1_synth_reverse		42	T	2398	79	170	45	270	128	646840	649930	0	0	1	0	1	0	5184	5186
TP1_synth_reverse		43	G	160	1376	390	646935	6	82	985	649934	0	0	1	5184	0	0	1	5186
TP1_synth_reverse		44	C	795	646926	827	41	0	102	1241	649932	0	5178	4	0	0	0	4	5186
TP1_synth_reverse		45	G	226	414	681	645762	78	66	2700	649927	1	2	4	5177	2	0	0	5186
TP1_synth_reverse		46	C	1480	647673	295	31	0	25	447	649951	0	5183	2	0	0	0	1	5186
TP1_synth_reverse		47	C	438	648891	0	29	217	6	367	649948	0	5183	0	0	2	0	1	5186
TP1_synth_reverse		48	G	213	1294	454	645145	410	6	2422	649944	0	1	1	5181	3	0	0	5186
TP1_synth_reverse		49	A	649361	44	392	57	0	49	100	650003	5186	0	1	0	0	0	0	5187
TP1_synth_reverse		50	T	2660	458	14	24	174	28	646639	649997	0	1	0	0	2	0	5184	5187
TP1_synth_reverse		51	A	648957	37	774	84	0	70	102	650024	5183	0	4	0	0	0	0	5187
TP1_synth_reverse		52	C	624	648491	409	34	276	42	142	650018	1	5183	2	0	1	0	0	5187
TP1_synth_reverse		53	A	649115	32	618	136	5	39	87	650032	5184	0	3	0	0	0	0	5187
TP1_synth_reverse		54	G	203	390	434	648280	165	20	525	650017	0	0	1	5184	1	0	1	5187
TP1_synth_reverse		55	A	648949	152	750	106	0	41	54	650052	5185	0	3	0	0	0	0	5188
TP1_synth_reverse		56	A	649764	15	0	103	0	59	108	650049	5188	0	0	0	0	0	0	5188
TP1_synth_reverse		57	T	3444	50	39	182	337	39	645941	650032	0	0	1	0	1	0	5186	5188
TP1_synth_reverse		58	A	649790	13	15	74	0	46	118	650056	5189	0	0	0	0	0	0	5189
TP1_synth_reverse		59	T	2147	53	31	88	0	18	647703	650040	0	0	0	0	0	0	5189	5189
TP1_synth_reverse		60	C	1621	648140	4	120	0	44	93	650022	0	5189	0	0	0	0	0	5189
TP1_synth_reverse		61	T	1710	75	228	252	1	11	647744	650021	0	0	1	0	0	0	5189	5190
TP1_synth_reverse		62	G	661	268	627	647241	432	102	676	650007	0	0	4	5184	1	0	1	5190
TP1_synth_reverse		63	T	4090	73	186	39	0	39	645589	650016	0	0	2	0	0	0	5189	5191
TP1_synth_reverse		64	T	2429	56	1	84	191	80	647164	650005	0	0	0	0	2	0	5189	5191
TP1_synth_reverse		65	C	694	648129	769	58	95	89	175	650009	0	5189	1	0	1	0	0	5191
TP1_synth_reverse		66	G	527	361	301	648042	0	46	719	649996	0	0	1	5190	0	0	0	5191
TP1_synth_reverse		67	C	955	648147	474	22	147	134	115	649994	0	5190	0	0	1	0	0	5191
TP1_synth_reverse		68	A	648235	403	997	140	0	138	88	650001	5184	0	7	0	0	0	0	5191
TP1_synth_reverse		69	C	209	649456	73	37	0	81	139	649995	0	5190	0	0	0	0	1	5191
TP1_synth_reverse		70	T	1365	101	3	213	3	39	648257	649981	0	0	0	0	0	0	5191	5191
TP1_synth_reverse		71	C	344	649008	461	34	2	10	118	649977	0	5184	7	0	0	0	0	5191
TP1_synth_reverse		72	C	1008	647717	0	60	926	53	204	649968	1	5190	0	0	0	0	0	5191
TP1_synth_reverse		73	G	428	321	119	648463	227	194	197	649949	0	0	0	5191	0	0	0	5191
TP1_synth_reverse		74	A	649096	111	530	89	0	100	20	649946	5189	0	2	0	0	0	0	5191
TP1_synth_reverse		75	G	196	267	398	648871	3	18	180	649933	0	0	1	5190	0	0	0	5191
TP1_synth_reverse		76	T	3373	84	129	81	358	31	645866	649922	0	0	1	0	0	0	5190	5191
TP1_synth_reverse		77	G	156	373	27	648454	3	36	858	649907	1	0	0	5190	0	0	0	5191
TP1_synth_reverse		78	C	519	648244	499	42	0	42	554	649900	0	5189	1	0	0	0	1	5191
TP1_synth_reverse		79	G	888	902	808	646598	0	173	525	649894	1	0	3	5187	0	0	0	5191
TP1_synth_reverse		80	G	1045	213	0	648046	151	162	260	649877	1	0	0	5190	0	0	0	5191
TP1_synth_reverse		81	C	238	647810	804	65	684	125	144	649870	0	5186	3	0	2	0	0	5191
TP1_synth_reverse		82	A	647761	39	1713	118	1	69	126	649827	5188	0	3	0	0	0	0	5191
TP1_synth_reverse		83	A	649393	78	2	88	0	203	59	649823	5191	0	0	0	0	0	0	5191
TP1_synth_reverse		84	A	649355	45	0	185	98	55	29	649767	5191	0	0	0	0	0	0	5191
TP1_synth_reverse		85	G	128	271	54	648938	1	95	171	649658	0	0	0	5191	0	0	0	5191
TP1_synth_reverse		86	C	364	648860	80	42	85	52	119	649602	0	5189	1	0	1	0	0	5191
TP1_synth_reverse		87	T	1487	90	21	91	0	74	647740	649503	0	0	0	0	0	0	5191	5191
TP1_synth_reverse		88	G	177	462	29	648455	87	95	156	649461	0	0	0	5190	1	0	0	5191
TP1_synth_reverse		89	T	1070	73	111	36	0	236	647873	649399	0	0	0	0	0	0	5191	5191
TP1_synth_reverse		90	T	1096	88	1	41	1	142	647761	649130	0	0	0	0	0	0	5191	5191
TP1_synth_reverse		91	C	579	647041	0	454	3	27	805	648909	0	5191	0	0	0	0	0	5191
TP1_synth_reverse		92	C	362	647133	0	388	0	44	244	648171	0	5191	0	0	0	0	0	5191
TP1_synth_reverse		93	G	410	200	0	645818	0	73	89	646590	0	0	0	5191	0	0	0	5191
TP1_synth_reverse		94	T	859	77	0	123	0	176	645204	646439	0	0	0	0	0	0	5191	5191
TP1_synth_reverse		95	C	0	645946	0	0	0	112	0	646058	0	5191	0	0	0	0	0	5191
TP1_synth_reverse		96	C	0	645429	0	0	0	55	0	645484	0	5191	0	0	0	0	0	5191
TP1_synth_reverse		97	C	0	643484	0	0	0	142	0	643626	0	5191	0	0	0	0	0	5191
TP1_synth_reverse		98	A	641344	0	0	0	0	0	0	641344	5191	0	0	0	0	0	0	5191
TP1_synth_reverse		99	G	0	0	0	640249	0	0	0	640249	0	0	0	5191	0	0	0	5191
