



























































































































































































































#AmpliconChromStart	Alias	Position	ProbableRef	rawA	rawC	rawD	rawG	rawI	rawN	rawT	rawDepth	consA	consC	consD	consG	consI	consN	consT	consDepth	
TP1_synth_reverse		1	G	0	0	0	643213	0	0	0	643213	0	0	0	3593	0	0	0	3593
TP1_synth_reverse		2	T	0	0	0	0	0	0	645218	645218	0	0	0	0	0	0	3600	3600
TP1_synth_reverse		3	G	0	0	0	647472	0	137	0	647609	0	0	0	3610	0	0	0	3610
TP1_synth_reverse		4	G	0	0	0	648586	0	62	0	648648	0	0	0	3615	0	0	0	3615
TP1_synth_reverse		5	T	0	0	0	0	0	159	648847	649006	0	0	0	0	0	0	3616	3616
TP1_synth_reverse		6	G	139	77	0	649216	0	32	124	649588	0	0	0	3618	0	0	0	3618
TP1_synth_reverse		7	A	649442	24	0	98	0	21	74	649659	3618	0	0	0	0	0	0	3618
TP1_synth_reverse		8	G	96	69	0	649417	0	95	103	649780	0	0	0	3618	0	0	0	3618
TP1_synth_reverse		9	G	107	108	0	649203	1	26	335	649780	0	0	0	3618	0	0	0	3618
TP1_synth_reverse		10	C	261	649378	1	28	1	20	118	649807	0	3618	0	0	0	0	0	3618
TP1_synth_reverse		11	T	265	121	20	22	46	50	649304	649828	0	0	0	0	0	0	3618	3618
TP1_synth_reverse		12	C	279	648430	900	29	0	68	132	649838	0	3612	6	0	0	0	0	3618
TP1_synth_reverse		13	C	349	649278	1	22	0	91	117	649858	0	3618	0	0	0	0	0	3618
TP1_synth_reverse		14	C	289	649360	0	34	0	51	124	649858	0	3618	0	0	0	0	0	3618
TP1_synth_reverse		15	C	223	648536	0	106	1	47	945	649858	0	3615	0	1	0	0	2	3618
TP1_synth_reverse		16	T	519	65	1067	35	0	26	648156	649868	0	0	5	0	0	0	3613	3618
TP1_synth_reverse		17	T	624	83	0	23	1	155	648993	649879	0	0	0	0	0	0	3618	3618
TP1_synth_reverse		18	T	445	77	0	21	1	97	649238	649879	0	0	0	0	0	0	3618	3618
TP1_synth_reverse		19	C	424	647953	1338	37	0	96	92	649940	0	3614	5	0	0	0	0	3619
TP1_synth_reverse		20	T	545	62	810	69	0	54	648400	649940	0	0	5	0	0	0	3614	3619
TP1_synth_reverse		21	T	1837	115	1	77	0	184	647726	649940	0	0	0	0	0	0	3619	3619
TP1_synth_reverse		22	G	136	652	215	647825	1	113	998	649940	0	1	1	3614	0	0	3	3619
TP1_synth_reverse		23	C	1036	646750	82	174	716	75	1125	649958	3	3599	1	1	8	0	7	3619
TP1_synth_reverse		24	G	206	582	456	648314	0	47	353	649958	0	1	2	3616	0	0	0	3619
TP1_synth_reverse		25	G	207	400	3	649043	1	67	237	649958	0	0	0	3619	0	0	0	3619
TP1_synth_reverse		26	A	649172	16	10	146	426	96	104	649970	3617	0	0	0	2	0	0	3619
TP1_synth_reverse		27	G	139	408	54	648526	20	76	747	649970	0	1	1	3616	0	0	1	3619
TP1_synth_reverse		28	A	649515	130	130	67	0	37	91	649970	3618	0	1	0	0	0	0	3619
TP1_synth_reverse		29	T	731	74	556	47	0	13	648549	649970	0	0	7	0	0	0	3612	3619
TP1_synth_reverse		30	T	2536	109	31	12	0	55	647233	649976	0	0	1	0	0	0	3618	3619
TP1_synth_reverse		31	C	778	646281	2763	40	0	15	100	649977	0	3609	10	0	0	0	0	3619
TP1_synth_reverse		32	T	958	74	95	48	0	50	648750	649975	0	0	2	0	0	0	3617	3619
TP1_synth_reverse		33	C	769	648001	881	32	0	20	267	649970	0	3613	5	0	0	0	1	3619
TP1_synth_reverse		34	T	1212	110	2599	45	0	18	645986	649970	0	0	11	0	0	0	3608	3619
TP1_synth_reverse		35	T	2966	75	683	60	17	41	646113	649955	0	0	3	0	0	0	3616	3619
TP1_synth_reverse		36	C	595	646746	2423	26	0	60	104	649954	0	3610	9	0	0	0	0	3619
TP1_synth_reverse		37	C	668	648498	4	87	0	39	644	649940	0	3618	0	0	0	0	1	3619
TP1_synth_reverse		38	T	1403	67	665	37	0	104	647657	649933	0	0	2	0	0	0	3617	3619
TP1_synth_reverse		39	C	373	649343	50	36	1	21	107	649931	0	3619	0	0	0	0	0	3619
TP1_synth_reverse		40	T	1466	82	90	23	18	26	648222	649927	0	0	2	0	0	0	3617	3619
TP1_synth_reverse		41	G	145	1338	109	646617	1	16	1693	649919	0	0	0	3619	0	0	0	3619
TP1_synth_reverse		42	T	2397	79	170	45	270	128	646827	649916	0	0	1	0	1	0	3617	3619
TP1_synth_reverse		43	G	160	1375	390	646923	6	82	984	649920	0	0	1	3617	0	0	1	3619
TP1_synth_reverse		44	C	793	646914	827	41	0	102	1241	649918	0	3612	3	0	0	0	4	3619
TP1_synth_reverse		45	G	226	413	681	645750	78	66	2699	649913	0	1	3	3614	1	0	0	3619
TP1_synth_reverse		46	C	1479	647660	295	31	0	25	447	649937	0	3616	2	0	0	0	1	3619
TP1_synth_reverse		47	C	438	648877	0	29	217	6	367	649934	0	3617	0	0	1	0	1	3619
TP1_synth_reverse		48	G	213	1294	454	645132	410	6	2421	649930	0	1	1	3614	3	0	0	3619
TP1_synth_reverse		49	A	649347	44	392	57	0	49	100	649989	3618	0	1	0	0	0	0	3619
TP1_synth_reverse		50	T	2659	458	14	24	174	28	646626	649983	0	1	0	0	2	0	3616	3619
TP1_synth_reverse		51	A	648943	37	774	84	0	70	102	650010	3617	0	2	0	0	0	0	3619
TP1_synth_reverse		52	C	623	648478	409	34	276	42	142	650004	0	3616	2	0	1	0	0	3619
TP1_synth_reverse		53	A	649101	32	618	136	5	39	87	650018	3617	0	2	0	0	0	0	3619
TP1_synth_reverse		54	G	203	389	434	648268	165	20	524	650003	0	0	1	3616	1	0	1	3619
TP1_synth_reverse		55	A	648935	152	750	106	0	41	54	650038	3617	0	3	0	0	0	0	3620
TP1_synth_reverse		56	A	649750	15	0	103	0	59	108	650035	3620	0	0	0	0	0	0	3620
TP1_synth_reverse		57	T	3443	50	39	182	337	39	645928	650018	0	0	0	0	1	0	3619	3620
TP1_synth_reverse		58	A	649776	13	15	74	0	46	118	650042	3621	0	0	0	0	0	0	3621
TP1_synth_reverse		59	T	2146	53	31	88	0	18	647690	650026	0	0	0	0	0	0	3621	3621
TP1_synth_reverse		60	C	1621	648137	4	120	0	44	93	650019	0	3621	0	0	0	0	0	3621
TP1_synth_reverse		61	T	1709	75	228	252	1	11	647742	650018	0	0	1	0	0	0	3620	3621
TP1_synth_reverse		62	G	661	267	627	647241	432	102	675	650005	0	0	4	3616	1	0	0	3621
TP1_synth_reverse		63	T	4088	73	186	39	0	39	645589	650014	0	0	2	0	0	0	3619	3621
TP1_synth_reverse		64	T	2426	56	1	84	191	80	647165	650003	0	0	0	0	2	0	3619	3621
TP1_synth_reverse		65	C	694	648127	769	58	95	89	175	650007	0	3619	1	0	1	0	0	3621
TP1_synth_reverse		66	G	528	362	301	648040	0	46	717	649994	0	0	0	3621	0	0	0	3621
TP1_synth_reverse		67	C	953	648159	474	22	147	134	115	650004	0	3620	0	0	1	0	0	3621
TP1_synth_reverse		68	A	648244	403	997	141	0	138	88	650011	3614	0	7	0	0	0	0	3621
TP1_synth_reverse		69	C	209	649466	73	37	0	81	139	650005	0	3620	0	0	0	0	1	3621
TP1_synth_reverse		70	T	1365	101	3	213	3	39	648267	649991	0	0	0	0	0	0	3621	3621
TP1_synth_reverse		71	C	343	649019	461	34	2	10	118	649987	0	3616	5	0	0	0	0	3621
TP1_synth_reverse		72	C	1007	647728	0	60	926	53	204	649978	1	3620	0	0	0	0	0	3621
TP1_synth_reverse		73	G	428	321	119	648473	227	194	197	649959	0	0	0	3621	0	0	0	3621
TP1_synth_reverse		74	A	649106	111	530	89	0	100	20	649956	3619	0	2	0	0	0	0	3621
TP1_synth_reverse		75	G	196	267	398	648881	3	18	180	649943	0	0	1	3620	0	0	0	3621
TP1_synth_reverse		76	T	3370	84	129	81	358	31	645879	649932	0	0	1	0	0	0	3620	3621
TP1_synth_reverse		77	G	156	372	27	648469	3	36	854	649917	1	0	0	3620	0	0	0	3621
TP1_synth_reverse		78	C	517	648256	499	42	0	42	554	649910	0	3619	1	0	0	0	1	3621
TP1_synth_reverse		79	G	888	902	808	646609	0	173	524	649904	1	0	3	3617	0	0	0	3621
TP1_synth_reverse		80	G	1042	212	0	648060	151	162	260	649887	1	0	0	3620	0	0	0	3621
TP1_synth_reverse		81	C	238	647820	804	65	684	125	144	649880	0	3617	2	0	2	0	0	3621
TP1_synth_reverse		82	A	647771	39	1713	118	1	69	126	649837	3619	0	2	0	0	0	0	3621
TP1_synth_reverse		83	A	649403	78	2	88	0	203	59	649833	3621	0	0	0	0	0	0	3621
TP1_synth_reverse		84	A	649365	45	0	185	98	55	29	649777	3621	0	0	0	0	0	0	3621
TP1_synth_reverse		85	G	128	271	54	648949	1	95	170	649668	0	0	0	3621	0	0	0	3621
TP1_synth_reverse		86	C	365	648869	80	42	85	52	119	649612	0	3620	1	0	0	0	0	3621
TP1_synth_reverse		87	T	1489	90	21	91	0	74	647748	649513	0	0	0	0	0	0	3621	3621
TP1_synth_reverse		88	G	177	462	29	648465	87	95	156	649471	0	0	0	3620	1	0	0	3621
TP1_synth_reverse		89	T	1069	73	111	36	0	236	647884	649409	0	0	0	0	0	0	3621	3621
TP1_synth_reverse		90	T	1096	88	1	41	1	142	647771	649140	0	0	0	0	0	0	3621	3621
TP1_synth_reverse		91	C	579	647051	0	454	3	27	805	648919	0	3621	0	0	0	0	0	3621
TP1_synth_reverse		92	C	362	647143	0	388	0	44	244	648181	0	3621	0	0	0	0	0	3621
TP1_synth_reverse		93	G	410	200	0	645828	0	73	89	646600	0	0	0	3621	0	0	0	3621
TP1_synth_reverse		94	T	859	77	0	124	0	176	645213	646449	0	0	0	0	0	0	3621	3621
TP1_synth_reverse		95	C	0	645956	0	0	0	112	0	646068	0	3621	0	0	0	0	0	3621
TP1_synth_reverse		96	C	0	645439	0	0	0	55	0	645494	0	3621	0	0	0	0	0	3621
TP1_synth_reverse		97	C	0	643494	0	0	0	142	0	643636	0	3621	0	0	0	0	0	3621
TP1_synth_reverse		98	A	641354	0	0	0	0	0	0	641354	3621	0	0	0	0	0	0	3621
TP1_synth_reverse		99	G	0	0	0	640259	0	0	0	640259	0	0	0	3621	0	0	0	3621
