



























































































































































































































#AmpliconChromStart	Alias	Position	ProbableRef	rawA	rawC	rawD	rawG	rawI	rawN	rawT	rawDepth	consA	consC	consD	consG	consI	consN	consT	consDepth	
TP1_synth_reverse		1	G	0	0	0	643213	0	0	0	643213	0	0	0	6271	0	0	0	6271
TP1_synth_reverse		2	T	0	0	0	0	0	0	645218	645218	0	0	0	0	0	0	6282	6282
TP1_synth_reverse		3	G	0	0	0	647472	0	137	0	647609	0	0	0	6295	0	0	0	6295
TP1_synth_reverse		4	G	0	0	0	648586	0	62	0	648648	0	0	0	6302	0	0	0	6302
TP1_synth_reverse		5	T	0	0	0	0	0	159	648847	649006	0	0	0	0	0	0	6303	6303
TP1_synth_reverse		6	G	139	77	0	649216	0	32	124	649588	0	0	0	6305	0	0	0	6305
TP1_synth_reverse		7	A	649442	24	0	98	0	21	74	649659	6306	0	0	0	0	0	0	6306
TP1_synth_reverse		8	G	96	69	0	649417	0	95	103	649780	0	0	0	6312	0	0	0	6312
TP1_synth_reverse		9	G	107	108	0	649229	1	26	335	649806	0	0	0	6312	0	0	0	6312
TP1_synth_reverse		10	C	261	649404	1	28	1	20	118	649833	0	6312	0	0	0	0	0	6312
TP1_synth_reverse		11	T	265	121	20	22	46	50	649330	649854	0	0	0	0	1	0	6311	6312
TP1_synth_reverse		12	C	279	648456	900	29	0	68	132	649864	0	6306	6	0	0	0	0	6312
TP1_synth_reverse		13	C	349	649304	1	22	0	91	117	649884	0	6312	0	0	0	0	0	6312
TP1_synth_reverse		14	C	290	649396	0	34	0	51	124	649895	0	6312	0	0	0	0	0	6312
TP1_synth_reverse		15	C	223	648573	0	106	1	47	945	649895	0	6307	0	1	0	0	4	6312
TP1_synth_reverse		16	T	523	65	1067	35	0	26	648189	649905	0	0	8	0	0	0	6304	6312
TP1_synth_reverse		17	T	628	83	0	23	1	155	649026	649916	0	0	0	0	0	0	6312	6312
TP1_synth_reverse		18	T	445	77	0	21	1	97	649275	649916	0	0	0	0	0	0	6312	6312
TP1_synth_reverse		19	C	424	647990	1338	37	0	96	92	649977	0	6306	7	0	0	0	0	6313
TP1_synth_reverse		20	T	549	62	810	69	0	54	648433	649977	0	0	6	0	0	0	6307	6313
TP1_synth_reverse		21	T	1842	115	1	77	0	184	647758	649977	0	0	0	0	0	0	6313	6313
TP1_synth_reverse		22	G	136	652	216	647861	1	113	998	649977	0	1	1	6306	0	0	5	6313
TP1_synth_reverse		23	C	1036	646787	82	174	716	75	1125	649995	3	6288	3	2	9	0	9	6314
TP1_synth_reverse		24	G	206	582	456	648349	0	47	355	649995	0	1	3	6310	0	0	0	6314
TP1_synth_reverse		25	G	207	402	3	649077	1	67	238	649995	0	0	0	6313	0	0	1	6314
TP1_synth_reverse		26	A	649208	17	10	146	426	96	104	650007	6312	0	0	0	2	0	0	6314
TP1_synth_reverse		27	G	139	408	54	648560	20	76	750	650007	0	2	1	6310	0	0	1	6314
TP1_synth_reverse		28	A	649551	131	130	67	0	37	91	650007	6313	0	1	0	0	0	0	6314
TP1_synth_reverse		29	T	732	74	556	48	0	13	648584	650007	0	0	9	0	0	0	6305	6314
TP1_synth_reverse		30	T	2537	109	31	12	0	55	647263	650007	0	0	1	0	0	0	6313	6314
TP1_synth_reverse		31	C	778	646311	2763	40	0	15	101	650008	0	6301	14	0	0	0	0	6315
TP1_synth_reverse		32	T	960	74	95	48	0	50	648779	650006	0	0	2	0	0	0	6313	6315
TP1_synth_reverse		33	C	770	648031	881	32	0	20	267	650001	0	6305	5	0	0	0	5	6315
TP1_synth_reverse		34	T	1214	110	2599	46	0	18	646014	650001	0	0	14	0	0	0	6301	6315
TP1_synth_reverse		35	T	2967	75	683	60	17	41	646143	649986	0	0	3	0	0	0	6312	6315
TP1_synth_reverse		36	C	597	646775	2423	26	0	60	104	649985	0	6304	11	0	0	0	0	6315
TP1_synth_reverse		37	C	668	648529	4	87	0	39	644	649971	0	6312	0	1	0	0	2	6315
TP1_synth_reverse		38	T	1405	67	665	37	0	104	647686	649964	0	0	2	0	0	0	6313	6315
TP1_synth_reverse		39	C	373	649374	50	36	1	21	107	649962	0	6315	0	0	0	0	0	6315
TP1_synth_reverse		40	T	1473	82	90	23	18	26	648246	649958	0	0	3	0	0	0	6312	6315
TP1_synth_reverse		41	G	145	1338	109	646645	1	16	1696	649950	0	0	1	6314	0	0	0	6315
TP1_synth_reverse		42	T	2399	79	170	45	270	128	646859	649950	0	0	1	0	1	0	6313	6315
TP1_synth_reverse		43	G	160	1378	390	646952	6	82	986	649954	1	0	1	6312	0	0	1	6315
TP1_synth_reverse		44	C	796	646945	827	41	0	102	1241	649952	0	6307	4	0	0	0	4	6315
TP1_synth_reverse		45	G	226	414	681	645779	78	66	2703	649947	2	2	4	6305	2	0	0	6315
TP1_synth_reverse		46	C	1480	647693	295	31	0	25	447	649971	0	6311	3	0	0	0	1	6315
TP1_synth_reverse		47	C	438	648911	0	29	217	6	367	649968	0	6312	0	0	2	0	1	6315
TP1_synth_reverse		48	G	213	1294	454	645160	410	6	2422	649959	0	1	1	6310	3	0	0	6315
TP1_synth_reverse		49	A	649375	44	393	57	0	49	100	650018	6315	0	1	0	0	0	0	6316
TP1_synth_reverse		50	T	2662	458	14	24	174	28	646652	650012	0	2	0	0	3	0	6311	6316
TP1_synth_reverse		51	A	648972	37	774	84	0	70	102	650039	6312	0	4	0	0	0	0	6316
TP1_synth_reverse		52	C	624	648506	409	34	276	42	142	650033	1	6311	2	0	2	0	0	6316
TP1_synth_reverse		53	A	649130	32	618	136	5	39	87	650047	6313	0	3	0	0	0	0	6316
TP1_synth_reverse		54	G	203	391	434	648295	165	20	524	650032	0	0	1	6313	1	0	1	6316
TP1_synth_reverse		55	A	648964	152	750	106	0	41	54	650067	6313	0	4	0	0	0	0	6317
TP1_synth_reverse		56	A	649779	15	0	103	0	59	108	650064	6317	0	0	0	0	0	0	6317
TP1_synth_reverse		57	T	3443	50	39	182	337	39	645957	650047	0	0	1	0	1	0	6315	6317
TP1_synth_reverse		58	A	649780	13	15	74	0	46	118	650046	6317	0	0	0	0	0	0	6317
TP1_synth_reverse		59	T	2145	53	31	88	0	18	647695	650030	0	0	0	0	0	0	6317	6317
TP1_synth_reverse		60	C	1621	648141	4	120	0	44	93	650023	0	6318	0	0	0	0	0	6318
TP1_synth_reverse		61	T	1710	75	228	252	1	11	647745	650022	0	0	1	0	0	0	6318	6319
TP1_synth_reverse		62	G	659	267	627	647245	432	102	676	650008	0	0	6	6311	1	0	1	6319
TP1_synth_reverse		63	T	4090	73	186	39	0	39	645590	650017	0	0	2	0	0	0	6318	6320
TP1_synth_reverse		64	T	2426	56	1	84	191	80	647168	650006	0	0	0	0	2	0	6318	6320
TP1_synth_reverse		65	C	693	648131	769	58	95	89	175	650010	0	6318	1	0	1	0	0	6320
TP1_synth_reverse		66	G	528	362	301	648042	0	46	718	649997	0	0	1	6319	0	0	0	6320
TP1_synth_reverse		67	C	955	648160	474	22	147	134	115	650007	0	6319	0	0	2	0	0	6321
TP1_synth_reverse		68	A	648246	404	997	141	0	138	88	650014	6314	0	7	0	0	0	0	6321
TP1_synth_reverse		69	C	209	649469	73	37	0	81	139	650008	0	6319	1	0	0	0	1	6321
TP1_synth_reverse		70	T	1367	101	3	213	2	39	648269	649994	0	0	0	0	0	0	6321	6321
TP1_synth_reverse		71	C	342	649023	461	34	2	10	118	649990	0	6313	8	0	0	0	0	6321
TP1_synth_reverse		72	C	1008	647730	0	60	926	53	204	649981	1	6320	0	0	0	0	0	6321
TP1_synth_reverse		73	G	428	321	119	648476	227	194	197	649962	0	0	0	6321	0	0	0	6321
TP1_synth_reverse		74	A	649111	110	530	88	0	100	20	649959	6319	0	2	0	0	0	0	6321
TP1_synth_reverse		75	G	196	269	398	648881	3	18	181	649946	1	0	2	6318	0	0	0	6321
TP1_synth_reverse		76	T	3375	84	129	80	359	31	645877	649935	0	0	1	0	0	0	6320	6321
TP1_synth_reverse		77	G	156	373	27	648467	3	36	858	649920	1	0	0	6320	0	0	0	6321
TP1_synth_reverse		78	C	517	648259	499	42	0	42	554	649913	0	6318	1	0	0	0	2	6321
TP1_synth_reverse		79	G	887	902	808	646610	0	173	527	649907	2	0	3	6315	0	0	1	6321
TP1_synth_reverse		80	G	1047	212	0	648058	151	162	260	649890	2	0	0	6318	1	0	0	6321
TP1_synth_reverse		81	C	239	647822	804	65	684	125	144	649883	0	6313	4	0	4	0	0	6321
TP1_synth_reverse		82	A	647774	39	1713	118	1	69	126	649840	6317	0	4	0	0	0	0	6321
TP1_synth_reverse		83	A	649406	78	2	88	0	203	59	649836	6321	0	0	0	0	0	0	6321
TP1_synth_reverse		84	A	649368	45	0	185	98	55	29	649780	6321	0	0	0	0	0	0	6321
TP1_synth_reverse		85	G	128	271	54	648950	1	95	171	649670	0	0	0	6321	0	0	0	6321
TP1_synth_reverse		86	C	364	648872	80	42	85	52	119	649614	0	6319	1	0	1	0	0	6321
TP1_synth_reverse		87	T	1489	90	21	92	0	74	647748	649514	0	0	1	0	0	0	6320	6321
TP1_synth_reverse		88	G	177	462	29	648465	87	95	157	649472	0	0	1	6319	1	0	0	6321
TP1_synth_reverse		89	T	1070	73	111	36	0	236	647883	649409	0	0	1	0	0	0	6320	6321
TP1_synth_reverse		90	T	1096	88	1	41	1	142	647771	649140	0	0	0	0	0	0	6321	6321
TP1_synth_reverse		91	C	579	647051	0	454	3	27	805	648919	0	6321	0	0	0	0	0	6321
TP1_synth_reverse		92	C	362	647143	0	388	0	44	244	648181	0	6320	0	0	0	0	1	6321
TP1_synth_reverse		93	G	410	200	0	645828	0	73	89	646600	0	0	0	6320	0	0	0	6320
TP1_synth_reverse		94	T	860	77	0	124	0	176	645212	646449	0	0	0	0	0	0	6320	6320
TP1_synth_reverse		95	C	0	645956	0	0	0	112	0	646068	0	6320	0	0	0	0	0	6320
TP1_synth_reverse		96	C	0	645439	0	0	0	55	0	645494	0	6320	0	0	0	0	0	6320
TP1_synth_reverse		97	C	0	643494	0	0	0	142	0	643636	0	6319	0	0	0	0	0	6319
TP1_synth_reverse		98	A	641354	0	0	0	0	0	0	641354	6319	0	0	0	0	0	0	6319
TP1_synth_reverse		99	G	0	0	0	640259	0	0	0	640259	0	0	0	6319	0	0	0	6319
