



























































































































































































































#AmpliconChromStart	Alias	Position	ProbableRef	rawA	rawC	rawD	rawG	rawI	rawN	rawT	rawDepth	consA	consC	consD	consG	consI	consN	consT	consDepth	
TP1_synth_reverse		1	G	0	0	0	643213	0	0	0	643213	0	0	0	45117	0	0	0	45117
TP1_synth_reverse		2	T	0	0	0	0	0	0	645218	645218	0	0	0	0	0	0	45551	45551
TP1_synth_reverse		3	G	0	0	0	647472	0	137	0	647609	0	0	0	46099	0	35	0	46134
TP1_synth_reverse		4	G	0	0	0	648586	0	62	0	648648	0	0	0	46487	0	8	0	46495
TP1_synth_reverse		5	T	0	0	0	0	0	159	648847	649006	0	0	0	0	0	46	46762	46808
TP1_synth_reverse		6	G	139	77	0	649216	0	32	124	649588	8	6	0	47229	0	15	28	47286
TP1_synth_reverse		7	A	649442	24	0	98	0	21	74	649659	47339	4	0	5	0	2	1	47351
TP1_synth_reverse		8	G	96	69	0	649417	0	95	103	649780	6	11	0	47349	0	4	20	47390
TP1_synth_reverse		9	G	107	108	0	649229	1	26	335	649806	7	30	0	47342	1	1	32	47413
TP1_synth_reverse		10	C	261	649404	1	28	1	20	118	649833	56	47366	1	1	1	6	4	47435
TP1_synth_reverse		11	T	265	121	20	22	46	50	649330	649854	73	9	0	2	9	29	47331	47453
TP1_synth_reverse		12	C	279	648456	900	29	0	68	132	649864	75	47311	39	3	0	24	10	47462
TP1_synth_reverse		13	C	349	649304	1	22	0	91	117	649884	68	47380	0	0	0	26	6	47480
TP1_synth_reverse		14	C	290	649385	0	34	0	51	124	649884	59	47411	0	1	0	5	4	47480
TP1_synth_reverse		15	C	223	648571	0	106	1	47	945	649893	56	47377	0	5	0	20	31	47489
TP1_synth_reverse		16	T	523	65	1067	35	0	26	648187	649903	149	4	73	4	0	10	47259	47499
TP1_synth_reverse		17	T	628	83	0	23	1	155	649024	649914	198	7	0	3	1	80	47220	47509
TP1_synth_reverse		18	T	445	77	0	21	1	97	649273	649914	113	2	0	1	0	35	47358	47509
TP1_synth_reverse		19	C	424	647988	1338	37	0	96	92	649975	196	47220	68	4	0	35	4	47527
TP1_synth_reverse		20	T	547	62	810	69	0	54	648433	649975	177	3	50	12	0	11	47274	47527
TP1_synth_reverse		21	T	1843	115	1	77	0	184	647755	649975	682	1	1	16	0	21	46806	47527
TP1_synth_reverse		22	G	136	652	216	647858	1	113	999	649975	10	318	30	47039	1	11	118	47527
TP1_synth_reverse		23	C	1037	646784	82	174	716	75	1125	649993	261	47079	13	7	58	34	83	47535
TP1_synth_reverse		24	G	206	582	456	648348	0	47	354	649993	16	63	26	47333	0	17	80	47535
TP1_synth_reverse		25	G	207	403	3	649073	1	67	239	649993	45	198	0	47226	0	8	58	47535
TP1_synth_reverse		26	A	649195	16	10	146	426	96	104	649993	47478	2	5	6	27	12	5	47535
TP1_synth_reverse		27	G	139	408	54	648546	20	76	750	649993	18	82	9	47171	1	25	229	47535
TP1_synth_reverse		28	A	649537	131	130	67	0	37	91	649993	47468	14	21	6	0	22	4	47535
TP1_synth_reverse		29	T	732	74	556	48	0	13	648570	649993	200	4	50	11	0	8	47262	47535
TP1_synth_reverse		30	T	2537	109	31	12	0	55	647255	649999	918	9	5	1	0	29	46577	47539
TP1_synth_reverse		31	C	777	646304	2763	40	0	15	101	650000	307	47084	130	7	0	1	8	47537
TP1_synth_reverse		32	T	959	74	95	48	0	50	648772	649998	240	4	10	7	0	13	47261	47535
TP1_synth_reverse		33	C	771	648022	881	32	0	20	267	649993	314	47128	58	4	0	2	26	47532
TP1_synth_reverse		34	T	1213	110	2599	45	0	18	646008	649993	276	4	141	4	0	11	47096	47532
TP1_synth_reverse		35	T	2969	75	683	60	17	41	646133	649978	1044	3	33	15	3	4	46423	47525
TP1_synth_reverse		36	C	599	646765	2423	26	0	60	104	649977	127	47279	99	5	0	13	2	47525
TP1_synth_reverse		37	C	669	648520	4	87	0	39	644	649963	153	47332	0	7	0	6	19	47517
TP1_synth_reverse		38	T	1405	67	665	37	0	104	647678	649956	441	3	24	6	0	2	47036	47512
TP1_synth_reverse		39	C	374	649365	50	36	1	21	107	649954	94	47385	14	6	1	3	8	47511
TP1_synth_reverse		40	T	1469	82	90	23	18	26	648242	649950	374	4	12	3	7	3	47105	47508
TP1_synth_reverse		41	G	145	1339	109	646638	1	16	1694	649942	9	575	30	46523	0	3	365	47505
TP1_synth_reverse		42	T	2394	79	170	45	270	128	646856	649942	849	1	10	6	13	32	46594	47505
TP1_synth_reverse		43	G	161	1377	390	646944	6	82	986	649946	27	346	15	46927	3	13	180	47511
TP1_synth_reverse		44	C	796	646937	827	41	0	102	1241	649944	293	47072	40	6	0	32	68	47511
TP1_synth_reverse		45	G	226	413	681	645772	78	66	2703	649939	19	124	48	46801	6	6	502	47506
TP1_synth_reverse		46	C	1480	647685	295	31	0	25	447	649963	533	46939	15	8	0	6	27	47528
TP1_synth_reverse		47	C	440	648901	0	29	217	6	367	649960	122	47360	0	5	16	2	23	47528
TP1_synth_reverse		48	G	213	1295	454	645151	410	6	2422	649951	19	557	33	46377	42	0	495	47523
TP1_synth_reverse		49	A	649367	44	393	57	0	49	100	650010	47550	9	25	7	0	4	13	47608
TP1_synth_reverse		50	T	2662	458	14	24	174	28	646644	650004	553	19	6	4	13	13	46999	47607
TP1_synth_reverse		51	A	648964	37	774	84	0	70	102	650031	47546	11	40	3	0	26	5	47631
TP1_synth_reverse		52	C	623	648499	409	34	276	42	142	650025	249	47318	29	7	12	5	7	47627
TP1_synth_reverse		53	A	649122	32	618	136	5	39	87	650039	47550	4	44	8	1	17	13	47637
TP1_synth_reverse		54	G	201	390	434	648289	165	20	525	650024	41	94	16	47337	9	2	128	47627
TP1_synth_reverse		55	A	648956	152	750	106	0	41	54	650059	47524	36	38	6	0	25	3	47632
TP1_synth_reverse		56	A	649771	15	0	103	0	59	108	650056	47602	4	0	8	0	11	7	47632
TP1_synth_reverse		57	T	3446	50	39	182	337	39	645946	650039	562	0	5	26	15	25	46989	47622
TP1_synth_reverse		58	A	649797	13	15	74	0	46	118	650063	47590	2	3	2	0	18	10	47625
TP1_synth_reverse		59	T	2147	53	31	88	0	18	647710	650047	442	2	11	18	0	6	47139	47618
TP1_synth_reverse		60	C	1623	648145	4	120	0	44	93	650029	456	47125	2	12	0	7	5	47607
TP1_synth_reverse		61	T	1713	75	228	252	1	11	647748	650028	325	5	14	38	0	2	47218	47602
TP1_synth_reverse		62	G	659	268	627	647251	432	102	676	650015	140	72	55	46979	25	13	308	47592
TP1_synth_reverse		63	T	4089	73	186	39	0	39	645598	650024	1221	1	16	7	0	3	46345	47593
TP1_synth_reverse		64	T	2426	56	1	84	191	80	647175	650013	403	0	0	7	13	3	47164	47590
TP1_synth_reverse		65	C	693	648137	770	58	95	89	175	650017	130	47395	37	4	4	13	8	47591
TP1_synth_reverse		66	G	527	361	302	648051	0	46	717	650004	98	96	19	47068	0	22	280	47583
TP1_synth_reverse		67	C	953	648170	474	21	147	134	115	650014	388	47114	28	4	12	32	8	47586
TP1_synth_reverse		68	A	648254	404	997	140	0	138	88	650021	47435	46	68	11	0	21	11	47592
TP1_synth_reverse		69	C	209	649476	73	37	0	81	139	650015	45	47476	17	4	0	35	13	47590
TP1_synth_reverse		70	T	1367	101	3	213	3	39	648275	650001	274	2	0	21	0	2	47283	47582
TP1_synth_reverse		71	C	342	649030	461	34	2	10	118	649997	78	47436	57	3	0	1	4	47579
TP1_synth_reverse		72	C	1007	647738	0	60	926	53	204	649988	390	47110	0	12	35	18	11	47576
TP1_synth_reverse		73	G	429	321	119	648482	227	194	197	649969	86	64	6	47305	16	40	51	47568
TP1_synth_reverse		74	A	649116	111	530	89	0	100	20	649966	47516	11	26	6	0	5	3	47567
TP1_synth_reverse		75	G	196	269	398	648888	3	18	181	649953	22	71	18	47390	1	8	51	47561
TP1_synth_reverse		76	T	3374	84	129	81	359	31	645883	649941	1054	3	18	13	19	21	46424	47552
TP1_synth_reverse		77	G	155	374	27	648478	3	36	853	649926	19	115	5	47194	0	23	188	47544
TP1_synth_reverse		78	C	514	648268	499	42	0	42	554	649919	137	47305	26	6	0	25	43	47542
TP1_synth_reverse		79	G	887	902	808	646620	0	173	523	649913	45	399	40	46910	0	18	127	47539
TP1_synth_reverse		80	G	1046	212	0	648064	151	162	261	649896	92	55	0	47304	15	12	55	47533
TP1_synth_reverse		81	C	240	647827	804	65	684	125	144	649889	58	47346	64	7	32	16	5	47528
TP1_synth_reverse		82	A	647780	39	1713	118	1	69	126	649846	47377	3	74	9	0	16	9	47488
TP1_synth_reverse		83	A	649411	78	2	89	0	203	59	649842	47449	13	0	6	0	18	2	47488
TP1_synth_reverse		84	A	649375	45	0	185	98	55	28	649786	47451	2	0	9	13	7	1	47483
TP1_synth_reverse		85	G	128	271	54	648957	1	95	170	649676	22	65	14	47295	0	18	35	47449
TP1_synth_reverse		86	C	365	648876	80	43	85	52	119	649620	87	47309	9	3	7	10	10	47435
TP1_synth_reverse		87	T	1486	90	21	92	0	74	647757	649520	268	4	8	8	0	18	47104	47410
TP1_synth_reverse		88	G	177	462	29	648471	87	95	157	649478	31	40	11	47248	10	14	47	47401
TP1_synth_reverse		89	T	1070	73	111	36	0	236	647889	649415	124	5	24	2	0	56	47178	47389
TP1_synth_reverse		90	T	1096	88	1	41	1	142	647775	649144	161	4	0	3	0	10	47161	47339
TP1_synth_reverse		91	C	580	647054	0	454	3	27	805	648923	72	47186	0	18	2	0	37	47315
TP1_synth_reverse		92	C	362	647147	0	388	0	44	244	648185	32	47204	0	24	0	6	12	47278
TP1_synth_reverse		93	G	410	200	0	645831	0	73	90	646604	49	45	0	47074	0	9	19	47196
TP1_synth_reverse		94	T	860	77	0	124	0	176	645216	646453	113	3	0	10	0	20	47027	47173
TP1_synth_reverse		95	C	0	645960	0	0	0	112	0	646072	0	47090	0	0	0	29	0	47119
TP1_synth_reverse		96	C	0	645444	0	0	0	55	0	645499	0	47036	0	0	0	16	0	47052
TP1_synth_reverse		97	C	0	643499	0	0	0	142	0	643641	0	46873	0	0	0	32	0	46905
TP1_synth_reverse		98	A	641358	0	0	0	0	0	0	641358	46776	0	0	0	0	0	0	46776
TP1_synth_reverse		99	G	0	0	0	640264	0	0	0	640264	0	0	0	46666	0	0	0	46666
