



























































































































































































































#AmpliconChromStart	Alias	Position	ProbableRef	rawA	rawC	rawD	rawG	rawI	rawN	rawT	rawDepth	consA	consC	consD	consG	consI	consN	consT	consDepth	
TP1_synth_reverse		1	G	0	0	0	643213	0	0	0	643213	0	0	0	7559	0	0	0	7559
TP1_synth_reverse		2	T	0	0	0	0	0	0	645218	645218	0	0	0	0	0	0	7570	7570
TP1_synth_reverse		3	G	0	0	0	647472	0	137	0	647609	0	0	0	7588	0	0	0	7588
TP1_synth_reverse		4	G	0	0	0	648586	0	62	0	648648	0	0	0	7596	0	0	0	7596
TP1_synth_reverse		5	T	0	0	0	0	0	159	648847	649006	0	0	0	0	0	0	7597	7597
TP1_synth_reverse		6	G	139	77	0	649216	0	32	124	649588	0	0	0	7600	0	0	0	7600
TP1_synth_reverse		7	A	649442	24	0	98	0	21	74	649659	7601	0	0	0	0	0	0	7601
TP1_synth_reverse		8	G	96	69	0	649417	0	95	103	649780	0	0	0	7609	0	0	0	7609
TP1_synth_reverse		9	G	107	108	0	649203	1	26	335	649780	0	0	0	7608	0	0	1	7609
TP1_synth_reverse		10	C	261	649378	1	28	1	20	118	649807	0	7610	0	0	0	0	0	7610
TP1_synth_reverse		11	T	265	121	20	22	46	50	649283	649807	0	0	0	0	1	0	7609	7610
TP1_synth_reverse		12	C	279	648409	900	29	0	68	132	649817	0	7603	7	0	0	0	0	7610
TP1_synth_reverse		13	C	349	649257	1	22	0	91	117	649837	0	7610	0	0	0	0	0	7610
TP1_synth_reverse		14	C	289	649350	0	34	0	51	124	649848	0	7610	0	0	0	0	0	7610
TP1_synth_reverse		15	C	223	648535	0	106	1	47	945	649857	0	7605	0	1	0	0	4	7610
TP1_synth_reverse		16	T	518	65	1067	35	0	26	648156	649867	0	0	10	0	0	0	7600	7610
TP1_synth_reverse		17	T	624	83	0	23	1	155	648992	649878	0	0	0	0	0	0	7610	7610
TP1_synth_reverse		18	T	442	77	0	21	1	97	649240	649878	0	0	0	0	0	0	7610	7610
TP1_synth_reverse		19	C	423	647953	1338	37	0	96	92	649939	0	7602	9	0	0	0	0	7611
TP1_synth_reverse		20	T	547	62	810	69	0	54	648397	649939	0	0	7	0	0	0	7604	7611
TP1_synth_reverse		21	T	1836	115	1	77	0	184	647726	649939	0	0	0	0	0	0	7611	7611
TP1_synth_reverse		22	G	136	650	215	647826	1	113	998	649939	0	1	3	7602	0	0	5	7611
TP1_synth_reverse		23	C	1036	646749	82	174	716	75	1125	649957	5	7578	3	2	12	0	12	7612
TP1_synth_reverse		24	G	206	578	456	648316	0	47	354	649957	0	1	4	7606	0	0	1	7612
TP1_synth_reverse		25	G	207	401	3	649038	1	67	240	649957	0	0	0	7611	0	0	1	7612
TP1_synth_reverse		26	A	649170	17	10	146	426	96	104	649969	7611	0	0	0	2	0	0	7613
TP1_synth_reverse		27	G	139	408	54	648526	20	76	746	649969	0	2	1	7607	1	0	2	7613
TP1_synth_reverse		28	A	649514	130	130	67	0	37	91	649969	7612	0	1	0	0	0	0	7613
TP1_synth_reverse		29	T	729	74	556	45	0	13	648552	649969	0	0	11	0	0	0	7602	7613
TP1_synth_reverse		30	T	2534	109	31	12	0	55	647234	649975	0	1	1	0	0	0	7611	7613
TP1_synth_reverse		31	C	778	646280	2763	40	0	15	100	649976	0	7597	17	0	0	0	0	7614
TP1_synth_reverse		32	T	959	74	95	48	0	50	648745	649971	0	0	2	0	0	0	7612	7614
TP1_synth_reverse		33	C	769	647997	881	32	0	20	267	649966	0	7602	6	0	0	0	6	7614
TP1_synth_reverse		34	T	1211	109	2599	46	0	18	645983	649966	0	0	18	0	0	0	7596	7614
TP1_synth_reverse		35	T	2964	75	683	59	17	41	646112	649951	0	0	3	0	1	0	7610	7614
TP1_synth_reverse		36	C	595	646742	2423	26	0	60	104	649950	0	7602	12	0	0	0	0	7614
TP1_synth_reverse		37	C	668	648494	4	87	0	39	644	649936	0	7611	0	1	0	0	2	7614
TP1_synth_reverse		38	T	1404	67	665	37	0	104	647652	649929	0	0	2	0	0	0	7612	7614
TP1_synth_reverse		39	C	375	649337	50	36	1	21	107	649927	0	7614	0	0	0	0	0	7614
TP1_synth_reverse		40	T	1466	82	90	23	18	26	648218	649923	0	0	4	0	1	0	7609	7614
TP1_synth_reverse		41	G	145	1336	109	646614	1	16	1694	649915	0	0	3	7610	0	0	1	7614
TP1_synth_reverse		42	T	2394	79	170	45	270	128	646826	649912	0	0	1	0	2	0	7611	7614
TP1_synth_reverse		43	G	160	1374	390	646918	6	82	986	649916	2	0	1	7610	0	0	1	7614
TP1_synth_reverse		44	C	797	646906	827	41	0	102	1241	649914	0	7603	4	0	0	0	7	7614
TP1_synth_reverse		45	G	226	414	681	645744	78	66	2700	649909	2	2	4	7604	2	0	0	7614
TP1_synth_reverse		46	C	1480	647655	295	31	0	25	447	649933	0	7610	3	0	0	0	1	7614
TP1_synth_reverse		47	C	440	648871	0	29	217	6	367	649930	0	7611	0	0	2	0	1	7614
TP1_synth_reverse		48	G	213	1294	454	645129	410	6	2420	649926	0	1	5	7604	4	0	0	7614
TP1_synth_reverse		49	A	649343	44	392	57	0	49	100	649985	7613	0	2	0	0	0	0	7615
TP1_synth_reverse		50	T	2660	458	14	24	174	28	646621	649979	0	2	0	0	3	0	7610	7615
TP1_synth_reverse		51	A	648939	37	774	84	0	70	102	650006	7612	0	4	0	0	0	0	7616
TP1_synth_reverse		52	C	626	648471	409	34	276	42	142	650000	1	7611	2	0	2	0	0	7616
TP1_synth_reverse		53	A	649097	32	618	136	5	39	87	650014	7613	0	4	0	0	0	0	7617
TP1_synth_reverse		54	G	203	388	434	648265	165	20	525	650000	1	0	2	7612	1	0	1	7617
TP1_synth_reverse		55	A	648932	152	750	106	0	41	54	650035	7614	0	4	0	0	0	0	7618
TP1_synth_reverse		56	A	649747	15	0	103	0	59	108	650032	7618	0	0	0	0	0	0	7618
TP1_synth_reverse		57	T	3438	50	39	182	337	39	645930	650015	0	0	1	0	1	0	7616	7618
TP1_synth_reverse		58	A	649773	13	15	74	0	46	118	650039	7618	0	1	0	0	0	0	7619
TP1_synth_reverse		59	T	2145	53	31	88	0	18	647688	650023	0	0	0	0	0	0	7619	7619
TP1_synth_reverse		60	C	1620	648136	4	120	0	44	92	650016	0	7620	0	0	0	0	0	7620
TP1_synth_reverse		61	T	1709	75	228	251	1	11	647741	650016	0	0	1	0	0	0	7620	7621
TP1_synth_reverse		62	G	661	266	627	647239	432	102	675	650002	0	0	7	7612	1	0	1	7621
TP1_synth_reverse		63	T	4089	73	186	39	0	39	645585	650011	0	0	2	0	0	0	7620	7622
TP1_synth_reverse		64	T	2425	56	1	84	191	80	647163	650000	0	0	0	0	3	0	7619	7622
TP1_synth_reverse		65	C	693	648124	770	58	95	89	175	650004	0	7620	1	0	1	0	0	7622
TP1_synth_reverse		66	G	528	362	302	648036	0	46	717	649991	0	0	1	7621	0	0	0	7622
TP1_synth_reverse		67	C	954	648155	474	22	147	134	115	650001	0	7620	1	0	2	0	0	7623
TP1_synth_reverse		68	A	648241	403	997	141	0	138	88	650008	7616	0	7	0	0	0	0	7623
TP1_synth_reverse		69	C	209	649463	73	37	0	81	139	650002	0	7620	1	0	0	0	2	7623
TP1_synth_reverse		70	T	1364	101	3	213	3	39	648266	649989	0	0	0	0	0	0	7623	7623
TP1_synth_reverse		71	C	345	649015	461	34	2	10	118	649985	0	7611	12	0	0	0	0	7623
TP1_synth_reverse		72	C	1008	647725	0	60	926	53	204	649976	1	7622	0	0	0	0	0	7623
TP1_synth_reverse		73	G	426	321	119	648473	227	194	197	649957	0	0	0	7623	0	0	0	7623
TP1_synth_reverse		74	A	649104	111	530	89	0	100	20	649954	7621	0	2	0	0	0	0	7623
TP1_synth_reverse		75	G	196	268	398	648878	3	18	180	649941	1	0	3	7619	0	0	0	7623
TP1_synth_reverse		76	T	3369	84	129	81	358	31	645877	649929	0	0	2	0	1	0	7620	7623
TP1_synth_reverse		77	G	156	372	27	648463	3	36	858	649915	1	0	0	7622	0	0	0	7623
TP1_synth_reverse		78	C	516	648255	499	42	0	42	554	649908	0	7619	1	0	0	0	3	7623
TP1_synth_reverse		79	G	888	902	808	646608	0	173	523	649902	2	0	4	7616	0	0	1	7623
TP1_synth_reverse		80	G	1045	212	0	648055	151	162	260	649885	3	0	0	7619	1	0	0	7623
TP1_synth_reverse		81	C	239	647817	804	65	684	125	144	649878	0	7613	5	0	5	0	0	7623
TP1_synth_reverse		82	A	647769	39	1713	118	1	69	126	649835	7618	0	5	0	0	0	0	7623
TP1_synth_reverse		83	A	649400	78	2	89	0	203	59	649831	7623	0	0	0	0	0	0	7623
TP1_synth_reverse		84	A	649363	45	0	185	98	55	29	649775	7622	0	0	0	1	0	0	7623
TP1_synth_reverse		85	G	128	271	54	648946	1	95	171	649666	0	0	1	7622	0	0	0	7623
TP1_synth_reverse		86	C	366	648865	80	43	85	52	119	649610	0	7621	1	0	1	0	0	7623
TP1_synth_reverse		87	T	1489	90	21	91	0	74	647746	649511	0	0	1	0	0	0	7622	7623
TP1_synth_reverse		88	G	177	462	29	648463	87	95	156	649469	0	0	1	7620	1	0	1	7623
TP1_synth_reverse		89	T	1070	73	111	36	0	236	647881	649407	0	0	2	0	0	0	7621	7623
TP1_synth_reverse		90	T	1095	88	1	40	1	142	647770	649137	0	0	0	0	0	0	7623	7623
TP1_synth_reverse		91	C	580	647048	0	454	3	27	805	648917	0	7622	0	0	0	0	0	7622
TP1_synth_reverse		92	C	362	647141	0	388	0	44	244	648179	0	7620	0	0	0	0	1	7621
TP1_synth_reverse		93	G	410	200	0	645825	0	73	90	646598	0	0	0	7620	0	0	0	7620
TP1_synth_reverse		94	T	858	77	0	124	0	176	645212	646447	0	0	0	0	0	0	7620	7620
TP1_synth_reverse		95	C	0	645954	0	0	0	112	0	646066	0	7620	0	0	0	0	0	7620
TP1_synth_reverse		96	C	0	645437	0	0	0	55	0	645492	0	7620	0	0	0	0	0	7620
TP1_synth_reverse		97	C	0	643493	0	0	0	142	0	643635	0	7618	0	0	0	0	0	7618
TP1_synth_reverse		98	A	641352	0	0	0	0	0	0	641352	7616	0	0	0	0	0	0	7616
TP1_synth_reverse		99	G	0	0	0	640257	0	0	0	640257	0	0	0	7616	0	0	0	7616
