



























































































































































































































#AmpliconChromStart	Alias	Position	ProbableRef	rawA	rawC	rawD	rawG	rawI	rawN	rawT	rawDepth	consA	consC	consD	consG	consI	consN	consT	consDepth	
TP1_synth_reverse		1	G	0	0	0	643213	0	0	0	643213	0	0	0	6809	0	0	0	6809
TP1_synth_reverse		2	T	0	0	0	0	0	0	645218	645218	0	0	0	0	0	0	6820	6820
TP1_synth_reverse		3	G	0	0	0	647472	0	137	0	647609	0	0	0	6835	0	0	0	6835
TP1_synth_reverse		4	G	0	0	0	648586	0	62	0	648648	0	0	0	6843	0	0	0	6843
TP1_synth_reverse		5	T	0	0	0	0	0	159	648847	649006	0	0	0	0	0	0	6844	6844
TP1_synth_reverse		6	G	139	77	0	649216	0	32	124	649588	0	0	0	6847	0	0	0	6847
TP1_synth_reverse		7	A	649442	24	0	98	0	21	74	649659	6848	0	0	0	0	0	0	6848
TP1_synth_reverse		8	G	96	69	0	649417	0	95	103	649780	0	0	0	6854	0	0	0	6854
TP1_synth_reverse		9	G	107	108	0	649229	1	26	335	649806	0	0	0	6853	0	0	1	6854
TP1_synth_reverse		10	C	261	649404	1	28	1	20	118	649833	0	6855	0	0	0	0	0	6855
TP1_synth_reverse		11	T	265	121	20	22	46	50	649330	649854	0	0	0	0	1	0	6854	6855
TP1_synth_reverse		12	C	279	648456	900	29	0	68	132	649864	0	6849	6	0	0	0	0	6855
TP1_synth_reverse		13	C	349	649304	1	22	0	91	117	649884	0	6855	0	0	0	0	0	6855
TP1_synth_reverse		14	C	290	649396	0	34	0	51	124	649895	0	6855	0	0	0	0	0	6855
TP1_synth_reverse		15	C	223	648582	0	106	1	47	945	649904	0	6850	0	1	0	0	4	6855
TP1_synth_reverse		16	T	523	65	1067	35	0	26	648198	649914	0	0	9	0	0	0	6846	6855
TP1_synth_reverse		17	T	628	83	0	23	1	155	649035	649925	0	0	0	0	0	0	6855	6855
TP1_synth_reverse		18	T	445	77	0	21	1	97	649284	649925	0	0	0	0	0	0	6855	6855
TP1_synth_reverse		19	C	424	647999	1338	37	0	96	92	649986	0	6848	8	0	0	0	0	6856
TP1_synth_reverse		20	T	549	62	810	69	0	54	648442	649986	0	0	6	0	0	0	6850	6856
TP1_synth_reverse		21	T	1843	115	1	77	0	184	647766	649986	0	0	0	0	0	0	6856	6856
TP1_synth_reverse		22	G	136	652	216	647869	1	113	999	649986	0	1	2	6848	0	0	5	6856
TP1_synth_reverse		23	C	1037	646795	82	174	716	75	1125	650004	4	6827	3	2	11	0	10	6857
TP1_synth_reverse		24	G	206	582	456	648358	0	47	355	650004	0	1	3	6853	0	0	0	6857
TP1_synth_reverse		25	G	207	403	3	649083	1	67	240	650004	0	0	0	6856	0	0	1	6857
TP1_synth_reverse		26	A	649217	17	10	146	426	96	104	650016	6856	0	0	0	2	0	0	6858
TP1_synth_reverse		27	G	139	408	54	648569	20	76	750	650016	0	2	1	6853	1	0	1	6858
TP1_synth_reverse		28	A	649560	131	130	67	0	37	91	650016	6857	0	1	0	0	0	0	6858
TP1_synth_reverse		29	T	732	74	556	48	0	13	648593	650016	0	0	10	0	0	0	6848	6858
TP1_synth_reverse		30	T	2537	109	31	12	0	55	647278	650022	0	0	1	0	0	0	6857	6858
TP1_synth_reverse		31	C	778	646326	2763	40	0	15	101	650023	0	6842	17	0	0	0	0	6859
TP1_synth_reverse		32	T	960	74	95	48	0	50	648791	650018	0	0	2	0	0	0	6857	6859
TP1_synth_reverse		33	C	771	648042	881	32	0	20	267	650013	0	6849	5	0	0	0	5	6859
TP1_synth_reverse		34	T	1215	110	2599	46	0	18	646025	650013	0	0	15	0	0	0	6844	6859
TP1_synth_reverse		35	T	2969	75	683	60	17	41	646153	649998	0	0	3	0	0	0	6856	6859
TP1_synth_reverse		36	C	600	646784	2423	26	0	60	104	649997	0	6847	12	0	0	0	0	6859
TP1_synth_reverse		37	C	669	648540	4	87	0	39	644	649983	0	6856	0	1	0	0	2	6859
TP1_synth_reverse		38	T	1406	67	665	37	0	104	647697	649976	0	0	2	0	0	0	6857	6859
TP1_synth_reverse		39	C	375	649384	50	36	1	21	107	649974	0	6859	0	0	0	0	0	6859
TP1_synth_reverse		40	T	1472	82	90	23	18	26	648259	649970	0	0	3	0	1	0	6855	6859
TP1_synth_reverse		41	G	145	1339	109	646654	1	16	1698	649962	0	0	2	6857	0	0	0	6859
TP1_synth_reverse		42	T	2400	79	170	45	270	128	646870	649962	0	0	1	0	1	0	6857	6859
TP1_synth_reverse		43	G	160	1378	390	646963	6	82	987	649966	2	0	1	6855	0	0	1	6859
TP1_synth_reverse		44	C	798	646955	827	41	0	102	1241	649964	0	6849	4	0	0	0	6	6859
TP1_synth_reverse		45	G	226	414	681	645787	78	66	2707	649959	2	2	4	6849	2	0	0	6859
TP1_synth_reverse		46	C	1481	647704	295	31	0	25	447	649983	0	6855	3	0	0	0	1	6859
TP1_synth_reverse		47	C	440	648921	0	29	217	6	367	649980	0	6856	0	0	2	0	1	6859
TP1_synth_reverse		48	G	213	1295	454	645168	410	6	2425	649971	0	1	2	6852	4	0	0	6859
TP1_synth_reverse		49	A	649387	44	393	57	0	49	100	650030	6859	0	1	0	0	0	0	6860
TP1_synth_reverse		50	T	2663	458	14	24	174	28	646663	650024	0	2	0	0	3	0	6855	6860
TP1_synth_reverse		51	A	648984	37	774	84	0	70	102	650051	6857	0	4	0	0	0	0	6861
TP1_synth_reverse		52	C	626	648516	409	34	276	42	142	650045	1	6856	2	0	2	0	0	6861
TP1_synth_reverse		53	A	649142	32	618	136	5	39	87	650059	6857	0	4	0	0	0	0	6861
TP1_synth_reverse		54	G	204	391	434	648304	165	20	526	650044	0	0	2	6857	1	0	1	6861
TP1_synth_reverse		55	A	648976	152	750	106	0	41	54	650079	6858	0	4	0	0	0	0	6862
TP1_synth_reverse		56	A	649791	15	0	103	0	59	108	650076	6862	0	0	0	0	0	0	6862
TP1_synth_reverse		57	T	3446	50	39	182	337	39	645966	650059	0	0	1	0	1	0	6860	6862
TP1_synth_reverse		58	A	649817	13	15	74	0	46	118	650083	6862	0	1	0	0	0	0	6863
TP1_synth_reverse		59	T	2147	53	31	88	0	18	647730	650067	0	0	0	0	0	0	6863	6863
TP1_synth_reverse		60	C	1624	648164	4	120	0	44	93	650049	0	6863	0	0	0	0	0	6863
TP1_synth_reverse		61	T	1713	75	228	252	1	11	647768	650048	0	0	1	0	0	0	6863	6864
TP1_synth_reverse		62	G	661	267	627	647269	432	102	676	650034	0	0	6	6856	1	0	1	6864
TP1_synth_reverse		63	T	4090	73	186	39	0	39	645616	650043	0	0	2	0	0	0	6863	6865
TP1_synth_reverse		64	T	2428	56	1	84	191	80	647192	650032	0	0	0	0	2	0	6863	6865
TP1_synth_reverse		65	C	693	648156	770	58	95	89	175	650036	0	6863	1	0	1	0	0	6865
TP1_synth_reverse		66	G	527	361	302	648068	0	46	719	650023	0	0	1	6864	0	0	0	6865
TP1_synth_reverse		67	C	956	648173	474	22	147	134	115	650021	0	6862	1	0	2	0	0	6865
TP1_synth_reverse		68	A	648261	404	997	140	0	138	88	650028	6858	0	7	0	0	0	0	6865
TP1_synth_reverse		69	C	209	649483	73	37	0	81	139	650022	0	6863	1	0	0	0	1	6865
TP1_synth_reverse		70	T	1367	101	3	213	3	39	648283	650009	0	0	0	0	0	0	6865	6865
TP1_synth_reverse		71	C	343	649037	461	34	2	10	118	650005	0	6856	9	0	0	0	0	6865
TP1_synth_reverse		72	C	1008	647745	0	60	926	53	204	649996	1	6864	0	0	0	0	0	6865
TP1_synth_reverse		73	G	429	321	119	648490	227	194	197	649977	0	0	0	6865	0	0	0	6865
TP1_synth_reverse		74	A	649124	111	530	89	0	100	20	649974	6863	0	2	0	0	0	0	6865
TP1_synth_reverse		75	G	196	269	398	648896	3	18	181	649961	1	0	3	6861	0	0	0	6865
TP1_synth_reverse		76	T	3376	84	129	81	359	31	645889	649949	0	0	2	0	0	0	6863	6865
TP1_synth_reverse		77	G	156	374	27	648480	3	36	858	649934	1	0	0	6864	0	0	0	6865
TP1_synth_reverse		78	C	517	648273	499	42	0	42	554	649927	0	6862	1	0	0	0	2	6865
TP1_synth_reverse		79	G	887	902	808	646624	0	173	527	649921	2	0	3	6859	0	0	1	6865
TP1_synth_reverse		80	G	1048	212	0	648070	151	162	261	649904	3	0	0	6861	1	0	0	6865
TP1_synth_reverse		81	C	240	647835	804	65	684	125	144	649897	0	6855	5	0	5	0	0	6865
TP1_synth_reverse		82	A	647788	39	1713	118	1	69	126	649854	6861	0	4	0	0	0	0	6865
TP1_synth_reverse		83	A	649419	78	2	89	0	203	59	649850	6865	0	0	0	0	0	0	6865
TP1_synth_reverse		84	A	649382	45	0	185	98	55	29	649794	6865	0	0	0	0	0	0	6865
TP1_synth_reverse		85	G	128	271	54	648964	1	95	171	649684	0	0	0	6865	0	0	0	6865
TP1_synth_reverse		86	C	365	648884	80	43	85	52	119	649628	0	6863	1	0	1	0	0	6865
TP1_synth_reverse		87	T	1487	90	21	92	0	74	647764	649528	0	0	1	0	0	0	6864	6865
TP1_synth_reverse		88	G	177	462	29	648479	87	95	157	649486	0	0	1	6863	1	0	0	6865
TP1_synth_reverse		89	T	1071	73	111	36	0	236	647896	649423	0	0	1	0	0	0	6864	6865
TP1_synth_reverse		90	T	1096	88	1	41	1	142	647783	649152	0	0	0	0	0	0	6865	6865
TP1_synth_reverse		91	C	580	647062	0	454	3	27	805	648931	0	6865	0	0	0	0	0	6865
TP1_synth_reverse		92	C	362	647155	0	388	0	44	244	648193	0	6863	0	0	0	0	1	6864
TP1_synth_reverse		93	G	410	200	0	645839	0	73	90	646612	0	0	0	6863	0	0	0	6863
TP1_synth_reverse		94	T	860	77	0	124	0	176	645224	646461	0	0	0	0	0	0	6863	6863
TP1_synth_reverse		95	C	0	645968	0	0	0	112	0	646080	0	6863	0	0	0	0	0	6863
TP1_synth_reverse		96	C	0	645451	0	0	0	55	0	645506	0	6863	0	0	0	0	0	6863
TP1_synth_reverse		97	C	0	643506	0	0	0	142	0	643648	0	6861	0	0	0	0	0	6861
TP1_synth_reverse		98	A	641365	0	0	0	0	0	0	641365	6860	0	0	0	0	0	0	6860
TP1_synth_reverse		99	G	0	0	0	640270	0	0	0	640270	0	0	0	6860	0	0	0	6860
