



























































































































































































































#AmpliconChromStart	Alias	Position	ProbableRef	rawA	rawC	rawD	rawG	rawI	rawN	rawT	rawDepth	consA	consC	consD	consG	consI	consN	consT	consDepth	
TP1_synth_reverse		1	G	0	0	0	643213	0	0	0	643213	0	0	0	5818	0	0	0	5818
TP1_synth_reverse		2	T	0	0	0	0	0	0	645218	645218	0	0	0	0	0	0	5829	5829
TP1_synth_reverse		3	G	0	0	0	647472	0	137	0	647609	0	0	0	5842	0	0	0	5842
TP1_synth_reverse		4	G	0	0	0	648586	0	62	0	648648	0	0	0	5849	0	0	0	5849
TP1_synth_reverse		5	T	0	0	0	0	0	159	648847	649006	0	0	0	0	0	0	5850	5850
TP1_synth_reverse		6	G	139	77	0	649216	0	32	124	649588	0	0	0	5852	0	0	0	5852
TP1_synth_reverse		7	A	649442	24	0	98	0	21	74	649659	5852	0	0	0	0	0	0	5852
TP1_synth_reverse		8	G	96	69	0	649417	0	95	103	649780	0	0	0	5858	0	0	0	5858
TP1_synth_reverse		9	G	107	108	0	649229	1	26	335	649806	0	0	0	5858	0	0	0	5858
TP1_synth_reverse		10	C	261	649404	1	28	1	20	118	649833	0	5858	0	0	0	0	0	5858
TP1_synth_reverse		11	T	265	121	20	22	46	50	649330	649854	0	0	0	0	1	0	5857	5858
TP1_synth_reverse		12	C	279	648456	900	29	0	68	132	649864	0	5852	6	0	0	0	0	5858
TP1_synth_reverse		13	C	349	649304	1	22	0	91	117	649884	0	5858	0	0	0	0	0	5858
TP1_synth_reverse		14	C	290	649396	0	34	0	51	124	649895	0	5858	0	0	0	0	0	5858
TP1_synth_reverse		15	C	223	648573	0	106	1	47	945	649895	0	5853	0	1	0	0	4	5858
TP1_synth_reverse		16	T	523	65	1067	35	0	26	648189	649905	0	0	8	0	0	0	5850	5858
TP1_synth_reverse		17	T	628	83	0	23	1	155	649026	649916	0	0	0	0	0	0	5858	5858
TP1_synth_reverse		18	T	445	77	0	21	1	97	649275	649916	0	0	0	0	0	0	5858	5858
TP1_synth_reverse		19	C	424	647990	1338	37	0	96	92	649977	0	5853	6	0	0	0	0	5859
TP1_synth_reverse		20	T	549	62	810	69	0	54	648433	649977	0	0	6	0	0	0	5853	5859
TP1_synth_reverse		21	T	1842	115	1	77	0	184	647758	649977	0	0	0	0	0	0	5859	5859
TP1_synth_reverse		22	G	136	652	216	647861	1	113	998	649977	0	1	1	5853	0	0	4	5859
TP1_synth_reverse		23	C	1036	646787	82	174	716	75	1125	649995	3	5834	3	2	9	0	9	5860
TP1_synth_reverse		24	G	206	582	456	648349	0	47	355	649995	0	1	3	5856	0	0	0	5860
TP1_synth_reverse		25	G	207	402	3	649077	1	67	238	649995	0	0	0	5859	0	0	1	5860
TP1_synth_reverse		26	A	649208	17	10	146	426	96	104	650007	5858	0	0	0	2	0	0	5860
TP1_synth_reverse		27	G	139	408	54	648560	20	76	750	650007	0	1	1	5857	0	0	1	5860
TP1_synth_reverse		28	A	649551	131	130	67	0	37	91	650007	5859	0	1	0	0	0	0	5860
TP1_synth_reverse		29	T	732	74	556	48	0	13	648584	650007	0	0	9	0	0	0	5851	5860
TP1_synth_reverse		30	T	2537	109	31	12	0	55	647269	650013	0	0	1	0	0	0	5859	5860
TP1_synth_reverse		31	C	778	646317	2763	40	0	15	101	650014	0	5846	14	0	0	0	0	5860
TP1_synth_reverse		32	T	960	74	95	48	0	50	648785	650012	0	0	2	0	0	0	5858	5860
TP1_synth_reverse		33	C	770	648037	881	32	0	20	267	650007	0	5851	5	0	0	0	4	5860
TP1_synth_reverse		34	T	1214	110	2599	46	0	18	646020	650007	0	0	12	0	0	0	5848	5860
TP1_synth_reverse		35	T	2968	75	683	60	17	41	646148	649992	0	0	3	0	0	0	5857	5860
TP1_synth_reverse		36	C	599	646779	2423	26	0	60	104	649991	0	5849	11	0	0	0	0	5860
TP1_synth_reverse		37	C	669	648534	4	87	0	39	644	649977	0	5858	0	1	0	0	1	5860
TP1_synth_reverse		38	T	1405	67	665	37	0	104	647692	649970	0	0	2	0	0	0	5858	5860
TP1_synth_reverse		39	C	373	649380	50	36	1	21	107	649968	0	5860	0	0	0	0	0	5860
TP1_synth_reverse		40	T	1473	82	90	23	18	26	648252	649964	0	0	2	0	0	0	5858	5860
TP1_synth_reverse		41	G	145	1338	109	646651	1	16	1696	649956	0	0	1	5859	0	0	0	5860
TP1_synth_reverse		42	T	2400	79	170	45	270	128	646861	649953	0	0	1	0	1	0	5858	5860
TP1_synth_reverse		43	G	160	1379	390	646954	6	82	986	649957	0	0	1	5858	0	0	1	5860
TP1_synth_reverse		44	C	796	646948	827	41	0	102	1241	649955	0	5852	4	0	0	0	4	5860
TP1_synth_reverse		45	G	226	414	681	645781	78	66	2704	649950	1	2	4	5851	2	0	0	5860
TP1_synth_reverse		46	C	1480	647696	295	31	0	25	447	649974	0	5856	3	0	0	0	1	5860
TP1_synth_reverse		47	C	438	648914	0	29	217	6	367	649971	0	5857	0	0	2	0	1	5860
TP1_synth_reverse		48	G	213	1294	454	645162	410	6	2423	649962	0	1	1	5855	3	0	0	5860
TP1_synth_reverse		49	A	649378	44	393	57	0	49	100	650021	5860	0	1	0	0	0	0	5861
TP1_synth_reverse		50	T	2662	458	14	24	174	28	646655	650015	0	2	0	0	3	0	5856	5861
TP1_synth_reverse		51	A	648975	37	774	84	0	70	102	650042	5857	0	4	0	0	0	0	5861
TP1_synth_reverse		52	C	624	648509	409	34	276	42	142	650036	1	5857	2	0	1	0	0	5861
TP1_synth_reverse		53	A	649133	32	618	136	5	39	87	650050	5858	0	3	0	0	0	0	5861
TP1_synth_reverse		54	G	204	390	434	648297	165	20	525	650035	0	0	1	5858	1	0	1	5861
TP1_synth_reverse		55	A	648967	152	750	106	0	41	54	650070	5859	0	3	0	0	0	0	5862
TP1_synth_reverse		56	A	649782	15	0	103	0	59	108	650067	5862	0	0	0	0	0	0	5862
TP1_synth_reverse		57	T	3446	50	39	182	337	39	645957	650050	0	0	1	0	1	0	5860	5862
TP1_synth_reverse		58	A	649808	13	15	74	0	46	118	650074	5863	0	0	0	0	0	0	5863
TP1_synth_reverse		59	T	2146	53	31	88	0	18	647722	650058	0	0	0	0	0	0	5863	5863
TP1_synth_reverse		60	C	1623	648156	4	120	0	44	93	650040	0	5863	0	0	0	0	0	5863
TP1_synth_reverse		61	T	1712	75	228	252	1	11	647760	650039	0	0	1	0	0	0	5863	5864
TP1_synth_reverse		62	G	661	267	627	647261	432	102	675	650025	0	0	5	5857	1	0	1	5864
TP1_synth_reverse		63	T	4089	73	186	39	0	39	645608	650034	0	0	2	0	0	0	5863	5865
TP1_synth_reverse		64	T	2427	56	1	84	191	80	647184	650023	0	0	0	0	2	0	5863	5865
TP1_synth_reverse		65	C	693	648148	769	58	95	89	175	650027	0	5863	1	0	1	0	0	5865
TP1_synth_reverse		66	G	527	361	301	648061	0	46	718	650014	0	0	1	5864	0	0	0	5865
TP1_synth_reverse		67	C	954	648178	474	22	147	134	115	650024	0	5864	0	0	2	0	0	5866
TP1_synth_reverse		68	A	648264	404	997	140	0	138	88	650031	5859	0	7	0	0	0	0	5866
TP1_synth_reverse		69	C	209	649486	73	37	0	81	139	650025	0	5865	0	0	0	0	1	5866
TP1_synth_reverse		70	T	1367	101	3	213	3	39	648285	650011	0	0	0	0	0	0	5866	5866
TP1_synth_reverse		71	C	342	649040	461	34	2	10	118	650007	0	5859	7	0	0	0	0	5866
TP1_synth_reverse		72	C	1008	647747	0	60	926	53	204	649998	1	5865	0	0	0	0	0	5866
TP1_synth_reverse		73	G	429	321	119	648492	227	194	197	649979	0	0	0	5866	0	0	0	5866
TP1_synth_reverse		74	A	649126	111	530	89	0	100	20	649976	5864	0	2	0	0	0	0	5866
TP1_synth_reverse		75	G	196	267	398	648900	3	18	181	649963	0	0	2	5864	0	0	0	5866
TP1_synth_reverse		76	T	3373	84	129	81	359	31	645895	649952	0	0	1	0	0	0	5865	5866
TP1_synth_reverse		77	G	156	372	27	648485	3	36	858	649937	1	0	0	5865	0	0	0	5866
TP1_synth_reverse		78	C	517	648276	499	42	0	42	554	649930	0	5864	1	0	0	0	1	5866
TP1_synth_reverse		79	G	887	902	808	646627	0	173	527	649924	2	0	3	5860	0	0	1	5866
TP1_synth_reverse		80	G	1046	211	0	648077	151	162	260	649907	1	0	0	5865	0	0	0	5866
TP1_synth_reverse		81	C	239	647839	804	65	684	125	144	649900	0	5860	3	0	3	0	0	5866
TP1_synth_reverse		82	A	647791	39	1713	118	1	69	126	649857	5862	0	4	0	0	0	0	5866
TP1_synth_reverse		83	A	649423	78	2	88	0	203	59	649853	5866	0	0	0	0	0	0	5866
TP1_synth_reverse		84	A	649385	45	0	185	98	55	29	649797	5866	0	0	0	0	0	0	5866
TP1_synth_reverse		85	G	128	271	54	648967	1	95	171	649687	0	0	0	5866	0	0	0	5866
TP1_synth_reverse		86	C	364	648889	80	42	85	52	119	649631	0	5864	1	0	1	0	0	5866
TP1_synth_reverse		87	T	1487	90	21	92	0	74	647767	649531	0	0	0	0	0	0	5866	5866
TP1_synth_reverse		88	G	177	462	29	648482	87	95	157	649489	0	0	0	5865	1	0	0	5866
TP1_synth_reverse		89	T	1071	73	111	36	0	236	647899	649426	0	0	1	0	0	0	5865	5866
TP1_synth_reverse		90	T	1096	88	1	41	1	142	647788	649157	0	0	0	0	0	0	5866	5866
TP1_synth_reverse		91	C	579	647068	0	454	3	27	805	648936	0	5866	0	0	0	0	0	5866
TP1_synth_reverse		92	C	362	647160	0	388	0	44	244	648198	0	5866	0	0	0	0	0	5866
TP1_synth_reverse		93	G	410	200	0	645845	0	73	89	646617	0	0	0	5865	0	0	0	5865
TP1_synth_reverse		94	T	860	77	0	124	0	176	645229	646466	0	0	0	0	0	0	5865	5865
TP1_synth_reverse		95	C	0	645973	0	0	0	112	0	646085	0	5865	0	0	0	0	0	5865
TP1_synth_reverse		96	C	0	645456	0	0	0	55	0	645511	0	5865	0	0	0	0	0	5865
TP1_synth_reverse		97	C	0	643511	0	0	0	142	0	643653	0	5864	0	0	0	0	0	5864
TP1_synth_reverse		98	A	641371	0	0	0	0	0	0	641371	5864	0	0	0	0	0	0	5864
TP1_synth_reverse		99	G	0	0	0	640276	0	0	0	640276	0	0	0	5864	0	0	0	5864
