



























































































































































































































#AmpliconChromStart	Alias	Position	ProbableRef	rawA	rawC	rawD	rawG	rawI	rawN	rawT	rawDepth	consA	consC	consD	consG	consI	consN	consT	consDepth	
TP1_synth_reverse		1	G	0	0	0	875339	0	0	0	875339	0	0	0	13946	0	0	0	13946
TP1_synth_reverse		2	T	0	0	0	0	0	0	877770	877770	0	0	0	0	0	0	13959	13959
TP1_synth_reverse		3	G	0	0	0	880856	0	104	0	880960	0	0	0	13990	0	0	0	13990
TP1_synth_reverse		4	G	0	0	0	881689	0	60	0	881749	0	0	0	13997	0	0	0	13997
TP1_synth_reverse		5	T	0	0	0	0	0	15	882208	882223	0	0	0	0	0	0	14002	14002
TP1_synth_reverse		6	G	122	76	0	882466	0	14	131	882809	1	0	0	14008	0	0	0	14009
TP1_synth_reverse		7	A	882723	20	0	122	0	66	123	883054	14012	0	0	0	0	0	0	14012
TP1_synth_reverse		8	G	299	77	0	882618	0	108	280	883382	1	0	0	14013	0	0	2	14016
TP1_synth_reverse		9	G	215	136	0	882919	3	38	128	883439	1	0	0	14017	0	0	0	14018
TP1_synth_reverse		10	C	229	882973	31	28	0	33	188	883482	0	14018	1	0	0	0	0	14019
TP1_synth_reverse		11	T	176	149	18	34	13	21	883091	883502	0	0	0	1	0	0	14018	14019
TP1_synth_reverse		12	C	455	882623	171	19	0	86	169	883523	1	14018	0	0	0	0	1	14020
TP1_synth_reverse		13	C	395	882834	5	23	0	98	180	883535	0	14019	0	0	0	0	1	14020
TP1_synth_reverse		14	C	428	882913	0	21	0	46	127	883535	0	14020	0	0	0	0	0	14020
TP1_synth_reverse		15	C	286	883003	0	38	4	53	151	883535	0	14019	0	0	0	0	1	14020
TP1_synth_reverse		16	T	422	101	44	13	0	213	882765	883558	1	0	0	0	0	0	14019	14020
TP1_synth_reverse		17	T	348	121	1	9	0	65	883020	883564	0	0	0	0	0	0	14020	14020
TP1_synth_reverse		18	T	322	134	0	9	1	66	883032	883564	0	0	0	0	0	0	14020	14020
TP1_synth_reverse		19	C	386	882937	11	26	0	60	271	883691	2	14016	1	0	0	0	2	14021
TP1_synth_reverse		20	T	269	101	16	18	0	22	883266	883692	0	0	0	0	0	0	14021	14021
TP1_synth_reverse		21	T	466	245	0	69	0	114	882803	883697	0	3	0	0	0	0	14018	14021
TP1_synth_reverse		22	G	104	379	84	882333	0	22	775	883697	0	0	0	14014	0	0	7	14021
TP1_synth_reverse		23	C	1165	881872	25	48	0	25	569	883704	6	14008	0	0	0	0	7	14021
TP1_synth_reverse		24	G	215	158	30	882476	0	49	776	883704	0	0	0	14018	0	0	3	14021
TP1_synth_reverse		25	G	241	639	6	881908	0	107	815	883716	1	0	0	14015	0	0	6	14022
TP1_synth_reverse		26	A	883324	22	6	207	0	47	125	883731	14023	0	0	0	0	0	0	14023
TP1_synth_reverse		27	G	52	719	0	882702	0	25	233	883731	0	0	0	14022	0	0	1	14023
TP1_synth_reverse		28	A	883444	35	0	94	3	31	124	883731	14023	0	0	0	0	0	0	14023
TP1_synth_reverse		29	T	227	100	485	128	0	148	882643	883731	0	0	5	0	0	0	14018	14023
TP1_synth_reverse		30	T	911	260	50	49	0	130	882331	883731	0	1	1	0	0	0	14021	14023
TP1_synth_reverse		31	C	499	882966	71	37	0	72	75	883720	1	14020	2	0	0	0	0	14023
TP1_synth_reverse		32	T	520	94	67	48	0	350	882639	883718	0	0	2	0	0	0	14021	14023
TP1_synth_reverse		33	C	492	882793	68	48	0	137	176	883714	3	14015	2	0	0	0	3	14023
TP1_synth_reverse		34	T	621	163	100	100	0	103	882625	883712	0	1	3	2	0	0	14017	14023
TP1_synth_reverse		35	T	1407	117	18	59	0	87	882010	883698	0	0	1	0	0	0	14022	14023
TP1_synth_reverse		36	C	613	882897	24	20	0	57	92	883703	1	14021	1	0	0	0	0	14023
TP1_synth_reverse		37	C	741	882691	5	49	0	70	139	883695	1	14022	0	0	0	0	0	14023
TP1_synth_reverse		38	T	647	73	7	261	1	31	882668	883688	0	0	0	0	0	0	14023	14023
TP1_synth_reverse		39	C	383	883084	2	51	0	61	104	883685	0	14023	0	0	0	0	0	14023
TP1_synth_reverse		40	T	1276	529	10	35	0	171	881662	883683	2	4	0	0	0	0	14017	14023
TP1_synth_reverse		41	G	730	544	9	881858	0	28	515	883684	2	0	0	14016	0	0	5	14023
TP1_synth_reverse		42	T	2152	185	199	258	0	76	880811	883681	0	3	3	1	0	0	14016	14023
TP1_synth_reverse		43	G	412	417	7	881800	0	450	599	883685	0	0	0	14019	0	0	4	14023
TP1_synth_reverse		44	C	1310	880598	5	59	0	188	1538	883698	8	14001	0	0	0	0	15	14024
TP1_synth_reverse		45	G	606	298	1	881021	1	77	1689	883693	6	0	0	14011	0	0	7	14024
TP1_synth_reverse		46	C	1111	881842	8	42	0	6	683	883692	5	14015	0	0	0	0	4	14024
TP1_synth_reverse		47	C	474	882754	2	39	0	32	389	883690	2	14020	0	0	0	0	2	14024
TP1_synth_reverse		48	G	391	615	8	881217	0	42	1401	883674	4	0	0	14017	0	0	3	14024
TP1_synth_reverse		49	A	883218	33	3	93	0	210	131	883688	14024	0	0	0	0	0	0	14024
TP1_synth_reverse		50	T	882	84	2	133	0	131	882449	883681	0	0	0	0	0	0	14024	14024
TP1_synth_reverse		51	A	883238	47	3	122	0	117	151	883678	14023	0	0	1	0	0	0	14024
TP1_synth_reverse		52	C	507	882482	2	138	0	266	280	883675	0	14022	0	0	0	0	2	14024
TP1_synth_reverse		53	A	882969	30	5	217	0	304	166	883691	14023	0	0	1	0	0	1	14025
TP1_synth_reverse		54	G	124	190	9	882641	1	92	628	883685	0	0	0	14021	0	0	4	14025
TP1_synth_reverse		55	A	883328	83	11	95	1	110	95	883723	14026	0	0	0	0	0	0	14026
TP1_synth_reverse		56	A	883303	16	0	176	0	98	128	883721	14026	0	0	0	0	0	0	14026
TP1_synth_reverse		57	T	1505	151	4	205	0	229	881600	883694	0	1	0	0	0	0	14025	14026
TP1_synth_reverse		58	A	883199	16	0	84	0	289	133	883721	14027	0	0	0	0	0	0	14027
TP1_synth_reverse		59	T	897	56	5	98	0	395	882250	883701	0	0	0	0	0	0	14027	14027
TP1_synth_reverse		60	C	789	882357	127	77	0	249	85	883684	0	14026	1	0	0	0	0	14027
TP1_synth_reverse		61	T	1118	100	126	42	0	228	882066	883680	0	0	1	0	0	0	14026	14027
TP1_synth_reverse		62	G	348	209	125	882013	0	323	656	883674	0	0	1	14016	0	0	10	14027
TP1_synth_reverse		63	T	1998	65	167	32	0	179	881229	883670	0	0	2	0	0	0	14025	14027
TP1_synth_reverse		64	T	1733	83	127	22	0	32	881670	883667	0	0	1	0	0	0	14026	14027
TP1_synth_reverse		65	C	1389	881361	339	216	0	144	208	883657	3	14018	3	1	0	0	2	14027
TP1_synth_reverse		66	G	1057	313	139	880351	0	50	1743	883653	5	0	1	13999	0	0	22	14027
TP1_synth_reverse		67	C	952	882150	10	44	0	229	265	883650	1	14023	0	0	0	0	3	14027
TP1_synth_reverse		68	A	883078	201	47	165	0	93	81	883665	14027	0	1	0	0	0	0	14028
TP1_synth_reverse		69	C	492	882989	1	41	0	53	86	883662	2	14026	0	0	0	0	0	14028
TP1_synth_reverse		70	T	998	422	0	42	0	107	882096	883665	0	3	0	0	0	0	14025	14028
TP1_synth_reverse		71	C	376	882773	29	21	0	359	107	883665	1	14027	0	0	0	0	0	14028
TP1_synth_reverse		72	C	894	882178	6	139	0	117	324	883658	1	14022	0	1	0	0	4	14028
TP1_synth_reverse		73	G	342	433	18	882195	0	336	329	883653	2	0	0	14026	0	0	0	14028
TP1_synth_reverse		74	A	883236	26	5	202	0	137	45	883651	14027	0	0	1	0	0	0	14028
TP1_synth_reverse		75	G	116	368	21	881438	0	52	1641	883636	0	0	0	14009	0	0	19	14028
TP1_synth_reverse		76	T	863	113	28	59	0	58	882508	883629	0	0	0	0	0	0	14028	14028
TP1_synth_reverse		77	G	253	296	64	882334	0	60	603	883610	1	0	2	14021	0	0	4	14028
TP1_synth_reverse		78	C	596	880821	107	46	0	550	1483	883603	1	14010	3	0	0	0	14	14028
TP1_synth_reverse		79	G	493	507	9	874251	0	143	8192	883595	4	0	0	13920	0	0	104	14028
TP1_synth_reverse		80	G	478	269	4	876984	0	141	5709	883585	2	2	0	13975	0	0	49	14028
TP1_synth_reverse		81	C	436	882784	14	83	0	102	155	883574	3	14025	0	0	0	0	0	14028
TP1_synth_reverse		82	A	882959	42	93	173	0	68	127	883462	14028	0	0	0	0	0	0	14028
TP1_synth_reverse		83	A	882918	75	11	91	0	252	114	883461	14027	1	0	0	0	0	0	14028
TP1_synth_reverse		84	A	882873	42	0	154	73	241	50	883433	14028	0	0	0	0	0	0	14028
TP1_synth_reverse		85	G	404	367	126	882182	10	107	171	883367	2	1	1	14024	0	0	0	14028
TP1_synth_reverse		86	C	875	882046	0	193	24	69	119	883326	3	14021	0	3	1	0	0	14028
TP1_synth_reverse		87	T	961	85	167	25	93	313	881619	883263	0	0	0	0	0	0	14028	14028
TP1_synth_reverse		88	G	326	416	3	882065	75	146	195	883226	2	0	0	14025	1	0	0	14028
TP1_synth_reverse		89	T	642	112	267	20	0	40	882106	883187	0	0	2	0	0	0	14026	14028
TP1_synth_reverse		90	T	578	119	4	90	1	78	881948	882818	0	0	0	0	0	0	14028	14028
TP1_synth_reverse		91	C	504	881742	0	54	0	305	130	882735	0	14028	0	0	0	0	0	14028
TP1_synth_reverse		92	C	475	881165	0	51	0	443	215	882349	0	14027	0	0	0	0	0	14027
TP1_synth_reverse		93	G	277	289	0	880521	0	146	161	881394	1	0	0	14024	0	0	0	14025
TP1_synth_reverse		94	T	482	115	0	63	0	64	880292	881016	0	0	0	1	0	0	14024	14025
TP1_synth_reverse		95	C	0	880408	0	0	0	169	0	880577	0	14025	0	0	0	0	0	14025
TP1_synth_reverse		96	C	0	879279	0	0	0	114	0	879393	0	14022	0	0	0	0	0	14022
TP1_synth_reverse		97	C	0	877984	0	0	0	167	0	878151	0	14022	0	0	0	0	0	14022
TP1_synth_reverse		98	A	874593	0	0	0	0	0	0	874593	14017	0	0	0	0	0	0	14017
TP1_synth_reverse		99	G	0	0	0	872910	0	0	0	872910	0	0	0	14016	0	0	0	14016
