



























































































































































































































#AmpliconChromStart	Alias	Position	ProbableRef	rawA	rawC	rawD	rawG	rawI	rawN	rawT	rawDepth	consA	consC	consD	consG	consI	consN	consT	consDepth	
TP1_synth_reverse		1	G	0	0	0	875339	0	0	0	875339	0	0	0	17003	0	0	0	17003
TP1_synth_reverse		2	T	0	0	0	0	0	0	877770	877770	0	0	0	0	0	0	17020	17020
TP1_synth_reverse		3	G	0	0	0	880856	0	104	0	880960	0	0	0	17057	0	0	0	17057
TP1_synth_reverse		4	G	0	0	0	881689	0	60	0	881749	0	0	0	17064	0	0	0	17064
TP1_synth_reverse		5	T	0	0	0	0	0	15	882208	882223	0	0	0	0	0	0	17070	17070
TP1_synth_reverse		6	G	122	76	0	882466	0	14	131	882809	1	0	0	17078	0	0	0	17079
TP1_synth_reverse		7	A	882723	20	0	122	0	66	123	883054	17082	0	0	0	0	0	0	17082
TP1_synth_reverse		8	G	299	77	0	882618	0	108	280	883382	1	0	0	17084	0	0	2	17087
TP1_synth_reverse		9	G	215	136	0	882919	3	38	128	883439	1	0	0	17088	0	0	0	17089
TP1_synth_reverse		10	C	229	882973	31	28	0	33	188	883482	0	17089	1	0	0	0	0	17090
TP1_synth_reverse		11	T	176	149	18	34	13	21	883091	883502	0	0	0	1	0	0	17090	17091
TP1_synth_reverse		12	C	455	882623	171	19	0	86	169	883523	1	17090	0	0	0	0	1	17092
TP1_synth_reverse		13	C	395	882834	5	23	0	98	180	883535	0	17091	0	0	0	0	1	17092
TP1_synth_reverse		14	C	428	882913	0	21	0	46	127	883535	0	17092	0	0	0	0	0	17092
TP1_synth_reverse		15	C	286	883003	0	38	4	53	151	883535	0	17091	0	0	0	0	1	17092
TP1_synth_reverse		16	T	422	101	44	13	0	213	882765	883558	1	0	0	0	0	0	17092	17093
TP1_synth_reverse		17	T	348	121	1	9	0	65	883020	883564	0	0	0	0	0	0	17093	17093
TP1_synth_reverse		18	T	322	134	0	9	1	66	883032	883564	0	0	0	0	0	0	17093	17093
TP1_synth_reverse		19	C	386	882937	11	26	0	60	271	883691	2	17089	1	0	0	0	2	17094
TP1_synth_reverse		20	T	269	101	16	18	0	22	883266	883692	0	0	0	0	0	0	17094	17094
TP1_synth_reverse		21	T	466	245	0	69	0	114	882803	883697	0	3	0	0	0	0	17091	17094
TP1_synth_reverse		22	G	104	379	84	882333	0	22	775	883697	0	0	0	17086	0	0	8	17094
TP1_synth_reverse		23	C	1165	881865	25	48	0	25	569	883697	7	17077	0	0	0	0	10	17094
TP1_synth_reverse		24	G	215	158	30	882469	0	49	776	883697	0	0	1	17090	0	0	3	17094
TP1_synth_reverse		25	G	241	639	6	881901	0	107	815	883709	1	0	0	17088	0	0	6	17095
TP1_synth_reverse		26	A	883317	22	6	207	0	47	125	883724	17096	0	0	0	0	0	0	17096
TP1_synth_reverse		27	G	52	719	0	882695	0	25	233	883724	0	0	0	17094	0	0	2	17096
TP1_synth_reverse		28	A	883437	35	0	94	3	31	124	883724	17096	0	0	0	0	0	0	17096
TP1_synth_reverse		29	T	227	100	485	128	0	148	882636	883724	0	0	5	0	0	0	17091	17096
TP1_synth_reverse		30	T	910	260	50	49	0	130	882325	883724	0	1	1	0	0	0	17094	17096
TP1_synth_reverse		31	C	498	882960	71	37	0	72	75	883713	1	17092	3	0	0	0	0	17096
TP1_synth_reverse		32	T	520	94	67	48	0	350	882632	883711	0	0	3	0	0	0	17093	17096
TP1_synth_reverse		33	C	492	882786	68	48	0	137	176	883707	3	17087	3	0	0	0	3	17096
TP1_synth_reverse		34	T	619	163	100	100	0	103	882620	883705	0	1	4	2	0	0	17089	17096
TP1_synth_reverse		35	T	1407	117	18	59	0	87	882003	883691	0	0	2	0	0	0	17094	17096
TP1_synth_reverse		36	C	613	882890	24	20	0	57	92	883696	1	17094	2	0	0	0	0	17097
TP1_synth_reverse		37	C	741	882684	5	49	0	70	139	883688	2	17094	0	0	0	0	1	17097
TP1_synth_reverse		38	T	647	73	7	261	1	31	882661	883681	0	0	0	0	0	0	17097	17097
TP1_synth_reverse		39	C	382	883078	2	51	0	61	104	883678	1	17096	0	0	0	0	0	17097
TP1_synth_reverse		40	T	1276	529	10	35	0	171	881655	883676	2	4	0	0	0	0	17091	17097
TP1_synth_reverse		41	G	729	544	9	881852	0	28	515	883677	2	0	0	17090	0	0	5	17097
TP1_synth_reverse		42	T	2152	185	199	258	0	76	880804	883674	0	3	3	1	0	0	17090	17097
TP1_synth_reverse		43	G	410	417	7	881795	0	450	599	883678	0	0	0	17093	0	0	5	17098
TP1_synth_reverse		44	C	1309	880592	5	59	0	188	1538	883691	10	17068	0	0	0	0	21	17099
TP1_synth_reverse		45	G	606	298	1	881020	1	77	1686	883689	6	0	0	17085	0	0	8	17099
TP1_synth_reverse		46	C	1111	881838	8	42	0	6	683	883688	5	17088	0	0	0	0	6	17099
TP1_synth_reverse		47	C	473	882751	2	39	0	32	389	883686	2	17095	0	0	0	0	2	17099
TP1_synth_reverse		48	G	391	615	8	881225	0	42	1398	883679	4	0	0	17090	0	0	6	17100
TP1_synth_reverse		49	A	883223	33	3	93	0	210	131	883693	17100	0	0	0	0	0	0	17100
TP1_synth_reverse		50	T	880	84	2	133	0	131	882456	883686	0	0	0	0	0	0	17100	17100
TP1_synth_reverse		51	A	883243	47	3	122	0	117	151	883683	17099	0	0	1	0	0	0	17100
TP1_synth_reverse		52	C	505	882489	2	138	0	266	280	883680	1	17096	0	0	0	0	3	17100
TP1_synth_reverse		53	A	882974	30	5	217	0	304	166	883696	17099	0	0	1	0	0	1	17101
TP1_synth_reverse		54	G	123	190	9	882647	1	92	628	883690	0	0	0	17097	0	0	4	17101
TP1_synth_reverse		55	A	883333	83	11	95	1	110	95	883728	17102	0	0	0	0	0	0	17102
TP1_synth_reverse		56	A	883308	16	0	176	0	98	128	883726	17102	0	0	0	0	0	0	17102
TP1_synth_reverse		57	T	1506	151	4	206	0	229	881603	883699	0	1	0	0	0	0	17101	17102
TP1_synth_reverse		58	A	883204	16	0	84	0	289	133	883726	17103	0	0	0	0	0	0	17103
TP1_synth_reverse		59	T	897	56	5	98	0	395	882255	883706	0	0	0	0	0	0	17103	17103
TP1_synth_reverse		60	C	789	882362	127	77	0	249	85	883689	0	17102	1	0	0	0	0	17103
TP1_synth_reverse		61	T	1118	100	126	42	0	228	882071	883685	0	0	1	0	0	0	17102	17103
TP1_synth_reverse		62	G	349	211	125	882016	0	323	655	883679	0	0	1	17091	0	0	11	17103
TP1_synth_reverse		63	T	2001	65	167	32	0	179	881231	883675	0	0	5	0	0	0	17098	17103
TP1_synth_reverse		64	T	1733	83	127	22	0	32	881675	883672	0	0	1	0	0	0	17102	17103
TP1_synth_reverse		65	C	1390	881365	339	216	0	144	208	883662	6	17089	3	2	0	0	3	17103
TP1_synth_reverse		66	G	1057	313	139	880357	0	50	1742	883658	5	0	1	17069	0	0	28	17103
TP1_synth_reverse		67	C	952	882155	10	44	0	229	265	883655	1	17099	0	0	0	0	3	17103
TP1_synth_reverse		68	A	883083	201	47	165	0	93	81	883670	17103	0	1	0	0	0	0	17104
TP1_synth_reverse		69	C	492	882993	1	41	0	53	87	883667	2	17102	0	0	0	0	0	17104
TP1_synth_reverse		70	T	998	422	0	42	0	107	882093	883662	0	3	0	0	0	0	17101	17104
TP1_synth_reverse		71	C	375	882771	29	21	0	359	107	883662	1	17103	0	0	0	0	0	17104
TP1_synth_reverse		72	C	895	882174	6	139	0	117	324	883655	1	17097	0	1	0	0	5	17104
TP1_synth_reverse		73	G	342	433	18	882192	0	336	329	883650	2	0	0	17102	0	0	0	17104
TP1_synth_reverse		74	A	883233	26	5	202	0	137	45	883648	17100	0	0	3	0	0	1	17104
TP1_synth_reverse		75	G	116	368	21	881435	0	52	1641	883633	0	0	0	17081	0	0	23	17104
TP1_synth_reverse		76	T	864	113	28	59	0	58	882504	883626	0	0	0	0	0	0	17104	17104
TP1_synth_reverse		77	G	253	296	64	882331	0	60	603	883607	3	0	2	17094	0	0	5	17104
TP1_synth_reverse		78	C	596	880818	107	46	0	550	1483	883600	1	17082	4	0	0	0	17	17104
TP1_synth_reverse		79	G	493	506	9	874249	0	143	8192	883592	8	0	0	16953	0	0	143	17104
TP1_synth_reverse		80	G	478	269	4	876982	0	141	5708	883582	3	2	0	17038	0	0	61	17104
TP1_synth_reverse		81	C	436	882781	14	83	0	102	155	883571	3	17101	0	0	0	0	0	17104
TP1_synth_reverse		82	A	882956	42	93	173	0	68	127	883459	17104	0	0	0	0	0	0	17104
TP1_synth_reverse		83	A	882915	75	11	91	0	252	114	883458	17103	1	0	0	0	0	0	17104
TP1_synth_reverse		84	A	882870	42	0	154	73	241	50	883430	17104	0	0	0	0	0	0	17104
TP1_synth_reverse		85	G	404	367	126	882179	10	107	171	883364	2	1	1	17099	1	0	0	17104
TP1_synth_reverse		86	C	874	882044	0	193	24	69	119	883323	3	17096	0	4	1	0	0	17104
TP1_synth_reverse		87	T	962	85	167	25	93	313	881615	883260	0	0	0	0	0	0	17104	17104
TP1_synth_reverse		88	G	326	416	3	882063	75	146	195	883224	2	0	0	17101	1	0	0	17104
TP1_synth_reverse		89	T	641	112	267	20	0	40	882105	883185	0	0	2	0	0	0	17102	17104
TP1_synth_reverse		90	T	578	119	4	90	1	78	881946	882816	0	0	0	0	0	0	17104	17104
TP1_synth_reverse		91	C	504	881740	0	54	0	305	130	882733	0	17103	0	0	0	0	1	17104
TP1_synth_reverse		92	C	475	881163	0	51	0	443	215	882347	1	17102	0	0	0	0	0	17103
TP1_synth_reverse		93	G	277	289	0	880519	0	146	161	881392	1	0	0	17096	0	0	0	17097
TP1_synth_reverse		94	T	482	115	0	63	0	64	880290	881014	0	0	0	1	0	0	17095	17096
TP1_synth_reverse		95	C	0	880406	0	0	0	169	0	880575	0	17095	0	0	0	0	0	17095
TP1_synth_reverse		96	C	0	879277	0	0	0	114	0	879391	0	17092	0	0	0	0	0	17092
TP1_synth_reverse		97	C	0	877982	0	0	0	167	0	878149	0	17092	0	0	0	0	0	17092
TP1_synth_reverse		98	A	874590	0	0	0	0	0	0	874590	17081	0	0	0	0	0	0	17081
TP1_synth_reverse		99	G	0	0	0	872907	0	0	0	872907	0	0	0	17079	0	0	0	17079
