



























































































































































































































#AmpliconChromStart	Alias	Position	ProbableRef	rawA	rawC	rawD	rawG	rawI	rawN	rawT	rawDepth	consA	consC	consD	consG	consI	consN	consT	consDepth	
TP1_synth_reverse		1	G	0	0	0	875339	0	0	0	875339	0	0	0	13022	0	0	0	13022
TP1_synth_reverse		2	T	0	0	0	0	0	0	877770	877770	0	0	0	0	0	0	13035	13035
TP1_synth_reverse		3	G	0	0	0	880856	0	104	0	880960	0	0	0	13066	0	0	0	13066
TP1_synth_reverse		4	G	0	0	0	881689	0	60	0	881749	0	0	0	13073	0	0	0	13073
TP1_synth_reverse		5	T	0	0	0	0	0	15	882208	882223	0	0	0	0	0	0	13078	13078
TP1_synth_reverse		6	G	122	76	0	882466	0	14	131	882809	1	0	0	13083	0	0	0	13084
TP1_synth_reverse		7	A	882723	20	0	122	0	66	123	883054	13087	0	0	0	0	0	0	13087
TP1_synth_reverse		8	G	299	77	0	882618	0	108	280	883382	1	0	0	13088	0	0	2	13091
TP1_synth_reverse		9	G	215	136	0	882919	3	38	128	883439	1	0	0	13092	0	0	0	13093
TP1_synth_reverse		10	C	229	882973	31	28	0	33	188	883482	0	13093	1	0	0	0	0	13094
TP1_synth_reverse		11	T	176	149	18	34	13	21	883091	883502	0	0	0	1	0	0	13093	13094
TP1_synth_reverse		12	C	455	882623	171	19	0	86	169	883523	1	13093	0	0	0	0	1	13095
TP1_synth_reverse		13	C	395	882834	5	23	0	98	180	883535	0	13094	0	0	0	0	1	13095
TP1_synth_reverse		14	C	428	882923	0	21	0	46	127	883545	0	13095	0	0	0	0	0	13095
TP1_synth_reverse		15	C	286	883013	0	38	4	53	151	883545	0	13094	0	0	0	0	1	13095
TP1_synth_reverse		16	T	422	101	44	13	0	213	882775	883568	1	0	0	0	0	0	13094	13095
TP1_synth_reverse		17	T	348	121	1	9	0	65	883030	883574	0	0	0	0	0	0	13095	13095
TP1_synth_reverse		18	T	322	134	0	9	1	66	883042	883574	0	0	0	0	0	0	13095	13095
TP1_synth_reverse		19	C	387	882946	11	26	0	60	271	883701	1	13092	1	0	0	0	2	13096
TP1_synth_reverse		20	T	269	101	16	18	0	22	883276	883702	0	0	0	0	0	0	13096	13096
TP1_synth_reverse		21	T	467	245	0	69	0	114	882812	883707	0	3	0	0	0	0	13093	13096
TP1_synth_reverse		22	G	104	379	84	882343	0	22	775	883707	0	0	0	13090	0	0	6	13096
TP1_synth_reverse		23	C	1166	881881	25	48	0	25	569	883714	6	13084	0	0	0	0	6	13096
TP1_synth_reverse		24	G	215	158	30	882485	0	49	777	883714	0	0	0	13093	0	0	3	13096
TP1_synth_reverse		25	G	241	639	6	881917	0	107	816	883726	1	0	0	13090	0	0	6	13097
TP1_synth_reverse		26	A	883334	22	6	207	0	47	125	883741	13098	0	0	0	0	0	0	13098
TP1_synth_reverse		27	G	52	720	0	882711	0	25	233	883741	0	0	0	13097	0	0	1	13098
TP1_synth_reverse		28	A	883454	35	0	94	3	31	124	883741	13098	0	0	0	0	0	0	13098
TP1_synth_reverse		29	T	227	100	485	128	0	148	882653	883741	0	0	5	0	0	0	13093	13098
TP1_synth_reverse		30	T	912	260	50	49	0	130	882340	883741	0	1	1	0	0	0	13096	13098
TP1_synth_reverse		31	C	499	882976	71	37	0	72	75	883730	1	13095	2	0	0	0	0	13098
TP1_synth_reverse		32	T	520	94	67	48	0	350	882649	883728	0	0	2	0	0	0	13096	13098
TP1_synth_reverse		33	C	492	882803	68	48	0	137	176	883724	3	13090	2	0	0	0	3	13098
TP1_synth_reverse		34	T	622	163	100	100	0	103	882634	883722	0	1	3	2	0	0	13092	13098
TP1_synth_reverse		35	T	1409	117	18	59	0	87	882018	883708	0	0	1	0	0	0	13097	13098
TP1_synth_reverse		36	C	613	882907	24	20	0	57	92	883713	1	13096	1	0	0	0	0	13098
TP1_synth_reverse		37	C	742	882700	5	49	0	70	139	883705	1	13097	0	0	0	0	0	13098
TP1_synth_reverse		38	T	647	73	7	261	1	31	882678	883698	0	0	0	0	0	0	13098	13098
TP1_synth_reverse		39	C	384	883093	2	51	0	61	104	883695	0	13098	0	0	0	0	0	13098
TP1_synth_reverse		40	T	1277	529	10	35	0	171	881671	883693	2	4	0	0	0	0	13092	13098
TP1_synth_reverse		41	G	732	544	9	881866	0	28	515	883694	2	0	0	13091	0	0	5	13098
TP1_synth_reverse		42	T	2153	185	199	258	0	76	880820	883691	0	3	3	1	0	0	13091	13098
TP1_synth_reverse		43	G	413	417	7	881809	0	450	599	883695	0	0	0	13094	0	0	4	13098
TP1_synth_reverse		44	C	1310	880608	5	59	0	188	1538	883708	7	13077	0	0	0	0	15	13099
TP1_synth_reverse		45	G	606	298	1	881031	1	77	1689	883703	5	0	0	13088	0	0	6	13099
TP1_synth_reverse		46	C	1112	881851	8	42	0	6	683	883702	4	13091	0	0	0	0	4	13099
TP1_synth_reverse		47	C	474	882764	2	39	0	32	389	883700	2	13095	0	0	0	0	2	13099
TP1_synth_reverse		48	G	391	615	8	881236	0	42	1401	883693	4	0	0	13093	0	0	2	13099
TP1_synth_reverse		49	A	883237	33	3	93	0	210	131	883707	13099	0	0	0	0	0	0	13099
TP1_synth_reverse		50	T	882	84	2	133	0	131	882468	883700	0	0	0	0	0	0	13099	13099
TP1_synth_reverse		51	A	883257	47	3	122	0	117	151	883697	13098	0	0	1	0	0	0	13099
TP1_synth_reverse		52	C	507	882501	2	138	0	266	280	883694	0	13097	0	0	0	0	2	13099
TP1_synth_reverse		53	A	882988	30	5	217	0	304	166	883710	13098	0	0	1	0	0	1	13100
TP1_synth_reverse		54	G	124	190	9	882660	1	92	628	883704	0	0	0	13096	0	0	4	13100
TP1_synth_reverse		55	A	883347	83	11	95	1	110	95	883742	13101	0	0	0	0	0	0	13101
TP1_synth_reverse		56	A	883321	16	0	176	0	98	128	883739	13101	0	0	0	0	0	0	13101
TP1_synth_reverse		57	T	1506	151	4	205	0	229	881617	883712	0	1	0	0	0	0	13100	13101
TP1_synth_reverse		58	A	883217	16	0	84	0	289	133	883739	13102	0	0	0	0	0	0	13102
TP1_synth_reverse		59	T	897	56	5	98	0	395	882268	883719	0	0	0	0	0	0	13102	13102
TP1_synth_reverse		60	C	791	882373	127	77	0	249	85	883702	0	13101	1	0	0	0	0	13102
TP1_synth_reverse		61	T	1119	100	126	42	0	228	882083	883698	0	0	1	0	0	0	13101	13102
TP1_synth_reverse		62	G	350	210	125	882027	0	323	656	883691	0	0	1	13091	0	0	10	13102
TP1_synth_reverse		63	T	1998	65	167	32	0	179	881246	883687	0	0	2	0	0	0	13100	13102
TP1_synth_reverse		64	T	1734	83	127	22	0	32	881686	883684	0	0	1	0	0	0	13101	13102
TP1_synth_reverse		65	C	1390	881377	339	216	0	144	208	883674	3	13093	3	1	0	0	2	13102
TP1_synth_reverse		66	G	1057	313	139	880367	0	50	1744	883670	5	0	1	13076	0	0	20	13102
TP1_synth_reverse		67	C	954	882165	10	44	0	229	265	883667	1	13098	0	0	0	0	3	13102
TP1_synth_reverse		68	A	883095	201	47	165	0	93	81	883682	13102	0	1	0	0	0	0	13103
TP1_synth_reverse		69	C	492	883005	1	41	0	53	87	883679	2	13101	0	0	0	0	0	13103
TP1_synth_reverse		70	T	999	422	0	42	0	107	882104	883674	0	3	0	0	0	0	13100	13103
TP1_synth_reverse		71	C	376	882782	29	21	0	359	107	883674	1	13102	0	0	0	0	0	13103
TP1_synth_reverse		72	C	894	882187	6	139	0	117	324	883667	1	13097	0	1	0	0	4	13103
TP1_synth_reverse		73	G	342	433	18	882203	0	336	330	883662	2	0	0	13101	0	0	0	13103
TP1_synth_reverse		74	A	883245	26	5	202	0	137	45	883660	13102	0	0	1	0	0	0	13103
TP1_synth_reverse		75	G	116	368	21	881447	0	52	1641	883645	0	0	0	13084	0	0	19	13103
TP1_synth_reverse		76	T	863	113	28	59	0	58	882517	883638	0	0	0	0	0	0	13103	13103
TP1_synth_reverse		77	G	253	297	64	882342	0	60	603	883619	1	0	2	13096	0	0	4	13103
TP1_synth_reverse		78	C	595	880831	107	46	0	550	1483	883612	1	13085	3	0	0	0	14	13103
TP1_synth_reverse		79	G	493	507	9	874260	0	143	8192	883604	4	0	0	13000	0	0	99	13103
TP1_synth_reverse		80	G	478	269	4	876993	0	141	5709	883594	2	2	0	13052	0	0	47	13103
TP1_synth_reverse		81	C	436	882793	14	83	0	102	155	883583	3	13100	0	0	0	0	0	13103
TP1_synth_reverse		82	A	882968	42	93	173	0	68	127	883471	13103	0	0	0	0	0	0	13103
TP1_synth_reverse		83	A	882927	75	11	91	0	252	114	883470	13103	0	0	0	0	0	0	13103
TP1_synth_reverse		84	A	882882	42	0	154	73	241	50	883442	13103	0	0	0	0	0	0	13103
TP1_synth_reverse		85	G	404	367	126	882191	10	107	171	883376	2	1	1	13099	0	0	0	13103
TP1_synth_reverse		86	C	876	882054	0	193	24	69	119	883335	3	13097	0	2	1	0	0	13103
TP1_synth_reverse		87	T	961	85	167	25	93	313	881628	883272	0	0	0	0	0	0	13103	13103
TP1_synth_reverse		88	G	326	416	3	882074	75	146	195	883235	2	0	0	13100	1	0	0	13103
TP1_synth_reverse		89	T	642	112	267	20	0	40	882115	883196	0	0	2	0	0	0	13101	13103
TP1_synth_reverse		90	T	578	119	4	90	1	78	881957	882827	0	0	0	0	0	0	13103	13103
TP1_synth_reverse		91	C	504	881751	0	54	0	305	130	882744	0	13103	0	0	0	0	0	13103
TP1_synth_reverse		92	C	475	881173	0	51	0	443	215	882357	0	13102	0	0	0	0	0	13102
TP1_synth_reverse		93	G	277	289	0	880529	0	146	161	881402	1	0	0	13099	0	0	0	13100
TP1_synth_reverse		94	T	482	115	0	63	0	64	880300	881024	0	0	0	0	0	0	13100	13100
TP1_synth_reverse		95	C	0	880416	0	0	0	169	0	880585	0	13100	0	0	0	0	0	13100
TP1_synth_reverse		96	C	0	879286	0	0	0	114	0	879400	0	13097	0	0	0	0	0	13097
TP1_synth_reverse		97	C	0	877991	0	0	0	167	0	878158	0	13097	0	0	0	0	0	13097
TP1_synth_reverse		98	A	874599	0	0	0	0	0	0	874599	13093	0	0	0	0	0	0	13093
TP1_synth_reverse		99	G	0	0	0	872916	0	0	0	872916	0	0	0	13092	0	0	0	13092
