



























































































































































































































#AmpliconChromStart	Alias	Position	ProbableRef	rawA	rawC	rawD	rawG	rawI	rawN	rawT	rawDepth	consA	consC	consD	consG	consI	consN	consT	consDepth	
TP1_synth_reverse		1	G	0	0	0	875339	0	0	0	875339	0	0	0	8123	0	0	0	8123
TP1_synth_reverse		2	T	0	0	0	0	0	0	877770	877770	0	0	0	0	0	0	8136	8136
TP1_synth_reverse		3	G	0	0	0	880856	0	104	0	880960	0	0	0	8160	0	0	0	8160
TP1_synth_reverse		4	G	0	0	0	881689	0	60	0	881749	0	0	0	8165	0	0	0	8165
TP1_synth_reverse		5	T	0	0	0	0	0	15	882208	882223	0	0	0	0	0	0	8169	8169
TP1_synth_reverse		6	G	122	76	0	882466	0	14	131	882809	0	0	0	8174	0	0	0	8174
TP1_synth_reverse		7	A	882723	20	0	122	0	66	123	883054	8177	0	0	0	0	0	0	8177
TP1_synth_reverse		8	G	299	77	0	882618	0	108	280	883382	1	0	0	8178	0	0	1	8180
TP1_synth_reverse		9	G	215	136	0	882919	3	38	128	883439	1	0	0	8180	0	0	0	8181
TP1_synth_reverse		10	C	229	882973	31	28	0	33	188	883482	0	8180	1	0	0	0	0	8181
TP1_synth_reverse		11	T	176	149	18	34	13	21	883091	883502	0	0	0	1	0	0	8180	8181
TP1_synth_reverse		12	C	455	882623	171	19	0	86	169	883523	1	8180	0	0	0	0	0	8181
TP1_synth_reverse		13	C	395	882834	5	23	0	98	180	883535	0	8180	0	0	0	0	1	8181
TP1_synth_reverse		14	C	428	882913	0	21	0	46	127	883535	0	8181	0	0	0	0	0	8181
TP1_synth_reverse		15	C	286	883003	0	38	4	53	151	883535	0	8181	0	0	0	0	0	8181
TP1_synth_reverse		16	T	422	101	44	13	0	213	882765	883558	1	0	0	0	0	0	8180	8181
TP1_synth_reverse		17	T	348	121	1	9	0	65	883020	883564	0	0	0	0	0	0	8181	8181
TP1_synth_reverse		18	T	322	134	0	9	1	66	883032	883564	0	0	0	0	0	0	8181	8181
TP1_synth_reverse		19	C	386	882937	11	26	0	60	271	883691	1	8179	0	0	0	0	2	8182
TP1_synth_reverse		20	T	269	101	16	18	0	22	883266	883692	0	0	0	0	0	0	8182	8182
TP1_synth_reverse		21	T	466	245	0	69	0	114	882803	883697	0	1	0	0	0	0	8181	8182
TP1_synth_reverse		22	G	104	379	84	882333	0	22	775	883697	0	0	0	8178	0	0	4	8182
TP1_synth_reverse		23	C	1165	881872	25	48	0	25	569	883704	5	8173	0	0	0	0	4	8182
TP1_synth_reverse		24	G	215	158	30	882476	0	49	776	883704	0	0	0	8180	0	0	2	8182
TP1_synth_reverse		25	G	241	639	6	881908	0	107	815	883716	1	0	0	8176	0	0	5	8182
TP1_synth_reverse		26	A	883324	22	6	207	0	47	125	883731	8182	0	0	0	0	0	0	8182
TP1_synth_reverse		27	G	52	719	0	882702	0	25	233	883731	0	0	0	8182	0	0	0	8182
TP1_synth_reverse		28	A	883444	35	0	94	3	31	124	883731	8182	0	0	0	0	0	0	8182
TP1_synth_reverse		29	T	227	100	485	128	0	148	882643	883731	0	0	4	0	0	0	8178	8182
TP1_synth_reverse		30	T	911	260	50	49	0	130	882331	883731	0	1	1	0	0	0	8180	8182
TP1_synth_reverse		31	C	499	882966	71	37	0	72	75	883720	0	8181	1	0	0	0	0	8182
TP1_synth_reverse		32	T	520	94	67	48	0	350	882639	883718	0	0	1	0	0	0	8181	8182
TP1_synth_reverse		33	C	492	882793	68	48	0	137	176	883714	1	8179	1	0	0	0	1	8182
TP1_synth_reverse		34	T	621	163	100	100	0	103	882625	883712	0	0	1	0	0	0	8181	8182
TP1_synth_reverse		35	T	1407	117	18	59	0	87	882010	883698	0	0	0	0	0	0	8182	8182
TP1_synth_reverse		36	C	613	882897	24	20	0	57	92	883703	1	8181	0	0	0	0	0	8182
TP1_synth_reverse		37	C	741	882691	5	49	0	70	139	883695	1	8181	0	0	0	0	0	8182
TP1_synth_reverse		38	T	647	73	7	261	1	31	882668	883688	0	0	0	0	0	0	8182	8182
TP1_synth_reverse		39	C	383	883084	2	51	0	61	104	883685	0	8182	0	0	0	0	0	8182
TP1_synth_reverse		40	T	1276	529	10	35	0	171	881662	883683	2	3	0	0	0	0	8177	8182
TP1_synth_reverse		41	G	730	544	9	881858	0	28	515	883684	1	0	0	8178	0	0	3	8182
TP1_synth_reverse		42	T	2152	185	199	258	0	76	880811	883681	0	1	3	1	0	0	8177	8182
TP1_synth_reverse		43	G	412	417	7	881789	0	450	599	883674	0	0	0	8180	0	0	2	8182
TP1_synth_reverse		44	C	1310	880587	5	59	0	188	1538	883687	5	8166	0	0	0	0	11	8182
TP1_synth_reverse		45	G	606	298	1	881010	1	77	1689	883682	3	0	0	8177	0	0	2	8182
TP1_synth_reverse		46	C	1111	881831	8	42	0	6	683	883681	4	8175	0	0	0	0	3	8182
TP1_synth_reverse		47	C	474	882743	2	39	0	32	389	883679	2	8178	0	0	0	0	2	8182
TP1_synth_reverse		48	G	391	612	8	881219	0	42	1400	883672	3	0	0	8177	0	0	2	8182
TP1_synth_reverse		49	A	883216	33	3	93	0	210	131	883686	8182	0	0	0	0	0	0	8182
TP1_synth_reverse		50	T	881	84	2	133	0	131	882448	883679	0	0	0	0	0	0	8182	8182
TP1_synth_reverse		51	A	883236	47	3	122	0	117	151	883676	8182	0	0	0	0	0	0	8182
TP1_synth_reverse		52	C	507	882480	2	138	0	266	280	883673	0	8180	0	0	0	0	2	8182
TP1_synth_reverse		53	A	882967	30	5	217	0	304	166	883689	8182	0	0	0	0	0	0	8182
TP1_synth_reverse		54	G	123	190	9	882640	1	92	628	883683	0	0	0	8178	0	0	4	8182
TP1_synth_reverse		55	A	883327	82	11	95	1	110	95	883721	8183	0	0	0	0	0	0	8183
TP1_synth_reverse		56	A	883301	16	0	176	0	98	128	883719	8183	0	0	0	0	0	0	8183
TP1_synth_reverse		57	T	1504	151	4	204	0	229	881600	883692	0	1	0	0	0	0	8182	8183
TP1_synth_reverse		58	A	883198	16	0	83	0	289	133	883719	8184	0	0	0	0	0	0	8184
TP1_synth_reverse		59	T	895	56	5	98	0	395	882250	883699	0	0	0	0	0	0	8184	8184
TP1_synth_reverse		60	C	789	882355	127	77	0	249	85	883682	0	8183	1	0	0	0	0	8184
TP1_synth_reverse		61	T	1117	100	126	42	0	228	882065	883678	0	0	1	0	0	0	8183	8184
TP1_synth_reverse		62	G	349	210	125	882010	0	323	655	883672	0	0	1	8178	0	0	5	8184
TP1_synth_reverse		63	T	1994	65	167	32	0	179	881231	883668	0	0	1	0	0	0	8183	8184
TP1_synth_reverse		64	T	1733	83	127	22	0	32	881668	883665	0	0	1	0	0	0	8183	8184
TP1_synth_reverse		65	C	1390	881358	339	216	0	144	208	883655	3	8177	3	1	0	0	0	8184
TP1_synth_reverse		66	G	1057	313	139	880349	0	50	1743	883651	4	0	1	8164	0	0	15	8184
TP1_synth_reverse		67	C	952	882148	10	44	0	229	265	883648	1	8181	0	0	0	0	2	8184
TP1_synth_reverse		68	A	883076	201	47	165	0	93	81	883663	8184	0	0	0	0	0	0	8184
TP1_synth_reverse		69	C	492	882986	1	41	0	53	87	883660	2	8182	0	0	0	0	0	8184
TP1_synth_reverse		70	T	998	422	0	41	0	107	882095	883663	0	2	0	0	0	0	8182	8184
TP1_synth_reverse		71	C	376	882771	29	21	0	359	107	883663	0	8184	0	0	0	0	0	8184
TP1_synth_reverse		72	C	894	882176	6	139	0	117	324	883656	1	8181	0	1	0	0	1	8184
TP1_synth_reverse		73	G	342	433	18	882193	0	336	329	883651	2	0	0	8182	0	0	0	8184
TP1_synth_reverse		74	A	883234	26	5	202	0	137	45	883649	8183	0	0	1	0	0	0	8184
TP1_synth_reverse		75	G	116	368	21	881437	0	52	1641	883635	0	0	0	8170	0	0	14	8184
TP1_synth_reverse		76	T	860	113	28	58	0	58	882511	883628	0	0	0	0	0	0	8184	8184
TP1_synth_reverse		77	G	253	296	64	882333	0	60	603	883609	1	0	0	8180	0	0	3	8184
TP1_synth_reverse		78	C	596	880820	107	46	0	550	1483	883602	1	8173	0	0	0	0	10	8184
TP1_synth_reverse		79	G	493	504	9	874253	0	143	8192	883594	2	0	0	8110	0	0	72	8184
TP1_synth_reverse		80	G	478	269	4	876983	0	141	5709	883584	2	1	0	8143	0	0	38	8184
TP1_synth_reverse		81	C	436	882783	14	83	0	102	155	883573	3	8181	0	0	0	0	0	8184
TP1_synth_reverse		82	A	882958	42	93	173	0	68	127	883461	8184	0	0	0	0	0	0	8184
TP1_synth_reverse		83	A	882917	75	11	91	0	252	114	883460	8184	0	0	0	0	0	0	8184
TP1_synth_reverse		84	A	882872	42	0	154	73	241	50	883432	8184	0	0	0	0	0	0	8184
TP1_synth_reverse		85	G	404	367	126	882181	10	107	171	883366	2	1	1	8180	0	0	0	8184
TP1_synth_reverse		86	C	875	882045	0	193	24	69	119	883325	2	8180	0	2	0	0	0	8184
TP1_synth_reverse		87	T	959	85	167	25	93	313	881620	883262	0	0	0	0	0	0	8184	8184
TP1_synth_reverse		88	G	326	416	3	882064	75	146	195	883225	1	0	0	8182	1	0	0	8184
TP1_synth_reverse		89	T	642	112	267	20	0	40	882105	883186	0	0	1	0	0	0	8183	8184
TP1_synth_reverse		90	T	578	119	4	90	1	78	881947	882817	0	0	0	0	0	0	8184	8184
TP1_synth_reverse		91	C	504	881741	0	54	0	305	130	882734	0	8184	0	0	0	0	0	8184
TP1_synth_reverse		92	C	475	881164	0	51	0	443	215	882348	0	8184	0	0	0	0	0	8184
TP1_synth_reverse		93	G	277	288	0	880521	0	146	161	881393	0	0	0	8184	0	0	0	8184
TP1_synth_reverse		94	T	482	115	0	63	0	64	880291	881015	0	0	0	0	0	0	8184	8184
TP1_synth_reverse		95	C	0	880407	0	0	0	169	0	880576	0	8184	0	0	0	0	0	8184
TP1_synth_reverse		96	C	0	879278	0	0	0	114	0	879392	0	8184	0	0	0	0	0	8184
TP1_synth_reverse		97	C	0	877983	0	0	0	167	0	878150	0	8184	0	0	0	0	0	8184
TP1_synth_reverse		98	A	874591	0	0	0	0	0	0	874591	8184	0	0	0	0	0	0	8184
TP1_synth_reverse		99	G	0	0	0	872909	0	0	0	872909	0	0	0	8184	0	0	0	8184
