



























































































































































































































#AmpliconChromStart	Alias	Position	ProbableRef	rawA	rawC	rawD	rawG	rawI	rawN	rawT	rawDepth	consA	consC	consD	consG	consI	consN	consT	consDepth	
TP1_synth_reverse		1	G	0	0	0	875339	0	0	0	875339	0	0	0	11577	0	0	0	11577
TP1_synth_reverse		2	T	0	0	0	0	0	0	877770	877770	0	0	0	0	0	0	11590	11590
TP1_synth_reverse		3	G	0	0	0	880856	0	104	0	880960	0	0	0	11620	0	0	0	11620
TP1_synth_reverse		4	G	0	0	0	881689	0	60	0	881749	0	0	0	11627	0	0	0	11627
TP1_synth_reverse		5	T	0	0	0	0	0	15	882208	882223	0	0	0	0	0	0	11632	11632
TP1_synth_reverse		6	G	122	76	0	882466	0	14	131	882809	1	0	0	11637	0	0	0	11638
TP1_synth_reverse		7	A	882723	20	0	122	0	66	123	883054	11641	0	0	0	0	0	0	11641
TP1_synth_reverse		8	G	299	77	0	882618	0	108	280	883382	1	0	0	11642	0	0	2	11645
TP1_synth_reverse		9	G	215	136	0	882919	3	38	128	883439	1	0	0	11645	0	0	0	11646
TP1_synth_reverse		10	C	229	882973	31	28	0	33	188	883482	0	11646	1	0	0	0	0	11647
TP1_synth_reverse		11	T	176	149	18	34	13	21	883091	883502	0	0	0	1	0	0	11646	11647
TP1_synth_reverse		12	C	455	882623	171	19	0	86	169	883523	1	11646	0	0	0	0	1	11648
TP1_synth_reverse		13	C	395	882834	5	23	0	98	180	883535	0	11647	0	0	0	0	1	11648
TP1_synth_reverse		14	C	428	882923	0	21	0	46	127	883545	0	11648	0	0	0	0	0	11648
TP1_synth_reverse		15	C	286	883013	0	38	4	53	151	883545	0	11647	0	0	0	0	1	11648
TP1_synth_reverse		16	T	422	101	44	13	0	213	882775	883568	1	0	0	0	0	0	11647	11648
TP1_synth_reverse		17	T	348	121	1	9	0	65	883030	883574	0	0	0	0	0	0	11648	11648
TP1_synth_reverse		18	T	322	134	0	9	1	66	883042	883574	0	0	0	0	0	0	11648	11648
TP1_synth_reverse		19	C	387	882946	11	26	0	60	271	883701	1	11645	1	0	0	0	2	11649
TP1_synth_reverse		20	T	269	101	16	18	0	22	883275	883701	0	0	0	0	0	0	11649	11649
TP1_synth_reverse		21	T	467	245	0	69	0	114	882811	883706	0	2	0	0	0	0	11647	11649
TP1_synth_reverse		22	G	104	379	84	882342	0	22	775	883706	0	0	0	11644	0	0	5	11649
TP1_synth_reverse		23	C	1166	881880	25	48	0	25	569	883713	6	11637	0	0	0	0	6	11649
TP1_synth_reverse		24	G	215	158	30	882484	0	49	777	883713	0	0	0	11646	0	0	3	11649
TP1_synth_reverse		25	G	241	639	6	881916	0	107	816	883725	1	0	0	11642	0	0	6	11649
TP1_synth_reverse		26	A	883333	22	6	207	0	47	125	883740	11650	0	0	0	0	0	0	11650
TP1_synth_reverse		27	G	52	720	0	882711	0	25	232	883740	0	0	0	11650	0	0	0	11650
TP1_synth_reverse		28	A	883453	35	0	94	3	31	124	883740	11650	0	0	0	0	0	0	11650
TP1_synth_reverse		29	T	227	100	485	128	0	148	882652	883740	0	0	5	0	0	0	11645	11650
TP1_synth_reverse		30	T	912	260	50	49	0	130	882339	883740	0	1	1	0	0	0	11648	11650
TP1_synth_reverse		31	C	499	882975	71	37	0	72	75	883729	0	11648	2	0	0	0	0	11650
TP1_synth_reverse		32	T	520	94	67	48	0	350	882648	883727	0	0	2	0	0	0	11648	11650
TP1_synth_reverse		33	C	492	882802	68	48	0	137	176	883723	1	11644	2	0	0	0	3	11650
TP1_synth_reverse		34	T	622	163	100	100	0	103	882633	883721	0	1	3	1	0	0	11645	11650
TP1_synth_reverse		35	T	1409	117	18	59	0	87	882017	883707	0	0	1	0	0	0	11649	11650
TP1_synth_reverse		36	C	613	882906	24	20	0	57	92	883712	1	11648	1	0	0	0	0	11650
TP1_synth_reverse		37	C	741	882700	5	49	0	70	139	883704	1	11649	0	0	0	0	0	11650
TP1_synth_reverse		38	T	647	73	7	261	1	31	882677	883697	0	0	0	0	0	0	11650	11650
TP1_synth_reverse		39	C	384	883092	2	51	0	61	104	883694	0	11650	0	0	0	0	0	11650
TP1_synth_reverse		40	T	1277	529	10	35	0	171	881670	883692	2	4	0	0	0	0	11644	11650
TP1_synth_reverse		41	G	732	544	9	881865	0	28	515	883693	1	0	0	11644	0	0	5	11650
TP1_synth_reverse		42	T	2153	185	199	258	0	76	880819	883690	0	2	3	1	0	0	11644	11650
TP1_synth_reverse		43	G	413	417	7	881808	0	450	599	883694	0	0	0	11647	0	0	3	11650
TP1_synth_reverse		44	C	1310	880607	5	59	0	188	1538	883707	6	11632	0	0	0	0	12	11650
TP1_synth_reverse		45	G	606	298	1	881030	1	77	1689	883702	4	0	0	11640	0	0	6	11650
TP1_synth_reverse		46	C	1112	881850	8	42	0	6	683	883701	4	11642	0	0	0	0	4	11650
TP1_synth_reverse		47	C	474	882763	2	39	0	32	389	883699	2	11646	0	0	0	0	2	11650
TP1_synth_reverse		48	G	391	615	8	881235	0	42	1401	883692	4	0	0	11644	0	0	2	11650
TP1_synth_reverse		49	A	883236	33	3	93	0	210	131	883706	11650	0	0	0	0	0	0	11650
TP1_synth_reverse		50	T	881	84	2	133	0	131	882468	883699	0	0	0	0	0	0	11650	11650
TP1_synth_reverse		51	A	883256	47	3	122	0	117	151	883696	11650	0	0	0	0	0	0	11650
TP1_synth_reverse		52	C	507	882500	2	138	0	266	280	883693	0	11648	0	0	0	0	2	11650
TP1_synth_reverse		53	A	882987	30	5	217	0	304	166	883709	11650	0	0	0	0	0	1	11651
TP1_synth_reverse		54	G	124	190	9	882659	1	92	628	883703	0	0	0	11647	0	0	4	11651
TP1_synth_reverse		55	A	883346	83	11	95	1	110	95	883741	11652	0	0	0	0	0	0	11652
TP1_synth_reverse		56	A	883320	16	0	176	0	98	128	883738	11652	0	0	0	0	0	0	11652
TP1_synth_reverse		57	T	1506	151	4	205	0	229	881616	883711	0	1	0	0	0	0	11651	11652
TP1_synth_reverse		58	A	883216	16	0	84	0	289	133	883738	11653	0	0	0	0	0	0	11653
TP1_synth_reverse		59	T	897	56	5	98	0	395	882267	883718	0	0	0	0	0	0	11653	11653
TP1_synth_reverse		60	C	791	882372	127	77	0	249	85	883701	0	11652	1	0	0	0	0	11653
TP1_synth_reverse		61	T	1119	100	126	42	0	228	882082	883697	0	0	1	0	0	0	11652	11653
TP1_synth_reverse		62	G	350	210	125	882026	0	323	656	883690	0	0	1	11644	0	0	8	11653
TP1_synth_reverse		63	T	1998	65	167	32	0	179	881245	883686	0	0	1	0	0	0	11652	11653
TP1_synth_reverse		64	T	1734	83	127	22	0	32	881685	883683	0	0	1	0	0	0	11652	11653
TP1_synth_reverse		65	C	1390	881376	339	216	0	144	208	883673	3	11645	3	1	0	0	1	11653
TP1_synth_reverse		66	G	1057	313	139	880366	0	50	1744	883669	5	0	1	11628	0	0	19	11653
TP1_synth_reverse		67	C	953	882165	10	44	0	229	265	883666	1	11650	0	0	0	0	2	11653
TP1_synth_reverse		68	A	883094	201	47	165	0	93	81	883681	11653	0	1	0	0	0	0	11654
TP1_synth_reverse		69	C	492	883004	1	41	0	53	87	883678	2	11652	0	0	0	0	0	11654
TP1_synth_reverse		70	T	999	422	0	42	0	107	882111	883681	0	3	0	0	0	0	11651	11654
TP1_synth_reverse		71	C	376	882789	29	21	0	359	107	883681	1	11653	0	0	0	0	0	11654
TP1_synth_reverse		72	C	894	882194	6	139	0	117	324	883674	1	11649	0	1	0	0	3	11654
TP1_synth_reverse		73	G	342	433	18	882210	0	336	330	883669	2	0	0	11652	0	0	0	11654
TP1_synth_reverse		74	A	883252	26	5	202	0	137	45	883667	11653	0	0	1	0	0	0	11654
TP1_synth_reverse		75	G	116	368	21	881454	0	52	1641	883652	0	0	0	11638	0	0	16	11654
TP1_synth_reverse		76	T	863	113	28	59	0	58	882524	883645	0	0	0	0	0	0	11654	11654
TP1_synth_reverse		77	G	253	297	64	882349	0	60	603	883626	1	0	2	11647	0	0	4	11654
TP1_synth_reverse		78	C	595	880838	107	46	0	550	1483	883619	1	11638	2	0	0	0	13	11654
TP1_synth_reverse		79	G	493	507	9	874267	0	143	8192	883611	4	0	0	11564	0	0	86	11654
TP1_synth_reverse		80	G	478	269	4	877000	0	141	5709	883601	2	1	0	11608	0	0	43	11654
TP1_synth_reverse		81	C	436	882800	14	83	0	102	155	883590	3	11651	0	0	0	0	0	11654
TP1_synth_reverse		82	A	882975	42	93	173	0	68	127	883478	11654	0	0	0	0	0	0	11654
TP1_synth_reverse		83	A	882934	75	11	91	0	252	114	883477	11654	0	0	0	0	0	0	11654
TP1_synth_reverse		84	A	882889	42	0	154	73	241	50	883449	11654	0	0	0	0	0	0	11654
TP1_synth_reverse		85	G	404	367	126	882198	10	107	171	883383	2	1	1	11650	0	0	0	11654
TP1_synth_reverse		86	C	876	882061	0	193	24	69	119	883342	3	11648	0	2	1	0	0	11654
TP1_synth_reverse		87	T	960	85	167	25	93	313	881636	883279	0	0	0	0	0	0	11654	11654
TP1_synth_reverse		88	G	326	416	3	882081	75	146	195	883242	1	0	0	11652	1	0	0	11654
TP1_synth_reverse		89	T	642	112	267	20	0	40	882122	883203	0	0	1	0	0	0	11653	11654
TP1_synth_reverse		90	T	578	119	4	90	1	78	881964	882834	0	0	0	0	0	0	11654	11654
TP1_synth_reverse		91	C	503	881759	0	54	0	305	130	882751	0	11654	0	0	0	0	0	11654
TP1_synth_reverse		92	C	475	881180	0	51	0	443	215	882364	0	11654	0	0	0	0	0	11654
TP1_synth_reverse		93	G	277	289	0	880536	0	146	161	881409	1	0	0	11652	0	0	0	11653
TP1_synth_reverse		94	T	482	115	0	63	0	64	880307	881031	0	0	0	0	0	0	11653	11653
TP1_synth_reverse		95	C	0	880423	0	0	0	169	0	880592	0	11653	0	0	0	0	0	11653
TP1_synth_reverse		96	C	0	879293	0	0	0	114	0	879407	0	11652	0	0	0	0	0	11652
TP1_synth_reverse		97	C	0	877998	0	0	0	167	0	878165	0	11652	0	0	0	0	0	11652
TP1_synth_reverse		98	A	874606	0	0	0	0	0	0	874606	11651	0	0	0	0	0	0	11651
TP1_synth_reverse		99	G	0	0	0	872923	0	0	0	872923	0	0	0	11650	0	0	0	11650
