



























































































































































































































#AmpliconChromStart	Alias	Position	ProbableRef	rawA	rawC	rawD	rawG	rawI	rawN	rawT	rawDepth	consA	consC	consD	consG	consI	consN	consT	consDepth	
TP1_synth_reverse		1	G	0	0	0	825583	0	0	0	825583	0	0	0	8022	0	0	0	8022
TP1_synth_reverse		2	T	0	0	0	0	0	0	827597	827597	0	0	0	0	0	0	8032	8032
TP1_synth_reverse		3	G	0	0	0	831189	0	92	0	831281	0	0	0	8051	0	0	0	8051
TP1_synth_reverse		4	G	0	0	0	832586	0	54	0	832640	0	0	0	8058	0	0	0	8058
TP1_synth_reverse		5	T	0	0	0	0	0	18	832975	832993	0	0	0	0	0	0	8062	8062
TP1_synth_reverse		6	G	122	96	0	832965	0	17	236	833436	0	0	0	8063	0	0	0	8063
TP1_synth_reverse		7	A	833823	28	0	101	0	72	116	834140	8067	0	0	0	0	0	0	8067
TP1_synth_reverse		8	G	186	61	0	834468	0	109	241	835065	0	0	0	8075	0	0	1	8076
TP1_synth_reverse		9	G	102	136	0	835534	2	24	123	835921	0	0	0	8082	0	0	1	8083
TP1_synth_reverse		10	C	263	835533	2	25	1	14	116	835954	0	8083	0	0	0	0	1	8084
TP1_synth_reverse		11	T	180	245	27	10	47	24	835437	835970	0	0	0	0	0	0	8084	8084
TP1_synth_reverse		12	C	300	834182	1088	25	0	69	314	835978	0	8069	14	0	0	0	1	8084
TP1_synth_reverse		13	C	437	835314	3	20	1	92	111	835978	0	8084	0	0	0	0	0	8084
TP1_synth_reverse		14	C	382	835434	0	15	1	39	107	835978	0	8084	0	0	0	0	0	8084
TP1_synth_reverse		15	C	286	835052	24	34	429	55	107	835987	1	8079	1	0	3	0	0	8084
TP1_synth_reverse		16	T	364	82	1216	13	0	179	834133	835987	0	0	13	0	0	0	8071	8084
TP1_synth_reverse		17	T	293	112	1	13	0	56	835512	835987	0	0	0	0	0	0	8084	8084
TP1_synth_reverse		18	T	326	138	87	2	2	43	835389	835987	0	0	2	0	0	0	8082	8084
TP1_synth_reverse		19	C	355	836764	278	30	784	60	117	838388	0	8073	6	1	4	0	1	8085
TP1_synth_reverse		20	T	230	61	810	27	3	26	837231	838388	0	0	10	0	0	0	8075	8085
TP1_synth_reverse		21	T	458	166	0	52	2	93	837617	838388	0	0	0	0	0	0	8085	8085
TP1_synth_reverse		22	G	252	431	720	835610	320	19	1043	838395	3	0	3	8075	1	0	3	8085
TP1_synth_reverse		23	C	535	836481	853	64	195	22	255	838405	0	8074	5	1	2	0	3	8085
TP1_synth_reverse		24	G	196	156	269	837093	0	33	658	838405	1	0	5	8077	0	0	2	8085
TP1_synth_reverse		25	G	111	647	8	836766	6	128	747	838413	0	0	0	8079	0	0	6	8085
TP1_synth_reverse		26	A	837904	17	56	240	18	55	140	838430	8083	0	1	1	1	0	0	8086
TP1_synth_reverse		27	G	58	775	177	836424	556	24	416	838430	0	0	2	8081	2	0	1	8086
TP1_synth_reverse		28	A	837697	41	186	84	310	24	105	838447	8083	0	3	0	1	0	0	8087
TP1_synth_reverse		29	T	289	88	398	129	2	126	837415	838447	0	0	6	0	0	0	8081	8087
TP1_synth_reverse		30	T	984	101	3	45	286	124	836914	838457	0	0	0	0	4	0	8084	8088
TP1_synth_reverse		31	C	554	836542	865	44	118	60	265	838448	0	8081	5	0	1	0	1	8088
TP1_synth_reverse		32	T	601	105	369	39	0	351	836980	838445	0	0	4	0	0	0	8084	8088
TP1_synth_reverse		33	C	520	837478	186	47	0	130	79	838440	0	8085	3	0	0	0	0	8088
TP1_synth_reverse		34	T	679	130	125	67	0	85	837352	838438	0	0	1	0	0	0	8087	8088
TP1_synth_reverse		35	T	1421	125	0	62	0	82	836737	838427	0	0	0	0	0	0	8088	8088
TP1_synth_reverse		36	C	502	836642	1038	31	0	40	172	838425	0	8074	12	0	0	0	2	8088
TP1_synth_reverse		37	C	600	837481	5	48	23	64	188	838409	1	8084	0	0	1	0	2	8088
TP1_synth_reverse		38	T	667	86	685	225	1	35	836701	838400	0	0	6	0	0	0	8082	8088
TP1_synth_reverse		39	C	371	836837	600	42	408	53	85	838396	0	8080	6	0	2	0	0	8088
TP1_synth_reverse		40	T	1245	91	18	27	27	143	836846	838397	0	0	0	0	1	0	8087	8088
TP1_synth_reverse		41	G	490	600	27	836749	0	35	491	838392	0	0	1	8082	0	0	5	8088
TP1_synth_reverse		42	T	2032	82	69	53	1	62	836096	838395	0	0	0	0	0	0	8088	8088
TP1_synth_reverse		43	G	399	435	761	835452	5	423	929	838404	0	0	5	8082	0	0	2	8089
TP1_synth_reverse		44	C	479	836272	768	65	196	174	461	838415	0	8075	7	0	2	1	5	8090
TP1_synth_reverse		45	G	313	356	218	836122	13	56	1326	838404	2	1	2	8084	0	0	1	8090
TP1_synth_reverse		46	C	740	837100	366	40	1	11	158	838416	0	8087	3	0	0	0	1	8091
TP1_synth_reverse		47	C	306	837133	1	96	182	30	677	838425	0	8087	0	1	1	0	2	8091
TP1_synth_reverse		48	G	383	663	72	835261	348	34	1645	838406	3	0	2	8082	1	0	3	8091
TP1_synth_reverse		49	A	837727	52	226	95	2	232	121	838455	8087	1	3	0	0	0	0	8091
TP1_synth_reverse		50	T	1015	90	471	169	3	104	836595	838447	0	0	2	1	0	0	8088	8091
TP1_synth_reverse		51	A	837690	45	278	111	6	126	207	838463	8088	0	3	0	0	0	1	8092
TP1_synth_reverse		52	C	575	836605	137	126	156	303	554	838456	0	8081	5	0	1	0	5	8092
TP1_synth_reverse		53	A	836922	16	409	166	502	317	132	838464	8084	0	3	0	5	0	0	8092
TP1_synth_reverse		54	G	360	417	271	836900	26	106	378	838458	1	2	3	8083	1	0	2	8092
TP1_synth_reverse		55	A	837317	92	747	117	0	115	89	838477	8084	0	9	0	0	0	0	8093
TP1_synth_reverse		56	A	837885	15	13	138	13	98	314	838476	8092	0	0	0	0	0	1	8093
TP1_synth_reverse		57	T	1640	61	30	235	1	219	836252	838438	0	0	0	0	0	0	8093	8093
TP1_synth_reverse		58	A	837307	10	132	93	136	241	533	838452	8087	0	2	0	3	0	2	8094
TP1_synth_reverse		59	T	965	45	148	79	554	406	836238	838435	0	0	2	0	2	0	8090	8094
TP1_synth_reverse		60	C	1016	835785	744	86	4	280	506	838421	1	8083	5	1	0	0	4	8094
TP1_synth_reverse		61	T	1289	648	287	1143	239	195	834611	838412	2	3	3	13	2	0	8071	8094
TP1_synth_reverse		62	G	342	252	215	836361	323	293	612	838398	0	0	1	8089	1	0	3	8094
TP1_synth_reverse		63	T	1975	86	487	17	0	157	835682	838404	0	0	7	0	0	0	8088	8095
TP1_synth_reverse		64	T	2419	50	22	21	223	37	835626	838398	2	0	0	0	2	0	8091	8095
TP1_synth_reverse		65	C	1743	835024	1138	30	117	176	164	838392	3	8080	11	0	1	0	0	8095
TP1_synth_reverse		66	G	789	346	154	836652	20	44	382	838387	4	0	3	8087	1	0	0	8095
TP1_synth_reverse		67	C	835	836759	428	42	4	218	96	838382	0	8093	2	0	0	0	0	8095
TP1_synth_reverse		68	A	837633	226	165	151	8	102	102	838387	8092	0	3	0	0	0	0	8095
TP1_synth_reverse		69	C	310	836634	478	33	318	68	540	838381	0	8087	3	0	1	0	4	8095
TP1_synth_reverse		70	T	1024	118	258	38	449	88	836394	838369	0	0	3	0	2	0	8090	8095
TP1_synth_reverse		71	C	339	836936	599	37	1	341	111	838364	0	8090	5	0	0	0	0	8095
TP1_synth_reverse		72	C	689	836466	97	69	285	130	622	838358	0	8088	1	0	1	0	5	8095
TP1_synth_reverse		73	G	265	485	144	836247	3	315	889	838348	2	0	3	8088	0	0	2	8095
TP1_synth_reverse		74	A	837931	40	94	116	4	126	33	838344	8094	0	1	0	0	0	0	8095
TP1_synth_reverse		75	G	382	403	101	837189	34	53	176	838338	3	0	1	8087	2	0	2	8095
TP1_synth_reverse		76	T	875	90	101	45	190	47	836981	838329	0	0	1	0	1	0	8093	8095
TP1_synth_reverse		77	G	797	338	106	836121	7	62	881	838312	2	0	1	8088	0	0	4	8095
TP1_synth_reverse		78	C	476	835348	32	33	920	510	992	838311	0	8085	0	0	5	0	5	8095
TP1_synth_reverse		79	G	385	638	245	836485	2	146	403	838304	4	2	3	8086	0	0	0	8095
TP1_synth_reverse		80	G	249	255	0	836567	249	136	823	838279	4	0	0	8082	4	0	5	8095
TP1_synth_reverse		81	C	428	836631	561	78	320	91	148	838257	1	8085	5	0	4	0	0	8095
TP1_synth_reverse		82	A	833612	34	1799	152	0	67	150	835814	8085	0	9	0	0	0	0	8094
TP1_synth_reverse		83	A	835338	49	9	96	0	222	97	835811	8094	0	0	0	0	0	0	8094
TP1_synth_reverse		84	A	835287	56	0	153	0	233	55	835784	8094	0	0	0	0	0	0	8094
TP1_synth_reverse		85	G	188	291	0	834976	35	93	101	835684	0	0	0	8093	1	0	0	8094
TP1_synth_reverse		86	C	496	834851	100	45	1	70	70	835633	0	8093	1	0	0	0	0	8094
TP1_synth_reverse		87	T	1430	79	4	24	0	319	833703	835559	0	0	0	0	0	0	8094	8094
TP1_synth_reverse		88	G	287	537	1	834377	3	116	189	835510	2	0	0	8092	0	0	0	8094
TP1_synth_reverse		89	T	650	102	422	25	0	44	834230	835473	0	0	0	0	0	0	8094	8094
TP1_synth_reverse		90	T	623	126	0	30	0	69	834515	835363	0	0	0	1	0	0	8093	8094
TP1_synth_reverse		91	C	512	834096	0	267	1	315	106	835297	0	8092	0	2	0	0	0	8094
TP1_synth_reverse		92	C	402	833743	0	130	0	411	220	834906	0	8093	0	0	0	0	0	8093
TP1_synth_reverse		93	G	221	360	0	832320	0	163	506	833570	0	0	0	8090	0	0	1	8091
TP1_synth_reverse		94	T	475	101	0	58	0	75	832755	833464	0	0	0	0	0	0	8091	8091
TP1_synth_reverse		95	C	0	832639	0	0	0	180	0	832819	0	8091	0	0	0	0	0	8091
TP1_synth_reverse		96	C	0	832186	0	0	0	86	0	832272	0	8091	0	0	0	0	0	8091
TP1_synth_reverse		97	C	0	830432	0	0	0	167	0	830599	0	8090	0	0	0	0	0	8090
TP1_synth_reverse		98	A	826547	0	0	0	0	0	0	826547	8087	0	0	0	0	0	0	8087
TP1_synth_reverse		99	G	0	0	0	825350	0	0	0	825350	0	0	0	8087	0	0	0	8087
