



























































































































































































































#AmpliconChromStart	Alias	Position	ProbableRef	rawA	rawC	rawD	rawG	rawI	rawN	rawT	rawDepth	consA	consC	consD	consG	consI	consN	consT	consDepth	
TP1_synth_reverse		1	G	0	0	0	825583	0	0	0	825583	0	0	0	49438	0	0	0	49438
TP1_synth_reverse		2	T	0	0	0	0	0	0	827597	827597	0	0	0	0	0	0	49877	49877
TP1_synth_reverse		3	G	0	0	0	831189	0	92	0	831281	0	0	0	50381	0	29	0	50410
TP1_synth_reverse		4	G	0	0	0	832586	0	54	0	832640	0	0	0	50729	0	30	0	50759
TP1_synth_reverse		5	T	0	0	0	0	0	18	832975	832993	0	0	0	0	0	14	50976	50990
TP1_synth_reverse		6	G	122	96	0	832965	0	17	236	833436	6	6	0	51335	0	8	15	51370
TP1_synth_reverse		7	A	833823	28	0	101	0	72	116	834140	51390	2	0	3	0	30	1	51426
TP1_synth_reverse		8	G	186	61	0	834468	0	109	241	835065	5	10	0	51421	0	31	15	51482
TP1_synth_reverse		9	G	102	136	0	835534	2	24	123	835921	9	37	0	51476	0	1	15	51538
TP1_synth_reverse		10	C	263	835533	2	25	1	14	116	835954	41	51511	1	1	0	1	5	51560
TP1_synth_reverse		11	T	180	245	27	10	47	24	835437	835970	34	5	3	0	13	1	51515	51571
TP1_synth_reverse		12	C	300	834174	1088	25	0	69	314	835970	69	51422	44	0	0	32	4	51571
TP1_synth_reverse		13	C	437	835306	3	20	1	92	111	835970	46	51482	0	1	0	37	5	51571
TP1_synth_reverse		14	C	382	835426	0	15	1	39	107	835970	44	51502	0	1	0	21	3	51571
TP1_synth_reverse		15	C	286	835044	24	34	429	55	107	835979	49	51473	3	2	18	28	5	51578
TP1_synth_reverse		16	T	364	82	1216	13	0	179	834125	835979	76	0	74	1	0	47	51380	51578
TP1_synth_reverse		17	T	292	112	1	13	0	56	835511	835985	81	0	1	0	0	30	51471	51583
TP1_synth_reverse		18	T	325	138	87	2	2	43	835388	835985	66	4	4	0	0	17	51492	51583
TP1_synth_reverse		19	C	355	836762	278	30	784	60	117	838386	128	51448	19	2	31	20	9	51657
TP1_synth_reverse		20	T	230	61	810	27	3	26	837229	838386	59	1	40	0	1	13	51543	51657
TP1_synth_reverse		21	T	457	166	0	52	2	93	837616	838386	131	4	0	6	0	4	51512	51657
TP1_synth_reverse		22	G	252	429	720	835610	320	19	1043	838393	14	165	26	51372	11	1	74	51663
TP1_synth_reverse		23	C	536	836478	853	64	195	22	255	838403	136	51450	35	9	24	2	11	51667
TP1_synth_reverse		24	G	196	156	269	837090	0	33	659	838403	10	42	19	51499	0	16	81	51667
TP1_synth_reverse		25	G	111	646	8	836764	6	128	748	838411	17	143	1	51386	4	33	88	51672
TP1_synth_reverse		26	A	837902	17	56	240	18	55	140	838428	51621	1	10	16	4	22	5	51679
TP1_synth_reverse		27	G	58	776	177	836421	556	24	416	838428	5	152	17	51393	18	13	81	51679
TP1_synth_reverse		28	A	837695	41	186	84	310	24	105	838445	51641	2	16	7	7	10	2	51685
TP1_synth_reverse		29	T	288	88	398	127	2	126	837416	838445	56	1	35	15	0	35	51543	51685
TP1_synth_reverse		30	T	983	101	3	45	286	124	836913	838455	301	4	1	8	11	21	51342	51688
TP1_synth_reverse		31	C	554	836540	865	44	118	60	265	838446	160	51413	57	7	5	23	16	51681
TP1_synth_reverse		32	T	600	105	369	39	0	351	836979	838443	114	6	27	5	0	24	51503	51679
TP1_synth_reverse		33	C	520	837476	186	47	0	130	79	838438	183	51452	9	5	0	25	2	51676
TP1_synth_reverse		34	T	679	130	125	67	0	85	837350	838436	132	6	6	6	0	11	51513	51674
TP1_synth_reverse		35	T	1421	125	0	62	0	82	836735	838425	404	1	0	6	0	38	51221	51670
TP1_synth_reverse		36	C	502	836640	1038	31	0	40	172	838423	111	51463	66	4	0	10	16	51670
TP1_synth_reverse		37	C	600	837479	5	48	23	64	188	838407	116	51509	0	0	6	12	16	51659
TP1_synth_reverse		38	T	666	86	685	223	1	35	836702	838398	201	6	29	18	1	17	51379	51651
TP1_synth_reverse		39	C	371	836835	600	42	408	53	85	838394	88	51489	25	3	27	11	5	51648
TP1_synth_reverse		40	T	1245	91	18	27	27	143	836844	838395	243	4	6	5	3	17	51372	51650
TP1_synth_reverse		41	G	490	599	27	836748	0	35	491	838390	74	175	6	51298	0	2	92	51647
TP1_synth_reverse		42	T	2032	82	69	53	1	62	836094	838393	490	3	2	6	1	13	51136	51651
TP1_synth_reverse		43	G	399	435	761	835449	5	423	930	838402	56	104	34	51323	5	53	77	51652
TP1_synth_reverse		44	C	481	836268	768	65	196	174	461	838413	98	51418	43	8	13	41	34	51655
TP1_synth_reverse		45	G	314	356	218	836117	13	56	1328	838402	26	95	10	51276	5	27	206	51645
TP1_synth_reverse		46	C	741	837097	366	40	1	11	158	838414	262	51337	21	7	1	5	18	51651
TP1_synth_reverse		47	C	308	837129	1	96	182	30	677	838423	82	51508	0	12	6	19	33	51660
TP1_synth_reverse		48	G	383	662	72	835256	348	34	1649	838404	35	208	10	51193	6	14	181	51647
TP1_synth_reverse		49	A	837725	52	226	95	2	232	121	838453	53567	8	19	7	2	35	4	53642
TP1_synth_reverse		50	T	1015	90	471	169	3	104	836593	838445	207	1	21	18	1	24	53366	53638
TP1_synth_reverse		51	A	837688	45	278	111	6	126	207	838461	53565	11	15	5	5	36	10	53647
TP1_synth_reverse		52	C	576	836602	137	126	156	303	554	838454	168	53375	30	23	6	11	27	53640
TP1_synth_reverse		53	A	836920	16	409	166	502	317	132	838462	53560	4	18	9	23	27	3	53644
TP1_synth_reverse		54	G	360	417	271	836898	26	106	378	838456	20	52	21	53485	2	19	41	53640
TP1_synth_reverse		55	A	837315	92	747	117	0	115	89	838475	53553	12	64	6	0	9	1	53645
TP1_synth_reverse		56	A	837883	15	13	138	13	98	314	838474	53595	2	6	12	0	16	13	53644
TP1_synth_reverse		57	T	1641	61	30	235	1	219	836249	838436	298	1	10	18	1	37	53264	53629
TP1_synth_reverse		58	A	837305	10	132	93	136	241	533	838450	53456	1	19	2	9	132	10	53629
TP1_synth_reverse		59	T	964	45	148	79	554	406	836237	838433	183	2	17	10	19	73	53315	53619
TP1_synth_reverse		60	C	1016	835783	744	86	4	280	506	838419	213	53301	29	7	1	34	24	53609
TP1_synth_reverse		61	T	1290	648	287	1143	239	195	834608	838410	229	35	19	82	12	47	53180	53604
TP1_synth_reverse		62	G	342	252	215	836360	323	293	611	838396	45	41	23	53150	12	137	191	53599
TP1_synth_reverse		63	T	1974	86	487	17	0	157	835681	838402	454	3	43	4	0	55	53039	53598
TP1_synth_reverse		64	T	2419	50	22	21	223	37	835624	838396	332	4	9	3	9	8	53231	53596
TP1_synth_reverse		65	C	1744	835021	1138	30	117	176	164	838390	200	53290	70	4	5	18	6	53593
TP1_synth_reverse		66	G	790	346	154	836649	20	44	382	838385	67	89	11	53330	3	2	88	53590
TP1_synth_reverse		67	C	835	836757	428	42	4	218	96	838380	265	53263	27	4	3	27	0	53589
TP1_synth_reverse		68	A	837632	226	165	150	8	102	102	838385	53522	24	10	8	0	21	8	53593
TP1_synth_reverse		69	C	310	836632	478	33	318	68	540	838379	74	53444	30	1	8	9	23	53589
TP1_synth_reverse		70	T	1024	118	258	37	449	88	836393	838367	219	9	21	3	14	13	53300	53579
TP1_synth_reverse		71	C	339	836934	599	37	1	341	111	838362	50	53418	25	3	0	75	5	53576
TP1_synth_reverse		72	C	689	836464	97	69	285	130	622	838356	218	53242	6	9	13	53	32	53573
TP1_synth_reverse		73	G	265	485	144	836244	3	315	890	838346	12	109	17	53179	2	158	90	53567
TP1_synth_reverse		74	A	837929	40	94	116	4	126	33	838342	53494	5	7	7	2	49	1	53565
TP1_synth_reverse		75	G	382	403	101	837187	34	53	176	838336	28	75	7	53414	5	9	24	53562
TP1_synth_reverse		76	T	875	90	101	45	190	47	836979	838327	254	4	7	6	8	1	53276	53556
TP1_synth_reverse		77	G	797	338	106	836118	7	62	881	838309	31	87	7	53325	4	18	76	53548
TP1_synth_reverse		78	C	477	835344	32	33	920	510	992	838308	69	53310	7	2	41	68	51	53548
TP1_synth_reverse		79	G	386	637	245	836482	2	146	403	838301	37	243	15	53169	0	15	67	53546
TP1_synth_reverse		80	G	249	255	0	836564	249	136	823	838276	25	51	0	53322	14	43	75	53530
TP1_synth_reverse		81	C	428	836628	561	78	320	91	148	838254	75	53347	41	4	16	22	11	53516
TP1_synth_reverse		82	A	833610	34	1799	151	0	67	150	835811	51348	3	76	2	0	12	9	51450
TP1_synth_reverse		83	A	835335	49	9	96	0	222	97	835808	51386	6	0	5	0	51	1	51449
TP1_synth_reverse		84	A	835284	56	0	153	0	233	55	835781	51402	5	0	5	0	32	2	51446
TP1_synth_reverse		85	G	188	291	0	834973	35	93	101	835681	17	60	0	51275	3	37	14	51406
TP1_synth_reverse		86	C	496	834848	100	45	1	70	70	835630	76	51299	4	1	1	2	5	51388
TP1_synth_reverse		87	T	1432	79	4	24	0	319	833699	835557	202	7	1	1	0	32	51120	51363
TP1_synth_reverse		88	G	287	537	1	834375	3	116	189	835508	21	42	0	51226	1	21	39	51350
TP1_synth_reverse		89	T	650	102	422	25	0	44	834228	835471	84	7	15	5	0	13	51217	51341
TP1_synth_reverse		90	T	623	126	0	30	0	69	834513	835361	89	4	0	2	0	4	51212	51311
TP1_synth_reverse		91	C	512	834094	0	267	1	315	106	835295	67	51182	0	8	0	38	1	51296
TP1_synth_reverse		92	C	402	833741	0	130	0	411	220	834904	36	51144	0	12	0	63	7	51262
TP1_synth_reverse		93	G	221	360	0	832318	0	163	506	833568	16	84	0	51019	0	29	31	51179
TP1_synth_reverse		94	T	476	101	0	58	0	75	832752	833462	64	7	0	5	0	9	51079	51164
TP1_synth_reverse		95	C	0	832637	0	0	0	180	0	832817	0	51106	0	0	0	10	0	51116
TP1_synth_reverse		96	C	0	832184	0	0	0	86	0	832270	0	51029	0	0	0	26	0	51055
TP1_synth_reverse		97	C	0	830430	0	0	0	167	0	830597	0	50871	0	0	0	55	0	50926
TP1_synth_reverse		98	A	826546	0	0	0	0	0	0	826546	50734	0	0	0	0	0	0	50734
TP1_synth_reverse		99	G	0	0	0	825349	0	0	0	825349	0	0	0	50625	0	0	0	50625
