



























































































































































































































#AmpliconChromStart	Alias	Position	ProbableRef	rawA	rawC	rawD	rawG	rawI	rawN	rawT	rawDepth	consA	consC	consD	consG	consI	consN	consT	consDepth	
TP1_synth_reverse		1	G	0	0	0	825583	0	0	0	825583	0	0	0	9942	0	0	0	9942
TP1_synth_reverse		2	T	0	0	0	0	0	0	827597	827597	0	0	0	0	0	0	9953	9953
TP1_synth_reverse		3	G	0	0	0	831189	0	92	0	831281	0	0	0	9977	0	0	0	9977
TP1_synth_reverse		4	G	0	0	0	832586	0	54	0	832640	0	0	0	9986	0	0	0	9986
TP1_synth_reverse		5	T	0	0	0	0	0	18	832975	832993	0	0	0	0	0	0	9990	9990
TP1_synth_reverse		6	G	122	96	0	832965	0	17	236	833436	0	0	0	9992	0	0	0	9992
TP1_synth_reverse		7	A	833823	28	0	101	0	72	116	834140	9997	0	0	0	0	0	0	9997
TP1_synth_reverse		8	G	186	61	0	834468	0	109	241	835065	0	0	0	10006	0	0	1	10007
TP1_synth_reverse		9	G	102	136	0	835534	2	24	123	835921	0	0	0	10013	0	0	2	10015
TP1_synth_reverse		10	C	263	835533	2	25	1	14	116	835954	0	10015	0	0	0	0	1	10016
TP1_synth_reverse		11	T	180	245	27	10	47	24	835437	835970	0	0	0	0	1	0	10016	10017
TP1_synth_reverse		12	C	300	834182	1088	25	0	69	314	835978	0	10000	16	0	0	0	1	10017
TP1_synth_reverse		13	C	437	835314	3	20	1	92	111	835978	0	10017	0	0	0	0	0	10017
TP1_synth_reverse		14	C	382	835434	0	15	1	39	107	835978	0	10017	0	0	0	0	0	10017
TP1_synth_reverse		15	C	286	835052	24	34	429	55	107	835987	1	10009	1	0	6	0	0	10017
TP1_synth_reverse		16	T	364	82	1216	13	0	179	834133	835987	0	0	15	0	0	0	10002	10017
TP1_synth_reverse		17	T	293	112	1	13	0	56	835518	835993	0	0	0	0	0	0	10017	10017
TP1_synth_reverse		18	T	326	138	87	2	2	43	835395	835993	0	0	2	0	0	0	10015	10017
TP1_synth_reverse		19	C	355	836770	278	30	784	60	117	838394	0	10006	6	1	4	0	1	10018
TP1_synth_reverse		20	T	230	61	810	27	3	26	837237	838394	0	0	11	0	0	0	10007	10018
TP1_synth_reverse		21	T	458	166	0	52	2	93	837623	838394	0	0	0	0	0	0	10018	10018
TP1_synth_reverse		22	G	252	431	720	835616	320	19	1043	838401	3	0	3	10005	1	0	6	10018
TP1_synth_reverse		23	C	536	836486	853	64	195	22	255	838411	0	10004	6	2	4	0	3	10019
TP1_synth_reverse		24	G	196	156	269	837098	0	33	659	838411	1	0	5	10011	0	0	2	10019
TP1_synth_reverse		25	G	111	647	8	836771	6	128	748	838419	0	0	0	10012	0	0	7	10019
TP1_synth_reverse		26	A	837910	17	56	240	18	55	140	838436	10017	0	1	1	1	0	0	10020
TP1_synth_reverse		27	G	58	776	177	836429	556	24	416	838436	0	0	2	10015	2	0	1	10020
TP1_synth_reverse		28	A	837703	41	186	84	310	24	105	838453	10016	0	4	0	1	0	0	10021
TP1_synth_reverse		29	T	289	88	398	129	2	126	837421	838453	0	0	6	0	0	0	10015	10021
TP1_synth_reverse		30	T	984	101	3	45	286	124	836920	838463	0	0	0	0	4	0	10018	10022
TP1_synth_reverse		31	C	554	836548	865	44	118	60	265	838454	0	10013	6	1	1	0	1	10022
TP1_synth_reverse		32	T	601	105	369	39	0	351	836986	838451	0	0	4	0	0	0	10018	10022
TP1_synth_reverse		33	C	520	837484	186	47	0	130	79	838446	0	10019	3	0	0	0	0	10022
TP1_synth_reverse		34	T	679	130	125	67	0	85	837358	838444	0	0	1	0	0	0	10021	10022
TP1_synth_reverse		35	T	1421	125	0	62	0	82	836743	838433	0	0	0	0	0	0	10022	10022
TP1_synth_reverse		36	C	502	836648	1038	31	0	40	172	838431	0	10003	16	0	0	0	3	10022
TP1_synth_reverse		37	C	600	837487	5	48	23	64	188	838415	1	10016	0	0	2	0	3	10022
TP1_synth_reverse		38	T	667	86	685	225	1	35	836707	838406	0	1	6	0	0	0	10015	10022
TP1_synth_reverse		39	C	371	836843	600	42	408	53	85	838402	0	10012	8	0	2	0	0	10022
TP1_synth_reverse		40	T	1245	91	18	27	27	143	836852	838403	0	0	0	0	1	0	10021	10022
TP1_synth_reverse		41	G	490	600	27	836755	0	35	491	838398	0	0	1	10016	0	0	5	10022
TP1_synth_reverse		42	T	2034	82	69	53	1	62	836100	838401	0	0	0	0	0	0	10022	10022
TP1_synth_reverse		43	G	399	435	761	835457	5	423	930	838410	0	0	6	10015	0	0	2	10023
TP1_synth_reverse		44	C	481	836276	768	65	196	174	461	838421	0	10004	9	0	3	1	7	10024
TP1_synth_reverse		45	G	314	356	218	836125	13	56	1328	838410	2	2	2	10016	0	0	2	10024
TP1_synth_reverse		46	C	741	837105	366	40	1	11	158	838422	0	10020	4	0	0	0	1	10025
TP1_synth_reverse		47	C	308	837137	1	96	182	30	677	838431	0	10018	0	2	1	0	4	10025
TP1_synth_reverse		48	G	383	663	72	835263	348	34	1649	838412	4	0	4	10013	1	0	3	10025
TP1_synth_reverse		49	A	837733	52	226	95	2	232	121	838461	10020	1	4	0	0	0	0	10025
TP1_synth_reverse		50	T	1015	90	471	169	3	104	836601	838453	0	0	2	2	0	0	10021	10025
TP1_synth_reverse		51	A	837696	45	278	111	6	126	207	838469	10020	0	3	1	0	0	2	10026
TP1_synth_reverse		52	C	576	836610	137	126	156	303	554	838462	0	10012	8	0	1	0	5	10026
TP1_synth_reverse		53	A	836928	16	409	166	502	317	132	838470	10017	0	4	0	6	0	0	10027
TP1_synth_reverse		54	G	360	417	271	836906	26	106	378	838464	1	3	4	10016	1	0	2	10027
TP1_synth_reverse		55	A	837323	92	747	117	0	115	89	838483	10015	0	13	0	0	0	0	10028
TP1_synth_reverse		56	A	837891	15	13	138	13	98	314	838482	10026	0	1	0	0	0	1	10028
TP1_synth_reverse		57	T	1641	61	30	235	1	219	836257	838444	0	0	1	0	0	0	10027	10028
TP1_synth_reverse		58	A	837313	10	132	93	136	241	533	838458	10019	0	4	0	4	0	2	10029
TP1_synth_reverse		59	T	965	45	148	79	554	406	836244	838441	0	0	3	0	2	0	10024	10029
TP1_synth_reverse		60	C	1016	835791	744	86	4	280	506	838427	1	10017	6	1	0	0	4	10029
TP1_synth_reverse		61	T	1290	648	287	1143	239	195	834616	838418	5	5	4	15	2	0	9998	10029
TP1_synth_reverse		62	G	342	252	215	836367	323	293	612	838404	1	0	2	10019	1	0	6	10029
TP1_synth_reverse		63	T	1975	86	487	17	0	157	835688	838410	0	0	9	0	0	0	10021	10030
TP1_synth_reverse		64	T	2419	50	22	21	223	37	835632	838404	2	0	2	0	2	0	10024	10030
TP1_synth_reverse		65	C	1744	835029	1138	30	117	176	164	838398	3	10010	16	0	1	0	0	10030
TP1_synth_reverse		66	G	790	346	154	836653	20	44	382	838389	4	0	3	10020	2	0	1	10030
TP1_synth_reverse		67	C	835	836761	428	42	4	218	96	838384	0	10028	2	0	0	0	0	10030
TP1_synth_reverse		68	A	837635	226	165	151	8	102	102	838389	10027	0	3	0	0	0	0	10030
TP1_synth_reverse		69	C	310	836636	478	33	318	68	540	838383	0	10021	4	0	1	0	4	10030
TP1_synth_reverse		70	T	1024	118	258	38	449	88	836396	838371	0	0	3	0	2	0	10025	10030
TP1_synth_reverse		71	C	339	836938	599	37	1	341	111	838366	0	10023	7	0	0	0	0	10030
TP1_synth_reverse		72	C	689	836468	97	69	285	130	622	838360	0	10023	1	0	1	0	5	10030
TP1_synth_reverse		73	G	265	485	144	836248	3	315	890	838350	2	0	4	10022	0	0	2	10030
TP1_synth_reverse		74	A	837933	40	94	116	4	126	33	838346	10029	0	1	0	0	0	0	10030
TP1_synth_reverse		75	G	382	403	101	837191	34	53	176	838340	5	0	2	10019	2	0	2	10030
TP1_synth_reverse		76	T	875	90	101	45	190	47	836983	838331	0	0	2	0	1	0	10027	10030
TP1_synth_reverse		77	G	797	338	106	836122	7	62	881	838313	2	0	1	10022	0	0	5	10030
TP1_synth_reverse		78	C	477	835348	32	33	920	510	992	838312	0	10020	0	0	5	0	5	10030
TP1_synth_reverse		79	G	386	638	245	836485	2	146	403	838305	4	4	3	10019	0	0	0	10030
TP1_synth_reverse		80	G	249	255	0	836568	249	136	823	838280	5	0	0	10015	4	0	6	10030
TP1_synth_reverse		81	C	428	836632	561	78	320	91	148	838258	2	10017	7	0	4	0	0	10030
TP1_synth_reverse		82	A	833613	34	1799	152	0	67	150	835815	10018	0	11	0	0	0	0	10029
TP1_synth_reverse		83	A	835339	49	9	96	0	222	97	835812	10029	0	0	0	0	0	0	10029
TP1_synth_reverse		84	A	835288	56	0	153	0	233	55	835785	10029	0	0	0	0	0	0	10029
TP1_synth_reverse		85	G	188	291	0	834977	35	93	101	835685	0	0	0	10028	1	0	0	10029
TP1_synth_reverse		86	C	496	834852	100	45	1	70	70	835634	0	10028	1	0	0	0	0	10029
TP1_synth_reverse		87	T	1432	79	4	24	0	319	833702	835560	0	0	0	0	0	0	10029	10029
TP1_synth_reverse		88	G	287	537	1	834378	3	116	189	835511	2	0	0	10027	0	0	0	10029
TP1_synth_reverse		89	T	650	102	422	25	0	44	834231	835474	0	0	0	0	0	0	10029	10029
TP1_synth_reverse		90	T	623	126	0	30	0	69	834516	835364	0	0	0	1	0	0	10028	10029
TP1_synth_reverse		91	C	512	834097	0	267	1	315	106	835298	0	10027	0	2	0	0	0	10029
TP1_synth_reverse		92	C	402	833744	0	130	0	411	220	834907	0	10028	0	0	0	0	0	10028
TP1_synth_reverse		93	G	221	360	0	832321	0	163	506	833571	0	0	0	10024	0	0	1	10025
TP1_synth_reverse		94	T	476	101	0	58	0	75	832755	833465	0	0	0	0	0	0	10025	10025
TP1_synth_reverse		95	C	0	832640	0	0	0	180	0	832820	0	10025	0	0	0	0	0	10025
TP1_synth_reverse		96	C	0	832187	0	0	0	86	0	832273	0	10025	0	0	0	0	0	10025
TP1_synth_reverse		97	C	0	830433	0	0	0	167	0	830600	0	10021	0	0	0	0	0	10021
TP1_synth_reverse		98	A	826548	0	0	0	0	0	0	826548	10012	0	0	0	0	0	0	10012
TP1_synth_reverse		99	G	0	0	0	825351	0	0	0	825351	0	0	0	10012	0	0	0	10012
