



























































































































































































































#AmpliconChromStart	Alias	Position	ProbableRef	rawA	rawC	rawD	rawG	rawI	rawN	rawT	rawDepth	consA	consC	consD	consG	consI	consN	consT	consDepth	
TP1_synth_reverse		1	G	0	0	0	825583	0	0	0	825583	0	0	0	8516	0	0	0	8516
TP1_synth_reverse		2	T	0	0	0	0	0	0	827597	827597	0	0	0	0	0	0	8526	8526
TP1_synth_reverse		3	G	0	0	0	831189	0	92	0	831281	0	0	0	8546	0	0	0	8546
TP1_synth_reverse		4	G	0	0	0	832586	0	54	0	832640	0	0	0	8553	0	0	0	8553
TP1_synth_reverse		5	T	0	0	0	0	0	18	832975	832993	0	0	0	0	0	0	8557	8557
TP1_synth_reverse		6	G	122	96	0	832965	0	17	236	833436	0	0	0	8558	0	0	0	8558
TP1_synth_reverse		7	A	833823	28	0	101	0	72	116	834140	8562	0	0	0	0	0	0	8562
TP1_synth_reverse		8	G	186	61	0	834468	0	109	241	835065	0	0	0	8570	0	0	1	8571
TP1_synth_reverse		9	G	102	136	0	835534	2	24	123	835921	0	0	0	8577	0	0	2	8579
TP1_synth_reverse		10	C	263	835533	2	25	1	14	116	835954	0	8579	0	0	0	0	1	8580
TP1_synth_reverse		11	T	180	245	27	10	47	24	835437	835970	0	0	0	0	0	0	8580	8580
TP1_synth_reverse		12	C	300	834182	1088	25	0	69	314	835978	0	8565	14	0	0	0	1	8580
TP1_synth_reverse		13	C	437	835314	3	20	1	92	111	835978	0	8580	0	0	0	0	0	8580
TP1_synth_reverse		14	C	382	835434	0	15	1	39	107	835978	0	8580	0	0	0	0	0	8580
TP1_synth_reverse		15	C	286	835052	24	34	429	55	107	835987	1	8574	1	0	4	0	0	8580
TP1_synth_reverse		16	T	364	82	1216	13	0	179	834133	835987	0	0	13	0	0	0	8567	8580
TP1_synth_reverse		17	T	293	112	1	13	0	56	835518	835993	0	0	0	0	0	0	8580	8580
TP1_synth_reverse		18	T	326	138	87	2	2	43	835395	835993	0	0	2	0	0	0	8578	8580
TP1_synth_reverse		19	C	355	836770	278	30	784	60	117	838394	0	8569	6	1	4	0	1	8581
TP1_synth_reverse		20	T	230	61	810	27	3	26	837237	838394	0	0	11	0	0	0	8570	8581
TP1_synth_reverse		21	T	458	166	0	52	2	93	837623	838394	0	0	0	0	0	0	8581	8581
TP1_synth_reverse		22	G	252	431	720	835616	320	19	1043	838401	3	0	3	8571	1	0	3	8581
TP1_synth_reverse		23	C	536	836486	853	64	195	22	255	838411	0	8568	5	2	4	0	3	8582
TP1_synth_reverse		24	G	196	156	269	837098	0	33	659	838411	1	0	5	8574	0	0	2	8582
TP1_synth_reverse		25	G	111	647	8	836771	6	128	748	838419	0	0	0	8575	0	0	7	8582
TP1_synth_reverse		26	A	837910	17	56	240	18	55	140	838436	8580	0	1	1	1	0	0	8583
TP1_synth_reverse		27	G	58	776	177	836429	556	24	416	838436	0	0	2	8578	2	0	1	8583
TP1_synth_reverse		28	A	837703	41	186	84	310	24	105	838453	8580	0	3	0	1	0	0	8584
TP1_synth_reverse		29	T	289	88	398	129	2	126	837421	838453	0	0	6	0	0	0	8578	8584
TP1_synth_reverse		30	T	984	101	3	45	286	124	836920	838463	0	0	0	0	4	0	8581	8585
TP1_synth_reverse		31	C	554	836548	865	44	118	60	265	838454	0	8577	6	0	1	0	1	8585
TP1_synth_reverse		32	T	601	105	369	39	0	351	836986	838451	0	0	4	0	0	0	8581	8585
TP1_synth_reverse		33	C	520	837484	186	47	0	130	79	838446	0	8582	3	0	0	0	0	8585
TP1_synth_reverse		34	T	679	130	125	67	0	85	837358	838444	0	0	1	0	0	0	8584	8585
TP1_synth_reverse		35	T	1421	125	0	62	0	82	836743	838433	0	0	0	0	0	0	8585	8585
TP1_synth_reverse		36	C	502	836648	1038	31	0	40	172	838431	0	8570	12	0	0	0	3	8585
TP1_synth_reverse		37	C	600	837487	5	48	23	64	188	838415	1	8580	0	0	1	0	3	8585
TP1_synth_reverse		38	T	667	86	685	225	1	35	836707	838406	0	0	6	0	0	0	8579	8585
TP1_synth_reverse		39	C	371	836843	600	42	408	53	85	838402	0	8575	8	0	2	0	0	8585
TP1_synth_reverse		40	T	1245	91	18	27	27	143	836849	838400	0	0	0	0	1	0	8584	8585
TP1_synth_reverse		41	G	490	600	27	836752	0	35	491	838395	0	0	1	8579	0	0	5	8585
TP1_synth_reverse		42	T	2034	82	69	53	1	62	836097	838398	0	0	0	0	0	0	8585	8585
TP1_synth_reverse		43	G	399	435	761	835454	5	423	930	838407	0	0	5	8579	0	0	2	8586
TP1_synth_reverse		44	C	481	836273	768	65	196	174	461	838418	0	8572	7	0	2	1	5	8587
TP1_synth_reverse		45	G	314	356	218	836122	13	56	1328	838407	2	1	2	8581	0	0	1	8587
TP1_synth_reverse		46	C	741	837102	366	40	1	11	158	838419	0	8583	4	0	0	0	1	8588
TP1_synth_reverse		47	C	308	837134	1	96	182	30	677	838428	0	8584	0	1	1	0	2	8588
TP1_synth_reverse		48	G	383	663	72	835260	348	34	1649	838409	3	0	2	8579	1	0	3	8588
TP1_synth_reverse		49	A	837730	52	226	95	2	232	121	838458	8583	1	4	0	0	0	0	8588
TP1_synth_reverse		50	T	1014	90	471	169	3	104	836599	838450	0	0	2	1	0	0	8585	8588
TP1_synth_reverse		51	A	837693	45	278	111	6	126	207	838466	8584	0	3	0	0	0	2	8589
TP1_synth_reverse		52	C	575	836608	137	126	156	303	554	838459	0	8577	6	0	1	0	5	8589
TP1_synth_reverse		53	A	836925	16	409	166	502	317	132	838467	8580	0	4	0	5	0	0	8589
TP1_synth_reverse		54	G	360	417	271	836903	26	106	378	838461	1	2	4	8579	1	0	2	8589
TP1_synth_reverse		55	A	837320	92	747	117	0	115	89	838480	8580	0	10	0	0	0	0	8590
TP1_synth_reverse		56	A	837888	15	13	138	13	98	314	838479	8588	0	1	0	0	0	1	8590
TP1_synth_reverse		57	T	1640	61	30	235	1	219	836255	838441	0	0	1	0	0	0	8589	8590
TP1_synth_reverse		58	A	837310	10	132	93	136	241	533	838455	8583	0	3	0	3	0	2	8591
TP1_synth_reverse		59	T	963	45	148	79	554	406	836243	838438	0	0	3	0	2	0	8586	8591
TP1_synth_reverse		60	C	1016	835788	744	86	4	280	506	838424	1	8579	6	1	0	0	4	8591
TP1_synth_reverse		61	T	1290	648	287	1143	239	195	834613	838415	3	3	4	13	2	0	8566	8591
TP1_synth_reverse		62	G	342	252	215	836364	323	293	612	838401	0	0	2	8585	1	0	3	8591
TP1_synth_reverse		63	T	1975	86	487	17	0	157	835685	838407	0	0	8	0	0	0	8584	8592
TP1_synth_reverse		64	T	2418	50	22	21	223	37	835630	838401	2	0	1	0	2	0	8587	8592
TP1_synth_reverse		65	C	1744	835026	1138	30	117	176	164	838395	3	8576	12	0	1	0	0	8592
TP1_synth_reverse		66	G	790	346	154	836655	20	44	381	838390	4	0	3	8584	1	0	0	8592
TP1_synth_reverse		67	C	834	836763	428	42	4	218	96	838385	0	8590	2	0	0	0	0	8592
TP1_synth_reverse		68	A	837637	225	165	151	8	102	102	838390	8589	0	3	0	0	0	0	8592
TP1_synth_reverse		69	C	309	836638	478	33	318	68	540	838384	0	8584	3	0	1	0	4	8592
TP1_synth_reverse		70	T	1024	118	258	38	449	88	836397	838372	0	0	3	0	2	0	8587	8592
TP1_synth_reverse		71	C	339	836939	599	37	1	341	111	838367	0	8586	6	0	0	0	0	8592
TP1_synth_reverse		72	C	689	836469	97	69	285	130	622	838361	0	8585	1	0	1	0	5	8592
TP1_synth_reverse		73	G	265	485	144	836249	3	315	890	838351	2	0	3	8585	0	0	2	8592
TP1_synth_reverse		74	A	837934	40	94	116	4	126	33	838347	8591	0	1	0	0	0	0	8592
TP1_synth_reverse		75	G	382	403	101	837192	34	53	176	838341	4	0	2	8582	2	0	2	8592
TP1_synth_reverse		76	T	875	90	101	45	190	47	836984	838332	0	0	2	0	1	0	8589	8592
TP1_synth_reverse		77	G	797	337	106	836124	7	62	881	838314	2	0	1	8584	0	0	5	8592
TP1_synth_reverse		78	C	477	835349	32	33	920	510	992	838313	0	8582	0	0	5	0	5	8592
TP1_synth_reverse		79	G	386	638	245	836486	2	146	403	838306	4	3	3	8582	0	0	0	8592
TP1_synth_reverse		80	G	249	255	0	836569	249	136	823	838281	4	0	0	8578	4	0	6	8592
TP1_synth_reverse		81	C	428	836633	561	78	320	91	148	838259	1	8582	5	0	4	0	0	8592
TP1_synth_reverse		82	A	833614	34	1799	152	0	67	150	835816	8579	0	11	0	0	0	1	8591
TP1_synth_reverse		83	A	835340	49	9	96	0	222	97	835813	8591	0	0	0	0	0	0	8591
TP1_synth_reverse		84	A	835289	56	0	153	0	233	55	835786	8591	0	0	0	0	0	0	8591
TP1_synth_reverse		85	G	188	290	0	834979	35	93	101	835686	0	0	0	8590	1	0	0	8591
TP1_synth_reverse		86	C	495	834854	100	45	1	70	70	835635	0	8590	1	0	0	0	0	8591
TP1_synth_reverse		87	T	1432	79	4	24	0	319	833703	835561	0	0	0	0	0	0	8591	8591
TP1_synth_reverse		88	G	287	537	1	834380	3	116	188	835512	2	0	0	8589	0	0	0	8591
TP1_synth_reverse		89	T	650	102	422	25	0	44	834232	835475	0	0	0	0	0	0	8591	8591
TP1_synth_reverse		90	T	623	126	0	30	0	69	834517	835365	0	0	0	1	0	0	8590	8591
TP1_synth_reverse		91	C	512	834098	0	267	1	315	106	835299	0	8589	0	2	0	0	0	8591
TP1_synth_reverse		92	C	402	833745	0	130	0	411	220	834908	0	8590	0	0	0	0	0	8590
TP1_synth_reverse		93	G	221	360	0	832322	0	163	506	833572	0	0	0	8587	0	0	1	8588
TP1_synth_reverse		94	T	476	101	0	58	0	75	832756	833466	0	0	0	0	0	0	8588	8588
TP1_synth_reverse		95	C	0	832641	0	0	0	180	0	832821	0	8588	0	0	0	0	0	8588
TP1_synth_reverse		96	C	0	832188	0	0	0	86	0	832274	0	8588	0	0	0	0	0	8588
TP1_synth_reverse		97	C	0	830434	0	0	0	167	0	830601	0	8586	0	0	0	0	0	8586
TP1_synth_reverse		98	A	826549	0	0	0	0	0	0	826549	8582	0	0	0	0	0	0	8582
TP1_synth_reverse		99	G	0	0	0	825352	0	0	0	825352	0	0	0	8582	0	0	0	8582
