



























































































































































































































#AmpliconChromStart	Alias	Position	ProbableRef	rawA	rawC	rawD	rawG	rawI	rawN	rawT	rawDepth	consA	consC	consD	consG	consI	consN	consT	consDepth	
TP1_synth_reverse		1	G	0	0	0	825583	0	0	0	825583	0	0	0	17037	0	0	0	17037
TP1_synth_reverse		2	T	0	0	0	0	0	0	827597	827597	0	0	0	0	0	0	17088	17088
TP1_synth_reverse		3	G	0	0	0	831189	0	92	0	831281	0	0	0	17144	0	0	0	17144
TP1_synth_reverse		4	G	0	0	0	832586	0	54	0	832640	0	0	0	17170	0	2	0	17172
TP1_synth_reverse		5	T	0	0	0	0	0	18	832975	832993	0	0	0	0	0	0	17186	17186
TP1_synth_reverse		6	G	122	96	0	832965	0	17	236	833436	0	0	0	17207	0	1	1	17209
TP1_synth_reverse		7	A	833823	28	0	101	0	72	116	834140	17214	0	0	0	0	1	0	17215
TP1_synth_reverse		8	G	186	61	0	834468	0	109	241	835065	0	0	0	17230	0	0	1	17231
TP1_synth_reverse		9	G	102	136	0	835534	2	24	123	835921	1	0	0	17237	0	0	2	17240
TP1_synth_reverse		10	C	263	835533	2	25	1	14	116	835954	0	17240	0	0	0	0	1	17241
TP1_synth_reverse		11	T	180	245	27	10	47	24	835437	835970	0	0	2	0	4	0	17236	17242
TP1_synth_reverse		12	C	300	834182	1088	25	0	69	314	835978	0	17214	27	0	0	0	2	17243
TP1_synth_reverse		13	C	437	835314	3	20	1	92	111	835978	0	17241	0	0	0	1	1	17243
TP1_synth_reverse		14	C	382	835434	0	15	1	39	107	835978	0	17242	0	0	0	1	0	17243
TP1_synth_reverse		15	C	286	835052	24	34	429	55	107	835987	1	17233	2	0	7	1	0	17244
TP1_synth_reverse		16	T	364	82	1216	13	0	179	834133	835987	0	0	23	0	0	1	17220	17244
TP1_synth_reverse		17	T	293	112	1	13	0	56	835518	835993	0	0	0	0	0	2	17243	17245
TP1_synth_reverse		18	T	326	138	87	2	2	43	835395	835993	0	0	2	0	0	0	17243	17245
TP1_synth_reverse		19	C	355	836770	278	30	784	60	117	838394	0	17232	8	1	5	0	2	17248
TP1_synth_reverse		20	T	230	61	810	27	3	26	837237	838394	0	0	15	0	0	0	17233	17248
TP1_synth_reverse		21	T	458	166	0	52	2	93	837623	838394	1	0	0	0	0	0	17247	17248
TP1_synth_reverse		22	G	252	431	720	835616	320	19	1043	838401	3	0	4	17230	1	0	11	17249
TP1_synth_reverse		23	C	536	836486	853	64	195	22	255	838411	1	17223	11	2	8	0	5	17250
TP1_synth_reverse		24	G	196	156	269	837098	0	33	659	838411	2	0	5	17241	0	0	2	17250
TP1_synth_reverse		25	G	111	647	8	836771	6	128	748	838419	0	0	0	17237	1	4	9	17251
TP1_synth_reverse		26	A	837910	17	56	240	18	55	140	838436	17244	0	6	1	1	0	0	17252
TP1_synth_reverse		27	G	58	776	177	836429	556	24	416	838436	0	2	8	17239	2	0	1	17252
TP1_synth_reverse		28	A	837703	41	186	84	310	24	105	838453	17244	0	7	0	2	0	0	17253
TP1_synth_reverse		29	T	289	88	398	129	2	126	837421	838453	0	0	13	0	0	0	17240	17253
TP1_synth_reverse		30	T	984	101	3	45	286	124	836920	838463	1	0	0	0	4	4	17245	17254
TP1_synth_reverse		31	C	554	836548	865	44	118	60	265	838454	2	17239	10	1	1	0	1	17254
TP1_synth_reverse		32	T	601	105	369	39	0	351	836986	838451	0	1	8	0	0	5	17240	17254
TP1_synth_reverse		33	C	520	837484	186	47	0	130	79	838446	0	17246	6	0	0	2	0	17254
TP1_synth_reverse		34	T	679	130	125	67	0	85	837358	838444	0	0	1	0	0	2	17251	17254
TP1_synth_reverse		35	T	1421	125	0	62	0	82	836743	838433	0	0	0	0	0	1	17253	17254
TP1_synth_reverse		36	C	502	836648	1038	31	0	40	172	838431	0	17225	21	0	0	1	7	17254
TP1_synth_reverse		37	C	600	837487	5	48	23	64	188	838415	1	17246	0	0	2	0	5	17254
TP1_synth_reverse		38	T	667	86	685	225	1	35	836707	838406	0	3	8	0	0	0	17243	17254
TP1_synth_reverse		39	C	371	836843	600	42	408	53	85	838402	0	17235	10	0	7	0	2	17254
TP1_synth_reverse		40	T	1245	91	18	27	27	143	836852	838403	1	0	1	0	2	0	17250	17254
TP1_synth_reverse		41	G	490	600	27	836755	0	35	491	838398	0	1	2	17243	0	0	8	17254
TP1_synth_reverse		42	T	2034	82	69	53	1	62	836100	838401	2	0	2	1	0	2	17247	17254
TP1_synth_reverse		43	G	399	435	761	835457	5	423	930	838410	1	0	10	17239	0	1	4	17255
TP1_synth_reverse		44	C	481	836276	768	65	196	174	461	838421	2	17223	14	0	5	2	10	17256
TP1_synth_reverse		45	G	314	356	218	836125	13	56	1328	838410	2	3	3	17239	2	0	7	17256
TP1_synth_reverse		46	C	741	837105	366	40	1	11	158	838422	1	17247	4	0	0	1	4	17257
TP1_synth_reverse		47	C	308	837137	1	96	182	30	677	838431	0	17249	0	3	1	0	5	17258
TP1_synth_reverse		48	G	383	663	72	835263	348	34	1649	838412	10	2	6	17228	2	0	10	17258
TP1_synth_reverse		49	A	837733	52	226	95	2	232	121	838461	17490	3	7	0	0	1	0	17501
TP1_synth_reverse		50	T	1015	90	471	169	3	104	836601	838453	1	0	4	2	0	1	17493	17501
TP1_synth_reverse		51	A	837696	45	278	111	6	126	207	838469	17491	0	4	1	1	2	3	17502
TP1_synth_reverse		52	C	576	836610	137	126	156	303	554	838462	1	17479	11	0	1	2	8	17502
TP1_synth_reverse		53	A	836928	16	409	166	502	317	132	838470	17484	0	6	1	9	3	0	17503
TP1_synth_reverse		54	G	360	417	271	836906	26	106	378	838464	2	3	5	17488	2	0	3	17503
TP1_synth_reverse		55	A	837323	92	747	117	0	115	89	838483	17479	0	25	0	0	0	0	17504
TP1_synth_reverse		56	A	837891	15	13	138	13	98	314	838482	17501	0	2	0	0	0	1	17504
TP1_synth_reverse		57	T	1641	61	30	235	1	219	836257	838444	3	0	5	0	0	2	17494	17504
TP1_synth_reverse		58	A	837313	10	132	93	136	241	533	838458	17484	0	9	0	5	5	2	17505
TP1_synth_reverse		59	T	965	45	148	79	554	406	836244	838441	0	0	7	0	2	8	17488	17505
TP1_synth_reverse		60	C	1016	835791	744	86	4	280	506	838427	6	17479	10	1	0	5	4	17505
TP1_synth_reverse		61	T	1290	648	287	1143	239	195	834616	838418	9	9	7	28	4	2	17446	17505
TP1_synth_reverse		62	G	342	252	215	836367	323	293	612	838404	1	1	5	17475	2	7	14	17505
TP1_synth_reverse		63	T	1975	86	487	17	0	157	835688	838410	0	1	14	0	0	1	17490	17506
TP1_synth_reverse		64	T	2419	50	22	21	223	37	835632	838404	4	0	3	0	5	1	17493	17506
TP1_synth_reverse		65	C	1744	835029	1138	30	117	176	164	838398	6	17466	29	0	2	3	0	17506
TP1_synth_reverse		66	G	790	346	154	836653	20	44	382	838389	6	0	3	17494	2	0	1	17506
TP1_synth_reverse		67	C	835	836761	428	42	4	218	96	838384	0	17496	6	0	1	3	0	17506
TP1_synth_reverse		68	A	837635	226	165	151	8	102	102	838389	17500	1	3	0	0	0	3	17507
TP1_synth_reverse		69	C	310	836636	478	33	318	68	540	838383	0	17495	5	0	1	0	6	17507
TP1_synth_reverse		70	T	1024	118	258	38	449	88	836396	838371	1	1	6	0	4	0	17495	17507
TP1_synth_reverse		71	C	339	836938	599	37	1	341	111	838366	0	17497	8	0	0	2	0	17507
TP1_synth_reverse		72	C	689	836468	97	69	285	130	622	838360	0	17495	1	0	3	1	7	17507
TP1_synth_reverse		73	G	265	485	144	836248	3	315	890	838350	2	0	6	17485	1	4	9	17507
TP1_synth_reverse		74	A	837933	40	94	116	4	126	33	838346	17504	0	1	0	1	1	0	17507
TP1_synth_reverse		75	G	382	403	101	837191	34	53	176	838340	8	0	2	17491	3	1	2	17507
TP1_synth_reverse		76	T	875	90	101	45	190	47	836983	838331	0	0	2	0	3	0	17502	17507
TP1_synth_reverse		77	G	797	338	106	836122	7	62	881	838313	4	1	1	17494	1	0	6	17507
TP1_synth_reverse		78	C	477	835348	32	33	920	510	992	838312	0	17482	2	0	8	1	14	17507
TP1_synth_reverse		79	G	386	638	245	836485	2	146	403	838305	6	9	5	17486	0	1	0	17507
TP1_synth_reverse		80	G	249	255	0	836568	249	136	823	838280	7	1	0	17482	5	0	11	17506
TP1_synth_reverse		81	C	428	836632	561	78	320	91	148	838258	6	17481	14	0	4	0	0	17505
TP1_synth_reverse		82	A	833613	34	1799	152	0	67	150	835815	17244	0	16	0	0	1	0	17261
TP1_synth_reverse		83	A	835339	49	9	96	0	222	97	835812	17259	0	0	0	0	2	0	17261
TP1_synth_reverse		84	A	835288	56	0	153	0	233	55	835785	17261	0	0	0	0	0	0	17261
TP1_synth_reverse		85	G	188	291	0	834977	35	93	101	835685	0	1	0	17257	2	1	0	17261
TP1_synth_reverse		86	C	496	834852	100	45	1	70	70	835634	1	17257	1	0	0	0	2	17261
TP1_synth_reverse		87	T	1432	79	4	24	0	319	833702	835560	0	0	0	0	0	2	17259	17261
TP1_synth_reverse		88	G	287	537	1	834378	3	116	189	835511	2	1	0	17255	0	2	1	17261
TP1_synth_reverse		89	T	650	102	422	25	0	44	834231	835474	0	0	3	0	0	0	17258	17261
TP1_synth_reverse		90	T	623	126	0	30	0	69	834516	835364	1	0	0	1	0	0	17259	17261
TP1_synth_reverse		91	C	512	834097	0	267	1	315	106	835298	1	17254	0	2	0	4	0	17261
TP1_synth_reverse		92	C	402	833744	0	130	0	411	220	834907	0	17253	0	4	0	1	0	17258
TP1_synth_reverse		93	G	221	360	0	832321	0	163	506	833571	3	0	0	17242	0	1	1	17247
TP1_synth_reverse		94	T	476	101	0	58	0	75	832755	833465	0	0	0	0	0	0	17245	17245
TP1_synth_reverse		95	C	0	832640	0	0	0	180	0	832820	0	17242	0	0	0	2	0	17244
TP1_synth_reverse		96	C	0	832187	0	0	0	86	0	832273	0	17241	0	0	0	1	0	17242
TP1_synth_reverse		97	C	0	830433	0	0	0	167	0	830600	0	17222	0	0	0	3	0	17225
TP1_synth_reverse		98	A	826548	0	0	0	0	0	0	826548	17195	0	0	0	0	0	0	17195
TP1_synth_reverse		99	G	0	0	0	825351	0	0	0	825351	0	0	0	17189	0	0	0	17189
