



























































































































































































































#AmpliconChromStart	Alias	Position	ProbableRef	rawA	rawC	rawD	rawG	rawI	rawN	rawT	rawDepth	consA	consC	consD	consG	consI	consN	consT	consDepth	
TP1_synth_forward		1	G	0	0	0	770705	0	0	0	770705	0	0	0	33208	0	0	0	33208
TP1_synth_forward		2	T	0	0	0	0	0	0	772958	772958	0	0	0	0	0	0	33598	33598
TP1_synth_forward		3	G	0	0	0	776690	0	8	0	776698	0	0	0	34450	0	5	0	34455
TP1_synth_forward		4	G	0	0	0	778551	0	8	0	778559	0	0	0	35058	0	1	0	35059
TP1_synth_forward		5	T	0	0	0	0	0	15	779250	779265	0	0	0	0	0	3	35584	35587
TP1_synth_forward		6	G	183	84	0	779274	0	187	191	779919	11	5	0	35979	0	30	8	36033
TP1_synth_forward		7	A	779605	24	0	107	0	181	159	780076	36049	1	0	5	0	12	4	36071
TP1_synth_forward		8	G	128	39	0	780166	0	35	919	781287	6	2	0	36093	0	0	29	36130
TP1_synth_forward		9	G	125	108	0	781079	0	286	153	781751	3	27	0	36115	0	11	10	36166
TP1_synth_forward		10	C	142	781035	272	19	2	192	108	781770	19	36107	6	0	2	38	6	36178
TP1_synth_forward		11	T	388	139	237	14	7	147	780838	781770	71	3	6	0	0	24	36074	36178
TP1_synth_forward		12	C	138	775984	5396	14	0	54	198	781784	16	36016	137	0	0	13	6	36188
TP1_synth_forward		13	C	319	781234	3	27	0	96	138	781817	39	36145	1	0	0	14	6	36205
TP1_synth_forward		14	C	312	781290	0	25	0	34	156	781817	29	36162	0	1	0	7	6	36205
TP1_synth_forward		15	C	877	780708	2	8	1	106	115	781817	32	36164	1	0	1	6	1	36205
TP1_synth_forward		16	T	491	1013	1017	19	0	49	779238	781827	116	25	48	2	0	3	36017	36211
TP1_synth_forward		17	T	455	77	3	27	0	54	781211	781827	94	1	0	1	0	23	36092	36211
TP1_synth_forward		18	T	287	59	5	8	1	146	781333	781839	46	1	0	0	1	27	36142	36217
TP1_synth_forward		19	A	781318	7	159	103	25	67	172	781851	36181	1	14	4	8	7	8	36223
TP1_synth_forward		20	T	361	76	4	31	4	104	781271	781851	73	2	2	2	3	17	36124	36223
TP1_synth_forward		21	A	779887	9	1623	108	0	90	148	781865	36165	2	46	2	0	9	6	36230
TP1_synth_forward		22	C	250	777874	3468	64	2	38	169	781865	29	36065	117	3	0	11	5	36230
TP1_synth_forward		23	A	775287	260	5335	115	461	203	204	781865	35975	7	179	1	19	39	10	36230
TP1_synth_forward		24	G	944	56	2721	777020	299	203	622	781865	25	8	98	35960	5	66	68	36230
TP1_synth_forward		25	A	780092	8	1389	163	0	114	103	781869	36118	1	51	9	0	50	3	36232
TP1_synth_forward		26	A	781569	7	2	115	0	58	118	781869	36208	0	1	5	0	15	3	36232
TP1_synth_forward		27	T	855	75	192	48	8	79	780612	781869	157	5	20	2	6	4	36038	36232
TP1_synth_forward		28	A	781015	23	542	72	0	83	134	781869	36210	3	7	0	0	6	6	36232
TP1_synth_forward		29	T	454	77	237	283	0	105	780713	781869	83	1	10	27	0	46	36065	36232
TP1_synth_forward		30	C	368	781251	8	64	1	56	121	781869	64	36146	1	5	0	11	5	36232
TP1_synth_forward		31	T	1931	164	1089	25	2	18	778609	781838	365	5	35	0	2	1	35801	36209
TP1_synth_forward		32	G	205	264	1600	779378	6	56	309	781818	19	50	58	35992	1	3	72	36195
TP1_synth_forward		33	T	1743	66	1161	14	0	142	778689	781815	269	1	50	1	0	48	35824	36193
TP1_synth_forward		34	T	2818	73	2	3	1	133	778775	781805	371	2	0	0	1	36	35779	36189
TP1_synth_forward		35	C	662	779287	1415	24	3	53	353	781797	124	35970	57	2	3	9	20	36185
TP1_synth_forward		36	G	225	228	799	778787	1	172	1574	781786	11	68	27	35786	0	50	233	36175
TP1_synth_forward		37	C	477	780493	42	26	430	187	130	781785	61	36078	11	1	14	8	1	36174
TP1_synth_forward		38	A	781312	59	108	126	0	82	96	781783	36126	5	9	8	0	19	5	36172
TP1_synth_forward		39	C	204	780188	87	90	981	67	151	781768	42	36026	13	4	44	22	11	36162
TP1_synth_forward		40	T	2262	124	129	15	9	60	779146	781745	405	4	12	1	6	8	35709	36145
TP1_synth_forward		41	C	367	779207	726	24	0	108	1309	781741	91	35918	44	2	0	57	32	36144
TP1_synth_forward		42	C	405	780997	13	41	3	44	229	781732	68	36047	2	1	2	13	8	36141
TP1_synth_forward		43	G	215	243	114	778036	1106	40	1955	781709	13	79	13	35726	36	1	260	36128
TP1_synth_forward		44	A	780490	18	682	83	242	113	78	781706	36054	5	24	3	22	13	4	36125
TP1_synth_forward		45	G	225	355	1448	777658	5	270	1728	781689	13	97	40	35725	4	57	178	36114
TP1_synth_forward		46	T	1652	96	2058	41	3	116	777707	781673	272	4	66	2	3	26	35735	36108
TP1_synth_forward		47	G	328	261	22	780515	3	141	388	781658	61	66	5	35890	2	7	62	36093
TP1_synth_forward		48	C	388	779780	27	33	2	305	1120	781655	68	35951	4	1	2	43	21	36090
TP1_synth_forward		49	G	483	186	2566	776532	0	234	1643	781644	16	67	104	35692	0	70	136	36085
TP1_synth_forward		50	G	354	223	2	780593	0	126	332	781630	46	52	1	35899	0	22	55	36075
TP1_synth_forward		51	C	246	778955	604	974	485	216	135	781615	48	35939	33	28	3	5	8	36064
TP1_synth_forward		52	T	1768	88	381	177	2	184	779006	781606	350	1	24	5	1	10	35666	36057
TP1_synth_forward		53	T	1516	119	58	77	1	62	779769	781602	250	2	10	3	1	6	35784	36056
TP1_synth_forward		54	G	218	202	905	779646	1	141	470	781583	31	43	37	35831	1	40	62	36045
TP1_synth_forward		55	C	335	778676	1572	35	294	347	328	781587	49	35802	79	1	14	89	16	36050
TP1_synth_forward		56	G	256	141	96	779995	1	244	851	781584	24	38	19	35850	0	21	95	36047
TP1_synth_forward		57	G	127	107	35	780839	0	113	354	781575	10	22	8	35937	0	2	56	36035
TP1_synth_forward		58	A	781067	39	93	150	0	84	152	781585	35998	6	17	5	0	4	5	36035
TP1_synth_forward		59	G	210	144	805	779435	128	36	788	781546	17	28	22	35859	10	7	70	36013
TP1_synth_forward		60	A	780374	49	854	105	3	55	124	781564	35963	4	34	4	1	9	3	36018
TP1_synth_forward		61	T	396	76	46	423	0	70	780536	781547	63	2	10	63	0	3	35868	36009
TP1_synth_forward		62	T	1268	148	3	423	1	78	779532	781453	220	4	0	33	0	11	35719	35987
TP1_synth_forward		63	C	433	780455	268	32	0	118	112	781418	73	35870	18	0	0	13	1	35975
TP1_synth_forward		64	T	1916	98	126	61	0	113	779083	781397	310	4	9	5	0	15	35619	35962
TP1_synth_forward		65	C	220	779076	1785	32	3	143	125	781384	49	35838	50	0	3	10	4	35954
TP1_synth_forward		66	T	1729	106	20	49	0	55	779417	781376	312	1	1	4	0	2	35631	35951
TP1_synth_forward		67	T	1941	116	1327	31	1	82	777864	781362	277	3	33	2	1	2	35629	35947
TP1_synth_forward		68	C	320	778720	2070	37	0	86	129	781362	59	35803	68	8	0	8	1	35947
TP1_synth_forward		69	C	454	780553	9	60	0	111	166	781353	78	35812	0	1	0	39	12	35942
TP1_synth_forward		70	T	1690	78	42	25	0	231	779273	781339	291	3	7	3	0	37	35596	35937
TP1_synth_forward		71	C	464	779126	1506	18	1	91	124	781330	74	35793	55	0	0	8	2	35932
TP1_synth_forward		72	T	2254	107	2583	7	11	91	776260	781313	377	10	64	2	0	22	35450	35925
TP1_synth_forward		73	G	259	342	2705	776748	0	98	1138	781290	28	55	53	35682	0	9	84	35911
TP1_synth_forward		74	T	1426	114	2	19	1	102	779620	781284	192	5	0	3	1	3	35703	35907
TP1_synth_forward		75	G	238	138	1319	778731	29	100	712	781267	31	28	42	35713	8	2	75	35899
TP1_synth_forward		76	C	430	779392	780	65	0	196	399	781262	42	35786	43	0	0	16	11	35898
TP1_synth_forward		77	G	857	313	774	778272	1	122	900	781239	45	86	44	35606	1	8	93	35883
TP1_synth_forward		78	C	204	778724	1964	35	0	132	176	781235	31	35757	80	2	0	6	5	35881
TP1_synth_forward		79	C	271	778799	52	48	2	170	1875	781217	39	35749	6	3	1	39	38	35875
TP1_synth_forward		80	G	1155	592	70	777440	0	55	1890	781202	42	117	7	35543	0	6	150	35865
TP1_synth_forward		81	C	191	780755	17	30	1	42	157	781193	29	35816	8	2	1	3	3	35862
TP1_synth_forward		82	A	780469	34	294	209	0	44	141	781191	35829	2	21	4	0	3	3	35862
TP1_synth_forward		83	A	780795	66	6	111	0	97	115	781190	35832	5	0	8	0	10	6	35861
TP1_synth_forward		84	A	780441	86	0	187	99	241	111	781165	35806	6	0	5	13	26	3	35859
TP1_synth_forward		85	G	208	208	0	780345	37	161	147	781106	38	38	0	35719	6	9	29	35839
TP1_synth_forward		86	C	340	780377	0	77	3	136	113	781046	56	35762	0	2	0	3	3	35826
TP1_synth_forward		87	T	2775	107	450	347	0	132	777109	780920	427	2	8	15	0	36	35301	35789
TP1_synth_forward		88	G	250	296	223	779734	25	55	276	780859	45	21	5	35650	3	6	39	35769
TP1_synth_forward		89	T	1066	101	277	46	0	44	779254	780788	112	4	10	4	0	14	35616	35760
TP1_synth_forward		90	T	1586	131	4	31	152	45	778746	780695	176	8	0	1	7	30	35516	35738
TP1_synth_forward		91	C	469	779548	94	238	0	7	269	780625	60	35638	3	8	0	5	5	35719
TP1_synth_forward		92	C	356	779919	0	38	0	50	223	780586	25	35670	0	2	0	2	7	35706
TP1_synth_forward		93	G	466	395	0	778898	0	60	122	779941	41	71	0	35543	0	2	11	35668
TP1_synth_forward		94	T	1589	98	0	79	0	66	777770	779602	149	0	0	6	0	26	35444	35625
TP1_synth_forward		95	C	127	778748	0	43	0	105	192	779215	20	35552	0	3	0	18	9	35602
TP1_synth_forward		96	C	0	777798	0	0	0	66	0	777864	0	35537	0	0	0	21	0	35558
TP1_synth_forward		97	C	0	776218	0	0	0	55	0	776273	0	35483	0	0	0	6	0	35489
TP1_synth_forward		98	A	773485	0	0	0	0	20	0	773505	35370	0	0	0	0	3	0	35373
TP1_synth_forward		99	G	0	0	0	772072	0	0	0	772072	0	0	0	35237	0	0	0	35237
TP1_synth_forward		100	T	0	0	0	0	0	0	769442	769442	0	0	0	0	0	0	35035	35035
