



























































































































































































































#AmpliconChromStart	Alias	Position	ProbableRef	rawA	rawC	rawD	rawG	rawI	rawN	rawT	rawDepth	consA	consC	consD	consG	consI	consN	consT	consDepth	
TP1_synth_forward		1	G	0	0	0	770705	0	0	0	770705	0	0	0	4542	0	0	0	4542
TP1_synth_forward		2	T	0	0	0	0	0	0	772958	772958	0	0	0	0	0	0	4544	4544
TP1_synth_forward		3	G	0	0	0	776690	0	8	0	776698	0	0	0	4559	0	0	0	4559
TP1_synth_forward		4	G	0	0	0	778551	0	8	0	778559	0	0	0	4562	0	0	0	4562
TP1_synth_forward		5	T	0	0	0	0	0	15	779250	779265	0	0	0	0	0	0	4564	4564
TP1_synth_forward		6	G	183	84	0	779274	0	187	191	779919	1	0	0	4565	0	0	0	4566
TP1_synth_forward		7	A	779605	24	0	107	0	181	159	780076	4568	0	0	0	0	0	0	4568
TP1_synth_forward		8	G	128	39	0	780166	0	35	919	781287	0	0	0	4571	0	0	1	4572
TP1_synth_forward		9	G	125	108	0	781079	0	286	153	781751	0	0	0	4574	0	0	0	4574
TP1_synth_forward		10	C	142	781035	272	19	2	192	108	781770	0	4574	1	0	0	0	0	4575
TP1_synth_forward		11	T	388	139	237	14	7	147	780838	781770	0	0	1	0	0	0	4574	4575
TP1_synth_forward		12	C	138	775984	5396	14	0	54	198	781784	0	4555	20	0	0	0	0	4575
TP1_synth_forward		13	C	319	781234	3	27	0	96	138	781817	0	4576	0	0	0	0	0	4576
TP1_synth_forward		14	C	312	781290	0	25	0	34	156	781817	0	4576	0	0	0	0	0	4576
TP1_synth_forward		15	C	877	780708	2	8	1	106	115	781817	0	4576	0	0	0	0	0	4576
TP1_synth_forward		16	T	491	1013	1017	19	0	49	779238	781827	0	2	6	0	0	0	4568	4576
TP1_synth_forward		17	T	455	77	3	27	0	54	781211	781827	0	0	0	0	0	0	4576	4576
TP1_synth_forward		18	T	287	59	5	8	1	146	781333	781839	0	0	0	0	0	0	4576	4576
TP1_synth_forward		19	A	781318	7	159	103	25	67	172	781851	4573	0	2	0	1	0	0	4576
TP1_synth_forward		20	T	361	76	4	31	4	104	781271	781851	0	0	0	0	0	0	4576	4576
TP1_synth_forward		21	A	779887	9	1623	108	0	90	148	781865	4572	0	5	0	0	0	0	4577
TP1_synth_forward		22	C	250	777874	3468	64	2	38	169	781865	0	4562	15	0	0	0	0	4577
TP1_synth_forward		23	A	775287	260	5335	115	461	203	204	781865	4559	1	17	0	0	0	0	4577
TP1_synth_forward		24	G	944	56	2721	777020	299	203	622	781865	2	0	11	4560	1	0	3	4577
TP1_synth_forward		25	A	780092	8	1389	163	0	114	103	781869	4574	0	3	0	0	0	0	4577
TP1_synth_forward		26	A	781569	7	2	115	0	58	118	781869	4577	0	0	0	0	0	0	4577
TP1_synth_forward		27	T	855	75	192	48	8	79	780612	781869	0	0	3	0	0	0	4574	4577
TP1_synth_forward		28	A	781015	23	542	72	0	83	134	781869	4576	0	1	0	0	0	0	4577
TP1_synth_forward		29	T	454	77	237	283	0	105	780713	781869	0	0	2	0	0	0	4575	4577
TP1_synth_forward		30	C	368	781251	8	64	1	56	121	781869	0	4577	0	0	0	0	0	4577
TP1_synth_forward		31	T	1931	164	1089	25	2	18	778609	781838	0	1	5	0	0	0	4571	4577
TP1_synth_forward		32	G	205	264	1600	779378	6	56	309	781818	0	0	9	4568	0	0	0	4577
TP1_synth_forward		33	T	1743	66	1161	14	0	142	778689	781815	0	0	7	0	0	0	4570	4577
TP1_synth_forward		34	T	2818	73	2	3	1	133	778775	781805	0	0	0	0	0	0	4577	4577
TP1_synth_forward		35	C	662	779287	1415	24	3	53	353	781797	0	4567	8	0	0	0	2	4577
TP1_synth_forward		36	G	225	228	799	778787	1	172	1574	781786	0	0	3	4574	0	0	0	4577
TP1_synth_forward		37	C	477	780493	42	26	430	187	130	781785	3	4572	1	0	1	0	0	4577
TP1_synth_forward		38	A	781312	59	108	126	0	82	96	781783	4576	0	1	0	0	0	0	4577
TP1_synth_forward		39	C	204	780188	87	90	981	67	151	781768	0	4571	2	0	4	0	0	4577
TP1_synth_forward		40	T	2262	124	129	15	9	60	779146	781745	0	0	2	0	0	0	4575	4577
TP1_synth_forward		41	C	367	779207	726	24	0	108	1309	781741	1	4572	2	0	0	0	2	4577
TP1_synth_forward		42	C	405	780997	13	41	3	44	229	781732	0	4577	0	0	0	0	0	4577
TP1_synth_forward		43	G	215	243	114	778036	1106	40	1955	781709	0	0	0	4563	4	0	10	4577
TP1_synth_forward		44	A	780490	18	682	83	242	113	78	781706	4573	0	1	0	3	0	0	4577
TP1_synth_forward		45	G	225	355	1448	777658	5	270	1728	781689	0	0	2	4571	0	0	4	4577
TP1_synth_forward		46	T	1652	96	2058	41	3	116	777707	781673	0	0	5	0	0	0	4572	4577
TP1_synth_forward		47	G	328	261	22	780515	3	141	388	781658	0	0	0	4577	0	0	0	4577
TP1_synth_forward		48	C	388	779780	27	33	2	305	1120	781655	0	4576	0	0	0	0	1	4577
TP1_synth_forward		49	G	483	186	2566	776532	0	234	1643	781644	1	0	9	4567	0	0	0	4577
TP1_synth_forward		50	G	354	223	2	780593	0	126	332	781630	0	0	0	4577	0	0	0	4577
TP1_synth_forward		51	C	246	778955	604	974	485	216	135	781615	0	4575	2	0	0	0	0	4577
TP1_synth_forward		52	T	1768	88	381	177	2	184	779006	781606	0	0	0	0	0	0	4577	4577
TP1_synth_forward		53	T	1516	119	58	77	1	62	779769	781602	0	0	0	0	0	0	4577	4577
TP1_synth_forward		54	G	218	202	905	779646	1	141	470	781583	0	0	2	4573	0	0	2	4577
TP1_synth_forward		55	C	335	778676	1572	35	294	347	328	781587	0	4567	8	0	1	0	1	4577
TP1_synth_forward		56	G	256	141	96	779995	1	244	851	781584	0	0	0	4573	0	0	4	4577
TP1_synth_forward		57	G	127	107	35	780839	0	113	354	781575	0	0	0	4578	0	0	0	4578
TP1_synth_forward		58	A	781067	39	93	150	0	84	152	781585	4579	0	0	0	0	0	0	4579
TP1_synth_forward		59	G	210	144	805	779435	128	36	788	781546	0	0	0	4578	1	0	0	4579
TP1_synth_forward		60	A	780374	49	854	105	3	55	124	781564	4578	0	2	0	0	0	0	4580
TP1_synth_forward		61	T	396	76	46	423	0	70	780536	781547	0	0	0	0	0	0	4580	4580
TP1_synth_forward		62	T	1268	148	3	423	1	78	779532	781453	0	0	0	0	0	0	4580	4580
TP1_synth_forward		63	C	433	780455	268	32	0	118	112	781418	0	4578	2	0	0	0	0	4580
TP1_synth_forward		64	T	1916	98	126	61	0	113	779083	781397	0	0	1	0	0	0	4579	4580
TP1_synth_forward		65	C	220	779076	1785	32	3	143	125	781384	0	4578	2	0	0	0	0	4580
TP1_synth_forward		66	T	1729	106	20	49	0	55	779417	781376	0	0	0	0	0	0	4580	4580
TP1_synth_forward		67	T	1941	116	1327	31	1	82	777864	781362	0	0	1	0	0	0	4579	4580
TP1_synth_forward		68	C	320	778720	2070	37	0	86	129	781362	0	4575	5	0	0	0	0	4580
TP1_synth_forward		69	C	454	780553	9	60	0	111	166	781353	0	4579	0	0	0	0	1	4580
TP1_synth_forward		70	T	1690	78	42	25	0	231	779273	781339	0	0	0	0	0	0	4580	4580
TP1_synth_forward		71	C	464	779126	1506	18	1	91	124	781330	0	4578	2	0	0	0	0	4580
TP1_synth_forward		72	T	2254	107	2583	7	11	91	776260	781313	0	0	3	1	0	0	4576	4580
TP1_synth_forward		73	G	259	342	2705	776748	0	98	1138	781290	0	0	1	4579	0	0	0	4580
TP1_synth_forward		74	T	1426	114	2	19	1	102	779620	781284	0	0	0	0	0	0	4580	4580
TP1_synth_forward		75	G	238	138	1319	778731	29	100	712	781267	0	0	2	4576	0	0	2	4580
TP1_synth_forward		76	C	430	779392	780	65	0	196	399	781262	0	4577	2	0	0	0	1	4580
TP1_synth_forward		77	G	857	313	774	778272	1	122	900	781239	3	0	2	4574	0	0	1	4580
TP1_synth_forward		78	C	204	778724	1964	35	0	132	176	781235	0	4574	5	0	0	0	1	4580
TP1_synth_forward		79	C	271	778799	52	48	2	170	1875	781217	1	4578	0	0	0	0	1	4580
TP1_synth_forward		80	G	1155	592	70	777440	0	55	1890	781202	2	1	0	4576	0	0	1	4580
TP1_synth_forward		81	C	191	780755	17	30	1	42	157	781193	0	4580	0	0	0	0	0	4580
TP1_synth_forward		82	A	780469	34	294	209	0	44	141	781191	4578	0	2	0	0	0	0	4580
TP1_synth_forward		83	A	780795	66	6	111	0	97	115	781190	4580	0	0	0	0	0	0	4580
TP1_synth_forward		84	A	780441	86	0	187	99	241	111	781165	4579	0	0	0	1	0	0	4580
TP1_synth_forward		85	G	208	208	0	780345	37	161	147	781106	0	0	0	4580	0	0	0	4580
TP1_synth_forward		86	C	340	780377	0	77	3	136	113	781046	0	4580	0	0	0	0	0	4580
TP1_synth_forward		87	T	2775	107	450	347	0	132	777109	780920	0	0	0	0	0	0	4580	4580
TP1_synth_forward		88	G	250	296	223	779734	25	55	276	780859	0	0	0	4580	0	0	0	4580
TP1_synth_forward		89	T	1066	101	277	46	0	44	779254	780788	0	0	0	0	0	0	4580	4580
TP1_synth_forward		90	T	1586	131	4	31	152	45	778746	780695	0	0	0	0	0	0	4580	4580
TP1_synth_forward		91	C	469	779548	94	238	0	7	269	780625	0	4580	0	0	0	0	0	4580
TP1_synth_forward		92	C	356	779919	0	38	0	50	223	780586	0	4580	0	0	0	0	0	4580
TP1_synth_forward		93	G	466	395	0	778898	0	60	122	779941	0	0	0	4580	0	0	0	4580
TP1_synth_forward		94	T	1589	98	0	79	0	66	777770	779602	0	0	0	0	0	0	4579	4579
TP1_synth_forward		95	C	127	778748	0	43	0	105	192	779215	0	4579	0	0	0	0	0	4579
TP1_synth_forward		96	C	0	777798	0	0	0	66	0	777864	0	4579	0	0	0	0	0	4579
TP1_synth_forward		97	C	0	776218	0	0	0	55	0	776273	0	4579	0	0	0	0	0	4579
TP1_synth_forward		98	A	773485	0	0	0	0	20	0	773505	4579	0	0	0	0	0	0	4579
TP1_synth_forward		99	G	0	0	0	772072	0	0	0	772072	0	0	0	4579	0	0	0	4579
TP1_synth_forward		100	T	0	0	0	0	0	0	769442	769442	0	0	0	0	0	0	4579	4579
