



























































































































































































































#AmpliconChromStart	Alias	Position	ProbableRef	rawA	rawC	rawD	rawG	rawI	rawN	rawT	rawDepth	consA	consC	consD	consG	consI	consN	consT	consDepth
TP1_synth_forward	TP1_synth_forward	1	G	0	0	0	813213	0	0	0	813213	0	0	0	14101	0	0	0	14101
TP1_synth_forward	TP1_synth_forward	2	T	0	0	0	0	0	0	815092	815092	0	0	0	0	0	0	14116	14116
TP1_synth_forward	TP1_synth_forward	3	G	0	0	0	819023	0	6	0	819029	0	0	0	14145	0	0	0	14145
TP1_synth_forward	TP1_synth_forward	4	G	0	0	0	820465	0	5	0	820470	0	0	0	14155	0	0	0	14155
TP1_synth_forward	TP1_synth_forward	5	T	0	0	0	0	0	18	820452	820470	0	0	0	0	0	0	14155	14155
TP1_synth_forward	TP1_synth_forward	6	G	285	76	0	819698	0	175	236	820470	0	0	0	14153	0	0	2	14155
TP1_synth_forward	TP1_synth_forward	7	A	819941	29	0	131	0	183	186	820470	14155	0	0	0	0	0	0	14155
TP1_synth_forward	TP1_synth_forward	8	G	165	39	0	819961	0	39	266	820470	0	0	0	14152	0	0	3	14155
TP1_synth_forward	TP1_synth_forward	9	G	248	129	0	819592	22	312	167	820470	3	0	0	14151	1	0	0	14155
TP1_synth_forward	TP1_synth_forward	10	C	142	819753	65	61	97	187	165	820470	0	14151	1	1	1	0	1	14155
TP1_synth_forward	TP1_synth_forward	11	T	474	205	131	30	198	141	819291	820470	0	0	5	0	5	0	14145	14155
TP1_synth_forward	TP1_synth_forward	12	C	158	817689	2346	17	1	54	205	820470	0	14130	25	0	0	0	0	14155
TP1_synth_forward	TP1_synth_forward	13	C	381	819788	2	22	0	113	164	820470	0	14155	0	0	0	0	0	14155
TP1_synth_forward	TP1_synth_forward	14	C	286	819954	0	29	0	28	173	820470	0	14155	0	0	0	0	0	14155
TP1_synth_forward	TP1_synth_forward	15	C	222	819736	4	16	214	89	189	820470	1	14150	0	0	3	0	1	14155
TP1_synth_forward	TP1_synth_forward	16	T	545	82	2085	29	0	54	817675	820470	0	0	25	1	0	0	14129	14155
TP1_synth_forward	TP1_synth_forward	17	T	420	102	288	32	1	64	819563	820470	0	0	3	0	0	0	14152	14155
TP1_synth_forward	TP1_synth_forward	18	T	279	73	126	20	374	163	819435	820470	0	0	2	0	3	0	14150	14155
TP1_synth_forward	TP1_synth_forward	19	A	819294	3	294	95	531	60	193	820470	14148	0	4	0	3	0	0	14155
TP1_synth_forward	TP1_synth_forward	20	T	377	165	1051	34	14	123	818706	820470	0	1	11	0	0	0	14143	14155
TP1_synth_forward	TP1_synth_forward	21	A	819584	18	417	105	80	104	162	820470	14148	0	5	0	2	0	0	14155
TP1_synth_forward	TP1_synth_forward	22	C	263	818702	612	59	255	67	512	820470	0	14140	9	0	3	0	3	14155
TP1_synth_forward	TP1_synth_forward	23	A	818912	17	512	218	337	214	260	820470	14141	0	8	1	4	0	1	14155
TP1_synth_forward	TP1_synth_forward	24	G	259	71	287	818446	834	180	393	820470	2	0	3	14138	11	0	1	14155
TP1_synth_forward	TP1_synth_forward	25	A	819360	14	731	134	0	120	111	820470	14143	0	12	0	0	0	0	14155
TP1_synth_forward	TP1_synth_forward	26	A	819973	4	142	114	3	74	160	820470	14153	0	2	0	0	0	0	14155
TP1_synth_forward	TP1_synth_forward	27	T	1013	95	447	73	133	64	818645	820470	0	0	8	0	3	0	14144	14155
TP1_synth_forward	TP1_synth_forward	28	A	819409	11	624	78	52	107	189	820470	14143	0	11	0	1	0	0	14155
TP1_synth_forward	TP1_synth_forward	29	T	557	141	376	324	3	127	818942	820470	0	1	3	0	0	0	14151	14155
TP1_synth_forward	TP1_synth_forward	30	C	379	819038	805	68	33	31	116	820470	0	14148	7	0	0	0	0	14155
TP1_synth_forward	TP1_synth_forward	31	T	2106	93	294	26	315	21	817587	820442	0	0	4	0	4	0	14147	14155
TP1_synth_forward	TP1_synth_forward	32	G	328	226	665	818518	2	47	649	820435	1	0	6	14143	0	0	5	14155
TP1_synth_forward	TP1_synth_forward	33	T	1839	142	787	13	1	144	817503	820429	0	1	8	0	0	0	14146	14155
TP1_synth_forward	TP1_synth_forward	34	T	3364	111	380	6	47	165	816333	820406	0	0	2	0	1	0	14152	14155
TP1_synth_forward	TP1_synth_forward	35	C	657	818076	1103	33	108	42	376	820395	1	14145	7	0	1	0	1	14155
TP1_synth_forward	TP1_synth_forward	36	G	528	259	598	816875	162	203	1751	820376	6	0	3	14141	2	0	3	14155
TP1_synth_forward	TP1_synth_forward	37	C	303	817989	842	28	757	186	268	820373	0	14139	10	0	5	0	1	14155
TP1_synth_forward	TP1_synth_forward	38	A	819256	91	565	110	44	100	203	820369	14145	0	8	0	1	0	1	14155
TP1_synth_forward	TP1_synth_forward	39	C	230	818690	982	102	86	90	176	820356	0	14145	9	0	0	0	1	14155
TP1_synth_forward	TP1_synth_forward	40	T	2542	272	859	19	330	43	816261	820326	0	1	8	0	3	0	14143	14155
TP1_synth_forward	TP1_synth_forward	41	C	700	800111	18753	18	0	120	618	820320	4	14004	143	0	0	0	4	14155
TP1_synth_forward	TP1_synth_forward	42	C	406	819028	222	53	139	56	359	820263	0	14151	1	0	1	0	2	14155
TP1_synth_forward	TP1_synth_forward	43	G	246	234	485	817417	114	38	1607	820141	0	0	5	14145	2	0	3	14155
TP1_synth_forward	TP1_synth_forward	44	A	819566	16	206	104	40	122	83	820137	14153	0	2	0	0	0	0	14155
TP1_synth_forward	TP1_synth_forward	45	G	213	407	13435	804660	8	275	1046	820044	0	0	107	14048	0	0	0	14155
TP1_synth_forward	TP1_synth_forward	46	T	1786	110	339	35	19	114	817629	820032	0	0	2	0	0	0	14153	14155
TP1_synth_forward	TP1_synth_forward	47	G	636	306	870	817641	1	148	414	820016	3	0	4	14148	0	0	0	14155
TP1_synth_forward	TP1_synth_forward	48	C	465	817067	1392	31	397	302	355	820009	0	14142	7	0	5	0	1	14155
TP1_synth_forward	TP1_synth_forward	49	G	291	219	1140	817177	0	228	941	819996	0	0	6	14147	0	0	2	14155
TP1_synth_forward	TP1_synth_forward	50	G	508	264	244	818268	197	125	379	819985	2	0	1	14152	0	0	0	14155
TP1_synth_forward	TP1_synth_forward	51	C	290	816660	840	1061	32	232	859	819974	0	14146	6	0	0	0	3	14155
TP1_synth_forward	TP1_synth_forward	52	T	2111	244	1328	154	0	196	815923	819956	0	1	10	0	0	0	14144	14155
TP1_synth_forward	TP1_synth_forward	53	T	1544	123	108	72	206	59	817828	819940	0	0	1	0	1	0	14153	14155
TP1_synth_forward	TP1_synth_forward	54	G	448	355	2706	815601	14	156	620	819900	1	0	19	14134	0	0	1	14155
TP1_synth_forward	TP1_synth_forward	55	C	305	817603	544	41	335	348	719	819895	1	14145	4	0	2	0	3	14155
TP1_synth_forward	TP1_synth_forward	56	G	802	196	9777	808170	0	258	685	819888	2	0	54	14099	0	0	0	14155
TP1_synth_forward	TP1_synth_forward	57	G	175	100	686	818331	27	106	393	819818	0	0	1	14154	0	0	0	14155
TP1_synth_forward	TP1_synth_forward	58	A	812498	30	6853	127	1	68	208	819785	14127	0	28	0	0	0	0	14155
TP1_synth_forward	TP1_synth_forward	59	G	261	135	3619	814779	116	44	761	819715	1	0	28	14123	1	0	2	14155
TP1_synth_forward	TP1_synth_forward	60	A	818382	66	699	114	284	52	114	819711	14147	0	6	0	2	0	0	14155
TP1_synth_forward	TP1_synth_forward	61	T	509	184	987	457	1	90	817458	819686	0	0	7	0	0	0	14148	14155
TP1_synth_forward	TP1_synth_forward	62	T	1459	267	564	467	99	97	816608	819561	0	0	4	0	0	0	14151	14155
TP1_synth_forward	TP1_synth_forward	63	C	589	817547	844	52	157	143	188	819520	0	14149	4	0	2	0	0	14155
TP1_synth_forward	TP1_synth_forward	64	T	2350	222	447	85	1	107	816252	819464	0	0	1	0	0	0	14154	14155
TP1_synth_forward	TP1_synth_forward	65	C	261	818423	253	35	208	141	136	819457	0	14152	0	0	3	0	0	14155
TP1_synth_forward	TP1_synth_forward	66	T	2081	333	845	84	0	75	816021	819439	0	0	2	0	0	0	14153	14155
TP1_synth_forward	TP1_synth_forward	67	T	2323	108	224	59	35	72	816588	819409	0	0	0	0	1	0	14154	14155
TP1_synth_forward	TP1_synth_forward	68	C	334	817938	646	35	0	96	357	819406	1	14153	0	0	0	0	1	14155
TP1_synth_forward	TP1_synth_forward	69	C	503	818189	110	166	103	114	206	819391	0	14153	0	0	0	0	2	14155
TP1_synth_forward	TP1_synth_forward	70	T	2057	133	369	35	54	203	816516	819367	0	0	1	0	0	0	14154	14155
TP1_synth_forward	TP1_synth_forward	71	C	578	817583	553	28	151	104	364	819361	0	14152	3	0	0	0	0	14155
TP1_synth_forward	TP1_synth_forward	72	T	2689	301	1180	13	0	111	815048	819342	0	0	3	0	0	0	14152	14155
TP1_synth_forward	TP1_synth_forward	73	G	407	595	1270	816498	1	111	436	819318	2	1	5	14147	0	0	0	14155
TP1_synth_forward	TP1_synth_forward	74	T	1517	124	7412	22	254	122	809842	819293	0	0	30	0	1	0	14124	14155
TP1_synth_forward	TP1_synth_forward	75	G	863	187	568	817071	2	95	469	819255	2	0	2	14151	0	0	0	14155
TP1_synth_forward	TP1_synth_forward	76	C	511	815274	1254	67	198	170	1772	819246	0	14141	9	0	0	0	5	14155
TP1_synth_forward	TP1_synth_forward	77	G	1257	359	323	816365	73	124	724	819225	1	0	4	14148	0	0	2	14155
TP1_synth_forward	TP1_synth_forward	78	C	395	817387	529	26	0	133	751	819221	0	14148	6	0	0	0	1	14155
TP1_synth_forward	TP1_synth_forward	79	C	238	817768	54	37	29	158	927	819211	0	14153	1	0	0	0	1	14155
TP1_synth_forward	TP1_synth_forward	80	G	1038	737	1023	815285	0	62	1037	819182	0	0	3	14149	0	0	3	14155
TP1_synth_forward	TP1_synth_forward	81	C	326	806473	11504	34	575	37	171	819120	1	14111	42	0	1	0	0	14155
TP1_synth_forward	TP1_synth_forward	82	A	816610	61	2028	199	1	43	170	819112	14146	0	9	0	0	0	0	14155
TP1_synth_forward	TP1_synth_forward	83	A	818576	103	80	133	0	86	132	819110	14154	0	1	0	0	0	0	14155
TP1_synth_forward	TP1_synth_forward	84	A	817947	103	72	354	249	235	110	819070	14153	0	1	0	1	0	0	14155
TP1_synth_forward	TP1_synth_forward	85	G	245	238	12	818115	22	159	198	818989	0	0	0	14155	0	0	0	14155
TP1_synth_forward	TP1_synth_forward	86	C	379	817985	3	83	1	174	279	818904	0	14155	0	0	0	0	0	14155
TP1_synth_forward	TP1_synth_forward	87	T	3760	155	474	362	0	144	813861	818756	0	0	0	0	0	0	14155	14155
TP1_synth_forward	TP1_synth_forward	88	G	547	224	239	817164	54	77	356	818661	0	0	1	14152	1	0	1	14155
TP1_synth_forward	TP1_synth_forward	89	T	1195	103	231	70	1	39	816945	818584	0	0	1	0	0	0	14154	14155
TP1_synth_forward	TP1_synth_forward	90	T	1831	153	10	40	339	41	815862	818276	0	0	0	0	1	0	14154	14155
TP1_synth_forward	TP1_synth_forward	91	C	605	816995	216	58	0	9	216	818099	0	14155	0	0	0	0	0	14155
TP1_synth_forward	TP1_synth_forward	92	C	466	817119	0	94	0	52	227	817958	0	14153	0	2	0	0	0	14155
TP1_synth_forward	TP1_synth_forward	93	G	549	611	0	815882	0	69	150	817261	0	0	0	14155	0	0	0	14155
TP1_synth_forward	TP1_synth_forward	94	T	1910	161	0	143	0	74	814639	816927	0	0	0	0	0	0	14155	14155
TP1_synth_forward	TP1_synth_forward	95	C	426	815804	0	75	0	124	304	816733	0	14155	0	0	0	0	0	14155
TP1_synth_forward	TP1_synth_forward	96	C	0	815976	0	0	0	79	0	816055	0	14155	0	0	0	0	0	14155
TP1_synth_forward	TP1_synth_forward	97	C	0	814410	0	0	0	71	0	814481	0	14155	0	0	0	0	0	14155
TP1_synth_forward	TP1_synth_forward	98	A	811478	0	0	0	0	29	0	811507	14155	0	0	0	0	0	0	14155
TP1_synth_forward	TP1_synth_forward	99	G	0	0	0	810340	0	0	0	810340	0	0	0	14155	0	0	0	14155
TP1_synth_forward	TP1_synth_forward	100	T	0	0	0	0	0	0	807779	807779	0	0	0	0	0	0	14154	14154
