



























































































































































































































#AmpliconChromStart	Alias	Position	ProbableRef	rawA	rawC	rawD	rawG	rawI	rawN	rawT	rawDepth	consA	consC	consD	consG	consI	consN	consT	consDepth	
TP1_synth_forward		5	T	0	0	0	0	0	0	1290	1290	0	0	0	0	0	0	771	771
TP1_synth_forward		6	G	0	0	0	2405	0	0	0	2405	0	0	0	1342	0	0	0	1342
TP1_synth_forward		7	A	2897	0	0	0	0	2	0	2899	1400	0	0	0	0	0	0	1400
TP1_synth_forward		8	G	0	0	0	3185	0	0	0	3185	0	0	0	1451	0	0	0	1451
TP1_synth_forward		9	G	0	0	0	3370	0	1	0	3371	0	0	0	1485	0	1	0	1486
TP1_synth_forward		10	C	8	3397	0	0	0	1	0	3406	5	1505	0	0	0	0	0	1510
TP1_synth_forward		11	T	31	1	0	1	0	0	3385	3418	21	1	0	0	0	0	1500	1522
TP1_synth_forward		12	C	3	3413	0	0	0	1	1	3418	3	1518	0	0	0	1	0	1522
TP1_synth_forward		13	C	18	3414	0	0	0	0	0	3432	14	1519	0	0	0	0	0	1533
TP1_synth_forward		14	C	25	3417	0	0	0	0	2	3444	15	1524	0	0	0	0	2	1541
TP1_synth_forward		15	C	5	3444	0	1	1	0	1	3452	2	1542	0	0	1	0	1	1546
TP1_synth_forward		16	T	23	0	8	0	0	1	3433	3465	18	0	6	0	0	1	1534	1559
TP1_synth_forward		17	T	70	0	1	1	0	1	3392	3465	33	0	1	1	0	0	1524	1559
TP1_synth_forward		18	T	32	0	1	1	0	0	3439	3473	21	0	1	1	0	0	1542	1565
TP1_synth_forward		19	A	3434	0	54	1	2	0	0	3491	1565	0	5	0	2	0	0	1572
TP1_synth_forward		20	T	25	1	5	1	0	2	3457	3491	14	1	2	0	0	0	1555	1572
TP1_synth_forward		21	A	3505	0	0	0	0	0	2	3507	1579	0	0	0	0	0	1	1580
TP1_synth_forward		22	C	13	3492	0	0	0	0	2	3507	8	1571	0	0	0	0	1	1580
TP1_synth_forward		23	A	3501	1	0	1	0	1	3	3507	1579	0	0	0	0	1	0	1580
TP1_synth_forward		24	G	0	6	0	3488	1	2	10	3507	0	3	0	1568	0	1	8	1580
TP1_synth_forward		25	A	3506	0	0	1	0	0	0	3507	1580	0	0	0	0	0	0	1580
TP1_synth_forward		26	A	3502	0	0	1	0	1	3	3507	1578	0	0	1	0	0	1	1580
TP1_synth_forward		27	T	64	0	0	0	0	0	3443	3507	32	0	0	0	0	0	1548	1580
TP1_synth_forward		28	A	3505	0	0	0	0	1	1	3507	1580	0	0	0	0	0	0	1580
TP1_synth_forward		29	T	16	0	1	3	0	0	3487	3507	11	0	1	2	0	0	1566	1580
TP1_synth_forward		30	C	11	3495	0	0	0	0	1	3507	6	1574	0	0	0	0	0	1580
TP1_synth_forward		31	T	50	2	73	0	0	0	3382	3507	37	0	5	0	0	0	1538	1580
TP1_synth_forward		32	G	7	20	3	3468	0	2	7	3507	3	5	2	1564	0	0	6	1580
TP1_synth_forward		33	T	85	1	2	0	0	0	3419	3507	54	1	1	0	0	0	1524	1580
TP1_synth_forward		34	T	67	0	1	0	0	0	3439	3507	53	0	1	0	0	0	1526	1580
TP1_synth_forward		35	C	21	3481	4	0	0	0	1	3507	14	1563	3	0	0	0	0	1580
TP1_synth_forward		36	G	3	13	2	3370	1	2	116	3507	2	8	1	1489	0	1	79	1580
TP1_synth_forward		37	C	22	3479	3	0	3	0	0	3507	19	1558	2	0	1	0	0	1580
TP1_synth_forward		38	A	3501	2	3	0	0	1	0	3507	1574	2	3	0	0	1	0	1580
TP1_synth_forward		39	C	11	3490	5	0	0	0	1	3507	9	1566	4	0	0	0	1	1580
TP1_synth_forward		40	T	72	0	5	0	2	0	3428	3507	36	0	4	0	1	0	1539	1580
TP1_synth_forward		41	C	15	3449	39	0	0	0	4	3507	12	1530	34	0	0	0	4	1580
TP1_synth_forward		42	C	19	3493	1	0	0	0	1	3514	12	1574	1	0	0	0	1	1588
TP1_synth_forward		43	G	4	6	1	3447	0	0	54	3512	1	6	1	1539	0	0	39	1586
TP1_synth_forward		44	A	3515	0	1	1	0	0	0	3517	1589	0	1	1	0	0	0	1591
TP1_synth_forward		45	G	3	25	33	3428	0	3	25	3517	2	14	20	1539	0	1	15	1591
TP1_synth_forward		46	T	101	2	2	0	0	2	3421	3528	49	1	0	0	0	1	1546	1597
TP1_synth_forward		47	G	25	9	1	3483	0	0	9	3527	18	2	0	1572	0	0	4	1596
TP1_synth_forward		48	C	40	3483	2	0	1	1	0	3527	23	1570	2	0	0	1	0	1596
TP1_synth_forward		49	G	5	10	3	3444	1	2	61	3526	3	3	2	1545	0	2	41	1596
TP1_synth_forward		50	G	17	14	4	3447	0	1	42	3525	9	6	1	1550	0	0	30	1596
TP1_synth_forward		51	C	11	3516	5	5	0	0	1	3538	6	1599	1	1	0	0	0	1607
TP1_synth_forward		52	T	61	1	1	4	0	4	3467	3538	33	1	1	3	0	1	1568	1607
TP1_synth_forward		53	T	80	2	0	3	0	0	3453	3538	42	1	0	1	0	0	1563	1607
TP1_synth_forward		54	G	21	13	8	3480	0	0	16	3538	6	7	7	1580	0	0	7	1607
TP1_synth_forward		55	C	19	3525	2	0	0	2	0	3548	11	1598	1	0	0	1	0	1611
TP1_synth_forward		56	G	13	12	34	3444	0	2	41	3546	4	5	21	1553	0	0	27	1610
TP1_synth_forward		57	G	6	10	3	3503	0	0	24	3546	2	5	1	1584	0	0	18	1610
TP1_synth_forward		58	A	3525	3	18	0	0	0	0	3546	1596	1	13	0	0	0	0	1610
TP1_synth_forward		59	G	3	13	8	3511	0	0	11	3546	2	9	7	1582	0	0	10	1610
TP1_synth_forward		60	A	3566	1	2	0	1	0	1	3571	1612	0	1	0	1	0	0	1614
TP1_synth_forward		61	T	32	0	2	20	1	2	3515	3572	18	0	1	17	0	0	1579	1615
TP1_synth_forward		62	T	48	0	1	8	0	0	3515	3572	25	0	1	6	0	0	1583	1615
TP1_synth_forward		63	C	13	3556	2	0	0	0	0	3571	9	1605	1	0	0	0	0	1615
TP1_synth_forward		64	T	42	0	1	1	0	0	3526	3570	27	0	0	0	0	0	1587	1614
TP1_synth_forward		65	C	4	3562	3	1	0	0	0	3570	2	1610	2	0	0	0	0	1614
TP1_synth_forward		66	T	47	0	3	1	0	1	3518	3570	31	0	2	1	0	0	1580	1614
TP1_synth_forward		67	T	69	3	1	1	0	0	3494	3568	41	0	1	1	0	0	1569	1612
TP1_synth_forward		68	C	14	3550	4	0	0	0	0	3568	9	1600	3	0	0	0	0	1612
TP1_synth_forward		69	C	10	3555	0	1	1	0	0	3567	8	1601	0	1	1	0	0	1611
TP1_synth_forward		70	T	45	0	0	2	0	1	3519	3567	32	0	0	0	0	0	1579	1611
TP1_synth_forward		71	C	12	3552	1	0	0	0	1	3566	11	1598	1	0	0	0	0	1610
TP1_synth_forward		72	T	45	1	5	2	0	0	3509	3562	28	1	4	2	0	0	1573	1608
TP1_synth_forward		73	G	6	34	3	3511	0	0	6	3560	5	18	1	1579	0	0	4	1607
TP1_synth_forward		74	T	52	0	22	0	0	0	3486	3560	33	0	14	0	0	0	1560	1607
TP1_synth_forward		75	G	9	8	0	3536	0	0	7	3560	6	4	0	1592	0	0	5	1607
TP1_synth_forward		76	C	22	3528	1	0	1	0	8	3560	13	1589	1	0	1	0	3	1607
TP1_synth_forward		77	G	5	10	0	3515	0	0	30	3560	3	6	0	1574	0	0	24	1607
TP1_synth_forward		78	C	7	3548	2	0	0	0	3	3560	6	1597	2	0	0	0	2	1607
TP1_synth_forward		79	C	16	3541	0	1	0	0	1	3559	9	1597	0	0	0	0	1	1607
TP1_synth_forward		80	G	5	11	4	3502	0	0	34	3556	3	4	4	1569	0	0	25	1605
TP1_synth_forward		81	C	11	3509	26	0	2	0	1	3549	10	1567	19	0	2	0	0	1598
TP1_synth_forward		82	A	3543	0	2	0	0	0	4	3549	1593	0	2	0	0	0	3	1598
TP1_synth_forward		83	A	3543	2	0	2	0	0	2	3549	1595	1	0	1	0	0	1	1598
TP1_synth_forward		84	A	3545	4	0	0	0	0	0	3549	1595	3	0	0	0	0	0	1598
TP1_synth_forward		85	G	4	8	0	3525	0	3	7	3547	3	4	0	1587	0	0	2	1596
TP1_synth_forward		86	C	13	3529	0	0	0	0	2	3544	10	1584	0	0	0	0	0	1594
TP1_synth_forward		87	T	50	1	0	1	0	0	3484	3536	27	1	0	1	0	0	1561	1590
TP1_synth_forward		88	G	7	7	0	3517	0	0	3	3534	6	3	0	1577	0	0	3	1589
TP1_synth_forward		89	T	54	0	0	0	0	0	3474	3528	31	0	0	0	0	0	1555	1586
TP1_synth_forward		90	T	46	0	0	0	3	0	3472	3521	27	0	0	0	1	0	1553	1581
TP1_synth_forward		91	C	9	3502	3	1	0	0	2	3517	4	1572	3	1	0	0	1	1581
TP1_synth_forward		92	C	5	3508	0	1	0	0	1	3515	4	1574	0	1	0	0	1	1580
TP1_synth_forward		93	G	12	15	0	3475	0	2	4	3508	10	8	0	1552	0	0	4	1574
TP1_synth_forward		94	T	32	1	0	1	0	1	3468	3503	16	1	0	1	0	1	1552	1571
TP1_synth_forward		95	C	3	3496	0	2	0	0	1	3502	3	1567	0	0	0	0	1	1571
TP1_synth_forward		96	C	0	3487	0	0	0	0	0	3487	0	1565	0	0	0	0	0	1565
TP1_synth_forward		97	C	0	3482	0	0	0	0	0	3482	0	1561	0	0	0	0	0	1561
TP1_synth_forward		98	A	3466	0	0	0	0	0	0	3466	1553	0	0	0	0	0	0	1553
TP1_synth_forward		99	G	0	0	0	3440	0	0	0	3440	0	0	0	1537	0	0	0	1537
TP1_synth_forward		100	T	0	0	0	0	0	0	3311	3311	0	0	0	0	0	0	1496	1496
TP1_synth_forward	TP1_synth_forward	1	G	0	0	0	813213	0	0	0	813213	0	0	0	72995	0	0	0	72995
TP1_synth_forward	TP1_synth_forward	2	T	0	0	0	0	0	0	815092	815092	0	0	0	0	0	0	73548	73548
TP1_synth_forward	TP1_synth_forward	3	G	0	0	0	819023	0	6	0	819029	0	0	0	74783	0	6	0	74789
TP1_synth_forward	TP1_synth_forward	4	G	0	0	0	820465	0	5	0	820470	0	0	0	75630	0	1	0	75631
TP1_synth_forward	TP1_synth_forward	5	T	0	0	0	0	0	18	820452	820470	0	0	0	0	0	5	75626	75631
TP1_synth_forward	TP1_synth_forward	6	G	285	76	0	819698	0	175	236	820470	14	7	0	75559	0	36	15	75631
TP1_synth_forward	TP1_synth_forward	7	A	819941	29	0	131	0	183	186	820470	75595	1	0	8	0	22	5	75631
TP1_synth_forward	TP1_synth_forward	8	G	165	39	0	819961	0	39	266	820470	10	6	0	75588	0	1	26	75631
TP1_synth_forward	TP1_synth_forward	9	G	248	129	0	819592	22	312	167	820470	20	36	0	75531	4	20	20	75631
TP1_synth_forward	TP1_synth_forward	10	C	142	819753	65	61	97	187	165	820470	16	75555	4	3	4	35	14	75631
TP1_synth_forward	TP1_synth_forward	11	T	474	205	131	30	198	141	819291	820470	117	8	11	0	26	42	75427	75631
TP1_synth_forward	TP1_synth_forward	12	C	158	817689	2346	17	1	54	205	820470	28	75429	137	0	0	22	15	75631
TP1_synth_forward	TP1_synth_forward	13	C	381	819788	2	22	0	113	164	820470	53	75550	0	1	0	19	8	75631
TP1_synth_forward	TP1_synth_forward	14	C	286	819954	0	29	0	28	173	820470	31	75577	0	2	0	15	6	75631
TP1_synth_forward	TP1_synth_forward	15	C	222	819736	4	16	214	89	189	820470	25	75582	0	2	13	3	6	75631
TP1_synth_forward	TP1_synth_forward	16	T	545	82	2085	29	0	54	817675	820470	135	8	182	2	0	6	75298	75631
TP1_synth_forward	TP1_synth_forward	17	T	420	102	288	32	1	64	819563	820470	100	5	24	3	0	34	75465	75631
TP1_synth_forward	TP1_synth_forward	18	T	279	73	126	20	374	163	819435	820470	59	4	8	0	18	44	75498	75631
TP1_synth_forward	TP1_synth_forward	19	A	819294	3	294	95	531	60	193	820470	75560	0	34	1	18	13	5	75631
TP1_synth_forward	TP1_synth_forward	20	T	377	165	1051	34	14	123	818706	820470	97	9	45	1	2	26	75451	75631
TP1_synth_forward	TP1_synth_forward	21	A	819584	18	417	105	80	104	162	820470	75564	4	21	4	12	20	6	75631
TP1_synth_forward	TP1_synth_forward	22	C	263	818702	612	59	255	67	512	820470	24	75504	35	6	12	22	28	75631
TP1_synth_forward	TP1_synth_forward	23	A	818912	17	512	218	337	214	260	820470	75498	3	35	6	20	61	8	75631
TP1_synth_forward	TP1_synth_forward	24	G	259	71	287	818446	834	180	393	820470	17	12	32	75374	52	76	68	75631
TP1_synth_forward	TP1_synth_forward	25	A	819360	14	731	134	0	120	111	820470	75472	1	76	8	0	70	4	75631
TP1_synth_forward	TP1_synth_forward	26	A	819973	4	142	114	3	74	160	820470	75567	1	12	7	3	28	13	75631
TP1_synth_forward	TP1_synth_forward	27	T	1013	95	447	73	133	64	818645	820470	262	3	36	6	9	7	75308	75631
TP1_synth_forward	TP1_synth_forward	28	A	819409	11	624	78	52	107	189	820470	75559	0	42	3	4	7	16	75631
TP1_synth_forward	TP1_synth_forward	29	T	557	141	376	324	3	127	818942	820470	142	10	19	40	2	78	75340	75631
TP1_synth_forward	TP1_synth_forward	30	C	379	819038	805	68	33	31	116	820470	67	75488	51	6	10	3	6	75631
TP1_synth_forward	TP1_synth_forward	31	T	2106	93	294	26	315	21	817587	820442	508	2	25	4	31	2	75039	75611
TP1_synth_forward	TP1_synth_forward	32	G	328	226	665	818518	2	47	649	820435	19	47	42	75386	2	6	103	75605
TP1_synth_forward	TP1_synth_forward	33	T	1839	142	787	13	1	144	817503	820429	306	5	91	2	0	65	75131	75600
TP1_synth_forward	TP1_synth_forward	34	T	3364	111	380	6	47	165	816333	820406	576	3	15	0	14	43	74936	75587
TP1_synth_forward	TP1_synth_forward	35	C	657	818076	1103	33	108	42	376	820395	143	75325	57	5	19	8	19	75576
TP1_synth_forward	TP1_synth_forward	36	G	528	259	598	816875	162	203	1751	820376	43	88	26	75045	10	73	274	75559
TP1_synth_forward	TP1_synth_forward	37	C	303	817989	842	28	757	186	268	820373	56	75388	47	4	39	14	11	75559
TP1_synth_forward	TP1_synth_forward	38	A	819256	91	565	110	44	100	203	820369	75462	10	38	5	4	26	12	75557
TP1_synth_forward	TP1_synth_forward	39	C	230	818690	982	102	86	90	176	820356	61	75368	60	11	2	30	15	75547
TP1_synth_forward	TP1_synth_forward	40	T	2542	272	859	19	330	43	816261	820326	579	11	69	1	19	5	74845	75529
TP1_synth_forward	TP1_synth_forward	41	C	700	800111	18753	18	0	120	618	820320	121	74210	1069	4	0	77	43	75524
TP1_synth_forward	TP1_synth_forward	42	C	406	819028	222	53	139	56	359	820263	74	75357	7	2	9	18	21	75488
TP1_synth_forward	TP1_synth_forward	43	G	246	234	485	817417	114	38	1607	820141	18	79	54	74924	17	3	303	75398
TP1_synth_forward	TP1_synth_forward	44	A	819566	16	206	104	40	122	83	820137	75325	1	17	12	13	18	10	75396
TP1_synth_forward	TP1_synth_forward	45	G	213	407	13435	804660	8	275	1046	820044	24	113	803	74059	1	76	242	75318
TP1_synth_forward	TP1_synth_forward	46	T	1786	110	339	35	19	114	817629	820032	285	8	15	2	5	40	74955	75310
TP1_synth_forward	TP1_synth_forward	47	G	636	306	870	817641	1	148	414	820016	105	82	40	74949	1	18	103	75298
TP1_synth_forward	TP1_synth_forward	48	C	465	817067	1392	31	397	302	355	820009	68	75039	59	3	31	70	23	75293
TP1_synth_forward	TP1_synth_forward	49	G	291	219	1140	817177	0	228	941	819996	28	94	50	74877	0	89	145	75283
TP1_synth_forward	TP1_synth_forward	50	G	508	264	244	818268	197	125	379	819985	43	81	10	75020	17	30	72	75273
TP1_synth_forward	TP1_synth_forward	51	C	290	816660	840	1061	32	232	859	819974	62	75043	43	52	6	20	37	75263
TP1_synth_forward	TP1_synth_forward	52	T	2111	244	1328	154	0	196	815923	819956	512	9	77	7	0	16	74632	75253
TP1_synth_forward	TP1_synth_forward	53	T	1544	123	108	72	206	59	817828	819940	302	6	11	2	9	5	74907	75242
TP1_synth_forward	TP1_synth_forward	54	G	448	355	2706	815601	14	156	620	819900	55	65	215	74727	5	47	98	75212
TP1_synth_forward	TP1_synth_forward	55	C	305	817603	544	41	335	348	719	819895	50	74930	45	3	24	103	54	75209
TP1_synth_forward	TP1_synth_forward	56	G	802	196	9777	808170	0	258	685	819888	51	74	605	74337	0	39	98	75204
TP1_synth_forward	TP1_synth_forward	57	G	175	100	686	818331	27	106	393	819818	22	29	52	74959	10	7	73	75152
TP1_synth_forward	TP1_synth_forward	58	A	812498	30	6853	127	1	68	208	819785	74660	4	439	3	1	4	18	75129
TP1_synth_forward	TP1_synth_forward	59	G	261	135	3619	814779	116	44	761	819715	25	45	241	74644	11	11	104	75081
TP1_synth_forward	TP1_synth_forward	60	A	818382	66	699	114	284	52	114	819711	74987	8	56	3	8	11	8	75081
TP1_synth_forward	TP1_synth_forward	61	T	509	184	987	457	1	90	817458	819686	106	5	53	73	0	10	74821	75068
TP1_synth_forward	TP1_synth_forward	62	T	1459	267	564	467	99	97	816608	819561	343	11	34	55	10	23	74545	75021
TP1_synth_forward	TP1_synth_forward	63	C	589	817547	844	52	157	143	188	819520	132	74779	50	5	8	20	4	74998
TP1_synth_forward	TP1_synth_forward	64	T	2350	222	447	85	1	107	816252	819464	503	11	27	4	1	26	74394	74966
TP1_synth_forward	TP1_synth_forward	65	C	261	818423	253	35	208	141	136	819457	55	74854	12	2	12	17	9	74961
TP1_synth_forward	TP1_synth_forward	66	T	2081	333	845	84	0	75	816021	819439	456	20	48	10	0	7	74407	74948
TP1_synth_forward	TP1_synth_forward	67	T	2323	108	224	59	35	72	816588	819409	436	9	14	9	6	4	74460	74938
TP1_synth_forward	TP1_synth_forward	68	C	334	817938	646	35	0	96	357	819406	66	74795	48	3	0	12	13	74937
TP1_synth_forward	TP1_synth_forward	69	C	503	818189	110	166	103	114	206	819391	110	74730	14	9	7	43	14	74927
TP1_synth_forward	TP1_synth_forward	70	T	2057	133	369	35	54	203	816516	819367	466	8	19	8	4	38	74365	74908
TP1_synth_forward	TP1_synth_forward	71	C	578	817583	553	28	151	104	364	819361	133	74699	38	1	2	15	17	74905
TP1_synth_forward	TP1_synth_forward	72	T	2689	301	1180	13	0	111	815048	819342	540	3	59	0	0	34	74261	74897
TP1_synth_forward	TP1_synth_forward	73	G	407	595	1270	816498	1	111	436	819318	54	95	70	74555	0	8	97	74879
TP1_synth_forward	TP1_synth_forward	74	T	1517	124	7412	22	254	122	809842	819293	251	6	470	1	14	9	74115	74866
TP1_synth_forward	TP1_synth_forward	75	G	863	187	568	817071	2	95	469	819255	67	52	37	74568	0	7	105	74836
TP1_synth_forward	TP1_synth_forward	76	C	511	815274	1254	67	198	170	1772	819246	79	74536	83	9	19	21	86	74833
TP1_synth_forward	TP1_synth_forward	77	G	1257	359	323	816365	73	124	724	819225	56	111	35	74462	4	20	130	74818
TP1_synth_forward	TP1_synth_forward	78	C	395	817387	529	26	0	133	751	819221	60	74646	38	3	0	16	54	74817
TP1_synth_forward	TP1_synth_forward	79	C	238	817768	54	37	29	158	927	819211	41	74675	4	3	8	36	47	74814
TP1_synth_forward	TP1_synth_forward	80	G	1038	737	1023	815285	0	62	1037	819182	64	197	67	74301	0	14	158	74801
TP1_synth_forward	TP1_synth_forward	81	C	326	806473	11504	34	575	37	171	819120	53	74087	580	1	27	4	11	74763
TP1_synth_forward	TP1_synth_forward	82	A	816610	61	2028	199	1	43	170	819112	74644	11	87	8	0	2	9	74761
TP1_synth_forward	TP1_synth_forward	83	A	818576	103	80	133	0	86	132	819110	74724	8	4	9	0	7	9	74761
TP1_synth_forward	TP1_synth_forward	84	A	817947	103	72	354	249	235	110	819070	74665	14	5	13	13	35	5	74750
TP1_synth_forward	TP1_synth_forward	85	G	245	238	12	818115	22	159	198	818989	41	65	6	74553	1	18	32	74716
TP1_synth_forward	TP1_synth_forward	86	C	379	817985	3	83	1	174	279	818904	74	74587	2	2	0	15	10	74690
TP1_synth_forward	TP1_synth_forward	87	T	3760	155	474	362	0	144	813861	818756	723	9	19	24	0	50	73811	74636
TP1_synth_forward	TP1_synth_forward	88	G	547	224	239	817164	54	77	356	818661	66	34	14	74412	1	15	66	74608
TP1_synth_forward	TP1_synth_forward	89	T	1195	103	231	70	1	39	816945	818584	145	9	17	8	1	20	74385	74585
TP1_synth_forward	TP1_synth_forward	90	T	1831	153	10	40	339	41	815862	818276	309	5	4	4	27	30	74166	74545
TP1_synth_forward	TP1_synth_forward	91	C	605	816995	216	58	0	9	216	818099	96	74359	27	4	0	4	12	74502
TP1_synth_forward	TP1_synth_forward	92	C	466	817119	0	94	0	52	227	817958	24	74434	0	15	0	2	14	74489
TP1_synth_forward	TP1_synth_forward	93	G	549	611	0	815882	0	69	150	817261	55	167	0	74196	0	4	18	74440
TP1_synth_forward	TP1_synth_forward	94	T	1910	161	0	143	0	74	814639	816927	287	7	0	14	0	38	74049	74395
TP1_synth_forward	TP1_synth_forward	95	C	426	815804	0	75	0	124	304	816733	41	74302	0	4	0	28	8	74383
TP1_synth_forward	TP1_synth_forward	96	C	0	815976	0	0	0	79	0	816055	0	74311	0	0	0	25	0	74336
TP1_synth_forward	TP1_synth_forward	97	C	0	814410	0	0	0	71	0	814481	0	74206	0	0	0	12	0	74218
TP1_synth_forward	TP1_synth_forward	98	A	811478	0	0	0	0	29	0	811507	74006	0	0	0	0	8	0	74014
TP1_synth_forward	TP1_synth_forward	99	G	0	0	0	810340	0	0	0	810340	0	0	0	73807	0	0	0	73807
TP1_synth_forward	TP1_synth_forward	100	T	0	0	0	0	0	0	807779	807779	0	0	0	0	0	0	73503	73503
