



























































































































































































































#AmpliconChromStart	Alias	Position	ProbableRef	rawA	rawC	rawD	rawG	rawI	rawN	rawT	rawDepth	consA	consC	consD	consG	consI	consN	consT	consDepth	
TP1_synth_reverse		1	G	0	0	0	961581	0	0	0	961581	0	0	0	18118	0	0	0	18118
TP1_synth_reverse		2	T	0	0	0	0	0	0	963790	963790	0	0	0	0	0	0	18148	18148
TP1_synth_reverse		3	G	0	0	0	967071	0	106	0	967177	0	0	0	18186	0	0	0	18186
TP1_synth_reverse		4	G	0	0	0	968052	0	58	0	968110	0	0	0	18202	0	0	0	18202
TP1_synth_reverse		5	T	0	0	0	0	0	23	968442	968465	0	0	0	0	0	0	18206	18206
TP1_synth_reverse		6	G	573	86	0	969079	0	15	142	969895	1	0	0	18215	0	0	2	18218
TP1_synth_reverse		7	A	970018	33	0	113	0	68	139	970371	18224	0	0	0	0	0	0	18224
TP1_synth_reverse		8	G	107	70	0	971088	2	112	600	971979	0	0	0	18234	0	0	5	18239
TP1_synth_reverse		9	G	183	133	0	971396	250	38	271	972271	1	0	0	18239	1	0	2	18243
TP1_synth_reverse		10	C	259	971571	272	27	0	30	112	972271	0	18243	0	0	0	0	0	18243
TP1_synth_reverse		11	T	208	197	168	13	1578	35	970134	972333	0	0	6	0	23	0	18216	18245
TP1_synth_reverse		12	C	323	970033	1713	17	1	93	153	972333	0	18226	19	0	0	0	0	18245
TP1_synth_reverse		13	C	459	971334	8	33	1	106	392	972333	0	18243	1	0	0	0	1	18245
TP1_synth_reverse		14	C	418	971697	0	27	2	50	139	972333	0	18245	0	0	0	0	0	18245
TP1_synth_reverse		15	C	479	970973	170	42	41	74	554	972333	1	18233	5	0	3	0	3	18245
TP1_synth_reverse		16	T	378	85	1508	15	0	227	970120	972333	0	0	32	0	0	0	18213	18245
TP1_synth_reverse		17	T	380	147	526	8	0	68	971204	972333	0	2	7	0	0	0	18236	18245
TP1_synth_reverse		18	T	345	433	663	14	697	61	970120	972333	0	2	11	0	16	0	18216	18245
TP1_synth_reverse		19	C	697	969954	1119	19	467	74	415	972745	1	18206	25	0	10	0	4	18246
TP1_synth_reverse		20	T	248	520	1558	18	2	33	970366	972745	0	6	33	0	0	0	18207	18246
TP1_synth_reverse		21	T	566	289	498	1006	2703	132	967551	972745	0	2	12	26	48	0	18158	18246
TP1_synth_reverse		22	G	279	429	506	970451	746	26	308	972745	2	0	12	18214	18	0	0	18246
TP1_synth_reverse		23	C	606	959344	873	5519	5582	25	842	972791	0	18043	18	87	90	0	11	18249
TP1_synth_reverse		24	G	470	189	889	970347	5	66	825	972791	2	0	18	18226	0	0	3	18249
TP1_synth_reverse		25	G	145	691	687	969921	909	138	374	972865	1	0	15	18223	11	0	1	18251
TP1_synth_reverse		26	A	966232	28	2564	486	3384	56	147	972897	18178	0	34	9	31	0	0	18252
TP1_synth_reverse		27	G	239	817	1531	969921	113	21	255	972897	2	0	17	18231	2	0	0	18252
TP1_synth_reverse		28	A	968950	481	2754	261	276	52	123	972897	18219	3	25	2	3	0	0	18252
TP1_synth_reverse		29	T	334	101	3504	138	1	172	968647	972897	0	0	45	0	0	0	18207	18252
TP1_synth_reverse		30	T	1092	127	2112	52	352	139	969296	973170	0	0	26	0	4	0	18225	18255
TP1_synth_reverse		31	C	554	967620	2996	43	217	97	1612	973139	0	18208	36	0	1	0	9	18254
TP1_synth_reverse		32	T	605	348	2110	50	641	417	968782	972953	0	2	31	0	6	0	18214	18253
TP1_synth_reverse		33	C	495	969344	2802	46	7	125	123	972942	0	18208	42	0	1	0	2	18253
TP1_synth_reverse		34	T	809	143	2342	89	2	106	969414	972905	0	0	37	0	0	0	18215	18252
TP1_synth_reverse		35	T	1588	355	2856	401	510	91	967046	972847	0	5	36	4	6	0	18202	18253
TP1_synth_reverse		36	C	539	967470	4420	28	0	81	306	972844	0	18191	55	0	0	0	7	18253
TP1_synth_reverse		37	C	637	967678	3254	63	284	74	809	972799	1	18201	44	0	1	0	4	18251
TP1_synth_reverse		38	T	748	87	3303	263	221	46	968114	972782	1	0	49	0	1	0	18200	18251
TP1_synth_reverse		39	C	420	967997	3665	49	430	89	140	972790	0	18193	53	0	4	0	2	18252
TP1_synth_reverse		40	T	1573	503	3426	2676	2124	196	962348	972846	1	2	52	54	30	0	18112	18251
TP1_synth_reverse		41	G	567	816	2480	968061	147	36	720	972827	0	6	45	18190	3	0	7	18251
TP1_synth_reverse		42	T	2273	121	2753	390	2868	70	964636	973111	0	0	44	4	38	0	18167	18253
TP1_synth_reverse		43	G	943	519	2093	967650	800	439	885	973329	6	0	33	18207	9	0	2	18257
TP1_synth_reverse		44	C	553	960618	2934	4705	2503	194	1550	973057	1	18081	38	79	33	0	18	18250
TP1_synth_reverse		45	G	309	395	2517	967678	335	72	1728	973034	2	3	34	18197	8	0	5	18249
TP1_synth_reverse		46	C	878	968096	2962	342	0	18	278	972574	0	18192	51	2	0	0	4	18249
TP1_synth_reverse		47	C	387	962820	2301	4156	2478	39	395	972576	0	18130	30	58	28	0	3	18249
TP1_synth_reverse		48	G	284	886	2354	967793	19	47	1177	972560	2	2	33	18210	1	0	3	18251
TP1_synth_reverse		49	A	969346	45	2046	118	399	247	291	972492	18215	0	25	0	9	0	2	18251
TP1_synth_reverse		50	T	1115	81	2476	164	2	119	968519	972476	0	0	28	0	0	0	18223	18251
TP1_synth_reverse		51	A	969215	62	2015	132	517	135	419	972495	18221	0	25	0	5	0	1	18252
TP1_synth_reverse		52	C	640	968576	1886	146	320	308	612	972488	2	18219	22	0	4	0	5	18252
TP1_synth_reverse		53	A	966345	34	3100	2051	307	355	325	972517	18181	0	38	18	13	0	2	18252
TP1_synth_reverse		54	G	293	278	2344	968492	498	104	573	972582	2	0	28	18216	5	0	3	18254
TP1_synth_reverse		55	A	968905	401	2500	378	0	125	489	972798	18221	3	30	0	0	0	2	18256
TP1_synth_reverse		56	A	970308	64	1806	180	213	110	144	972825	18232	1	25	0	1	0	0	18259
TP1_synth_reverse		57	T	1945	69	1502	249	41	232	968671	972709	0	0	29	0	4	0	18225	18258
TP1_synth_reverse		58	A	970638	385	1131	106	0	338	140	972738	18233	4	22	0	0	0	0	18259
TP1_synth_reverse		59	T	997	1090	1728	379	0	421	967806	972421	0	19	33	4	0	0	18204	18260
TP1_synth_reverse		60	C	935	969331	1594	67	2	282	188	972399	0	18229	29	0	0	0	1	18259
TP1_synth_reverse		61	T	1270	103	1954	8657	1359	259	958689	972291	0	0	35	104	11	0	18109	18259
TP1_synth_reverse		62	G	898	300	1694	967319	25	351	1691	972278	11	0	32	18197	1	0	18	18259
TP1_synth_reverse		63	T	2236	91	1968	32	1	197	967759	972284	0	0	36	1	0	0	18223	18260
TP1_synth_reverse		64	T	2007	80	591	31	290	50	969217	972266	0	1	13	0	1	0	18245	18260
TP1_synth_reverse		65	C	1329	965394	855	3867	426	182	199	972252	2	18189	22	39	7	0	1	18260
TP1_synth_reverse		66	G	906	408	678	969404	104	78	385	971963	5	0	15	18239	1	0	0	18260
TP1_synth_reverse		67	C	945	969468	1150	51	0	218	162	971994	0	18241	19	0	0	0	2	18262
TP1_synth_reverse		68	A	969956	270	1216	161	0	100	98	971801	18241	0	21	0	0	0	0	18262
TP1_synth_reverse		69	C	335	969400	1271	61	33	85	510	971695	0	18235	21	0	2	0	4	18262
TP1_synth_reverse		70	T	1173	202	1333	291	20	124	968519	971662	0	2	23	3	1	0	18233	18262
TP1_synth_reverse		71	C	387	968360	2042	189	0	362	121	971461	0	18231	27	3	0	0	1	18262
TP1_synth_reverse		72	C	893	964243	773	4730	249	142	421	971451	0	18170	16	70	3	0	3	18262
TP1_synth_reverse		73	G	406	795	883	968283	258	376	438	971439	4	1	21	18232	4	0	0	18262
TP1_synth_reverse		74	A	963791	54	1138	6090	128	131	101	971433	18167	0	21	71	2	0	1	18262
TP1_synth_reverse		75	G	649	452	1383	968201	1	64	670	971420	6	0	17	18229	0	0	10	18262
TP1_synth_reverse		76	T	1025	132	1635	15272	572	58	952706	971400	0	1	24	195	13	0	18029	18262
TP1_synth_reverse		77	G	1068	488	965	968266	0	63	530	971380	8	1	14	18236	0	0	3	18262
TP1_synth_reverse		78	C	545	962173	1253	3086	535	502	3262	971356	0	18184	21	25	5	0	27	18262
TP1_synth_reverse		79	G	605	605	1898	967389	1	155	691	971344	5	0	25	18224	0	0	8	18262
TP1_synth_reverse		80	G	691	412	838	968607	35	149	585	971317	6	2	10	18240	2	0	2	18262
TP1_synth_reverse		81	C	627	967875	1842	82	620	86	168	971300	3	18236	20	0	3	0	0	18262
TP1_synth_reverse		82	A	968871	44	1624	159	0	86	143	970927	18247	0	15	0	0	0	0	18262
TP1_synth_reverse		83	A	969900	56	524	116	0	216	113	970925	18255	0	7	0	0	0	0	18262
TP1_synth_reverse		84	A	969664	64	18	817	1	264	66	970894	18253	0	0	9	0	0	0	18262
TP1_synth_reverse		85	G	173	422	326	969251	282	136	183	970773	0	1	2	18254	4	0	1	18262
TP1_synth_reverse		86	C	672	969641	13	29	5	94	268	970722	1	18257	1	1	0	0	2	18262
TP1_synth_reverse		87	T	1218	103	403	372	99	352	968095	970642	0	0	3	0	1	0	18258	18262
TP1_synth_reverse		88	G	217	485	339	969095	10	144	280	970570	0	0	3	18259	0	0	0	18262
TP1_synth_reverse		89	T	755	120	796	22	0	50	968487	970230	0	0	5	0	0	0	18255	18260
TP1_synth_reverse		90	T	687	129	2	23	0	83	969154	970078	0	0	0	0	0	0	18259	18259
TP1_synth_reverse		91	C	579	968272	0	216	0	333	236	969636	0	18255	0	3	0	0	1	18259
TP1_synth_reverse		92	C	467	968010	0	55	0	415	211	969158	0	18256	0	1	0	0	0	18257
TP1_synth_reverse		93	G	343	418	0	966915	0	155	389	968220	3	0	0	18246	0	0	1	18250
TP1_synth_reverse		94	T	559	136	0	54	0	71	967004	967824	0	0	0	0	0	0	18247	18247
TP1_synth_reverse		95	C	0	967022	0	0	0	195	0	967217	0	18245	0	0	0	0	0	18245
TP1_synth_reverse		96	C	0	966290	0	0	0	106	0	966396	0	18243	0	0	0	0	0	18243
TP1_synth_reverse		97	C	0	964051	0	0	0	170	0	964221	0	18234	0	0	0	0	0	18234
TP1_synth_reverse		98	A	961357	0	0	0	0	0	0	961357	18219	0	0	0	0	0	0	18219
TP1_synth_reverse		99	G	1	0	0	959757	0	0	0	959758	0	0	0	18211	0	0	0	18211
