



























































































































































































































#AmpliconChromStart	Alias	Position	ProbableRef	rawA	rawC	rawD	rawG	rawI	rawN	rawT	rawDepth	consA	consC	consD	consG	consI	consN	consT	consDepth	
TP1_synth_reverse		1	G	0	0	0	961581	0	0	0	961581	0	0	0	66059	0	0	0	66059
TP1_synth_reverse		2	T	0	0	0	0	0	0	963790	963790	0	0	0	0	0	0	66636	66636
TP1_synth_reverse		3	G	0	0	0	967071	0	106	0	967177	0	0	0	67228	0	54	0	67282
TP1_synth_reverse		4	G	0	0	0	968052	0	58	0	968110	0	0	0	67682	0	35	0	67717
TP1_synth_reverse		5	T	0	0	0	0	0	23	968442	968465	0	0	0	0	0	17	67978	67995
TP1_synth_reverse		6	G	573	86	0	969079	0	15	142	969895	13	7	0	68385	0	9	20	68434
TP1_synth_reverse		7	A	970018	33	0	113	0	68	139	970371	68456	1	0	12	0	23	4	68496
TP1_synth_reverse		8	G	107	70	0	971088	2	112	600	971979	9	9	0	68484	1	38	31	68572
TP1_synth_reverse		9	G	183	133	0	971396	250	38	271	972271	10	34	0	68528	5	2	24	68603
TP1_synth_reverse		10	C	259	971571	272	27	0	30	112	972271	38	68553	2	1	0	3	6	68603
TP1_synth_reverse		11	T	208	197	168	13	1578	35	970134	972333	40	11	18	1	90	5	68458	68623
TP1_synth_reverse		12	C	323	970033	1713	17	1	93	153	972333	77	68423	83	0	1	33	6	68623
TP1_synth_reverse		13	C	459	971334	8	33	1	106	392	972333	65	68481	1	5	0	64	7	68623
TP1_synth_reverse		14	C	418	971697	0	27	2	50	139	972333	55	68545	0	2	0	17	4	68623
TP1_synth_reverse		15	C	479	970973	170	42	41	74	554	972333	56	68493	9	0	11	33	21	68623
TP1_synth_reverse		16	T	378	85	1508	15	0	227	970132	972345	99	3	91	1	0	76	68364	68634
TP1_synth_reverse		17	T	380	147	526	8	0	68	971216	972345	77	15	18	2	0	20	68502	68634
TP1_synth_reverse		18	T	345	433	663	14	697	61	970132	972345	77	13	29	2	42	21	68450	68634
TP1_synth_reverse		19	C	697	969966	1119	19	467	74	415	972757	157	68371	74	2	40	17	20	68681
TP1_synth_reverse		20	T	248	520	1558	18	2	33	970378	972757	49	26	114	1	0	13	68478	68681
TP1_synth_reverse		21	T	567	289	498	1006	2703	132	967562	972757	170	15	41	102	170	12	68171	68681
TP1_synth_reverse		22	G	279	429	506	970463	746	26	308	972757	30	173	51	68314	58	2	53	68681
TP1_synth_reverse		23	C	607	959355	873	5519	5582	25	842	972803	149	67718	78	345	339	1	59	68689
TP1_synth_reverse		24	G	470	189	889	970358	5	66	826	972803	24	48	59	68429	0	26	103	68689
TP1_synth_reverse		25	G	145	691	687	969932	909	138	375	972877	17	169	42	68334	43	29	67	68701
TP1_synth_reverse		26	A	966244	28	2564	486	3384	56	147	972909	68377	3	119	36	154	18	5	68712
TP1_synth_reverse		27	G	239	819	1531	969931	113	21	255	972909	12	191	64	68346	13	10	76	68712
TP1_synth_reverse		28	A	968962	481	2754	261	276	52	123	972909	68526	23	114	14	11	19	5	68712
TP1_synth_reverse		29	T	334	101	3504	138	1	172	968659	972909	77	2	182	11	0	39	68401	68712
TP1_synth_reverse		30	T	1092	127	2112	52	352	139	969308	973182	352	4	86	3	19	17	68248	68729
TP1_synth_reverse		31	C	554	967632	2996	43	217	97	1612	973151	182	68304	126	4	4	36	58	68714
TP1_synth_reverse		32	T	605	348	2110	50	641	417	968794	972965	104	11	99	8	39	31	68409	68701
TP1_synth_reverse		33	C	495	969356	2802	46	7	125	123	972954	197	68296	149	5	2	25	17	68691
TP1_synth_reverse		34	T	812	143	2342	89	2	106	969423	972917	173	6	127	12	0	16	68346	68680
TP1_synth_reverse		35	T	1590	355	2856	401	510	91	967056	972859	496	26	154	21	29	35	67917	68678
TP1_synth_reverse		36	C	540	967481	4420	28	0	81	306	972856	111	68286	237	4	0	11	26	68675
TP1_synth_reverse		37	C	640	967687	3254	63	284	74	809	972811	145	68263	197	1	10	10	27	68653
TP1_synth_reverse		38	T	748	87	3303	263	221	46	968126	972794	244	3	218	23	7	25	68122	68642
TP1_synth_reverse		39	C	422	968007	3665	49	430	89	140	972802	114	68281	208	5	18	14	5	68645
TP1_synth_reverse		40	T	1575	503	3426	2676	2124	196	962358	972858	287	31	204	213	115	24	67770	68644
TP1_synth_reverse		41	G	568	817	2480	968071	147	36	720	972839	92	235	184	67988	17	2	116	68634
TP1_synth_reverse		42	T	2274	121	2753	390	2868	70	964647	973123	567	2	189	33	172	11	67673	68647
TP1_synth_reverse		43	G	944	521	2093	967659	800	439	885	973341	89	134	152	68071	52	59	112	68669
TP1_synth_reverse		44	C	554	960629	2934	4705	2503	194	1550	973069	119	67719	189	332	133	52	98	68642
TP1_synth_reverse		45	G	309	395	2517	967686	335	72	1732	973046	20	119	148	68009	27	48	253	68624
TP1_synth_reverse		46	C	878	968108	2962	342	0	18	278	972586	338	68009	208	23	0	6	23	68607
TP1_synth_reverse		47	C	389	962830	2301	4156	2478	39	395	972588	80	67930	140	285	137	11	27	68610
TP1_synth_reverse		48	G	284	886	2354	967802	19	47	1180	972572	20	270	155	67905	4	19	214	68587
TP1_synth_reverse		49	A	969358	45	2046	118	399	247	291	972504	68715	5	124	10	32	23	11	68920
TP1_synth_reverse		50	T	1117	81	2476	164	2	119	968529	972488	242	6	137	24	0	29	68468	68906
TP1_synth_reverse		51	A	969206	62	2015	132	517	136	419	972487	68722	6	110	3	21	32	11	68905
TP1_synth_reverse		52	C	641	968567	1886	146	320	308	612	972480	180	68523	101	30	20	15	30	68899
TP1_synth_reverse		53	A	966337	34	3100	2051	307	355	325	972509	68558	6	164	92	39	29	17	68905
TP1_synth_reverse		54	G	293	278	2344	968484	498	104	573	972574	31	63	126	68560	37	23	60	68900
TP1_synth_reverse		55	A	968897	401	2500	378	0	125	489	972790	68705	31	139	13	0	10	18	68916
TP1_synth_reverse		56	A	970299	64	1806	180	213	111	144	972817	68754	4	120	11	7	14	12	68922
TP1_synth_reverse		57	T	1945	69	1502	249	41	232	968663	972701	387	6	122	31	9	33	68298	68886
TP1_synth_reverse		58	A	970630	385	1131	106	0	338	140	972730	68556	29	107	6	0	178	11	68887
TP1_synth_reverse		59	T	998	1090	1728	379	0	421	967797	972413	210	74	131	23	0	71	68352	68861
TP1_synth_reverse		60	C	934	969324	1594	67	2	282	188	972391	251	68414	121	4	1	43	13	68847
TP1_synth_reverse		61	T	1270	103	1954	8657	1359	260	958680	972283	239	3	144	480	57	64	67849	68836
TP1_synth_reverse		62	G	899	300	1694	967310	25	351	1691	972270	114	41	138	68095	2	181	256	68827
TP1_synth_reverse		63	T	2237	91	1968	32	1	197	967750	972276	555	7	152	8	1	73	68025	68821
TP1_synth_reverse		64	T	2008	80	591	31	290	50	969208	972258	366	5	51	9	23	5	68355	68814
TP1_synth_reverse		65	C	1330	965385	855	3867	426	182	199	972244	244	68215	79	202	36	19	9	68804
TP1_synth_reverse		66	G	906	409	678	969396	104	78	384	971955	63	123	66	68428	2	16	84	68782
TP1_synth_reverse		67	C	946	969459	1150	51	0	218	162	971986	316	68334	93	7	0	24	10	68784
TP1_synth_reverse		68	A	969948	270	1216	161	0	100	98	971793	68622	37	89	4	0	17	7	68776
TP1_synth_reverse		69	C	336	969391	1271	61	33	85	510	971687	74	68546	97	3	9	3	27	68759
TP1_synth_reverse		70	T	1174	202	1333	291	20	124	968510	971654	261	9	98	18	5	17	68345	68753
TP1_synth_reverse		71	C	387	968352	2042	189	0	362	121	971453	89	68416	125	12	0	95	9	68746
TP1_synth_reverse		72	C	894	964234	773	4730	249	142	421	971443	257	68010	67	322	19	53	17	68745
TP1_synth_reverse		73	G	406	796	883	968274	258	376	438	971431	27	160	77	68202	16	210	46	68738
TP1_synth_reverse		74	A	963783	54	1138	6090	128	131	101	971425	68237	8	81	341	10	52	8	68737
TP1_synth_reverse		75	G	649	451	1383	968194	1	64	670	971412	41	101	80	68433	0	14	59	68728
TP1_synth_reverse		76	T	1024	132	1635	15273	572	58	952698	971392	314	13	104	876	38	6	67367	68718
TP1_synth_reverse		77	G	1068	489	965	968257	0	63	530	971372	62	115	55	68392	0	9	74	68707
TP1_synth_reverse		78	C	544	962166	1253	3086	535	502	3262	971348	87	68141	81	143	22	80	140	68694
TP1_synth_reverse		79	G	605	605	1898	967380	1	155	692	971336	46	261	114	68160	0	18	90	68689
TP1_synth_reverse		80	G	691	412	838	968598	35	149	586	971309	36	92	46	68383	4	40	70	68671
TP1_synth_reverse		81	C	626	967868	1842	82	620	86	168	971292	67	68452	91	7	29	10	4	68660
TP1_synth_reverse		82	A	968863	44	1624	159	0	86	143	970919	68182	8	93	2	0	12	11	68308
TP1_synth_reverse		83	A	969891	56	524	116	0	217	113	970917	68205	10	32	5	0	48	7	68307
TP1_synth_reverse		84	A	969657	64	18	816	1	264	66	970886	68203	5	2	49	0	42	2	68303
TP1_synth_reverse		85	G	174	423	326	969241	282	136	183	970765	30	109	12	68025	12	39	29	68256
TP1_synth_reverse		86	C	672	969633	13	29	5	94	268	970714	117	68099	2	3	3	10	6	68240
TP1_synth_reverse		87	T	1218	103	403	372	99	352	968087	970634	264	3	13	8	4	27	67888	68207
TP1_synth_reverse		88	G	216	485	339	969089	10	144	280	970563	18	56	15	67984	0	32	76	68181
TP1_synth_reverse		89	T	755	120	796	22	0	50	968479	970222	77	2	32	3	0	12	68033	68159
TP1_synth_reverse		90	T	687	129	2	23	0	83	969146	970070	99	4	1	5	0	8	68003	68120
TP1_synth_reverse		91	C	580	968263	0	216	0	333	236	969628	110	67933	0	6	0	32	9	68090
TP1_synth_reverse		92	C	468	968001	0	55	0	415	211	969150	64	67915	0	4	0	66	4	68053
TP1_synth_reverse		93	G	343	418	0	966907	0	155	389	968212	20	102	0	67796	0	26	34	67978
TP1_synth_reverse		94	T	559	136	0	54	0	71	966996	967816	98	7	0	7	0	9	67829	67950
TP1_synth_reverse		95	C	0	967014	0	0	0	195	0	967209	0	67861	0	0	0	18	0	67879
TP1_synth_reverse		96	C	0	966283	0	0	0	106	0	966389	0	67765	0	0	0	22	0	67787
TP1_synth_reverse		97	C	0	964043	0	0	0	170	0	964213	0	67597	0	0	0	61	0	67658
TP1_synth_reverse		98	A	961350	0	0	0	0	0	0	961350	67489	0	0	0	0	0	0	67489
TP1_synth_reverse		99	G	1	0	0	959749	0	0	0	959750	0	0	0	67322	0	0	0	67322
