



























































































































































































































#AmpliconChromStart	Alias	Position	ProbableRef	rawA	rawC	rawD	rawG	rawI	rawN	rawT	rawDepth	consA	consC	consD	consG	consI	consN	consT	consDepth	
TP1_synth_reverse		1	G	0	0	0	626425	0	0	0	626425	0	0	0	13912	0	0	0	13912
TP1_synth_reverse		2	T	0	0	0	0	0	0	628944	628944	0	0	0	0	0	0	13940	13940
TP1_synth_reverse		3	G	0	0	0	630674	0	16	0	630690	0	0	0	13960	0	0	0	13960
TP1_synth_reverse		4	G	0	0	0	631302	0	22	0	631324	0	0	0	13967	0	0	0	13967
TP1_synth_reverse		5	T	0	0	0	0	0	63	631908	631971	0	0	0	0	0	0	13976	13976
TP1_synth_reverse		6	G	145	51	0	632029	0	93	219	632537	1	0	0	13980	0	0	1	13982
TP1_synth_reverse		7	A	632785	13	0	70	0	54	77	632999	13988	0	0	0	0	0	0	13988
TP1_synth_reverse		8	G	82	45	0	632666	0	281	62	633136	0	0	0	13993	0	0	0	13993
TP1_synth_reverse		9	G	109	74	0	632866	0	37	106	633192	2	0	0	13995	0	0	1	13998
TP1_synth_reverse		10	C	184	632697	31	28	0	11	241	633192	0	13996	2	0	0	0	0	13998
TP1_synth_reverse		11	T	210	95	49	16	288	28	632506	633192	0	0	1	0	6	0	13991	13998
TP1_synth_reverse		12	C	176	631860	933	12	0	64	243	633288	0	13986	12	0	0	0	1	13999
TP1_synth_reverse		13	C	277	632564	3	13	0	238	193	633288	0	13998	0	0	0	0	1	13999
TP1_synth_reverse		14	C	237	632857	0	15	1	56	122	633288	0	13999	0	0	0	0	0	13999
TP1_synth_reverse		15	C	160	632164	0	18	801	9	136	633288	0	13994	0	0	5	0	0	13999
TP1_synth_reverse		16	T	434	73	1256	21	0	17	631496	633297	0	0	15	0	0	0	13984	13999
TP1_synth_reverse		17	T	411	85	1	12	1	5	632829	633344	0	0	0	0	0	0	14000	14000
TP1_synth_reverse		18	T	323	81	2	21	57	16	632918	633418	0	0	0	0	1	0	14002	14003
TP1_synth_reverse		19	C	358	657304	414	23	235	77	251	658662	0	14040	10	0	13	0	6	14069
TP1_synth_reverse		20	T	474	53	120	48	1	96	657870	658662	0	0	2	0	0	0	14067	14069
TP1_synth_reverse		21	T	1700	130	257	66	178	31	656315	658677	0	0	2	0	6	0	14062	14070
TP1_synth_reverse		22	G	180	642	577	656168	754	18	359	658698	1	0	5	14056	8	0	1	14071
TP1_synth_reverse		23	C	548	656608	425	322	267	50	478	658698	0	14046	11	2	5	0	7	14071
TP1_synth_reverse		24	G	183	157	1099	656809	1	25	424	658698	0	6	21	14042	0	0	2	14071
TP1_synth_reverse		25	G	154	399	36	657843	21	55	190	658698	0	0	1	14070	0	0	0	14071
TP1_synth_reverse		26	A	658435	11	9	94	2	11	169	658731	14069	0	1	0	0	0	2	14072
TP1_synth_reverse		27	G	75	217	47	657095	234	97	966	658731	0	0	6	14059	2	0	5	14072
TP1_synth_reverse		28	A	657555	91	628	52	292	29	84	658731	14062	0	7	0	3	0	0	14072
TP1_synth_reverse		29	T	517	74	296	707	0	112	657025	658731	0	0	4	0	0	0	14068	14072
TP1_synth_reverse		30	T	2612	99	387	75	3	44	655511	658731	0	0	2	0	0	0	14070	14072
TP1_synth_reverse		31	C	675	656954	576	41	0	64	422	658732	0	14059	7	0	0	0	7	14073
TP1_synth_reverse		32	T	904	74	279	110	1	13	657333	658714	0	0	6	0	0	0	14067	14073
TP1_synth_reverse		33	C	737	656977	363	212	93	35	286	658703	0	14062	6	1	2	0	2	14073
TP1_synth_reverse		34	T	2414	85	193	1684	1	75	654245	658697	0	0	10	0	0	0	14063	14073
TP1_synth_reverse		35	T	3175	137	7	306	1	40	655011	658677	0	2	1	0	0	0	14070	14073
TP1_synth_reverse		36	C	432	657441	361	62	0	94	284	658674	0	14063	6	0	0	0	4	14073
TP1_synth_reverse		37	C	420	657360	5	434	0	39	380	658638	0	14068	0	0	0	0	5	14073
TP1_synth_reverse		38	T	1751	35	223	77	2	17	656508	658613	0	0	1	0	0	0	14072	14073
TP1_synth_reverse		39	C	301	657573	482	124	1	32	90	658603	0	14060	13	0	0	0	0	14073
TP1_synth_reverse		40	T	1471	54	249	109	73	172	656462	658590	0	0	8	0	2	0	14063	14073
TP1_synth_reverse		41	G	144	1286	200	653340	2	39	3563	658574	0	0	5	14065	0	0	3	14073
TP1_synth_reverse		42	T	2984	80	677	139	36	47	654608	658571	0	0	7	0	1	0	14065	14073
TP1_synth_reverse		43	G	92	257	194	654275	0	86	3679	658583	0	0	3	14070	0	0	0	14073
TP1_synth_reverse		44	C	575	656679	280	43	24	13	985	658599	0	14058	6	0	3	0	7	14074
TP1_synth_reverse		45	G	166	165	441	654137	88	27	3567	658591	1	0	7	14059	4	0	3	14074
TP1_synth_reverse		46	C	1010	656059	1116	120	0	31	292	658628	2	14054	12	0	0	0	7	14075
TP1_synth_reverse		47	C	277	657716	0	158	211	10	254	658626	0	14070	0	2	2	0	1	14075
TP1_synth_reverse		48	G	233	1295	563	652412	178	23	3900	658604	1	0	7	14064	2	0	1	14075
TP1_synth_reverse		49	A	657496	50	129	45	1	12	143	657876	14297	0	5	0	0	0	0	14302
TP1_synth_reverse		50	T	2872	82	153	23	2	48	654949	658129	0	0	2	0	0	0	14303	14305
TP1_synth_reverse		51	A	657419	39	487	63	1	74	121	658204	14296	0	10	0	0	0	0	14306
TP1_synth_reverse		52	C	533	656081	999	47	1	65	463	658189	0	14292	9	0	0	0	5	14306
TP1_synth_reverse		53	A	657474	30	116	182	271	46	98	658217	14298	0	2	0	7	0	0	14307
TP1_synth_reverse		54	G	373	370	441	655393	326	67	1237	658207	0	0	3	14301	3	0	0	14307
TP1_synth_reverse		55	A	657724	130	447	78	0	81	91	658551	14299	0	9	0	0	0	0	14308
TP1_synth_reverse		56	A	658179	9	0	57	110	55	140	658550	14307	0	0	0	1	0	0	14308
TP1_synth_reverse		57	T	3262	36	232	157	676	13	654148	658524	1	0	2	0	5	0	14300	14308
TP1_synth_reverse		58	A	657623	18	624	136	2	68	130	658601	14304	1	4	0	0	0	0	14309
TP1_synth_reverse		59	T	1518	36	309	191	44	56	656409	658563	0	0	0	0	1	0	14308	14309
TP1_synth_reverse		60	C	2191	655859	53	93	94	122	149	658561	0	14304	4	0	1	0	1	14310
TP1_synth_reverse		61	T	990	138	170	790	0	102	656442	658632	0	1	4	0	0	0	14306	14311
TP1_synth_reverse		62	G	499	254	59	656177	5	90	1570	658654	1	0	3	14302	0	0	6	14312
TP1_synth_reverse		63	T	5355	76	326	51	0	29	652902	658739	0	1	5	0	0	0	14307	14313
TP1_synth_reverse		64	T	2199	91	2	183	211	60	656012	658758	0	1	0	0	1	0	14312	14314
TP1_synth_reverse		65	C	627	657093	524	23	144	51	318	658780	0	14305	6	0	3	0	1	14315
TP1_synth_reverse		66	G	1208	270	133	656275	6	49	832	658773	2	0	2	14309	1	0	1	14315
TP1_synth_reverse		67	C	920	657267	461	19	36	104	106	658913	0	14313	3	0	0	0	0	14316
TP1_synth_reverse		68	A	658118	483	7	182	0	95	56	658941	14317	0	0	0	0	0	0	14317
TP1_synth_reverse		69	C	100	657590	331	29	2	36	845	658933	1	14298	5	0	0	0	13	14317
TP1_synth_reverse		70	T	910	85	112	694	5	90	657021	658917	0	0	2	0	1	0	14314	14317
TP1_synth_reverse		71	C	282	657724	691	52	0	67	97	658913	0	14312	4	0	0	0	1	14317
TP1_synth_reverse		72	C	757	657884	3	40	1	99	120	658904	0	14317	0	0	0	0	0	14317
TP1_synth_reverse		73	G	794	291	345	656910	335	72	137	658884	2	0	5	14308	2	0	0	14317
TP1_synth_reverse		74	A	658242	184	148	74	126	80	29	658883	14314	0	2	0	1	0	0	14317
TP1_synth_reverse		75	G	429	168	940	657051	0	38	229	658855	0	0	8	14306	0	0	3	14317
TP1_synth_reverse		76	T	6166	73	431	76	47	116	651925	658834	0	0	2	0	0	0	14315	14317
TP1_synth_reverse		77	G	420	329	343	656673	1	57	992	658815	2	0	1	14314	0	0	0	14317
TP1_synth_reverse		78	C	302	656048	301	77	326	190	1559	658803	2	14284	13	0	6	0	12	14317
TP1_synth_reverse		79	G	519	1405	75	655289	1	74	1341	658704	4	2	4	14307	0	0	0	14317
TP1_synth_reverse		80	G	202	185	0	657157	111	135	835	658625	1	0	0	14309	1	0	5	14316
TP1_synth_reverse		81	C	164	656371	504	48	1126	213	157	658583	0	14304	6	0	6	0	0	14316
TP1_synth_reverse		82	A	630794	16	2025	85	2	78	207	633207	14005	0	14	0	0	0	0	14019
TP1_synth_reverse		83	A	632942	19	17	53	0	53	113	633197	14018	0	1	0	0	0	0	14019
TP1_synth_reverse		84	A	632817	26	41	91	1	58	109	633143	14019	0	0	0	0	0	0	14019
TP1_synth_reverse		85	G	232	181	43	631468	77	13	966	632980	0	0	0	14016	1	0	2	14019
TP1_synth_reverse		86	C	423	632341	0	28	9	25	109	632935	2	14016	0	0	1	0	0	14019
TP1_synth_reverse		87	T	1792	53	15	72	223	104	630598	632857	0	0	1	0	1	0	14017	14019
TP1_synth_reverse		88	G	240	252	14	632102	86	34	94	632822	0	0	1	14017	1	0	0	14019
TP1_synth_reverse		89	T	836	72	205	21	0	78	631512	632724	0	0	1	0	0	0	14018	14019
TP1_synth_reverse		90	T	970	84	0	27	1	127	631205	632414	0	0	0	0	0	0	14019	14019
TP1_synth_reverse		91	C	372	631777	0	44	0	22	157	632372	2	14014	0	0	0	0	3	14019
TP1_synth_reverse		92	C	293	631269	0	25	0	91	158	631836	0	14009	0	0	0	0	1	14010
TP1_synth_reverse		93	G	470	155	0	630386	0	17	58	631086	2	0	0	14006	0	0	0	14008
TP1_synth_reverse		94	T	930	84	0	38	0	63	628548	629663	0	0	0	0	0	0	14000	14000
TP1_synth_reverse		95	C	0	629249	0	0	0	71	0	629320	0	13998	0	0	0	0	0	13998
TP1_synth_reverse		96	C	0	628870	0	0	0	9	0	628879	0	13996	0	0	0	0	0	13996
TP1_synth_reverse		97	C	0	627842	0	0	0	8	0	627850	0	13996	0	0	0	0	0	13996
TP1_synth_reverse		98	A	625577	0	0	0	0	0	0	625577	13991	0	0	0	0	0	0	13991
TP1_synth_reverse		99	G	0	0	0	624450	0	0	0	624450	0	0	0	13985	0	0	0	13985
