



























































































































































































































#AmpliconChromStart	Alias	Position	ProbableRef	rawA	rawC	rawD	rawG	rawI	rawN	rawT	rawDepth	consA	consC	consD	consG	consI	consN	consT	consDepth	
TP1_synth_reverse		1	G	0	0	0	626425	0	0	0	626425	0	0	0	18582	0	0	0	18582
TP1_synth_reverse		2	T	0	0	0	0	0	0	628944	628944	0	0	0	0	0	0	18628	18628
TP1_synth_reverse		3	G	0	0	0	630674	0	16	0	630690	0	0	0	18672	0	0	0	18672
TP1_synth_reverse		4	G	0	0	0	631302	0	22	0	631324	0	0	0	18691	0	0	0	18691
TP1_synth_reverse		5	T	0	0	0	0	0	63	631908	631971	0	0	0	0	0	1	18708	18709
TP1_synth_reverse		6	G	145	51	0	632029	0	93	219	632537	1	0	0	18724	0	0	1	18726
TP1_synth_reverse		7	A	632785	13	0	70	0	54	77	632999	18732	0	0	0	0	0	0	18732
TP1_synth_reverse		8	G	82	45	0	632666	0	281	62	633136	0	0	0	18735	0	2	0	18737
TP1_synth_reverse		9	G	109	74	0	632866	0	37	106	633192	2	0	0	18741	0	0	1	18744
TP1_synth_reverse		10	C	184	632697	31	28	0	11	241	633192	0	18742	2	0	0	0	0	18744
TP1_synth_reverse		11	T	210	95	49	16	288	28	632506	633192	0	0	1	0	10	0	18733	18744
TP1_synth_reverse		12	C	176	631860	933	12	0	64	243	633288	0	18730	14	0	0	0	1	18745
TP1_synth_reverse		13	C	277	632564	3	13	0	238	193	633288	0	18743	0	0	0	0	2	18745
TP1_synth_reverse		14	C	237	632857	0	15	1	56	122	633288	0	18745	0	0	0	0	0	18745
TP1_synth_reverse		15	C	160	632164	0	18	801	9	136	633288	0	18735	0	0	10	0	0	18745
TP1_synth_reverse		16	T	434	73	1256	21	0	17	631496	633297	2	0	21	0	0	0	18723	18746
TP1_synth_reverse		17	T	411	85	1	12	1	5	632829	633344	1	0	0	0	0	0	18746	18747
TP1_synth_reverse		18	T	323	81	2	21	57	16	632918	633418	0	0	0	0	1	0	18750	18751
TP1_synth_reverse		19	C	358	657304	414	23	235	77	251	658662	0	18805	15	0	15	0	7	18842
TP1_synth_reverse		20	T	474	53	120	48	1	96	657870	658662	0	0	2	0	0	0	18840	18842
TP1_synth_reverse		21	T	1700	130	257	66	178	31	656315	658677	2	1	2	0	6	0	18832	18843
TP1_synth_reverse		22	G	180	642	577	656168	754	18	359	658698	1	2	5	18827	8	0	1	18844
TP1_synth_reverse		23	C	548	656608	425	322	267	50	478	658698	1	18815	12	2	5	0	9	18844
TP1_synth_reverse		24	G	183	157	1099	656809	1	25	424	658698	0	6	31	18803	0	0	4	18844
TP1_synth_reverse		25	G	154	399	36	657843	21	55	190	658698	0	0	1	18843	0	0	0	18844
TP1_synth_reverse		26	A	658435	11	9	94	2	11	169	658731	18841	0	1	0	1	0	2	18845
TP1_synth_reverse		27	G	75	217	47	657095	234	97	966	658731	0	1	6	18825	3	1	9	18845
TP1_synth_reverse		28	A	657595	91	628	52	292	29	84	658771	18834	0	8	0	4	0	0	18846
TP1_synth_reverse		29	T	517	74	296	707	0	112	657065	658771	0	0	7	0	0	0	18839	18846
TP1_synth_reverse		30	T	2612	99	387	75	3	44	655551	658771	8	0	2	0	0	0	18836	18846
TP1_synth_reverse		31	C	675	656994	576	41	0	64	422	658772	0	18831	8	0	0	1	7	18847
TP1_synth_reverse		32	T	904	74	279	110	1	13	657373	658754	0	0	6	0	0	0	18841	18847
TP1_synth_reverse		33	C	738	657016	363	212	93	35	286	658743	1	18832	8	1	2	0	3	18847
TP1_synth_reverse		34	T	2415	85	193	1684	1	75	654284	658737	1	0	12	0	0	0	18834	18847
TP1_synth_reverse		35	T	3175	137	7	306	1	40	655051	658717	8	2	1	0	0	0	18836	18847
TP1_synth_reverse		36	C	434	657479	361	62	0	94	284	658714	1	18828	8	0	0	1	9	18847
TP1_synth_reverse		37	C	422	657398	5	434	0	39	380	658678	0	18836	0	0	0	2	9	18847
TP1_synth_reverse		38	T	1751	35	223	77	2	17	656548	658653	0	0	1	0	0	0	18846	18847
TP1_synth_reverse		39	C	303	657611	482	124	1	32	90	658643	0	18829	16	0	0	2	0	18847
TP1_synth_reverse		40	T	1473	54	249	109	73	172	656500	658630	0	0	9	0	2	0	18836	18847
TP1_synth_reverse		41	G	144	1286	200	653373	2	39	3570	658614	0	3	7	18825	0	1	11	18847
TP1_synth_reverse		42	T	2986	80	677	139	36	47	654646	658611	7	0	11	0	2	0	18827	18847
TP1_synth_reverse		43	G	92	257	194	654280	0	86	3693	658602	0	0	3	18837	0	1	6	18847
TP1_synth_reverse		44	C	575	656698	280	43	24	13	985	658618	1	18822	10	0	3	0	12	18848
TP1_synth_reverse		45	G	166	165	441	654142	88	27	3581	658610	1	0	10	18828	5	0	4	18848
TP1_synth_reverse		46	C	1010	656078	1116	120	0	31	292	658647	4	18819	14	1	0	0	11	18849
TP1_synth_reverse		47	C	277	657735	0	158	211	10	254	658645	0	18840	0	3	4	0	2	18849
TP1_synth_reverse		48	G	233	1281	563	652421	178	23	3924	658623	1	3	9	18829	2	0	5	18849
TP1_synth_reverse		49	A	657515	50	129	45	1	12	143	657895	19323	0	5	0	0	0	0	19328
TP1_synth_reverse		50	T	2875	82	153	23	2	48	654965	658148	1	0	2	0	0	0	19328	19331
TP1_synth_reverse		51	A	657438	39	487	63	1	74	121	658223	19318	0	11	0	0	3	0	19332
TP1_synth_reverse		52	C	550	656082	999	48	1	65	463	658208	0	19315	10	0	0	2	5	19332
TP1_synth_reverse		53	A	657493	30	116	182	271	46	98	658236	19321	0	3	0	9	0	0	19333
TP1_synth_reverse		54	G	394	369	441	655389	326	67	1240	658226	0	0	4	19325	3	0	1	19333
TP1_synth_reverse		55	A	657743	130	447	78	0	81	91	658570	19323	0	11	0	0	0	0	19334
TP1_synth_reverse		56	A	658198	9	0	57	110	55	140	658569	19333	0	0	0	1	0	0	19334
TP1_synth_reverse		57	T	3265	36	232	158	675	13	654164	658543	3	0	2	1	7	1	19320	19334
TP1_synth_reverse		58	A	657642	18	624	136	2	68	130	658620	19328	1	6	0	0	0	0	19335
TP1_synth_reverse		59	T	1521	36	309	191	44	56	656425	658582	0	0	0	0	1	0	19334	19335
TP1_synth_reverse		60	C	2212	655857	53	93	94	122	149	658580	3	19323	6	0	1	2	1	19336
TP1_synth_reverse		61	T	992	138	170	789	0	102	656460	658651	0	1	9	1	0	1	19325	19337
TP1_synth_reverse		62	G	505	254	59	656191	5	90	1569	658673	2	0	4	19318	0	1	13	19338
TP1_synth_reverse		63	T	5346	76	326	51	0	29	652930	658758	17	1	7	0	0	0	19314	19339
TP1_synth_reverse		64	T	2200	91	2	183	211	60	656030	658777	1	1	0	0	2	2	19334	19340
TP1_synth_reverse		65	C	629	657110	524	23	144	51	318	658799	0	19324	10	0	4	0	3	19341
TP1_synth_reverse		66	G	1211	270	133	656293	6	49	830	658792	3	0	4	19329	1	0	4	19341
TP1_synth_reverse		67	C	917	657289	461	19	36	104	106	658932	1	19334	5	0	1	1	0	19342
TP1_synth_reverse		68	A	658138	482	7	182	0	95	56	658960	19341	0	0	0	0	2	0	19343
TP1_synth_reverse		69	C	100	657609	331	29	2	36	845	658952	1	19318	5	0	0	1	18	19343
TP1_synth_reverse		70	T	909	85	112	693	5	90	657042	658936	0	0	3	0	1	0	19339	19343
TP1_synth_reverse		71	C	282	657743	691	52	0	67	97	658932	0	19337	4	0	0	1	1	19343
TP1_synth_reverse		72	C	755	657905	3	40	1	99	120	658923	0	19343	0	0	0	0	0	19343
TP1_synth_reverse		73	G	793	291	345	656930	335	72	137	658903	2	0	5	19330	5	0	1	19343
TP1_synth_reverse		74	A	658261	184	148	74	126	80	29	658902	19336	0	3	0	2	2	0	19343
TP1_synth_reverse		75	G	428	168	940	657071	0	38	229	658874	0	0	9	19330	0	0	4	19343
TP1_synth_reverse		76	T	6151	73	431	77	47	116	651958	658853	19	0	2	0	2	2	19318	19343
TP1_synth_reverse		77	G	419	328	343	656695	1	57	991	658834	3	0	2	19335	0	0	3	19343
TP1_synth_reverse		78	C	302	656066	301	77	326	190	1559	658821	2	19299	15	0	6	1	20	19343
TP1_synth_reverse		79	G	519	1395	75	655317	1	74	1341	658722	8	6	4	19323	0	1	1	19343
TP1_synth_reverse		80	G	202	184	0	657175	111	135	836	658643	2	0	0	19331	1	0	7	19341
TP1_synth_reverse		81	C	164	656389	504	48	1126	213	157	658601	0	19318	8	0	14	1	0	19341
TP1_synth_reverse		82	A	630812	16	2025	85	2	78	207	633225	18741	0	24	0	0	2	0	18767
TP1_synth_reverse		83	A	632960	19	17	53	0	53	113	633215	18764	0	1	0	0	2	0	18767
TP1_synth_reverse		84	A	632835	26	41	91	1	58	109	633161	18766	0	0	0	0	1	0	18767
TP1_synth_reverse		85	G	232	181	43	631486	77	13	967	632999	1	0	0	18762	1	1	2	18767
TP1_synth_reverse		86	C	423	632360	0	28	9	25	109	632954	3	18761	0	0	1	2	0	18767
TP1_synth_reverse		87	T	1792	53	15	72	223	104	630617	632876	1	0	2	0	2	0	18762	18767
TP1_synth_reverse		88	G	240	253	14	632120	86	34	94	632841	1	1	2	18761	1	1	0	18767
TP1_synth_reverse		89	T	836	72	205	21	0	78	631531	632743	1	0	3	0	0	0	18763	18767
TP1_synth_reverse		90	T	970	84	0	28	1	127	631223	632433	1	0	0	0	0	1	18763	18765
TP1_synth_reverse		91	C	372	631796	0	44	0	22	157	632391	2	18759	0	1	0	0	3	18765
TP1_synth_reverse		92	C	293	631287	0	25	0	91	158	631854	1	18751	0	0	0	2	1	18755
TP1_synth_reverse		93	G	470	155	0	630404	0	17	58	631104	3	0	0	18744	0	1	0	18748
TP1_synth_reverse		94	T	930	84	0	38	0	63	628566	629681	2	0	0	0	0	1	18734	18737
TP1_synth_reverse		95	C	0	629267	0	0	0	71	0	629338	0	18734	0	0	0	0	0	18734
TP1_synth_reverse		96	C	0	628888	0	0	0	9	0	628897	0	18730	0	0	0	0	0	18730
TP1_synth_reverse		97	C	0	627859	0	0	0	8	0	627867	0	18724	0	0	0	0	0	18724
TP1_synth_reverse		98	A	625594	0	0	0	0	0	0	625594	18707	0	0	0	0	0	0	18707
TP1_synth_reverse		99	G	0	0	0	624467	0	0	0	624467	0	0	0	18696	0	0	0	18696
