



























































































































































































































#AmpliconChromStart	Alias	Position	ProbableRef	rawA	rawC	rawD	rawG	rawI	rawN	rawT	rawDepth	consA	consC	consD	consG	consI	consN	consT	consDepth	
TP1_synth_reverse		1	G	0	0	0	626425	0	0	0	626425	0	0	0	5267	0	0	0	5267
TP1_synth_reverse		2	T	0	0	0	0	0	0	628944	628944	0	0	0	0	0	0	5282	5282
TP1_synth_reverse		3	G	0	0	0	630674	0	16	0	630690	0	0	0	5289	0	0	0	5289
TP1_synth_reverse		4	G	0	0	0	631302	0	22	0	631324	0	0	0	5293	0	0	0	5293
TP1_synth_reverse		5	T	0	0	0	0	0	63	631908	631971	0	0	0	0	0	0	5296	5296
TP1_synth_reverse		6	G	145	51	0	632029	0	93	219	632537	1	0	0	5296	0	0	1	5298
TP1_synth_reverse		7	A	632785	13	0	70	0	54	77	632999	5301	0	0	0	0	0	0	5301
TP1_synth_reverse		8	G	82	45	0	632666	0	281	62	633136	0	0	0	5302	0	0	0	5302
TP1_synth_reverse		9	G	109	74	0	632866	0	37	106	633192	0	0	0	5302	0	0	0	5302
TP1_synth_reverse		10	C	184	632697	31	28	0	11	241	633192	0	5301	1	0	0	0	0	5302
TP1_synth_reverse		11	T	210	95	49	16	288	28	632506	633192	0	0	1	0	2	0	5299	5302
TP1_synth_reverse		12	C	176	631860	933	12	0	64	243	633288	0	5296	7	0	0	0	0	5303
TP1_synth_reverse		13	C	277	632564	3	13	0	238	193	633288	0	5302	0	0	0	0	1	5303
TP1_synth_reverse		14	C	237	632857	0	15	1	56	122	633288	0	5303	0	0	0	0	0	5303
TP1_synth_reverse		15	C	160	632164	0	18	801	9	136	633288	0	5299	0	0	4	0	0	5303
TP1_synth_reverse		16	T	434	73	1256	21	0	17	631496	633297	0	0	8	0	0	0	5295	5303
TP1_synth_reverse		17	T	411	85	1	12	1	5	632829	633344	0	0	0	0	0	0	5303	5303
TP1_synth_reverse		18	T	323	81	2	21	57	16	632918	633418	0	0	0	0	1	0	5303	5304
TP1_synth_reverse		19	C	358	657304	414	23	235	77	251	658662	0	5300	3	0	2	0	3	5308
TP1_synth_reverse		20	T	474	53	120	48	1	96	657870	658662	0	0	2	0	0	0	5306	5308
TP1_synth_reverse		21	T	1700	130	257	66	178	31	656315	658677	0	0	1	0	2	0	5305	5308
TP1_synth_reverse		22	G	180	642	577	656168	754	18	359	658698	1	0	3	5299	5	0	0	5308
TP1_synth_reverse		23	C	548	656608	425	322	267	50	478	658698	0	5299	4	1	2	0	2	5308
TP1_synth_reverse		24	G	183	157	1099	656809	1	25	424	658698	0	0	9	5299	0	0	0	5308
TP1_synth_reverse		25	G	154	399	36	657843	21	55	190	658698	0	0	1	5307	0	0	0	5308
TP1_synth_reverse		26	A	658435	11	9	94	2	11	169	658731	5308	0	0	0	0	0	1	5309
TP1_synth_reverse		27	G	75	217	47	657095	234	97	966	658731	0	0	0	5304	2	0	3	5309
TP1_synth_reverse		28	A	657595	91	628	52	292	29	84	658771	5304	0	3	0	3	0	0	5310
TP1_synth_reverse		29	T	517	74	296	707	0	112	657065	658771	0	0	2	0	0	0	5308	5310
TP1_synth_reverse		30	T	2612	99	387	75	3	44	655551	658771	0	0	2	0	0	0	5308	5310
TP1_synth_reverse		31	C	675	656994	576	41	0	64	422	658772	0	5305	3	0	0	0	2	5310
TP1_synth_reverse		32	T	904	74	279	110	1	13	657373	658754	0	0	3	0	0	0	5307	5310
TP1_synth_reverse		33	C	738	657016	363	212	93	35	286	658743	0	5301	4	1	2	0	2	5310
TP1_synth_reverse		34	T	2415	85	193	1684	1	75	654284	658737	0	0	1	0	0	0	5309	5310
TP1_synth_reverse		35	T	3175	137	7	306	1	40	655051	658717	0	2	0	0	0	0	5308	5310
TP1_synth_reverse		36	C	434	657479	361	62	0	94	284	658714	0	5306	3	0	0	0	1	5310
TP1_synth_reverse		37	C	422	657398	5	434	0	39	380	658678	0	5308	0	0	0	0	2	5310
TP1_synth_reverse		38	T	1751	35	223	77	2	17	656548	658653	0	0	1	0	0	0	5309	5310
TP1_synth_reverse		39	C	303	657611	482	124	1	32	90	658643	0	5305	5	0	0	0	0	5310
TP1_synth_reverse		40	T	1473	54	249	109	73	172	656500	658630	0	0	2	0	1	0	5307	5310
TP1_synth_reverse		41	G	144	1286	200	653373	2	39	3570	658614	0	0	1	5309	0	0	0	5310
TP1_synth_reverse		42	T	2986	80	677	139	36	47	654646	658611	0	0	3	0	0	0	5307	5310
TP1_synth_reverse		43	G	92	257	194	654301	0	86	3693	658623	0	0	1	5309	0	0	0	5310
TP1_synth_reverse		44	C	575	656719	280	43	24	13	985	658639	0	5306	1	0	0	0	3	5310
TP1_synth_reverse		45	G	166	165	441	654163	88	27	3581	658631	0	0	4	5303	1	0	2	5310
TP1_synth_reverse		46	C	1010	656099	1116	120	0	31	292	658668	0	5303	7	0	0	0	1	5311
TP1_synth_reverse		47	C	277	657756	0	158	211	10	254	658666	0	5307	0	1	2	0	1	5311
TP1_synth_reverse		48	G	233	1295	563	652427	178	23	3925	658644	1	0	4	5305	1	0	0	5311
TP1_synth_reverse		49	A	657536	50	129	45	1	12	143	657916	5410	0	1	0	0	0	0	5411
TP1_synth_reverse		50	T	2875	82	153	23	2	48	654986	658169	0	0	1	0	0	0	5411	5412
TP1_synth_reverse		51	A	657459	39	487	63	1	74	121	658244	5408	0	5	0	0	0	0	5413
TP1_synth_reverse		52	C	550	656103	999	48	1	65	463	658229	0	5404	5	0	0	0	4	5413
TP1_synth_reverse		53	A	657514	30	116	182	271	46	98	658257	5410	0	1	0	2	0	0	5413
TP1_synth_reverse		54	G	394	370	441	655409	326	67	1240	658247	0	0	2	5409	2	0	0	5413
TP1_synth_reverse		55	A	657764	130	447	78	0	81	91	658591	5412	0	2	0	0	0	0	5414
TP1_synth_reverse		56	A	658219	9	0	57	110	55	140	658590	5413	0	0	0	1	0	0	5414
TP1_synth_reverse		57	T	3266	36	232	158	676	13	654183	658564	1	0	1	0	2	0	5410	5414
TP1_synth_reverse		58	A	657663	18	624	136	2	68	130	658641	5414	0	1	0	0	0	0	5415
TP1_synth_reverse		59	T	1521	36	309	191	44	56	656446	658603	0	0	0	0	1	0	5414	5415
TP1_synth_reverse		60	C	2213	655854	53	93	94	122	149	658578	0	5414	0	0	0	0	1	5415
TP1_synth_reverse		61	T	993	138	170	790	0	102	656456	658649	0	1	1	0	0	0	5414	5416
TP1_synth_reverse		62	G	506	255	59	656186	5	90	1570	658671	0	0	0	5413	0	0	4	5417
TP1_synth_reverse		63	T	5356	76	326	51	0	29	652918	658756	0	0	2	0	0	0	5416	5418
TP1_synth_reverse		64	T	2200	91	2	183	211	60	656028	658775	0	1	0	0	1	0	5417	5419
TP1_synth_reverse		65	C	628	657109	524	23	144	51	318	658797	0	5413	4	0	1	0	1	5419
TP1_synth_reverse		66	G	1212	269	133	656289	6	49	832	658790	1	0	1	5417	0	0	0	5419
TP1_synth_reverse		67	C	920	657284	461	19	36	104	106	658930	0	5420	0	0	0	0	0	5420
TP1_synth_reverse		68	A	658135	483	7	182	0	95	56	658958	5421	0	0	0	0	0	0	5421
TP1_synth_reverse		69	C	100	657607	331	29	2	36	845	658950	0	5415	2	0	0	0	4	5421
TP1_synth_reverse		70	T	910	85	112	694	5	90	657038	658934	0	0	0	0	0	0	5421	5421
TP1_synth_reverse		71	C	282	657741	691	52	0	67	97	658930	0	5419	2	0	0	0	0	5421
TP1_synth_reverse		72	C	757	657901	3	40	1	99	120	658921	0	5421	0	0	0	0	0	5421
TP1_synth_reverse		73	G	794	291	345	656927	335	72	137	658901	0	0	3	5418	0	0	0	5421
TP1_synth_reverse		74	A	658259	184	148	74	126	80	29	658900	5419	0	1	0	1	0	0	5421
TP1_synth_reverse		75	G	429	168	940	657068	0	38	229	658872	0	0	4	5416	0	0	1	5421
TP1_synth_reverse		76	T	6166	73	431	77	47	116	651941	658851	0	0	1	0	0	0	5420	5421
TP1_synth_reverse		77	G	420	329	343	656690	1	57	992	658832	0	0	1	5420	0	0	0	5421
TP1_synth_reverse		78	C	302	656064	301	77	326	190	1559	658819	1	5406	5	0	3	0	6	5421
TP1_synth_reverse		79	G	519	1405	75	655304	1	74	1342	658720	3	2	0	5416	0	0	0	5421
TP1_synth_reverse		80	G	202	185	0	657172	111	135	836	658641	2	0	0	5418	1	0	0	5421
TP1_synth_reverse		81	C	164	656387	504	48	1126	213	157	658599	0	5419	1	0	1	0	0	5421
TP1_synth_reverse		82	A	630811	16	2025	85	2	78	206	633223	5313	0	3	0	0	0	0	5316
TP1_synth_reverse		83	A	632958	19	17	53	0	53	113	633213	5316	0	0	0	0	0	0	5316
TP1_synth_reverse		84	A	632833	26	41	91	1	58	109	633159	5316	0	0	0	0	0	0	5316
TP1_synth_reverse		85	G	232	181	43	631483	77	13	967	632996	0	0	0	5316	0	0	0	5316
TP1_synth_reverse		86	C	423	632357	0	28	9	25	109	632951	1	5315	0	0	0	0	0	5316
TP1_synth_reverse		87	T	1791	53	15	72	222	104	630616	632873	0	0	0	0	0	0	5316	5316
TP1_synth_reverse		88	G	240	253	14	632117	86	34	94	632838	0	0	0	5316	0	0	0	5316
TP1_synth_reverse		89	T	836	72	205	21	0	78	631528	632740	0	0	0	0	0	0	5316	5316
TP1_synth_reverse		90	T	970	84	0	28	1	127	631220	632430	0	0	0	0	0	0	5316	5316
TP1_synth_reverse		91	C	372	631793	0	44	0	22	157	632388	0	5315	0	0	0	0	1	5316
TP1_synth_reverse		92	C	293	631284	0	25	0	91	158	631851	0	5316	0	0	0	0	0	5316
TP1_synth_reverse		93	G	470	155	0	630401	0	17	58	631101	1	0	0	5315	0	0	0	5316
TP1_synth_reverse		94	T	930	84	0	38	0	63	628563	629678	0	0	0	0	0	0	5316	5316
TP1_synth_reverse		95	C	0	629264	0	0	0	71	0	629335	0	5316	0	0	0	0	0	5316
TP1_synth_reverse		96	C	0	628885	0	0	0	9	0	628894	0	5316	0	0	0	0	0	5316
TP1_synth_reverse		97	C	0	627856	0	0	0	8	0	627864	0	5316	0	0	0	0	0	5316
TP1_synth_reverse		98	A	625591	0	0	0	0	0	0	625591	5316	0	0	0	0	0	0	5316
TP1_synth_reverse		99	G	0	0	0	624464	0	0	0	624464	0	0	0	5316	0	0	0	5316
