



























































































































































































































#AmpliconChromStart	Alias	Position	ProbableRef	rawA	rawC	rawD	rawG	rawI	rawN	rawT	rawDepth	consA	consC	consD	consG	consI	consN	consT	consDepth	
TP1_synth_reverse		1	G	0	0	0	626425	0	0	0	626425	0	0	0	8193	0	0	0	8193
TP1_synth_reverse		2	T	0	0	0	0	0	0	628944	628944	0	0	0	0	0	0	8211	8211
TP1_synth_reverse		3	G	0	0	0	630674	0	16	0	630690	0	0	0	8223	0	0	0	8223
TP1_synth_reverse		4	G	0	0	0	631302	0	22	0	631324	0	0	0	8228	0	0	0	8228
TP1_synth_reverse		5	T	0	0	0	0	0	63	631908	631971	0	0	0	0	0	0	8233	8233
TP1_synth_reverse		6	G	145	51	0	632029	0	93	219	632537	1	0	0	8234	0	0	1	8236
TP1_synth_reverse		7	A	632785	13	0	70	0	54	77	632999	8239	0	0	0	0	0	0	8239
TP1_synth_reverse		8	G	82	45	0	632666	0	281	62	633136	0	0	0	8241	0	0	0	8241
TP1_synth_reverse		9	G	109	74	0	632866	0	37	106	633192	0	0	0	8242	0	0	0	8242
TP1_synth_reverse		10	C	184	632697	31	28	0	11	241	633192	0	8241	1	0	0	0	0	8242
TP1_synth_reverse		11	T	210	95	49	16	288	28	632506	633192	0	0	1	0	3	0	8238	8242
TP1_synth_reverse		12	C	176	631860	933	12	0	64	243	633288	0	8232	11	0	0	0	0	8243
TP1_synth_reverse		13	C	277	632564	3	13	0	238	193	633288	0	8242	0	0	0	0	1	8243
TP1_synth_reverse		14	C	237	632857	0	15	1	56	122	633288	0	8243	0	0	0	0	0	8243
TP1_synth_reverse		15	C	160	632164	0	18	801	9	136	633288	0	8239	0	0	4	0	0	8243
TP1_synth_reverse		16	T	434	73	1256	21	0	17	631487	633288	0	0	10	0	0	0	8233	8243
TP1_synth_reverse		17	T	411	85	1	12	1	5	632820	633335	0	0	0	0	0	0	8244	8244
TP1_synth_reverse		18	T	323	81	2	21	57	16	632909	633409	0	0	0	0	1	0	8244	8245
TP1_synth_reverse		19	C	358	657295	414	23	235	77	251	658653	0	8264	6	0	6	0	3	8279
TP1_synth_reverse		20	T	474	53	120	48	1	96	657861	658653	0	0	2	0	0	0	8277	8279
TP1_synth_reverse		21	T	1700	130	257	66	178	31	656306	658668	0	0	2	0	3	0	8274	8279
TP1_synth_reverse		22	G	180	642	577	656159	754	18	359	658689	1	0	4	8269	6	0	0	8280
TP1_synth_reverse		23	C	548	656599	425	322	267	50	478	658689	0	8267	5	2	3	0	3	8280
TP1_synth_reverse		24	G	183	157	1099	656801	1	25	423	658689	0	2	14	8264	0	0	0	8280
TP1_synth_reverse		25	G	154	399	36	657834	21	55	190	658689	0	0	1	8279	0	0	0	8280
TP1_synth_reverse		26	A	658426	11	9	94	2	11	169	658722	8280	0	0	0	0	0	1	8281
TP1_synth_reverse		27	G	75	217	47	657087	234	97	965	658722	0	0	1	8275	2	0	3	8281
TP1_synth_reverse		28	A	657586	91	628	52	292	29	84	658762	8276	0	3	0	3	0	0	8282
TP1_synth_reverse		29	T	517	74	295	707	0	112	657057	658762	0	0	2	0	0	0	8280	8282
TP1_synth_reverse		30	T	2611	99	387	75	3	44	655543	658762	0	0	2	0	0	0	8280	8282
TP1_synth_reverse		31	C	675	656985	576	41	0	64	422	658763	0	8276	5	0	0	0	2	8283
TP1_synth_reverse		32	T	904	74	279	110	1	13	657364	658745	0	0	3	0	0	0	8280	8283
TP1_synth_reverse		33	C	738	657007	363	212	93	35	286	658734	0	8273	5	1	2	0	2	8283
TP1_synth_reverse		34	T	2415	85	193	1684	1	75	654275	658728	0	0	4	0	0	0	8279	8283
TP1_synth_reverse		35	T	3175	137	7	306	1	40	655042	658708	0	2	0	0	0	0	8281	8283
TP1_synth_reverse		36	C	434	657470	361	62	0	94	284	658705	0	8278	3	0	0	0	2	8283
TP1_synth_reverse		37	C	421	657392	5	432	0	39	380	658669	0	8279	0	0	0	0	4	8283
TP1_synth_reverse		38	T	1751	35	223	77	2	17	656539	658644	0	0	1	0	0	0	8282	8283
TP1_synth_reverse		39	C	303	657602	482	124	1	32	90	658634	0	8275	8	0	0	0	0	8283
TP1_synth_reverse		40	T	1473	54	249	109	73	172	656491	658621	0	0	3	0	1	0	8279	8283
TP1_synth_reverse		41	G	144	1286	200	653368	2	39	3566	658605	0	0	2	8281	0	0	0	8283
TP1_synth_reverse		42	T	2986	80	677	139	36	47	654637	658602	0	0	3	0	0	0	8280	8283
TP1_synth_reverse		43	G	92	257	194	654293	0	86	3692	658614	0	0	3	8280	0	0	0	8283
TP1_synth_reverse		44	C	575	656710	280	43	24	13	985	658630	0	8277	3	0	0	0	3	8283
TP1_synth_reverse		45	G	166	165	441	654158	88	27	3577	658622	0	0	5	8274	2	0	2	8283
TP1_synth_reverse		46	C	1010	656090	1116	120	0	31	292	658659	0	8271	10	0	0	0	3	8284
TP1_synth_reverse		47	C	277	657747	0	158	211	10	254	658657	0	8280	0	1	2	0	1	8284
TP1_synth_reverse		48	G	233	1295	562	652420	178	23	3924	658635	1	0	5	8277	1	0	0	8284
TP1_synth_reverse		49	A	657527	50	129	45	1	12	143	657907	8416	0	2	0	0	0	0	8418
TP1_synth_reverse		50	T	2875	82	153	23	2	48	654977	658160	0	0	1	0	0	0	8419	8420
TP1_synth_reverse		51	A	657450	39	487	63	1	74	121	658235	8416	0	5	0	0	0	0	8421
TP1_synth_reverse		52	C	550	656094	999	48	1	65	463	658220	0	8411	6	0	0	0	4	8421
TP1_synth_reverse		53	A	657505	30	116	182	271	46	98	658248	8419	0	1	0	2	0	0	8422
TP1_synth_reverse		54	G	394	370	441	655402	326	67	1238	658238	0	0	2	8417	3	0	0	8422
TP1_synth_reverse		55	A	657755	130	447	78	0	81	91	658582	8420	0	3	0	0	0	0	8423
TP1_synth_reverse		56	A	658210	9	0	57	110	55	140	658581	8422	0	0	0	1	0	0	8423
TP1_synth_reverse		57	T	3266	36	232	158	676	13	654174	658555	1	0	2	0	2	0	8418	8423
TP1_synth_reverse		58	A	657654	18	624	136	2	68	130	658632	8421	0	3	0	0	0	0	8424
TP1_synth_reverse		59	T	1521	36	309	191	44	56	656437	658594	0	0	0	0	1	0	8423	8424
TP1_synth_reverse		60	C	2213	655868	53	93	94	122	149	658592	0	8422	2	0	0	0	1	8425
TP1_synth_reverse		61	T	993	138	170	790	0	102	656470	658663	0	1	2	0	0	0	8423	8426
TP1_synth_reverse		62	G	506	255	59	656201	5	90	1570	658686	1	0	1	8421	0	0	4	8427
TP1_synth_reverse		63	T	5356	76	326	51	0	29	652933	658771	0	0	3	0	0	0	8425	8428
TP1_synth_reverse		64	T	2200	91	2	183	211	60	656043	658790	0	1	0	0	1	0	8427	8429
TP1_synth_reverse		65	C	629	657123	524	23	144	51	318	658812	0	8424	4	0	1	0	1	8430
TP1_synth_reverse		66	G	1212	270	133	656304	6	49	831	658805	1	0	1	8428	0	0	0	8430
TP1_synth_reverse		67	C	920	657299	461	19	36	104	106	658945	0	8431	0	0	0	0	0	8431
TP1_synth_reverse		68	A	658150	483	7	182	0	95	56	658973	8432	0	0	0	0	0	0	8432
TP1_synth_reverse		69	C	100	657622	331	29	2	36	845	658965	0	8424	2	0	0	0	6	8432
TP1_synth_reverse		70	T	910	85	112	694	5	90	657053	658949	0	0	0	0	0	0	8432	8432
TP1_synth_reverse		71	C	282	657756	691	52	0	67	97	658945	0	8430	2	0	0	0	0	8432
TP1_synth_reverse		72	C	757	657916	3	40	1	99	120	658936	0	8432	0	0	0	0	0	8432
TP1_synth_reverse		73	G	794	291	345	656942	335	72	137	658916	0	0	3	8428	1	0	0	8432
TP1_synth_reverse		74	A	658274	184	148	74	126	80	29	658915	8430	0	1	0	1	0	0	8432
TP1_synth_reverse		75	G	429	168	940	657083	0	38	229	658887	0	0	6	8425	0	0	1	8432
TP1_synth_reverse		76	T	6166	73	431	77	47	116	651956	658866	0	0	1	0	0	0	8431	8432
TP1_synth_reverse		77	G	420	329	343	656705	1	57	992	658847	1	0	1	8430	0	0	0	8432
TP1_synth_reverse		78	C	302	656079	301	77	326	190	1559	658834	2	8414	6	0	3	0	7	8432
TP1_synth_reverse		79	G	519	1405	75	655320	1	74	1341	658735	3	2	0	8427	0	0	0	8432
TP1_synth_reverse		80	G	202	185	0	657187	111	135	836	658656	1	0	0	8430	1	0	0	8432
TP1_synth_reverse		81	C	164	656402	504	48	1126	213	157	658614	0	8428	3	0	1	0	0	8432
TP1_synth_reverse		82	A	630825	16	2025	85	2	78	207	633238	8258	0	4	0	0	0	0	8262
TP1_synth_reverse		83	A	632973	19	17	53	0	53	113	633228	8262	0	0	0	0	0	0	8262
TP1_synth_reverse		84	A	632848	26	41	91	1	58	109	633174	8262	0	0	0	0	0	0	8262
TP1_synth_reverse		85	G	232	181	43	631499	77	13	966	633011	0	0	0	8262	0	0	0	8262
TP1_synth_reverse		86	C	423	632372	0	28	9	25	109	632966	1	8261	0	0	0	0	0	8262
TP1_synth_reverse		87	T	1791	53	15	72	223	104	630630	632888	0	0	0	0	1	0	8261	8262
TP1_synth_reverse		88	G	240	253	14	632132	86	34	94	632853	0	0	0	8262	0	0	0	8262
TP1_synth_reverse		89	T	836	72	205	21	0	78	631543	632755	0	0	1	0	0	0	8261	8262
TP1_synth_reverse		90	T	970	84	0	28	1	127	631235	632445	0	0	0	0	0	0	8262	8262
TP1_synth_reverse		91	C	372	631808	0	44	0	22	157	632403	0	8260	0	0	0	0	2	8262
TP1_synth_reverse		92	C	293	631299	0	25	0	91	158	631866	0	8262	0	0	0	0	0	8262
TP1_synth_reverse		93	G	470	155	0	630416	0	17	58	631116	1	0	0	8261	0	0	0	8262
TP1_synth_reverse		94	T	930	84	0	38	0	63	628578	629693	0	0	0	0	0	0	8259	8259
TP1_synth_reverse		95	C	0	629279	0	0	0	71	0	629350	0	8259	0	0	0	0	0	8259
TP1_synth_reverse		96	C	0	628900	0	0	0	9	0	628909	0	8259	0	0	0	0	0	8259
TP1_synth_reverse		97	C	0	627871	0	0	0	8	0	627879	0	8259	0	0	0	0	0	8259
TP1_synth_reverse		98	A	625606	0	0	0	0	0	0	625606	8259	0	0	0	0	0	0	8259
TP1_synth_reverse		99	G	0	0	0	624480	0	0	0	624480	0	0	0	8256	0	0	0	8256
