



























































































































































































































#AmpliconChromStart	Alias	Position	ProbableRef	rawA	rawC	rawD	rawG	rawI	rawN	rawT	rawDepth	consA	consC	consD	consG	consI	consN	consT	consDepth	
TP1_synth_reverse		1	G	0	0	0	626425	0	0	0	626425	0	0	0	11695	0	0	0	11695
TP1_synth_reverse		2	T	0	0	0	0	0	0	628944	628944	0	0	0	0	0	0	11719	11719
TP1_synth_reverse		3	G	0	0	0	630674	0	16	0	630690	0	0	0	11738	0	0	0	11738
TP1_synth_reverse		4	G	0	0	0	631302	0	22	0	631324	0	0	0	11744	0	0	0	11744
TP1_synth_reverse		5	T	0	0	0	0	0	63	631908	631971	0	0	0	0	0	0	11753	11753
TP1_synth_reverse		6	G	145	51	0	632029	0	93	219	632537	1	0	0	11756	0	0	1	11758
TP1_synth_reverse		7	A	632785	13	0	70	0	54	77	632999	11763	0	0	0	0	0	0	11763
TP1_synth_reverse		8	G	82	45	0	632666	0	281	62	633136	0	0	0	11767	0	0	0	11767
TP1_synth_reverse		9	G	109	74	0	632866	0	37	106	633192	2	0	0	11770	0	0	0	11772
TP1_synth_reverse		10	C	184	632697	31	28	0	11	241	633192	0	11771	1	0	0	0	0	11772
TP1_synth_reverse		11	T	210	95	49	16	288	28	632506	633192	0	0	1	0	5	0	11766	11772
TP1_synth_reverse		12	C	176	631860	933	12	0	64	243	633288	0	11760	12	0	0	0	1	11773
TP1_synth_reverse		13	C	277	632564	3	13	0	238	193	633288	0	11772	0	0	0	0	1	11773
TP1_synth_reverse		14	C	237	632857	0	15	1	56	122	633288	0	11773	0	0	0	0	0	11773
TP1_synth_reverse		15	C	160	632164	0	18	801	9	136	633288	0	11768	0	0	5	0	0	11773
TP1_synth_reverse		16	T	434	73	1256	21	0	17	631496	633297	0	0	15	0	0	0	11758	11773
TP1_synth_reverse		17	T	411	85	1	12	1	5	632829	633344	0	0	0	0	0	0	11774	11774
TP1_synth_reverse		18	T	323	81	2	21	57	16	632918	633418	0	0	0	0	1	0	11774	11775
TP1_synth_reverse		19	C	358	657304	414	23	235	77	251	658662	0	11810	9	0	11	0	6	11836
TP1_synth_reverse		20	T	474	53	120	48	1	96	657870	658662	0	0	2	0	0	0	11834	11836
TP1_synth_reverse		21	T	1700	130	257	66	178	31	656315	658677	0	0	2	0	5	0	11830	11837
TP1_synth_reverse		22	G	180	642	577	656168	754	18	359	658698	1	0	4	11824	8	0	1	11838
TP1_synth_reverse		23	C	548	656608	425	322	267	50	478	658698	0	11818	9	2	4	0	5	11838
TP1_synth_reverse		24	G	183	157	1099	656809	1	25	424	658698	0	5	17	11814	0	0	2	11838
TP1_synth_reverse		25	G	154	399	36	657843	21	55	190	658698	0	0	1	11837	0	0	0	11838
TP1_synth_reverse		26	A	658435	11	9	94	2	11	169	658731	11837	0	0	0	0	0	2	11839
TP1_synth_reverse		27	G	75	217	47	657095	234	97	966	658731	0	0	5	11829	2	0	3	11839
TP1_synth_reverse		28	A	657595	91	628	52	292	29	84	658771	11832	0	5	0	3	0	0	11840
TP1_synth_reverse		29	T	517	74	296	707	0	112	657065	658771	0	0	4	0	0	0	11836	11840
TP1_synth_reverse		30	T	2612	99	387	75	3	44	655551	658771	0	0	2	0	0	0	11838	11840
TP1_synth_reverse		31	C	675	656994	576	41	0	64	422	658772	0	11830	5	0	0	0	6	11841
TP1_synth_reverse		32	T	904	74	279	110	1	13	657373	658754	0	0	5	0	0	0	11836	11841
TP1_synth_reverse		33	C	738	657016	363	212	93	35	286	658743	0	11830	6	1	2	0	2	11841
TP1_synth_reverse		34	T	2415	85	193	1684	1	75	654284	658737	0	0	9	0	0	0	11832	11841
TP1_synth_reverse		35	T	3175	137	7	306	1	40	655051	658717	0	2	1	0	0	0	11838	11841
TP1_synth_reverse		36	C	434	657479	361	62	0	94	284	658714	0	11833	4	0	0	0	4	11841
TP1_synth_reverse		37	C	422	657398	5	434	0	39	380	658678	0	11837	0	0	0	0	4	11841
TP1_synth_reverse		38	T	1751	35	223	77	2	17	656548	658653	0	0	1	0	0	0	11840	11841
TP1_synth_reverse		39	C	303	657611	482	124	1	32	90	658643	0	11829	12	0	0	0	0	11841
TP1_synth_reverse		40	T	1473	54	249	109	73	172	656500	658630	0	0	6	0	2	0	11833	11841
TP1_synth_reverse		41	G	144	1286	200	653373	2	39	3570	658614	0	0	4	11837	0	0	0	11841
TP1_synth_reverse		42	T	2986	80	677	139	36	47	654646	658611	0	0	5	0	1	0	11835	11841
TP1_synth_reverse		43	G	92	257	194	654280	0	86	3693	658602	0	0	3	11838	0	0	0	11841
TP1_synth_reverse		44	C	575	656698	280	43	24	13	985	658618	0	11830	5	0	3	0	4	11842
TP1_synth_reverse		45	G	166	165	441	654142	88	27	3581	658610	0	0	6	11832	2	0	2	11842
TP1_synth_reverse		46	C	1010	656078	1116	120	0	31	292	658647	1	11829	10	0	0	0	3	11843
TP1_synth_reverse		47	C	277	657735	0	158	211	10	254	658645	0	11839	0	1	2	0	1	11843
TP1_synth_reverse		48	G	233	1281	563	652421	178	23	3924	658623	1	0	7	11833	2	0	0	11843
TP1_synth_reverse		49	A	657515	50	129	45	1	12	143	657895	12014	0	3	0	0	0	0	12017
TP1_synth_reverse		50	T	2875	82	153	23	2	48	654965	658148	0	0	1	0	0	0	12018	12019
TP1_synth_reverse		51	A	657438	39	487	63	1	74	121	658223	12010	0	10	0	0	0	0	12020
TP1_synth_reverse		52	C	550	656082	999	48	1	65	463	658208	0	12006	9	0	0	0	5	12020
TP1_synth_reverse		53	A	657493	30	116	182	271	46	98	658236	12015	0	2	0	4	0	0	12021
TP1_synth_reverse		54	G	394	369	441	655389	326	67	1240	658226	0	0	2	12016	3	0	0	12021
TP1_synth_reverse		55	A	657743	130	447	78	0	81	91	658570	12015	0	7	0	0	0	0	12022
TP1_synth_reverse		56	A	658198	9	0	57	110	55	140	658569	12021	0	0	0	1	0	0	12022
TP1_synth_reverse		57	T	3265	36	232	158	675	13	654164	658543	1	0	2	0	3	0	12016	12022
TP1_synth_reverse		58	A	657642	18	624	136	2	68	130	658620	12019	0	4	0	0	0	0	12023
TP1_synth_reverse		59	T	1521	36	309	191	44	56	656425	658582	0	0	0	0	1	0	12022	12023
TP1_synth_reverse		60	C	2212	655857	53	93	94	122	149	658580	0	12018	4	0	1	0	1	12024
TP1_synth_reverse		61	T	992	138	170	789	0	102	656460	658651	0	1	4	0	0	0	12020	12025
TP1_synth_reverse		62	G	505	254	59	656191	5	90	1569	658673	0	0	2	12020	0	0	4	12026
TP1_synth_reverse		63	T	5346	76	326	51	0	29	652930	658758	0	1	4	0	0	0	12022	12027
TP1_synth_reverse		64	T	2200	91	2	183	211	60	656030	658777	0	1	0	0	1	0	12026	12028
TP1_synth_reverse		65	C	629	657110	524	23	144	51	318	658799	0	12021	5	0	2	0	1	12029
TP1_synth_reverse		66	G	1211	270	133	656293	6	49	830	658792	2	0	2	12023	1	0	1	12029
TP1_synth_reverse		67	C	917	657289	461	19	36	104	106	658932	0	12028	2	0	0	0	0	12030
TP1_synth_reverse		68	A	658138	482	7	182	0	95	56	658960	12031	0	0	0	0	0	0	12031
TP1_synth_reverse		69	C	100	657609	331	29	2	36	845	658952	1	12015	3	0	0	0	12	12031
TP1_synth_reverse		70	T	909	85	112	693	5	90	657042	658936	0	0	2	0	0	0	12029	12031
TP1_synth_reverse		71	C	282	657743	691	52	0	67	97	658932	0	12027	3	0	0	0	1	12031
TP1_synth_reverse		72	C	755	657905	3	40	1	99	120	658923	0	12031	0	0	0	0	0	12031
TP1_synth_reverse		73	G	793	291	345	656930	335	72	137	658903	1	0	3	12025	2	0	0	12031
TP1_synth_reverse		74	A	658261	184	148	74	126	80	29	658902	12029	0	1	0	1	0	0	12031
TP1_synth_reverse		75	G	428	168	940	657071	0	38	229	658874	0	0	7	12021	0	0	3	12031
TP1_synth_reverse		76	T	6151	73	431	77	47	116	651958	658853	0	0	2	0	0	0	12029	12031
TP1_synth_reverse		77	G	419	328	343	656695	1	57	991	658834	2	0	1	12028	0	0	0	12031
TP1_synth_reverse		78	C	302	656066	301	77	326	190	1559	658821	1	12008	9	0	4	0	9	12031
TP1_synth_reverse		79	G	519	1395	75	655317	1	74	1341	658722	4	2	4	12021	0	0	0	12031
TP1_synth_reverse		80	G	202	184	0	657175	111	135	836	658643	2	0	0	12025	1	0	2	12030
TP1_synth_reverse		81	C	164	656389	504	48	1126	213	157	658601	0	12020	6	0	4	0	0	12030
TP1_synth_reverse		82	A	630812	16	2025	85	2	78	207	633225	11784	0	10	0	0	0	0	11794
TP1_synth_reverse		83	A	632960	19	17	53	0	53	113	633215	11793	0	1	0	0	0	0	11794
TP1_synth_reverse		84	A	632835	26	41	91	1	58	109	633161	11794	0	0	0	0	0	0	11794
TP1_synth_reverse		85	G	232	181	43	631486	77	13	967	632999	0	0	0	11792	1	0	1	11794
TP1_synth_reverse		86	C	423	632360	0	28	9	25	109	632954	2	11791	0	0	1	0	0	11794
TP1_synth_reverse		87	T	1792	53	15	72	223	104	630617	632876	0	0	1	0	1	0	11792	11794
TP1_synth_reverse		88	G	240	253	14	632120	86	34	94	632841	0	0	1	11793	0	0	0	11794
TP1_synth_reverse		89	T	836	72	205	21	0	78	631531	632743	0	0	1	0	0	0	11793	11794
TP1_synth_reverse		90	T	970	84	0	28	1	127	631223	632433	0	0	0	0	0	0	11794	11794
TP1_synth_reverse		91	C	372	631796	0	44	0	22	157	632391	2	11789	0	0	0	0	3	11794
TP1_synth_reverse		92	C	293	631287	0	25	0	91	158	631854	0	11787	0	0	0	0	0	11787
TP1_synth_reverse		93	G	470	155	0	630404	0	17	58	631104	2	0	0	11785	0	0	0	11787
TP1_synth_reverse		94	T	930	84	0	38	0	63	628566	629681	0	0	0	0	0	0	11780	11780
TP1_synth_reverse		95	C	0	629267	0	0	0	71	0	629338	0	11780	0	0	0	0	0	11780
TP1_synth_reverse		96	C	0	628888	0	0	0	9	0	628897	0	11780	0	0	0	0	0	11780
TP1_synth_reverse		97	C	0	627859	0	0	0	8	0	627867	0	11780	0	0	0	0	0	11780
TP1_synth_reverse		98	A	625594	0	0	0	0	0	0	625594	11779	0	0	0	0	0	0	11779
TP1_synth_reverse		99	G	0	0	0	624467	0	0	0	624467	0	0	0	11773	0	0	0	11773
