



























































































































































































































#AmpliconChromStart	Alias	Position	ProbableRef	rawA	rawC	rawD	rawG	rawI	rawN	rawT	rawDepth	consA	consC	consD	consG	consI	consN	consT	consDepth	
TP1_synth_reverse		1	G	0	0	0	657661	0	0	0	657661	0	0	0	17925	0	0	0	17925
TP1_synth_reverse		2	T	0	0	0	0	0	0	659124	659124	0	0	0	0	0	0	17944	17944
TP1_synth_reverse		3	G	0	0	0	661135	0	65	0	661200	0	0	0	17985	0	0	0	17985
TP1_synth_reverse		4	G	0	0	0	661922	0	36	0	661958	0	0	0	17995	0	0	0	17995
TP1_synth_reverse		5	T	0	0	0	0	0	19	662341	662360	0	0	0	0	0	0	17999	17999
TP1_synth_reverse		6	G	77	77	0	662641	0	10	190	662995	0	0	0	18005	0	0	5	18010
TP1_synth_reverse		7	A	662813	18	0	74	0	51	102	663058	18012	0	0	0	0	0	0	18012
TP1_synth_reverse		8	G	83	73	0	663702	0	77	247	664182	0	0	0	18035	0	0	2	18037
TP1_synth_reverse		9	G	75	140	0	663914	2	24	123	664278	0	0	0	18040	0	0	0	18040
TP1_synth_reverse		10	C	225	663941	4	21	0	16	129	664336	0	18041	0	0	0	0	1	18042
TP1_synth_reverse		11	T	170	100	133	12	247	22	663663	664347	0	1	1	0	9	0	18031	18042
TP1_synth_reverse		12	C	288	662486	1355	16	0	56	156	664357	0	18021	21	0	0	0	0	18042
TP1_synth_reverse		13	C	407	663777	2	23	0	60	103	664372	0	18043	0	0	0	0	0	18043
TP1_synth_reverse		14	C	408	663668	0	21	0	50	225	664372	0	18042	0	0	0	0	1	18043
TP1_synth_reverse		15	C	288	663478	68	22	216	56	244	664372	0	18031	2	0	9	0	1	18043
TP1_synth_reverse		16	T	335	74	1185	8	0	139	662645	664386	0	0	25	0	0	0	18018	18043
TP1_synth_reverse		17	T	352	193	175	10	1	51	663604	664386	0	3	2	0	0	0	18038	18043
TP1_synth_reverse		18	T	340	239	146	2	1	40	663618	664386	0	6	2	0	0	0	18035	18043
TP1_synth_reverse		19	C	328	663578	410	11	74	54	88	664543	0	18031	8	0	4	0	1	18044
TP1_synth_reverse		20	T	228	73	581	16	0	24	663621	664543	0	0	15	0	0	0	18029	18044
TP1_synth_reverse		21	T	473	284	489	28	1337	75	661865	664551	0	3	7	0	36	0	17999	18045
TP1_synth_reverse		22	G	125	379	892	662640	282	19	222	664559	1	0	16	18020	9	0	0	18046
TP1_synth_reverse		23	C	551	659720	928	115	2073	27	1145	664559	0	17966	18	2	49	0	11	18046
TP1_synth_reverse		24	G	267	177	1355	662132	4	31	593	664559	3	1	22	18019	0	0	1	18046
TP1_synth_reverse		25	G	94	603	897	662438	65	87	375	664559	0	0	14	18027	3	0	2	18046
TP1_synth_reverse		26	A	662404	18	1402	136	460	38	118	664576	18013	0	23	0	11	0	0	18047
TP1_synth_reverse		27	G	73	870	1142	662083	109	23	276	664576	0	0	22	18018	2	0	5	18047
TP1_synth_reverse		28	A	663215	28	837	127	154	26	210	664597	18020	0	20	2	4	0	2	18048
TP1_synth_reverse		29	T	491	109	865	81	0	113	662938	664597	1	2	22	0	0	0	18023	18048
TP1_synth_reverse		30	T	978	301	600	41	12	76	662635	664643	0	2	12	0	1	0	18035	18050
TP1_synth_reverse		31	C	657	662568	870	27	0	50	444	664616	1	18024	19	1	0	0	4	18049
TP1_synth_reverse		32	T	530	120	1209	58	80	267	662283	664547	0	1	13	2	2	0	18031	18049
TP1_synth_reverse		33	C	413	662698	1027	26	95	99	183	664541	1	18030	16	0	1	0	1	18049
TP1_synth_reverse		34	T	679	119	1351	55	3	61	662246	664514	0	2	23	1	0	0	18023	18049
TP1_synth_reverse		35	T	1527	196	1319	36	407	62	660949	664496	1	1	19	0	9	0	18019	18049
TP1_synth_reverse		36	C	485	662393	1441	25	1	45	110	664500	0	18018	30	0	0	0	2	18050
TP1_synth_reverse		37	C	564	662326	1003	37	118	56	389	664493	0	18015	23	0	3	0	9	18050
TP1_synth_reverse		38	T	624	196	1798	180	1	22	661664	664485	0	5	36	0	0	0	18010	18051
TP1_synth_reverse		39	C	353	662251	1590	41	38	55	84	664412	0	18014	35	0	2	0	0	18051
TP1_synth_reverse		40	T	1208	95	1865	20	848	109	660260	664405	1	2	42	0	21	0	17985	18051
TP1_synth_reverse		41	G	526	561	1659	661334	31	14	271	664396	4	0	40	18005	1	0	1	18051
TP1_synth_reverse		42	T	1886	108	1115	30	807	46	660342	664334	0	1	31	0	17	0	18001	18050
TP1_synth_reverse		43	G	390	441	1467	660829	257	312	640	664336	1	0	38	18005	3	0	4	18051
TP1_synth_reverse		44	C	464	660404	1140	61	911	122	1245	664347	2	17969	41	1	19	0	20	18052
TP1_synth_reverse		45	G	251	366	755	661169	298	41	1327	664207	3	1	29	18011	6	0	2	18052
TP1_synth_reverse		46	C	713	661808	1034	38	1	13	597	664204	1	18011	28	0	0	0	12	18052
TP1_synth_reverse		47	C	345	662472	769	38	143	20	392	664179	0	18010	26	0	9	0	6	18051
TP1_synth_reverse		48	G	384	552	1198	661011	1	28	987	664161	4	0	34	18011	0	0	2	18051
TP1_synth_reverse		49	A	662569	37	1300	65	2	153	144	664270	18016	0	39	0	0	0	1	18056
TP1_synth_reverse		50	T	924	89	1373	181	106	94	661495	664262	0	0	36	2	2	0	18016	18056
TP1_synth_reverse		51	A	663202	43	964	74	0	86	93	664462	18024	0	35	0	0	0	0	18059
TP1_synth_reverse		52	C	529	662274	912	93	184	218	187	664397	0	18017	32	0	4	0	6	18059
TP1_synth_reverse		53	A	662703	24	1023	131	282	234	110	664507	18017	0	36	0	9	0	0	18062
TP1_synth_reverse		54	G	172	256	705	662990	3	77	329	664532	3	0	23	18035	0	0	3	18064
TP1_synth_reverse		55	A	662760	75	1496	82	0	83	66	664562	18025	0	40	0	0	0	0	18065
TP1_synth_reverse		56	A	663281	8	921	139	0	76	120	664545	18034	0	29	2	0	0	0	18065
TP1_synth_reverse		57	T	1622	46	1120	200	0	163	661512	664663	0	0	35	0	0	0	18032	18067
TP1_synth_reverse		58	A	662931	12	1325	72	0	227	107	664674	18036	0	32	0	0	0	0	18068
TP1_synth_reverse		59	T	900	102	2030	98	5	304	661019	664458	0	1	49	1	0	0	18015	18066
TP1_synth_reverse		60	C	699	661478	1823	53	10	200	183	664446	0	18022	41	0	0	0	3	18066
TP1_synth_reverse		61	T	1144	218	1881	38	546	171	660425	664423	0	6	39	0	9	0	18010	18064
TP1_synth_reverse		62	G	694	257	2529	660184	2	240	382	664288	11	0	47	18005	0	0	1	18064
TP1_synth_reverse		63	T	1872	61	1512	13	0	142	660675	664275	0	0	37	0	0	0	18027	18064
TP1_synth_reverse		64	T	1725	50	1326	161	1	44	660968	664275	0	0	24	2	0	0	18039	18065
TP1_synth_reverse		65	C	943	660298	2055	29	166	113	661	664265	1	18016	37	0	3	0	9	18066
TP1_synth_reverse		66	G	624	340	1653	661074	33	46	459	664229	11	0	30	18023	0	0	1	18065
TP1_synth_reverse		67	C	825	661355	1537	32	191	160	127	664227	0	18033	27	0	2	0	3	18065
TP1_synth_reverse		68	A	662288	301	1249	142	79	70	84	664213	18035	2	26	0	0	0	0	18063
TP1_synth_reverse		69	C	316	662228	1195	41	2	38	350	664170	1	18025	28	0	0	0	6	18060
TP1_synth_reverse		70	T	1005	101	1385	39	0	76	661551	664157	0	0	31	0	0	0	18029	18060
TP1_synth_reverse		71	C	336	660697	2574	29	0	227	280	664143	1	18010	47	0	0	0	2	18060
TP1_synth_reverse		72	C	681	661293	1788	61	45	94	172	664134	0	18022	32	2	1	0	3	18060
TP1_synth_reverse		73	G	369	436	2510	660200	62	243	289	664109	4	0	48	18006	1	0	1	18060
TP1_synth_reverse		74	A	661065	42	2642	102	20	110	44	664025	18007	1	46	0	1	0	0	18055
TP1_synth_reverse		75	G	256	392	2544	660257	1	48	507	664005	6	0	49	17992	0	0	8	18055
TP1_synth_reverse		76	T	908	92	2757	46	158	39	659993	663993	3	0	52	0	2	0	17998	18055
TP1_synth_reverse		77	G	176	339	1321	661903	1	36	193	663969	5	0	27	18023	0	0	0	18055
TP1_synth_reverse		78	C	418	659377	2241	263	162	364	1133	663958	1	17984	38	6	3	1	22	18055
TP1_synth_reverse		79	G	379	610	2218	660165	1	80	363	663816	4	1	36	18012	0	0	1	18054
TP1_synth_reverse		80	G	584	240	954	661587	7	101	318	663791	8	0	20	18024	1	0	1	18054
TP1_synth_reverse		81	C	363	661829	1267	73	5	75	166	663778	3	18031	18	0	0	0	2	18054
TP1_synth_reverse		82	A	660971	25	2244	100	0	43	258	663641	18018	0	35	0	0	0	1	18054
TP1_synth_reverse		83	A	662511	61	751	64	0	165	88	663640	18044	0	10	0	0	0	0	18054
TP1_synth_reverse		84	A	662888	42	229	116	61	177	99	663612	18048	0	4	0	1	0	1	18054
TP1_synth_reverse		85	G	182	326	130	662580	53	86	131	663488	1	0	4	18048	1	0	0	18054
TP1_synth_reverse		86	C	590	662549	132	16	1	66	91	663445	0	18049	4	0	0	0	1	18054
TP1_synth_reverse		87	T	1035	65	373	17	3	216	661668	663377	0	1	7	0	0	0	18046	18054
TP1_synth_reverse		88	G	167	470	179	661825	248	93	202	663184	2	0	2	18048	2	0	0	18054
TP1_synth_reverse		89	T	621	92	405	13	0	32	661982	663145	0	0	8	0	0	0	18046	18054
TP1_synth_reverse		90	T	579	97	0	15	2	53	662174	662920	0	1	0	0	0	0	18053	18054
TP1_synth_reverse		91	C	458	661840	0	67	1	205	186	662757	2	18050	0	2	0	0	0	18054
TP1_synth_reverse		92	C	373	661673	0	66	0	288	162	662562	0	18054	0	0	0	0	0	18054
TP1_synth_reverse		93	G	285	377	0	660581	0	120	143	661506	3	0	0	18046	0	0	0	18049
TP1_synth_reverse		94	T	506	91	0	31	0	55	660216	660899	0	0	0	0	0	0	18048	18048
TP1_synth_reverse		95	C	0	660198	0	0	0	133	0	660331	0	18044	0	0	0	0	0	18044
TP1_synth_reverse		96	C	0	659590	0	0	0	62	0	659652	0	18042	0	0	0	0	0	18042
TP1_synth_reverse		97	C	0	658178	0	0	0	118	0	658296	0	18033	0	0	0	0	0	18033
TP1_synth_reverse		98	A	655899	0	0	0	0	0	0	655899	18018	0	0	0	0	0	0	18018
TP1_synth_reverse		99	G	0	0	0	654736	0	0	0	654736	0	0	0	18014	0	0	0	18014
