



























































































































































































































#AmpliconChromStart	Alias	Position	ProbableRef	rawA	rawC	rawD	rawG	rawI	rawN	rawT	rawDepth	consA	consC	consD	consG	consI	consN	consT	consDepth	
TP1_synth_reverse		1	G	0	0	0	657661	0	0	0	657661	0	0	0	11500	0	0	0	11500
TP1_synth_reverse		2	T	0	0	0	0	0	0	659124	659124	0	0	0	0	0	0	11514	11514
TP1_synth_reverse		3	G	0	0	0	661135	0	65	0	661200	0	0	0	11536	0	0	0	11536
TP1_synth_reverse		4	G	0	0	0	661922	0	36	0	661958	0	0	0	11544	0	0	0	11544
TP1_synth_reverse		5	T	0	0	0	0	0	19	662341	662360	0	0	0	0	0	0	11547	11547
TP1_synth_reverse		6	G	77	77	0	662641	0	10	190	662995	0	0	0	11553	0	0	2	11555
TP1_synth_reverse		7	A	662813	18	0	74	0	51	102	663058	11557	0	0	0	0	0	0	11557
TP1_synth_reverse		8	G	83	73	0	663702	0	77	247	664182	0	0	0	11575	0	0	2	11577
TP1_synth_reverse		9	G	75	140	0	663914	2	24	123	664278	0	0	0	11579	0	0	0	11579
TP1_synth_reverse		10	C	225	663941	4	21	0	16	129	664336	0	11580	0	0	0	0	1	11581
TP1_synth_reverse		11	T	170	100	133	12	247	22	663663	664347	0	0	1	0	6	0	11574	11581
TP1_synth_reverse		12	C	288	662486	1355	16	0	56	156	664357	0	11563	18	0	0	0	0	11581
TP1_synth_reverse		13	C	407	663777	2	23	0	60	103	664372	0	11581	0	0	0	0	0	11581
TP1_synth_reverse		14	C	408	663668	0	21	0	50	225	664372	0	11580	0	0	0	0	1	11581
TP1_synth_reverse		15	C	288	663493	68	22	216	56	244	664387	0	11574	1	0	5	0	1	11581
TP1_synth_reverse		16	T	335	74	1185	8	0	139	662660	664401	0	0	21	0	0	0	11560	11581
TP1_synth_reverse		17	T	352	193	175	10	1	51	663619	664401	0	2	2	0	0	0	11577	11581
TP1_synth_reverse		18	T	340	239	146	2	1	40	663640	664408	0	3	2	0	0	0	11576	11581
TP1_synth_reverse		19	C	328	663600	410	11	74	54	88	664565	0	11572	7	0	3	0	0	11582
TP1_synth_reverse		20	T	228	73	581	16	0	24	663643	664565	0	0	11	0	0	0	11571	11582
TP1_synth_reverse		21	T	473	284	489	28	1337	75	661887	664573	0	1	6	0	18	0	11557	11582
TP1_synth_reverse		22	G	125	379	892	662654	282	19	222	664573	2	0	11	11566	3	0	0	11582
TP1_synth_reverse		23	C	552	659733	928	115	2073	27	1145	664573	0	11524	15	1	32	0	10	11582
TP1_synth_reverse		24	G	267	178	1355	662144	4	31	594	664573	2	0	15	11565	0	0	0	11582
TP1_synth_reverse		25	G	95	604	897	662450	65	87	375	664573	0	0	13	11566	2	0	1	11582
TP1_synth_reverse		26	A	662418	18	1402	136	460	38	118	664590	11558	0	18	0	7	0	0	11583
TP1_synth_reverse		27	G	73	868	1142	662100	109	23	275	664590	0	0	17	11562	2	0	2	11583
TP1_synth_reverse		28	A	663229	28	837	127	154	26	210	664611	11565	0	13	1	3	0	2	11584
TP1_synth_reverse		29	T	493	109	865	81	0	113	662950	664611	1	1	14	0	0	0	11568	11584
TP1_synth_reverse		30	T	978	301	600	41	12	76	662649	664657	0	2	11	0	1	0	11571	11585
TP1_synth_reverse		31	C	658	662590	870	27	0	50	444	664639	1	11562	17	1	0	0	4	11585
TP1_synth_reverse		32	T	530	120	1209	58	80	267	662306	664570	0	1	13	2	2	0	11567	11585
TP1_synth_reverse		33	C	415	662724	1027	27	95	99	183	664570	0	11570	13	0	1	0	1	11585
TP1_synth_reverse		34	T	681	119	1351	55	3	61	662273	664543	0	1	17	0	0	0	11567	11585
TP1_synth_reverse		35	T	1527	196	1319	36	407	62	660974	664521	1	1	18	0	5	0	11560	11585
TP1_synth_reverse		36	C	487	662410	1441	25	1	45	110	664519	0	11562	23	0	0	0	0	11585
TP1_synth_reverse		37	C	568	662341	1003	37	118	56	389	664512	0	11561	16	0	2	0	6	11585
TP1_synth_reverse		38	T	626	196	1798	182	1	22	661679	664504	0	4	26	0	0	0	11555	11585
TP1_synth_reverse		39	C	355	662268	1590	41	38	55	84	664431	0	11560	24	0	1	0	0	11585
TP1_synth_reverse		40	T	1212	95	1865	20	848	109	660275	664424	1	0	25	0	13	0	11546	11585
TP1_synth_reverse		41	G	528	563	1659	661347	31	14	273	664415	3	0	27	11554	1	0	0	11585
TP1_synth_reverse		42	T	1880	108	1115	30	807	46	660360	664346	0	0	18	0	10	0	11556	11584
TP1_synth_reverse		43	G	393	442	1467	660836	257	312	641	664348	0	0	23	11556	3	0	3	11585
TP1_synth_reverse		44	C	468	660399	1140	61	911	122	1245	664346	1	11534	27	0	11	0	12	11585
TP1_synth_reverse		45	G	252	366	755	661168	298	41	1326	664206	3	1	19	11557	4	0	1	11585
TP1_synth_reverse		46	C	714	661806	1034	38	1	13	597	664203	1	11556	20	0	0	0	8	11585
TP1_synth_reverse		47	C	348	662468	769	38	143	20	392	664178	0	11560	18	0	3	0	3	11584
TP1_synth_reverse		48	G	384	549	1198	661006	1	28	994	664160	2	0	22	11559	0	0	1	11584
TP1_synth_reverse		49	A	662568	37	1300	65	2	153	144	664269	11561	0	26	0	0	0	1	11588
TP1_synth_reverse		50	T	927	89	1373	180	106	94	661492	664261	0	0	22	2	1	0	11563	11588
TP1_synth_reverse		51	A	663202	42	964	74	0	86	93	664461	11574	0	17	0	0	0	0	11591
TP1_synth_reverse		52	C	527	662274	912	94	184	218	187	664396	0	11571	16	0	2	0	2	11591
TP1_synth_reverse		53	A	662702	24	1023	131	282	234	110	664506	11568	0	22	0	4	0	0	11594
TP1_synth_reverse		54	G	172	252	705	662994	3	77	328	664531	3	0	15	11577	0	0	0	11595
TP1_synth_reverse		55	A	662760	74	1496	82	0	83	66	664561	11569	0	27	0	0	0	0	11596
TP1_synth_reverse		56	A	663279	8	921	139	0	76	121	664544	11579	0	17	0	0	0	0	11596
TP1_synth_reverse		57	T	1621	46	1120	200	0	163	661512	664662	0	0	17	0	0	0	11581	11598
TP1_synth_reverse		58	A	662930	12	1325	72	0	227	107	664673	11581	0	18	0	0	0	0	11599
TP1_synth_reverse		59	T	898	102	2030	99	5	304	661019	664457	0	1	28	1	0	0	11569	11599
TP1_synth_reverse		60	C	701	661475	1823	53	10	200	183	664445	0	11572	24	0	0	0	3	11599
TP1_synth_reverse		61	T	1143	218	1881	38	546	171	660444	664441	0	4	25	0	8	0	11561	11598
TP1_synth_reverse		62	G	695	260	2529	660199	2	240	381	664306	3	0	31	11563	0	0	1	11598
TP1_synth_reverse		63	T	1869	61	1512	13	0	142	660696	664293	0	0	22	0	0	0	11576	11598
TP1_synth_reverse		64	T	1723	50	1326	161	1	44	660988	664293	0	0	16	2	0	0	11581	11599
TP1_synth_reverse		65	C	940	660319	2055	29	166	113	661	664283	0	11563	25	0	3	0	8	11599
TP1_synth_reverse		66	G	623	340	1653	661091	33	46	460	664246	7	0	19	11571	0	0	1	11598
TP1_synth_reverse		67	C	827	661370	1537	32	191	160	127	664244	0	11578	16	0	2	0	2	11598
TP1_synth_reverse		68	A	662304	301	1249	142	79	70	85	664230	11580	2	15	0	0	0	0	11597
TP1_synth_reverse		69	C	315	662246	1195	41	2	38	350	664187	1	11576	15	0	0	0	4	11596
TP1_synth_reverse		70	T	1005	101	1397	39	0	76	661556	664174	1	0	19	0	0	0	11576	11596
TP1_synth_reverse		71	C	337	660713	2574	29	0	227	280	664160	1	11562	32	0	0	0	1	11596
TP1_synth_reverse		72	C	682	661308	1788	62	45	94	172	664151	0	11571	22	0	1	0	2	11596
TP1_synth_reverse		73	G	369	435	2510	660218	62	243	289	664126	3	0	31	11560	1	0	1	11596
TP1_synth_reverse		74	A	661083	41	2642	102	20	110	44	664042	11560	0	32	0	1	0	0	11593
TP1_synth_reverse		75	G	256	392	2544	660273	1	48	508	664022	3	0	32	11552	0	0	6	11593
TP1_synth_reverse		76	T	909	92	2757	46	158	39	660009	664010	3	0	35	0	1	0	11554	11593
TP1_synth_reverse		77	G	176	339	1321	661919	1	36	194	663986	1	0	19	11573	0	0	0	11593
TP1_synth_reverse		78	C	421	659393	2241	263	162	364	1132	663976	1	11551	27	3	1	0	10	11593
TP1_synth_reverse		79	G	379	612	2218	660178	1	80	366	663834	3	1	23	11564	0	0	1	11592
TP1_synth_reverse		80	G	584	239	954	661606	7	101	318	663809	6	0	9	11576	0	0	1	11592
TP1_synth_reverse		81	C	363	661847	1267	73	5	75	166	663796	2	11578	11	0	0	0	1	11592
TP1_synth_reverse		82	A	660989	25	2244	100	0	43	258	663659	11567	0	24	0	0	0	1	11592
TP1_synth_reverse		83	A	662530	61	751	64	0	165	87	663658	11584	0	8	0	0	0	0	11592
TP1_synth_reverse		84	A	662906	42	229	116	61	177	99	663630	11587	0	3	0	1	0	1	11592
TP1_synth_reverse		85	G	182	325	130	662599	53	86	131	663506	0	0	2	11589	1	0	0	11592
TP1_synth_reverse		86	C	590	662567	132	16	1	66	91	663463	0	11588	3	0	0	0	1	11592
TP1_synth_reverse		87	T	1033	65	373	17	3	216	661688	663395	0	0	4	0	0	0	11588	11592
TP1_synth_reverse		88	G	166	471	179	661843	248	93	202	663202	1	0	2	11588	1	0	0	11592
TP1_synth_reverse		89	T	623	92	405	13	0	32	661997	663162	0	0	4	0	0	0	11588	11592
TP1_synth_reverse		90	T	579	97	0	15	2	53	662191	662937	0	0	0	0	0	0	11592	11592
TP1_synth_reverse		91	C	460	661855	0	67	1	205	186	662774	2	11590	0	0	0	0	0	11592
TP1_synth_reverse		92	C	375	661688	0	66	0	288	162	662579	0	11592	0	0	0	0	0	11592
TP1_synth_reverse		93	G	286	377	0	660597	0	120	143	661523	2	0	0	11587	0	0	0	11589
TP1_synth_reverse		94	T	506	91	0	31	0	55	660233	660916	0	0	0	0	0	0	11588	11588
TP1_synth_reverse		95	C	0	660215	0	0	0	133	0	660348	0	11587	0	0	0	0	0	11587
TP1_synth_reverse		96	C	0	659606	0	0	0	62	0	659668	0	11586	0	0	0	0	0	11586
TP1_synth_reverse		97	C	0	658194	0	0	0	118	0	658312	0	11584	0	0	0	0	0	11584
TP1_synth_reverse		98	A	655917	0	0	0	0	0	0	655917	11580	0	0	0	0	0	0	11580
TP1_synth_reverse		99	G	0	0	0	654754	0	0	0	654754	0	0	0	11578	0	0	0	11578
