



























































































































































































































#AmpliconChromStart	Alias	Position	ProbableRef	rawA	rawC	rawD	rawG	rawI	rawN	rawT	rawDepth	consA	consC	consD	consG	consI	consN	consT	consDepth	
TP1_synth_reverse		1	G	0	0	0	657661	0	0	0	657661	0	0	0	15599	0	0	0	15599
TP1_synth_reverse		2	T	0	0	0	0	0	0	659124	659124	0	0	0	0	0	0	15617	15617
TP1_synth_reverse		3	G	0	0	0	661135	0	65	0	661200	0	0	0	15653	0	0	0	15653
TP1_synth_reverse		4	G	0	0	0	661922	0	36	0	661958	0	0	0	15663	0	0	0	15663
TP1_synth_reverse		5	T	0	0	0	0	0	19	662341	662360	0	0	0	0	0	0	15667	15667
TP1_synth_reverse		6	G	77	77	0	662641	0	10	190	662995	0	0	0	15671	0	0	5	15676
TP1_synth_reverse		7	A	662813	18	0	74	0	51	102	663058	15678	0	0	0	0	0	0	15678
TP1_synth_reverse		8	G	83	73	0	663702	0	77	247	664182	0	0	0	15701	0	0	2	15703
TP1_synth_reverse		9	G	75	140	0	663914	2	24	123	664278	0	0	0	15706	0	0	0	15706
TP1_synth_reverse		10	C	225	663941	4	21	0	16	129	664336	0	15707	0	0	0	0	1	15708
TP1_synth_reverse		11	T	170	100	133	12	247	22	663663	664347	0	0	1	0	7	0	15700	15708
TP1_synth_reverse		12	C	288	662486	1355	16	0	56	156	664357	0	15688	20	0	0	0	0	15708
TP1_synth_reverse		13	C	407	663777	2	23	0	60	103	664372	0	15709	0	0	0	0	0	15709
TP1_synth_reverse		14	C	408	663668	0	21	0	50	225	664372	0	15708	0	0	0	0	1	15709
TP1_synth_reverse		15	C	288	663478	68	22	216	56	244	664372	0	15699	2	0	7	0	1	15709
TP1_synth_reverse		16	T	335	74	1185	8	0	139	662645	664386	0	0	23	0	0	0	15686	15709
TP1_synth_reverse		17	T	352	193	175	10	1	51	663604	664386	0	3	2	0	0	0	15704	15709
TP1_synth_reverse		18	T	340	239	146	2	1	40	663625	664393	0	4	2	0	0	0	15703	15709
TP1_synth_reverse		19	C	328	663585	410	11	74	54	88	664550	0	15698	8	0	3	0	1	15710
TP1_synth_reverse		20	T	228	73	581	16	0	24	663628	664550	0	0	12	0	0	0	15698	15710
TP1_synth_reverse		21	T	473	284	489	28	1337	75	661864	664550	0	2	6	0	29	0	15673	15710
TP1_synth_reverse		22	G	125	379	892	662639	282	19	222	664558	2	0	13	15688	8	0	0	15711
TP1_synth_reverse		23	C	551	659719	928	115	2073	27	1145	664558	0	15640	17	1	42	0	11	15711
TP1_synth_reverse		24	G	267	177	1355	662131	4	31	593	664558	3	1	20	15686	0	0	1	15711
TP1_synth_reverse		25	G	94	604	897	662436	65	87	375	664558	0	0	13	15694	3	0	1	15711
TP1_synth_reverse		26	A	662403	18	1402	136	460	38	118	664575	15682	0	19	0	11	0	0	15712
TP1_synth_reverse		27	G	73	870	1142	662082	109	23	276	664575	0	0	18	15687	2	0	5	15712
TP1_synth_reverse		28	A	663193	28	837	127	154	26	210	664575	15689	0	17	1	3	0	2	15712
TP1_synth_reverse		29	T	490	109	865	81	0	113	662917	664575	1	2	19	0	0	0	15690	15712
TP1_synth_reverse		30	T	977	300	600	41	12	76	662615	664621	0	2	12	0	1	0	15698	15713
TP1_synth_reverse		31	C	657	662546	870	27	0	50	444	664594	1	15687	19	1	0	0	4	15712
TP1_synth_reverse		32	T	530	120	1209	58	80	267	662261	664525	0	1	13	2	2	0	15694	15712
TP1_synth_reverse		33	C	414	662680	1027	27	95	99	183	664525	1	15696	13	0	1	0	1	15712
TP1_synth_reverse		34	T	678	119	1351	55	3	61	662231	664498	0	2	20	1	0	0	15689	15712
TP1_synth_reverse		35	T	1526	196	1319	36	407	62	660930	664476	1	1	19	0	8	0	15683	15712
TP1_synth_reverse		36	C	483	662375	1441	25	1	45	110	664480	0	15682	29	0	0	0	1	15712
TP1_synth_reverse		37	C	563	662307	1003	37	118	56	389	664473	0	15682	21	0	2	0	7	15712
TP1_synth_reverse		38	T	625	196	1798	179	1	22	661644	664465	0	4	34	0	0	0	15674	15712
TP1_synth_reverse		39	C	352	662232	1590	41	38	55	84	664392	0	15677	33	0	2	0	0	15712
TP1_synth_reverse		40	T	1203	95	1865	20	848	109	660245	664385	1	1	37	0	17	0	15656	15712
TP1_synth_reverse		41	G	527	560	1659	661313	31	14	272	664376	4	0	33	15674	1	0	0	15712
TP1_synth_reverse		42	T	1881	108	1115	30	807	46	660327	664314	0	1	26	0	15	0	15669	15711
TP1_synth_reverse		43	G	391	440	1467	660809	257	312	640	664316	0	0	32	15673	3	0	4	15712
TP1_synth_reverse		44	C	465	660383	1140	61	911	122	1245	664327	1	15647	33	1	15	0	16	15713
TP1_synth_reverse		45	G	252	366	755	661153	298	41	1322	664187	3	1	25	15677	6	0	1	15713
TP1_synth_reverse		46	C	712	661789	1034	38	1	13	597	664184	1	15678	23	0	0	0	11	15713
TP1_synth_reverse		47	C	344	662453	769	38	143	20	392	664159	0	15681	20	0	6	0	5	15712
TP1_synth_reverse		48	G	384	551	1198	660993	1	28	986	664141	4	0	26	15680	0	0	2	15712
TP1_synth_reverse		49	A	662549	37	1300	65	2	153	144	664250	15684	0	31	0	0	0	1	15716
TP1_synth_reverse		50	T	927	89	1373	181	106	94	661472	664242	0	0	29	2	1	0	15684	15716
TP1_synth_reverse		51	A	663182	43	964	74	0	86	93	664442	15694	0	25	0	0	0	0	15719
TP1_synth_reverse		52	C	529	662253	912	94	184	218	187	664377	0	15688	24	0	3	0	4	15719
TP1_synth_reverse		53	A	662683	24	1023	131	282	234	110	664487	15682	0	32	0	8	0	0	15722
TP1_synth_reverse		54	G	171	254	705	662975	3	77	327	664512	3	0	21	15697	0	0	2	15723
TP1_synth_reverse		55	A	662740	75	1496	82	0	83	66	664542	15690	0	34	0	0	0	0	15724
TP1_synth_reverse		56	A	663261	8	921	139	0	76	120	664525	15699	0	24	1	0	0	0	15724
TP1_synth_reverse		57	T	1619	46	1120	201	0	163	661494	664643	0	0	26	0	0	0	15700	15726
TP1_synth_reverse		58	A	662912	12	1325	72	0	227	106	664654	15704	0	23	0	0	0	0	15727
TP1_synth_reverse		59	T	896	102	2030	98	5	304	661003	664438	0	1	37	1	0	0	15688	15727
TP1_synth_reverse		60	C	700	661458	1823	52	10	200	183	664426	0	15692	32	0	0	0	3	15727
TP1_synth_reverse		61	T	1141	218	1881	38	546	171	660408	664403	0	4	32	0	9	0	15681	15726
TP1_synth_reverse		62	G	693	257	2529	660165	2	240	382	664268	6	0	39	15680	0	0	1	15726
TP1_synth_reverse		63	T	1866	61	1512	13	0	142	660677	664271	0	0	28	0	0	0	15699	15727
TP1_synth_reverse		64	T	1728	50	1326	161	1	44	660961	664271	0	0	20	2	0	0	15706	15728
TP1_synth_reverse		65	C	943	660294	2055	29	166	113	661	664261	0	15686	31	0	3	0	9	15729
TP1_synth_reverse		66	G	624	340	1653	661070	33	46	459	664225	10	0	26	15691	0	0	1	15728
TP1_synth_reverse		67	C	825	661351	1537	32	191	160	127	664223	0	15702	22	0	2	0	2	15728
TP1_synth_reverse		68	A	662284	301	1249	142	79	70	84	664209	15703	2	21	0	0	0	0	15726
TP1_synth_reverse		69	C	316	662224	1195	41	2	38	350	664166	1	15697	22	0	0	0	4	15724
TP1_synth_reverse		70	T	1006	101	1385	39	0	76	661546	664153	1	0	24	0	0	0	15699	15724
TP1_synth_reverse		71	C	336	660693	2574	29	0	227	280	664139	1	15682	40	0	0	0	1	15724
TP1_synth_reverse		72	C	680	661289	1788	62	45	94	172	664130	0	15692	27	2	1	0	2	15724
TP1_synth_reverse		73	G	369	435	2510	660197	62	243	289	664105	4	0	41	15677	1	0	1	15724
TP1_synth_reverse		74	A	661061	42	2642	102	20	110	44	664021	15679	1	39	0	1	0	0	15720
TP1_synth_reverse		75	G	256	391	2544	660254	1	48	507	664001	5	0	43	15664	0	0	8	15720
TP1_synth_reverse		76	T	908	92	2757	46	158	39	659989	663989	3	0	48	0	2	0	15667	15720
TP1_synth_reverse		77	G	176	339	1321	661899	1	36	193	663965	4	0	25	15691	0	0	0	15720
TP1_synth_reverse		78	C	419	659373	2241	263	162	364	1132	663954	1	15660	35	6	2	0	16	15720
TP1_synth_reverse		79	G	379	610	2218	660160	1	80	364	663812	4	1	30	15683	0	0	1	15719
TP1_synth_reverse		80	G	584	240	954	661583	7	101	318	663787	8	0	17	15692	1	0	1	15719
TP1_synth_reverse		81	C	363	661825	1267	73	5	75	166	663774	3	15700	15	0	0	0	1	15719
TP1_synth_reverse		82	A	660967	25	2244	100	0	43	258	663637	15688	0	30	0	0	0	1	15719
TP1_synth_reverse		83	A	662507	61	751	64	0	165	88	663636	15709	0	10	0	0	0	0	15719
TP1_synth_reverse		84	A	662884	42	229	116	61	177	99	663608	15713	0	4	0	1	0	1	15719
TP1_synth_reverse		85	G	182	326	130	662576	53	86	131	663484	0	0	3	15715	1	0	0	15719
TP1_synth_reverse		86	C	590	662545	132	16	1	66	91	663441	0	15714	4	0	0	0	1	15719
TP1_synth_reverse		87	T	1034	65	373	17	3	216	661665	663373	0	1	7	0	0	0	15711	15719
TP1_synth_reverse		88	G	167	470	179	661821	248	93	202	663180	2	0	2	15714	1	0	0	15719
TP1_synth_reverse		89	T	622	92	405	13	0	32	661977	663141	0	0	6	0	0	0	15713	15719
TP1_synth_reverse		90	T	579	97	0	15	2	53	662170	662916	0	0	0	0	0	0	15719	15719
TP1_synth_reverse		91	C	458	661836	0	67	1	205	186	662753	2	15715	0	2	0	0	0	15719
TP1_synth_reverse		92	C	374	661669	0	66	0	288	162	662559	0	15719	0	0	0	0	0	15719
TP1_synth_reverse		93	G	285	377	0	660578	0	120	143	661503	2	0	0	15713	0	0	0	15715
TP1_synth_reverse		94	T	506	91	0	30	0	55	660214	660896	0	0	0	0	0	0	15714	15714
TP1_synth_reverse		95	C	0	660195	0	0	0	133	0	660328	0	15712	0	0	0	0	0	15712
TP1_synth_reverse		96	C	0	659587	0	0	0	62	0	659649	0	15711	0	0	0	0	0	15711
TP1_synth_reverse		97	C	0	658175	0	0	0	118	0	658293	0	15704	0	0	0	0	0	15704
TP1_synth_reverse		98	A	655896	0	0	0	0	0	0	655896	15696	0	0	0	0	0	0	15696
TP1_synth_reverse		99	G	0	0	0	654733	0	0	0	654733	0	0	0	15693	0	0	0	15693
