



























































































































































































































#AmpliconChromStart	Alias	Position	ProbableRef	rawA	rawC	rawD	rawG	rawI	rawN	rawT	rawDepth	consA	consC	consD	consG	consI	consN	consT	consDepth
TP1_synth_reverse		1	G	0	0	0	657661	0	0	0	657661	0	0	0	10444	0	0	0	10444
TP1_synth_reverse		2	T	0	0	0	0	0	0	659124	659124	0	0	0	0	0	0	10456	10456
TP1_synth_reverse		3	G	0	0	0	661135	0	65	0	661200	0	0	0	10476	0	0	0	10476
TP1_synth_reverse		4	G	0	0	0	661922	0	36	0	661958	0	0	0	10483	0	0	0	10483
TP1_synth_reverse		5	T	0	0	0	0	0	19	662341	662360	0	0	0	0	0	0	10486	10486
TP1_synth_reverse		6	G	77	77	0	662641	0	10	190	662995	0	0	0	10492	0	0	2	10494
TP1_synth_reverse		7	A	662813	18	0	74	0	51	102	663058	10496	0	0	0	0	0	0	10496
TP1_synth_reverse		8	G	83	73	0	663702	0	77	247	664182	0	0	0	10512	0	0	2	10514
TP1_synth_reverse		9	G	75	140	0	663914	2	24	123	664278	0	0	0	10515	0	0	0	10515
TP1_synth_reverse		10	C	225	663941	4	21	0	16	129	664336	0	10515	0	0	0	0	1	10516
TP1_synth_reverse		11	T	170	100	133	12	247	22	663663	664347	0	0	1	0	5	0	10510	10516
TP1_synth_reverse		12	C	288	662476	1355	16	0	56	156	664347	0	10499	17	0	0	0	0	10516
TP1_synth_reverse		13	C	407	663767	2	23	0	60	103	664362	0	10516	0	0	0	0	0	10516
TP1_synth_reverse		14	C	408	663659	0	21	0	49	225	664362	0	10515	0	0	0	0	1	10516
TP1_synth_reverse		15	C	288	663468	68	22	216	56	244	664362	0	10509	1	0	5	0	1	10516
TP1_synth_reverse		16	T	335	74	1185	8	0	139	662635	664376	0	0	20	0	0	0	10496	10516
TP1_synth_reverse		17	T	352	193	175	10	1	51	663594	664376	0	2	2	0	0	0	10512	10516
TP1_synth_reverse		18	T	339	239	146	2	1	40	663616	664383	0	3	2	0	0	0	10511	10516
TP1_synth_reverse		19	C	328	663575	410	11	74	54	88	664540	0	10507	7	0	3	0	0	10517
TP1_synth_reverse		20	T	226	73	581	16	0	23	663621	664540	0	0	10	0	0	0	10507	10517
TP1_synth_reverse		21	T	473	284	489	28	1337	75	661862	664548	0	1	6	0	17	0	10493	10517
TP1_synth_reverse		22	G	125	378	892	662638	282	19	222	664556	1	0	10	10503	3	0	0	10517
TP1_synth_reverse		23	C	551	659717	928	115	2073	27	1145	664556	0	10465	14	1	27	0	10	10517
TP1_synth_reverse		24	G	267	177	1355	662129	4	31	593	664556	2	0	15	10500	0	0	0	10517
TP1_synth_reverse		25	G	94	602	897	662436	65	87	375	664556	0	0	12	10502	2	0	1	10517
TP1_synth_reverse		26	A	662401	18	1402	136	460	38	118	664573	10495	0	17	0	6	0	0	10518
TP1_synth_reverse		27	G	73	868	1142	662082	109	23	276	664573	0	0	16	10500	1	0	1	10518
TP1_synth_reverse		28	A	663191	28	837	127	154	26	210	664573	10500	0	12	1	3	0	2	10518
TP1_synth_reverse		29	T	491	109	865	81	0	113	662914	664573	1	1	13	0	0	0	10503	10518
TP1_synth_reverse		30	T	977	301	600	41	12	76	662612	664619	0	2	10	0	0	0	10507	10519
TP1_synth_reverse		31	C	657	662544	870	27	0	50	444	664592	1	10498	16	0	0	0	4	10519
TP1_synth_reverse		32	T	528	120	1209	58	80	267	662261	664523	0	1	12	1	2	0	10503	10519
TP1_synth_reverse		33	C	414	662679	1027	27	95	98	183	664523	0	10505	12	0	1	0	1	10519
TP1_synth_reverse		34	T	677	119	1351	55	3	61	662230	664496	0	0	15	0	0	0	10504	10519
TP1_synth_reverse		35	T	1523	196	1319	36	407	62	660935	664478	1	1	16	0	5	0	10496	10519
TP1_synth_reverse		36	C	483	662371	1441	25	1	45	110	664476	0	10497	22	0	0	0	0	10519
TP1_synth_reverse		37	C	562	662304	1003	37	118	56	389	664469	0	10496	15	0	2	0	6	10519
TP1_synth_reverse		38	T	622	196	1798	179	1	22	661643	664461	0	3	25	0	0	0	10491	10519
TP1_synth_reverse		39	C	351	662229	1590	41	38	55	84	664388	0	10495	23	0	1	0	0	10519
TP1_synth_reverse		40	T	1203	95	1865	20	848	109	660241	664381	1	0	24	0	12	0	10482	10519
TP1_synth_reverse		41	G	527	560	1659	661309	31	14	272	664372	3	0	27	10488	1	0	0	10519
TP1_synth_reverse		42	T	1879	108	1115	30	807	46	660325	664310	0	0	18	0	10	0	10490	10518
TP1_synth_reverse		43	G	391	440	1467	660807	257	312	638	664312	0	0	23	10490	3	0	3	10519
TP1_synth_reverse		44	C	465	660379	1140	61	911	122	1245	664323	0	10477	23	0	8	0	11	10519
TP1_synth_reverse		45	G	252	366	755	661148	298	41	1323	664183	2	1	15	10496	4	0	1	10519
TP1_synth_reverse		46	C	712	661785	1034	38	1	13	597	664180	1	10494	16	0	0	0	8	10519
TP1_synth_reverse		47	C	345	662448	769	38	143	20	392	664155	0	10498	14	0	3	0	3	10518
TP1_synth_reverse		48	G	384	551	1198	660988	1	28	987	664137	2	0	18	10497	0	0	1	10518
TP1_synth_reverse		49	A	662545	37	1300	65	2	153	144	664246	10500	0	21	0	0	0	1	10522
TP1_synth_reverse		50	T	924	89	1373	181	106	94	661471	664238	0	0	19	2	1	0	10500	10522
TP1_synth_reverse		51	A	663179	42	964	74	0	86	93	664438	10510	0	15	0	0	0	0	10525
TP1_synth_reverse		52	C	528	662250	912	94	184	218	187	664373	0	10508	14	0	2	0	1	10525
TP1_synth_reverse		53	A	662679	24	1023	131	282	234	110	664483	10504	0	20	0	4	0	0	10528
TP1_synth_reverse		54	G	171	254	705	662971	3	77	327	664508	3	0	13	10513	0	0	0	10529
TP1_synth_reverse		55	A	662736	75	1496	82	0	83	66	664538	10507	0	23	0	0	0	0	10530
TP1_synth_reverse		56	A	663258	8	921	139	0	76	119	664521	10516	0	14	0	0	0	0	10530
TP1_synth_reverse		57	T	1617	46	1120	200	0	163	661493	664639	0	0	15	0	0	0	10517	10532
TP1_synth_reverse		58	A	662908	12	1325	72	0	227	106	664650	10517	0	16	0	0	0	0	10533
TP1_synth_reverse		59	T	893	102	2030	98	5	304	661002	664434	0	1	27	1	0	0	10504	10533
TP1_synth_reverse		60	C	698	661455	1823	53	10	200	183	664422	0	10506	24	0	0	0	3	10533
TP1_synth_reverse		61	T	1143	218	1881	38	546	171	660402	664399	0	4	25	0	8	0	10496	10533
TP1_synth_reverse		62	G	694	258	2529	660159	2	240	382	664264	3	0	30	10499	0	0	1	10533
TP1_synth_reverse		63	T	1866	61	1512	13	0	142	660673	664267	0	0	21	0	0	0	10513	10534
TP1_synth_reverse		64	T	1726	50	1326	161	1	44	660959	664267	0	0	15	2	0	0	10517	10534
TP1_synth_reverse		65	C	942	660292	2055	29	166	112	661	664257	0	10499	24	0	3	0	8	10534
TP1_synth_reverse		66	G	622	339	1652	661070	33	46	459	664221	6	0	19	10507	0	0	1	10533
TP1_synth_reverse		67	C	825	661347	1537	32	191	160	127	664219	0	10514	16	0	2	0	1	10533
TP1_synth_reverse		68	A	662280	301	1249	142	79	70	84	664205	10516	2	15	0	0	0	0	10533
TP1_synth_reverse		69	C	316	662220	1195	41	2	38	350	664162	1	10513	14	0	0	0	4	10532
TP1_synth_reverse		70	T	1002	101	1385	39	0	76	661546	664149	0	0	18	0	0	0	10514	10532
TP1_synth_reverse		71	C	336	660689	2574	29	0	227	280	664135	1	10500	30	0	0	0	1	10532
TP1_synth_reverse		72	C	679	661286	1788	62	45	94	172	664126	0	10510	21	0	1	0	0	10532
TP1_synth_reverse		73	G	369	436	2510	660192	62	243	289	664101	3	0	29	10498	1	0	1	10532
TP1_synth_reverse		74	A	661058	41	2642	102	20	110	44	664017	10499	0	30	0	1	0	0	10530
TP1_synth_reverse		75	G	256	392	2544	660249	1	48	507	663997	3	0	30	10491	0	0	6	10530
TP1_synth_reverse		76	T	907	92	2757	46	158	39	659986	663985	3	0	34	0	1	0	10492	10530
TP1_synth_reverse		77	G	176	339	1321	661896	1	36	192	663961	1	0	17	10512	0	0	0	10530
TP1_synth_reverse		78	C	419	659368	2241	263	162	364	1133	663950	0	10490	26	3	1	0	10	10530
TP1_synth_reverse		79	G	379	611	2218	660155	1	80	364	663808	2	1	23	10503	0	0	0	10529
TP1_synth_reverse		80	G	584	240	954	661579	7	101	318	663783	6	0	9	10513	0	0	1	10529
TP1_synth_reverse		81	C	363	661821	1267	73	5	75	166	663770	2	10515	11	0	0	0	1	10529
TP1_synth_reverse		82	A	660963	25	2244	100	0	43	258	663633	10505	0	23	0	0	0	1	10529
TP1_synth_reverse		83	A	662503	61	751	64	0	165	88	663632	10521	0	8	0	0	0	0	10529
TP1_synth_reverse		84	A	662880	42	229	116	61	177	99	663604	10524	0	3	0	1	0	1	10529
TP1_synth_reverse		85	G	182	326	130	662572	53	86	131	663480	0	0	2	10526	1	0	0	10529
TP1_synth_reverse		86	C	590	662541	132	16	1	66	91	663437	0	10525	3	0	0	0	1	10529
TP1_synth_reverse		87	T	1034	65	373	17	3	216	661661	663369	0	0	4	0	0	0	10525	10529
TP1_synth_reverse		88	G	167	470	179	661817	248	93	202	663176	0	0	2	10526	1	0	0	10529
TP1_synth_reverse		89	T	622	92	405	13	0	32	661973	663137	0	0	3	0	0	0	10526	10529
TP1_synth_reverse		90	T	579	97	0	15	2	53	662166	662912	0	0	0	0	0	0	10529	10529
TP1_synth_reverse		91	C	458	661832	0	67	1	205	186	662749	0	10529	0	0	0	0	0	10529
TP1_synth_reverse		92	C	374	661664	0	66	0	288	162	662554	0	10529	0	0	0	0	0	10529
TP1_synth_reverse		93	G	285	377	0	660573	0	120	143	661498	2	0	0	10525	0	0	0	10527
TP1_synth_reverse		94	T	506	91	0	30	0	55	660209	660891	0	0	0	0	0	0	10526	10526
TP1_synth_reverse		95	C	0	660190	0	0	0	133	0	660323	0	10525	0	0	0	0	0	10525
TP1_synth_reverse		96	C	0	659582	0	0	0	62	0	659644	0	10524	0	0	0	0	0	10524
TP1_synth_reverse		97	C	0	658170	0	0	0	118	0	658288	0	10523	0	0	0	0	0	10523
TP1_synth_reverse		98	A	655891	0	0	0	0	0	0	655891	10520	0	0	0	0	0	0	10520
TP1_synth_reverse		99	G	0	0	0	654727	0	0	0	654727	0	0	0	10518	0	0	0	10518
