



























































































































































































































#AmpliconChromStart	Alias	Position	ProbableRef	rawA	rawC	rawD	rawG	rawI	rawN	rawT	rawDepth	consA	consC	consD	consG	consI	consN	consT	consDepth	
TP1_synth_reverse		1	G	0	0	0	657661	0	0	0	657661	0	0	0	7754	0	0	0	7754
TP1_synth_reverse		2	T	0	0	0	0	0	0	659124	659124	0	0	0	0	0	0	7763	7763
TP1_synth_reverse		3	G	0	0	0	661135	0	65	0	661200	0	0	0	7779	0	0	0	7779
TP1_synth_reverse		4	G	0	0	0	661922	0	36	0	661958	0	0	0	7785	0	0	0	7785
TP1_synth_reverse		5	T	0	0	0	0	0	19	662341	662360	0	0	0	0	0	0	7788	7788
TP1_synth_reverse		6	G	77	77	0	662641	0	10	190	662995	0	0	0	7790	0	0	2	7792
TP1_synth_reverse		7	A	662813	18	0	74	0	51	102	663058	7793	0	0	0	0	0	0	7793
TP1_synth_reverse		8	G	83	73	0	663702	0	77	247	664182	0	0	0	7806	0	0	2	7808
TP1_synth_reverse		9	G	75	140	0	663914	2	24	123	664278	0	0	0	7809	0	0	0	7809
TP1_synth_reverse		10	C	225	663941	4	21	0	16	129	664336	0	7809	0	0	0	0	1	7810
TP1_synth_reverse		11	T	170	100	133	12	247	22	663663	664347	0	0	1	0	4	0	7805	7810
TP1_synth_reverse		12	C	288	662486	1355	16	0	56	156	664357	0	7796	14	0	0	0	0	7810
TP1_synth_reverse		13	C	407	663777	2	23	0	60	103	664372	0	7810	0	0	0	0	0	7810
TP1_synth_reverse		14	C	408	663668	0	21	0	50	225	664372	0	7809	0	0	0	0	1	7810
TP1_synth_reverse		15	C	288	663478	68	22	216	56	244	664372	0	7805	1	0	3	0	1	7810
TP1_synth_reverse		16	T	335	74	1185	8	0	139	662645	664386	0	0	17	0	0	0	7793	7810
TP1_synth_reverse		17	T	352	193	175	10	1	51	663604	664386	0	2	2	0	0	0	7806	7810
TP1_synth_reverse		18	T	340	239	146	2	1	40	663625	664393	0	2	2	0	0	0	7806	7810
TP1_synth_reverse		19	C	328	663585	410	11	74	54	88	664550	0	7802	7	0	2	0	0	7811
TP1_synth_reverse		20	T	228	73	581	16	0	24	663628	664550	0	0	9	0	0	0	7802	7811
TP1_synth_reverse		21	T	473	284	489	28	1337	75	661864	664550	0	1	6	0	16	0	7788	7811
TP1_synth_reverse		22	G	125	379	892	662639	282	19	222	664558	0	0	10	7799	2	0	0	7811
TP1_synth_reverse		23	C	551	659719	928	115	2073	27	1145	664558	0	7767	11	1	22	0	10	7811
TP1_synth_reverse		24	G	267	177	1355	662131	4	31	593	664558	2	0	15	7794	0	0	0	7811
TP1_synth_reverse		25	G	94	604	897	662436	65	87	375	664558	0	0	11	7798	1	0	1	7811
TP1_synth_reverse		26	A	662403	18	1402	136	460	38	118	664575	7790	0	16	0	5	0	0	7811
TP1_synth_reverse		27	G	73	870	1142	662082	109	23	276	664575	0	0	14	7796	1	0	0	7811
TP1_synth_reverse		28	A	663214	28	837	127	154	26	210	664596	7795	0	10	1	3	0	2	7811
TP1_synth_reverse		29	T	490	109	865	81	0	113	662938	664596	1	0	12	0	0	0	7798	7811
TP1_synth_reverse		30	T	977	300	600	41	12	76	662636	664642	0	2	9	0	0	0	7801	7812
TP1_synth_reverse		31	C	657	662576	870	27	0	50	444	664624	1	7794	13	0	0	0	4	7812
TP1_synth_reverse		32	T	530	120	1209	58	80	267	662291	664555	0	1	11	0	2	0	7798	7812
TP1_synth_reverse		33	C	414	662710	1027	27	95	99	183	664555	0	7799	11	0	1	0	1	7812
TP1_synth_reverse		34	T	680	119	1351	55	3	61	662259	664528	0	0	12	0	0	0	7800	7812
TP1_synth_reverse		35	T	1528	196	1319	36	407	62	660958	664506	1	1	14	0	4	0	7792	7812
TP1_synth_reverse		36	C	485	662397	1441	25	1	45	110	664504	0	7795	17	0	0	0	0	7812
TP1_synth_reverse		37	C	565	662329	1003	37	118	56	389	664497	0	7796	10	0	2	0	4	7812
TP1_synth_reverse		38	T	625	196	1798	182	1	22	661665	664489	0	1	18	0	0	0	7793	7812
TP1_synth_reverse		39	C	353	662255	1590	41	38	55	84	664416	0	7794	17	0	1	0	0	7812
TP1_synth_reverse		40	T	1208	95	1865	20	848	109	660264	664409	1	0	19	0	10	0	7782	7812
TP1_synth_reverse		41	G	527	561	1659	661336	31	14	272	664400	2	0	19	7790	1	0	0	7812
TP1_synth_reverse		42	T	1884	108	1115	30	807	46	660341	664331	0	0	15	0	8	0	7788	7811
TP1_synth_reverse		43	G	392	441	1467	660824	257	312	640	664333	0	0	21	7784	3	0	3	7811
TP1_synth_reverse		44	C	466	660399	1140	61	911	122	1245	664344	0	7778	18	0	7	0	8	7811
TP1_synth_reverse		45	G	252	367	755	661165	298	41	1326	664204	1	1	11	7793	4	0	1	7811
TP1_synth_reverse		46	C	713	661805	1034	38	1	13	597	664201	1	7791	12	0	0	0	7	7811
TP1_synth_reverse		47	C	345	662469	769	38	143	20	392	664176	0	7796	8	0	3	0	3	7810
TP1_synth_reverse		48	G	384	549	1198	661008	1	28	990	664158	2	0	12	7795	0	0	1	7810
TP1_synth_reverse		49	A	662566	37	1300	65	2	153	144	664267	7799	0	13	0	0	0	0	7812
TP1_synth_reverse		50	T	926	89	1373	181	106	94	661490	664259	0	0	14	1	1	0	7796	7812
TP1_synth_reverse		51	A	663200	42	964	74	0	86	93	664459	7803	0	11	0	0	0	0	7814
TP1_synth_reverse		52	C	528	662271	912	94	184	218	187	664394	0	7801	10	0	2	0	1	7814
TP1_synth_reverse		53	A	662700	24	1023	131	282	234	110	664504	7798	0	15	0	3	0	0	7816
TP1_synth_reverse		54	G	172	254	705	662989	3	77	329	664529	2	0	10	7805	0	0	0	7817
TP1_synth_reverse		55	A	662757	75	1496	82	0	83	66	664559	7797	0	21	0	0	0	0	7818
TP1_synth_reverse		56	A	663278	8	921	139	0	76	120	664542	7806	0	12	0	0	0	0	7818
TP1_synth_reverse		57	T	1622	46	1120	200	0	163	661509	664660	0	0	14	0	0	0	7806	7820
TP1_synth_reverse		58	A	662928	12	1325	72	0	227	107	664671	7806	0	14	0	0	0	0	7820
TP1_synth_reverse		59	T	898	102	2030	98	5	304	661018	664455	0	1	26	1	0	0	7792	7820
TP1_synth_reverse		60	C	701	661474	1823	52	10	200	183	664443	0	7793	24	0	0	0	3	7820
TP1_synth_reverse		61	T	1142	218	1881	38	546	171	660443	664439	0	3	24	0	6	0	7787	7820
TP1_synth_reverse		62	G	694	259	2529	660198	2	240	382	664304	3	0	29	7788	0	0	0	7820
TP1_synth_reverse		63	T	1868	61	1512	13	0	142	660695	664291	0	0	20	0	0	0	7800	7820
TP1_synth_reverse		64	T	1726	50	1326	161	1	44	660983	664291	0	0	15	2	0	0	7803	7820
TP1_synth_reverse		65	C	942	660315	2055	29	166	113	661	664281	0	7787	23	0	2	0	8	7820
TP1_synth_reverse		66	G	623	340	1653	661091	33	46	459	664245	3	0	18	7797	0	0	1	7819
TP1_synth_reverse		67	C	825	661371	1537	32	191	160	127	664243	0	7802	14	0	2	0	1	7819
TP1_synth_reverse		68	A	662304	301	1249	142	79	70	84	664229	7805	2	12	0	0	0	0	7819
TP1_synth_reverse		69	C	315	662245	1195	41	2	38	350	664186	0	7802	12	0	0	0	4	7818
TP1_synth_reverse		70	T	1005	101	1397	39	0	76	661555	664173	0	0	16	0	0	0	7802	7818
TP1_synth_reverse		71	C	336	660713	2574	29	0	227	280	664159	1	7790	26	0	0	0	1	7818
TP1_synth_reverse		72	C	682	661307	1788	62	45	94	172	664150	0	7798	19	0	1	0	0	7818
TP1_synth_reverse		73	G	369	435	2510	660217	62	243	289	664125	3	0	26	7787	1	0	1	7818
TP1_synth_reverse		74	A	661082	41	2642	102	20	110	44	664041	7789	0	28	0	0	0	0	7817
TP1_synth_reverse		75	G	256	391	2544	660274	1	48	507	664021	1	0	27	7785	0	0	4	7817
TP1_synth_reverse		76	T	908	92	2757	46	158	39	660009	664009	2	0	31	0	1	0	7783	7817
TP1_synth_reverse		77	G	176	339	1321	661919	1	36	193	663985	1	0	16	7800	0	0	0	7817
TP1_synth_reverse		78	C	418	659394	2241	263	162	364	1132	663974	0	7780	25	3	1	0	8	7817
TP1_synth_reverse		79	G	379	611	2218	660179	1	80	364	663832	2	1	21	7793	0	0	0	7817
TP1_synth_reverse		80	G	584	239	954	661604	7	101	318	663807	5	0	9	7802	0	0	1	7817
TP1_synth_reverse		81	C	363	661845	1267	73	5	75	166	663794	2	7804	10	0	0	0	1	7817
TP1_synth_reverse		82	A	660987	25	2244	100	0	43	258	663657	7795	0	21	0	0	0	1	7817
TP1_synth_reverse		83	A	662527	61	751	64	0	165	88	663656	7809	0	8	0	0	0	0	7817
TP1_synth_reverse		84	A	662904	42	229	116	61	177	99	663628	7812	0	3	0	1	0	1	7817
TP1_synth_reverse		85	G	182	326	130	662596	53	86	131	663504	0	0	2	7814	1	0	0	7817
TP1_synth_reverse		86	C	591	662564	132	16	1	66	91	663461	0	7813	3	0	0	0	1	7817
TP1_synth_reverse		87	T	1033	65	373	17	3	216	661686	663393	0	0	4	0	0	0	7813	7817
TP1_synth_reverse		88	G	167	470	179	661841	248	93	202	663200	0	0	2	7814	1	0	0	7817
TP1_synth_reverse		89	T	622	92	405	13	0	32	661996	663160	0	0	2	0	0	0	7815	7817
TP1_synth_reverse		90	T	579	97	0	15	2	53	662189	662935	0	0	0	0	0	0	7817	7817
TP1_synth_reverse		91	C	458	661855	0	67	1	205	186	662772	0	7817	0	0	0	0	0	7817
TP1_synth_reverse		92	C	374	661688	0	66	0	288	162	662578	0	7817	0	0	0	0	0	7817
TP1_synth_reverse		93	G	285	377	0	660597	0	120	143	661522	1	0	0	7814	0	0	0	7815
TP1_synth_reverse		94	T	506	91	0	31	0	55	660232	660915	0	0	0	0	0	0	7815	7815
TP1_synth_reverse		95	C	0	660214	0	0	0	133	0	660347	0	7815	0	0	0	0	0	7815
TP1_synth_reverse		96	C	0	659606	0	0	0	62	0	659668	0	7815	0	0	0	0	0	7815
TP1_synth_reverse		97	C	0	658194	0	0	0	118	0	658312	0	7815	0	0	0	0	0	7815
TP1_synth_reverse		98	A	655915	0	0	0	0	0	0	655915	7814	0	0	0	0	0	0	7814
TP1_synth_reverse		99	G	0	0	0	654752	0	0	0	654752	0	0	0	7814	0	0	0	7814
