



























































































































































































































#AmpliconChromStart	Alias	Position	ProbableRef	rawA	rawC	rawD	rawG	rawI	rawN	rawT	rawDepth	consA	consC	consD	consG	consI	consN	consT	consDepth	
TP1_synth_reverse		1	G	0	0	0	728134	0	0	0	728134	0	0	0	9816	0	0	0	9816
TP1_synth_reverse		2	T	0	0	0	0	0	0	729528	729528	0	0	0	0	0	0	9825	9825
TP1_synth_reverse		3	G	0	0	0	731631	0	76	0	731707	0	0	0	9843	0	0	0	9843
TP1_synth_reverse		4	G	0	0	0	732442	0	45	0	732487	0	0	0	9847	0	0	0	9847
TP1_synth_reverse		5	T	0	0	0	0	0	20	732896	732916	0	0	0	0	0	0	9851	9851
TP1_synth_reverse		6	G	245	56	0	733205	0	9	172	733687	1	0	0	9855	0	0	0	9856
TP1_synth_reverse		7	A	733511	24	0	86	0	69	102	733792	9858	0	0	0	0	0	0	9858
TP1_synth_reverse		8	G	140	60	0	733617	0	96	215	734128	1	0	0	9860	0	0	2	9863
TP1_synth_reverse		9	G	112	128	0	733856	0	22	344	734462	0	0	0	9866	0	0	1	9867
TP1_synth_reverse		10	C	202	734047	127	16	1	24	72	734489	0	9868	0	0	0	0	0	9868
TP1_synth_reverse		11	T	129	230	332	9	999	21	732769	734489	0	0	2	0	10	0	9856	9868
TP1_synth_reverse		12	C	256	732268	1731	9	1	65	170	734500	0	9856	11	0	0	0	1	9868
TP1_synth_reverse		13	C	348	733943	3	26	1	96	83	734500	0	9868	0	0	0	0	0	9868
TP1_synth_reverse		14	C	315	734029	0	16	3	37	100	734500	0	9868	0	0	0	0	0	9868
TP1_synth_reverse		15	C	386	733487	185	18	134	62	228	734500	1	9858	4	0	2	0	3	9868
TP1_synth_reverse		16	T	269	339	1850	9	0	169	731864	734500	0	1	24	0	0	0	9843	9868
TP1_synth_reverse		17	T	272	114	667	12	0	43	733392	734500	0	0	9	0	0	0	9859	9868
TP1_synth_reverse		18	T	250	106	666	5	218	50	733205	734500	0	0	9	0	4	0	9855	9868
TP1_synth_reverse		19	C	266	732280	1620	15	139	56	266	734642	0	9847	17	0	2	0	3	9869
TP1_synth_reverse		20	T	191	80	626	13	1	28	733707	734646	0	0	13	0	0	0	9856	9869
TP1_synth_reverse		21	T	398	212	242	1002	1017	80	731695	734646	0	3	4	16	12	0	9834	9869
TP1_synth_reverse		22	G	286	595	438	732550	484	10	283	734646	1	2	6	9854	5	0	1	9869
TP1_synth_reverse		23	C	447	724391	634	3902	4583	24	665	734646	0	9760	8	49	49	0	3	9869
TP1_synth_reverse		24	G	223	134	719	732975	13	55	527	734646	1	0	9	9859	0	0	0	9869
TP1_synth_reverse		25	G	81	498	385	732360	974	83	279	734660	0	0	10	9851	9	0	0	9870
TP1_synth_reverse		26	A	732066	17	866	584	1001	33	117	734684	9839	0	14	4	14	0	0	9871
TP1_synth_reverse		27	G	61	624	716	732623	443	15	202	734684	0	0	14	9854	2	0	1	9871
TP1_synth_reverse		28	A	732092	33	2133	88	198	41	99	734684	9845	0	25	0	1	0	0	9871
TP1_synth_reverse		29	T	230	75	2312	145	1	122	731799	734684	0	0	25	1	0	0	9845	9871
TP1_synth_reverse		30	T	754	86	1038	40	381	100	732285	734684	0	0	15	0	5	0	9851	9871
TP1_synth_reverse		31	C	569	731691	1347	28	4	73	715	734427	1	9844	18	0	0	0	8	9871
TP1_synth_reverse		32	T	502	151	1684	31	33	309	731578	734288	1	1	19	0	1	0	9847	9869
TP1_synth_reverse		33	C	348	731655	2120	64	93	113	68	734461	0	9845	23	1	1	0	0	9870
TP1_synth_reverse		34	T	604	131	2696	52	1	66	730957	734507	0	1	31	0	0	0	9839	9871
TP1_synth_reverse		35	T	1185	541	1873	45	955	66	729826	734491	0	4	21	0	8	0	9838	9871
TP1_synth_reverse		36	C	617	730465	2949	33	1	58	230	734353	1	9834	33	1	0	0	2	9871
TP1_synth_reverse		37	C	502	730949	2167	42	13	62	598	734333	1	9841	22	0	0	0	7	9871
TP1_synth_reverse		38	T	561	270	2306	269	104	26	730787	734323	0	2	26	3	3	0	9837	9871
TP1_synth_reverse		39	C	335	730911	2439	249	127	62	189	734312	0	9837	27	2	3	0	2	9871
TP1_synth_reverse		40	T	1049	90	2526	2621	562	142	727315	734305	1	0	29	30	7	0	9804	9871
TP1_synth_reverse		41	G	422	562	2792	730084	134	20	283	734297	0	1	32	9836	2	0	0	9871
TP1_synth_reverse		42	T	1730	100	1828	188	3377	48	727266	734537	1	1	21	2	31	0	9819	9875
TP1_synth_reverse		43	G	339	427	1138	731795	387	326	358	734770	0	1	16	9856	4	0	0	9877
TP1_synth_reverse		44	C	439	725661	1913	3998	1412	134	1219	734776	0	9793	17	44	14	0	9	9877
TP1_synth_reverse		45	G	453	689	1619	729990	455	49	1373	734628	4	3	15	9847	6	0	1	9876
TP1_synth_reverse		46	C	653	731500	1770	449	3	9	176	734560	1	9850	21	2	0	0	2	9876
TP1_synth_reverse		47	C	267	727292	608	3559	2097	29	705	734557	0	9794	7	45	27	0	3	9876
TP1_synth_reverse		48	G	685	475	877	731530	91	37	1055	734750	5	0	15	9851	1	0	5	9877
TP1_synth_reverse		49	A	733611	47	937	83	3	193	129	735003	9866	0	12	0	0	0	0	9878
TP1_synth_reverse		50	T	1008	71	776	403	20	100	732606	734984	1	0	10	1	0	0	9866	9878
TP1_synth_reverse		51	A	733761	42	815	95	34	104	144	734995	9865	0	13	0	0	0	1	9879
TP1_synth_reverse		52	C	406	732895	691	139	284	251	318	734984	0	9867	10	0	1	0	1	9879
TP1_synth_reverse		53	A	731882	35	781	836	1056	286	122	734998	9845	0	15	11	9	0	0	9880
TP1_synth_reverse		54	G	225	252	857	732980	57	90	770	735231	2	2	13	9860	1	0	4	9882
TP1_synth_reverse		55	A	733571	75	1311	92	0	123	64	735236	9868	1	13	0	0	0	0	9882
TP1_synth_reverse		56	A	733924	11	942	140	219	95	106	735437	9871	0	11	0	1	0	0	9883
TP1_synth_reverse		57	T	1391	70	1299	196	16	162	732226	735360	0	0	14	0	1	0	9868	9883
TP1_synth_reverse		58	A	733162	582	1041	87	135	262	111	735380	9863	9	11	0	1	0	0	9884
TP1_synth_reverse		59	T	795	1308	1546	81	7	324	731281	735342	0	14	19	0	0	0	9850	9883
TP1_synth_reverse		60	C	743	732936	1249	47	19	231	70	735295	1	9867	15	0	0	0	0	9883
TP1_synth_reverse		61	T	995	74	1801	5909	742	174	725495	735190	1	0	20	59	14	0	9789	9883
TP1_synth_reverse		62	G	483	195	1070	730665	53	287	2332	735085	2	0	16	9843	0	0	22	9883
TP1_synth_reverse		63	T	1624	90	1320	21	1	134	731922	735112	0	0	19	0	0	0	9865	9884
TP1_synth_reverse		64	T	1602	662	1195	113	372	32	730872	734848	0	4	20	1	1	0	9856	9882
TP1_synth_reverse		65	C	954	729964	1287	1605	424	153	452	734839	1	9828	19	24	5	0	5	9882
TP1_synth_reverse		66	G	364	320	969	732750	108	68	443	735022	2	0	14	9866	1	0	2	9885
TP1_synth_reverse		67	C	751	732441	1516	41	1	183	86	735019	0	9865	20	0	0	0	0	9885
TP1_synth_reverse		68	A	733358	192	1330	113	6	74	81	735154	9869	0	17	0	0	0	0	9886
TP1_synth_reverse		69	C	266	733444	1200	35	1	57	302	735305	0	9868	17	0	0	0	3	9888
TP1_synth_reverse		70	T	901	161	1465	43	193	114	732405	735282	0	1	16	0	4	0	9867	9888
TP1_synth_reverse		71	C	294	731888	2140	220	322	309	105	735278	0	9860	23	1	4	0	0	9888
TP1_synth_reverse		72	C	561	727453	1272	5129	569	131	155	735270	0	9812	17	51	8	0	0	9888
TP1_synth_reverse		73	G	191	423	1685	732027	9	313	596	735244	3	0	19	9865	0	0	1	9888
TP1_synth_reverse		74	A	730613	55	1283	2970	159	125	36	735241	9841	0	14	32	1	0	0	9888
TP1_synth_reverse		75	G	140	303	1948	731813	0	59	970	735233	1	0	20	9860	0	0	7	9888
TP1_synth_reverse		76	T	757	76	1772	9483	277	56	722798	735219	0	0	18	84	3	0	9783	9888
TP1_synth_reverse		77	G	477	315	768	733217	10	59	366	735212	3	0	7	9877	0	0	1	9888
TP1_synth_reverse		78	C	364	727609	1310	2935	862	392	1733	735205	0	9839	12	23	6	0	8	9888
TP1_synth_reverse		79	G	1033	496	741	732510	1	121	299	735201	8	1	7	9871	0	0	1	9888
TP1_synth_reverse		80	G	1076	221	442	733068	1	114	259	735181	6	0	3	9879	0	0	0	9888
TP1_synth_reverse		81	C	459	732273	1202	109	879	67	175	735164	2	9873	6	1	5	0	1	9888
TP1_synth_reverse		82	A	733240	23	1427	129	0	82	120	735021	9879	0	9	0	0	0	0	9888
TP1_synth_reverse		83	A	734362	41	288	75	0	172	82	735020	9885	0	3	0	0	0	0	9888
TP1_synth_reverse		84	A	734181	30	38	418	69	204	57	734997	9884	0	0	2	2	0	0	9888
TP1_synth_reverse		85	G	118	316	10	733967	2	106	393	734912	0	0	0	9887	0	0	1	9888
TP1_synth_reverse		86	C	526	734125	0	35	15	82	89	734872	1	9886	0	0	1	0	0	9888
TP1_synth_reverse		87	T	933	79	1	26	1	276	733502	734818	0	0	0	0	0	0	9888	9888
TP1_synth_reverse		88	G	155	424	115	733577	172	113	225	734781	1	0	2	9884	1	0	0	9888
TP1_synth_reverse		89	T	566	120	325	16	0	39	733677	734743	0	0	1	0	0	0	9887	9888
TP1_synth_reverse		90	T	496	100	0	57	0	79	733860	734592	0	0	0	1	0	0	9886	9887
TP1_synth_reverse		91	C	480	733337	0	202	0	297	119	734435	0	9884	0	2	0	1	0	9887
TP1_synth_reverse		92	C	370	732926	0	87	0	309	352	734044	0	9887	0	0	0	0	0	9887
TP1_synth_reverse		93	G	460	315	0	732008	0	121	150	733054	3	0	0	9880	0	0	0	9883
TP1_synth_reverse		94	T	429	104	0	40	0	78	732007	732658	0	0	0	0	0	0	9883	9883
TP1_synth_reverse		95	C	0	732166	0	0	0	166	0	732332	0	9883	0	0	0	0	0	9883
TP1_synth_reverse		96	C	0	731255	0	0	0	114	0	731369	0	9883	0	0	0	0	0	9883
TP1_synth_reverse		97	C	0	729800	0	0	0	157	0	729957	0	9881	0	0	0	0	0	9881
TP1_synth_reverse		98	A	727889	0	0	0	0	0	0	727889	9879	0	0	0	0	0	0	9879
TP1_synth_reverse		99	G	0	0	0	726717	0	0	0	726717	0	0	0	9877	0	0	0	9877
