



























































































































































































































#AmpliconChromStart	Alias	Position	ProbableRef	rawA	rawC	rawD	rawG	rawI	rawN	rawT	rawDepth	consA	consC	consD	consG	consI	consN	consT	consDepth
TP1_synth_reverse		1	G	0	0	0	728134	0	0	0	728134	0	0	0	8834	0	0	0	8834
TP1_synth_reverse		2	T	0	0	0	0	0	0	729528	729528	0	0	0	0	0	0	8843	8843
TP1_synth_reverse		3	G	0	0	0	731631	0	76	0	731707	0	0	0	8859	0	0	0	8859
TP1_synth_reverse		4	G	0	0	0	732442	0	45	0	732487	0	0	0	8863	0	0	0	8863
TP1_synth_reverse		5	T	0	0	0	0	0	20	732896	732916	0	0	0	0	0	0	8866	8866
TP1_synth_reverse		6	G	245	56	0	733205	0	9	172	733687	1	0	0	8869	0	0	0	8870
TP1_synth_reverse		7	A	733511	24	0	86	0	69	102	733792	8872	0	0	0	0	0	0	8872
TP1_synth_reverse		8	G	140	60	0	733617	0	96	215	734128	1	0	0	8874	0	0	1	8876
TP1_synth_reverse		9	G	112	128	0	733856	0	22	344	734462	0	0	0	8878	0	0	1	8879
TP1_synth_reverse		10	C	202	734047	127	16	1	24	72	734489	0	8880	0	0	0	0	0	8880
TP1_synth_reverse		11	T	129	230	332	9	999	21	732769	734489	0	0	2	0	9	0	8869	8880
TP1_synth_reverse		12	C	256	732257	1731	9	1	65	170	734489	0	8868	11	0	0	0	1	8880
TP1_synth_reverse		13	C	348	733932	3	26	1	96	83	734489	0	8880	0	0	0	0	0	8880
TP1_synth_reverse		14	C	315	734018	0	16	3	37	100	734489	0	8880	0	0	0	0	0	8880
TP1_synth_reverse		15	C	386	733476	185	18	134	62	228	734489	1	8871	4	0	2	0	2	8880
TP1_synth_reverse		16	T	269	339	1850	9	0	169	731871	734507	0	1	20	0	0	0	8859	8880
TP1_synth_reverse		17	T	272	114	667	12	0	43	733399	734507	0	0	9	0	0	0	8871	8880
TP1_synth_reverse		18	T	249	106	666	5	218	50	733213	734507	0	0	8	0	3	0	8869	8880
TP1_synth_reverse		19	C	266	732287	1620	15	139	56	266	734649	0	8860	16	0	2	0	3	8881
TP1_synth_reverse		20	T	191	80	626	13	1	28	733714	734653	0	0	13	0	0	0	8868	8881
TP1_synth_reverse		21	T	398	212	242	1002	1017	80	731702	734653	0	3	4	17	11	0	8846	8881
TP1_synth_reverse		22	G	286	594	438	732558	484	10	283	734653	1	2	6	8867	4	0	1	8881
TP1_synth_reverse		23	C	448	724397	634	3902	4583	24	665	734653	0	8781	8	44	45	0	3	8881
TP1_synth_reverse		24	G	223	134	719	732981	13	55	528	734653	1	0	8	8872	0	0	0	8881
TP1_synth_reverse		25	G	81	498	385	732353	974	83	279	734653	0	0	8	8864	9	0	0	8881
TP1_synth_reverse		26	A	732059	17	866	584	1001	33	117	734677	8851	0	13	4	14	0	0	8882
TP1_synth_reverse		27	G	61	626	716	732614	443	15	202	734677	0	0	14	8865	2	0	1	8882
TP1_synth_reverse		28	A	732093	33	2133	88	198	41	99	734685	8856	0	25	0	1	0	0	8882
TP1_synth_reverse		29	T	230	75	2312	145	1	122	731800	734685	0	0	24	1	0	0	8857	8882
TP1_synth_reverse		30	T	751	86	1038	40	381	100	732289	734685	0	0	15	0	4	0	8863	8882
TP1_synth_reverse		31	C	569	731692	1347	28	4	73	715	734428	1	8855	18	0	0	0	8	8882
TP1_synth_reverse		32	T	502	151	1684	31	33	309	731579	734289	1	1	19	0	1	0	8858	8880
TP1_synth_reverse		33	C	348	731656	2120	64	93	113	68	734462	0	8856	23	1	1	0	0	8881
TP1_synth_reverse		34	T	605	131	2696	52	1	66	730957	734508	0	1	29	0	0	0	8852	8882
TP1_synth_reverse		35	T	1183	541	1873	45	955	66	729829	734492	0	4	21	0	7	0	8850	8882
TP1_synth_reverse		36	C	621	730462	2949	33	1	58	230	734354	1	8847	32	0	0	0	2	8882
TP1_synth_reverse		37	C	502	730950	2167	42	13	62	598	734334	1	8853	21	0	0	0	7	8882
TP1_synth_reverse		38	T	564	270	2306	269	104	26	730785	734324	0	2	24	2	3	0	8851	8882
TP1_synth_reverse		39	C	334	730913	2439	249	127	62	189	734313	0	8851	25	2	2	0	2	8882
TP1_synth_reverse		40	T	1052	90	2526	2621	562	142	727313	734306	1	0	26	28	7	0	8820	8882
TP1_synth_reverse		41	G	422	562	2792	730085	134	20	283	734298	0	1	28	8852	1	0	0	8882
TP1_synth_reverse		42	T	1735	100	1828	188	3377	48	727262	734538	0	1	16	2	31	0	8836	8886
TP1_synth_reverse		43	G	339	425	1138	731797	387	326	359	734771	0	1	13	8870	4	0	0	8888
TP1_synth_reverse		44	C	440	725661	1913	3998	1412	134	1219	734777	0	8817	14	37	12	0	8	8888
TP1_synth_reverse		45	G	454	690	1619	729987	455	49	1375	734629	3	3	13	8862	5	0	1	8887
TP1_synth_reverse		46	C	653	731501	1770	449	3	9	176	734561	1	8864	18	2	0	0	2	8887
TP1_synth_reverse		47	C	268	727292	608	3559	2097	29	705	734558	0	8813	6	40	25	0	3	8887
TP1_synth_reverse		48	G	685	473	877	731533	91	37	1055	734751	5	0	14	8864	1	0	4	8888
TP1_synth_reverse		49	A	733612	47	937	83	3	193	129	735004	8877	0	12	0	0	0	0	8889
TP1_synth_reverse		50	T	1005	71	776	403	20	100	732610	734985	1	0	9	1	0	0	8878	8889
TP1_synth_reverse		51	A	733745	42	815	95	34	104	144	734979	8876	0	12	0	0	0	1	8889
TP1_synth_reverse		52	C	405	732881	691	139	284	251	318	734969	0	8878	9	0	1	0	1	8889
TP1_synth_reverse		53	A	731868	35	781	836	1055	286	122	734983	8860	0	14	8	8	0	0	8890
TP1_synth_reverse		54	G	224	252	857	732966	57	90	770	735216	2	2	11	8872	1	0	4	8892
TP1_synth_reverse		55	A	733556	75	1311	92	0	123	64	735221	8882	0	11	0	0	0	0	8893
TP1_synth_reverse		56	A	733909	11	942	140	219	95	106	735422	8884	0	9	0	1	0	0	8894
TP1_synth_reverse		57	T	1386	70	1299	196	16	162	732216	735345	0	0	12	0	0	0	8882	8894
TP1_synth_reverse		58	A	733147	582	1041	87	135	262	111	735365	8876	9	9	0	1	0	0	8895
TP1_synth_reverse		59	T	794	1308	1546	81	7	324	731267	735327	0	14	15	0	0	0	8865	8894
TP1_synth_reverse		60	C	743	732921	1249	47	19	231	70	735280	1	8880	13	0	0	0	0	8894
TP1_synth_reverse		61	T	991	74	1801	5909	743	174	725483	735175	1	0	16	53	12	0	8812	8894
TP1_synth_reverse		62	G	482	194	1070	730651	53	287	2333	735070	2	0	12	8861	0	0	19	8894
TP1_synth_reverse		63	T	1626	90	1320	21	1	134	731905	735097	0	0	15	0	0	0	8880	8895
TP1_synth_reverse		64	T	1602	662	1195	113	372	32	730857	734833	0	4	16	1	1	0	8871	8893
TP1_synth_reverse		65	C	957	729946	1287	1605	424	153	452	734824	1	8848	15	22	4	0	3	8893
TP1_synth_reverse		66	G	364	320	969	732734	108	68	444	735007	2	0	12	8879	1	0	2	8896
TP1_synth_reverse		67	C	754	732423	1516	41	1	183	86	735004	0	8880	16	0	0	0	0	8896
TP1_synth_reverse		68	A	733343	192	1330	113	6	74	81	735139	8883	0	14	0	0	0	0	8897
TP1_synth_reverse		69	C	267	733428	1200	35	1	57	302	735290	0	8881	15	0	0	0	3	8899
TP1_synth_reverse		70	T	901	161	1465	43	193	114	732390	735267	0	1	14	0	4	0	8880	8899
TP1_synth_reverse		71	C	292	731875	2140	220	322	309	105	735263	0	8873	21	1	4	0	0	8899
TP1_synth_reverse		72	C	561	727439	1272	5128	569	131	155	735255	0	8830	15	47	7	0	0	8899
TP1_synth_reverse		73	G	191	421	1685	732014	9	313	596	735229	2	0	16	8880	0	0	1	8899
TP1_synth_reverse		74	A	730598	55	1283	2970	159	125	36	735226	8858	0	12	28	1	0	0	8899
TP1_synth_reverse		75	G	140	303	1948	731797	0	59	971	735218	0	0	19	8873	0	0	7	8899
TP1_synth_reverse		76	T	756	76	1772	9482	277	56	722785	735204	0	0	17	79	1	0	8802	8899
TP1_synth_reverse		77	G	475	317	768	733202	10	59	366	735197	3	0	7	8888	0	0	1	8899
TP1_synth_reverse		78	C	365	727593	1310	2935	862	392	1733	735190	0	8854	12	20	6	0	7	8899
TP1_synth_reverse		79	G	1032	496	741	732495	1	121	300	735186	8	1	7	8883	0	0	0	8899
TP1_synth_reverse		80	G	1075	221	442	733055	1	114	258	735166	6	0	3	8890	0	0	0	8899
TP1_synth_reverse		81	C	461	732256	1202	109	879	67	175	735149	2	8885	6	1	5	0	0	8899
TP1_synth_reverse		82	A	733225	23	1427	129	0	82	120	735006	8892	0	7	0	0	0	0	8899
TP1_synth_reverse		83	A	734347	41	288	75	0	172	82	735005	8897	0	2	0	0	0	0	8899
TP1_synth_reverse		84	A	734166	30	38	418	69	204	57	734982	8897	0	0	1	1	0	0	8899
TP1_synth_reverse		85	G	118	317	10	733952	2	106	392	734897	0	0	0	8898	0	0	1	8899
TP1_synth_reverse		86	C	526	734110	0	35	15	82	89	734857	1	8897	0	0	1	0	0	8899
TP1_synth_reverse		87	T	932	79	1	26	1	276	733488	734803	0	0	0	0	0	0	8899	8899
TP1_synth_reverse		88	G	155	424	115	733562	172	113	225	734766	1	0	2	8895	1	0	0	8899
TP1_synth_reverse		89	T	567	120	325	16	0	39	733661	734728	0	0	1	0	0	0	8898	8899
TP1_synth_reverse		90	T	496	100	0	57	0	79	733843	734575	0	0	0	1	0	0	8898	8899
TP1_synth_reverse		91	C	482	733317	0	202	0	297	119	734417	0	8897	0	2	0	0	0	8899
TP1_synth_reverse		92	C	372	732906	0	87	0	309	352	734026	0	8899	0	0	0	0	0	8899
TP1_synth_reverse		93	G	460	316	0	731990	0	121	149	733036	3	0	0	8893	0	0	0	8896
TP1_synth_reverse		94	T	429	104	0	40	0	78	731989	732640	0	0	0	0	0	0	8896	8896
TP1_synth_reverse		95	C	0	732146	0	0	0	166	0	732312	0	8896	0	0	0	0	0	8896
TP1_synth_reverse		96	C	0	731234	0	0	0	114	0	731348	0	8896	0	0	0	0	0	8896
TP1_synth_reverse		97	C	0	729780	0	0	0	157	0	729937	0	8894	0	0	0	0	0	8894
TP1_synth_reverse		98	A	727869	0	0	0	0	0	0	727869	8893	0	0	0	0	0	0	8893
TP1_synth_reverse		99	G	0	0	0	726697	0	0	0	726697	0	0	0	8892	0	0	0	8892
