



























































































































































































































#AmpliconChromStart	Alias	Position	ProbableRef	rawA	rawC	rawD	rawG	rawI	rawN	rawT	rawDepth	consA	consC	consD	consG	consI	consN	consT	consDepth	
TP1_synth_reverse		1	G	0	0	0	728134	0	0	0	728134	0	0	0	13826	0	0	0	13826
TP1_synth_reverse		2	T	0	0	0	0	0	0	729528	729528	0	0	0	0	0	0	13836	13836
TP1_synth_reverse		3	G	0	0	0	731631	0	76	0	731707	0	0	0	13861	0	0	0	13861
TP1_synth_reverse		4	G	0	0	0	732442	0	45	0	732487	0	0	0	13868	0	0	0	13868
TP1_synth_reverse		5	T	0	0	0	0	0	20	732896	732916	0	0	0	0	0	0	13874	13874
TP1_synth_reverse		6	G	245	56	0	733205	0	9	172	733687	1	0	0	13877	0	0	2	13880
TP1_synth_reverse		7	A	733511	24	0	86	0	69	102	733792	13883	0	0	0	0	0	0	13883
TP1_synth_reverse		8	G	140	60	0	733617	0	96	215	734128	1	0	0	13885	0	0	3	13889
TP1_synth_reverse		9	G	112	128	0	733856	0	22	344	734462	0	0	0	13896	0	0	1	13897
TP1_synth_reverse		10	C	202	734047	127	16	1	24	72	734489	0	13897	1	0	0	0	0	13898
TP1_synth_reverse		11	T	129	230	332	9	999	21	732769	734489	0	0	3	0	10	0	13885	13898
TP1_synth_reverse		12	C	256	732257	1731	9	1	65	170	734489	0	13880	17	0	0	0	1	13898
TP1_synth_reverse		13	C	348	733945	3	26	1	96	83	734502	0	13898	0	0	0	0	0	13898
TP1_synth_reverse		14	C	315	734031	0	16	3	37	100	734502	0	13898	0	0	0	0	0	13898
TP1_synth_reverse		15	C	386	733489	185	18	134	62	228	734502	1	13885	4	0	2	0	6	13898
TP1_synth_reverse		16	T	269	339	1850	9	0	169	731866	734502	0	1	29	0	0	0	13868	13898
TP1_synth_reverse		17	T	272	114	667	12	0	43	733394	734502	0	0	12	0	0	0	13886	13898
TP1_synth_reverse		18	T	249	106	666	5	218	50	733208	734502	0	0	13	0	5	0	13880	13898
TP1_synth_reverse		19	C	266	732282	1620	15	139	56	266	734644	0	13869	24	0	3	0	3	13899
TP1_synth_reverse		20	T	191	80	626	13	1	28	733705	734644	0	0	14	0	0	0	13885	13899
TP1_synth_reverse		21	T	398	212	242	1002	1017	80	731693	734644	0	3	7	20	16	0	13853	13899
TP1_synth_reverse		22	G	286	594	438	732549	484	10	283	734644	2	2	9	13879	6	0	1	13899
TP1_synth_reverse		23	C	447	724397	634	3902	4583	24	665	734652	0	13755	8	63	70	0	4	13900
TP1_synth_reverse		24	G	223	133	719	732982	13	55	527	734652	4	0	10	13886	0	0	0	13900
TP1_synth_reverse		25	G	81	498	385	732366	974	83	279	734666	0	0	10	13876	15	0	0	13901
TP1_synth_reverse		26	A	732072	17	866	584	1001	33	117	734690	13859	0	18	7	19	0	0	13903
TP1_synth_reverse		27	G	60	623	716	732631	443	15	202	734690	1	0	21	13877	2	0	2	13903
TP1_synth_reverse		28	A	732098	33	2133	88	198	41	99	734690	13865	0	36	1	1	0	0	13903
TP1_synth_reverse		29	T	232	75	2312	146	1	122	731802	734690	0	0	42	2	0	0	13859	13903
TP1_synth_reverse		30	T	753	86	1038	40	381	100	732292	734690	0	0	20	0	5	0	13878	13903
TP1_synth_reverse		31	C	570	731696	1347	28	4	73	715	734433	2	13868	24	0	0	0	9	13903
TP1_synth_reverse		32	T	502	151	1684	31	33	309	731584	734294	1	2	27	0	1	0	13869	13900
TP1_synth_reverse		33	C	348	731659	2122	64	93	113	68	734467	0	13864	32	2	3	0	0	13901
TP1_synth_reverse		34	T	605	131	2698	52	1	66	730960	734513	0	2	42	0	0	0	13858	13902
TP1_synth_reverse		35	T	1184	541	1875	45	955	66	729836	734502	0	6	30	0	9	0	13857	13902
TP1_synth_reverse		36	C	618	730473	2951	33	1	58	230	734364	1	13855	43	1	0	0	2	13902
TP1_synth_reverse		37	C	502	730960	2167	42	13	62	598	734344	1	13859	33	0	1	0	8	13902
TP1_synth_reverse		38	T	562	270	2306	269	104	26	730797	734334	0	2	40	5	3	0	13852	13902
TP1_synth_reverse		39	C	334	730923	2439	249	127	62	189	734323	1	13852	37	3	5	0	4	13902
TP1_synth_reverse		40	T	1049	90	2526	2621	562	142	727326	734316	1	0	41	43	11	0	13806	13902
TP1_synth_reverse		41	G	421	562	2793	730095	134	20	283	734308	0	1	43	13853	4	0	1	13902
TP1_synth_reverse		42	T	1729	100	1829	188	3377	48	727277	734548	1	1	30	6	41	0	13829	13908
TP1_synth_reverse		43	G	339	426	1139	731805	387	326	359	734781	0	1	20	13885	4	0	0	13910
TP1_synth_reverse		44	C	439	725671	1914	3998	1412	134	1219	734787	2	13794	21	58	22	0	14	13911
TP1_synth_reverse		45	G	453	691	1619	729991	455	49	1372	734630	6	6	20	13865	7	0	5	13909
TP1_synth_reverse		46	C	652	731503	1770	449	3	9	176	734562	3	13872	25	5	0	0	4	13909
TP1_synth_reverse		47	C	268	727292	608	3560	2097	29	705	734559	0	13803	12	60	30	0	4	13909
TP1_synth_reverse		48	G	685	475	877	731532	91	37	1055	734752	6	0	21	13876	1	0	7	13911
TP1_synth_reverse		49	A	733613	47	937	83	3	193	129	735005	13896	0	16	0	0	0	0	13912
TP1_synth_reverse		50	T	1010	71	776	403	20	100	732606	734986	1	0	16	1	1	0	13893	13912
TP1_synth_reverse		51	A	733763	42	815	95	34	104	144	734997	13895	0	17	0	0	0	1	13913
TP1_synth_reverse		52	C	403	732900	691	139	284	251	318	734986	0	13894	15	1	1	0	2	13913
TP1_synth_reverse		53	A	731885	35	781	836	1055	286	122	735000	13865	0	20	17	12	0	0	13914
TP1_synth_reverse		54	G	226	253	857	732980	57	90	770	735233	3	4	20	13884	1	0	4	13916
TP1_synth_reverse		55	A	733573	75	1311	92	0	123	64	735238	13895	1	20	0	0	0	0	13916
TP1_synth_reverse		56	A	733926	11	942	140	219	95	106	735439	13896	0	20	0	1	0	0	13917
TP1_synth_reverse		57	T	1390	70	1299	196	16	162	732229	735362	0	0	25	0	1	0	13887	13913
TP1_synth_reverse		58	A	733164	582	1041	87	135	262	111	735382	13881	13	20	0	1	0	0	13915
TP1_synth_reverse		59	T	795	1308	1546	81	7	324	731283	735344	0	21	27	1	1	0	13864	13914
TP1_synth_reverse		60	C	745	732936	1249	47	19	231	70	735297	1	13890	22	0	0	0	0	13913
TP1_synth_reverse		61	T	995	74	1801	5909	742	174	725497	735192	1	0	28	79	16	0	13790	13914
TP1_synth_reverse		62	G	482	195	1070	730667	53	287	2333	735087	3	0	24	13855	1	0	31	13914
TP1_synth_reverse		63	T	1622	90	1320	21	1	134	731926	735114	0	1	26	0	0	0	13890	13917
TP1_synth_reverse		64	T	1603	662	1195	113	372	32	730873	734850	0	5	28	1	1	0	13880	13915
TP1_synth_reverse		65	C	954	729966	1287	1605	424	153	452	734841	1	13838	31	28	8	0	9	13915
TP1_synth_reverse		66	G	362	320	969	732754	108	68	443	735024	2	0	21	13893	2	0	2	13920
TP1_synth_reverse		67	C	751	732443	1516	41	1	183	86	735021	0	13890	30	0	0	0	0	13920
TP1_synth_reverse		68	A	733360	192	1330	113	6	74	81	735156	13897	0	24	0	0	0	0	13921
TP1_synth_reverse		69	C	267	733445	1200	35	1	57	302	735307	2	13893	24	0	0	0	4	13923
TP1_synth_reverse		70	T	902	161	1465	43	193	114	732406	735284	0	1	23	0	7	0	13892	13923
TP1_synth_reverse		71	C	296	731889	2139	220	322	309	105	735280	0	13888	30	1	4	0	0	13923
TP1_synth_reverse		72	C	561	727456	1272	5128	569	131	155	735272	0	13823	21	71	8	0	0	13923
TP1_synth_reverse		73	G	191	422	1685	732030	9	313	596	735246	3	0	25	13893	0	0	2	13923
TP1_synth_reverse		74	A	730615	55	1283	2970	159	125	36	735243	13852	0	19	50	2	0	0	13923
TP1_synth_reverse		75	G	140	303	1948	731814	0	59	971	735235	2	0	21	13892	0	0	8	13923
TP1_synth_reverse		76	T	757	76	1772	9484	277	56	722798	735220	0	0	19	123	6	0	13775	13923
TP1_synth_reverse		77	G	477	315	768	733218	10	59	366	735213	4	0	8	13910	0	0	1	13923
TP1_synth_reverse		78	C	363	727611	1310	2935	862	392	1733	735206	0	13852	14	35	8	0	14	13923
TP1_synth_reverse		79	G	1033	496	741	732510	2	121	299	735202	10	2	10	13900	0	0	1	13923
TP1_synth_reverse		80	G	1075	221	442	733070	1	114	259	735182	6	0	3	13914	0	0	0	13923
TP1_synth_reverse		81	C	460	732273	1202	109	879	67	175	735165	2	13900	9	2	8	0	2	13923
TP1_synth_reverse		82	A	733241	23	1427	129	0	82	120	735022	13911	0	12	0	0	0	0	13923
TP1_synth_reverse		83	A	734363	41	288	75	0	172	82	735021	13920	0	3	0	0	0	0	13923
TP1_synth_reverse		84	A	734182	30	38	418	69	204	57	734998	13913	0	0	8	2	0	0	13923
TP1_synth_reverse		85	G	118	316	10	733969	2	106	392	734913	1	0	0	13921	0	0	1	13923
TP1_synth_reverse		86	C	525	734126	0	36	15	82	89	734873	1	13921	0	0	1	0	0	13923
TP1_synth_reverse		87	T	935	79	1	26	1	276	733501	734819	0	0	0	0	0	0	13923	13923
TP1_synth_reverse		88	G	155	425	115	733576	172	113	226	734782	1	0	2	13919	1	0	0	13923
TP1_synth_reverse		89	T	566	120	325	16	0	39	733678	734744	0	0	2	0	0	0	13921	13923
TP1_synth_reverse		90	T	497	100	0	57	0	79	733859	734592	0	0	0	1	0	0	13920	13921
TP1_synth_reverse		91	C	480	733337	0	202	0	297	119	734435	0	13917	0	2	0	1	1	13921
TP1_synth_reverse		92	C	370	732926	0	87	0	309	352	734044	0	13918	0	1	0	0	1	13920
TP1_synth_reverse		93	G	460	315	0	732009	0	121	149	733054	4	0	0	13908	0	0	0	13912
TP1_synth_reverse		94	T	429	104	0	40	0	78	732007	732658	0	0	0	0	0	0	13912	13912
TP1_synth_reverse		95	C	0	732166	0	0	0	166	0	732332	0	13912	0	0	0	0	0	13912
TP1_synth_reverse		96	C	0	731254	0	0	0	114	0	731368	0	13910	0	0	0	0	0	13910
TP1_synth_reverse		97	C	0	729799	0	0	0	157	0	729956	0	13904	0	0	0	0	0	13904
TP1_synth_reverse		98	A	727888	0	0	0	0	0	0	727888	13899	0	0	0	0	0	0	13899
TP1_synth_reverse		99	G	0	0	0	726716	0	0	0	726716	0	0	0	13896	0	0	0	13896
