



























































































































































































































#AmpliconChromStart	Alias	Position	ProbableRef	rawA	rawC	rawD	rawG	rawI	rawN	rawT	rawDepth	consA	consC	consD	consG	consI	consN	consT	consDepth	
TP1_synth_reverse		1	G	0	0	0	728134	0	0	0	728134	0	0	0	11268	0	0	0	11268
TP1_synth_reverse		2	T	0	0	0	0	0	0	729528	729528	0	0	0	0	0	0	11278	11278
TP1_synth_reverse		3	G	0	0	0	731631	0	76	0	731707	0	0	0	11297	0	0	0	11297
TP1_synth_reverse		4	G	0	0	0	732442	0	45	0	732487	0	0	0	11302	0	0	0	11302
TP1_synth_reverse		5	T	0	0	0	0	0	20	732896	732916	0	0	0	0	0	0	11307	11307
TP1_synth_reverse		6	G	245	56	0	733205	0	9	172	733687	1	0	0	11311	0	0	1	11313
TP1_synth_reverse		7	A	733511	24	0	86	0	69	102	733792	11316	0	0	0	0	0	0	11316
TP1_synth_reverse		8	G	140	60	0	733617	0	96	215	734128	1	0	0	11318	0	0	2	11321
TP1_synth_reverse		9	G	112	128	0	733856	0	22	344	734462	0	0	0	11325	0	0	1	11326
TP1_synth_reverse		10	C	202	734047	127	16	1	24	72	734489	0	11327	0	0	0	0	0	11327
TP1_synth_reverse		11	T	129	230	332	9	999	21	732784	734504	0	0	2	0	10	0	11315	11327
TP1_synth_reverse		12	C	256	732272	1731	9	1	65	170	734504	0	11313	13	0	0	0	1	11327
TP1_synth_reverse		13	C	348	733960	3	26	1	96	83	734517	0	11327	0	0	0	0	0	11327
TP1_synth_reverse		14	C	315	734046	0	16	3	37	100	734517	0	11327	0	0	0	0	0	11327
TP1_synth_reverse		15	C	386	733504	185	18	134	62	228	734517	1	11317	4	0	2	0	3	11327
TP1_synth_reverse		16	T	271	339	1850	9	0	169	731879	734517	0	1	26	0	0	0	11300	11327
TP1_synth_reverse		17	T	273	114	667	12	0	43	733408	734517	0	0	11	0	0	0	11316	11327
TP1_synth_reverse		18	T	250	106	666	5	218	50	733222	734517	0	0	10	0	5	0	11312	11327
TP1_synth_reverse		19	C	266	732297	1620	15	139	56	266	734659	0	11303	19	0	3	0	3	11328
TP1_synth_reverse		20	T	191	80	626	13	1	28	733720	734659	0	0	13	0	0	0	11315	11328
TP1_synth_reverse		21	T	398	212	242	1002	1017	80	731708	734659	0	3	6	17	13	0	11289	11328
TP1_synth_reverse		22	G	286	596	438	732562	484	10	283	734659	1	2	8	11311	5	0	1	11328
TP1_synth_reverse		23	C	448	724411	634	3902	4583	24	665	734667	0	11207	8	54	56	0	3	11328
TP1_synth_reverse		24	G	223	133	719	732997	13	55	527	734667	3	0	10	11315	0	0	0	11328
TP1_synth_reverse		25	G	81	499	385	732366	974	83	279	734667	0	0	10	11306	12	0	0	11328
TP1_synth_reverse		26	A	732073	17	866	584	1001	33	117	734691	11293	0	16	6	15	0	0	11330
TP1_synth_reverse		27	G	60	624	716	732631	443	15	202	734691	0	0	16	11311	2	0	1	11330
TP1_synth_reverse		28	A	732099	33	2133	88	198	41	99	734691	11300	0	29	0	1	0	0	11330
TP1_synth_reverse		29	T	233	75	2312	146	1	122	731802	734691	0	0	31	1	0	0	11298	11330
TP1_synth_reverse		30	T	754	86	1038	40	381	100	732292	734691	0	0	16	0	5	0	11309	11330
TP1_synth_reverse		31	C	571	731696	1347	28	4	73	715	734434	1	11301	19	0	0	0	9	11330
TP1_synth_reverse		32	T	502	151	1684	31	33	309	731585	734295	1	2	21	0	1	0	11302	11327
TP1_synth_reverse		33	C	348	731660	2122	64	93	113	68	734468	0	11299	26	2	1	0	0	11328
TP1_synth_reverse		34	T	605	131	2698	52	1	66	730961	734514	0	1	35	0	0	0	11293	11329
TP1_synth_reverse		35	T	1184	541	1875	45	955	66	729832	734498	0	5	24	0	9	0	11291	11329
TP1_synth_reverse		36	C	619	730468	2951	33	1	58	230	734360	1	11289	36	1	0	0	2	11329
TP1_synth_reverse		37	C	505	730953	2167	42	13	62	598	734340	1	11294	25	0	1	0	8	11329
TP1_synth_reverse		38	T	564	270	2306	269	104	26	730791	734330	0	2	29	3	3	0	11292	11329
TP1_synth_reverse		39	C	334	730918	2439	250	127	62	189	734319	1	11288	30	3	4	0	3	11329
TP1_synth_reverse		40	T	1050	90	2526	2621	562	142	727321	734312	1	0	32	34	7	0	11255	11329
TP1_synth_reverse		41	G	423	561	2793	730091	134	20	282	734304	0	1	34	11291	3	0	0	11329
TP1_synth_reverse		42	T	1729	100	1829	188	3377	48	727273	734544	1	1	23	3	33	0	11272	11333
TP1_synth_reverse		43	G	339	426	1139	731801	387	326	359	734777	0	1	17	11313	4	0	0	11335
TP1_synth_reverse		44	C	439	725667	1914	3998	1412	134	1219	734783	1	11242	19	47	15	0	12	11336
TP1_synth_reverse		45	G	453	691	1619	729984	455	49	1375	734626	5	4	17	11300	6	0	3	11335
TP1_synth_reverse		46	C	652	731499	1770	449	3	9	176	734558	1	11306	23	3	0	0	2	11335
TP1_synth_reverse		47	C	268	727289	608	3559	2097	29	705	734555	0	11243	10	51	28	0	3	11335
TP1_synth_reverse		48	G	685	473	877	731532	91	37	1053	734748	5	0	17	11308	1	0	5	11336
TP1_synth_reverse		49	A	733609	47	937	83	3	193	129	735001	11324	0	13	0	0	0	0	11337
TP1_synth_reverse		50	T	1009	71	777	403	20	100	732602	734982	1	0	11	1	0	0	11324	11337
TP1_synth_reverse		51	A	733759	42	815	95	34	104	144	734993	11323	0	14	0	0	0	1	11338
TP1_synth_reverse		52	C	401	732899	691	139	284	251	318	734983	0	11324	12	0	1	0	1	11338
TP1_synth_reverse		53	A	731882	35	781	836	1055	286	122	734997	11298	0	16	14	11	0	0	11339
TP1_synth_reverse		54	G	225	252	857	732980	57	90	769	735230	3	2	15	11316	1	0	4	11341
TP1_synth_reverse		55	A	733570	75	1311	92	0	123	64	735235	11326	1	14	0	0	0	0	11341
TP1_synth_reverse		56	A	733923	11	942	140	219	95	106	735436	11328	0	13	0	1	0	0	11342
TP1_synth_reverse		57	T	1389	70	1299	196	16	162	732227	735359	0	0	17	0	1	0	11321	11339
TP1_synth_reverse		58	A	733160	583	1041	87	135	262	111	735379	11317	9	13	0	1	0	0	11340
TP1_synth_reverse		59	T	794	1308	1546	81	7	324	731281	735341	0	17	22	0	0	0	11300	11339
TP1_synth_reverse		60	C	744	732934	1249	47	19	231	70	735294	1	11320	17	0	0	0	0	11338
TP1_synth_reverse		61	T	994	74	1801	5909	742	174	725495	735189	1	0	24	69	16	0	11228	11338
TP1_synth_reverse		62	G	481	194	1070	730666	53	287	2333	735084	2	0	19	11291	1	0	25	11338
TP1_synth_reverse		63	T	1621	90	1320	21	1	134	731924	735111	0	0	23	0	0	0	11317	11340
TP1_synth_reverse		64	T	1605	662	1195	113	372	32	730868	734847	0	4	24	1	1	0	11308	11338
TP1_synth_reverse		65	C	954	729963	1287	1605	424	153	452	734838	1	11274	24	25	8	0	6	11338
TP1_synth_reverse		66	G	362	321	969	732750	108	68	442	735020	2	0	18	11319	1	0	2	11342
TP1_synth_reverse		67	C	751	732439	1516	41	1	183	86	735017	0	11317	25	0	0	0	0	11342
TP1_synth_reverse		68	A	733356	192	1330	113	6	74	81	735152	11322	0	21	0	0	0	0	11343
TP1_synth_reverse		69	C	266	733442	1200	35	1	57	302	735303	0	11323	19	0	0	0	3	11345
TP1_synth_reverse		70	T	903	161	1465	43	193	114	732401	735280	0	1	18	0	4	0	11322	11345
TP1_synth_reverse		71	C	295	731885	2139	220	322	309	105	735275	0	11314	26	1	4	0	0	11345
TP1_synth_reverse		72	C	558	727454	1272	5128	569	131	155	735267	0	11261	19	57	8	0	0	11345
TP1_synth_reverse		73	G	191	422	1685	732025	9	313	596	735241	3	0	21	11319	0	0	2	11345
TP1_synth_reverse		74	A	730610	55	1283	2970	159	125	36	735238	11289	0	16	39	1	0	0	11345
TP1_synth_reverse		75	G	140	303	1948	731809	0	59	971	735230	1	0	20	11317	0	0	7	11345
TP1_synth_reverse		76	T	756	76	1772	9483	277	56	722795	735215	0	0	19	92	4	0	11230	11345
TP1_synth_reverse		77	G	477	316	768	733212	10	59	366	735208	3	0	7	11334	0	0	1	11345
TP1_synth_reverse		78	C	363	727606	1310	2935	862	392	1733	735201	0	11294	12	25	6	0	8	11345
TP1_synth_reverse		79	G	1033	496	741	732505	2	121	299	735197	10	1	9	11324	0	0	1	11345
TP1_synth_reverse		80	G	1075	221	442	733066	1	114	258	735177	6	0	3	11336	0	0	0	11345
TP1_synth_reverse		81	C	460	732268	1202	109	879	67	175	735160	2	11328	6	1	7	0	1	11345
TP1_synth_reverse		82	A	733236	23	1427	129	0	82	120	735017	11334	0	11	0	0	0	0	11345
TP1_synth_reverse		83	A	734358	41	288	75	0	172	82	735016	11342	0	3	0	0	0	0	11345
TP1_synth_reverse		84	A	734177	30	38	418	69	204	57	734993	11337	0	0	6	2	0	0	11345
TP1_synth_reverse		85	G	118	317	10	733964	2	106	391	734908	1	0	0	11343	0	0	1	11345
TP1_synth_reverse		86	C	525	734120	0	36	15	82	89	734867	1	11343	0	0	1	0	0	11345
TP1_synth_reverse		87	T	934	79	1	26	1	276	733496	734813	0	0	0	0	0	0	11345	11345
TP1_synth_reverse		88	G	155	424	115	733571	172	113	226	734776	1	0	2	11341	1	0	0	11345
TP1_synth_reverse		89	T	565	120	325	16	0	39	733673	734738	0	0	2	0	0	0	11343	11345
TP1_synth_reverse		90	T	496	100	0	57	0	79	733854	734586	0	0	0	1	0	0	11343	11344
TP1_synth_reverse		91	C	480	733330	0	202	0	297	119	734428	0	11341	0	2	0	1	0	11344
TP1_synth_reverse		92	C	370	732920	0	87	0	309	352	734038	0	11343	0	1	0	0	0	11344
TP1_synth_reverse		93	G	460	315	0	732001	0	121	151	733048	4	0	0	11336	0	0	0	11340
TP1_synth_reverse		94	T	429	104	0	40	0	78	732002	732653	0	0	0	0	0	0	11340	11340
TP1_synth_reverse		95	C	0	732161	0	0	0	166	0	732327	0	11340	0	0	0	0	0	11340
TP1_synth_reverse		96	C	0	731249	0	0	0	114	0	731363	0	11339	0	0	0	0	0	11339
TP1_synth_reverse		97	C	0	729794	0	0	0	157	0	729951	0	11335	0	0	0	0	0	11335
TP1_synth_reverse		98	A	727883	0	0	0	0	0	0	727883	11332	0	0	0	0	0	0	11332
TP1_synth_reverse		99	G	0	0	0	726712	0	0	0	726712	0	0	0	11329	0	0	0	11329
