



























































































































































































































#AmpliconChromStart	Alias	Position	ProbableRef	rawA	rawC	rawD	rawG	rawI	rawN	rawT	rawDepth	consA	consC	consD	consG	consI	consN	consT	consDepth	
TP1_synth_reverse		1	G	0	0	0	728134	0	0	0	728134	0	0	0	9292	0	0	0	9292
TP1_synth_reverse		2	T	0	0	0	0	0	0	729528	729528	0	0	0	0	0	0	9301	9301
TP1_synth_reverse		3	G	0	0	0	731631	0	76	0	731707	0	0	0	9318	0	0	0	9318
TP1_synth_reverse		4	G	0	0	0	732442	0	45	0	732487	0	0	0	9322	0	0	0	9322
TP1_synth_reverse		5	T	0	0	0	0	0	20	732896	732916	0	0	0	0	0	0	9325	9325
TP1_synth_reverse		6	G	245	56	0	733205	0	9	172	733687	1	0	0	9329	0	0	0	9330
TP1_synth_reverse		7	A	733511	24	0	86	0	69	102	733792	9332	0	0	0	0	0	0	9332
TP1_synth_reverse		8	G	140	60	0	733617	0	96	215	734128	1	0	0	9334	0	0	1	9336
TP1_synth_reverse		9	G	112	128	0	733856	0	22	344	734462	0	0	0	9339	0	0	1	9340
TP1_synth_reverse		10	C	202	734047	127	16	1	24	72	734489	0	9341	0	0	0	0	0	9341
TP1_synth_reverse		11	T	129	230	332	9	999	21	732769	734489	0	0	2	0	10	0	9329	9341
TP1_synth_reverse		12	C	256	732268	1731	9	1	65	170	734500	0	9329	11	0	0	0	1	9341
TP1_synth_reverse		13	C	348	733943	3	26	1	96	83	734500	0	9341	0	0	0	0	0	9341
TP1_synth_reverse		14	C	315	734029	0	16	3	37	100	734500	0	9341	0	0	0	0	0	9341
TP1_synth_reverse		15	C	386	733487	185	18	134	62	228	734500	1	9331	4	0	2	0	3	9341
TP1_synth_reverse		16	T	269	339	1850	9	0	169	731864	734500	0	1	21	0	0	0	9319	9341
TP1_synth_reverse		17	T	272	114	667	12	0	43	733392	734500	0	0	9	0	0	0	9332	9341
TP1_synth_reverse		18	T	250	106	666	5	218	50	733205	734500	0	0	8	0	3	0	9330	9341
TP1_synth_reverse		19	C	266	732280	1620	15	139	56	266	734642	0	9321	16	0	2	0	3	9342
TP1_synth_reverse		20	T	191	80	626	13	1	28	733707	734646	0	0	13	0	0	0	9329	9342
TP1_synth_reverse		21	T	398	212	242	1002	1017	80	731695	734646	0	3	4	17	11	0	9307	9342
TP1_synth_reverse		22	G	286	595	438	732550	484	10	283	734646	1	2	6	9327	5	0	1	9342
TP1_synth_reverse		23	C	447	724391	634	3902	4583	24	665	734646	0	9237	8	47	47	0	3	9342
TP1_synth_reverse		24	G	223	134	719	732975	13	55	527	734646	1	0	9	9332	0	0	0	9342
TP1_synth_reverse		25	G	81	498	385	732346	974	83	279	734646	0	0	10	9323	9	0	0	9342
TP1_synth_reverse		26	A	732052	17	866	584	1001	33	117	734670	9311	0	14	4	14	0	0	9343
TP1_synth_reverse		27	G	61	624	716	732609	443	15	202	734670	0	0	14	9326	2	0	1	9343
TP1_synth_reverse		28	A	732078	33	2133	88	198	41	99	734670	9317	0	25	0	1	0	0	9343
TP1_synth_reverse		29	T	230	75	2312	145	1	122	731785	734670	0	0	24	1	0	0	9318	9343
TP1_synth_reverse		30	T	753	86	1038	40	381	100	732272	734670	0	0	15	0	5	0	9323	9343
TP1_synth_reverse		31	C	569	731677	1347	28	4	73	715	734413	1	9316	18	0	0	0	8	9343
TP1_synth_reverse		32	T	502	151	1684	31	33	309	731564	734274	1	1	19	0	1	0	9319	9341
TP1_synth_reverse		33	C	348	731641	2120	64	93	113	68	734447	0	9317	23	1	1	0	0	9342
TP1_synth_reverse		34	T	603	131	2696	52	1	66	730944	734493	0	1	30	0	0	0	9312	9343
TP1_synth_reverse		35	T	1184	541	1873	45	955	66	729813	734477	0	4	21	0	8	0	9310	9343
TP1_synth_reverse		36	C	617	730451	2949	33	1	58	230	734339	1	9308	32	0	0	0	2	9343
TP1_synth_reverse		37	C	502	730935	2167	42	13	62	598	734319	1	9313	22	0	0	0	7	9343
TP1_synth_reverse		38	T	561	270	2306	269	104	26	730773	734309	0	2	25	2	3	0	9311	9343
TP1_synth_reverse		39	C	334	730898	2439	249	127	62	189	734298	0	9309	27	2	3	0	2	9343
TP1_synth_reverse		40	T	1049	90	2526	2621	562	142	727301	734291	1	0	28	30	7	0	9277	9343
TP1_synth_reverse		41	G	422	561	2792	730072	134	20	282	734283	0	1	31	9310	1	0	0	9343
TP1_synth_reverse		42	T	1729	100	1828	188	3377	48	727253	734523	0	1	20	2	31	0	9293	9347
TP1_synth_reverse		43	G	338	426	1138	731783	387	326	358	734756	0	1	15	9329	4	0	0	9349
TP1_synth_reverse		44	C	438	725648	1913	3998	1412	134	1219	734762	0	9271	16	40	14	0	8	9349
TP1_synth_reverse		45	G	453	689	1619	729978	455	49	1371	734614	3	3	15	9321	5	0	1	9348
TP1_synth_reverse		46	C	652	731487	1770	449	3	9	176	734546	1	9324	19	2	0	0	2	9348
TP1_synth_reverse		47	C	266	727279	608	3559	2097	29	705	734543	0	9270	7	42	26	0	3	9348
TP1_synth_reverse		48	G	685	474	877	731520	91	37	1052	734736	5	0	15	9324	1	0	4	9349
TP1_synth_reverse		49	A	733597	47	937	83	3	193	129	734989	9338	0	12	0	0	0	0	9350
TP1_synth_reverse		50	T	1006	71	776	403	20	100	732594	734970	1	0	10	1	0	0	9338	9350
TP1_synth_reverse		51	A	733747	42	815	95	34	104	144	734981	9337	0	13	0	0	0	1	9351
TP1_synth_reverse		52	C	404	732884	691	139	284	251	318	734971	0	9339	10	0	1	0	1	9351
TP1_synth_reverse		53	A	731869	35	781	836	1056	286	122	734985	9319	0	15	9	9	0	0	9352
TP1_synth_reverse		54	G	224	252	857	732969	57	90	769	735218	2	2	12	9333	1	0	4	9354
TP1_synth_reverse		55	A	733558	75	1311	92	0	123	64	735223	9343	0	12	0	0	0	0	9355
TP1_synth_reverse		56	A	733911	11	942	140	219	95	106	735424	9345	0	10	0	1	0	0	9356
TP1_synth_reverse		57	T	1389	70	1299	196	16	162	732215	735347	0	0	13	0	0	0	9343	9356
TP1_synth_reverse		58	A	733149	582	1041	87	135	262	111	735367	9337	9	10	0	1	0	0	9357
TP1_synth_reverse		59	T	795	1308	1546	81	7	324	731268	735329	0	14	16	0	0	0	9326	9356
TP1_synth_reverse		60	C	742	732924	1249	47	19	231	70	735282	1	9341	14	0	0	0	0	9356
TP1_synth_reverse		61	T	993	74	1801	5909	742	174	725484	735177	1	0	18	55	12	0	9270	9356
TP1_synth_reverse		62	G	482	194	1070	730654	53	287	2332	735072	2	0	14	9320	0	0	20	9356
TP1_synth_reverse		63	T	1624	90	1320	21	1	134	731909	735099	0	0	17	0	0	0	9340	9357
TP1_synth_reverse		64	T	1601	662	1195	113	372	32	730860	734835	0	4	19	1	1	0	9330	9355
TP1_synth_reverse		65	C	954	729951	1287	1605	424	153	452	734826	1	9303	18	23	5	0	5	9355
TP1_synth_reverse		66	G	364	320	969	732737	108	68	443	735009	2	0	14	9339	1	0	2	9358
TP1_synth_reverse		67	C	751	732428	1516	41	1	183	86	735006	0	9338	20	0	0	0	0	9358
TP1_synth_reverse		68	A	733345	192	1330	113	6	74	81	735141	9342	0	17	0	0	0	0	9359
TP1_synth_reverse		69	C	265	733432	1200	35	1	57	302	735292	0	9341	17	0	0	0	3	9361
TP1_synth_reverse		70	T	901	161	1465	43	193	114	732392	735269	0	1	16	0	4	0	9340	9361
TP1_synth_reverse		71	C	293	731876	2140	220	322	309	105	735265	0	9333	23	1	4	0	0	9361
TP1_synth_reverse		72	C	558	727443	1272	5129	569	131	155	735257	0	9288	17	49	7	0	0	9361
TP1_synth_reverse		73	G	191	422	1685	732016	9	313	595	735231	3	0	18	9339	0	0	1	9361
TP1_synth_reverse		74	A	730600	55	1283	2970	159	125	36	735228	9318	0	14	28	1	0	0	9361
TP1_synth_reverse		75	G	140	303	1948	731800	0	59	970	735220	0	0	20	9334	0	0	7	9361
TP1_synth_reverse		76	T	756	76	1772	9482	277	56	722787	735206	0	0	18	80	1	0	9262	9361
TP1_synth_reverse		77	G	477	315	768	733204	10	59	366	735199	3	0	7	9350	0	0	1	9361
TP1_synth_reverse		78	C	364	727596	1310	2935	862	392	1733	735192	0	9315	12	21	6	0	7	9361
TP1_synth_reverse		79	G	1033	496	741	732497	1	121	299	735188	8	1	7	9344	0	0	1	9361
TP1_synth_reverse		80	G	1076	221	442	733056	1	114	258	735168	6	0	3	9352	0	0	0	9361
TP1_synth_reverse		81	C	459	732260	1202	109	879	67	175	735151	2	9347	6	1	5	0	0	9361
TP1_synth_reverse		82	A	733227	23	1427	129	0	82	120	735008	9353	0	8	0	0	0	0	9361
TP1_synth_reverse		83	A	734349	41	288	75	0	172	82	735007	9359	0	2	0	0	0	0	9361
TP1_synth_reverse		84	A	734168	30	38	418	69	204	57	734984	9359	0	0	1	1	0	0	9361
TP1_synth_reverse		85	G	118	316	10	733955	2	106	392	734899	0	0	0	9360	0	0	1	9361
TP1_synth_reverse		86	C	526	734112	0	35	15	82	89	734859	1	9359	0	0	1	0	0	9361
TP1_synth_reverse		87	T	933	79	1	26	1	276	733489	734805	0	0	0	0	0	0	9361	9361
TP1_synth_reverse		88	G	155	424	115	733564	172	113	225	734768	1	0	2	9357	1	0	0	9361
TP1_synth_reverse		89	T	565	120	325	16	0	39	733665	734730	0	0	1	0	0	0	9360	9361
TP1_synth_reverse		90	T	496	100	0	57	0	79	733847	734579	0	0	0	1	0	0	9359	9360
TP1_synth_reverse		91	C	480	733324	0	202	0	297	119	734422	0	9357	0	2	0	1	0	9360
TP1_synth_reverse		92	C	370	732914	0	87	0	309	352	734032	0	9360	0	0	0	0	0	9360
TP1_synth_reverse		93	G	460	315	0	731996	0	121	150	733042	3	0	0	9354	0	0	0	9357
TP1_synth_reverse		94	T	429	104	0	40	0	78	731995	732646	0	0	0	0	0	0	9357	9357
TP1_synth_reverse		95	C	0	732154	0	0	0	166	0	732320	0	9357	0	0	0	0	0	9357
TP1_synth_reverse		96	C	0	731243	0	0	0	114	0	731357	0	9357	0	0	0	0	0	9357
TP1_synth_reverse		97	C	0	729788	0	0	0	157	0	729945	0	9355	0	0	0	0	0	9355
TP1_synth_reverse		98	A	727877	0	0	0	0	0	0	727877	9353	0	0	0	0	0	0	9353
TP1_synth_reverse		99	G	0	0	0	726705	0	0	0	726705	0	0	0	9352	0	0	0	9352
