



























































































































































































































#AmpliconChromStart	Alias	Position	ProbableRef	rawA	rawC	rawD	rawG	rawI	rawN	rawT	rawDepth	consA	consC	consD	consG	consI	consN	consT	consDepth	
TP1_synth_reverse		1	G	0	0	0	728134	0	0	0	728134	0	0	0	12327	0	0	0	12327
TP1_synth_reverse		2	T	0	0	0	0	0	0	729528	729528	0	0	0	0	0	0	12337	12337
TP1_synth_reverse		3	G	0	0	0	731631	0	76	0	731707	0	0	0	12360	0	0	0	12360
TP1_synth_reverse		4	G	0	0	0	732442	0	45	0	732487	0	0	0	12365	0	0	0	12365
TP1_synth_reverse		5	T	0	0	0	0	0	20	732896	732916	0	0	0	0	0	0	12370	12370
TP1_synth_reverse		6	G	245	56	0	733205	0	9	172	733687	1	0	0	12374	0	0	1	12376
TP1_synth_reverse		7	A	733511	24	0	86	0	69	102	733792	12379	0	0	0	0	0	0	12379
TP1_synth_reverse		8	G	140	60	0	733617	0	96	215	734128	1	0	0	12380	0	0	3	12384
TP1_synth_reverse		9	G	112	128	0	733856	0	22	344	734462	0	0	0	12390	0	0	1	12391
TP1_synth_reverse		10	C	202	734047	127	16	1	24	72	734489	0	12392	0	0	0	0	0	12392
TP1_synth_reverse		11	T	129	230	332	9	999	21	732769	734489	0	0	3	0	10	0	12379	12392
TP1_synth_reverse		12	C	256	732257	1731	9	1	65	170	734489	0	12374	17	0	0	0	1	12392
TP1_synth_reverse		13	C	348	733945	3	26	1	96	83	734502	0	12392	0	0	0	0	0	12392
TP1_synth_reverse		14	C	315	734031	0	16	3	37	100	734502	0	12392	0	0	0	0	0	12392
TP1_synth_reverse		15	C	386	733489	185	18	134	62	228	734502	1	12381	4	0	2	0	4	12392
TP1_synth_reverse		16	T	269	339	1850	9	0	169	731866	734502	0	1	28	0	0	0	12363	12392
TP1_synth_reverse		17	T	272	114	667	12	0	43	733394	734502	0	0	11	0	0	0	12381	12392
TP1_synth_reverse		18	T	249	106	666	5	218	50	733208	734502	0	0	12	0	5	0	12375	12392
TP1_synth_reverse		19	C	266	732282	1620	15	139	56	266	734644	0	12366	21	0	3	0	3	12393
TP1_synth_reverse		20	T	191	80	626	13	1	28	733709	734648	0	0	13	0	0	0	12380	12393
TP1_synth_reverse		21	T	398	212	242	1002	1017	80	731697	734648	0	3	7	19	14	0	12350	12393
TP1_synth_reverse		22	G	286	594	438	732553	484	10	283	734648	1	2	9	12375	5	0	1	12393
TP1_synth_reverse		23	C	447	724393	634	3902	4583	24	665	734648	0	12262	8	57	63	0	3	12393
TP1_synth_reverse		24	G	223	133	719	732978	13	55	527	734648	4	0	10	12379	0	0	0	12393
TP1_synth_reverse		25	G	81	498	385	732348	974	83	279	734648	0	0	10	12369	14	0	0	12393
TP1_synth_reverse		26	A	732054	17	866	584	1001	33	117	734672	12356	0	17	6	16	0	0	12395
TP1_synth_reverse		27	G	61	624	716	732611	443	15	202	734672	0	0	20	12372	2	0	1	12395
TP1_synth_reverse		28	A	732080	33	2133	88	198	41	99	734672	12362	0	32	0	1	0	0	12395
TP1_synth_reverse		29	T	231	75	2312	146	1	122	731785	734672	0	0	37	2	0	0	12356	12395
TP1_synth_reverse		30	T	751	86	1038	40	381	100	732276	734672	0	0	18	0	5	0	12372	12395
TP1_synth_reverse		31	C	569	731679	1347	28	4	73	715	734415	2	12363	21	0	0	0	9	12395
TP1_synth_reverse		32	T	502	151	1684	31	33	309	731566	734276	1	2	25	0	1	0	12363	12392
TP1_synth_reverse		33	C	348	731641	2122	64	93	113	68	734449	0	12359	30	2	2	0	0	12393
TP1_synth_reverse		34	T	604	131	2698	52	1	66	730943	734495	0	2	39	0	0	0	12353	12394
TP1_synth_reverse		35	T	1183	541	1875	45	955	66	729814	734479	0	5	28	0	9	0	12352	12394
TP1_synth_reverse		36	C	618	730450	2951	33	1	58	230	734341	1	12349	41	1	0	0	2	12394
TP1_synth_reverse		37	C	501	730938	2167	42	13	62	598	734321	1	12354	30	0	1	0	8	12394
TP1_synth_reverse		38	T	562	270	2306	269	104	26	730774	734311	0	2	35	3	3	0	12351	12394
TP1_synth_reverse		39	C	334	730900	2439	249	127	62	189	734300	1	12348	34	3	4	0	4	12394
TP1_synth_reverse		40	T	1049	90	2526	2621	562	142	727303	734293	1	0	38	38	8	0	12309	12394
TP1_synth_reverse		41	G	422	561	2792	730079	134	20	282	734290	0	1	38	12351	3	0	1	12394
TP1_synth_reverse		42	T	1728	100	1828	188	3377	48	727261	734530	1	1	27	4	36	0	12329	12398
TP1_synth_reverse		43	G	338	425	1138	731790	387	326	359	734763	0	1	18	12377	4	0	0	12400
TP1_synth_reverse		44	C	437	725656	1913	3998	1412	134	1219	734769	1	12298	20	52	17	0	13	12401
TP1_synth_reverse		45	G	453	689	1619	729984	455	49	1372	734621	6	5	18	12361	6	0	4	12400
TP1_synth_reverse		46	C	652	731494	1770	449	3	9	176	734553	2	12367	24	4	0	0	3	12400
TP1_synth_reverse		47	C	267	727285	608	3559	2097	29	705	734550	0	12302	11	56	28	0	3	12400
TP1_synth_reverse		48	G	685	473	877	731528	91	37	1052	734743	5	0	18	12373	1	0	5	12402
TP1_synth_reverse		49	A	733604	47	937	83	3	193	129	734996	12389	0	14	0	0	0	0	12403
TP1_synth_reverse		50	T	1005	71	776	403	20	100	732602	734977	1	0	13	1	0	0	12388	12403
TP1_synth_reverse		51	A	733737	42	815	95	34	104	144	734971	12387	0	15	0	0	0	1	12403
TP1_synth_reverse		52	C	404	732874	691	139	284	251	318	734961	0	12387	13	1	1	0	1	12403
TP1_synth_reverse		53	A	731859	35	781	836	1056	286	122	734975	12361	0	18	14	11	0	0	12404
TP1_synth_reverse		54	G	225	252	857	732958	57	90	769	735208	3	4	18	12376	1	0	4	12406
TP1_synth_reverse		55	A	733548	75	1311	92	0	123	64	735213	12388	1	17	0	0	0	0	12406
TP1_synth_reverse		56	A	733901	11	942	140	219	95	106	735414	12389	0	17	0	1	0	0	12407
TP1_synth_reverse		57	T	1385	70	1299	196	16	162	732209	735337	0	0	22	0	1	0	12381	12404
TP1_synth_reverse		58	A	733137	584	1041	87	135	262	111	735357	12376	11	17	0	1	0	0	12405
TP1_synth_reverse		59	T	792	1308	1546	81	7	324	731261	735319	0	19	25	0	0	0	12360	12404
TP1_synth_reverse		60	C	742	732914	1249	47	19	231	70	735272	1	12385	18	0	0	0	0	12404
TP1_synth_reverse		61	T	992	74	1801	5909	742	174	725475	735167	1	0	26	72	16	0	12290	12405
TP1_synth_reverse		62	G	481	194	1070	730645	53	287	2332	735062	2	0	21	12354	1	0	27	12405
TP1_synth_reverse		63	T	1621	90	1320	21	1	134	731902	735089	0	1	25	0	0	0	12381	12407
TP1_synth_reverse		64	T	1599	662	1195	113	372	32	730852	734825	0	5	26	1	1	0	12372	12405
TP1_synth_reverse		65	C	953	729942	1287	1605	424	153	452	734816	1	12336	27	26	8	0	7	12405
TP1_synth_reverse		66	G	363	320	969	732728	108	68	443	734999	2	0	19	12385	1	0	2	12409
TP1_synth_reverse		67	C	751	732418	1516	41	1	183	86	734996	0	12382	27	0	0	0	0	12409
TP1_synth_reverse		68	A	733335	192	1330	113	6	74	81	735131	12388	0	22	0	0	0	0	12410
TP1_synth_reverse		69	C	266	733421	1200	35	1	57	302	735282	0	12386	22	0	0	0	4	12412
TP1_synth_reverse		70	T	900	161	1465	43	193	114	732383	735259	0	1	21	0	4	0	12386	12412
TP1_synth_reverse		71	C	294	731864	2140	220	322	309	105	735254	0	12378	29	1	4	0	0	12412
TP1_synth_reverse		72	C	559	727432	1272	5128	569	131	155	735246	0	12320	20	64	8	0	0	12412
TP1_synth_reverse		73	G	191	421	1685	732006	9	313	595	735220	3	0	22	12385	0	0	2	12412
TP1_synth_reverse		74	A	730589	55	1283	2970	159	125	36	735217	12349	0	18	43	2	0	0	12412
TP1_synth_reverse		75	G	140	302	1948	731789	0	59	971	735209	2	0	20	12383	0	0	7	12412
TP1_synth_reverse		76	T	756	76	1772	9483	277	56	722774	735194	0	0	19	104	4	0	12285	12412
TP1_synth_reverse		77	G	475	315	768	733194	10	59	366	735187	3	0	8	12400	0	0	1	12412
TP1_synth_reverse		78	C	363	727585	1310	2935	862	392	1733	735180	0	12349	13	31	8	0	11	12412
TP1_synth_reverse		79	G	1032	496	741	732486	2	121	298	735176	10	2	9	12390	0	0	1	12412
TP1_synth_reverse		80	G	1075	221	442	733045	1	114	258	735156	6	0	3	12403	0	0	0	12412
TP1_synth_reverse		81	C	460	732247	1202	109	879	67	175	735139	2	12393	8	1	7	0	1	12412
TP1_synth_reverse		82	A	733215	23	1427	129	0	82	120	734996	12400	0	12	0	0	0	0	12412
TP1_synth_reverse		83	A	734337	41	288	75	0	172	82	734995	12409	0	3	0	0	0	0	12412
TP1_synth_reverse		84	A	734156	30	38	418	69	204	57	734972	12403	0	0	7	2	0	0	12412
TP1_synth_reverse		85	G	118	316	10	733943	2	106	392	734887	1	0	0	12410	0	0	1	12412
TP1_synth_reverse		86	C	526	734100	0	35	15	82	89	734847	1	12410	0	0	1	0	0	12412
TP1_synth_reverse		87	T	933	79	1	26	1	276	733477	734793	0	0	0	0	0	0	12412	12412
TP1_synth_reverse		88	G	155	424	115	733552	172	113	225	734756	1	0	2	12408	1	0	0	12412
TP1_synth_reverse		89	T	565	120	325	16	0	39	733653	734718	0	0	2	0	0	0	12410	12412
TP1_synth_reverse		90	T	496	100	0	57	0	79	733834	734566	0	0	0	1	0	0	12409	12410
TP1_synth_reverse		91	C	480	733311	0	202	0	297	119	734409	0	12407	0	2	0	1	0	12410
TP1_synth_reverse		92	C	370	732901	0	87	0	309	352	734019	0	12408	0	1	0	0	1	12410
TP1_synth_reverse		93	G	460	315	0	731984	0	121	149	733029	4	0	0	12401	0	0	0	12405
TP1_synth_reverse		94	T	429	104	0	40	0	78	731982	732633	0	0	0	0	0	0	12405	12405
TP1_synth_reverse		95	C	0	732141	0	0	0	166	0	732307	0	12405	0	0	0	0	0	12405
TP1_synth_reverse		96	C	0	731230	0	0	0	114	0	731344	0	12404	0	0	0	0	0	12404
TP1_synth_reverse		97	C	0	729776	0	0	0	157	0	729933	0	12400	0	0	0	0	0	12400
TP1_synth_reverse		98	A	727865	0	0	0	0	0	0	727865	12397	0	0	0	0	0	0	12397
TP1_synth_reverse		99	G	0	0	0	726694	0	0	0	726694	0	0	0	12394	0	0	0	12394
