



























































































































































































































#AmpliconChromStart	Alias	Position	ProbableRef	rawA	rawC	rawD	rawG	rawI	rawN	rawT	rawDepth	consA	consC	consD	consG	consI	consN	consT	consDepth	
TP1_synth_reverse		1	G	0	0	0	728134	0	0	0	728134	0	0	0	6442	0	0	0	6442
TP1_synth_reverse		2	T	0	0	0	0	0	0	729528	729528	0	0	0	0	0	0	6448	6448
TP1_synth_reverse		3	G	0	0	0	731631	0	76	0	731707	0	0	0	6460	0	0	0	6460
TP1_synth_reverse		4	G	0	0	0	732442	0	45	0	732487	0	0	0	6463	0	0	0	6463
TP1_synth_reverse		5	T	0	0	0	0	0	20	732896	732916	0	0	0	0	0	0	6466	6466
TP1_synth_reverse		6	G	245	56	0	733205	0	9	172	733687	1	0	0	6469	0	0	0	6470
TP1_synth_reverse		7	A	733511	24	0	86	0	69	102	733792	6472	0	0	0	0	0	0	6472
TP1_synth_reverse		8	G	140	60	0	733617	0	96	215	734128	1	0	0	6474	0	0	1	6476
TP1_synth_reverse		9	G	112	128	0	733856	0	22	344	734462	0	0	0	6477	0	0	1	6478
TP1_synth_reverse		10	C	202	734047	127	16	1	24	72	734489	0	6478	0	0	0	0	0	6478
TP1_synth_reverse		11	T	129	230	332	9	999	21	732784	734504	0	0	2	0	8	0	6468	6478
TP1_synth_reverse		12	C	256	732272	1731	9	1	65	170	734504	0	6467	10	0	0	0	1	6478
TP1_synth_reverse		13	C	348	733947	3	26	1	96	83	734504	0	6478	0	0	0	0	0	6478
TP1_synth_reverse		14	C	315	734033	0	16	3	37	100	734504	0	6478	0	0	0	0	0	6478
TP1_synth_reverse		15	C	386	733491	185	18	134	62	228	734504	1	6472	2	0	1	0	2	6478
TP1_synth_reverse		16	T	271	339	1850	9	0	169	731866	734504	0	1	14	0	0	0	6463	6478
TP1_synth_reverse		17	T	273	114	667	12	0	43	733395	734504	0	0	7	0	0	0	6471	6478
TP1_synth_reverse		18	T	250	106	666	5	218	50	733209	734504	0	0	7	0	2	0	6469	6478
TP1_synth_reverse		19	C	266	732284	1620	15	139	56	266	734646	0	6461	14	0	2	0	2	6479
TP1_synth_reverse		20	T	191	80	626	13	1	28	733711	734650	0	0	8	0	0	0	6471	6479
TP1_synth_reverse		21	T	398	212	242	1002	1017	80	731699	734650	0	2	2	11	8	0	6456	6479
TP1_synth_reverse		22	G	286	596	438	732553	484	10	283	734650	1	2	4	6467	4	0	1	6479
TP1_synth_reverse		23	C	448	724394	634	3902	4583	24	665	734650	0	6398	6	35	37	0	3	6479
TP1_synth_reverse		24	G	223	133	719	732980	13	55	527	734650	1	0	7	6471	0	0	0	6479
TP1_synth_reverse		25	G	81	499	385	732363	974	83	279	734664	0	0	5	6466	8	0	0	6479
TP1_synth_reverse		26	A	732070	17	866	584	1001	33	117	734688	6458	0	10	2	9	0	0	6479
TP1_synth_reverse		27	G	61	625	716	732626	443	15	202	734688	0	0	11	6465	2	0	1	6479
TP1_synth_reverse		28	A	732096	33	2133	88	198	41	99	734688	6460	0	18	0	1	0	0	6479
TP1_synth_reverse		29	T	231	75	2312	145	1	122	731802	734688	0	0	20	0	0	0	6459	6479
TP1_synth_reverse		30	T	754	86	1038	40	381	100	732289	734688	0	0	12	0	4	0	6463	6479
TP1_synth_reverse		31	C	570	731694	1347	28	4	73	715	734431	1	6456	15	0	0	0	7	6479
TP1_synth_reverse		32	T	501	151	1684	31	33	309	731583	734292	1	0	17	0	1	0	6459	6478
TP1_synth_reverse		33	C	348	731659	2120	64	93	113	68	734465	0	6458	20	0	1	0	0	6479
TP1_synth_reverse		34	T	605	131	2696	52	1	66	730960	734511	0	0	24	0	0	0	6456	6480
TP1_synth_reverse		35	T	1185	541	1873	45	955	66	729830	734495	0	2	18	0	6	0	6454	6480
TP1_synth_reverse		36	C	618	730468	2949	33	1	58	230	734357	1	6450	27	0	0	0	2	6480
TP1_synth_reverse		37	C	504	730951	2167	42	13	62	598	734337	0	6455	19	0	0	0	6	6480
TP1_synth_reverse		38	T	563	270	2306	269	104	26	730789	734327	0	2	20	0	1	0	6457	6480
TP1_synth_reverse		39	C	335	730914	2439	250	127	62	189	734316	0	6453	22	2	2	0	1	6480
TP1_synth_reverse		40	T	1050	90	2526	2621	562	142	727318	734309	0	0	22	23	6	0	6429	6480
TP1_synth_reverse		41	G	424	562	2792	730086	134	20	283	734301	0	1	23	6455	1	0	0	6480
TP1_synth_reverse		42	T	1730	100	1828	188	3377	48	727270	734541	0	0	14	2	26	0	6442	6484
TP1_synth_reverse		43	G	340	427	1138	731798	387	326	358	734774	0	1	11	6470	4	0	0	6486
TP1_synth_reverse		44	C	439	725665	1913	3998	1412	134	1219	734780	0	6426	12	31	11	0	6	6486
TP1_synth_reverse		45	G	453	690	1619	729988	455	49	1378	734632	2	2	11	6465	5	0	1	6486
TP1_synth_reverse		46	C	654	731503	1770	449	3	9	176	734564	1	6468	15	1	0	0	1	6486
TP1_synth_reverse		47	C	268	727295	608	3559	2097	29	705	734561	0	6429	5	28	21	0	3	6486
TP1_synth_reverse		48	G	685	474	877	731534	91	37	1056	734754	4	0	11	6469	1	0	2	6487
TP1_synth_reverse		49	A	733615	47	937	83	3	193	129	735007	6478	0	9	0	0	0	0	6487
TP1_synth_reverse		50	T	1007	71	777	403	20	100	732610	734988	1	0	7	1	0	0	6478	6487
TP1_synth_reverse		51	A	733765	42	815	95	34	104	144	734999	6478	0	9	0	0	0	0	6487
TP1_synth_reverse		52	C	405	732900	691	139	284	251	318	734988	0	6478	7	0	1	0	1	6487
TP1_synth_reverse		53	A	731887	35	781	836	1055	286	122	735002	6465	0	10	5	7	0	0	6487
TP1_synth_reverse		54	G	225	252	857	732984	57	90	770	735235	2	1	9	6471	1	0	4	6488
TP1_synth_reverse		55	A	733575	75	1311	92	0	123	64	735240	6480	0	9	0	0	0	0	6489
TP1_synth_reverse		56	A	733928	11	942	140	219	95	106	735441	6482	0	7	0	1	0	0	6490
TP1_synth_reverse		57	T	1389	70	1299	196	16	162	732232	735364	0	0	10	0	0	0	6480	6490
TP1_synth_reverse		58	A	733165	583	1041	87	135	262	111	735384	6476	6	7	0	1	0	0	6490
TP1_synth_reverse		59	T	795	1308	1546	81	7	324	731285	735346	0	12	11	0	0	0	6467	6490
TP1_synth_reverse		60	C	743	732940	1249	47	19	231	70	735299	1	6479	10	0	0	0	0	6490
TP1_synth_reverse		61	T	995	74	1801	5909	742	174	725499	735194	0	0	14	49	10	0	6417	6490
TP1_synth_reverse		62	G	483	195	1070	730669	53	287	2332	735089	2	0	9	6463	0	0	16	6490
TP1_synth_reverse		63	T	1622	90	1320	21	1	134	731928	735116	0	0	10	0	0	0	6480	6490
TP1_synth_reverse		64	T	1605	662	1195	113	372	32	730873	734852	0	3	12	1	1	0	6473	6490
TP1_synth_reverse		65	C	954	729968	1287	1605	424	153	452	734843	0	6457	11	15	4	0	3	6490
TP1_synth_reverse		66	G	363	321	969	732753	108	68	443	735025	1	0	9	6479	1	0	2	6492
TP1_synth_reverse		67	C	752	732443	1516	41	1	183	86	735022	0	6479	13	0	0	0	0	6492
TP1_synth_reverse		68	A	733361	192	1330	113	6	74	81	735157	6483	0	10	0	0	0	0	6493
TP1_synth_reverse		69	C	266	733447	1200	35	1	57	302	735308	0	6480	12	0	0	0	3	6495
TP1_synth_reverse		70	T	902	161	1465	43	193	114	732407	735285	0	1	10	0	3	0	6481	6495
TP1_synth_reverse		71	C	294	731890	2140	220	322	309	105	735280	0	6474	16	1	4	0	0	6495
TP1_synth_reverse		72	C	561	727456	1272	5128	569	131	155	735272	0	6440	10	39	6	0	0	6495
TP1_synth_reverse		73	G	191	423	1685	732028	9	313	597	735246	1	0	11	6482	0	0	1	6495
TP1_synth_reverse		74	A	730615	55	1283	2970	159	125	36	735243	6464	0	9	21	1	0	0	6495
TP1_synth_reverse		75	G	140	303	1948	731815	0	59	970	735235	0	0	14	6474	0	0	7	6495
TP1_synth_reverse		76	T	757	76	1772	9483	277	56	722800	735221	0	0	13	69	0	0	6413	6495
TP1_synth_reverse		77	G	477	316	768	733218	10	59	366	735214	3	0	6	6485	0	0	1	6495
TP1_synth_reverse		78	C	364	727611	1310	2935	862	392	1733	735207	0	6455	10	18	5	0	7	6495
TP1_synth_reverse		79	G	1033	496	741	732512	1	121	299	735203	7	1	5	6482	0	0	0	6495
TP1_synth_reverse		80	G	1075	221	442	733071	1	114	259	735183	6	0	3	6486	0	0	0	6495
TP1_synth_reverse		81	C	459	732275	1202	109	879	67	175	735166	1	6483	6	1	4	0	0	6495
TP1_synth_reverse		82	A	733242	23	1427	129	0	82	120	735023	6489	0	6	0	0	0	0	6495
TP1_synth_reverse		83	A	734364	41	288	75	0	172	82	735022	6494	0	1	0	0	0	0	6495
TP1_synth_reverse		84	A	734183	30	38	418	69	204	57	734999	6493	0	0	1	1	0	0	6495
TP1_synth_reverse		85	G	118	317	10	733968	2	106	393	734914	0	0	0	6494	0	0	1	6495
TP1_synth_reverse		86	C	525	734127	0	35	15	82	89	734873	1	6494	0	0	0	0	0	6495
TP1_synth_reverse		87	T	933	79	1	26	1	276	733503	734819	0	0	0	0	0	0	6495	6495
TP1_synth_reverse		88	G	155	424	115	733578	172	113	225	734782	1	0	2	6491	1	0	0	6495
TP1_synth_reverse		89	T	566	120	325	16	0	39	733678	734744	0	0	1	0	0	0	6494	6495
TP1_synth_reverse		90	T	496	100	0	57	0	79	733861	734593	0	0	0	1	0	0	6494	6495
TP1_synth_reverse		91	C	480	733337	0	202	0	297	119	734435	0	6493	0	2	0	0	0	6495
TP1_synth_reverse		92	C	370	732926	0	87	0	309	352	734044	0	6495	0	0	0	0	0	6495
TP1_synth_reverse		93	G	460	315	0	732007	0	121	151	733054	2	0	0	6493	0	0	0	6495
TP1_synth_reverse		94	T	429	104	0	40	0	78	732007	732658	0	0	0	0	0	0	6495	6495
TP1_synth_reverse		95	C	0	732166	0	0	0	166	0	732332	0	6495	0	0	0	0	0	6495
TP1_synth_reverse		96	C	0	731254	0	0	0	114	0	731368	0	6495	0	0	0	0	0	6495
TP1_synth_reverse		97	C	0	729799	0	0	0	157	0	729956	0	6494	0	0	0	0	0	6494
TP1_synth_reverse		98	A	727888	0	0	0	0	0	0	727888	6493	0	0	0	0	0	0	6493
TP1_synth_reverse		99	G	0	0	0	726717	0	0	0	726717	0	0	0	6493	0	0	0	6493
