



























































































































































































































#AmpliconChromStart	Alias	Position	ProbableRef	rawA	rawC	rawD	rawG	rawI	rawN	rawT	rawDepth	consA	consC	consD	consG	consI	consN	consT	consDepth	
TP1_synth_reverse		1	G	0	0	0	728134	0	0	0	728134	0	0	0	5321	0	0	0	5321
TP1_synth_reverse		2	T	0	0	0	0	0	0	729528	729528	0	0	0	0	0	0	5326	5326
TP1_synth_reverse		3	G	0	0	0	731631	0	76	0	731707	0	0	0	5335	0	0	0	5335
TP1_synth_reverse		4	G	0	0	0	732442	0	45	0	732487	0	0	0	5338	0	0	0	5338
TP1_synth_reverse		5	T	0	0	0	0	0	20	732896	732916	0	0	0	0	0	0	5341	5341
TP1_synth_reverse		6	G	245	56	0	733205	0	9	172	733687	1	0	0	5343	0	0	0	5344
TP1_synth_reverse		7	A	733511	24	0	86	0	69	102	733792	5345	0	0	0	0	0	0	5345
TP1_synth_reverse		8	G	140	60	0	733617	0	96	215	734128	1	0	0	5347	0	0	1	5349
TP1_synth_reverse		9	G	112	128	0	733856	0	22	344	734462	0	0	0	5350	0	0	1	5351
TP1_synth_reverse		10	C	202	734047	127	16	1	24	72	734489	0	5351	0	0	0	0	0	5351
TP1_synth_reverse		11	T	129	230	332	9	999	21	732769	734489	0	0	2	0	7	0	5342	5351
TP1_synth_reverse		12	C	256	732268	1731	9	1	65	170	734500	0	5342	9	0	0	0	0	5351
TP1_synth_reverse		13	C	348	733956	3	26	1	96	83	734513	0	5351	0	0	0	0	0	5351
TP1_synth_reverse		14	C	315	734042	0	16	3	37	100	734513	0	5351	0	0	0	0	0	5351
TP1_synth_reverse		15	C	386	733500	185	18	134	62	228	734513	1	5346	1	0	1	0	2	5351
TP1_synth_reverse		16	T	269	339	1850	9	0	169	731895	734531	0	1	11	0	0	0	5339	5351
TP1_synth_reverse		17	T	272	114	667	12	0	43	733423	734531	0	0	5	0	0	0	5346	5351
TP1_synth_reverse		18	T	250	106	666	5	218	50	733236	734531	0	0	5	0	1	0	5345	5351
TP1_synth_reverse		19	C	266	732311	1620	15	139	56	266	734673	0	5336	12	0	2	0	2	5352
TP1_synth_reverse		20	T	191	80	626	13	1	28	733734	734673	0	0	8	0	0	0	5344	5352
TP1_synth_reverse		21	T	398	212	242	1002	1017	80	731722	734673	0	1	2	7	7	0	5335	5352
TP1_synth_reverse		22	G	286	595	438	732577	484	10	283	734673	1	2	3	5341	4	0	1	5352
TP1_synth_reverse		23	C	448	724417	634	3902	4583	24	665	734673	0	5282	5	28	34	0	3	5352
TP1_synth_reverse		24	G	223	135	719	733000	13	55	528	734673	1	0	5	5346	0	0	0	5352
TP1_synth_reverse		25	G	81	498	385	732373	974	83	279	734673	0	0	4	5341	7	0	0	5352
TP1_synth_reverse		26	A	732079	17	866	584	1001	33	117	734697	5334	0	9	2	7	0	0	5352
TP1_synth_reverse		27	G	60	625	716	732636	443	15	202	734697	0	0	8	5341	2	0	1	5352
TP1_synth_reverse		28	A	732105	33	2133	88	198	41	99	734697	5337	0	14	0	1	0	0	5352
TP1_synth_reverse		29	T	231	75	2312	146	1	122	731810	734697	0	0	16	0	0	0	5336	5352
TP1_synth_reverse		30	T	753	86	1038	40	381	100	732299	734697	0	0	10	0	3	0	5339	5352
TP1_synth_reverse		31	C	569	731704	1347	28	4	73	715	734440	1	5333	12	0	0	0	6	5352
TP1_synth_reverse		32	T	504	151	1684	31	33	309	731589	734301	1	0	14	0	0	0	5336	5351
TP1_synth_reverse		33	C	347	731667	2122	64	93	113	68	734474	0	5334	17	0	1	0	0	5352
TP1_synth_reverse		34	T	604	131	2698	52	1	66	730968	734520	0	0	20	0	0	0	5333	5353
TP1_synth_reverse		35	T	1184	541	1875	45	955	66	729838	734504	0	2	15	0	6	0	5330	5353
TP1_synth_reverse		36	C	622	730471	2951	33	1	58	230	734366	1	5327	23	0	0	0	2	5353
TP1_synth_reverse		37	C	503	730961	2167	42	13	62	598	734346	0	5330	17	0	0	0	6	5353
TP1_synth_reverse		38	T	565	270	2306	269	104	26	730796	734336	0	2	18	0	1	0	5332	5353
TP1_synth_reverse		39	C	335	730924	2439	249	127	62	189	734325	0	5328	20	2	2	0	1	5353
TP1_synth_reverse		40	T	1051	90	2526	2621	562	142	727326	734318	0	0	19	19	4	0	5311	5353
TP1_synth_reverse		41	G	421	562	2792	730098	134	20	283	734310	0	1	20	5331	1	0	0	5353
TP1_synth_reverse		42	T	1731	100	1828	188	3377	48	727278	734550	0	0	12	2	23	0	5317	5354
TP1_synth_reverse		43	G	339	426	1138	731808	387	326	359	734783	0	1	8	5342	4	0	0	5355
TP1_synth_reverse		44	C	440	725673	1913	3998	1412	134	1219	734789	0	5304	11	25	10	0	5	5355
TP1_synth_reverse		45	G	454	690	1619	730000	455	49	1374	734641	2	2	11	5334	5	0	1	5355
TP1_synth_reverse		46	C	652	731514	1770	449	3	9	176	734573	1	5339	13	1	0	0	1	5355
TP1_synth_reverse		47	C	268	727304	608	3559	2097	29	705	734570	0	5306	5	24	17	0	3	5355
TP1_synth_reverse		48	G	685	474	877	731545	91	37	1054	734763	4	0	8	5342	1	0	1	5356
TP1_synth_reverse		49	A	733624	47	937	83	3	193	129	735016	5348	0	8	0	0	0	0	5356
TP1_synth_reverse		50	T	1007	71	776	403	20	100	732620	734997	1	0	6	1	0	0	5348	5356
TP1_synth_reverse		51	A	733757	42	815	95	34	104	144	734991	5348	0	8	0	0	0	0	5356
TP1_synth_reverse		52	C	405	732893	691	139	284	251	318	734981	0	5348	6	0	1	0	1	5356
TP1_synth_reverse		53	A	731879	35	781	836	1056	286	122	734995	5335	0	9	5	7	0	0	5356
TP1_synth_reverse		54	G	225	252	857	732977	57	90	770	735228	2	0	8	5342	1	0	4	5357
TP1_synth_reverse		55	A	733568	75	1311	92	0	123	64	735233	5350	0	8	0	0	0	0	5358
TP1_synth_reverse		56	A	733921	11	942	140	219	95	106	735434	5351	0	7	0	1	0	0	5359
TP1_synth_reverse		57	T	1389	70	1299	196	16	162	732225	735357	0	0	10	0	0	0	5349	5359
TP1_synth_reverse		58	A	733159	582	1041	87	135	262	111	735377	5345	6	7	0	1	0	0	5359
TP1_synth_reverse		59	T	795	1308	1546	81	7	324	731278	735339	0	10	11	0	0	0	5338	5359
TP1_synth_reverse		60	C	745	732931	1249	47	19	231	70	735292	1	5348	10	0	0	0	0	5359
TP1_synth_reverse		61	T	993	74	1801	5909	743	174	725493	735187	0	0	14	41	8	0	5296	5359
TP1_synth_reverse		62	G	483	194	1070	730662	53	287	2333	735082	1	0	9	5336	0	0	13	5359
TP1_synth_reverse		63	T	1626	90	1320	21	1	134	731917	735109	0	0	10	0	0	0	5349	5359
TP1_synth_reverse		64	T	1603	662	1195	113	372	32	730868	734845	0	3	11	1	1	0	5343	5359
TP1_synth_reverse		65	C	957	729958	1287	1605	424	153	452	734836	0	5332	10	11	4	0	2	5359
TP1_synth_reverse		66	G	365	320	969	732745	108	68	444	735019	1	0	8	5348	1	0	2	5360
TP1_synth_reverse		67	C	754	732435	1516	41	1	183	86	735016	0	5348	12	0	0	0	0	5360
TP1_synth_reverse		68	A	733355	192	1330	113	6	74	81	735151	5352	0	9	0	0	0	0	5361
TP1_synth_reverse		69	C	268	733439	1200	35	1	57	302	735302	0	5350	10	0	0	0	2	5362
TP1_synth_reverse		70	T	901	161	1465	43	193	114	732402	735279	0	1	9	0	1	0	5351	5362
TP1_synth_reverse		71	C	294	731885	2140	220	322	309	105	735275	0	5344	14	1	3	0	0	5362
TP1_synth_reverse		72	C	562	727449	1272	5129	569	131	155	735267	0	5318	9	30	5	0	0	5362
TP1_synth_reverse		73	G	191	422	1685	732025	9	313	596	735241	0	0	10	5351	0	0	1	5362
TP1_synth_reverse		74	A	730610	55	1283	2970	159	125	36	735238	5334	0	8	19	1	0	0	5362
TP1_synth_reverse		75	G	140	302	1948	731809	0	59	972	735230	0	0	13	5344	0	0	5	5362
TP1_synth_reverse		76	T	756	76	1772	9483	277	56	722795	735215	0	0	10	60	0	0	5292	5362
TP1_synth_reverse		77	G	475	317	768	733213	10	59	366	735208	3	0	5	5353	0	0	1	5362
TP1_synth_reverse		78	C	365	727604	1310	2935	862	392	1733	735201	0	5326	9	17	4	0	6	5362
TP1_synth_reverse		79	G	1032	496	741	732505	2	121	300	735197	7	1	5	5349	0	0	0	5362
TP1_synth_reverse		80	G	1076	221	442	733065	1	114	258	735177	5	0	3	5354	0	0	0	5362
TP1_synth_reverse		81	C	462	732266	1202	109	879	67	175	735160	1	5351	6	0	4	0	0	5362
TP1_synth_reverse		82	A	733236	23	1427	129	0	82	120	735017	5356	0	6	0	0	0	0	5362
TP1_synth_reverse		83	A	734358	41	288	75	0	172	82	735016	5361	0	1	0	0	0	0	5362
TP1_synth_reverse		84	A	734177	30	38	418	69	204	57	734993	5360	0	0	1	1	0	0	5362
TP1_synth_reverse		85	G	118	317	10	733963	2	106	392	734908	0	0	0	5361	0	0	1	5362
TP1_synth_reverse		86	C	528	734119	0	35	15	82	89	734868	1	5361	0	0	0	0	0	5362
TP1_synth_reverse		87	T	933	79	1	26	1	276	733498	734814	0	0	0	0	0	0	5362	5362
TP1_synth_reverse		88	G	155	424	115	733573	172	113	225	734777	0	0	2	5359	1	0	0	5362
TP1_synth_reverse		89	T	567	120	325	16	0	39	733672	734739	0	0	1	0	0	0	5361	5362
TP1_synth_reverse		90	T	496	100	0	57	0	79	733853	734585	0	0	0	1	0	0	5361	5362
TP1_synth_reverse		91	C	482	733327	0	202	0	297	119	734427	0	5360	0	2	0	0	0	5362
TP1_synth_reverse		92	C	372	732916	0	87	0	309	352	734036	0	5362	0	0	0	0	0	5362
TP1_synth_reverse		93	G	460	316	0	731999	0	121	150	733046	2	0	0	5360	0	0	0	5362
TP1_synth_reverse		94	T	429	104	0	40	0	78	731999	732650	0	0	0	0	0	0	5362	5362
TP1_synth_reverse		95	C	0	732156	0	0	0	166	0	732322	0	5362	0	0	0	0	0	5362
TP1_synth_reverse		96	C	0	731244	0	0	0	114	0	731358	0	5362	0	0	0	0	0	5362
TP1_synth_reverse		97	C	0	729790	0	0	0	157	0	729947	0	5362	0	0	0	0	0	5362
TP1_synth_reverse		98	A	727879	0	0	0	0	0	0	727879	5362	0	0	0	0	0	0	5362
TP1_synth_reverse		99	G	0	0	0	726706	0	0	0	726706	0	0	0	5362	0	0	0	5362
