



























































































































































































































#AmpliconChromStart	Alias	Position	ProbableRef	rawA	rawC	rawD	rawG	rawI	rawN	rawT	rawDepth	consA	consC	consD	consG	consI	consN	consT	consDepth	
TP1_synth_reverse		1	G	0	0	0	578778	0	0	0	578778	0	0	0	4197	0	0	0	4197
TP1_synth_reverse		2	T	0	0	0	0	0	0	579609	579609	0	0	0	0	0	0	4199	4199
TP1_synth_reverse		3	G	0	0	0	580819	0	112	0	580931	0	0	0	4209	0	0	0	4209
TP1_synth_reverse		4	G	0	0	0	581316	0	61	0	581377	0	0	0	4213	0	0	0	4213
TP1_synth_reverse		5	T	0	0	0	0	0	176	581593	581769	0	0	0	0	0	0	4214	4214
TP1_synth_reverse		6	G	95	65	0	582058	0	29	136	582383	0	0	0	4215	0	0	1	4216
TP1_synth_reverse		7	A	582281	21	0	80	0	9	70	582461	4216	0	0	0	0	0	0	4216
TP1_synth_reverse		8	G	95	63	0	582342	1	66	287	582854	0	0	0	4218	0	0	0	4218
TP1_synth_reverse		9	G	80	116	0	582013	1	7	675	582892	0	0	0	4217	0	0	2	4219
TP1_synth_reverse		10	C	239	582488	2	31	27	20	110	582917	0	4219	0	0	0	0	0	4219
TP1_synth_reverse		11	T	303	94	104	772	4	40	581618	582935	0	0	1	2	0	0	4216	4219
TP1_synth_reverse		12	C	254	582253	176	19	0	89	144	582935	0	4217	2	0	0	0	0	4219
TP1_synth_reverse		13	C	346	582388	1	16	0	92	92	582935	0	4219	0	0	0	0	0	4219
TP1_synth_reverse		14	C	286	582458	0	28	0	50	113	582935	0	4219	0	0	0	0	0	4219
TP1_synth_reverse		15	C	219	582525	3	34	1	55	98	582935	0	4219	0	0	0	0	0	4219
TP1_synth_reverse		16	T	529	61	44	32	0	25	582244	582935	0	0	0	0	0	0	4219	4219
TP1_synth_reverse		17	T	598	72	3	31	0	143	582088	582935	0	0	0	0	0	0	4219	4219
TP1_synth_reverse		18	T	492	70	1	17	47	95	582224	582946	0	0	0	0	1	0	4218	4219
TP1_synth_reverse		19	C	426	579703	1489	29	929	81	522	583179	0	4209	4	0	6	0	1	4220
TP1_synth_reverse		20	T	603	74	30	54	1	37	582380	583179	0	0	0	0	0	0	4220	4220
TP1_synth_reverse		21	T	1940	109	95	59	3	150	580823	583179	0	0	1	0	0	0	4219	4220
TP1_synth_reverse		22	G	105	675	357	581710	0	92	240	583179	0	0	2	4218	0	0	0	4220
TP1_synth_reverse		23	C	826	581390	653	47	1	94	168	583179	1	4214	5	0	0	0	0	4220
TP1_synth_reverse		24	G	210	133	1167	581317	0	44	308	583179	0	0	8	4212	0	0	0	4220
TP1_synth_reverse		25	G	207	432	78	582172	0	64	240	583193	0	0	1	4220	0	0	0	4221
TP1_synth_reverse		26	A	582068	17	824	121	1	81	91	583203	4216	0	5	0	0	0	0	4221
TP1_synth_reverse		27	G	63	162	1209	581127	3	69	570	583203	0	0	10	4211	0	0	0	4221
TP1_synth_reverse		28	A	581142	92	1377	59	0	54	501	583225	4212	0	8	0	0	0	2	4222
TP1_synth_reverse		29	T	727	83	2954	61	1	6	579393	583225	0	0	13	0	0	0	4209	4222
TP1_synth_reverse		30	T	2670	111	2534	7	700	47	577625	583694	0	0	11	0	3	0	4212	4226
TP1_synth_reverse		31	C	728	579402	2597	28	5	15	121	582896	0	4213	12	0	0	0	1	4226
TP1_synth_reverse		32	T	940	73	2129	43	329	37	578924	582475	0	0	18	0	1	0	4207	4226
TP1_synth_reverse		33	C	743	579043	2448	38	2	13	71	582358	0	4205	21	0	0	0	0	4226
TP1_synth_reverse		34	T	1183	89	2156	45	0	17	578861	582351	0	0	19	0	0	0	4207	4226
TP1_synth_reverse		35	T	2984	89	2076	53	1	39	576912	582154	0	0	18	0	0	0	4209	4227
TP1_synth_reverse		36	C	540	579646	1933	32	2	41	77	582271	0	4214	14	0	0	0	0	4228
TP1_synth_reverse		37	C	629	580031	1431	56	1	27	88	582263	0	4218	10	0	0	0	0	4228
TP1_synth_reverse		38	T	1407	165	2426	30	0	67	576655	580750	0	2	18	0	0	0	4204	4224
TP1_synth_reverse		39	C	391	577141	2686	32	1	30	552	580833	0	4207	17	0	0	0	1	4225
TP1_synth_reverse		40	T	1448	76	2428	11	0	15	576816	580794	0	0	18	0	0	0	4207	4225
TP1_synth_reverse		41	G	123	1345	3016	574633	2	10	1651	580780	0	0	16	4209	0	0	0	4225
TP1_synth_reverse		42	T	2527	165	3710	29	15	86	573723	580255	0	1	17	0	0	0	4207	4225
TP1_synth_reverse		43	G	77	1397	4099	573946	0	45	681	580245	0	0	19	4206	0	0	0	4225
TP1_synth_reverse		44	C	777	574219	4336	44	2	101	729	580208	0	4199	20	0	0	0	4	4223
TP1_synth_reverse		45	G	175	382	3647	573009	0	43	2946	580202	1	0	17	4202	0	0	3	4223
TP1_synth_reverse		46	C	1249	574395	3609	34	0	16	930	580233	1	4201	18	0	0	0	4	4224
TP1_synth_reverse		47	C	406	575978	3596	30	2	7	211	580230	0	4206	18	0	0	0	0	4224
TP1_synth_reverse		48	G	597	1178	2949	572107	361	9	2278	579479	1	0	18	4200	3	0	1	4223
TP1_synth_reverse		49	A	576574	40	2690	46	1	28	121	579500	4206	0	17	0	0	0	0	4223
TP1_synth_reverse		50	T	2393	68	1522	20	398	18	575076	579495	0	0	13	0	2	0	4208	4223
TP1_synth_reverse		51	A	577118	43	2156	60	0	50	96	579523	4208	0	16	0	0	0	0	4224
TP1_synth_reverse		52	C	578	576149	2993	33	2	38	183	579976	0	4206	20	0	0	0	1	4227
TP1_synth_reverse		53	A	577449	34	2256	103	1	35	88	579966	4212	0	15	0	0	0	0	4227
TP1_synth_reverse		54	G	187	390	1175	576626	1112	15	922	580427	0	0	12	4215	2	0	1	4230
TP1_synth_reverse		55	A	578914	129	1199	92	0	34	59	580427	4219	0	11	0	0	0	0	4230
TP1_synth_reverse		56	A	578982	17	1187	84	0	41	115	580426	4219	0	11	0	0	0	0	4230
TP1_synth_reverse		57	T	3323	38	1259	146	137	35	576263	581201	0	0	12	0	1	0	4218	4231
TP1_synth_reverse		58	A	580009	5	1452	53	0	31	88	581638	4218	0	16	0	0	0	0	4234
TP1_synth_reverse		59	T	2036	58	1996	81	1	8	578219	582399	0	0	17	0	0	0	4222	4239
TP1_synth_reverse		60	C	1382	579213	2047	75	0	33	86	582836	0	4224	20	0	0	0	0	4244
TP1_synth_reverse		61	T	1647	56	2435	248	0	13	578438	582837	0	0	18	0	0	0	4227	4245
TP1_synth_reverse		62	G	791	309	2823	577939	0	76	889	582827	0	0	18	4227	0	0	0	4245
TP1_synth_reverse		63	T	4296	54	1999	40	0	27	576461	582877	0	0	16	0	0	0	4230	4246
TP1_synth_reverse		64	T	2464	56	657	88	2	69	579880	583216	0	0	5	0	0	0	4243	4248
TP1_synth_reverse		65	C	576	580837	656	40	1	86	149	582345	0	4243	5	0	0	0	0	4248
TP1_synth_reverse		66	G	556	342	1270	579009	422	41	694	582334	1	0	8	4238	1	0	0	4248
TP1_synth_reverse		67	C	992	580773	670	27	1	123	88	582674	0	4243	6	0	0	0	0	4249
TP1_synth_reverse		68	A	581256	413	503	124	0	102	294	582692	4244	0	5	0	0	0	1	4250
TP1_synth_reverse		69	C	219	582009	404	36	13	53	90	582824	1	4246	5	0	0	0	0	4252
TP1_synth_reverse		70	T	1246	102	294	172	3	21	580974	582812	0	0	5	0	0	0	4247	4252
TP1_synth_reverse		71	C	381	579793	2480	41	0	11	104	582810	0	4244	8	0	0	0	0	4252
TP1_synth_reverse		72	C	986	580982	493	63	70	51	156	582801	0	4246	5	0	1	0	0	4252
TP1_synth_reverse		73	G	849	278	2182	578494	678	142	169	582792	2	0	9	4240	1	0	0	4252
TP1_synth_reverse		74	A	580726	89	1292	129	415	66	67	582784	4240	0	10	1	1	0	0	4252
TP1_synth_reverse		75	G	178	299	1035	581049	2	20	191	582774	1	0	4	4247	0	0	0	4252
TP1_synth_reverse		76	T	3171	67	987	73	1	24	578434	582757	0	0	3	0	0	0	4249	4252
TP1_synth_reverse		77	G	157	416	332	579911	9	34	1879	582738	0	0	2	4247	0	0	3	4252
TP1_synth_reverse		78	C	623	581348	419	31	0	43	269	582733	1	4249	0	0	0	0	2	4252
TP1_synth_reverse		79	G	426	906	11	580709	0	146	532	582730	1	0	0	4251	0	0	0	4252
TP1_synth_reverse		80	G	607	263	2	581074	0	173	595	582714	2	0	0	4249	0	0	1	4252
TP1_synth_reverse		81	C	527	580652	1165	56	36	134	133	582703	1	4243	7	0	1	0	0	4252
TP1_synth_reverse		82	A	581283	48	924	100	0	61	92	582508	4240	0	12	0	0	0	0	4252
TP1_synth_reverse		83	A	582092	70	16	91	0	176	59	582504	4252	0	0	0	0	0	0	4252
TP1_synth_reverse		84	A	582112	63	0	181	34	46	33	582469	4251	0	0	0	1	0	0	4252
TP1_synth_reverse		85	G	89	276	2	581602	0	83	335	582387	0	0	0	4252	0	0	0	4252
TP1_synth_reverse		86	C	434	581745	1	26	5	43	83	582337	0	4252	0	0	0	0	0	4252
TP1_synth_reverse		87	T	1460	695	2	79	1	84	579911	582232	0	0	0	0	0	0	4252	4252
TP1_synth_reverse		88	G	229	406	21	581329	2	83	128	582198	0	0	0	4252	0	0	0	4252
TP1_synth_reverse		89	T	1071	85	408	40	0	200	580331	582135	0	0	1	0	0	0	4251	4252
TP1_synth_reverse		90	T	1097	82	0	363	0	123	580223	581888	0	0	0	1	0	0	4251	4252
TP1_synth_reverse		91	C	488	581101	0	75	0	25	98	581787	0	4252	0	0	0	0	0	4252
TP1_synth_reverse		92	C	365	580742	0	357	0	45	185	581694	0	4252	0	0	0	0	0	4252
TP1_synth_reverse		93	G	569	168	0	580554	0	84	83	581458	1	0	0	4250	0	0	0	4251
TP1_synth_reverse		94	T	906	77	0	116	0	130	580072	581301	0	0	0	0	0	0	4251	4251
TP1_synth_reverse		95	C	0	580864	0	0	0	69	0	580933	0	4251	0	0	0	0	0	4251
TP1_synth_reverse		96	C	0	580174	0	0	0	52	0	580226	0	4251	0	0	0	0	0	4251
TP1_synth_reverse		97	C	0	577808	0	0	0	118	0	577926	0	4251	0	0	0	0	0	4251
TP1_synth_reverse		98	A	576631	0	0	0	0	0	0	576631	4251	0	0	0	0	0	0	4251
TP1_synth_reverse		99	G	0	0	0	575749	0	0	0	575749	0	0	0	4251	0	0	0	4251
