



























































































































































































































#AmpliconChromStart	Alias	Position	ProbableRef	rawA	rawC	rawD	rawG	rawI	rawN	rawT	rawDepth	consA	consC	consD	consG	consI	consN	consT	consDepth	
TP1_synth_reverse		1	G	0	0	0	578778	0	0	0	578778	0	0	0	36738	0	0	0	36738
TP1_synth_reverse		2	T	0	0	0	0	0	0	579609	579609	0	0	0	0	0	0	37084	37084
TP1_synth_reverse		3	G	0	0	0	580819	0	112	0	580931	0	0	0	37580	0	35	0	37615
TP1_synth_reverse		4	G	0	0	0	581316	0	61	0	581377	0	0	0	37943	0	8	0	37951
TP1_synth_reverse		5	T	0	0	0	0	0	176	581593	581769	0	0	0	0	0	61	38222	38283
TP1_synth_reverse		6	G	95	65	0	582058	0	29	136	582383	7	8	0	38685	0	14	15	38729
TP1_synth_reverse		7	A	582281	21	0	80	0	9	70	582461	38795	2	0	3	0	0	2	38802
TP1_synth_reverse		8	G	95	63	0	582342	1	66	287	582854	7	10	0	38783	0	1	22	38823
TP1_synth_reverse		9	G	80	116	0	582013	1	7	675	582892	7	27	0	38773	1	0	35	38843
TP1_synth_reverse		10	C	239	582463	2	31	27	20	110	582892	44	38790	1	3	1	1	3	38843
TP1_synth_reverse		11	T	303	94	104	772	4	40	581593	582910	86	2	8	19	0	32	38712	38859
TP1_synth_reverse		12	C	254	582228	176	19	0	89	144	582910	65	38743	9	0	0	39	3	38859
TP1_synth_reverse		13	C	346	582363	1	16	0	92	92	582910	72	38759	0	0	0	23	5	38859
TP1_synth_reverse		14	C	286	582433	0	28	0	50	113	582910	54	38795	0	2	0	4	4	38859
TP1_synth_reverse		15	C	217	582502	3	34	1	55	98	582910	55	38771	3	2	0	24	4	38859
TP1_synth_reverse		16	T	527	61	44	32	0	25	582221	582910	144	5	11	5	0	7	38687	38859
TP1_synth_reverse		17	T	595	72	3	31	0	143	582066	582910	164	4	3	6	0	68	38614	38859
TP1_synth_reverse		18	T	490	70	1	17	47	95	582201	582921	131	4	0	2	5	30	38697	38869
TP1_synth_reverse		19	C	426	579678	1489	29	929	81	522	583154	167	38572	55	3	55	35	28	38915
TP1_synth_reverse		20	T	601	74	30	54	1	37	582357	583154	171	0	3	6	1	8	38726	38915
TP1_synth_reverse		21	T	1935	109	95	59	3	150	580803	583154	685	2	6	7	2	26	38187	38915
TP1_synth_reverse		22	G	105	675	357	581686	0	92	239	583154	15	326	17	38487	0	8	62	38915
TP1_synth_reverse		23	C	824	581368	652	47	1	94	168	583154	216	38606	37	3	1	48	4	38915
TP1_synth_reverse		24	G	210	133	1167	581293	0	44	307	583154	12	52	73	38711	0	15	52	38915
TP1_synth_reverse		25	G	207	431	78	582148	0	64	240	583168	46	195	4	38621	0	5	49	38920
TP1_synth_reverse		26	A	582043	17	824	121	1	81	91	583178	38860	0	43	11	1	9	3	38927
TP1_synth_reverse		27	G	63	161	1209	581104	3	69	569	583178	8	52	76	38519	1	25	246	38927
TP1_synth_reverse		28	A	581117	92	1377	59	0	54	501	583200	38794	7	72	5	0	34	23	38935
TP1_synth_reverse		29	T	724	83	2954	61	1	6	579371	583200	192	6	140	5	0	2	38590	38935
TP1_synth_reverse		30	T	2670	111	2534	7	700	47	577600	583669	898	6	112	3	36	34	37878	38967
TP1_synth_reverse		31	C	727	579378	2597	28	5	15	121	582871	285	38528	124	5	4	2	9	38957
TP1_synth_reverse		32	T	940	73	2129	43	329	36	578900	582450	238	6	150	9	10	11	38530	38954
TP1_synth_reverse		33	C	743	579018	2448	38	2	13	71	582333	286	38466	187	4	0	1	6	38950
TP1_synth_reverse		34	T	1181	89	2156	45	0	17	578838	582326	292	6	165	1	0	8	38474	38946
TP1_synth_reverse		35	T	2981	89	2076	52	1	39	576891	582129	1028	1	164	9	1	3	37748	38954
TP1_synth_reverse		36	C	539	579622	1933	32	2	41	77	582246	113	38686	145	8	1	10	4	38967
TP1_synth_reverse		37	C	629	580006	1431	56	1	27	88	582238	140	38704	110	7	0	2	4	38967
TP1_synth_reverse		38	T	1407	165	2426	30	0	67	576630	580725	469	15	163	3	0	4	38249	38903
TP1_synth_reverse		39	C	391	577118	2686	31	1	30	551	580808	108	38642	164	3	1	0	10	38928
TP1_synth_reverse		40	T	1446	76	2428	11	0	15	576793	580769	364	1	175	2	0	0	38372	38914
TP1_synth_reverse		41	G	123	1344	3016	574612	2	10	1648	580755	7	569	181	37807	1	2	341	38908
TP1_synth_reverse		42	T	2520	165	3710	29	15	86	573705	580230	897	8	207	5	4	25	37735	38881
TP1_synth_reverse		43	G	77	1394	4099	573926	0	45	679	580220	3	361	208	38151	0	7	146	38876
TP1_synth_reverse		44	C	773	574199	4336	44	2	100	729	580183	279	38309	210	2	1	33	36	38870
TP1_synth_reverse		45	G	175	381	3647	572985	0	43	2946	580177	6	113	190	38043	0	4	511	38867
TP1_synth_reverse		46	C	1248	574372	3608	34	0	16	930	580208	497	38131	193	4	0	6	58	38889
TP1_synth_reverse		47	C	405	575954	3596	30	2	7	211	580205	94	38599	179	4	0	1	12	38889
TP1_synth_reverse		48	G	597	1177	2949	572085	361	9	2276	579454	33	526	162	37674	18	1	435	38849
TP1_synth_reverse		49	A	576549	40	2690	46	1	28	121	579475	38881	8	139	3	1	1	12	39045
TP1_synth_reverse		50	T	2388	68	1522	20	398	18	575056	579470	456	4	97	2	29	7	38447	39042
TP1_synth_reverse		51	A	577093	43	2156	60	0	50	96	579498	38896	10	130	1	0	22	4	39063
TP1_synth_reverse		52	C	578	576124	2993	33	2	38	183	579951	233	38644	181	9	0	4	11	39082
TP1_synth_reverse		53	A	577424	34	2256	103	1	35	88	579941	38904	7	140	6	1	16	6	39080
TP1_synth_reverse		54	G	187	389	1175	576602	1112	15	922	580402	37	84	84	38737	39	2	125	39108
TP1_synth_reverse		55	A	578918	129	1199	92	0	34	58	580430	38959	30	107	7	0	17	0	39120
TP1_synth_reverse		56	A	578985	17	1187	84	0	41	115	580429	38998	3	95	9	0	6	9	39120
TP1_synth_reverse		57	T	3320	38	1259	146	137	35	576269	581204	519	0	102	18	5	22	38503	39169
TP1_synth_reverse		58	A	580013	5	1452	53	0	31	87	581641	39054	1	117	1	0	16	7	39196
TP1_synth_reverse		59	T	2034	58	1996	80	1	8	578225	582402	386	3	134	16	1	1	38712	39253
TP1_synth_reverse		60	C	1384	579214	2047	75	0	33	86	582839	393	38702	163	16	0	5	8	39287
TP1_synth_reverse		61	T	1648	56	2435	248	0	13	578440	582840	323	1	166	34	0	1	38760	39285
TP1_synth_reverse		62	G	791	309	2823	577942	0	76	889	582830	139	69	180	38565	0	15	313	39281
TP1_synth_reverse		63	T	4295	54	1999	40	0	27	576465	582880	1197	2	153	9	0	3	37933	39297
TP1_synth_reverse		64	T	2465	56	657	88	2	69	579882	583219	419	3	73	7	0	2	38821	39325
TP1_synth_reverse		65	C	578	580838	656	40	1	86	149	582348	118	39100	68	1	1	11	7	39306
TP1_synth_reverse		66	G	556	342	1270	579013	422	41	693	582337	90	88	85	38716	29	28	265	39301
TP1_synth_reverse		67	C	994	580774	670	27	1	123	88	582677	370	38843	55	4	0	31	4	39307
TP1_synth_reverse		68	A	581260	412	503	124	0	102	294	582695	39139	56	80	7	0	14	16	39312
TP1_synth_reverse		69	C	219	582012	404	36	13	53	90	582827	44	39191	47	1	7	32	4	39326
TP1_synth_reverse		70	T	1246	102	294	172	3	21	580977	582815	265	6	40	21	0	5	38987	39324
TP1_synth_reverse		71	C	381	579796	2480	41	0	11	104	582813	81	39099	133	4	0	2	4	39323
TP1_synth_reverse		72	C	985	580986	493	63	70	51	156	582804	351	38903	26	8	10	13	8	39319
TP1_synth_reverse		73	G	849	278	2182	578497	678	142	169	582795	85	66	111	38953	29	39	32	39315
TP1_synth_reverse		74	A	580729	89	1292	129	415	66	67	582787	39189	5	63	8	39	3	3	39310
TP1_synth_reverse		75	G	178	299	1035	581054	2	20	189	582777	20	72	38	39115	1	8	53	39307
TP1_synth_reverse		76	T	3171	67	987	73	1	24	578437	582760	1002	1	35	13	1	11	38235	39298
TP1_synth_reverse		77	G	157	416	332	579916	9	34	1877	582741	17	109	14	38907	0	27	217	39291
TP1_synth_reverse		78	C	622	581352	419	31	0	43	269	582736	111	39121	11	4	0	24	19	39290
TP1_synth_reverse		79	G	426	906	11	580713	0	146	531	582733	56	427	1	38689	0	14	102	39289
TP1_synth_reverse		80	G	607	263	2	581080	0	173	592	582717	78	69	0	39045	0	15	76	39283
TP1_synth_reverse		81	C	527	580654	1165	57	36	134	133	582706	62	39115	60	5	10	18	10	39280
TP1_synth_reverse		82	A	581286	48	924	100	0	61	92	582511	38949	5	113	4	0	18	7	39096
TP1_synth_reverse		83	A	582095	70	16	91	0	176	59	582507	39056	5	5	6	0	18	4	39094
TP1_synth_reverse		84	A	582117	63	0	180	34	45	33	582472	39060	8	0	10	3	6	3	39090
TP1_synth_reverse		85	G	89	276	2	581603	0	83	336	582389	11	59	0	38922	0	25	44	39061
TP1_synth_reverse		86	C	434	581748	1	26	5	43	83	582340	86	38952	0	1	0	9	3	39051
TP1_synth_reverse		87	T	1460	695	2	79	1	84	579914	582235	252	22	0	13	0	22	38725	39034
TP1_synth_reverse		88	G	229	406	21	581333	2	83	127	582201	31	33	8	38907	0	13	29	39021
TP1_synth_reverse		89	T	1072	85	408	40	0	200	580333	582138	134	5	12	4	0	52	38799	39006
TP1_synth_reverse		90	T	1097	82	0	363	0	123	580226	581891	163	4	0	26	0	20	38750	38963
TP1_synth_reverse		91	C	488	581104	0	75	0	25	98	581790	68	38867	0	4	0	0	6	38945
TP1_synth_reverse		92	C	365	580748	0	356	0	44	185	581698	40	38851	0	17	0	6	12	38926
TP1_synth_reverse		93	G	570	168	0	580557	0	84	83	581462	52	36	0	38775	0	10	16	38889
TP1_synth_reverse		94	T	905	77	0	116	0	130	580077	581305	116	5	0	11	0	20	38709	38861
TP1_synth_reverse		95	C	0	580868	0	0	0	69	0	580937	0	38803	0	0	0	19	0	38822
TP1_synth_reverse		96	C	0	580178	0	0	0	52	0	580230	0	38713	0	0	0	23	0	38736
TP1_synth_reverse		97	C	0	577811	0	0	0	118	0	577929	0	38606	0	0	0	26	0	38632
TP1_synth_reverse		98	A	576634	0	0	0	0	0	0	576634	38560	0	0	0	0	0	0	38560
TP1_synth_reverse		99	G	0	0	0	575752	0	0	0	575752	0	0	0	38480	0	0	0	38480
