



























































































































































































































#AmpliconChromStart	Alias	Position	ProbableRef	rawA	rawC	rawD	rawG	rawI	rawN	rawT	rawDepth	consA	consC	consD	consG	consI	consN	consT	consDepth	
TP1_synth_reverse		1	G	0	0	0	578778	0	0	0	578778	0	0	0	4845	0	0	0	4845
TP1_synth_reverse		2	T	0	0	0	0	0	0	579609	579609	0	0	0	0	0	0	4848	4848
TP1_synth_reverse		3	G	0	0	0	580819	0	112	0	580931	0	0	0	4859	0	0	0	4859
TP1_synth_reverse		4	G	0	0	0	581316	0	61	0	581377	0	0	0	4863	0	0	0	4863
TP1_synth_reverse		5	T	0	0	0	0	0	176	581593	581769	0	0	0	0	0	0	4864	4864
TP1_synth_reverse		6	G	95	65	0	582058	0	29	136	582383	0	0	0	4865	0	0	1	4866
TP1_synth_reverse		7	A	582281	21	0	80	0	9	70	582461	4866	0	0	0	0	0	0	4866
TP1_synth_reverse		8	G	95	63	0	582342	1	66	287	582854	0	0	0	4869	0	0	0	4869
TP1_synth_reverse		9	G	80	116	0	582013	1	7	675	582892	0	0	0	4868	0	0	2	4870
TP1_synth_reverse		10	C	239	582463	2	31	27	20	110	582892	0	4870	0	0	0	0	0	4870
TP1_synth_reverse		11	T	303	94	104	772	4	40	581593	582910	0	0	1	2	0	0	4867	4870
TP1_synth_reverse		12	C	254	582228	176	19	0	89	144	582910	0	4867	3	0	0	0	0	4870
TP1_synth_reverse		13	C	346	582363	1	16	0	92	92	582910	0	4870	0	0	0	0	0	4870
TP1_synth_reverse		14	C	286	582433	0	28	0	50	113	582910	0	4870	0	0	0	0	0	4870
TP1_synth_reverse		15	C	217	582502	3	34	1	55	98	582910	0	4870	0	0	0	0	0	4870
TP1_synth_reverse		16	T	527	61	44	32	0	25	582221	582910	0	0	0	0	0	0	4870	4870
TP1_synth_reverse		17	T	595	72	3	31	0	143	582066	582910	0	0	0	0	0	0	4870	4870
TP1_synth_reverse		18	T	490	70	1	17	47	95	582201	582921	0	0	0	0	1	0	4869	4870
TP1_synth_reverse		19	C	426	579678	1489	29	929	81	522	583154	0	4859	5	0	6	0	1	4871
TP1_synth_reverse		20	T	601	74	30	54	1	37	582357	583154	0	0	0	0	0	0	4871	4871
TP1_synth_reverse		21	T	1935	109	95	59	3	150	580803	583154	0	0	1	0	0	0	4870	4871
TP1_synth_reverse		22	G	105	675	357	581686	0	92	239	583154	0	0	2	4869	0	0	0	4871
TP1_synth_reverse		23	C	824	581368	652	47	1	94	168	583154	1	4864	6	0	0	0	0	4871
TP1_synth_reverse		24	G	210	133	1167	581293	0	44	307	583154	0	0	9	4862	0	0	0	4871
TP1_synth_reverse		25	G	207	431	78	582148	0	64	240	583168	0	0	1	4871	0	0	0	4872
TP1_synth_reverse		26	A	582043	17	824	121	1	81	91	583178	4867	0	5	0	0	0	0	4872
TP1_synth_reverse		27	G	63	161	1209	581104	3	69	569	583178	0	0	11	4861	0	0	0	4872
TP1_synth_reverse		28	A	581117	92	1377	59	0	54	501	583200	4862	0	9	0	0	0	2	4873
TP1_synth_reverse		29	T	724	83	2954	61	1	6	579371	583200	0	0	16	0	0	0	4857	4873
TP1_synth_reverse		30	T	2670	111	2534	7	700	47	577600	583669	0	0	12	0	3	0	4862	4877
TP1_synth_reverse		31	C	727	579378	2597	28	5	15	121	582871	0	4863	13	0	0	0	1	4877
TP1_synth_reverse		32	T	940	73	2129	43	329	36	578900	582450	0	0	21	0	1	0	4855	4877
TP1_synth_reverse		33	C	743	579018	2448	38	2	13	71	582333	0	4853	24	0	0	0	0	4877
TP1_synth_reverse		34	T	1181	89	2156	45	0	17	578838	582326	0	0	22	0	0	0	4855	4877
TP1_synth_reverse		35	T	2981	89	2076	52	1	39	576891	582129	0	0	21	0	0	0	4858	4879
TP1_synth_reverse		36	C	539	579622	1933	32	2	41	77	582246	0	4862	18	0	0	0	0	4880
TP1_synth_reverse		37	C	629	580006	1431	56	1	27	88	582238	0	4869	11	0	0	0	0	4880
TP1_synth_reverse		38	T	1407	165	2426	30	0	67	576630	580725	0	3	20	0	0	0	4853	4876
TP1_synth_reverse		39	C	391	577118	2686	31	1	30	551	580808	0	4858	20	0	0	0	1	4879
TP1_synth_reverse		40	T	1446	76	2428	11	0	15	576793	580769	0	0	21	0	0	0	4858	4879
TP1_synth_reverse		41	G	123	1344	3016	574612	2	10	1648	580755	0	0	20	4859	0	0	0	4879
TP1_synth_reverse		42	T	2520	165	3710	29	15	86	573705	580230	0	1	21	0	0	0	4857	4879
TP1_synth_reverse		43	G	77	1394	4099	573926	0	45	679	580220	0	0	22	4857	0	0	0	4879
TP1_synth_reverse		44	C	773	574199	4336	44	2	100	729	580183	0	4850	23	0	0	0	4	4877
TP1_synth_reverse		45	G	175	381	3647	572985	0	43	2946	580177	1	0	20	4853	0	0	3	4877
TP1_synth_reverse		46	C	1248	574372	3608	34	0	16	930	580208	1	4853	20	0	0	0	4	4878
TP1_synth_reverse		47	C	405	575954	3596	30	2	7	211	580205	0	4857	21	0	0	0	0	4878
TP1_synth_reverse		48	G	597	1177	2949	572085	361	9	2276	579454	1	0	21	4850	3	0	1	4876
TP1_synth_reverse		49	A	576549	40	2690	46	1	28	121	579475	4856	0	20	0	0	0	0	4876
TP1_synth_reverse		50	T	2388	68	1522	20	398	18	575056	579470	0	0	16	0	2	0	4858	4876
TP1_synth_reverse		51	A	577093	43	2156	60	0	50	96	579498	4858	0	19	0	0	0	0	4877
TP1_synth_reverse		52	C	578	576124	2993	33	2	38	183	579951	0	4855	24	0	0	0	1	4880
TP1_synth_reverse		53	A	577424	34	2256	103	1	35	88	579941	4862	0	18	0	0	0	0	4880
TP1_synth_reverse		54	G	187	389	1175	576602	1112	15	922	580402	0	0	15	4863	2	0	3	4883
TP1_synth_reverse		55	A	578918	129	1199	92	0	34	58	580430	4868	0	16	0	0	0	0	4884
TP1_synth_reverse		56	A	578985	17	1187	84	0	41	115	580429	4870	0	14	0	0	0	0	4884
TP1_synth_reverse		57	T	3320	38	1259	146	137	35	576269	581204	0	0	15	0	1	0	4869	4885
TP1_synth_reverse		58	A	580013	5	1452	53	0	31	87	581641	4869	0	19	0	0	0	0	4888
TP1_synth_reverse		59	T	2034	58	1996	80	1	8	578225	582402	0	0	20	0	0	0	4873	4893
TP1_synth_reverse		60	C	1384	579214	2047	75	0	33	86	582839	0	4873	25	0	0	0	0	4898
TP1_synth_reverse		61	T	1648	56	2435	248	0	13	578440	582840	0	0	22	0	0	0	4877	4899
TP1_synth_reverse		62	G	791	309	2823	577942	0	76	889	582830	0	0	21	4878	0	0	0	4899
TP1_synth_reverse		63	T	4295	54	1999	40	0	27	576465	582880	0	0	19	0	0	0	4881	4900
TP1_synth_reverse		64	T	2465	56	657	88	2	69	579882	583219	0	0	7	0	0	0	4895	4902
TP1_synth_reverse		65	C	578	580838	656	40	1	86	149	582348	0	4895	7	0	0	0	0	4902
TP1_synth_reverse		66	G	556	342	1270	579013	422	41	693	582337	1	0	11	4889	1	0	0	4902
TP1_synth_reverse		67	C	994	580774	670	27	1	123	88	582677	0	4895	8	0	0	0	0	4903
TP1_synth_reverse		68	A	581260	412	503	124	0	102	294	582695	4894	0	9	0	0	0	1	4904
TP1_synth_reverse		69	C	219	582012	404	36	13	53	90	582827	1	4898	7	0	0	0	0	4906
TP1_synth_reverse		70	T	1246	102	294	172	3	21	580977	582815	0	0	6	0	0	0	4900	4906
TP1_synth_reverse		71	C	381	579796	2480	41	0	11	104	582813	0	4898	8	0	0	0	0	4906
TP1_synth_reverse		72	C	985	580986	493	63	70	51	156	582804	0	4900	5	0	1	0	0	4906
TP1_synth_reverse		73	G	849	278	2182	578497	678	142	169	582795	2	0	11	4892	1	0	0	4906
TP1_synth_reverse		74	A	580729	89	1292	129	415	66	67	582787	4894	0	10	1	1	0	0	4906
TP1_synth_reverse		75	G	178	299	1035	581054	2	20	189	582777	1	0	4	4901	0	0	0	4906
TP1_synth_reverse		76	T	3171	67	987	73	1	24	578437	582760	0	0	3	0	0	0	4903	4906
TP1_synth_reverse		77	G	157	416	332	579916	9	34	1877	582741	1	0	2	4900	0	0	3	4906
TP1_synth_reverse		78	C	622	581352	419	31	0	43	269	582736	1	4903	0	0	0	0	2	4906
TP1_synth_reverse		79	G	426	906	11	580713	0	146	531	582733	1	0	0	4905	0	0	0	4906
TP1_synth_reverse		80	G	607	263	2	581080	0	173	592	582717	2	0	0	4902	0	0	2	4906
TP1_synth_reverse		81	C	527	580654	1165	57	36	134	133	582706	1	4897	7	0	1	0	0	4906
TP1_synth_reverse		82	A	581286	48	924	100	0	61	92	582511	4889	0	17	0	0	0	0	4906
TP1_synth_reverse		83	A	582095	70	16	91	0	176	59	582507	4906	0	0	0	0	0	0	4906
TP1_synth_reverse		84	A	582117	63	0	180	34	45	33	582472	4905	0	0	0	1	0	0	4906
TP1_synth_reverse		85	G	89	276	2	581603	0	83	336	582389	0	0	0	4906	0	0	0	4906
TP1_synth_reverse		86	C	434	581748	1	26	5	43	83	582340	0	4906	0	0	0	0	0	4906
TP1_synth_reverse		87	T	1460	695	2	79	1	84	579914	582235	0	0	0	0	0	0	4906	4906
TP1_synth_reverse		88	G	229	406	21	581333	2	83	127	582201	1	0	0	4905	0	0	0	4906
TP1_synth_reverse		89	T	1072	85	408	40	0	200	580333	582138	0	0	1	0	0	0	4905	4906
TP1_synth_reverse		90	T	1097	82	0	363	0	123	580226	581891	0	0	0	1	0	0	4905	4906
TP1_synth_reverse		91	C	488	581104	0	75	0	25	98	581790	0	4906	0	0	0	0	0	4906
TP1_synth_reverse		92	C	365	580748	0	356	0	44	185	581698	0	4906	0	0	0	0	0	4906
TP1_synth_reverse		93	G	570	168	0	580557	0	84	83	581462	2	0	0	4902	0	0	0	4904
TP1_synth_reverse		94	T	905	77	0	116	0	130	580077	581305	0	0	0	0	0	0	4904	4904
TP1_synth_reverse		95	C	0	580868	0	0	0	69	0	580937	0	4904	0	0	0	0	0	4904
TP1_synth_reverse		96	C	0	580178	0	0	0	52	0	580230	0	4904	0	0	0	0	0	4904
TP1_synth_reverse		97	C	0	577811	0	0	0	118	0	577929	0	4904	0	0	0	0	0	4904
TP1_synth_reverse		98	A	576634	0	0	0	0	0	0	576634	4904	0	0	0	0	0	0	4904
TP1_synth_reverse		99	G	0	0	0	575752	0	0	0	575752	0	0	0	4904	0	0	0	4904
