



























































































































































































































#AmpliconChromStart	Alias	Position	ProbableRef	rawA	rawC	rawD	rawG	rawI	rawN	rawT	rawDepth	consA	consC	consD	consG	consI	consN	consT	consDepth	
TP1_synth_reverse		1	G	0	0	0	578778	0	0	0	578778	0	0	0	8102	0	0	0	8102
TP1_synth_reverse		2	T	0	0	0	0	0	0	579609	579609	0	0	0	0	0	0	8113	8113
TP1_synth_reverse		3	G	0	0	0	580819	0	112	0	580931	0	0	0	8138	0	0	0	8138
TP1_synth_reverse		4	G	0	0	0	581316	0	61	0	581377	0	0	0	8148	0	0	0	8148
TP1_synth_reverse		5	T	0	0	0	0	0	176	581593	581769	0	0	0	0	0	0	8154	8154
TP1_synth_reverse		6	G	95	65	0	582058	0	29	136	582383	0	0	0	8161	0	0	1	8162
TP1_synth_reverse		7	A	582281	21	0	80	0	9	70	582461	8163	0	0	0	0	0	0	8163
TP1_synth_reverse		8	G	95	63	0	582342	1	66	287	582854	0	0	0	8168	0	0	0	8168
TP1_synth_reverse		9	G	80	116	0	582013	1	7	675	582892	0	0	0	8168	0	0	3	8171
TP1_synth_reverse		10	C	239	582488	2	31	27	20	110	582917	0	8171	0	0	0	0	0	8171
TP1_synth_reverse		11	T	303	94	104	772	4	40	581600	582917	0	0	1	3	0	0	8167	8171
TP1_synth_reverse		12	C	254	582235	176	19	0	89	144	582917	0	8167	4	0	0	0	0	8171
TP1_synth_reverse		13	C	346	582370	1	16	0	92	92	582917	0	8171	0	0	0	0	0	8171
TP1_synth_reverse		14	C	286	582440	0	28	0	50	113	582917	0	8171	0	0	0	0	0	8171
TP1_synth_reverse		15	C	219	582507	3	34	1	55	98	582917	0	8171	0	0	0	0	0	8171
TP1_synth_reverse		16	T	529	61	44	32	0	25	582226	582917	0	0	0	0	0	0	8171	8171
TP1_synth_reverse		17	T	597	72	3	31	0	143	582071	582917	0	0	0	0	0	0	8171	8171
TP1_synth_reverse		18	T	489	70	1	17	47	95	582209	582928	0	0	0	0	1	0	8170	8171
TP1_synth_reverse		19	C	426	579685	1489	29	929	81	522	583161	0	8151	9	0	8	0	4	8172
TP1_synth_reverse		20	T	603	74	30	54	1	37	582362	583161	0	0	1	0	0	0	8171	8172
TP1_synth_reverse		21	T	1940	109	95	59	3	150	580805	583161	0	0	2	0	0	0	8170	8172
TP1_synth_reverse		22	G	105	673	357	581695	0	92	239	583161	0	0	4	8168	0	0	0	8172
TP1_synth_reverse		23	C	826	581372	653	47	1	94	168	583161	2	8161	9	0	0	0	0	8172
TP1_synth_reverse		24	G	210	133	1167	581300	0	44	307	583161	0	0	14	8158	0	0	0	8172
TP1_synth_reverse		25	G	207	432	78	582154	0	64	240	583175	0	0	1	8171	0	0	1	8173
TP1_synth_reverse		26	A	582050	17	824	121	1	81	91	583185	8167	0	7	0	0	0	0	8174
TP1_synth_reverse		27	G	63	162	1209	581109	3	69	570	583185	0	0	17	8157	0	0	0	8174
TP1_synth_reverse		28	A	581124	92	1377	59	0	54	501	583207	8160	0	12	0	0	0	3	8175
TP1_synth_reverse		29	T	726	83	2954	61	1	6	579376	583207	0	0	22	0	0	0	8153	8175
TP1_synth_reverse		30	T	2668	111	2534	7	700	47	577609	583676	0	0	17	0	6	0	8156	8179
TP1_synth_reverse		31	C	726	579386	2597	28	5	15	121	582878	0	8158	20	0	0	0	1	8179
TP1_synth_reverse		32	T	936	73	2129	43	329	37	578910	582457	0	0	27	0	2	0	8150	8179
TP1_synth_reverse		33	C	743	579025	2448	38	2	13	71	582340	0	8142	37	0	0	0	0	8179
TP1_synth_reverse		34	T	1181	89	2156	45	0	17	578845	582333	0	0	30	0	0	0	8149	8179
TP1_synth_reverse		35	T	2982	89	2076	53	1	39	576896	582136	0	0	30	0	0	0	8150	8180
TP1_synth_reverse		36	C	540	579628	1933	32	2	41	77	582253	0	8154	28	0	0	0	0	8182
TP1_synth_reverse		37	C	629	580013	1431	56	1	27	88	582245	0	8164	18	0	0	0	0	8182
TP1_synth_reverse		38	T	1404	165	2426	30	0	67	576640	580732	0	4	35	0	0	0	8134	8173
TP1_synth_reverse		39	C	390	577124	2686	32	1	30	552	580815	0	8141	35	0	0	0	1	8177
TP1_synth_reverse		40	T	1448	76	2428	11	0	15	576798	580776	0	0	37	0	0	0	8140	8177
TP1_synth_reverse		41	G	123	1344	3016	574617	2	10	1650	580762	1	2	41	8133	0	0	0	8177
TP1_synth_reverse		42	T	2526	165	3710	29	15	86	573706	580237	1	1	44	0	2	0	8126	8174
TP1_synth_reverse		43	G	77	1394	4099	573933	0	45	679	580227	0	0	44	8129	0	0	1	8174
TP1_synth_reverse		44	C	777	574201	4336	44	2	101	729	580190	1	8118	45	0	0	0	7	8171
TP1_synth_reverse		45	G	175	379	3647	572999	0	43	2941	580184	1	0	42	8119	0	0	9	8171
TP1_synth_reverse		46	C	1249	574377	3609	34	0	16	930	580215	0	8128	39	0	0	0	5	8172
TP1_synth_reverse		47	C	406	575960	3596	30	2	7	211	580212	0	8133	39	0	0	0	0	8172
TP1_synth_reverse		48	G	597	1178	2949	572094	361	9	2273	579461	1	1	38	8123	4	0	2	8169
TP1_synth_reverse		49	A	576557	40	2690	46	1	28	120	579482	8135	0	34	0	0	0	0	8169
TP1_synth_reverse		50	T	2387	68	1522	20	398	18	575064	579477	0	0	28	0	4	0	8137	8169
TP1_synth_reverse		51	A	577100	43	2156	60	0	50	96	579505	8139	0	31	0	0	0	0	8170
TP1_synth_reverse		52	C	578	576131	2993	33	2	38	183	579958	0	8132	42	0	0	0	1	8175
TP1_synth_reverse		53	A	577431	34	2256	103	1	35	88	579948	8144	0	31	0	0	0	0	8175
TP1_synth_reverse		54	G	187	388	1175	576611	1112	15	921	580409	0	0	28	8141	5	0	4	8178
TP1_synth_reverse		55	A	578924	129	1199	92	0	34	59	580437	8149	0	30	0	0	0	0	8179
TP1_synth_reverse		56	A	578992	17	1187	84	0	41	115	580436	8150	0	29	0	0	0	0	8179
TP1_synth_reverse		57	T	3319	38	1259	146	137	35	576277	581211	1	0	30	0	1	0	8150	8182
TP1_synth_reverse		58	A	580019	5	1452	53	0	31	88	581648	8150	0	35	0	0	0	0	8185
TP1_synth_reverse		59	T	2035	58	1996	81	1	8	578230	582409	0	1	37	0	0	0	8156	8194
TP1_synth_reverse		60	C	1383	579222	2047	75	0	33	86	582846	0	8153	48	0	0	0	0	8201
TP1_synth_reverse		61	T	1649	56	2435	248	0	13	578446	582847	1	0	45	0	0	0	8156	8202
TP1_synth_reverse		62	G	790	309	2823	577950	0	76	889	582837	2	0	43	8150	0	0	7	8202
TP1_synth_reverse		63	T	4296	54	1999	40	0	27	576471	582887	1	0	36	0	0	0	8167	8204
TP1_synth_reverse		64	T	2462	56	657	88	2	69	579892	583226	0	0	18	0	0	0	8188	8206
TP1_synth_reverse		65	C	578	580845	656	40	1	86	149	582355	0	8189	15	0	0	0	1	8205
TP1_synth_reverse		66	G	556	341	1270	579023	422	41	691	582344	1	0	19	8181	3	1	0	8205
TP1_synth_reverse		67	C	994	580781	670	27	1	123	88	582684	0	8192	15	0	0	0	0	8207
TP1_synth_reverse		68	A	581266	413	503	124	0	102	294	582702	8185	0	22	0	0	0	1	8208
TP1_synth_reverse		69	C	218	582020	404	36	13	53	90	582834	1	8194	14	0	2	0	0	8211
TP1_synth_reverse		70	T	1245	102	294	172	3	21	580985	582822	0	0	11	0	0	0	8200	8211
TP1_synth_reverse		71	C	381	579803	2480	41	0	11	104	582820	0	8196	15	0	0	0	0	8211
TP1_synth_reverse		72	C	985	580993	493	63	70	51	156	582811	0	8203	5	0	2	0	1	8211
TP1_synth_reverse		73	G	849	278	2182	578505	678	142	168	582802	2	0	18	8190	1	0	0	8211
TP1_synth_reverse		74	A	580736	89	1292	129	415	66	67	582794	8193	0	12	1	4	0	1	8211
TP1_synth_reverse		75	G	178	299	1035	581059	2	20	191	582784	1	0	4	8206	0	0	0	8211
TP1_synth_reverse		76	T	3171	67	987	73	1	24	578444	582767	0	0	3	0	0	0	8208	8211
TP1_synth_reverse		77	G	156	416	332	579923	9	34	1878	582748	1	0	2	8204	0	0	4	8211
TP1_synth_reverse		78	C	621	581360	419	31	0	43	269	582743	1	8208	0	0	0	0	2	8211
TP1_synth_reverse		79	G	426	906	11	580718	0	146	533	582740	6	0	0	8205	0	0	0	8211
TP1_synth_reverse		80	G	608	262	2	581084	0	173	595	582724	3	0	0	8205	0	0	3	8211
TP1_synth_reverse		81	C	524	580664	1165	57	36	134	133	582713	1	8193	12	0	5	0	0	8211
TP1_synth_reverse		82	A	581293	48	924	100	0	61	92	582518	8182	0	29	0	0	0	0	8211
TP1_synth_reverse		83	A	582102	70	16	91	0	176	59	582514	8210	0	1	0	0	0	0	8211
TP1_synth_reverse		84	A	582122	63	0	181	34	46	33	582479	8210	0	0	0	1	0	0	8211
TP1_synth_reverse		85	G	89	276	2	581610	0	83	336	582396	0	0	0	8211	0	0	0	8211
TP1_synth_reverse		86	C	435	581753	1	26	5	43	83	582346	0	8211	0	0	0	0	0	8211
TP1_synth_reverse		87	T	1460	695	2	79	1	84	579920	582241	0	0	0	0	0	0	8211	8211
TP1_synth_reverse		88	G	229	406	21	581339	2	83	127	582207	1	0	2	8208	0	0	0	8211
TP1_synth_reverse		89	T	1071	85	408	40	0	200	580340	582144	0	0	1	0	0	0	8210	8211
TP1_synth_reverse		90	T	1097	82	0	363	0	123	580234	581899	0	0	0	1	0	0	8209	8210
TP1_synth_reverse		91	C	488	581112	0	75	0	25	98	581798	0	8209	0	1	0	0	0	8210
TP1_synth_reverse		92	C	365	580753	0	357	0	45	185	581705	0	8210	0	0	0	0	0	8210
TP1_synth_reverse		93	G	569	168	0	580565	0	84	83	581469	2	0	0	8202	0	0	0	8204
TP1_synth_reverse		94	T	906	77	0	116	0	130	580083	581312	0	0	0	0	0	0	8203	8203
TP1_synth_reverse		95	C	0	580875	0	0	0	69	0	580944	0	8203	0	0	0	0	0	8203
TP1_synth_reverse		96	C	0	580187	0	0	0	52	0	580239	0	8201	0	0	0	0	0	8201
TP1_synth_reverse		97	C	0	577820	0	0	0	118	0	577938	0	8200	0	0	0	0	0	8200
TP1_synth_reverse		98	A	576643	0	0	0	0	0	0	576643	8197	0	0	0	0	0	0	8197
TP1_synth_reverse		99	G	0	0	0	575761	0	0	0	575761	0	0	0	8195	0	0	0	8195
