



























































































































































































































#AmpliconChromStart	Alias	Position	ProbableRef	rawA	rawC	rawD	rawG	rawI	rawN	rawT	rawDepth	consA	consC	consD	consG	consI	consN	consT	consDepth	
TP1_synth_reverse		1	G	0	0	0	578778	0	0	0	578778	0	0	0	5304	0	0	0	5304
TP1_synth_reverse		2	T	0	0	0	0	0	0	579609	579609	0	0	0	0	0	0	5309	5309
TP1_synth_reverse		3	G	0	0	0	580819	0	112	0	580931	0	0	0	5320	0	0	0	5320
TP1_synth_reverse		4	G	0	0	0	581316	0	61	0	581377	0	0	0	5324	0	0	0	5324
TP1_synth_reverse		5	T	0	0	0	0	0	176	581593	581769	0	0	0	0	0	0	5325	5325
TP1_synth_reverse		6	G	95	65	0	582058	0	29	136	582383	0	0	0	5326	0	0	1	5327
TP1_synth_reverse		7	A	582281	21	0	80	0	9	70	582461	5327	0	0	0	0	0	0	5327
TP1_synth_reverse		8	G	95	63	0	582342	1	66	287	582854	0	0	0	5330	0	0	0	5330
TP1_synth_reverse		9	G	80	116	0	582013	1	7	675	582892	0	0	0	5329	0	0	2	5331
TP1_synth_reverse		10	C	239	582488	2	31	27	20	110	582917	0	5331	0	0	0	0	0	5331
TP1_synth_reverse		11	T	303	94	104	772	4	40	581618	582935	0	0	1	3	0	0	5327	5331
TP1_synth_reverse		12	C	254	582253	176	19	0	89	144	582935	0	5327	4	0	0	0	0	5331
TP1_synth_reverse		13	C	346	582388	1	16	0	92	92	582935	0	5331	0	0	0	0	0	5331
TP1_synth_reverse		14	C	286	582458	0	28	0	50	113	582935	0	5331	0	0	0	0	0	5331
TP1_synth_reverse		15	C	219	582525	3	34	1	55	98	582935	0	5331	0	0	0	0	0	5331
TP1_synth_reverse		16	T	529	61	44	32	0	25	582244	582935	0	0	0	0	0	0	5331	5331
TP1_synth_reverse		17	T	598	72	3	31	0	143	582088	582935	0	0	0	0	0	0	5331	5331
TP1_synth_reverse		18	T	492	70	1	17	47	95	582213	582935	0	0	0	0	1	0	5330	5331
TP1_synth_reverse		19	C	426	579692	1489	29	929	81	522	583168	0	5319	6	0	6	0	1	5332
TP1_synth_reverse		20	T	603	74	30	54	1	37	582369	583168	0	0	0	0	0	0	5332	5332
TP1_synth_reverse		21	T	1940	109	95	59	3	150	580812	583168	0	0	1	0	0	0	5331	5332
TP1_synth_reverse		22	G	105	675	357	581699	0	92	240	583168	0	0	2	5330	0	0	0	5332
TP1_synth_reverse		23	C	826	581379	653	47	1	94	168	583168	1	5325	6	0	0	0	0	5332
TP1_synth_reverse		24	G	210	133	1167	581307	0	44	307	583168	0	0	10	5322	0	0	0	5332
TP1_synth_reverse		25	G	207	432	78	582161	0	64	240	583182	0	0	1	5332	0	0	0	5333
TP1_synth_reverse		26	A	582057	17	824	121	1	81	91	583192	5328	0	5	0	0	0	0	5333
TP1_synth_reverse		27	G	63	162	1209	581117	3	69	569	583192	0	0	11	5322	0	0	0	5333
TP1_synth_reverse		28	A	581131	92	1377	59	0	54	501	583214	5323	0	9	0	0	0	2	5334
TP1_synth_reverse		29	T	726	82	2954	61	1	6	579384	583214	0	0	17	0	0	0	5317	5334
TP1_synth_reverse		30	T	2669	111	2534	7	700	47	577615	583683	0	0	13	0	3	0	5322	5338
TP1_synth_reverse		31	C	728	579391	2597	28	5	15	121	582885	0	5322	15	0	0	0	1	5338
TP1_synth_reverse		32	T	939	73	2129	43	329	37	578914	582464	0	0	23	0	1	0	5314	5338
TP1_synth_reverse		33	C	743	579032	2448	38	2	13	71	582347	0	5311	27	0	0	0	0	5338
TP1_synth_reverse		34	T	1182	89	2156	45	0	17	578851	582340	0	0	25	0	0	0	5313	5338
TP1_synth_reverse		35	T	2981	89	2076	53	1	39	576904	582143	0	0	24	0	0	0	5316	5340
TP1_synth_reverse		36	C	539	579636	1933	32	2	41	77	582260	0	5319	22	0	0	0	0	5341
TP1_synth_reverse		37	C	627	580022	1431	56	1	27	88	582252	0	5327	14	0	0	0	0	5341
TP1_synth_reverse		38	T	1404	165	2426	30	0	67	576647	580739	0	4	25	0	0	0	5307	5336
TP1_synth_reverse		39	C	390	577131	2686	32	1	30	552	580822	0	5313	25	0	0	0	1	5339
TP1_synth_reverse		40	T	1448	76	2428	11	0	15	576805	580783	0	0	26	0	0	0	5313	5339
TP1_synth_reverse		41	G	123	1342	3016	574627	2	10	1649	580769	1	0	24	5314	0	0	0	5339
TP1_synth_reverse		42	T	2526	165	3710	29	15	86	573713	580244	0	1	25	0	1	0	5312	5339
TP1_synth_reverse		43	G	77	1394	4099	573939	0	45	680	580234	0	0	25	5314	0	0	0	5339
TP1_synth_reverse		44	C	777	574208	4336	44	2	101	729	580197	0	5306	26	0	0	0	4	5336
TP1_synth_reverse		45	G	175	381	3647	573002	0	43	2943	580191	1	0	23	5307	0	0	5	5336
TP1_synth_reverse		46	C	1247	574386	3609	34	0	16	930	580222	0	5310	23	0	0	0	4	5337
TP1_synth_reverse		47	C	405	575968	3596	30	2	7	211	580219	0	5313	24	0	0	0	0	5337
TP1_synth_reverse		48	G	597	1177	2949	572100	361	9	2275	579468	1	0	24	5306	3	0	1	5335
TP1_synth_reverse		49	A	576563	40	2690	46	1	28	121	579489	5313	0	22	0	0	0	0	5335
TP1_synth_reverse		50	T	2391	68	1522	20	398	18	575067	579484	0	0	18	0	2	0	5315	5335
TP1_synth_reverse		51	A	577107	43	2156	60	0	50	96	579512	5315	0	21	0	0	0	0	5336
TP1_synth_reverse		52	C	576	576140	2993	33	2	38	183	579965	0	5312	26	0	0	0	1	5339
TP1_synth_reverse		53	A	577438	34	2256	103	1	35	88	579955	5319	0	20	0	0	0	0	5339
TP1_synth_reverse		54	G	186	390	1175	576616	1112	15	922	580416	0	0	17	5320	2	0	3	5342
TP1_synth_reverse		55	A	578931	129	1199	92	0	34	59	580444	5325	0	18	0	0	0	0	5343
TP1_synth_reverse		56	A	578999	17	1187	84	0	41	115	580443	5327	0	16	0	0	0	0	5343
TP1_synth_reverse		57	T	3323	38	1259	146	137	35	576280	581218	0	0	17	0	1	0	5326	5344
TP1_synth_reverse		58	A	580026	5	1452	53	0	31	88	581655	5326	0	21	0	0	0	0	5347
TP1_synth_reverse		59	T	2035	58	1996	81	1	8	578237	582416	0	0	22	0	0	0	5331	5353
TP1_synth_reverse		60	C	1385	579227	2047	75	0	33	86	582853	0	5330	28	0	0	0	0	5358
TP1_synth_reverse		61	T	1648	56	2435	247	0	13	578455	582854	0	0	25	0	0	0	5334	5359
TP1_synth_reverse		62	G	791	309	2823	577956	0	76	889	582844	0	0	24	5335	0	0	0	5359
TP1_synth_reverse		63	T	4295	54	1999	40	0	27	576479	582894	0	0	21	0	0	0	5340	5361
TP1_synth_reverse		64	T	2465	56	657	88	2	69	579896	583233	0	0	8	0	0	0	5355	5363
TP1_synth_reverse		65	C	578	580852	656	40	1	86	149	582362	0	5354	8	0	0	0	0	5362
TP1_synth_reverse		66	G	556	342	1270	579026	422	41	694	582351	1	0	13	5347	1	0	0	5362
TP1_synth_reverse		67	C	994	580788	670	27	1	123	88	582691	0	5354	9	0	0	0	0	5363
TP1_synth_reverse		68	A	581273	413	503	124	0	102	294	582709	5353	0	10	0	0	0	1	5364
TP1_synth_reverse		69	C	219	582026	404	36	13	53	90	582841	1	5357	8	0	0	0	0	5366
TP1_synth_reverse		70	T	1246	102	294	171	3	21	580992	582829	0	0	6	0	0	0	5360	5366
TP1_synth_reverse		71	C	381	579810	2480	41	0	11	104	582827	0	5358	8	0	0	0	0	5366
TP1_synth_reverse		72	C	986	581000	493	63	70	51	156	582819	0	5360	5	0	1	0	0	5366
TP1_synth_reverse		73	G	849	278	2182	578512	678	142	169	582810	2	0	11	5352	1	0	0	5366
TP1_synth_reverse		74	A	580744	89	1292	129	415	66	67	582802	5354	0	10	1	1	0	0	5366
TP1_synth_reverse		75	G	178	299	1035	581067	2	20	191	582792	1	0	4	5361	0	0	0	5366
TP1_synth_reverse		76	T	3170	67	987	73	1	24	578453	582775	0	0	3	0	0	0	5363	5366
TP1_synth_reverse		77	G	157	416	332	579929	9	34	1879	582756	1	0	2	5360	0	0	3	5366
TP1_synth_reverse		78	C	621	581368	419	31	0	43	269	582751	1	5363	0	0	0	0	2	5366
TP1_synth_reverse		79	G	425	906	10	580727	0	146	534	582748	3	0	0	5363	0	0	0	5366
TP1_synth_reverse		80	G	608	263	2	581091	0	173	595	582732	3	0	0	5360	0	0	3	5366
TP1_synth_reverse		81	C	527	580669	1165	57	36	134	133	582721	1	5356	8	0	1	0	0	5366
TP1_synth_reverse		82	A	581301	48	924	100	0	61	92	582526	5348	0	18	0	0	0	0	5366
TP1_synth_reverse		83	A	582110	70	16	91	0	176	59	582522	5366	0	0	0	0	0	0	5366
TP1_synth_reverse		84	A	582130	63	0	181	34	46	33	582487	5365	0	0	0	1	0	0	5366
TP1_synth_reverse		85	G	89	276	2	581618	0	83	336	582404	0	0	0	5366	0	0	0	5366
TP1_synth_reverse		86	C	435	581761	1	26	5	43	83	582354	0	5366	0	0	0	0	0	5366
TP1_synth_reverse		87	T	1461	695	2	79	1	84	579927	582249	0	0	0	0	0	0	5366	5366
TP1_synth_reverse		88	G	229	406	21	581346	2	83	128	582215	1	0	0	5365	0	0	0	5366
TP1_synth_reverse		89	T	1072	85	408	40	0	200	580347	582152	0	0	1	0	0	0	5365	5366
TP1_synth_reverse		90	T	1098	82	0	363	0	123	580239	581905	0	0	0	1	0	0	5364	5365
TP1_synth_reverse		91	C	488	581118	0	75	0	25	98	581804	0	5365	0	0	0	0	0	5365
TP1_synth_reverse		92	C	364	580760	0	357	0	45	185	581711	0	5365	0	0	0	0	0	5365
TP1_synth_reverse		93	G	570	168	0	580570	0	84	83	581475	2	0	0	5361	0	0	0	5363
TP1_synth_reverse		94	T	906	77	0	116	0	130	580089	581318	0	0	0	0	0	0	5363	5363
TP1_synth_reverse		95	C	0	580881	0	0	0	69	0	580950	0	5363	0	0	0	0	0	5363
TP1_synth_reverse		96	C	0	580192	0	0	0	52	0	580244	0	5363	0	0	0	0	0	5363
TP1_synth_reverse		97	C	0	577825	0	0	0	118	0	577943	0	5363	0	0	0	0	0	5363
TP1_synth_reverse		98	A	576648	0	0	0	0	0	0	576648	5363	0	0	0	0	0	0	5363
TP1_synth_reverse		99	G	0	0	0	575766	0	0	0	575766	0	0	0	5363	0	0	0	5363
