



























































































































































































































#AmpliconChromStart	Alias	Position	ProbableRef	rawA	rawC	rawD	rawG	rawI	rawN	rawT	rawDepth	consA	consC	consD	consG	consI	consN	consT	consDepth	
TP1_synth_reverse		1	G	0	0	0	1049290	0	0	0	1049290	0	0	0	10809	0	0	0	10809
TP1_synth_reverse		2	T	0	0	0	0	0	0	1052267	1052267	0	0	0	0	0	0	10825	10825
TP1_synth_reverse		3	G	0	0	0	1055003	0	112	0	1055115	0	0	0	10850	0	0	0	10850
TP1_synth_reverse		4	G	0	0	0	1055926	0	71	0	1055997	0	0	0	10859	0	0	0	10859
TP1_synth_reverse		5	T	0	0	0	0	0	30	1056366	1056396	0	0	0	0	0	0	10862	10862
TP1_synth_reverse		6	G	208	86	0	1056704	0	20	154	1057172	1	0	0	10864	0	0	0	10865
TP1_synth_reverse		7	A	1057349	26	0	143	0	98	150	1057766	10872	0	0	0	0	0	0	10872
TP1_synth_reverse		8	G	129	89	0	1057696	0	134	188	1058236	0	0	0	10877	0	0	1	10878
TP1_synth_reverse		9	G	131	164	0	1058612	2	33	161	1059103	0	0	0	10885	0	0	0	10885
TP1_synth_reverse		10	C	286	1058614	14	42	0	30	149	1059135	0	10885	0	0	0	0	1	10886
TP1_synth_reverse		11	T	209	175	444	8	238	35	1058051	1059160	0	0	1	0	2	0	10883	10886
TP1_synth_reverse		12	C	358	1055202	3293	38	0	87	182	1059160	0	10868	18	0	0	0	0	10886
TP1_synth_reverse		13	C	562	1058248	6	35	3	123	183	1059160	0	10885	0	0	0	0	1	10886
TP1_synth_reverse		14	C	448	1058487	1	22	2	54	162	1059176	0	10886	0	0	0	0	0	10886
TP1_synth_reverse		15	C	305	1057829	1	39	790	81	143	1059188	0	10881	0	0	5	0	0	10886
TP1_synth_reverse		16	T	429	145	950	20	2	276	1057385	1059207	0	1	11	0	0	0	10874	10886
TP1_synth_reverse		17	T	406	145	1	10	0	84	1058575	1059221	0	0	0	0	0	0	10886	10886
TP1_synth_reverse		18	T	345	166	337	11	0	75	1058287	1059221	0	0	1	0	0	0	10885	10886
TP1_synth_reverse		19	C	392	1058009	401	25	229	78	110	1059244	0	10876	4	0	7	0	0	10887
TP1_synth_reverse		20	T	306	99	107	25	0	41	1058673	1059251	0	0	1	0	0	0	10886	10887
TP1_synth_reverse		21	T	503	195	0	66	0	114	1058373	1059251	0	0	0	0	0	0	10887	10887
TP1_synth_reverse		22	G	148	434	115	1057717	1	24	825	1059264	0	0	0	10885	0	0	2	10887
TP1_synth_reverse		23	C	681	1056776	288	56	716	31	727	1059275	1	10877	4	0	3	0	3	10888
TP1_synth_reverse		24	G	227	187	54	1056620	1	58	2128	1059275	0	0	1	10880	0	0	7	10888
TP1_synth_reverse		25	G	114	701	10	1057521	141	122	666	1059275	0	0	0	10884	2	0	2	10888
TP1_synth_reverse		26	A	1058742	24	75	197	17	61	159	1059275	10885	0	3	0	0	0	0	10888
TP1_synth_reverse		27	G	127	870	550	1056736	27	37	928	1059275	1	0	3	10876	2	0	6	10888
TP1_synth_reverse		28	A	1057840	55	1057	122	14	44	149	1059281	10880	0	7	0	1	0	0	10888
TP1_synth_reverse		29	T	357	103	1273	190	0	176	1057182	1059281	0	0	9	0	0	0	10879	10888
TP1_synth_reverse		30	T	1055	114	6	62	0	121	1057923	1059281	0	0	0	0	0	0	10888	10888
TP1_synth_reverse		31	C	565	1057782	464	48	204	94	107	1059264	0	10882	2	0	4	0	0	10888
TP1_synth_reverse		32	T	683	982	0	329	72	427	1056762	1059255	0	4	0	1	3	0	10880	10888
TP1_synth_reverse		33	C	458	1057847	245	42	185	147	325	1059249	0	10881	4	0	1	0	2	10888
TP1_synth_reverse		34	T	813	161	142	90	1	105	1057936	1059248	0	0	3	0	0	0	10885	10888
TP1_synth_reverse		35	T	1613	144	1	91	67	126	1057199	1059241	0	0	0	0	2	0	10886	10888
TP1_synth_reverse		36	C	645	1057588	765	38	0	74	126	1059236	0	10885	3	0	0	0	0	10888
TP1_synth_reverse		37	C	631	1057719	253	72	321	88	145	1059229	0	10887	0	0	1	0	0	10888
TP1_synth_reverse		38	T	801	181	377	296	1	36	1057527	1059219	0	2	1	0	0	0	10885	10888
TP1_synth_reverse		39	C	487	1058392	76	61	0	94	111	1059221	0	10887	1	0	0	0	0	10888
TP1_synth_reverse		40	T	1479	96	960	39	47	184	1056416	1059221	0	0	10	0	1	0	10877	10888
TP1_synth_reverse		41	G	588	631	874	1056600	95	41	391	1059220	1	0	8	10877	2	0	0	10888
TP1_synth_reverse		42	T	2477	141	520	40	536	71	1055440	1059225	0	1	6	0	5	0	10876	10888
TP1_synth_reverse		43	G	470	536	34	1056811	15	456	917	1059239	0	0	0	10885	0	0	4	10889
TP1_synth_reverse		44	C	595	1055692	1668	85	16	194	993	1059243	0	10878	8	0	0	0	3	10889
TP1_synth_reverse		45	G	258	407	292	1056409	226	61	1575	1059228	2	0	2	10883	2	0	0	10889
TP1_synth_reverse		46	C	821	1055954	990	59	0	8	1394	1059226	0	10870	8	0	0	0	11	10889
TP1_synth_reverse		47	C	414	1057664	0	44	16	44	1051	1059233	0	10883	0	0	1	0	5	10889
TP1_synth_reverse		48	G	297	716	111	1056145	36	60	1847	1059212	1	0	2	10882	1	0	3	10889
TP1_synth_reverse		49	A	1058298	56	167	116	198	234	189	1059258	10886	0	3	0	1	0	0	10890
TP1_synth_reverse		50	T	1247	206	302	145	451	141	1056757	1059249	0	3	4	0	6	0	10877	10890
TP1_synth_reverse		51	A	1058328	51	404	141	0	145	192	1059261	10888	0	2	0	0	0	1	10891
TP1_synth_reverse		52	C	958	1057524	106	116	14	355	179	1059252	2	10886	2	0	0	0	1	10891
TP1_synth_reverse		53	A	1056336	39	1618	244	326	391	313	1059267	10883	0	8	0	0	0	1	10892
TP1_synth_reverse		54	G	175	272	761	1056828	457	109	654	1059256	0	0	3	10882	4	0	3	10892
TP1_synth_reverse		55	A	1058734	94	44	154	1	140	128	1059295	10892	0	0	0	0	0	1	10893
TP1_synth_reverse		56	A	1058508	13	2	190	314	116	149	1059292	10892	0	0	0	1	0	0	10893
TP1_synth_reverse		57	T	2093	78	14	255	553	310	1055952	1059255	0	0	0	0	6	0	10887	10893
TP1_synth_reverse		58	A	1058218	19	227	268	1	396	146	1059275	10889	0	4	1	0	0	0	10894
TP1_synth_reverse		59	T	1105	71	588	98	36	461	1056880	1059239	0	0	5	0	1	0	10888	10894
TP1_synth_reverse		60	C	1156	1055824	952	572	1	294	415	1059214	2	10873	8	7	0	0	4	10894
TP1_synth_reverse		61	T	1745	158	370	989	296	246	1055402	1059206	2	3	5	5	2	0	10877	10894
TP1_synth_reverse		62	G	996	309	1196	1053776	868	463	1591	1059199	1	1	6	10875	6	0	5	10894
TP1_synth_reverse		63	T	2282	108	497	18	4	217	1056086	1059212	0	0	6	0	0	0	10889	10895
TP1_synth_reverse		64	T	2181	92	174	19	25	58	1056652	1059201	0	0	1	0	1	0	10893	10895
TP1_synth_reverse		65	C	1375	1056677	668	42	31	178	222	1059193	0	10887	4	0	3	0	1	10895
TP1_synth_reverse		66	G	328	549	57	1056991	0	81	1178	1059184	0	1	1	10888	0	0	5	10895
TP1_synth_reverse		67	C	978	1057353	378	50	78	240	112	1059189	0	10891	3	0	2	0	0	10896
TP1_synth_reverse		68	A	1057948	366	366	261	29	122	92	1059184	10889	2	2	2	1	0	0	10896
TP1_synth_reverse		69	C	375	1057894	2	54	1	70	785	1059181	0	10896	0	0	0	0	0	10896
TP1_synth_reverse		70	T	1287	258	2	46	165	118	1057293	1059169	0	1	0	0	2	0	10893	10896
TP1_synth_reverse		71	C	421	1057278	849	42	0	418	157	1059165	0	10887	7	0	0	0	2	10896
TP1_synth_reverse		72	C	788	1056992	8	63	421	187	700	1059159	0	10891	0	0	2	0	3	10896
TP1_synth_reverse		73	G	419	597	55	1056773	0	445	853	1059142	2	0	0	10893	0	0	1	10896
TP1_synth_reverse		74	A	1057499	48	881	148	375	148	40	1059139	10889	0	4	0	3	0	0	10896
TP1_synth_reverse		75	G	167	523	277	1057964	0	68	130	1059129	2	0	1	10893	0	0	0	10896
TP1_synth_reverse		76	T	1049	118	234	58	55	68	1057535	1059117	0	0	4	0	0	0	10892	10896
TP1_synth_reverse		77	G	600	406	15	1057220	426	74	353	1059094	2	0	0	10887	4	0	3	10896
TP1_synth_reverse		78	C	591	1055439	580	61	593	560	1260	1059084	0	10879	3	0	5	0	9	10896
TP1_synth_reverse		79	G	692	588	947	1056069	2	140	640	1059078	4	0	8	10882	0	0	2	10896
TP1_synth_reverse		80	G	617	420	2	1056694	0	177	1135	1059045	3	2	0	10885	0	0	6	10896
TP1_synth_reverse		81	C	340	1056057	1502	101	702	117	211	1059030	0	10884	8	0	4	0	0	10896
TP1_synth_reverse		82	A	1057668	37	865	188	0	99	159	1059016	10890	0	6	0	0	0	0	10896
TP1_synth_reverse		83	A	1058204	59	215	111	0	291	134	1059014	10895	0	1	0	0	0	0	10896
TP1_synth_reverse		84	A	1058000	50	0	225	318	322	69	1058984	10892	0	0	0	4	0	0	10896
TP1_synth_reverse		85	G	226	424	7	1057052	792	146	223	1058870	1	0	0	10892	3	0	0	10896
TP1_synth_reverse		86	C	976	1057335	0	107	3	98	293	1058812	0	10894	0	1	0	0	1	10896
TP1_synth_reverse		87	T	1344	115	160	26	1	357	1056723	1058726	1	0	2	0	0	0	10893	10896
TP1_synth_reverse		88	G	552	611	461	1056456	134	175	269	1058658	5	0	1	10888	2	0	0	10896
TP1_synth_reverse		89	T	835	127	394	30	0	65	1057168	1058619	0	0	3	0	0	0	10893	10896
TP1_synth_reverse		90	T	731	128	168	71	0	109	1057278	1058485	0	0	1	0	0	0	10895	10896
TP1_synth_reverse		91	C	631	1057148	0	83	0	375	123	1058360	0	10895	0	1	0	0	0	10896
TP1_synth_reverse		92	C	536	1056207	0	391	0	462	307	1057903	2	10889	0	5	0	0	0	10896
TP1_synth_reverse		93	G	545	487	0	1055474	0	183	196	1056885	4	0	0	10890	0	0	0	10894
TP1_synth_reverse		94	T	615	132	0	43	0	94	1055684	1056568	0	0	0	0	0	0	10894	10894
TP1_synth_reverse		95	C	0	1055883	0	0	0	206	0	1056089	0	10893	0	0	0	0	0	10893
TP1_synth_reverse		96	C	0	1055047	0	0	0	165	0	1055212	0	10893	0	0	0	0	0	10893
TP1_synth_reverse		97	C	0	1052243	0	0	0	204	0	1052447	0	10891	0	0	0	0	0	10891
TP1_synth_reverse		98	A	1048882	0	0	0	0	0	0	1048882	10890	0	0	0	0	0	0	10890
TP1_synth_reverse		99	G	0	0	0	1047449	0	0	0	1047449	0	0	0	10888	0	0	0	10888
