



























































































































































































































#AmpliconChromStart	Alias	Position	ProbableRef	rawA	rawC	rawD	rawG	rawI	rawN	rawT	rawDepth	consA	consC	consD	consG	consI	consN	consT	consDepth	
TP1_synth_reverse		1	G	0	0	0	1049290	0	0	0	1049290	0	0	0	5273	0	0	0	5273
TP1_synth_reverse		2	T	0	0	0	0	0	0	1052267	1052267	0	0	0	0	0	0	5284	5284
TP1_synth_reverse		3	G	0	0	0	1055003	0	112	0	1055115	0	0	0	5297	0	0	0	5297
TP1_synth_reverse		4	G	0	0	0	1055926	0	71	0	1055997	0	0	0	5303	0	0	0	5303
TP1_synth_reverse		5	T	0	0	0	0	0	30	1056366	1056396	0	0	0	0	0	0	5305	5305
TP1_synth_reverse		6	G	208	86	0	1056704	0	20	154	1057172	0	0	0	5307	0	0	0	5307
TP1_synth_reverse		7	A	1057349	26	0	143	0	98	150	1057766	5310	0	0	0	0	0	0	5310
TP1_synth_reverse		8	G	129	89	0	1057696	0	134	188	1058236	0	0	0	5311	0	0	1	5312
TP1_synth_reverse		9	G	131	164	0	1058612	2	33	161	1059103	0	0	0	5315	0	0	0	5315
TP1_synth_reverse		10	C	286	1058614	14	42	0	30	149	1059135	0	5315	0	0	0	0	0	5315
TP1_synth_reverse		11	T	209	175	444	8	238	35	1058051	1059160	0	0	1	0	1	0	5313	5315
TP1_synth_reverse		12	C	358	1055202	3293	38	0	87	182	1059160	0	5306	9	0	0	0	0	5315
TP1_synth_reverse		13	C	562	1058262	6	35	3	123	183	1059174	0	5315	0	0	0	0	0	5315
TP1_synth_reverse		14	C	448	1058501	1	22	2	54	162	1059190	0	5315	0	0	0	0	0	5315
TP1_synth_reverse		15	C	305	1057843	1	39	790	81	143	1059202	0	5312	0	0	3	0	0	5315
TP1_synth_reverse		16	T	429	145	950	20	2	276	1057399	1059221	0	0	6	0	0	0	5309	5315
TP1_synth_reverse		17	T	406	145	1	10	0	84	1058589	1059235	0	0	0	0	0	0	5315	5315
TP1_synth_reverse		18	T	345	166	337	11	0	75	1058301	1059235	0	0	1	0	0	0	5314	5315
TP1_synth_reverse		19	C	392	1058023	401	25	229	78	110	1059258	0	5311	1	0	3	0	0	5315
TP1_synth_reverse		20	T	306	99	107	25	0	41	1058680	1059258	0	0	1	0	0	0	5314	5315
TP1_synth_reverse		21	T	504	195	0	66	0	114	1058386	1059265	0	0	0	0	0	0	5315	5315
TP1_synth_reverse		22	G	148	434	115	1057730	1	24	826	1059278	0	0	0	5313	0	0	2	5315
TP1_synth_reverse		23	C	682	1056789	288	56	716	31	727	1059289	0	5309	2	0	3	0	1	5315
TP1_synth_reverse		24	G	227	187	54	1056634	1	58	2128	1059289	0	0	0	5311	0	0	4	5315
TP1_synth_reverse		25	G	114	701	10	1057536	141	121	666	1059289	0	0	0	5311	2	0	2	5315
TP1_synth_reverse		26	A	1058756	24	75	197	17	61	159	1059289	5315	0	0	0	0	0	0	5315
TP1_synth_reverse		27	G	127	870	550	1056750	27	37	928	1059289	0	0	3	5309	0	0	3	5315
TP1_synth_reverse		28	A	1057854	55	1057	122	14	44	149	1059295	5309	0	6	0	0	0	0	5315
TP1_synth_reverse		29	T	358	103	1273	190	0	176	1057195	1059295	0	0	3	0	0	0	5312	5315
TP1_synth_reverse		30	T	1055	114	6	62	0	121	1057937	1059295	0	0	0	0	0	0	5315	5315
TP1_synth_reverse		31	C	565	1057801	464	48	204	94	107	1059283	0	5311	2	0	2	0	0	5315
TP1_synth_reverse		32	T	683	982	0	329	72	427	1056781	1059274	0	4	0	1	0	0	5310	5315
TP1_synth_reverse		33	C	459	1057865	245	42	185	147	325	1059268	0	5310	2	0	1	0	2	5315
TP1_synth_reverse		34	T	815	161	142	90	1	105	1057953	1059267	0	0	1	0	0	0	5314	5315
TP1_synth_reverse		35	T	1614	144	1	91	67	126	1057217	1059260	0	0	0	0	0	0	5315	5315
TP1_synth_reverse		36	C	646	1057606	765	38	0	74	126	1059255	0	5313	2	0	0	0	0	5315
TP1_synth_reverse		37	C	630	1057739	253	72	321	88	145	1059248	0	5314	0	0	1	0	0	5315
TP1_synth_reverse		38	T	802	181	377	296	1	36	1057545	1059238	0	1	1	0	0	0	5313	5315
TP1_synth_reverse		39	C	486	1058408	76	61	0	94	111	1059236	0	5314	1	0	0	0	0	5315
TP1_synth_reverse		40	T	1484	96	960	39	47	184	1056426	1059236	0	0	6	0	0	0	5309	5315
TP1_synth_reverse		41	G	589	631	874	1056607	95	41	392	1059229	0	0	5	5309	1	0	0	5315
TP1_synth_reverse		42	T	2480	141	520	40	536	71	1055439	1059227	0	0	4	0	3	0	5308	5315
TP1_synth_reverse		43	G	472	536	34	1056811	15	456	917	1059241	0	0	0	5313	0	0	2	5315
TP1_synth_reverse		44	C	597	1055692	1668	85	16	194	993	1059245	0	5307	5	0	0	0	3	5315
TP1_synth_reverse		45	G	258	408	292	1056409	226	61	1576	1059230	0	0	2	5311	2	0	0	5315
TP1_synth_reverse		46	C	820	1055965	990	59	0	8	1394	1059236	0	5302	6	0	0	0	7	5315
TP1_synth_reverse		47	C	412	1057676	0	44	16	44	1051	1059243	0	5312	0	0	0	0	3	5315
TP1_synth_reverse		48	G	296	714	111	1056158	36	60	1847	1059222	1	0	1	5311	0	0	2	5315
TP1_synth_reverse		49	A	1058308	56	167	116	198	234	189	1059268	5313	0	1	0	1	0	0	5315
TP1_synth_reverse		50	T	1245	206	302	145	451	140	1056770	1059259	0	0	1	0	2	0	5312	5315
TP1_synth_reverse		51	A	1058338	51	404	141	0	145	192	1059271	5314	0	1	0	0	0	0	5315
TP1_synth_reverse		52	C	958	1057533	106	117	14	355	179	1059262	2	5312	1	0	0	0	0	5315
TP1_synth_reverse		53	A	1056346	39	1618	244	326	391	313	1059277	5306	0	8	0	0	0	1	5315
TP1_synth_reverse		54	G	176	272	761	1056838	457	109	652	1059265	0	0	3	5309	1	0	2	5315
TP1_synth_reverse		55	A	1058743	94	44	154	1	140	128	1059304	5315	0	0	0	0	0	1	5316
TP1_synth_reverse		56	A	1058517	13	2	190	314	116	149	1059301	5315	0	0	0	1	0	0	5316
TP1_synth_reverse		57	T	2093	78	14	256	553	310	1055961	1059265	0	0	0	0	3	0	5313	5316
TP1_synth_reverse		58	A	1058228	19	227	268	1	396	146	1059285	5312	0	3	1	0	0	0	5316
TP1_synth_reverse		59	T	1106	71	588	98	36	461	1056888	1059248	0	0	3	0	1	0	5312	5316
TP1_synth_reverse		60	C	1159	1055830	952	572	1	294	415	1059223	2	5303	5	4	0	0	2	5316
TP1_synth_reverse		61	T	1746	158	370	989	296	246	1055410	1059215	2	0	3	5	2	0	5304	5316
TP1_synth_reverse		62	G	1000	312	1196	1053778	868	463	1591	1059208	1	0	5	5303	3	0	4	5316
TP1_synth_reverse		63	T	2283	108	497	18	4	217	1056094	1059221	0	0	3	0	0	0	5313	5316
TP1_synth_reverse		64	T	2179	92	174	19	25	58	1056663	1059210	0	0	1	0	0	0	5315	5316
TP1_synth_reverse		65	C	1371	1056690	668	42	31	178	222	1059202	0	5314	2	0	0	0	0	5316
TP1_synth_reverse		66	G	328	549	57	1056998	0	81	1180	1059193	0	1	1	5311	0	0	3	5316
TP1_synth_reverse		67	C	979	1057361	378	50	78	240	112	1059198	0	5313	2	0	1	0	0	5316
TP1_synth_reverse		68	A	1057957	366	366	261	29	122	92	1059193	5312	1	2	1	0	0	0	5316
TP1_synth_reverse		69	C	373	1057905	2	54	1	70	785	1059190	0	5316	0	0	0	0	0	5316
TP1_synth_reverse		70	T	1285	258	2	46	165	118	1057304	1059178	0	1	0	0	1	0	5314	5316
TP1_synth_reverse		71	C	421	1057287	849	42	0	418	157	1059174	0	5313	3	0	0	0	0	5316
TP1_synth_reverse		72	C	788	1057001	8	63	421	187	700	1059168	0	5312	0	0	2	0	2	5316
TP1_synth_reverse		73	G	419	597	55	1056781	0	445	854	1059151	1	0	0	5314	0	0	1	5316
TP1_synth_reverse		74	A	1057508	48	881	148	375	148	40	1059148	5310	0	4	0	2	0	0	5316
TP1_synth_reverse		75	G	168	523	277	1057972	0	68	130	1059138	0	0	1	5315	0	0	0	5316
TP1_synth_reverse		76	T	1047	118	234	58	55	68	1057546	1059126	0	0	3	0	0	0	5313	5316
TP1_synth_reverse		77	G	600	405	15	1057228	426	74	355	1059103	2	0	0	5313	1	0	0	5316
TP1_synth_reverse		78	C	591	1055447	580	61	593	560	1260	1059092	0	5303	3	0	4	0	6	5316
TP1_synth_reverse		79	G	692	586	947	1056079	2	140	640	1059086	3	0	5	5307	0	0	1	5316
TP1_synth_reverse		80	G	617	419	2	1056704	0	177	1134	1059053	2	1	0	5310	0	0	3	5316
TP1_synth_reverse		81	C	342	1056063	1502	101	702	117	211	1059038	0	5311	3	0	2	0	0	5316
TP1_synth_reverse		82	A	1057677	37	865	188	0	99	158	1059024	5313	0	3	0	0	0	0	5316
TP1_synth_reverse		83	A	1058211	60	215	111	0	291	134	1059022	5315	0	1	0	0	0	0	5316
TP1_synth_reverse		84	A	1058007	51	0	225	318	322	69	1058992	5313	0	0	0	3	0	0	5316
TP1_synth_reverse		85	G	226	425	7	1057059	792	145	223	1058877	1	0	0	5313	2	0	0	5316
TP1_synth_reverse		86	C	976	1057342	0	107	3	98	293	1058819	0	5315	0	1	0	0	0	5316
TP1_synth_reverse		87	T	1342	115	160	26	1	356	1056731	1058731	1	0	2	0	0	0	5313	5316
TP1_synth_reverse		88	G	552	611	461	1056461	134	175	269	1058663	3	0	1	5311	1	0	0	5316
TP1_synth_reverse		89	T	835	127	394	30	0	65	1057173	1058624	0	0	2	0	0	0	5314	5316
TP1_synth_reverse		90	T	731	128	168	71	0	109	1057283	1058490	0	0	1	0	0	0	5315	5316
TP1_synth_reverse		91	C	630	1057154	0	83	0	375	123	1058365	0	5316	0	0	0	0	0	5316
TP1_synth_reverse		92	C	536	1056212	0	391	0	462	307	1057908	0	5314	0	2	0	0	0	5316
TP1_synth_reverse		93	G	545	486	0	1055481	0	183	196	1056891	2	0	0	5314	0	0	0	5316
TP1_synth_reverse		94	T	616	132	0	43	0	94	1055689	1056574	0	0	0	0	0	0	5316	5316
TP1_synth_reverse		95	C	0	1055889	0	0	0	206	0	1056095	0	5316	0	0	0	0	0	5316
TP1_synth_reverse		96	C	0	1055053	0	0	0	165	0	1055218	0	5316	0	0	0	0	0	5316
TP1_synth_reverse		97	C	0	1052250	0	0	0	203	0	1052453	0	5316	0	0	0	0	0	5316
TP1_synth_reverse		98	A	1048888	0	0	0	0	0	0	1048888	5316	0	0	0	0	0	0	5316
TP1_synth_reverse		99	G	0	0	0	1047455	0	0	0	1047455	0	0	0	5316	0	0	0	5316
