



























































































































































































































#AmpliconChromStart	Alias	Position	ProbableRef	rawA	rawC	rawD	rawG	rawI	rawN	rawT	rawDepth	consA	consC	consD	consG	consI	consN	consT	consDepth	
TP1_synth_reverse		1	G	0	0	0	1049290	0	0	0	1049290	0	0	0	9443	0	0	0	9443
TP1_synth_reverse		2	T	0	0	0	0	0	0	1052267	1052267	0	0	0	0	0	0	9459	9459
TP1_synth_reverse		3	G	0	0	0	1055003	0	112	0	1055115	0	0	0	9479	0	0	0	9479
TP1_synth_reverse		4	G	0	0	0	1055926	0	71	0	1055997	0	0	0	9487	0	0	0	9487
TP1_synth_reverse		5	T	0	0	0	0	0	30	1056366	1056396	0	0	0	0	0	0	9489	9489
TP1_synth_reverse		6	G	208	86	0	1056704	0	20	154	1057172	0	0	0	9492	0	0	0	9492
TP1_synth_reverse		7	A	1057349	26	0	143	0	98	150	1057766	9498	0	0	0	0	0	0	9498
TP1_synth_reverse		8	G	129	89	0	1057696	0	134	188	1058236	0	0	0	9503	0	0	1	9504
TP1_synth_reverse		9	G	131	164	0	1058612	2	33	161	1059103	0	0	0	9509	0	0	0	9509
TP1_synth_reverse		10	C	286	1058614	14	42	0	30	149	1059135	0	9509	0	0	0	0	1	9510
TP1_synth_reverse		11	T	209	175	444	8	238	35	1058051	1059160	0	0	1	0	2	0	9507	9510
TP1_synth_reverse		12	C	358	1055214	3293	38	0	87	182	1059172	0	9492	18	0	0	0	0	9510
TP1_synth_reverse		13	C	562	1058274	6	35	3	123	183	1059186	0	9509	0	0	0	0	1	9510
TP1_synth_reverse		14	C	448	1058513	1	22	2	54	162	1059202	0	9510	0	0	0	0	0	9510
TP1_synth_reverse		15	C	305	1057843	1	39	790	81	143	1059202	0	9506	0	0	4	0	0	9510
TP1_synth_reverse		16	T	429	145	950	20	2	276	1057399	1059221	0	0	11	0	0	0	9499	9510
TP1_synth_reverse		17	T	406	145	1	10	0	84	1058589	1059235	0	0	0	0	0	0	9510	9510
TP1_synth_reverse		18	T	348	166	337	11	0	75	1058298	1059235	0	0	1	0	0	0	9509	9510
TP1_synth_reverse		19	C	392	1058023	401	25	229	78	110	1059258	0	9501	3	0	7	0	0	9511
TP1_synth_reverse		20	T	306	99	107	25	0	41	1058680	1059258	0	0	1	0	0	0	9510	9511
TP1_synth_reverse		21	T	503	195	0	66	0	114	1058387	1059265	0	0	0	0	0	0	9511	9511
TP1_synth_reverse		22	G	148	435	115	1057716	1	24	826	1059265	0	0	0	9509	0	0	2	9511
TP1_synth_reverse		23	C	681	1056777	288	56	716	31	727	1059276	1	9501	4	0	3	0	2	9511
TP1_synth_reverse		24	G	227	187	54	1056626	1	58	2128	1059281	0	0	1	9505	0	0	5	9511
TP1_synth_reverse		25	G	114	701	10	1057528	141	121	666	1059281	0	0	0	9507	2	0	2	9511
TP1_synth_reverse		26	A	1058748	24	75	197	17	61	159	1059281	9508	0	3	0	0	0	0	9511
TP1_synth_reverse		27	G	127	868	550	1056744	27	37	928	1059281	1	0	3	9501	1	0	5	9511
TP1_synth_reverse		28	A	1057845	55	1057	123	14	44	149	1059287	9503	0	7	0	1	0	0	9511
TP1_synth_reverse		29	T	357	103	1273	190	0	176	1057188	1059287	0	0	6	0	0	0	9505	9511
TP1_synth_reverse		30	T	1055	114	6	62	0	121	1057929	1059287	0	0	0	0	0	0	9511	9511
TP1_synth_reverse		31	C	564	1057789	464	48	204	94	107	1059270	0	9506	2	0	3	0	0	9511
TP1_synth_reverse		32	T	684	982	0	329	72	427	1056767	1059261	0	4	0	1	3	0	9503	9511
TP1_synth_reverse		33	C	460	1057851	245	42	185	147	325	1059255	0	9504	4	0	1	0	2	9511
TP1_synth_reverse		34	T	813	161	142	89	1	105	1057943	1059254	0	0	1	0	0	0	9510	9511
TP1_synth_reverse		35	T	1610	144	1	91	67	126	1057208	1059247	0	0	0	0	1	0	9510	9511
TP1_synth_reverse		36	C	644	1057595	765	38	0	74	126	1059242	0	9508	3	0	0	0	0	9511
TP1_synth_reverse		37	C	629	1057727	253	72	321	88	145	1059235	0	9510	0	0	1	0	0	9511
TP1_synth_reverse		38	T	802	181	377	295	1	36	1057533	1059225	0	1	1	0	0	0	9509	9511
TP1_synth_reverse		39	C	486	1058399	76	61	0	94	111	1059227	0	9510	1	0	0	0	0	9511
TP1_synth_reverse		40	T	1480	96	960	39	47	184	1056421	1059227	0	0	9	0	1	0	9501	9511
TP1_synth_reverse		41	G	589	630	874	1056599	95	41	392	1059220	0	0	7	9502	2	0	0	9511
TP1_synth_reverse		42	T	2475	141	520	40	536	71	1055442	1059225	0	1	5	0	5	0	9500	9511
TP1_synth_reverse		43	G	469	534	34	1056812	15	456	919	1059239	0	0	0	9508	0	0	4	9512
TP1_synth_reverse		44	C	595	1055692	1668	85	16	194	993	1059243	0	9501	8	0	0	0	3	9512
TP1_synth_reverse		45	G	258	408	292	1056412	226	61	1571	1059228	2	0	2	9506	2	0	0	9512
TP1_synth_reverse		46	C	820	1055955	990	59	0	8	1394	1059226	0	9496	7	0	0	0	9	9512
TP1_synth_reverse		47	C	409	1057669	0	44	16	44	1051	1059233	0	9507	0	0	1	0	4	9512
TP1_synth_reverse		48	G	296	715	111	1056148	36	60	1846	1059212	1	0	2	9506	0	0	3	9512
TP1_synth_reverse		49	A	1058298	56	167	116	198	234	189	1059258	9509	0	3	0	1	0	0	9513
TP1_synth_reverse		50	T	1248	206	302	145	451	140	1056757	1059249	0	3	4	0	5	0	9501	9513
TP1_synth_reverse		51	A	1058328	51	404	141	0	145	192	1059261	9511	0	1	0	0	0	1	9513
TP1_synth_reverse		52	C	958	1057523	106	117	14	355	179	1059252	2	9508	2	0	0	0	1	9513
TP1_synth_reverse		53	A	1056336	39	1618	244	326	391	313	1059267	9505	0	8	0	0	0	1	9514
TP1_synth_reverse		54	G	174	275	761	1056827	457	109	652	1059255	0	0	3	9506	3	0	2	9514
TP1_synth_reverse		55	A	1058733	94	44	154	1	140	128	1059294	9514	0	0	0	0	0	1	9515
TP1_synth_reverse		56	A	1058507	13	2	190	314	116	149	1059291	9514	0	0	0	1	0	0	9515
TP1_synth_reverse		57	T	2095	78	14	255	553	309	1055951	1059255	0	0	0	0	5	0	9510	9515
TP1_synth_reverse		58	A	1058217	19	227	268	1	397	146	1059275	9511	0	4	1	0	0	0	9516
TP1_synth_reverse		59	T	1108	71	588	98	36	461	1056876	1059238	0	0	3	0	1	0	9512	9516
TP1_synth_reverse		60	C	1155	1055824	952	572	1	294	415	1059213	2	9496	7	7	0	0	4	9516
TP1_synth_reverse		61	T	1749	158	370	989	296	245	1055398	1059205	2	2	4	5	2	0	9501	9516
TP1_synth_reverse		62	G	997	310	1196	1053771	868	464	1592	1059198	1	0	6	9499	5	0	5	9516
TP1_synth_reverse		63	T	2281	108	497	18	4	217	1056086	1059211	0	0	6	0	0	0	9511	9517
TP1_synth_reverse		64	T	2184	92	174	19	25	58	1056648	1059200	0	0	1	0	1	0	9515	9517
TP1_synth_reverse		65	C	1370	1056681	668	42	31	178	222	1059192	0	9511	4	0	2	0	0	9517
TP1_synth_reverse		66	G	326	550	57	1056991	0	81	1178	1059183	0	1	1	9510	0	0	5	9517
TP1_synth_reverse		67	C	978	1057352	378	50	78	240	112	1059188	0	9515	2	0	1	0	0	9518
TP1_synth_reverse		68	A	1057947	366	366	261	29	122	92	1059183	9511	2	2	2	1	0	0	9518
TP1_synth_reverse		69	C	374	1057895	2	53	1	70	785	1059180	0	9518	0	0	0	0	0	9518
TP1_synth_reverse		70	T	1286	258	2	46	165	118	1057293	1059168	0	1	0	0	2	0	9515	9518
TP1_synth_reverse		71	C	419	1057280	849	42	0	417	157	1059164	0	9513	4	0	0	0	1	9518
TP1_synth_reverse		72	C	788	1056992	8	63	421	186	700	1059158	0	9513	0	0	2	0	3	9518
TP1_synth_reverse		73	G	419	597	55	1056772	0	446	852	1059141	2	0	0	9515	0	0	1	9518
TP1_synth_reverse		74	A	1057498	48	881	148	375	148	40	1059138	9511	0	4	0	3	0	0	9518
TP1_synth_reverse		75	G	167	526	277	1057960	0	68	131	1059129	2	0	1	9515	0	0	0	9518
TP1_synth_reverse		76	T	1049	118	234	58	55	68	1057535	1059117	0	0	3	0	0	0	9515	9518
TP1_synth_reverse		77	G	600	408	15	1057216	426	74	355	1059094	2	0	0	9512	3	0	1	9518
TP1_synth_reverse		78	C	591	1055438	580	61	593	560	1260	1059083	0	9501	3	0	5	0	9	9518
TP1_synth_reverse		79	G	692	587	947	1056068	2	140	641	1059077	4	0	7	9505	0	0	2	9518
TP1_synth_reverse		80	G	617	421	2	1056693	0	177	1134	1059044	3	1	0	9508	0	0	6	9518
TP1_synth_reverse		81	C	341	1056055	1502	101	702	117	211	1059029	0	9508	7	0	3	0	0	9518
TP1_synth_reverse		82	A	1057668	37	865	188	0	98	159	1059015	9512	0	6	0	0	0	0	9518
TP1_synth_reverse		83	A	1058202	60	215	111	0	291	134	1059013	9517	0	1	0	0	0	0	9518
TP1_synth_reverse		84	A	1057999	51	0	225	318	321	69	1058983	9514	0	0	0	4	0	0	9518
TP1_synth_reverse		85	G	226	425	7	1057050	792	145	223	1058868	1	0	0	9514	3	0	0	9518
TP1_synth_reverse		86	C	977	1057332	0	107	3	98	293	1058810	0	9516	0	1	0	0	1	9518
TP1_synth_reverse		87	T	1342	115	160	26	1	356	1056723	1058723	1	0	2	0	0	0	9515	9518
TP1_synth_reverse		88	G	551	612	461	1056453	134	175	269	1058655	5	0	1	9511	1	0	0	9518
TP1_synth_reverse		89	T	835	127	394	30	0	65	1057165	1058616	0	0	2	0	0	0	9516	9518
TP1_synth_reverse		90	T	732	128	168	71	0	109	1057274	1058482	0	0	1	0	0	0	9517	9518
TP1_synth_reverse		91	C	630	1057147	0	83	0	375	123	1058358	0	9517	0	1	0	0	0	9518
TP1_synth_reverse		92	C	535	1056207	0	391	0	462	307	1057902	1	9514	0	3	0	0	0	9518
TP1_synth_reverse		93	G	545	489	0	1055471	0	183	196	1056884	2	0	0	9515	0	0	0	9517
TP1_synth_reverse		94	T	618	132	0	43	0	94	1055680	1056567	0	0	0	0	0	0	9517	9517
TP1_synth_reverse		95	C	0	1055882	0	0	0	206	0	1056088	0	9517	0	0	0	0	0	9517
TP1_synth_reverse		96	C	0	1055047	0	0	0	165	0	1055212	0	9517	0	0	0	0	0	9517
TP1_synth_reverse		97	C	0	1052244	0	0	0	203	0	1052447	0	9516	0	0	0	0	0	9516
TP1_synth_reverse		98	A	1048882	0	0	0	0	0	0	1048882	9516	0	0	0	0	0	0	9516
TP1_synth_reverse		99	G	0	0	0	1047447	0	0	0	1047447	0	0	0	9514	0	0	0	9514
