



























































































































































































































#AmpliconChromStart	Alias	Position	ProbableRef	rawA	rawC	rawD	rawG	rawI	rawN	rawT	rawDepth	consA	consC	consD	consG	consI	consN	consT	consDepth	
TP1_synth_reverse		1	G	0	0	0	1049290	0	0	0	1049290	0	0	0	10033	0	0	0	10033
TP1_synth_reverse		2	T	0	0	0	0	0	0	1052267	1052267	0	0	0	0	0	0	10049	10049
TP1_synth_reverse		3	G	0	0	0	1055003	0	112	0	1055115	0	0	0	10071	0	0	0	10071
TP1_synth_reverse		4	G	0	0	0	1055926	0	71	0	1055997	0	0	0	10079	0	0	0	10079
TP1_synth_reverse		5	T	0	0	0	0	0	30	1056366	1056396	0	0	0	0	0	0	10081	10081
TP1_synth_reverse		6	G	208	86	0	1056704	0	20	154	1057172	1	0	0	10083	0	0	0	10084
TP1_synth_reverse		7	A	1057349	26	0	143	0	98	150	1057766	10090	0	0	0	0	0	0	10090
TP1_synth_reverse		8	G	129	89	0	1057696	0	134	188	1058236	0	0	0	10095	0	0	1	10096
TP1_synth_reverse		9	G	131	164	0	1058612	2	33	161	1059103	0	0	0	10102	0	0	0	10102
TP1_synth_reverse		10	C	286	1058614	14	42	0	30	149	1059135	0	10102	0	0	0	0	1	10103
TP1_synth_reverse		11	T	209	175	444	8	238	35	1058051	1059160	0	0	1	0	2	0	10100	10103
TP1_synth_reverse		12	C	358	1055214	3293	38	0	87	182	1059172	0	10085	18	0	0	0	0	10103
TP1_synth_reverse		13	C	562	1058274	6	35	3	123	183	1059186	0	10102	0	0	0	0	1	10103
TP1_synth_reverse		14	C	448	1058497	1	22	2	54	162	1059186	0	10103	0	0	0	0	0	10103
TP1_synth_reverse		15	C	305	1057827	1	39	790	81	143	1059186	0	10099	0	0	4	0	0	10103
TP1_synth_reverse		16	T	429	145	950	20	2	276	1057383	1059205	0	1	11	0	0	0	10091	10103
TP1_synth_reverse		17	T	406	145	1	10	0	84	1058573	1059219	0	0	0	0	0	0	10103	10103
TP1_synth_reverse		18	T	348	166	337	11	0	75	1058282	1059219	0	0	1	0	0	0	10102	10103
TP1_synth_reverse		19	C	391	1058008	401	25	229	78	110	1059242	0	10094	3	0	7	0	0	10104
TP1_synth_reverse		20	T	305	99	107	25	0	41	1058672	1059249	0	0	1	0	0	0	10103	10104
TP1_synth_reverse		21	T	503	195	0	66	0	114	1058378	1059256	0	0	0	0	0	0	10104	10104
TP1_synth_reverse		22	G	148	435	115	1057722	1	24	824	1059269	0	0	0	10102	0	0	2	10104
TP1_synth_reverse		23	C	680	1056782	288	56	716	31	727	1059280	1	10094	4	0	3	0	2	10104
TP1_synth_reverse		24	G	227	186	54	1056627	1	58	2127	1059280	0	0	1	10097	0	0	6	10104
TP1_synth_reverse		25	G	114	700	10	1057526	141	122	667	1059280	0	0	0	10100	2	0	2	10104
TP1_synth_reverse		26	A	1058747	24	75	197	17	61	159	1059280	10101	0	3	0	0	0	0	10104
TP1_synth_reverse		27	G	127	869	550	1056742	27	37	928	1059280	1	0	3	10093	2	0	5	10104
TP1_synth_reverse		28	A	1057844	55	1057	123	14	44	149	1059286	10096	0	7	0	1	0	0	10104
TP1_synth_reverse		29	T	357	103	1273	189	0	176	1057188	1059286	0	0	7	0	0	0	10097	10104
TP1_synth_reverse		30	T	1056	114	6	62	0	121	1057927	1059286	0	0	0	0	0	0	10104	10104
TP1_synth_reverse		31	C	565	1057792	464	48	204	94	107	1059274	0	10098	2	0	4	0	0	10104
TP1_synth_reverse		32	T	684	982	0	329	72	427	1056771	1059265	0	4	0	1	3	0	10096	10104
TP1_synth_reverse		33	C	459	1057857	245	42	185	147	325	1059260	0	10097	4	0	1	0	2	10104
TP1_synth_reverse		34	T	815	161	142	90	1	105	1057945	1059259	0	0	2	0	0	0	10102	10104
TP1_synth_reverse		35	T	1615	144	1	91	67	126	1057208	1059252	0	0	0	0	1	0	10103	10104
TP1_synth_reverse		36	C	645	1057599	765	38	0	74	126	1059247	0	10101	3	0	0	0	0	10104
TP1_synth_reverse		37	C	630	1057731	253	72	321	88	145	1059240	0	10103	0	0	1	0	0	10104
TP1_synth_reverse		38	T	803	181	377	295	1	36	1057537	1059230	0	2	1	0	0	0	10101	10104
TP1_synth_reverse		39	C	486	1058400	76	61	0	94	111	1059228	0	10103	1	0	0	0	0	10104
TP1_synth_reverse		40	T	1484	96	960	39	47	184	1056418	1059228	0	0	9	0	1	0	10094	10104
TP1_synth_reverse		41	G	588	630	874	1056602	95	41	391	1059221	0	0	7	10095	2	0	0	10104
TP1_synth_reverse		42	T	2478	141	520	40	536	71	1055440	1059226	0	1	5	0	5	0	10093	10104
TP1_synth_reverse		43	G	470	535	34	1056813	15	456	917	1059240	0	0	0	10101	0	0	4	10105
TP1_synth_reverse		44	C	594	1055694	1668	85	16	194	993	1059244	0	10094	8	0	0	0	3	10105
TP1_synth_reverse		45	G	258	408	292	1056411	226	61	1573	1059229	2	0	2	10099	2	0	0	10105
TP1_synth_reverse		46	C	820	1055956	990	59	0	8	1394	1059227	0	10089	7	0	0	0	9	10105
TP1_synth_reverse		47	C	411	1057668	0	44	16	44	1051	1059234	0	10099	0	0	1	0	5	10105
TP1_synth_reverse		48	G	297	714	111	1056152	36	60	1843	1059213	1	0	2	10099	0	0	3	10105
TP1_synth_reverse		49	A	1058299	56	167	116	198	234	189	1059259	10102	0	3	0	1	0	0	10106
TP1_synth_reverse		50	T	1248	206	302	145	451	141	1056757	1059250	0	3	4	0	6	0	10093	10106
TP1_synth_reverse		51	A	1058329	51	404	141	0	145	192	1059262	10105	0	1	0	0	0	1	10107
TP1_synth_reverse		52	C	957	1057525	106	117	14	355	179	1059253	2	10102	2	0	0	0	1	10107
TP1_synth_reverse		53	A	1056337	39	1618	244	326	391	313	1059268	10099	0	8	0	0	0	1	10108
TP1_synth_reverse		54	G	175	275	761	1056828	457	109	652	1059257	0	0	3	10098	4	0	3	10108
TP1_synth_reverse		55	A	1058736	93	44	154	1	140	128	1059296	10108	0	0	0	0	0	1	10109
TP1_synth_reverse		56	A	1058509	13	2	190	314	116	149	1059293	10108	0	0	0	1	0	0	10109
TP1_synth_reverse		57	T	2094	78	14	255	553	309	1055953	1059256	0	0	0	0	6	0	10103	10109
TP1_synth_reverse		58	A	1058218	19	227	268	1	397	146	1059276	10105	0	4	1	0	0	0	10110
TP1_synth_reverse		59	T	1109	71	588	98	36	461	1056876	1059239	0	0	5	0	1	0	10104	10110
TP1_synth_reverse		60	C	1156	1055824	952	572	1	294	415	1059214	2	10089	8	7	0	0	4	10110
TP1_synth_reverse		61	T	1745	158	370	989	296	245	1055403	1059206	2	2	4	5	2	0	10095	10110
TP1_synth_reverse		62	G	1001	311	1196	1053767	868	464	1592	1059199	1	0	6	10093	5	0	5	10110
TP1_synth_reverse		63	T	2284	108	497	18	4	217	1056084	1059212	0	0	6	0	0	0	10105	10111
TP1_synth_reverse		64	T	2182	92	174	19	25	58	1056652	1059202	0	0	1	0	1	0	10109	10111
TP1_synth_reverse		65	C	1368	1056685	668	42	31	178	222	1059194	0	10103	4	0	3	0	1	10111
TP1_synth_reverse		66	G	327	550	57	1056992	0	81	1178	1059185	0	1	1	10104	0	0	5	10111
TP1_synth_reverse		67	C	980	1057352	378	50	78	240	112	1059190	0	10108	2	0	2	0	0	10112
TP1_synth_reverse		68	A	1057949	366	366	261	29	122	92	1059185	10105	2	2	2	1	0	0	10112
TP1_synth_reverse		69	C	372	1057898	2	54	1	70	785	1059182	0	10112	0	0	0	0	0	10112
TP1_synth_reverse		70	T	1286	258	2	46	165	118	1057290	1059165	0	1	0	0	2	0	10109	10112
TP1_synth_reverse		71	C	419	1057277	849	42	0	417	157	1059161	0	10106	5	0	0	0	1	10112
TP1_synth_reverse		72	C	787	1056990	8	63	421	186	700	1059155	0	10107	0	0	2	0	3	10112
TP1_synth_reverse		73	G	419	597	55	1056769	0	446	852	1059138	2	0	0	10109	0	0	1	10112
TP1_synth_reverse		74	A	1057495	48	881	148	375	148	40	1059135	10105	0	4	0	3	0	0	10112
TP1_synth_reverse		75	G	167	524	277	1057958	0	68	131	1059125	2	0	1	10109	0	0	0	10112
TP1_synth_reverse		76	T	1050	118	234	58	55	68	1057530	1059113	0	0	3	0	0	0	10109	10112
TP1_synth_reverse		77	G	600	408	15	1057212	426	74	355	1059090	2	0	0	10106	3	0	1	10112
TP1_synth_reverse		78	C	591	1055434	580	61	593	560	1260	1059079	1	10094	3	0	5	0	9	10112
TP1_synth_reverse		79	G	692	588	947	1056064	2	140	640	1059073	4	0	8	10098	0	0	2	10112
TP1_synth_reverse		80	G	617	420	2	1056691	0	177	1133	1059040	3	2	0	10101	0	0	6	10112
TP1_synth_reverse		81	C	341	1056051	1502	101	702	117	211	1059025	0	10101	7	0	4	0	0	10112
TP1_synth_reverse		82	A	1057665	37	865	188	0	98	158	1059011	10106	0	6	0	0	0	0	10112
TP1_synth_reverse		83	A	1058198	60	215	111	0	291	134	1059009	10111	0	1	0	0	0	0	10112
TP1_synth_reverse		84	A	1057995	51	0	225	318	321	69	1058979	10108	0	0	0	4	0	0	10112
TP1_synth_reverse		85	G	226	425	7	1057046	792	146	222	1058864	1	0	0	10108	3	0	0	10112
TP1_synth_reverse		86	C	976	1057329	0	107	3	98	293	1058806	0	10110	0	1	0	0	1	10112
TP1_synth_reverse		87	T	1341	115	160	26	1	357	1056719	1058719	1	0	2	0	0	0	10109	10112
TP1_synth_reverse		88	G	551	611	461	1056450	134	175	269	1058651	5	0	1	10105	1	0	0	10112
TP1_synth_reverse		89	T	836	127	394	30	0	65	1057160	1058612	0	0	2	0	0	0	10110	10112
TP1_synth_reverse		90	T	731	128	168	71	0	109	1057271	1058478	0	0	1	0	0	0	10111	10112
TP1_synth_reverse		91	C	630	1057144	0	83	0	375	123	1058355	0	10111	0	1	0	0	0	10112
TP1_synth_reverse		92	C	535	1056204	0	391	0	462	307	1057899	1	10107	0	4	0	0	0	10112
TP1_synth_reverse		93	G	545	487	0	1055471	0	183	196	1056882	2	0	0	10109	0	0	0	10111
TP1_synth_reverse		94	T	617	132	0	43	0	94	1055679	1056565	0	0	0	0	0	0	10111	10111
TP1_synth_reverse		95	C	0	1055880	0	0	0	206	0	1056086	0	10111	0	0	0	0	0	10111
TP1_synth_reverse		96	C	0	1055045	0	0	0	165	0	1055210	0	10111	0	0	0	0	0	10111
TP1_synth_reverse		97	C	0	1052242	0	0	0	204	0	1052446	0	10110	0	0	0	0	0	10110
TP1_synth_reverse		98	A	1048881	0	0	0	0	0	0	1048881	10110	0	0	0	0	0	0	10110
TP1_synth_reverse		99	G	0	0	0	1047447	0	0	0	1047447	0	0	0	10108	0	0	0	10108
