



























































































































































































































#AmpliconChromStart	Alias	Position	ProbableRef	rawA	rawC	rawD	rawG	rawI	rawN	rawT	rawDepth	consA	consC	consD	consG	consI	consN	consT	consDepth	
TP1_synth_reverse		1	G	0	0	0	534874	0	0	0	534874	0	0	0	5032	0	0	0	5032
TP1_synth_reverse		2	T	0	0	0	0	0	0	536494	536494	0	0	0	0	0	0	5044	5044
TP1_synth_reverse		3	G	0	0	0	538972	0	97	0	539069	0	0	0	5057	0	0	0	5057
TP1_synth_reverse		4	G	0	0	0	539743	0	57	0	539800	0	0	0	5063	0	0	0	5063
TP1_synth_reverse		5	T	0	0	0	0	0	178	539994	540172	0	0	0	0	0	0	5064	5064
TP1_synth_reverse		6	G	196	84	0	540276	0	24	110	540690	1	0	0	5064	0	0	0	5065
TP1_synth_reverse		7	A	540626	16	0	76	0	7	71	540796	5066	0	0	0	0	0	0	5066
TP1_synth_reverse		8	G	98	78	0	540770	0	66	96	541108	0	0	0	5069	0	0	0	5069
TP1_synth_reverse		9	G	94	133	0	540844	1	14	122	541208	1	0	0	5069	0	0	1	5071
TP1_synth_reverse		10	C	224	540773	2	112	0	21	117	541249	0	5071	0	1	0	0	0	5072
TP1_synth_reverse		11	T	285	113	19	15	22	42	540753	541249	0	0	0	0	0	0	5072	5072
TP1_synth_reverse		12	C	283	540401	362	13	0	78	126	541263	0	5068	4	0	0	0	0	5072
TP1_synth_reverse		13	C	353	540585	1	31	0	94	199	541263	0	5071	0	0	0	0	1	5072
TP1_synth_reverse		14	C	278	540823	0	30	0	37	95	541263	0	5072	0	0	0	0	0	5072
TP1_synth_reverse		15	C	275	540992	2	44	1	51	108	541473	0	5073	0	0	0	0	0	5073
TP1_synth_reverse		16	T	543	55	1550	21	0	20	539296	541485	0	0	7	0	0	0	5066	5073
TP1_synth_reverse		17	T	669	78	29	30	0	128	540551	541485	0	0	1	0	0	0	5072	5073
TP1_synth_reverse		18	T	536	91	1	20	1	99	540737	541485	0	0	0	0	0	0	5073	5073
TP1_synth_reverse		19	C	408	541107	131	261	1	84	72	542064	0	5069	4	1	0	0	0	5074
TP1_synth_reverse		20	T	606	336	6	25	0	42	541049	542064	0	1	0	0	0	0	5073	5074
TP1_synth_reverse		21	T	1904	99	37	44	0	116	539864	542064	0	0	1	0	0	0	5073	5074
TP1_synth_reverse		22	G	115	697	63	540765	1	83	361	542085	0	0	1	5071	0	0	2	5074
TP1_synth_reverse		23	C	758	540818	242	50	0	73	144	542085	0	5070	4	0	0	0	0	5074
TP1_synth_reverse		24	G	218	130	377	540402	0	43	915	542085	2	0	2	5068	0	0	2	5074
TP1_synth_reverse		25	G	216	458	369	540319	435	73	227	542097	1	0	2	5069	1	0	1	5074
TP1_synth_reverse		26	A	541197	11	646	95	0	96	73	542118	5069	0	5	0	0	0	0	5074
TP1_synth_reverse		27	G	74	217	1375	539821	0	62	569	542118	0	0	5	5069	0	0	0	5074
TP1_synth_reverse		28	A	541034	89	333	61	488	48	65	542118	5072	0	1	0	1	0	0	5074
TP1_synth_reverse		29	T	792	73	666	43	4	11	540529	542118	0	0	5	0	0	0	5069	5074
TP1_synth_reverse		30	T	2854	91	0	11	1	54	539107	542118	0	0	0	0	0	0	5074	5074
TP1_synth_reverse		31	C	716	541278	5	29	0	16	65	542109	0	5074	0	0	0	0	0	5074
TP1_synth_reverse		32	T	985	60	0	43	0	36	540984	542108	0	0	0	0	0	0	5074	5074
TP1_synth_reverse		33	C	807	541183	1	23	0	14	79	542107	0	5074	0	0	0	0	0	5074
TP1_synth_reverse		34	T	1241	101	891	40	1	21	539570	541865	0	0	5	0	0	0	5069	5074
TP1_synth_reverse		35	T	3116	90	0	73	0	38	538545	541862	0	0	0	0	0	0	5074	5074
TP1_synth_reverse		36	C	529	540483	679	17	0	45	106	541859	0	5069	5	0	0	0	0	5074
TP1_synth_reverse		37	C	640	541018	4	48	1	27	113	541851	0	5074	0	0	0	0	0	5074
TP1_synth_reverse		38	T	1452	59	213	25	1	77	540016	541843	0	0	2	0	0	0	5072	5074
TP1_synth_reverse		39	C	353	540825	455	30	64	20	92	541839	0	5068	5	0	1	0	0	5074
TP1_synth_reverse		40	T	1570	81	212	18	1	19	539932	541833	0	0	2	0	0	0	5072	5074
TP1_synth_reverse		41	G	276	1508	446	537687	0	16	1893	541826	1	1	3	5065	0	0	4	5074
TP1_synth_reverse		42	T	2607	75	211	31	212	97	538590	541823	0	0	2	0	1	0	5071	5074
TP1_synth_reverse		43	G	261	1469	365	538816	2	62	860	541835	4	0	3	5067	0	0	0	5074
TP1_synth_reverse		44	C	809	539670	713	41	0	85	528	541846	0	5068	4	0	0	0	2	5074
TP1_synth_reverse		45	G	219	368	220	538196	6	45	2795	541849	1	0	2	5070	0	0	1	5074
TP1_synth_reverse		46	C	1259	539268	1178	27	1	20	95	541848	0	5064	10	0	0	0	0	5074
TP1_synth_reverse		47	C	482	540537	631	20	0	4	171	541845	1	5068	5	0	0	0	0	5074
TP1_synth_reverse		48	G	202	1196	1008	537025	0	4	2406	541841	1	0	7	5066	0	0	0	5074
TP1_synth_reverse		49	A	540600	41	870	318	0	29	91	541949	5071	0	6	0	0	0	0	5077
TP1_synth_reverse		50	T	2568	62	920	28	0	16	538352	541946	0	0	6	0	0	0	5071	5077
TP1_synth_reverse		51	A	541018	50	650	137	0	45	70	541970	5072	0	5	0	0	0	0	5077
TP1_synth_reverse		52	C	541	540588	634	40	0	48	97	541948	0	5072	5	0	0	0	0	5077
TP1_synth_reverse		53	A	540844	16	821	132	29	30	89	541961	5070	0	6	0	1	0	0	5077
TP1_synth_reverse		54	G	157	383	636	540523	7	15	459	542180	0	0	5	5075	0	0	0	5080
TP1_synth_reverse		55	A	541027	165	864	67	0	36	60	542219	5074	0	7	0	0	0	0	5081
TP1_synth_reverse		56	A	541347	15	631	59	1	48	115	542216	5076	0	5	0	0	0	0	5081
TP1_synth_reverse		57	T	3277	52	1023	159	0	33	537745	542289	0	0	7	0	0	0	5075	5082
TP1_synth_reverse		58	A	540832	14	824	47	0	45	560	542322	5075	0	6	0	0	0	2	5083
TP1_synth_reverse		59	T	2171	185	590	75	33	1	539247	542302	0	1	6	0	1	0	5075	5083
TP1_synth_reverse		60	C	1361	540069	684	76	0	28	79	542297	0	5077	6	0	0	0	0	5083
TP1_synth_reverse		61	T	1674	226	551	243	0	14	539590	542298	0	1	5	0	0	0	5078	5084
TP1_synth_reverse		62	G	725	324	149	540258	0	86	763	542305	3	0	2	5078	0	0	2	5085
TP1_synth_reverse		63	T	4336	59	577	30	0	30	536949	541981	0	0	3	0	0	0	5083	5086
TP1_synth_reverse		64	T	2508	51	3	97	34	77	539455	542225	0	0	0	0	0	0	5088	5088
TP1_synth_reverse		65	C	555	541149	18	46	3	75	185	542031	0	5086	0	0	0	0	1	5087
TP1_synth_reverse		66	G	645	378	8	539762	485	43	701	542022	2	0	0	5081	3	0	1	5087
TP1_synth_reverse		67	C	932	540067	284	23	2	112	613	542033	0	5083	2	0	0	0	3	5088
TP1_synth_reverse		68	A	541832	337	82	144	0	95	94	542584	5089	0	1	0	0	0	0	5090
TP1_synth_reverse		69	C	225	541579	618	27	1	53	77	542580	0	5089	1	0	0	0	0	5090
TP1_synth_reverse		70	T	1312	88	83	177	35	20	540858	542573	0	0	1	0	0	0	5089	5090
TP1_synth_reverse		71	C	358	541574	517	30	0	8	82	542569	0	5088	2	0	0	0	0	5090
TP1_synth_reverse		72	C	902	541422	2	68	1	31	133	542559	0	5090	0	0	0	0	0	5090
TP1_synth_reverse		73	G	829	277	53	540572	441	153	227	542552	2	0	1	5084	2	0	1	5090
TP1_synth_reverse		74	A	541823	90	248	79	0	80	23	542343	5088	0	2	0	0	0	0	5090
TP1_synth_reverse		75	G	161	332	3	541613	0	14	202	542325	1	0	0	5089	0	0	0	5090
TP1_synth_reverse		76	T	3425	131	339	77	0	17	538314	542303	0	1	1	0	0	0	5088	5090
TP1_synth_reverse		77	G	2094	406	1161	537732	2	34	856	542285	11	0	3	5074	0	0	2	5090
TP1_synth_reverse		78	C	461	539630	569	35	1196	48	339	542278	0	5083	3	0	3	0	1	5090
TP1_synth_reverse		79	G	458	916	392	539330	0	133	1045	542274	3	0	4	5082	0	0	1	5090
TP1_synth_reverse		80	G	902	237	307	540405	2	149	256	542258	1	0	1	5088	0	0	0	5090
TP1_synth_reverse		81	C	989	540688	312	45	2	98	115	542249	2	5087	1	0	0	0	0	5090
TP1_synth_reverse		82	A	540983	47	388	122	0	56	95	541691	5089	0	1	0	0	0	0	5090
TP1_synth_reverse		83	A	541181	61	3	79	0	160	203	541687	5088	0	0	0	0	0	2	5090
TP1_synth_reverse		84	A	541367	59	0	165	0	43	20	541654	5090	0	0	0	0	0	0	5090
TP1_synth_reverse		85	G	111	266	0	540884	0	80	240	541581	0	0	0	5090	0	0	0	5090
TP1_synth_reverse		86	C	341	541023	0	34	1	43	87	541529	0	5090	0	0	0	0	0	5090
TP1_synth_reverse		87	T	1292	65	270	78	1	62	539665	541433	0	0	1	0	0	0	5089	5090
TP1_synth_reverse		88	G	175	366	307	540135	206	72	119	541380	0	0	1	5089	0	0	0	5090
TP1_synth_reverse		89	T	1043	81	65	61	1	197	539873	541321	0	0	1	0	0	0	5089	5090
TP1_synth_reverse		90	T	1082	144	0	30	0	103	539717	541076	0	0	0	0	0	0	5089	5089
TP1_synth_reverse		91	C	846	539837	0	90	0	23	200	540996	0	5088	0	0	0	0	1	5089
TP1_synth_reverse		92	C	312	539448	0	368	0	25	194	540347	0	5088	0	0	0	0	1	5089
TP1_synth_reverse		93	G	454	177	0	539312	0	66	86	540095	1	0	0	5088	0	0	0	5089
TP1_synth_reverse		94	T	894	83	0	89	0	140	538395	539601	0	0	0	0	0	0	5088	5088
TP1_synth_reverse		95	C	0	538894	0	0	0	69	0	538963	0	5087	0	0	0	0	0	5087
TP1_synth_reverse		96	C	0	538355	0	0	0	50	0	538405	0	5087	0	0	0	0	0	5087
TP1_synth_reverse		97	C	0	537174	0	0	0	100	0	537274	0	5087	0	0	0	0	0	5087
TP1_synth_reverse		98	A	535194	0	0	0	0	0	0	535194	5087	0	0	0	0	0	0	5087
TP1_synth_reverse		99	G	0	0	0	534547	1	0	0	534548	0	0	0	5087	0	0	0	5087
