



























































































































































































































#AmpliconChromStart	Alias	Position	ProbableRef	rawA	rawC	rawD	rawG	rawI	rawN	rawT	rawDepth	consA	consC	consD	consG	consI	consN	consT	consDepth	
TP1_synth_reverse		1	G	0	0	0	534874	0	0	0	534874	0	0	0	39711	0	0	0	39711
TP1_synth_reverse		2	T	0	0	0	0	0	0	536494	536494	0	0	0	0	0	0	40124	40124
TP1_synth_reverse		3	G	0	0	0	538972	0	97	0	539069	0	0	0	40682	0	34	0	40716
TP1_synth_reverse		4	G	0	0	0	539743	0	57	0	539800	0	0	0	41063	0	3	0	41066
TP1_synth_reverse		5	T	0	0	0	0	0	178	539994	540172	0	0	0	0	0	79	41296	41375
TP1_synth_reverse		6	G	196	84	0	540276	0	24	110	540690	10	11	0	41754	0	12	19	41806
TP1_synth_reverse		7	A	540626	16	0	76	0	7	71	540796	41864	0	0	3	0	2	3	41872
TP1_synth_reverse		8	G	98	78	0	540770	0	66	96	541108	7	17	0	41863	0	3	15	41905
TP1_synth_reverse		9	G	94	133	0	540844	1	14	122	541208	5	21	0	41887	0	0	29	41942
TP1_synth_reverse		10	C	224	540773	2	112	0	21	117	541249	51	41908	1	6	0	3	5	41974
TP1_synth_reverse		11	T	285	113	19	15	22	42	540753	541249	75	1	3	1	9	28	41857	41974
TP1_synth_reverse		12	C	283	540401	362	13	0	78	126	541263	66	41860	17	0	0	36	6	41985
TP1_synth_reverse		13	C	353	540585	1	31	0	94	199	541263	66	41889	0	2	0	18	10	41985
TP1_synth_reverse		14	C	278	540823	0	30	0	37	95	541263	60	41914	0	3	0	5	3	41985
TP1_synth_reverse		15	C	275	540992	2	44	1	51	108	541473	65	41895	1	4	0	23	7	41995
TP1_synth_reverse		16	T	543	55	1550	21	0	20	539296	541485	167	5	81	1	0	6	41744	42004
TP1_synth_reverse		17	T	669	78	29	30	0	128	540551	541485	203	2	3	4	0	57	41735	42004
TP1_synth_reverse		18	T	536	91	1	20	1	99	540737	541485	128	5	0	2	1	43	41825	42004
TP1_synth_reverse		19	C	408	541107	131	261	1	84	72	542064	165	41803	25	14	1	31	8	42047
TP1_synth_reverse		20	T	606	336	6	25	0	42	541049	542064	181	13	0	2	0	14	41837	42047
TP1_synth_reverse		21	T	1904	99	37	44	0	116	539864	542064	641	2	11	9	0	19	41365	42047
TP1_synth_reverse		22	G	115	697	63	540765	1	83	361	542085	10	314	13	41645	1	11	69	42063
TP1_synth_reverse		23	C	758	540818	242	50	0	73	144	542085	234	41740	32	3	0	43	11	42063
TP1_synth_reverse		24	G	218	130	377	540402	0	43	915	542085	26	42	22	41871	0	16	86	42063
TP1_synth_reverse		25	G	216	458	369	540319	435	73	227	542097	50	188	22	41729	11	6	66	42072
TP1_synth_reverse		26	A	541197	11	646	95	0	96	73	542118	42004	1	56	4	0	18	4	42087
TP1_synth_reverse		27	G	74	217	1375	539821	0	62	569	542118	12	78	64	41672	0	21	240	42087
TP1_synth_reverse		28	A	541034	89	333	61	488	48	65	542118	41997	14	11	4	22	34	5	42087
TP1_synth_reverse		29	T	792	73	666	43	4	11	540529	542118	209	2	25	5	1	4	41841	42087
TP1_synth_reverse		30	T	2854	91	0	11	1	54	539107	542118	935	9	0	1	0	34	41108	42087
TP1_synth_reverse		31	C	716	541278	5	29	0	16	65	542109	284	41781	1	6	0	4	5	42081
TP1_synth_reverse		32	T	985	60	0	43	0	36	540984	542108	239	0	0	4	0	12	41825	42080
TP1_synth_reverse		33	C	807	541183	1	23	0	14	79	542107	347	41723	0	3	0	0	7	42080
TP1_synth_reverse		34	T	1241	101	891	40	1	21	539570	541865	306	6	68	5	0	13	41677	42075
TP1_synth_reverse		35	T	3116	90	0	73	0	38	538545	541862	1010	11	0	8	0	4	41043	42076
TP1_synth_reverse		36	C	529	540483	679	17	0	45	106	541859	103	41905	48	4	0	7	9	42076
TP1_synth_reverse		37	C	640	541018	4	48	1	27	113	541851	139	41919	1	3	0	5	6	42073
TP1_synth_reverse		38	T	1452	59	213	25	1	77	540016	541843	482	8	14	2	1	4	41556	42067
TP1_synth_reverse		39	C	353	540825	455	30	64	20	92	541839	103	41914	39	3	1	3	2	42065
TP1_synth_reverse		40	T	1570	81	212	18	1	19	539932	541833	407	4	13	4	1	0	41633	42062
TP1_synth_reverse		41	G	276	1508	446	537687	0	16	1893	541826	16	567	23	41107	0	2	344	42059
TP1_synth_reverse		42	T	2607	75	211	31	212	97	538590	541823	863	3	15	5	8	33	41129	42056
TP1_synth_reverse		43	G	261	1469	365	538816	2	62	860	541835	27	361	27	41473	0	6	174	42068
TP1_synth_reverse		44	C	809	539670	713	41	0	85	528	541846	251	41723	39	5	0	23	38	42079
TP1_synth_reverse		45	G	219	368	220	538196	6	45	2795	541849	29	99	17	41419	0	7	514	42085
TP1_synth_reverse		46	C	1259	539268	1178	27	1	20	95	541848	493	41504	70	5	1	4	8	42085
TP1_synth_reverse		47	C	482	540537	631	20	0	4	171	541845	106	41926	36	4	0	1	11	42084
TP1_synth_reverse		48	G	202	1196	1008	537025	0	4	2406	541841	31	513	69	40955	0	0	513	42081
TP1_synth_reverse		49	A	540600	41	870	318	0	29	91	541949	42265	4	53	4	0	4	12	42342
TP1_synth_reverse		50	T	2568	62	920	28	0	16	538352	541946	496	9	48	9	0	4	41774	42340
TP1_synth_reverse		51	A	541018	50	650	137	0	45	70	541970	42291	7	43	2	0	13	5	42361
TP1_synth_reverse		52	C	541	540588	634	40	0	48	97	541948	220	42082	36	8	0	3	7	42356
TP1_synth_reverse		53	A	540844	16	821	132	29	30	89	541961	42281	1	46	7	4	19	6	42364
TP1_synth_reverse		54	G	157	383	636	540523	7	15	459	542180	36	79	36	42107	5	3	111	42377
TP1_synth_reverse		55	A	541027	165	864	67	0	36	60	542219	42252	40	57	3	0	24	6	42382
TP1_synth_reverse		56	A	541347	15	631	59	1	48	115	542216	42316	1	36	4	1	11	13	42382
TP1_synth_reverse		57	T	3277	52	1023	159	0	33	537745	542289	522	1	59	22	0	19	41756	42379
TP1_synth_reverse		58	A	540832	14	824	47	0	45	560	542322	42261	5	53	2	0	27	39	42387
TP1_synth_reverse		59	T	2171	185	590	75	33	1	539247	542302	427	19	42	11	2	0	41880	42381
TP1_synth_reverse		60	C	1361	540069	684	76	0	28	79	542297	370	41948	43	7	0	5	3	42376
TP1_synth_reverse		61	T	1674	226	551	243	0	14	539590	542298	347	11	36	34	0	1	41944	42373
TP1_synth_reverse		62	G	725	324	149	540258	0	86	763	542305	137	92	20	41821	0	15	291	42376
TP1_synth_reverse		63	T	4336	59	577	30	0	30	536949	541981	1185	9	41	3	0	5	41108	42351
TP1_synth_reverse		64	T	2508	51	3	97	34	77	539455	542225	415	5	1	15	9	3	41916	42364
TP1_synth_reverse		65	C	555	541149	18	46	3	75	185	542031	114	42211	3	1	0	19	14	42362
TP1_synth_reverse		66	G	645	378	8	539762	485	43	701	542022	116	85	1	41883	20	25	226	42356
TP1_synth_reverse		67	C	932	540067	284	23	2	112	613	542033	342	41937	12	3	0	38	28	42360
TP1_synth_reverse		68	A	541832	337	82	144	0	95	94	542584	42317	50	4	7	0	10	7	42395
TP1_synth_reverse		69	C	225	541579	618	27	1	53	77	542580	45	42295	17	5	0	26	5	42393
TP1_synth_reverse		70	T	1312	88	83	177	35	20	540858	542573	268	2	5	23	5	3	42085	42391
TP1_synth_reverse		71	C	358	541574	517	30	0	8	82	542569	92	42268	24	4	0	0	2	42390
TP1_synth_reverse		72	C	902	541422	2	68	1	31	133	542559	335	42020	1	7	0	9	13	42385
TP1_synth_reverse		73	G	829	277	53	540572	441	153	227	542552	99	62	16	42110	23	35	36	42381
TP1_synth_reverse		74	A	541823	90	248	79	0	80	23	542343	42321	11	13	4	0	9	2	42360
TP1_synth_reverse		75	G	161	332	3	541613	0	14	202	542325	24	84	1	42195	0	2	45	42351
TP1_synth_reverse		76	T	3425	131	339	77	0	17	538314	542303	1037	22	15	16	0	10	41243	42343
TP1_synth_reverse		77	G	2094	406	1161	537732	2	34	856	542285	115	117	41	41822	0	21	219	42335
TP1_synth_reverse		78	C	461	539630	569	35	1196	48	339	542278	109	42095	29	4	57	25	14	42333
TP1_synth_reverse		79	G	458	916	392	539330	0	133	1045	542274	79	426	17	41661	0	16	133	42332
TP1_synth_reverse		80	G	902	237	307	540405	2	149	256	542258	110	61	10	42079	0	14	50	42324
TP1_synth_reverse		81	C	989	540688	312	45	2	98	115	542249	80	42208	11	3	1	15	5	42323
TP1_synth_reverse		82	A	540983	47	388	122	0	56	95	541691	42035	4	17	9	0	16	6	42087
TP1_synth_reverse		83	A	541181	61	3	79	0	160	203	541687	42035	11	0	7	0	18	13	42084
TP1_synth_reverse		84	A	541367	59	0	165	0	43	20	541654	42060	5	0	8	0	7	0	42080
TP1_synth_reverse		85	G	111	266	0	540884	0	80	240	541581	13	47	0	41953	0	26	26	42065
TP1_synth_reverse		86	C	341	541023	0	34	1	43	87	541529	58	41978	0	2	0	5	4	42047
TP1_synth_reverse		87	T	1292	65	270	78	1	62	539665	541433	229	0	14	5	0	23	41745	42016
TP1_synth_reverse		88	G	175	366	307	540135	206	72	119	541380	23	34	26	41866	10	10	25	41994
TP1_synth_reverse		89	T	1043	81	65	61	1	197	539873	541321	107	2	5	6	0	57	41801	41978
TP1_synth_reverse		90	T	1082	144	0	30	0	103	539717	541076	149	9	0	2	0	16	41748	41924
TP1_synth_reverse		91	C	846	539837	0	90	0	23	200	540996	96	41778	0	9	0	3	18	41904
TP1_synth_reverse		92	C	312	539448	0	368	0	25	194	540347	40	41791	0	18	0	3	9	41861
TP1_synth_reverse		93	G	454	177	0	539312	0	66	86	540095	41	32	0	41737	0	7	13	41830
TP1_synth_reverse		94	T	894	83	0	89	0	140	538395	539601	125	3	0	10	0	29	41615	41782
TP1_synth_reverse		95	C	0	538894	0	0	0	69	0	538963	0	41701	0	0	0	17	0	41718
TP1_synth_reverse		96	C	0	538355	0	0	0	50	0	538405	0	41630	0	0	0	15	0	41645
TP1_synth_reverse		97	C	0	537174	0	0	0	100	0	537274	0	41538	0	0	0	21	0	41559
TP1_synth_reverse		98	A	535194	0	0	0	0	0	0	535194	41399	0	0	0	0	0	0	41399
TP1_synth_reverse		99	G	0	0	0	534547	1	0	0	534548	0	0	0	41314	0	0	0	41314
