



























































































































































































































#AmpliconChromStart	Alias	Position	ProbableRef	rawA	rawC	rawD	rawG	rawI	rawN	rawT	rawDepth	consA	consC	consD	consG	consI	consN	consT	consDepth	
TP1_synth_reverse		1	G	0	0	0	534874	0	0	0	534874	0	0	0	5365	0	0	0	5365
TP1_synth_reverse		2	T	0	0	0	0	0	0	536494	536494	0	0	0	0	0	0	5377	5377
TP1_synth_reverse		3	G	0	0	0	538972	0	97	0	539069	0	0	0	5390	0	0	0	5390
TP1_synth_reverse		4	G	0	0	0	539743	0	57	0	539800	0	0	0	5396	0	0	0	5396
TP1_synth_reverse		5	T	0	0	0	0	0	178	539994	540172	0	0	0	0	0	0	5397	5397
TP1_synth_reverse		6	G	196	84	0	540276	0	24	110	540690	1	0	0	5397	0	0	0	5398
TP1_synth_reverse		7	A	540626	16	0	76	0	7	71	540796	5399	0	0	0	0	0	0	5399
TP1_synth_reverse		8	G	98	78	0	540770	0	66	96	541108	0	0	0	5402	0	0	0	5402
TP1_synth_reverse		9	G	94	133	0	540844	1	14	122	541208	1	0	0	5402	0	0	1	5404
TP1_synth_reverse		10	C	224	540773	2	112	0	21	117	541249	0	5404	0	1	0	0	0	5405
TP1_synth_reverse		11	T	285	113	19	15	22	42	540753	541249	0	0	0	0	0	0	5405	5405
TP1_synth_reverse		12	C	283	540401	362	13	0	78	126	541263	0	5401	4	0	0	0	0	5405
TP1_synth_reverse		13	C	353	540585	1	31	0	94	199	541263	0	5404	0	0	0	0	1	5405
TP1_synth_reverse		14	C	278	540823	0	30	0	37	95	541263	0	5405	0	0	0	0	0	5405
TP1_synth_reverse		15	C	275	540992	2	44	1	51	108	541473	0	5406	0	0	0	0	0	5406
TP1_synth_reverse		16	T	543	55	1550	21	0	20	539296	541485	0	0	7	0	0	0	5399	5406
TP1_synth_reverse		17	T	669	78	29	30	0	128	540551	541485	0	0	1	0	0	0	5405	5406
TP1_synth_reverse		18	T	536	91	1	20	1	99	540737	541485	0	0	0	0	0	0	5406	5406
TP1_synth_reverse		19	C	408	541107	131	261	1	84	72	542064	0	5402	4	1	0	0	0	5407
TP1_synth_reverse		20	T	606	336	6	25	0	42	541049	542064	0	1	0	0	0	0	5406	5407
TP1_synth_reverse		21	T	1904	99	37	44	0	116	539880	542080	0	0	1	0	0	0	5406	5407
TP1_synth_reverse		22	G	115	697	63	540781	1	83	361	542101	0	0	1	5404	0	0	2	5407
TP1_synth_reverse		23	C	758	540834	242	50	0	73	144	542101	0	5403	4	0	0	0	0	5407
TP1_synth_reverse		24	G	218	130	377	540418	0	43	915	542101	2	0	2	5401	0	0	2	5407
TP1_synth_reverse		25	G	216	458	369	540335	435	73	227	542113	1	0	2	5401	2	0	1	5407
TP1_synth_reverse		26	A	541213	11	646	95	0	96	73	542134	5402	0	5	0	0	0	0	5407
TP1_synth_reverse		27	G	74	217	1375	539837	0	62	569	542134	0	0	5	5402	0	0	0	5407
TP1_synth_reverse		28	A	541050	89	333	61	488	48	65	542134	5404	0	1	0	2	0	0	5407
TP1_synth_reverse		29	T	793	73	666	43	4	11	540544	542134	0	0	5	0	0	0	5402	5407
TP1_synth_reverse		30	T	2854	91	0	11	1	56	539121	542134	0	0	0	0	0	0	5407	5407
TP1_synth_reverse		31	C	717	541293	5	29	0	16	65	542125	0	5407	0	0	0	0	0	5407
TP1_synth_reverse		32	T	985	60	0	43	0	36	541000	542124	0	0	0	0	0	0	5407	5407
TP1_synth_reverse		33	C	808	541198	1	23	0	14	79	542123	0	5407	0	0	0	0	0	5407
TP1_synth_reverse		34	T	1242	101	891	40	1	21	539585	541881	0	0	6	0	0	0	5401	5407
TP1_synth_reverse		35	T	3117	90	0	74	0	38	538552	541871	0	0	0	0	0	0	5407	5407
TP1_synth_reverse		36	C	529	540492	679	17	0	45	106	541868	0	5401	6	0	0	0	0	5407
TP1_synth_reverse		37	C	640	541027	4	48	1	27	113	541860	0	5407	0	0	0	0	0	5407
TP1_synth_reverse		38	T	1452	59	213	26	1	77	540024	541852	0	0	3	0	0	0	5404	5407
TP1_synth_reverse		39	C	353	540834	455	30	64	20	92	541848	0	5400	6	0	1	0	0	5407
TP1_synth_reverse		40	T	1571	81	212	18	1	19	539940	541842	0	0	3	0	0	0	5404	5407
TP1_synth_reverse		41	G	276	1508	446	537696	0	16	1893	541835	1	1	4	5397	0	0	4	5407
TP1_synth_reverse		42	T	2608	75	211	31	212	97	538598	541832	0	0	3	0	1	0	5403	5407
TP1_synth_reverse		43	G	261	1467	365	538827	2	62	860	541844	5	0	4	5398	0	0	0	5407
TP1_synth_reverse		44	C	809	539679	713	41	0	85	528	541855	0	5399	5	0	0	0	3	5407
TP1_synth_reverse		45	G	219	368	220	538205	6	45	2795	541858	1	0	3	5402	0	0	1	5407
TP1_synth_reverse		46	C	1262	539274	1178	27	1	20	95	541857	0	5395	11	0	0	0	1	5407
TP1_synth_reverse		47	C	482	540546	631	20	0	4	171	541854	1	5400	6	0	0	0	0	5407
TP1_synth_reverse		48	G	202	1197	1008	537035	0	4	2404	541850	1	0	8	5398	0	0	0	5407
TP1_synth_reverse		49	A	540609	41	870	318	0	29	91	541958	5404	0	7	0	0	0	0	5411
TP1_synth_reverse		50	T	2567	62	920	28	0	16	538362	541955	0	0	7	0	0	0	5404	5411
TP1_synth_reverse		51	A	541027	50	650	137	0	45	70	541979	5405	0	6	0	0	0	0	5411
TP1_synth_reverse		52	C	541	540597	634	40	0	48	97	541957	0	5405	6	0	0	0	0	5411
TP1_synth_reverse		53	A	540852	17	821	132	29	30	89	541970	5403	0	7	0	1	0	0	5411
TP1_synth_reverse		54	G	157	386	636	540529	7	15	459	542189	0	0	6	5408	0	0	0	5414
TP1_synth_reverse		55	A	541036	165	864	67	0	36	60	542228	5407	0	8	0	0	0	0	5415
TP1_synth_reverse		56	A	541356	15	631	59	1	48	115	542225	5409	0	6	0	0	0	0	5415
TP1_synth_reverse		57	T	3280	52	1023	160	0	33	537750	542298	0	0	8	0	0	0	5408	5416
TP1_synth_reverse		58	A	540841	14	824	47	0	45	560	542331	5407	0	7	0	0	0	3	5417
TP1_synth_reverse		59	T	2172	185	590	75	33	1	539255	542311	0	1	6	0	1	0	5409	5417
TP1_synth_reverse		60	C	1361	540078	684	76	0	28	79	542306	0	5411	6	0	0	0	0	5417
TP1_synth_reverse		61	T	1675	226	551	244	0	14	539597	542307	0	1	5	0	0	0	5412	5418
TP1_synth_reverse		62	G	724	325	149	540265	0	86	765	542314	3	0	3	5411	0	0	2	5419
TP1_synth_reverse		63	T	4336	59	577	30	0	30	536958	541990	0	0	3	0	0	0	5417	5420
TP1_synth_reverse		64	T	2507	51	3	97	34	77	539465	542234	0	0	0	0	0	0	5422	5422
TP1_synth_reverse		65	C	555	541158	18	46	3	75	185	542040	0	5421	0	0	0	0	1	5422
TP1_synth_reverse		66	G	646	379	8	539767	485	45	701	542031	2	0	0	5416	3	0	1	5422
TP1_synth_reverse		67	C	932	540076	284	23	2	112	613	542042	0	5418	2	0	0	0	3	5423
TP1_synth_reverse		68	A	541841	337	82	144	0	95	94	542593	5424	0	1	0	0	0	0	5425
TP1_synth_reverse		69	C	226	541584	618	27	1	55	77	542588	0	5424	1	0	0	0	0	5425
TP1_synth_reverse		70	T	1314	88	83	178	35	20	540863	542581	0	0	1	0	0	0	5424	5425
TP1_synth_reverse		71	C	358	541582	517	30	0	8	82	542577	0	5423	2	0	0	0	0	5425
TP1_synth_reverse		72	C	901	541431	2	68	1	31	133	542567	0	5425	0	0	0	0	0	5425
TP1_synth_reverse		73	G	829	279	53	540576	441	155	227	542560	2	0	1	5419	2	0	1	5425
TP1_synth_reverse		74	A	541831	90	248	79	0	80	23	542351	5423	0	2	0	0	0	0	5425
TP1_synth_reverse		75	G	161	332	3	541621	0	14	202	542333	1	0	0	5424	0	0	0	5425
TP1_synth_reverse		76	T	3424	131	339	77	0	17	538323	542311	0	1	1	0	0	0	5423	5425
TP1_synth_reverse		77	G	2094	406	1161	537738	2	36	856	542293	12	0	3	5408	0	0	2	5425
TP1_synth_reverse		78	C	461	539637	570	35	1196	48	339	542286	0	5418	3	0	3	0	1	5425
TP1_synth_reverse		79	G	458	916	392	539336	0	133	1047	542282	3	0	4	5417	0	0	1	5425
TP1_synth_reverse		80	G	901	237	307	540414	2	149	256	542266	1	0	1	5423	0	0	0	5425
TP1_synth_reverse		81	C	989	540696	312	45	2	98	115	542257	4	5420	1	0	0	0	0	5425
TP1_synth_reverse		82	A	540991	47	388	122	0	56	95	541699	5423	0	1	0	0	0	0	5424
TP1_synth_reverse		83	A	541189	61	3	79	0	160	203	541695	5422	0	0	0	0	0	2	5424
TP1_synth_reverse		84	A	541375	59	0	165	0	43	20	541662	5424	0	0	0	0	0	0	5424
TP1_synth_reverse		85	G	111	266	0	540891	0	80	240	541588	0	0	0	5424	0	0	0	5424
TP1_synth_reverse		86	C	341	541030	0	34	1	43	87	541536	0	5424	0	0	0	0	0	5424
TP1_synth_reverse		87	T	1292	65	270	78	1	62	539671	541439	0	0	1	0	0	0	5423	5424
TP1_synth_reverse		88	G	175	367	307	540140	206	72	119	541386	0	0	1	5423	0	0	0	5424
TP1_synth_reverse		89	T	1044	81	65	61	1	197	539878	541327	0	0	1	0	0	0	5423	5424
TP1_synth_reverse		90	T	1082	144	0	30	0	103	539723	541082	0	0	0	0	0	0	5423	5423
TP1_synth_reverse		91	C	846	539842	0	90	0	23	200	541001	0	5422	0	0	0	0	1	5423
TP1_synth_reverse		92	C	312	539453	0	368	0	25	194	540352	0	5422	0	0	0	0	1	5423
TP1_synth_reverse		93	G	454	177	0	539316	0	66	86	540099	1	0	0	5422	0	0	0	5423
TP1_synth_reverse		94	T	894	83	0	89	0	140	538399	539605	0	0	0	0	0	0	5422	5422
TP1_synth_reverse		95	C	0	538898	0	0	0	69	0	538967	0	5421	0	0	0	0	0	5421
TP1_synth_reverse		96	C	0	538358	0	0	0	50	0	538408	0	5421	0	0	0	0	0	5421
TP1_synth_reverse		97	C	0	537177	0	0	0	100	0	537277	0	5421	0	0	0	0	0	5421
TP1_synth_reverse		98	A	535197	0	0	0	0	0	0	535197	5421	0	0	0	0	0	0	5421
TP1_synth_reverse		99	G	0	0	0	534550	1	0	0	534551	0	0	0	5421	0	0	0	5421
