



























































































































































































































#AmpliconChromStart	Alias	Position	ProbableRef	rawA	rawC	rawD	rawG	rawI	rawN	rawT	rawDepth	consA	consC	consD	consG	consI	consN	consT	consDepth	
TP1_synth_reverse		1	G	0	0	0	534874	0	0	0	534874	0	0	0	3314	0	0	0	3314
TP1_synth_reverse		2	T	0	0	0	0	0	0	536494	536494	0	0	0	0	0	0	3326	3326
TP1_synth_reverse		3	G	0	0	0	538972	0	97	0	539069	0	0	0	3336	0	0	0	3336
TP1_synth_reverse		4	G	0	0	0	539743	0	57	0	539800	0	0	0	3342	0	0	0	3342
TP1_synth_reverse		5	T	0	0	0	0	0	178	539994	540172	0	0	0	0	0	0	3343	3343
TP1_synth_reverse		6	G	196	84	0	540276	0	24	110	540690	1	0	0	3343	0	0	0	3344
TP1_synth_reverse		7	A	540626	16	0	76	0	7	71	540796	3345	0	0	0	0	0	0	3345
TP1_synth_reverse		8	G	98	78	0	540770	0	66	96	541108	0	0	0	3346	0	0	0	3346
TP1_synth_reverse		9	G	94	133	0	540844	1	14	122	541208	0	0	0	3347	0	0	0	3347
TP1_synth_reverse		10	C	224	540773	2	112	0	21	117	541249	0	3346	0	1	0	0	0	3347
TP1_synth_reverse		11	T	285	113	19	15	22	42	540753	541249	0	0	0	0	0	0	3347	3347
TP1_synth_reverse		12	C	283	540401	362	13	0	78	126	541263	0	3343	4	0	0	0	0	3347
TP1_synth_reverse		13	C	353	540585	1	31	0	94	199	541263	0	3346	0	0	0	0	1	3347
TP1_synth_reverse		14	C	278	540823	0	30	0	37	95	541263	0	3347	0	0	0	0	0	3347
TP1_synth_reverse		15	C	275	540992	2	44	1	51	108	541473	0	3348	0	0	0	0	0	3348
TP1_synth_reverse		16	T	543	55	1550	21	0	20	539296	541485	0	0	5	0	0	0	3343	3348
TP1_synth_reverse		17	T	669	78	29	30	0	128	540551	541485	0	0	1	0	0	0	3347	3348
TP1_synth_reverse		18	T	536	91	1	20	1	99	540737	541485	0	0	0	0	0	0	3348	3348
TP1_synth_reverse		19	C	408	541107	131	261	1	84	72	542064	0	3345	3	1	0	0	0	3349
TP1_synth_reverse		20	T	606	336	6	25	0	42	541049	542064	0	1	0	0	0	0	3348	3349
TP1_synth_reverse		21	T	1904	99	37	44	0	116	539864	542064	0	0	0	0	0	0	3349	3349
TP1_synth_reverse		22	G	115	697	63	540765	1	83	361	542085	0	0	0	3347	0	0	2	3349
TP1_synth_reverse		23	C	758	540818	242	50	0	73	144	542085	0	3348	1	0	0	0	0	3349
TP1_synth_reverse		24	G	218	130	377	540402	0	43	915	542085	0	0	1	3347	0	0	1	3349
TP1_synth_reverse		25	G	216	458	369	540319	435	73	227	542097	1	0	1	3346	1	0	0	3349
TP1_synth_reverse		26	A	541197	11	646	95	0	96	73	542118	3347	0	2	0	0	0	0	3349
TP1_synth_reverse		27	G	74	217	1375	539821	0	62	569	542118	0	0	4	3345	0	0	0	3349
TP1_synth_reverse		28	A	541034	89	333	61	488	48	65	542118	3347	0	1	0	1	0	0	3349
TP1_synth_reverse		29	T	792	73	666	43	4	11	540529	542118	0	0	5	0	0	0	3344	3349
TP1_synth_reverse		30	T	2854	91	0	11	1	54	539107	542118	0	0	0	0	0	0	3349	3349
TP1_synth_reverse		31	C	716	541278	5	29	0	16	65	542109	0	3349	0	0	0	0	0	3349
TP1_synth_reverse		32	T	985	60	0	43	0	36	540984	542108	0	0	0	0	0	0	3349	3349
TP1_synth_reverse		33	C	807	541183	1	23	0	14	79	542107	0	3349	0	0	0	0	0	3349
TP1_synth_reverse		34	T	1241	101	891	40	1	21	539570	541865	0	0	5	0	0	0	3344	3349
TP1_synth_reverse		35	T	3116	90	0	73	0	38	538538	541855	0	0	0	0	0	0	3349	3349
TP1_synth_reverse		36	C	529	540476	679	17	0	45	106	541852	0	3346	3	0	0	0	0	3349
TP1_synth_reverse		37	C	640	541011	4	48	1	27	113	541844	0	3349	0	0	0	0	0	3349
TP1_synth_reverse		38	T	1452	59	213	25	1	77	540009	541836	0	0	2	0	0	0	3347	3349
TP1_synth_reverse		39	C	353	540818	455	30	64	20	92	541832	0	3343	5	0	1	0	0	3349
TP1_synth_reverse		40	T	1569	81	212	18	1	19	539928	541828	0	0	2	0	0	0	3347	3349
TP1_synth_reverse		41	G	276	1508	446	537683	0	16	1892	541821	0	1	3	3342	0	0	3	3349
TP1_synth_reverse		42	T	2607	75	211	31	212	97	538585	541818	0	0	2	0	1	0	3346	3349
TP1_synth_reverse		43	G	261	1467	365	538813	2	62	860	541830	2	0	3	3344	0	0	0	3349
TP1_synth_reverse		44	C	809	539665	713	41	0	85	528	541841	0	3344	4	0	0	0	1	3349
TP1_synth_reverse		45	G	219	367	220	538193	6	45	2794	541844	1	0	2	3345	0	0	1	3349
TP1_synth_reverse		46	C	1259	539263	1178	27	1	20	95	541843	0	3340	9	0	0	0	0	3349
TP1_synth_reverse		47	C	482	540532	631	20	0	4	171	541840	1	3344	4	0	0	0	0	3349
TP1_synth_reverse		48	G	203	1196	1008	537022	0	4	2403	541836	1	0	5	3343	0	0	0	3349
TP1_synth_reverse		49	A	540595	41	870	318	0	29	91	541944	3346	0	5	0	0	0	0	3351
TP1_synth_reverse		50	T	2567	62	920	28	0	16	538348	541941	0	0	5	0	0	0	3346	3351
TP1_synth_reverse		51	A	541012	50	650	137	0	45	71	541965	3347	0	4	0	0	0	0	3351
TP1_synth_reverse		52	C	541	540583	634	40	0	48	97	541943	0	3347	4	0	0	0	0	3351
TP1_synth_reverse		53	A	540839	16	821	132	29	30	89	541956	3345	0	5	0	1	0	0	3351
TP1_synth_reverse		54	G	157	383	636	540518	7	15	459	542175	0	0	4	3348	0	0	0	3352
TP1_synth_reverse		55	A	541022	165	864	67	0	36	60	542214	3347	0	6	0	0	0	0	3353
TP1_synth_reverse		56	A	541342	15	631	59	1	48	115	542211	3349	0	4	0	0	0	0	3353
TP1_synth_reverse		57	T	3276	52	1023	159	0	33	537741	542284	0	0	6	0	0	0	3348	3354
TP1_synth_reverse		58	A	540827	14	824	47	0	45	560	542317	3348	0	5	0	0	0	2	3355
TP1_synth_reverse		59	T	2171	185	590	75	33	1	539242	542297	0	1	5	0	1	0	3348	3355
TP1_synth_reverse		60	C	1359	540066	684	76	0	28	79	542292	0	3350	5	0	0	0	0	3355
TP1_synth_reverse		61	T	1672	226	551	244	0	14	539586	542293	0	1	4	0	0	0	3350	3355
TP1_synth_reverse		62	G	724	324	149	540254	0	86	763	542300	2	0	2	3349	0	0	2	3355
TP1_synth_reverse		63	T	4336	59	577	30	0	30	536944	541976	0	0	2	0	0	0	3354	3356
TP1_synth_reverse		64	T	2508	51	3	97	34	77	539450	542220	0	0	0	0	0	0	3358	3358
TP1_synth_reverse		65	C	554	541145	18	46	3	75	185	542026	0	3356	0	0	0	0	1	3357
TP1_synth_reverse		66	G	644	378	8	539758	485	43	701	542017	1	0	0	3354	1	0	1	3357
TP1_synth_reverse		67	C	932	540062	284	23	2	112	613	542028	0	3352	2	0	0	0	3	3357
TP1_synth_reverse		68	A	541827	337	82	144	0	95	94	542579	3357	0	1	0	0	0	0	3358
TP1_synth_reverse		69	C	225	541574	618	27	1	53	77	542575	0	3357	1	0	0	0	0	3358
TP1_synth_reverse		70	T	1313	88	83	177	35	20	540852	542568	0	0	1	0	0	0	3357	3358
TP1_synth_reverse		71	C	358	541569	517	30	0	8	82	542564	0	3356	2	0	0	0	0	3358
TP1_synth_reverse		72	C	901	541418	2	68	1	31	133	542554	0	3358	0	0	0	0	0	3358
TP1_synth_reverse		73	G	829	277	53	540567	441	153	227	542547	2	0	0	3353	2	0	1	3358
TP1_synth_reverse		74	A	541818	90	248	79	0	80	23	542338	3356	0	2	0	0	0	0	3358
TP1_synth_reverse		75	G	161	332	3	541608	0	14	202	542320	1	0	0	3357	0	0	0	3358
TP1_synth_reverse		76	T	3424	131	339	77	0	17	538310	542298	0	0	1	0	0	0	3357	3358
TP1_synth_reverse		77	G	2094	406	1161	537727	2	34	856	542280	9	0	3	3344	0	0	2	3358
TP1_synth_reverse		78	C	461	539625	569	35	1196	48	339	542273	0	3351	3	0	3	0	1	3358
TP1_synth_reverse		79	G	458	916	392	539325	0	133	1045	542269	2	0	3	3352	0	0	1	3358
TP1_synth_reverse		80	G	901	237	307	540401	2	149	256	542253	1	0	1	3356	0	0	0	3358
TP1_synth_reverse		81	C	989	540683	312	45	2	98	115	542244	2	3355	1	0	0	0	0	3358
TP1_synth_reverse		82	A	540978	47	388	122	0	56	95	541686	3357	0	1	0	0	0	0	3358
TP1_synth_reverse		83	A	541176	61	3	79	0	160	203	541682	3356	0	0	0	0	0	2	3358
TP1_synth_reverse		84	A	541362	59	0	165	0	43	20	541649	3358	0	0	0	0	0	0	3358
TP1_synth_reverse		85	G	111	266	0	540879	0	80	240	541576	0	0	0	3358	0	0	0	3358
TP1_synth_reverse		86	C	341	541018	0	34	1	43	87	541524	0	3358	0	0	0	0	0	3358
TP1_synth_reverse		87	T	1292	65	270	78	1	62	539660	541428	0	0	1	0	0	0	3357	3358
TP1_synth_reverse		88	G	175	366	307	540130	206	72	119	541375	0	0	1	3357	0	0	0	3358
TP1_synth_reverse		89	T	1043	81	65	61	1	197	539868	541316	0	0	1	0	0	0	3357	3358
TP1_synth_reverse		90	T	1082	144	0	30	0	103	539712	541071	0	0	0	0	0	0	3358	3358
TP1_synth_reverse		91	C	846	539832	0	90	0	23	200	540991	0	3357	0	0	0	0	1	3358
TP1_synth_reverse		92	C	312	539443	0	368	0	25	194	540342	0	3357	0	0	0	0	1	3358
TP1_synth_reverse		93	G	454	177	0	539307	0	66	86	540090	1	0	0	3357	0	0	0	3358
TP1_synth_reverse		94	T	894	83	0	89	0	140	538390	539596	0	0	0	0	0	0	3358	3358
TP1_synth_reverse		95	C	0	538889	0	0	0	69	0	538958	0	3358	0	0	0	0	0	3358
TP1_synth_reverse		96	C	0	538350	0	0	0	50	0	538400	0	3358	0	0	0	0	0	3358
TP1_synth_reverse		97	C	0	537169	0	0	0	100	0	537269	0	3358	0	0	0	0	0	3358
TP1_synth_reverse		98	A	535189	0	0	0	0	0	0	535189	3358	0	0	0	0	0	0	3358
TP1_synth_reverse		99	G	0	0	0	534542	1	0	0	534543	0	0	0	3358	0	0	0	3358
