



























































































































































































































#AmpliconChromStart	Alias	Position	ProbableRef	rawA	rawC	rawD	rawG	rawI	rawN	rawT	rawDepth	consA	consC	consD	consG	consI	consN	consT	consDepth	
TP1_synth_reverse		1	G	0	0	0	898030	0	0	0	898030	0	0	0	4559	0	0	0	4559
TP1_synth_reverse		2	T	0	0	0	0	0	0	899897	899897	0	0	0	0	0	0	4565	4565
TP1_synth_reverse		3	G	0	0	0	906828	0	85	0	906913	0	0	0	4574	0	0	0	4574
TP1_synth_reverse		4	G	0	0	0	907399	0	49	0	907448	0	0	0	4578	0	0	0	4578
TP1_synth_reverse		5	T	0	0	0	0	0	20	907804	907824	0	0	0	0	0	0	4582	4582
TP1_synth_reverse		6	G	123	90	0	908208	0	11	151	908583	0	0	0	4584	0	0	0	4584
TP1_synth_reverse		7	A	908352	21	0	86	0	61	142	908662	4586	0	0	0	0	0	0	4586
TP1_synth_reverse		8	G	101	99	0	908796	2	111	1421	910530	0	0	0	4587	0	0	2	4589
TP1_synth_reverse		9	G	171	174	0	910051	3	42	128	910569	0	0	0	4589	0	0	1	4590
TP1_synth_reverse		10	C	246	910165	2	31	0	35	90	910569	0	4590	0	0	0	0	0	4590
TP1_synth_reverse		11	T	211	151	9	16	9	34	910161	910591	0	0	0	0	0	0	4590	4590
TP1_synth_reverse		12	C	343	909253	745	26	1	76	147	910591	0	4587	3	0	0	0	0	4590
TP1_synth_reverse		13	C	503	909865	1	30	0	89	123	910611	0	4590	0	0	0	0	0	4590
TP1_synth_reverse		14	C	454	909976	0	21	0	46	114	910611	0	4590	0	0	0	0	0	4590
TP1_synth_reverse		15	C	321	910117	0	26	7	63	92	910626	2	4588	0	0	0	0	0	4590
TP1_synth_reverse		16	T	387	109	930	10	0	191	908999	910626	0	0	5	0	0	0	4585	4590
TP1_synth_reverse		17	T	378	117	0	10	0	70	910051	910626	0	0	0	0	0	0	4590	4590
TP1_synth_reverse		18	T	353	152	92	8	42	55	909929	910631	0	0	2	0	3	0	4585	4590
TP1_synth_reverse		19	C	376	910577	94	31	0	67	80	911225	0	4589	2	0	0	0	0	4591
TP1_synth_reverse		20	T	252	84	1292	16	0	25	909556	911225	0	0	5	0	0	0	4586	4591
TP1_synth_reverse		21	T	543	168	105	65	5	111	910228	911225	0	0	2	0	0	0	4589	4591
TP1_synth_reverse		22	G	132	456	466	909768	137	26	240	911225	0	0	3	4585	2	0	1	4591
TP1_synth_reverse		23	C	605	909746	31	56	5	28	754	911225	0	4589	0	0	0	0	2	4591
TP1_synth_reverse		24	G	557	182	30	909682	0	49	725	911225	3	0	0	4588	0	0	0	4591
TP1_synth_reverse		25	G	2498	683	4	907458	40	129	434	911246	6	0	0	4583	1	0	2	4592
TP1_synth_reverse		26	A	909243	14	1681	157	4	52	124	911275	4591	0	2	0	0	0	0	4593
TP1_synth_reverse		27	G	1175	834	2366	906631	2	22	245	911275	6	0	9	4578	0	0	0	4593
TP1_synth_reverse		28	A	910130	32	739	107	154	26	115	911303	4589	0	3	0	2	0	0	4594
TP1_synth_reverse		29	T	322	93	1884	155	0	140	908709	911303	0	0	5	0	0	0	4589	4594
TP1_synth_reverse		30	T	1054	1360	738	58	0	122	907979	911311	0	2	3	0	0	0	4590	4595
TP1_synth_reverse		31	C	545	909825	745	39	0	65	81	911300	0	4592	3	0	0	0	0	4595
TP1_synth_reverse		32	T	569	90	738	47	0	393	909444	911281	0	0	3	0	0	0	4592	4595
TP1_synth_reverse		33	C	498	910333	6	40	0	151	245	911273	0	4595	0	0	0	0	0	4595
TP1_synth_reverse		34	T	750	171	992	97	0	90	909177	911277	0	1	2	0	0	0	4593	4596
TP1_synth_reverse		35	T	1589	105	1	75	3	79	909415	911267	0	0	0	0	0	0	4597	4597
TP1_synth_reverse		36	C	543	910448	102	60	0	58	63	911274	0	4595	1	1	0	0	0	4597
TP1_synth_reverse		37	C	646	910358	11	61	1	72	115	911264	0	4597	0	0	0	0	0	4597
TP1_synth_reverse		38	T	783	79	31	255	0	24	910081	911253	0	0	1	0	0	0	4596	4597
TP1_synth_reverse		39	C	510	909792	757	43	0	63	84	911249	0	4593	4	0	0	0	0	4597
TP1_synth_reverse		40	T	1292	102	41	37	2	165	909600	911239	0	0	0	0	0	0	4597	4597
TP1_synth_reverse		41	G	597	627	2595	907002	1	24	366	911212	0	0	8	4589	0	0	0	4597
TP1_synth_reverse		42	T	2337	1009	962	34	4	68	906779	911193	2	2	3	0	0	0	4590	4597
TP1_synth_reverse		43	G	488	474	2494	906620	1	415	691	911183	0	0	4	4592	0	0	1	4597
TP1_synth_reverse		44	C	553	909111	968	52	12	159	327	911182	0	4591	3	0	0	0	3	4597
TP1_synth_reverse		45	G	1049	396	961	907153	2	65	1542	911168	6	0	3	4588	0	0	0	4597
TP1_synth_reverse		46	C	826	908915	1283	61	0	10	94	911189	0	4590	8	0	0	0	0	4598
TP1_synth_reverse		47	C	375	910453	51	40	0	23	245	911187	0	4597	1	0	0	0	0	4598
TP1_synth_reverse		48	G	2055	697	86	907164	2	39	1128	911171	5	0	2	4591	0	0	0	4598
TP1_synth_reverse		49	A	910891	46	31	102	0	211	150	911431	4598	0	1	0	0	0	0	4599
TP1_synth_reverse		50	T	1025	108	43	133	1	122	909670	911102	0	0	1	0	0	0	4598	4599
TP1_synth_reverse		51	A	910629	54	59	112	0	157	120	911131	4598	0	2	0	0	0	0	4600
TP1_synth_reverse		52	C	560	909293	39	156	7	294	124	910473	0	4598	1	0	0	0	0	4599
TP1_synth_reverse		53	A	909849	39	46	190	2	333	142	910601	4601	0	1	0	0	0	0	4602
TP1_synth_reverse		54	G	169	284	50	909693	1	116	274	910587	0	0	1	4600	0	0	1	4602
TP1_synth_reverse		55	A	909986	77	306	125	0	144	72	910710	4594	0	9	0	0	0	0	4603
TP1_synth_reverse		56	A	910278	12	12	168	0	114	125	910709	4603	0	0	0	0	0	0	4603
TP1_synth_reverse		57	T	1826	53	27	220	3	254	908285	910668	0	0	0	0	0	0	4603	4603
TP1_synth_reverse		58	A	907929	10	2294	75	0	292	131	910731	4602	0	2	0	0	0	0	4604
TP1_synth_reverse		59	T	951	53	1598	102	0	399	907630	910733	0	0	4	0	0	0	4601	4605
TP1_synth_reverse		60	C	840	909029	456	60	1	261	68	910715	0	4601	4	0	0	0	0	4605
TP1_synth_reverse		61	T	1277	110	58	59	0	232	908990	910726	0	0	2	0	0	0	4604	4606
TP1_synth_reverse		62	G	963	245	1182	907557	0	339	427	910713	1	0	1	4603	0	0	1	4606
TP1_synth_reverse		63	T	2203	91	3126	20	0	182	904577	910199	0	0	9	0	0	0	4598	4607
TP1_synth_reverse		64	T	1933	77	374	19	2	55	907689	910149	0	0	3	0	0	0	4604	4607
TP1_synth_reverse		65	C	1116	908191	531	23	0	164	127	910152	0	4604	4	0	0	0	0	4608
TP1_synth_reverse		66	G	1998	422	41	907263	5	74	352	910155	3	0	0	4606	0	0	0	4609
TP1_synth_reverse		67	C	952	905790	776	31	2289	243	105	910186	0	4607	1	0	2	0	0	4610
TP1_synth_reverse		68	A	908450	265	843	147	324	110	77	910216	4608	0	2	0	1	0	0	4611
TP1_synth_reverse		69	C	340	905782	3672	36	4	55	296	910185	0	4596	12	0	0	0	3	4611
TP1_synth_reverse		70	T	1129	116	445	37	2156	103	906199	910185	0	0	4	0	2	0	4606	4612
TP1_synth_reverse		71	C	360	908908	441	43	3	321	100	910176	0	4608	4	0	0	0	0	4612
TP1_synth_reverse		72	C	726	909066	8	71	3	131	165	910170	0	4612	0	0	0	0	0	4612
TP1_synth_reverse		73	G	751	575	170	908029	0	330	290	910145	3	0	1	4608	0	0	0	4612
TP1_synth_reverse		74	A	909734	50	6	133	40	127	54	910144	4609	0	0	0	3	0	0	4612
TP1_synth_reverse		75	G	2377	417	517	906531	0	57	233	910132	7	0	5	4598	0	0	2	4612
TP1_synth_reverse		76	T	980	107	7	44	1	46	908933	910118	0	0	0	0	0	0	4612	4612
TP1_synth_reverse		77	G	2906	385	1432	905063	3	67	229	910085	7	0	4	4601	0	0	0	4612
TP1_synth_reverse		78	C	432	908617	31	42	3	514	440	910079	0	4609	0	0	0	0	3	4612
TP1_synth_reverse		79	G	4463	629	1392	902784	0	129	679	910076	24	0	4	4583	0	0	1	4612
TP1_synth_reverse		80	G	1226	224	1072	907036	21	134	325	910038	4	0	2	4606	0	0	0	4612
TP1_synth_reverse		81	C	282	907995	1364	85	2	118	176	910022	0	4607	5	0	0	0	0	4612
TP1_synth_reverse		82	A	907626	50	1381	170	0	93	151	909471	4608	0	4	0	0	0	0	4612
TP1_synth_reverse		83	A	909014	66	5	92	0	212	81	909470	4612	0	0	0	0	0	0	4612
TP1_synth_reverse		84	A	908110	40	0	919	73	252	50	909444	4609	0	0	1	2	0	0	4612
TP1_synth_reverse		85	G	167	316	38	908548	49	110	134	909362	0	0	2	4609	1	0	0	4612
TP1_synth_reverse		86	C	512	908167	6	450	0	89	90	909314	0	4608	0	4	0	0	0	4612
TP1_synth_reverse		87	T	1231	94	1	23	0	315	907572	909236	0	0	0	0	0	0	4612	4612
TP1_synth_reverse		88	G	157	777	14	907848	7	140	247	909190	0	0	0	4612	0	0	0	4612
TP1_synth_reverse		89	T	731	120	41	27	0	53	908179	909151	0	0	0	0	0	0	4612	4612
TP1_synth_reverse		90	T	669	134	22	137	0	74	907974	909010	0	0	0	1	0	0	4611	4612
TP1_synth_reverse		91	C	1502	906934	0	46	2	316	107	908907	1	4611	0	0	0	0	0	4612
TP1_synth_reverse		92	C	440	907642	0	61	0	422	214	908779	0	4611	0	1	0	0	0	4612
TP1_synth_reverse		93	G	512	396	0	906584	0	206	191	907889	3	0	0	4609	0	0	0	4612
TP1_synth_reverse		94	T	526	186	0	44	0	70	906960	907786	0	0	0	0	0	0	4612	4612
TP1_synth_reverse		95	C	0	906847	0	0	0	183	0	907030	0	4609	0	0	0	0	0	4609
TP1_synth_reverse		96	C	0	906068	0	0	0	115	0	906183	0	4608	0	0	0	0	0	4608
TP1_synth_reverse		97	C	0	905233	0	0	0	180	0	905413	0	4608	0	0	0	0	0	4608
TP1_synth_reverse		98	A	902401	0	0	0	0	0	0	902401	4604	0	0	0	0	0	0	4604
TP1_synth_reverse		99	G	0	0	0	900350	0	0	0	900350	0	0	0	4603	0	0	0	4603
