



























































































































































































































#AmpliconChromStart	Alias	Position	ProbableRef	rawA	rawC	rawD	rawG	rawI	rawN	rawT	rawDepth	consA	consC	consD	consG	consI	consN	consT	consDepth	
TP1_synth_reverse		1	G	0	0	0	898030	0	0	0	898030	0	0	0	2528	0	0	0	2528
TP1_synth_reverse		2	T	0	0	0	0	0	0	899897	899897	0	0	0	0	0	0	2532	2532
TP1_synth_reverse		3	G	0	0	0	906828	0	85	0	906913	0	0	0	2538	0	0	0	2538
TP1_synth_reverse		4	G	0	0	0	907399	0	49	0	907448	0	0	0	2540	0	0	0	2540
TP1_synth_reverse		5	T	0	0	0	0	0	20	907804	907824	0	0	0	0	0	0	2542	2542
TP1_synth_reverse		6	G	123	90	0	908208	0	11	151	908583	0	0	0	2544	0	0	0	2544
TP1_synth_reverse		7	A	908352	21	0	86	0	61	142	908662	2545	0	0	0	0	0	0	2545
TP1_synth_reverse		8	G	101	99	0	908796	2	111	1421	910530	0	0	0	2546	0	0	1	2547
TP1_synth_reverse		9	G	171	174	0	910051	3	42	128	910569	0	0	0	2547	0	0	0	2547
TP1_synth_reverse		10	C	246	910165	2	31	0	35	90	910569	0	2547	0	0	0	0	0	2547
TP1_synth_reverse		11	T	211	151	9	16	9	34	910161	910591	0	0	0	0	0	0	2547	2547
TP1_synth_reverse		12	C	343	909253	745	26	1	76	147	910591	0	2545	2	0	0	0	0	2547
TP1_synth_reverse		13	C	503	909865	1	30	0	89	123	910611	0	2547	0	0	0	0	0	2547
TP1_synth_reverse		14	C	454	909976	0	21	0	46	114	910611	0	2547	0	0	0	0	0	2547
TP1_synth_reverse		15	C	321	910117	0	26	7	63	92	910626	0	2547	0	0	0	0	0	2547
TP1_synth_reverse		16	T	387	109	930	10	0	191	908999	910626	0	0	2	0	0	0	2545	2547
TP1_synth_reverse		17	T	378	117	0	10	0	70	910051	910626	0	0	0	0	0	0	2547	2547
TP1_synth_reverse		18	T	353	152	92	8	42	55	909924	910626	0	0	1	0	0	0	2546	2547
TP1_synth_reverse		19	C	376	910572	94	31	0	67	80	911220	0	2547	1	0	0	0	0	2548
TP1_synth_reverse		20	T	252	84	1292	16	0	25	909551	911220	0	0	4	0	0	0	2544	2548
TP1_synth_reverse		21	T	543	168	105	65	5	111	910232	911229	0	0	2	0	0	0	2546	2548
TP1_synth_reverse		22	G	132	456	466	909772	137	26	240	911229	0	0	3	2544	1	0	0	2548
TP1_synth_reverse		23	C	605	909750	31	56	5	28	754	911229	0	2547	0	0	0	0	1	2548
TP1_synth_reverse		24	G	557	182	30	909686	0	49	725	911229	2	0	0	2546	0	0	0	2548
TP1_synth_reverse		25	G	2498	683	4	907462	40	129	434	911250	3	0	0	2542	1	0	2	2548
TP1_synth_reverse		26	A	909247	14	1681	157	4	52	124	911279	2548	0	1	0	0	0	0	2549
TP1_synth_reverse		27	G	1175	834	2366	906635	2	22	245	911279	4	0	6	2539	0	0	0	2549
TP1_synth_reverse		28	A	910134	32	739	107	154	26	115	911307	2546	0	2	0	1	0	0	2549
TP1_synth_reverse		29	T	322	93	1884	155	0	140	908713	911307	0	0	4	0	0	0	2545	2549
TP1_synth_reverse		30	T	1054	1360	738	58	0	122	907983	911315	0	2	2	0	0	0	2545	2549
TP1_synth_reverse		31	C	545	909829	745	39	0	65	81	911304	0	2547	2	0	0	0	0	2549
TP1_synth_reverse		32	T	569	90	738	47	0	393	909448	911285	0	0	2	0	0	0	2547	2549
TP1_synth_reverse		33	C	498	910337	6	40	0	151	245	911277	0	2549	0	0	0	0	0	2549
TP1_synth_reverse		34	T	750	171	992	97	0	90	909181	911281	0	0	1	0	0	0	2548	2549
TP1_synth_reverse		35	T	1591	105	1	75	3	79	909417	911271	0	0	0	0	0	0	2549	2549
TP1_synth_reverse		36	C	543	910444	102	60	0	58	63	911270	0	2547	1	1	0	0	0	2549
TP1_synth_reverse		37	C	647	910353	11	61	1	72	115	911260	0	2549	0	0	0	0	0	2549
TP1_synth_reverse		38	T	782	79	31	255	0	24	910078	911249	0	0	0	0	0	0	2549	2549
TP1_synth_reverse		39	C	510	909788	757	43	0	63	84	911245	0	2546	3	0	0	0	0	2549
TP1_synth_reverse		40	T	1292	102	41	37	2	165	909596	911235	0	0	0	0	0	0	2549	2549
TP1_synth_reverse		41	G	598	627	2595	906998	1	24	365	911208	0	0	4	2545	0	0	0	2549
TP1_synth_reverse		42	T	2334	1009	962	34	4	68	906786	911197	0	2	2	0	0	0	2545	2549
TP1_synth_reverse		43	G	488	474	2494	906624	1	415	691	911187	0	0	3	2545	0	0	1	2549
TP1_synth_reverse		44	C	552	909116	968	52	12	159	327	911186	0	2547	2	0	0	0	0	2549
TP1_synth_reverse		45	G	1049	396	961	907156	2	65	1543	911172	3	0	2	2544	0	0	0	2549
TP1_synth_reverse		46	C	826	908919	1283	61	0	10	94	911193	0	2546	3	0	0	0	0	2549
TP1_synth_reverse		47	C	376	910456	51	40	0	23	245	911191	0	2549	0	0	0	0	0	2549
TP1_synth_reverse		48	G	2056	696	86	907185	2	39	1126	911190	2	0	0	2547	0	0	0	2549
TP1_synth_reverse		49	A	910911	46	31	102	0	211	150	911451	2550	0	0	0	0	0	0	2550
TP1_synth_reverse		50	T	1025	108	43	133	1	122	909690	911122	0	0	0	0	0	0	2550	2550
TP1_synth_reverse		51	A	910649	54	59	112	0	157	120	911151	2551	0	0	0	0	0	0	2551
TP1_synth_reverse		52	C	560	909313	39	156	7	294	124	910493	0	2551	0	0	0	0	0	2551
TP1_synth_reverse		53	A	909869	39	46	190	2	333	142	910621	2553	0	0	0	0	0	0	2553
TP1_synth_reverse		54	G	170	284	50	909712	1	116	274	910607	0	0	0	2552	0	0	1	2553
TP1_synth_reverse		55	A	910006	77	306	125	0	144	72	910730	2549	0	5	0	0	0	0	2554
TP1_synth_reverse		56	A	910298	12	12	168	0	114	125	910729	2554	0	0	0	0	0	0	2554
TP1_synth_reverse		57	T	1827	53	27	220	3	254	908304	910688	0	0	0	0	0	0	2554	2554
TP1_synth_reverse		58	A	907949	10	2294	75	0	292	131	910751	2553	0	2	0	0	0	0	2555
TP1_synth_reverse		59	T	953	53	1598	102	0	399	907648	910753	0	0	3	0	0	0	2552	2555
TP1_synth_reverse		60	C	841	909048	456	60	1	261	68	910735	0	2552	3	0	0	0	0	2555
TP1_synth_reverse		61	T	1280	110	58	59	0	232	909007	910746	0	0	0	0	0	0	2556	2556
TP1_synth_reverse		62	G	963	244	1182	907578	0	339	427	910733	1	0	1	2554	0	0	0	2556
TP1_synth_reverse		63	T	2204	91	3126	20	0	182	904596	910219	0	0	4	0	0	0	2553	2557
TP1_synth_reverse		64	T	1935	77	374	19	2	55	907707	910169	0	0	3	0	0	0	2554	2557
TP1_synth_reverse		65	C	1116	908211	531	23	0	164	127	910172	0	2553	4	0	0	0	0	2557
TP1_synth_reverse		66	G	1998	422	41	907283	5	74	352	910175	2	0	0	2555	0	0	0	2557
TP1_synth_reverse		67	C	951	905811	776	31	2289	243	105	910206	0	2555	1	0	2	0	0	2558
TP1_synth_reverse		68	A	908470	264	843	148	324	110	77	910236	2556	0	2	0	1	0	0	2559
TP1_synth_reverse		69	C	340	905802	3672	36	4	55	296	910205	0	2549	8	0	0	0	2	2559
TP1_synth_reverse		70	T	1129	116	445	37	2156	103	906201	910187	0	0	2	0	2	0	2555	2559
TP1_synth_reverse		71	C	360	908910	441	43	3	321	100	910178	0	2557	2	0	0	0	0	2559
TP1_synth_reverse		72	C	725	909069	8	71	3	131	165	910172	0	2559	0	0	0	0	0	2559
TP1_synth_reverse		73	G	751	576	170	908030	0	330	290	910147	1	0	1	2557	0	0	0	2559
TP1_synth_reverse		74	A	909736	50	6	133	40	127	54	910146	2559	0	0	0	0	0	0	2559
TP1_synth_reverse		75	G	2377	418	517	906532	0	57	233	910134	4	0	4	2550	0	0	1	2559
TP1_synth_reverse		76	T	978	107	7	44	1	46	908937	910120	0	0	0	0	0	0	2559	2559
TP1_synth_reverse		77	G	2906	387	1432	905063	3	67	229	910087	6	0	3	2550	0	0	0	2559
TP1_synth_reverse		78	C	432	908617	33	42	3	514	440	910081	0	2556	0	0	0	0	3	2559
TP1_synth_reverse		79	G	4464	629	1392	902785	0	129	679	910078	14	0	2	2542	0	0	1	2559
TP1_synth_reverse		80	G	1226	225	1072	907038	21	134	324	910040	3	0	2	2554	0	0	0	2559
TP1_synth_reverse		81	C	281	907998	1364	85	2	118	176	910024	0	2556	3	0	0	0	0	2559
TP1_synth_reverse		82	A	907628	50	1381	170	0	93	151	909473	2555	0	4	0	0	0	0	2559
TP1_synth_reverse		83	A	909014	67	5	93	0	212	81	909472	2559	0	0	0	0	0	0	2559
TP1_synth_reverse		84	A	908112	40	0	919	73	252	50	909446	2558	0	0	1	0	0	0	2559
TP1_synth_reverse		85	G	167	316	38	908550	49	110	134	909364	0	0	0	2558	1	0	0	2559
TP1_synth_reverse		86	C	512	908169	6	450	0	89	90	909316	0	2556	0	3	0	0	0	2559
TP1_synth_reverse		87	T	1233	94	1	23	0	315	907572	909238	0	0	0	0	0	0	2559	2559
TP1_synth_reverse		88	G	157	777	14	907850	7	140	247	909192	0	0	0	2559	0	0	0	2559
TP1_synth_reverse		89	T	730	120	41	27	0	53	908182	909153	0	0	0	0	0	0	2559	2559
TP1_synth_reverse		90	T	670	134	22	137	0	74	907975	909012	0	0	0	1	0	0	2558	2559
TP1_synth_reverse		91	C	1502	906936	0	46	2	316	107	908909	1	2558	0	0	0	0	0	2559
TP1_synth_reverse		92	C	440	907644	0	61	0	422	214	908781	0	2559	0	0	0	0	0	2559
TP1_synth_reverse		93	G	512	397	0	906585	0	206	191	907891	1	0	0	2558	0	0	0	2559
TP1_synth_reverse		94	T	526	186	0	44	0	70	906961	907787	0	0	0	0	0	0	2559	2559
TP1_synth_reverse		95	C	0	906847	0	0	0	183	0	907030	0	2559	0	0	0	0	0	2559
TP1_synth_reverse		96	C	0	906068	0	0	0	115	0	906183	0	2559	0	0	0	0	0	2559
TP1_synth_reverse		97	C	0	905233	0	0	0	180	0	905413	0	2559	0	0	0	0	0	2559
TP1_synth_reverse		98	A	902401	0	0	0	0	0	0	902401	2559	0	0	0	0	0	0	2559
TP1_synth_reverse		99	G	0	0	0	900348	0	0	0	900348	0	0	0	2559	0	0	0	2559
