



























































































































































































































#AmpliconChromStart	Alias	Position	ProbableRef	rawA	rawC	rawD	rawG	rawI	rawN	rawT	rawDepth	consA	consC	consD	consG	consI	consN	consT	consDepth	
TP1_synth_reverse		1	G	0	0	0	898030	0	0	0	898030	0	0	0	42960	0	0	0	42960
TP1_synth_reverse		2	T	0	0	0	0	0	0	899897	899897	0	0	0	0	0	0	43419	43419
TP1_synth_reverse		3	G	0	0	0	906828	0	85	0	906913	0	0	0	43892	0	30	0	43922
TP1_synth_reverse		4	G	0	0	0	907399	0	49	0	907448	0	0	0	44265	0	26	0	44291
TP1_synth_reverse		5	T	0	0	0	0	0	20	907804	907824	0	0	0	0	0	15	44531	44546
TP1_synth_reverse		6	G	123	90	0	908208	0	11	151	908583	3	5	0	44855	0	4	23	44890
TP1_synth_reverse		7	A	908352	21	0	86	0	61	142	908662	44895	2	0	2	0	21	7	44927
TP1_synth_reverse		8	G	101	99	0	908796	2	111	1421	910530	8	10	0	44896	0	27	32	44973
TP1_synth_reverse		9	G	171	174	0	910051	3	42	128	910569	6	21	0	44946	0	9	19	45001
TP1_synth_reverse		10	C	246	910165	2	31	0	35	90	910569	38	44957	1	0	0	3	2	45001
TP1_synth_reverse		11	T	211	151	9	16	9	34	910161	910591	28	5	3	1	0	2	44982	45021
TP1_synth_reverse		12	C	343	909253	745	26	1	76	147	910591	53	44902	33	1	0	24	8	45021
TP1_synth_reverse		13	C	503	909865	1	30	0	89	123	910611	76	44918	0	1	0	39	3	45037
TP1_synth_reverse		14	C	454	909976	0	21	0	46	114	910611	64	44952	0	1	0	16	4	45037
TP1_synth_reverse		15	C	321	910117	0	26	7	63	92	910626	56	44966	0	0	1	25	4	45052
TP1_synth_reverse		16	T	387	109	930	10	0	191	908999	910626	76	6	48	2	0	55	44865	45052
TP1_synth_reverse		17	T	378	117	0	10	0	70	910051	910626	94	3	0	0	0	26	44929	45052
TP1_synth_reverse		18	T	353	152	92	8	42	55	909924	910626	70	5	13	1	14	7	44942	45052
TP1_synth_reverse		19	C	376	910572	94	31	0	67	80	911220	135	44953	14	0	0	17	4	45123
TP1_synth_reverse		20	T	252	84	1292	16	0	25	909551	911220	54	2	47	1	0	10	45009	45123
TP1_synth_reverse		21	T	543	168	105	65	5	111	910232	911229	148	5	12	5	4	6	44950	45130
TP1_synth_reverse		22	G	132	456	466	909772	137	26	240	911229	7	145	22	44896	5	2	53	45130
TP1_synth_reverse		23	C	605	909760	31	56	5	28	754	911239	146	44952	4	3	4	4	22	45135
TP1_synth_reverse		24	G	557	182	30	909696	0	49	725	911239	37	39	8	44942	0	16	93	45135
TP1_synth_reverse		25	G	2498	683	4	907472	40	129	434	911260	99	149	1	44789	4	22	78	45142
TP1_synth_reverse		26	A	909257	14	1681	157	4	52	124	911289	45080	1	37	8	3	16	3	45148
TP1_synth_reverse		27	G	1175	834	2366	906645	2	22	245	911289	47	129	64	44813	1	14	80	45148
TP1_synth_reverse		28	A	910144	32	739	107	154	26	115	911317	45110	1	15	6	10	12	4	45158
TP1_synth_reverse		29	T	323	93	1884	155	0	140	908722	911317	70	6	52	11	0	38	44981	45158
TP1_synth_reverse		30	T	1054	1360	738	58	0	122	907993	911325	277	39	14	7	0	15	44808	45160
TP1_synth_reverse		31	C	547	909837	745	39	0	65	81	911314	154	44960	15	1	0	19	5	45154
TP1_synth_reverse		32	T	570	90	738	47	0	393	909457	911295	86	2	13	1	0	28	45015	45145
TP1_synth_reverse		33	C	498	910347	6	40	0	151	245	911287	171	44940	2	5	0	16	6	45140
TP1_synth_reverse		34	T	752	171	992	97	0	90	909189	911291	146	10	44	11	0	8	44922	45141
TP1_synth_reverse		35	T	1593	105	1	75	3	79	909425	911281	382	2	0	8	3	33	44712	45140
TP1_synth_reverse		36	C	543	910454	102	60	0	58	63	911280	107	44990	11	6	0	19	6	45139
TP1_synth_reverse		37	C	647	910363	11	61	1	72	115	911270	149	44963	2	4	0	10	6	45134
TP1_synth_reverse		38	T	782	79	31	255	0	24	910088	911259	181	3	4	21	0	11	44908	45128
TP1_synth_reverse		39	C	511	909797	757	43	0	63	84	911255	110	44955	42	3	0	11	4	45125
TP1_synth_reverse		40	T	1293	102	41	37	2	165	909605	911245	243	2	15	5	2	18	44833	45118
TP1_synth_reverse		41	G	598	627	2595	907008	1	24	365	911218	106	181	123	44590	1	3	90	45094
TP1_synth_reverse		42	T	2335	1009	962	34	4	68	906787	911199	477	47	55	1	4	12	44484	45080
TP1_synth_reverse		43	G	489	475	2494	906623	1	415	692	911189	78	94	95	44653	1	52	99	45072
TP1_synth_reverse		44	C	553	909117	968	52	12	159	327	911188	116	44830	60	4	5	35	22	45072
TP1_synth_reverse		45	G	1049	396	961	907156	2	65	1545	911174	63	107	56	44554	2	33	247	45062
TP1_synth_reverse		46	C	828	908919	1283	61	0	10	94	911195	262	44717	78	8	0	3	3	45071
TP1_synth_reverse		47	C	377	910457	51	40	0	23	245	911193	67	44949	26	4	0	15	10	45071
TP1_synth_reverse		48	G	2057	696	86	907184	2	39	1128	911192	79	207	38	44567	1	12	165	45069
TP1_synth_reverse		49	A	910913	46	31	102	0	211	150	911453	45497	5	15	8	0	29	5	45559
TP1_synth_reverse		50	T	1025	108	43	133	1	122	909692	911124	202	1	18	17	1	27	45267	45533
TP1_synth_reverse		51	A	910651	54	59	112	0	157	120	911153	45459	7	21	4	0	41	9	45541
TP1_synth_reverse		52	C	562	909313	39	156	7	294	124	910495	141	45306	13	27	4	15	5	45511
TP1_synth_reverse		53	A	909871	39	46	190	2	333	142	910623	45483	4	15	2	2	31	12	45549
TP1_synth_reverse		54	G	170	284	50	909714	1	116	274	910609	25	41	14	45388	1	26	43	45538
TP1_synth_reverse		55	A	910008	77	306	125	0	144	72	910732	45458	10	49	8	0	11	3	45539
TP1_synth_reverse		56	A	910300	12	12	168	0	114	125	910731	45504	0	0	9	0	16	10	45539
TP1_synth_reverse		57	T	1827	53	27	220	3	254	908306	910690	309	1	2	22	2	37	45143	45516
TP1_synth_reverse		58	A	907951	10	2294	75	0	292	131	910753	45301	0	62	4	0	144	7	45518
TP1_synth_reverse		59	T	953	53	1598	102	0	399	907650	910755	170	2	58	13	0	68	45204	45515
TP1_synth_reverse		60	C	841	909050	456	60	1	261	68	910737	212	45227	26	3	0	32	3	45503
TP1_synth_reverse		61	T	1278	110	58	59	0	232	909011	910748	230	4	20	5	0	40	45198	45497
TP1_synth_reverse		62	G	962	245	1182	907580	0	339	427	910735	85	43	40	45022	0	149	149	45488
TP1_synth_reverse		63	T	2204	91	3126	20	0	182	904598	910221	448	8	107	1	0	60	44847	45471
TP1_synth_reverse		64	T	1934	77	374	19	2	55	907710	910171	309	3	18	2	1	6	45102	45441
TP1_synth_reverse		65	C	1116	908196	531	23	0	164	127	910157	226	45163	24	2	0	12	5	45432
TP1_synth_reverse		66	G	1997	422	41	907269	5	74	352	910160	101	109	8	45113	0	10	85	45426
TP1_synth_reverse		67	C	951	905796	776	31	2289	243	105	910191	262	45043	30	3	65	20	5	45428
TP1_synth_reverse		68	A	908455	264	843	148	324	110	77	910221	45329	35	36	5	10	14	4	45433
TP1_synth_reverse		69	C	340	905787	3672	36	4	55	296	910190	78	45161	149	2	2	6	17	45415
TP1_synth_reverse		70	T	1129	116	445	35	2156	103	906206	910190	222	7	43	5	55	10	45067	45409
TP1_synth_reverse		71	C	360	908913	441	43	3	321	100	910181	79	45199	46	5	1	71	2	45403
TP1_synth_reverse		72	C	725	909072	8	71	3	131	165	910175	199	45136	3	7	1	45	7	45398
TP1_synth_reverse		73	G	751	576	170	908033	0	330	290	910150	35	122	10	45005	0	168	37	45377
TP1_synth_reverse		74	A	909739	50	6	133	40	127	54	910149	45295	6	5	6	11	49	5	45377
TP1_synth_reverse		75	G	2377	418	517	906535	0	57	233	910137	108	73	36	45108	0	10	34	45369
TP1_synth_reverse		76	T	978	107	7	44	1	46	908940	910123	255	4	4	4	1	2	45092	45362
TP1_synth_reverse		77	G	2906	384	1432	905069	3	67	229	910090	116	91	56	45007	2	9	61	45342
TP1_synth_reverse		78	C	432	908620	33	42	3	514	440	910084	71	45146	8	3	3	67	42	45340
TP1_synth_reverse		79	G	4464	629	1392	902788	0	129	679	910081	273	229	51	44687	0	14	83	45337
TP1_synth_reverse		80	G	1226	224	1072	907042	21	134	324	910043	63	46	26	45097	3	32	51	45318
TP1_synth_reverse		81	C	281	908001	1364	85	2	118	176	910027	57	45181	39	5	0	22	5	45309
TP1_synth_reverse		82	A	907631	50	1381	170	0	93	151	909476	44715	1	51	7	0	13	6	44793
TP1_synth_reverse		83	A	909017	67	5	93	0	212	81	909475	44744	6	0	3	0	36	3	44792
TP1_synth_reverse		84	A	908116	40	0	919	73	252	49	909449	44699	1	0	34	18	33	4	44789
TP1_synth_reverse		85	G	167	316	38	908553	49	110	134	909367	34	64	8	44590	4	38	19	44757
TP1_synth_reverse		86	C	512	908172	6	450	0	89	90	909319	101	44603	5	25	0	8	1	44743
TP1_synth_reverse		87	T	1232	94	1	23	0	315	907576	909241	218	5	1	1	0	30	44462	44717
TP1_synth_reverse		88	G	157	777	14	907853	7	140	247	909195	16	52	0	44551	1	33	53	44706
TP1_synth_reverse		89	T	730	120	41	27	0	53	908185	909156	77	5	1	1	0	11	44602	44697
TP1_synth_reverse		90	T	669	134	22	137	0	74	907978	909014	76	3	0	12	0	4	44585	44680
TP1_synth_reverse		91	C	1502	906938	0	46	2	316	107	908911	131	44485	0	3	0	34	4	44657
TP1_synth_reverse		92	C	440	907646	0	61	0	422	214	908783	44	44516	0	4	0	65	8	44637
TP1_synth_reverse		93	G	512	397	0	906587	0	206	191	907893	22	72	0	44406	0	36	40	44576
TP1_synth_reverse		94	T	526	186	0	44	0	70	906964	907790	62	2	0	1	0	5	44497	44567
TP1_synth_reverse		95	C	0	906850	0	0	0	183	0	907033	0	44489	0	0	0	9	0	44498
TP1_synth_reverse		96	C	0	906071	0	0	0	115	0	906186	0	44408	0	0	0	17	0	44425
TP1_synth_reverse		97	C	0	905236	0	0	0	180	0	905416	0	44305	0	0	0	52	0	44357
TP1_synth_reverse		98	A	902404	0	0	0	0	0	0	902404	44190	0	0	0	0	0	0	44190
TP1_synth_reverse		99	G	0	0	0	900350	0	0	0	900350	0	0	0	43992	0	0	0	43992
