



























































































































































































































#AmpliconChromStart	Alias	Position	ProbableRef	rawA	rawC	rawD	rawG	rawI	rawN	rawT	rawDepth	consA	consC	consD	consG	consI	consN	consT	consDepth	
TP1_synth_reverse		1	G	0	0	0	898030	0	0	0	898030	0	0	0	10261	0	0	0	10261
TP1_synth_reverse		2	T	0	0	0	0	0	0	899897	899897	0	0	0	0	0	0	10345	10345
TP1_synth_reverse		3	G	0	0	0	906828	0	85	0	906913	0	0	0	10428	0	0	0	10428
TP1_synth_reverse		4	G	0	0	0	907399	0	49	0	907448	0	0	0	10477	0	1	0	10478
TP1_synth_reverse		5	T	0	0	0	0	0	20	907804	907824	0	0	0	0	0	1	10507	10508
TP1_synth_reverse		6	G	123	90	0	908208	0	11	151	908583	0	0	0	10560	0	1	0	10561
TP1_synth_reverse		7	A	908352	21	0	86	0	61	142	908662	10563	0	0	0	0	2	0	10565
TP1_synth_reverse		8	G	101	99	0	908796	2	111	1421	910530	0	0	0	10572	0	0	3	10575
TP1_synth_reverse		9	G	171	174	0	910051	3	42	128	910569	0	0	0	10576	0	1	2	10579
TP1_synth_reverse		10	C	246	910165	2	31	0	35	90	910569	0	10579	0	0	0	0	0	10579
TP1_synth_reverse		11	T	211	151	9	16	9	34	910161	910591	0	0	0	0	0	1	10579	10580
TP1_synth_reverse		12	C	343	909253	745	26	1	76	147	910591	0	10576	3	0	0	1	0	10580
TP1_synth_reverse		13	C	503	909865	1	30	0	89	123	910611	0	10582	0	0	0	0	0	10582
TP1_synth_reverse		14	C	454	909976	0	21	0	46	114	910611	0	10581	0	0	0	0	1	10582
TP1_synth_reverse		15	C	321	910117	0	26	7	63	92	910626	2	10580	0	0	0	0	0	10582
TP1_synth_reverse		16	T	387	109	930	10	0	191	908999	910626	1	0	10	0	0	0	10571	10582
TP1_synth_reverse		17	T	378	117	0	10	0	70	910051	910626	1	0	0	0	0	2	10579	10582
TP1_synth_reverse		18	T	353	152	92	8	42	55	909924	910626	0	0	6	0	6	1	10569	10582
TP1_synth_reverse		19	C	376	910572	94	31	0	67	80	911220	0	10577	6	0	0	0	0	10583
TP1_synth_reverse		20	T	252	84	1292	16	0	25	909551	911220	0	0	10	0	0	0	10573	10583
TP1_synth_reverse		21	T	543	168	105	65	5	111	910232	911229	0	0	4	0	1	0	10579	10584
TP1_synth_reverse		22	G	132	456	466	909772	137	26	240	911229	0	1	5	10574	3	0	1	10584
TP1_synth_reverse		23	C	605	909750	31	56	5	28	754	911229	0	10581	1	0	0	0	2	10584
TP1_synth_reverse		24	G	557	182	30	909686	0	49	725	911229	8	0	0	10576	0	0	0	10584
TP1_synth_reverse		25	G	2498	683	4	907462	40	129	434	911250	17	0	0	10562	2	1	3	10585
TP1_synth_reverse		26	A	909247	14	1681	157	4	52	124	911279	10578	0	7	0	0	1	0	10586
TP1_synth_reverse		27	G	1175	834	2366	906635	2	22	245	911279	7	0	16	10563	0	0	0	10586
TP1_synth_reverse		28	A	910134	32	739	107	154	26	115	911307	10580	0	4	0	3	0	0	10587
TP1_synth_reverse		29	T	322	93	1884	155	0	140	908713	911307	0	1	10	0	0	1	10575	10587
TP1_synth_reverse		30	T	1054	1360	738	58	0	122	907983	911315	1	8	4	0	0	1	10574	10588
TP1_synth_reverse		31	C	545	909829	745	39	0	65	81	911304	0	10584	4	0	0	0	0	10588
TP1_synth_reverse		32	T	569	90	738	47	0	393	909448	911285	0	0	4	0	0	4	10578	10586
TP1_synth_reverse		33	C	498	910337	6	40	0	151	245	911277	0	10582	1	0	0	2	1	10586
TP1_synth_reverse		34	T	750	171	992	97	0	90	909181	911281	1	3	9	0	0	0	10574	10587
TP1_synth_reverse		35	T	1591	105	1	75	3	79	909417	911271	1	0	0	0	0	0	10587	10588
TP1_synth_reverse		36	C	543	910452	102	60	0	58	63	911278	0	10582	6	1	0	0	0	10589
TP1_synth_reverse		37	C	647	910361	11	61	1	72	115	911268	0	10589	0	0	0	0	0	10589
TP1_synth_reverse		38	T	782	79	31	255	0	24	910086	911257	1	0	2	0	0	0	10586	10589
TP1_synth_reverse		39	C	510	909796	757	43	0	63	84	911253	0	10576	12	0	0	1	0	10589
TP1_synth_reverse		40	T	1292	102	41	37	2	165	909604	911243	2	0	5	0	0	1	10581	10589
TP1_synth_reverse		41	G	598	628	2595	907004	1	24	366	911216	1	0	33	10555	0	0	0	10589
TP1_synth_reverse		42	T	2337	1009	962	34	4	68	906783	911197	4	11	16	0	0	1	10557	10589
TP1_synth_reverse		43	G	488	474	2494	906624	1	415	691	911187	0	0	27	10560	0	1	1	10589
TP1_synth_reverse		44	C	553	909115	968	52	12	159	327	911186	0	10564	16	0	3	0	6	10589
TP1_synth_reverse		45	G	1049	396	961	907156	2	65	1543	911172	19	0	16	10554	0	0	0	10589
TP1_synth_reverse		46	C	827	908918	1283	61	0	10	94	911193	0	10567	23	0	0	0	0	10590
TP1_synth_reverse		47	C	376	910456	51	40	0	23	245	911191	0	10580	10	0	0	0	0	10590
TP1_synth_reverse		48	G	2056	697	86	907167	2	39	1128	911175	14	1	15	10559	1	0	0	10590
TP1_synth_reverse		49	A	910896	46	31	102	0	211	150	911436	10593	0	6	0	0	0	0	10599
TP1_synth_reverse		50	T	1025	108	43	133	1	122	909675	911107	0	0	5	0	0	2	10591	10598
TP1_synth_reverse		51	A	910634	54	59	112	0	157	120	911136	10588	0	8	0	0	3	0	10599
TP1_synth_reverse		52	C	560	909298	39	156	7	294	124	910478	0	10587	5	0	1	3	0	10596
TP1_synth_reverse		53	A	909854	39	46	190	2	333	142	910606	10593	0	5	0	0	6	0	10604
TP1_synth_reverse		54	G	169	284	50	909698	1	116	274	910592	0	0	5	10594	0	4	1	10604
TP1_synth_reverse		55	A	909991	77	306	125	0	144	72	910715	10587	0	16	0	0	2	0	10605
TP1_synth_reverse		56	A	910283	12	12	168	0	114	125	910714	10603	0	0	1	0	1	0	10605
TP1_synth_reverse		57	T	1825	53	27	220	3	254	908291	910673	2	0	0	0	0	2	10601	10605
TP1_synth_reverse		58	A	907934	10	2294	75	0	292	131	910736	10587	0	6	0	0	13	0	10606
TP1_synth_reverse		59	T	952	53	1598	102	0	399	907634	910738	0	0	10	0	0	1	10601	10612
TP1_synth_reverse		60	C	840	909034	456	60	1	261	68	910720	1	10596	9	0	0	6	0	10612
TP1_synth_reverse		61	T	1278	110	58	59	0	232	908994	910731	3	0	5	0	0	6	10599	10613
TP1_synth_reverse		62	G	963	244	1182	907563	0	339	427	910718	6	0	6	10585	0	14	2	10613
TP1_synth_reverse		63	T	2206	91	3126	20	0	182	904579	910204	2	2	20	0	0	5	10584	10613
TP1_synth_reverse		64	T	1934	77	374	19	2	55	907693	910154	0	0	3	0	0	0	10606	10609
TP1_synth_reverse		65	C	1116	908196	531	23	0	164	127	910157	1	10604	4	0	0	1	0	10610
TP1_synth_reverse		66	G	1998	422	41	907268	5	74	352	910160	7	0	1	10598	0	3	2	10611
TP1_synth_reverse		67	C	952	905795	776	31	2289	243	105	910191	0	10600	2	0	7	3	0	10612
TP1_synth_reverse		68	A	908455	265	843	147	324	110	77	910221	10606	0	4	0	2	1	0	10613
TP1_synth_reverse		69	C	340	905787	3672	36	4	55	296	910190	0	10573	35	0	0	0	4	10612
TP1_synth_reverse		70	T	1130	116	445	37	2156	103	906203	910190	5	0	12	0	6	0	10590	10613
TP1_synth_reverse		71	C	360	908913	441	43	3	321	100	910181	0	10594	12	0	0	7	0	10613
TP1_synth_reverse		72	C	726	909071	8	71	3	131	165	910175	1	10609	0	0	0	3	0	10613
TP1_synth_reverse		73	G	751	576	170	908033	0	330	290	910150	5	4	1	10589	0	14	0	10613
TP1_synth_reverse		74	A	909739	50	6	133	40	127	54	910149	10607	0	0	0	5	1	0	10613
TP1_synth_reverse		75	G	2377	418	517	906535	0	57	233	910137	24	0	7	10579	0	0	3	10613
TP1_synth_reverse		76	T	979	107	7	44	1	46	908939	910123	1	0	0	0	0	0	10612	10613
TP1_synth_reverse		77	G	2906	385	1432	905068	3	67	229	910090	16	1	8	10585	0	1	2	10613
TP1_synth_reverse		78	C	432	908622	31	42	3	514	440	910084	0	10605	1	0	0	3	4	10613
TP1_synth_reverse		79	G	4464	629	1392	902788	0	129	679	910081	56	5	7	10540	0	0	5	10613
TP1_synth_reverse		80	G	1226	224	1072	907042	21	134	324	910043	12	0	5	10595	0	1	0	10613
TP1_synth_reverse		81	C	281	908001	1364	85	2	118	176	910027	1	10601	10	0	0	1	0	10613
TP1_synth_reverse		82	A	907631	50	1381	170	0	93	151	909476	10597	0	7	0	0	1	0	10605
TP1_synth_reverse		83	A	909019	66	5	92	0	212	81	909475	10604	0	0	0	0	1	0	10605
TP1_synth_reverse		84	A	908115	40	0	919	73	252	50	909449	10596	0	0	4	5	0	0	10605
TP1_synth_reverse		85	G	167	316	38	908553	49	110	134	909367	0	0	4	10597	1	3	0	10605
TP1_synth_reverse		86	C	512	908172	6	450	0	89	90	909319	0	10597	0	7	0	1	0	10605
TP1_synth_reverse		87	T	1232	94	1	23	0	315	907576	909241	5	0	0	0	0	3	10597	10605
TP1_synth_reverse		88	G	157	777	14	907853	7	140	247	909195	0	1	0	10598	0	6	0	10605
TP1_synth_reverse		89	T	730	120	41	27	0	53	908185	909156	1	0	0	0	0	1	10603	10605
TP1_synth_reverse		90	T	670	134	22	137	0	74	907978	909015	1	1	0	2	0	0	10601	10605
TP1_synth_reverse		91	C	1502	906939	0	46	2	316	107	908912	9	10592	0	0	0	4	0	10605
TP1_synth_reverse		92	C	440	907647	0	61	0	422	214	908784	1	10594	0	2	0	7	0	10604
TP1_synth_reverse		93	G	512	397	0	906588	0	206	191	907894	3	3	0	10586	0	4	0	10596
TP1_synth_reverse		94	T	526	186	0	44	0	70	906965	907791	1	0	0	0	0	1	10594	10596
TP1_synth_reverse		95	C	0	906852	0	0	0	183	0	907035	0	10589	0	0	0	1	0	10590
TP1_synth_reverse		96	C	0	906073	0	0	0	115	0	906188	0	10583	0	0	0	3	0	10586
TP1_synth_reverse		97	C	0	905238	0	0	0	180	0	905418	0	10579	0	0	0	4	0	10583
TP1_synth_reverse		98	A	902406	0	0	0	0	0	0	902406	10557	0	0	0	0	0	0	10557
TP1_synth_reverse		99	G	0	0	0	900354	0	0	0	900354	0	0	0	10545	0	0	0	10545
