



























































































































































































































#AmpliconChromStart	Alias	Position	ProbableRef	rawA	rawC	rawD	rawG	rawI	rawN	rawT	rawDepth	consA	consC	consD	consG	consI	consN	consT	consDepth	
TP1_synth_reverse		1	G	0	0	0	898030	0	0	0	898030	0	0	0	4228	0	0	0	4228
TP1_synth_reverse		2	T	0	0	0	0	0	0	899897	899897	0	0	0	0	0	0	4234	4234
TP1_synth_reverse		3	G	0	0	0	906828	0	85	0	906913	0	0	0	4240	0	0	0	4240
TP1_synth_reverse		4	G	0	0	0	907399	0	49	0	907448	0	0	0	4244	0	0	0	4244
TP1_synth_reverse		5	T	0	0	0	0	0	20	907804	907824	0	0	0	0	0	0	4248	4248
TP1_synth_reverse		6	G	123	90	0	908208	0	11	151	908583	0	0	0	4250	0	0	0	4250
TP1_synth_reverse		7	A	908352	21	0	86	0	61	142	908662	4252	0	0	0	0	0	0	4252
TP1_synth_reverse		8	G	101	99	0	908796	2	111	1421	910530	0	0	0	4253	0	0	2	4255
TP1_synth_reverse		9	G	171	174	0	910051	3	42	128	910569	0	0	0	4255	0	0	1	4256
TP1_synth_reverse		10	C	246	910165	2	31	0	35	90	910569	0	4256	0	0	0	0	0	4256
TP1_synth_reverse		11	T	211	151	9	16	9	34	910161	910591	0	0	0	0	0	0	4256	4256
TP1_synth_reverse		12	C	343	909253	745	26	1	76	147	910591	0	4253	3	0	0	0	0	4256
TP1_synth_reverse		13	C	503	909865	1	30	0	89	123	910611	0	4256	0	0	0	0	0	4256
TP1_synth_reverse		14	C	454	909976	0	21	0	46	114	910611	0	4256	0	0	0	0	0	4256
TP1_synth_reverse		15	C	321	910117	0	26	7	63	92	910626	1	4255	0	0	0	0	0	4256
TP1_synth_reverse		16	T	387	109	930	10	0	191	908999	910626	0	0	5	0	0	0	4251	4256
TP1_synth_reverse		17	T	378	117	0	10	0	70	910051	910626	0	0	0	0	0	0	4256	4256
TP1_synth_reverse		18	T	353	152	92	8	42	55	909929	910631	0	0	2	0	2	0	4252	4256
TP1_synth_reverse		19	C	376	910577	94	31	0	67	80	911225	0	4255	2	0	0	0	0	4257
TP1_synth_reverse		20	T	252	84	1292	16	0	25	909556	911225	0	0	5	0	0	0	4252	4257
TP1_synth_reverse		21	T	543	168	105	65	5	111	910228	911225	0	0	2	0	0	0	4255	4257
TP1_synth_reverse		22	G	132	456	466	909768	137	26	240	911225	0	0	3	4251	2	0	1	4257
TP1_synth_reverse		23	C	605	909746	31	56	5	28	754	911225	0	4255	0	0	0	0	2	4257
TP1_synth_reverse		24	G	557	182	30	909682	0	49	725	911225	3	0	0	4254	0	0	0	4257
TP1_synth_reverse		25	G	2498	683	4	907458	40	129	434	911246	5	0	0	4250	1	0	2	4258
TP1_synth_reverse		26	A	909243	14	1681	157	4	52	124	911275	4257	0	2	0	0	0	0	4259
TP1_synth_reverse		27	G	1175	834	2366	906631	2	22	245	911275	6	0	8	4245	0	0	0	4259
TP1_synth_reverse		28	A	910130	32	739	107	154	26	115	911303	4256	0	2	0	2	0	0	4260
TP1_synth_reverse		29	T	322	93	1884	155	0	140	908709	911303	0	0	4	0	0	0	4256	4260
TP1_synth_reverse		30	T	1054	1360	738	58	0	122	907979	911311	0	2	2	0	0	0	4257	4261
TP1_synth_reverse		31	C	545	909825	745	39	0	65	81	911300	0	4259	2	0	0	0	0	4261
TP1_synth_reverse		32	T	569	90	738	47	0	393	909444	911281	0	0	2	0	0	0	4259	4261
TP1_synth_reverse		33	C	498	910333	6	40	0	151	245	911273	0	4261	0	0	0	0	0	4261
TP1_synth_reverse		34	T	750	171	992	97	0	90	909177	911277	0	1	1	0	0	0	4259	4261
TP1_synth_reverse		35	T	1589	105	1	75	3	79	909415	911267	0	0	0	0	0	0	4262	4262
TP1_synth_reverse		36	C	543	910440	102	60	0	58	63	911266	0	4260	1	1	0	0	0	4262
TP1_synth_reverse		37	C	646	910350	11	61	1	72	115	911256	0	4262	0	0	0	0	0	4262
TP1_synth_reverse		38	T	783	79	31	255	0	24	910073	911245	0	0	1	0	0	0	4261	4262
TP1_synth_reverse		39	C	510	909784	757	43	0	63	84	911241	0	4259	3	0	0	0	0	4262
TP1_synth_reverse		40	T	1292	102	41	37	2	165	909592	911231	0	0	0	0	0	0	4262	4262
TP1_synth_reverse		41	G	597	626	2595	906996	1	24	365	911204	0	0	7	4255	0	0	0	4262
TP1_synth_reverse		42	T	2334	1009	962	34	4	68	906774	911185	1	2	3	0	0	0	4256	4262
TP1_synth_reverse		43	G	488	474	2494	906612	1	415	691	911175	0	0	4	4257	0	0	1	4262
TP1_synth_reverse		44	C	552	909104	968	52	12	159	327	911174	0	4257	3	0	0	0	2	4262
TP1_synth_reverse		45	G	1049	396	961	907145	2	65	1542	911160	6	0	3	4253	0	0	0	4262
TP1_synth_reverse		46	C	825	908908	1283	61	0	10	94	911181	0	4256	7	0	0	0	0	4263
TP1_synth_reverse		47	C	375	910445	51	40	0	23	245	911179	0	4262	1	0	0	0	0	4263
TP1_synth_reverse		48	G	2055	696	86	907174	2	39	1126	911178	5	0	2	4257	0	0	0	4264
TP1_synth_reverse		49	A	910898	46	31	102	0	211	150	911438	4264	0	1	0	0	0	0	4265
TP1_synth_reverse		50	T	1023	108	43	133	1	122	909679	911109	0	0	1	0	0	0	4264	4265
TP1_synth_reverse		51	A	910636	54	59	112	0	157	120	911138	4265	0	1	0	0	0	0	4266
TP1_synth_reverse		52	C	560	909300	39	156	7	294	124	910480	0	4265	1	0	0	0	0	4266
TP1_synth_reverse		53	A	909856	39	46	190	2	333	142	910608	4268	0	1	0	0	0	0	4269
TP1_synth_reverse		54	G	170	284	50	909699	1	116	274	910594	0	0	1	4267	0	0	1	4269
TP1_synth_reverse		55	A	909993	77	306	125	0	144	72	910717	4261	0	9	0	0	0	0	4270
TP1_synth_reverse		56	A	910285	12	12	168	0	114	125	910716	4270	0	0	0	0	0	0	4270
TP1_synth_reverse		57	T	1827	53	27	220	3	254	908291	910675	0	0	0	0	0	0	4270	4270
TP1_synth_reverse		58	A	907936	10	2294	75	0	292	131	910738	4269	0	2	0	0	0	0	4271
TP1_synth_reverse		59	T	951	53	1598	102	0	399	907637	910740	0	0	4	0	0	0	4268	4272
TP1_synth_reverse		60	C	840	909036	456	60	1	261	68	910722	0	4268	4	0	0	0	0	4272
TP1_synth_reverse		61	T	1277	110	58	59	0	232	908997	910733	0	0	1	0	0	0	4272	4273
TP1_synth_reverse		62	G	961	245	1182	907566	0	339	427	910720	1	0	1	4270	0	0	1	4273
TP1_synth_reverse		63	T	2201	91	3126	20	0	182	904586	910206	0	0	8	0	0	0	4266	4274
TP1_synth_reverse		64	T	1933	77	374	19	2	55	907696	910156	0	0	3	0	0	0	4271	4274
TP1_synth_reverse		65	C	1116	908198	531	23	0	164	127	910159	0	4271	4	0	0	0	0	4275
TP1_synth_reverse		66	G	1997	422	41	907271	5	74	352	910162	3	0	0	4273	0	0	0	4276
TP1_synth_reverse		67	C	951	905798	776	31	2289	243	105	910193	0	4274	1	0	2	0	0	4277
TP1_synth_reverse		68	A	908457	264	843	148	324	110	77	910223	4275	0	2	0	1	0	0	4278
TP1_synth_reverse		69	C	340	905789	3672	36	4	55	296	910192	0	4263	12	0	0	0	3	4278
TP1_synth_reverse		70	T	1128	116	445	37	2156	103	906207	910192	0	0	4	0	2	0	4273	4279
TP1_synth_reverse		71	C	360	908915	441	43	3	321	100	910183	0	4275	4	0	0	0	0	4279
TP1_synth_reverse		72	C	725	909074	8	71	3	131	165	910177	0	4279	0	0	0	0	0	4279
TP1_synth_reverse		73	G	751	575	170	908036	0	330	290	910152	2	0	1	4276	0	0	0	4279
TP1_synth_reverse		74	A	909741	50	6	133	40	127	54	910151	4276	0	0	0	3	0	0	4279
TP1_synth_reverse		75	G	2377	417	517	906538	0	57	233	910139	6	0	5	4267	0	0	1	4279
TP1_synth_reverse		76	T	979	107	7	44	1	46	908941	910125	0	0	0	0	0	0	4279	4279
TP1_synth_reverse		77	G	2906	385	1432	905070	3	67	229	910092	7	0	4	4268	0	0	0	4279
TP1_synth_reverse		78	C	432	908622	33	42	3	514	440	910086	0	4276	0	0	0	0	3	4279
TP1_synth_reverse		79	G	4463	629	1392	902791	0	129	679	910083	23	0	3	4252	0	0	1	4279
TP1_synth_reverse		80	G	1226	224	1072	907043	21	134	325	910045	4	0	2	4273	0	0	0	4279
TP1_synth_reverse		81	C	282	908002	1364	85	2	118	176	910029	0	4274	5	0	0	0	0	4279
TP1_synth_reverse		82	A	907633	50	1381	170	0	93	151	909478	4275	0	4	0	0	0	0	4279
TP1_synth_reverse		83	A	909019	67	5	93	0	212	81	909477	4279	0	0	0	0	0	0	4279
TP1_synth_reverse		84	A	908117	40	0	919	73	252	50	909451	4276	0	0	1	2	0	0	4279
TP1_synth_reverse		85	G	167	316	38	908555	49	110	134	909369	0	0	2	4276	1	0	0	4279
TP1_synth_reverse		86	C	512	908174	6	450	0	89	90	909321	0	4275	0	4	0	0	0	4279
TP1_synth_reverse		87	T	1231	94	1	23	0	315	907579	909243	0	0	0	0	0	0	4279	4279
TP1_synth_reverse		88	G	157	777	14	907855	7	140	247	909197	0	0	0	4279	0	0	0	4279
TP1_synth_reverse		89	T	731	120	41	27	0	53	908186	909158	0	0	0	0	0	0	4279	4279
TP1_synth_reverse		90	T	669	134	22	137	0	74	907981	909017	0	0	0	1	0	0	4278	4279
TP1_synth_reverse		91	C	1502	906941	0	46	2	316	107	908914	1	4278	0	0	0	0	0	4279
TP1_synth_reverse		92	C	440	907649	0	61	0	422	214	908786	0	4278	0	1	0	0	0	4279
TP1_synth_reverse		93	G	512	396	0	906591	0	206	191	907896	3	0	0	4276	0	0	0	4279
TP1_synth_reverse		94	T	526	186	0	44	0	70	906967	907793	0	0	0	0	0	0	4279	4279
TP1_synth_reverse		95	C	0	906853	0	0	0	183	0	907036	0	4277	0	0	0	0	0	4277
TP1_synth_reverse		96	C	0	906074	0	0	0	115	0	906189	0	4276	0	0	0	0	0	4276
TP1_synth_reverse		97	C	0	905239	0	0	0	180	0	905419	0	4276	0	0	0	0	0	4276
TP1_synth_reverse		98	A	902407	0	0	0	0	0	0	902407	4274	0	0	0	0	0	0	4274
TP1_synth_reverse		99	G	0	0	0	900355	0	0	0	900355	0	0	0	4274	0	0	0	4274
