



























































































































































































































#AmpliconChromStart	Alias	Position	ProbableRef	rawA	rawC	rawD	rawG	rawI	rawN	rawT	rawDepth	consA	consC	consD	consG	consI	consN	consT	consDepth	
TP1_synth_reverse		1	G	0	3	0	870662	0	0	0	870665	0	0	0	16538	0	0	0	16538
TP1_synth_reverse		2	T	0	0	0	0	0	0	872013	872013	0	0	0	0	0	0	16554	16554
TP1_synth_reverse		3	G	0	0	0	874246	0	92	0	874338	0	0	0	16583	0	0	0	16583
TP1_synth_reverse		4	G	0	0	0	875671	0	62	0	875733	0	0	0	16600	0	0	0	16600
TP1_synth_reverse		5	T	0	0	0	0	0	20	877019	877039	0	0	0	0	0	0	16612	16612
TP1_synth_reverse		6	G	153	90	0	877712	0	7	204	878166	1	0	0	16619	0	0	1	16621
TP1_synth_reverse		7	A	878120	41	0	107	0	74	131	878473	16628	0	0	0	0	0	0	16628
TP1_synth_reverse		8	G	113	61	0	879986	0	120	348	880628	0	0	0	16649	0	0	3	16652
TP1_synth_reverse		9	G	253	121	0	879873	3	27	403	880680	1	0	0	16650	0	0	3	16654
TP1_synth_reverse		10	C	197	880081	2	26	156	26	224	880712	0	16654	0	0	1	0	0	16655
TP1_synth_reverse		11	T	165	201	135	12	710	27	879462	880712	0	0	2	0	15	0	16638	16655
TP1_synth_reverse		12	C	308	878032	2112	20	1	77	175	880725	0	16627	29	0	0	0	0	16656
TP1_synth_reverse		13	C	416	880024	35	19	2	109	120	880725	0	16655	1	0	0	0	0	16656
TP1_synth_reverse		14	C	559	879961	0	24	0	53	136	880733	1	16654	0	0	0	0	1	16656
TP1_synth_reverse		15	C	226	879870	19	52	366	80	135	880748	0	16646	1	1	7	0	1	16656
TP1_synth_reverse		16	T	301	270	732	17	0	222	879224	880766	0	6	18	0	0	0	16632	16656
TP1_synth_reverse		17	T	286	280	77	8	1	61	880053	880766	0	3	3	0	0	0	16650	16656
TP1_synth_reverse		18	T	301	249	217	6	196	63	879740	880772	0	3	6	0	5	0	16642	16656
TP1_synth_reverse		19	C	330	878849	761	22	659	76	249	880946	0	16635	11	0	10	0	1	16657
TP1_synth_reverse		20	T	196	89	1048	16	1	29	879567	880946	0	0	14	0	0	0	16643	16657
TP1_synth_reverse		21	T	444	402	263	59	3388	101	876289	880946	0	4	1	0	56	0	16596	16657
TP1_synth_reverse		22	G	125	442	1354	877594	174	16	1249	880954	0	1	18	16621	3	0	14	16657
TP1_synth_reverse		23	C	495	875285	1072	46	3416	33	607	880954	0	16575	21	0	55	0	6	16657
TP1_synth_reverse		24	G	189	347	1206	877997	7	49	1159	880954	0	1	17	16631	0	0	8	16657
TP1_synth_reverse		25	G	243	579	698	878261	330	124	719	880954	3	0	5	16634	8	0	7	16657
TP1_synth_reverse		26	A	878264	18	1320	208	969	56	133	880968	16631	0	15	0	12	0	0	16658
TP1_synth_reverse		27	G	109	651	332	879122	58	33	663	880968	1	0	3	16644	2	0	8	16658
TP1_synth_reverse		28	A	880212	34	384	103	76	46	123	880978	16643	0	12	0	4	0	0	16659
TP1_synth_reverse		29	T	276	140	861	141	0	169	879391	880978	0	1	17	0	0	0	16641	16659
TP1_synth_reverse		30	T	886	100	336	66	4	134	879454	880980	1	0	9	0	0	0	16649	16659
TP1_synth_reverse		31	C	458	879660	347	40	114	102	254	880975	0	16645	9	0	4	0	1	16659
TP1_synth_reverse		32	T	538	638	149	46	378	379	878844	880972	1	4	3	0	5	0	16646	16659
TP1_synth_reverse		33	C	385	879241	761	49	302	125	100	880963	0	16643	9	0	5	1	1	16659
TP1_synth_reverse		34	T	787	148	831	75	1	87	879031	880960	1	1	18	0	0	0	16639	16659
TP1_synth_reverse		35	T	1356	172	352	56	547	88	878374	880945	0	1	7	0	5	0	16646	16659
TP1_synth_reverse		36	C	541	879012	1184	42	2	70	93	880944	1	16639	19	0	0	0	0	16659
TP1_synth_reverse		37	C	571	878892	776	48	79	68	494	880928	0	16640	13	0	2	0	4	16659
TP1_synth_reverse		38	T	610	239	1008	251	412	28	878366	880914	0	4	18	0	4	0	16633	16659
TP1_synth_reverse		39	C	390	878009	1658	45	612	77	115	880906	0	16641	12	0	5	0	1	16659
TP1_synth_reverse		40	T	1158	104	2227	28	2533	171	874678	880899	0	0	35	0	36	0	16588	16659
TP1_synth_reverse		41	G	541	566	1405	877187	250	26	918	880893	4	0	19	16619	3	0	14	16659
TP1_synth_reverse		42	T	2002	96	961	74	2423	56	875272	880884	0	0	12	1	32	0	16614	16659
TP1_synth_reverse		43	G	708	410	1289	877250	399	380	436	880872	5	0	11	16637	4	0	2	16659
TP1_synth_reverse		44	C	454	876006	916	251	1575	170	1509	880881	0	16600	13	1	28	0	17	16659
TP1_synth_reverse		45	G	595	297	669	877152	634	67	1457	880871	9	0	10	16626	11	0	3	16659
TP1_synth_reverse		46	C	628	878384	1172	52	4	16	627	880883	0	16638	19	0	0	0	3	16660
TP1_synth_reverse		47	C	310	877711	467	42	1434	45	874	880883	0	16629	8	2	17	0	4	16660
TP1_synth_reverse		48	G	998	603	872	876967	2	49	1375	880866	7	1	17	16630	0	0	5	16660
TP1_synth_reverse		49	A	879200	183	639	66	17	221	158	880484	16646	0	14	0	0	0	0	16660
TP1_synth_reverse		50	T	941	165	1134	128	6	103	877993	880470	0	2	26	0	0	0	16632	16660
TP1_synth_reverse		51	A	878970	451	641	105	7	134	178	880486	16637	4	17	0	0	0	3	16661
TP1_synth_reverse		52	C	478	877396	896	102	535	300	774	880481	0	16627	19	0	4	1	10	16661
TP1_synth_reverse		53	A	878030	242	833	205	682	318	168	880478	16632	3	17	0	9	0	0	16661
TP1_synth_reverse		54	G	332	212	723	878482	123	100	495	880467	3	0	17	16636	3	0	2	16661
TP1_synth_reverse		55	A	877823	732	1605	108	0	117	80	880465	16622	14	25	0	0	0	0	16661
TP1_synth_reverse		56	A	878802	24	903	153	214	97	268	880461	16643	1	14	0	2	0	1	16661
TP1_synth_reverse		57	T	1601	226	1185	223	39	260	876897	880431	0	3	20	0	0	0	16638	16661
TP1_synth_reverse		58	A	879078	45	694	99	132	280	100	880428	16642	2	16	0	1	0	0	16661
TP1_synth_reverse		59	T	945	77	1106	102	31	406	877741	880408	0	0	24	0	1	0	16636	16661
TP1_synth_reverse		60	C	732	877660	1421	59	171	275	75	880393	0	16629	28	0	3	0	1	16661
TP1_synth_reverse		61	T	1115	130	1828	57	593	216	876448	880387	1	2	25	0	4	0	16629	16661
TP1_synth_reverse		62	G	831	243	2008	876210	41	308	738	880379	9	0	31	16615	1	0	5	16661
TP1_synth_reverse		63	T	1915	486	1524	20	1	174	876250	880370	0	3	18	0	0	0	16640	16661
TP1_synth_reverse		64	T	1792	396	679	13	16	57	877410	880363	0	4	10	0	1	0	16646	16661
TP1_synth_reverse		65	C	1155	876616	1696	27	454	158	249	880355	1	16627	25	0	7	0	1	16661
TP1_synth_reverse		66	G	694	353	1007	877674	6	60	555	880349	7	0	18	16631	0	0	5	16661
TP1_synth_reverse		67	C	781	877100	2075	43	1	219	123	880342	0	16625	36	0	0	0	0	16661
TP1_synth_reverse		68	A	878340	211	1422	164	14	101	88	880340	16632	0	27	1	1	0	0	16661
TP1_synth_reverse		69	C	310	877782	1839	40	0	64	299	880334	0	16626	31	0	0	0	4	16661
TP1_synth_reverse		70	T	1083	246	1010	53	90	120	877720	880322	0	3	18	0	2	0	16638	16661
TP1_synth_reverse		71	C	430	876923	2417	32	0	312	206	880320	3	16618	39	0	0	0	1	16661
TP1_synth_reverse		72	C	678	877696	955	221	202	153	407	880312	0	16644	10	1	3	0	3	16661
TP1_synth_reverse		73	G	553	521	1614	876307	146	335	818	880294	6	1	23	16622	1	0	8	16661
TP1_synth_reverse		74	A	877466	658	1313	336	191	126	201	880291	16622	5	25	1	5	0	3	16661
TP1_synth_reverse		75	G	294	381	3317	875407	0	80	795	880274	2	0	41	16612	0	0	6	16661
TP1_synth_reverse		76	T	887	1189	3687	66	71	70	874255	880225	0	11	55	0	2	0	16592	16660
TP1_synth_reverse		77	G	970	598	2546	875196	0	61	827	880198	9	2	34	16611	0	0	4	16660
TP1_synth_reverse		78	C	458	874888	2680	43	380	461	1279	880189	0	16600	37	0	5	0	18	16660
TP1_synth_reverse		79	G	349	612	2599	875677	0	137	805	880179	3	1	41	16608	0	0	7	16660
TP1_synth_reverse		80	G	564	261	1362	877411	2	132	418	880150	7	0	19	16631	0	0	3	16660
TP1_synth_reverse		81	C	643	877435	1499	98	210	99	155	880139	6	16625	26	0	3	0	0	16660
TP1_synth_reverse		82	A	876161	36	3420	151	0	85	124	879977	16607	0	53	0	0	0	0	16660
TP1_synth_reverse		83	A	878652	46	875	102	0	216	77	879968	16643	0	17	0	0	0	0	16660
TP1_synth_reverse		84	A	879274	83	50	158	87	239	47	879938	16654	1	3	0	2	0	0	16660
TP1_synth_reverse		85	G	148	334	655	878253	141	150	167	879848	0	0	9	16650	1	0	0	16660
TP1_synth_reverse		86	C	592	878124	623	33	2	84	331	879789	1	16648	8	1	0	0	2	16660
TP1_synth_reverse		87	T	1065	92	624	40	4	305	877596	879726	0	0	6	0	0	0	16654	16660
TP1_synth_reverse		88	G	191	512	200	878088	117	156	395	879659	0	0	1	16657	1	0	1	16660
TP1_synth_reverse		89	T	746	118	392	20	0	48	878264	879588	0	0	3	0	0	0	16656	16659
TP1_synth_reverse		90	T	571	129	4	89	1	103	878533	879430	0	0	0	2	0	0	16656	16658
TP1_synth_reverse		91	C	609	878000	0	50	0	305	302	879266	1	16655	0	0	0	0	0	16656
TP1_synth_reverse		92	C	695	876948	0	168	0	389	423	878623	3	16650	0	2	0	0	0	16655
TP1_synth_reverse		93	G	581	360	0	876670	0	178	214	878003	1	0	0	16651	0	0	0	16652
TP1_synth_reverse		94	T	495	115	0	37	0	76	876786	877509	0	0	0	0	0	0	16651	16651
TP1_synth_reverse		95	C	0	876663	0	0	0	200	0	876863	0	16648	0	0	0	0	0	16648
TP1_synth_reverse		96	C	0	876044	0	0	0	96	0	876140	0	16647	0	0	0	0	0	16647
TP1_synth_reverse		97	C	0	874152	0	0	0	164	0	874316	0	16643	0	0	0	0	0	16643
TP1_synth_reverse		98	A	871435	0	0	0	0	0	0	871435	16635	0	0	0	0	0	0	16635
TP1_synth_reverse		99	G	0	0	0	870225	3	0	0	870228	0	0	0	16633	0	0	0	16633
