



























































































































































































































#AmpliconChromStart	Alias	Position	ProbableRef	rawA	rawC	rawD	rawG	rawI	rawN	rawT	rawDepth	consA	consC	consD	consG	consI	consN	consT	consDepth	
TP1_synth_reverse		1	G	0	3	0	870662	0	0	0	870665	0	0	0	21651	0	0	0	21651
TP1_synth_reverse		2	T	0	0	0	0	0	0	872013	872013	0	0	0	0	0	0	21674	21674
TP1_synth_reverse		3	G	0	0	0	874246	0	92	0	874338	0	0	0	21719	0	0	0	21719
TP1_synth_reverse		4	G	0	0	0	875671	0	62	0	875733	0	0	0	21742	0	0	0	21742
TP1_synth_reverse		5	T	0	0	0	0	0	20	877019	877039	0	0	0	0	0	0	21755	21755
TP1_synth_reverse		6	G	153	90	0	877712	0	7	204	878166	1	0	0	21766	0	0	1	21768
TP1_synth_reverse		7	A	878120	41	0	107	0	74	131	878473	21777	0	0	0	0	0	0	21777
TP1_synth_reverse		8	G	113	61	0	879986	0	120	348	880628	0	0	0	21800	0	0	3	21803
TP1_synth_reverse		9	G	253	121	0	879873	3	27	403	880680	1	0	0	21802	0	0	3	21806
TP1_synth_reverse		10	C	197	880081	2	26	156	26	224	880712	0	21806	0	0	1	0	0	21807
TP1_synth_reverse		11	T	165	201	135	12	710	27	879462	880712	0	0	2	0	19	0	21786	21807
TP1_synth_reverse		12	C	308	878032	2112	20	1	77	175	880725	0	21772	35	0	0	0	1	21808
TP1_synth_reverse		13	C	416	880024	35	19	2	109	120	880725	0	21806	1	0	0	0	1	21808
TP1_synth_reverse		14	C	559	879961	0	24	0	53	136	880733	1	21806	0	0	0	0	1	21808
TP1_synth_reverse		15	C	226	879870	19	52	366	80	135	880748	0	21794	4	1	8	0	1	21808
TP1_synth_reverse		16	T	301	270	732	17	0	222	879224	880766	0	6	24	0	0	0	21778	21808
TP1_synth_reverse		17	T	286	280	77	8	1	61	880053	880766	0	4	6	0	0	0	21798	21808
TP1_synth_reverse		18	T	301	249	217	6	196	63	879740	880772	0	5	9	0	6	0	21789	21809
TP1_synth_reverse		19	C	330	878849	761	22	659	76	249	880946	0	21784	14	0	10	0	2	21810
TP1_synth_reverse		20	T	196	89	1048	16	1	29	879567	880946	0	0	22	0	0	0	21788	21810
TP1_synth_reverse		21	T	444	402	263	59	3388	101	876289	880946	0	4	1	0	75	0	21730	21810
TP1_synth_reverse		22	G	125	442	1354	877594	174	16	1249	880954	1	1	22	21763	5	0	18	21810
TP1_synth_reverse		23	C	495	875285	1072	46	3416	33	607	880954	0	21706	23	0	71	0	10	21810
TP1_synth_reverse		24	G	189	347	1206	877997	7	49	1159	880954	0	1	21	21777	0	0	11	21810
TP1_synth_reverse		25	G	243	579	698	878261	330	124	719	880954	3	0	6	21781	11	0	9	21810
TP1_synth_reverse		26	A	878264	18	1320	208	969	56	133	880968	21775	1	19	0	16	0	0	21811
TP1_synth_reverse		27	G	109	651	332	879122	58	33	663	880968	1	0	3	21795	2	0	10	21811
TP1_synth_reverse		28	A	880212	34	384	103	76	46	123	880978	21791	0	16	0	5	0	0	21812
TP1_synth_reverse		29	T	276	140	861	141	0	169	879391	880978	0	1	23	0	0	0	21788	21812
TP1_synth_reverse		30	T	886	100	336	66	4	134	879454	880980	1	0	10	0	0	0	21801	21812
TP1_synth_reverse		31	C	458	879660	347	40	114	102	254	880975	0	21794	10	0	6	0	2	21812
TP1_synth_reverse		32	T	538	638	149	46	378	379	878844	880972	1	5	12	0	6	0	21788	21812
TP1_synth_reverse		33	C	385	879241	761	49	302	125	100	880963	0	21790	14	0	5	1	2	21812
TP1_synth_reverse		34	T	787	148	831	75	1	87	879031	880960	1	2	24	0	0	0	21785	21812
TP1_synth_reverse		35	T	1356	172	352	56	547	88	878374	880945	0	2	9	0	8	0	21793	21812
TP1_synth_reverse		36	C	541	879012	1184	42	2	70	93	880944	1	21789	22	0	0	0	0	21812
TP1_synth_reverse		37	C	571	878892	776	48	79	68	494	880928	0	21790	14	0	3	0	5	21812
TP1_synth_reverse		38	T	610	239	1008	251	412	28	878366	880914	0	5	21	0	4	0	21782	21812
TP1_synth_reverse		39	C	390	878009	1658	45	612	77	115	880906	0	21787	16	0	8	0	1	21812
TP1_synth_reverse		40	T	1158	104	2227	28	2533	171	874678	880899	0	0	45	0	44	0	21723	21812
TP1_synth_reverse		41	G	541	566	1405	877187	250	26	918	880893	6	0	24	21762	4	0	16	21812
TP1_synth_reverse		42	T	2002	96	961	74	2423	56	875272	880884	1	0	17	1	45	0	21748	21812
TP1_synth_reverse		43	G	708	410	1289	877250	399	380	436	880872	8	0	13	21784	4	0	3	21812
TP1_synth_reverse		44	C	454	876006	916	251	1575	170	1509	880881	0	21734	17	1	38	0	23	21813
TP1_synth_reverse		45	G	595	297	669	877152	634	67	1457	880871	9	0	13	21772	14	0	5	21813
TP1_synth_reverse		46	C	628	878384	1172	52	4	16	627	880883	0	21785	25	0	0	0	4	21814
TP1_synth_reverse		47	C	310	877711	467	42	1434	45	874	880883	0	21769	14	2	24	0	5	21814
TP1_synth_reverse		48	G	998	603	872	876967	2	49	1375	880866	12	2	25	21768	0	0	7	21814
TP1_synth_reverse		49	A	879200	183	639	66	17	221	158	880484	21795	0	18	0	1	0	0	21814
TP1_synth_reverse		50	T	941	165	1134	128	6	103	877993	880470	0	2	30	0	0	0	21782	21814
TP1_synth_reverse		51	A	878970	451	641	105	7	134	178	880486	21784	5	22	0	1	0	3	21815
TP1_synth_reverse		52	C	478	877396	896	102	535	300	774	880481	0	21773	24	0	4	1	13	21815
TP1_synth_reverse		53	A	878030	242	833	205	682	318	168	880478	21769	5	28	0	12	0	1	21815
TP1_synth_reverse		54	G	332	212	723	878482	123	100	495	880467	3	0	25	21778	5	0	4	21815
TP1_synth_reverse		55	A	877823	732	1605	108	0	117	80	880465	21758	23	34	0	0	0	0	21815
TP1_synth_reverse		56	A	878802	24	903	153	214	97	268	880461	21791	1	19	0	3	0	1	21815
TP1_synth_reverse		57	T	1601	226	1185	223	39	260	876897	880431	0	4	30	0	2	0	21779	21815
TP1_synth_reverse		58	A	879078	45	694	99	132	280	100	880428	21782	2	29	0	2	0	0	21815
TP1_synth_reverse		59	T	945	77	1106	102	31	406	877741	880408	0	0	34	0	1	0	21780	21815
TP1_synth_reverse		60	C	732	877660	1421	59	171	275	75	880393	0	21772	38	0	4	0	1	21815
TP1_synth_reverse		61	T	1115	130	1828	57	593	216	876448	880387	0	3	33	0	7	0	21772	21815
TP1_synth_reverse		62	G	831	243	2008	876210	41	308	738	880379	12	0	41	21751	3	0	8	21815
TP1_synth_reverse		63	T	1915	486	1524	20	1	174	876250	880370	0	4	20	0	0	0	21791	21815
TP1_synth_reverse		64	T	1792	396	679	13	16	57	877410	880363	0	4	14	0	1	0	21796	21815
TP1_synth_reverse		65	C	1155	876616	1696	27	454	158	249	880355	1	21767	38	0	8	0	1	21815
TP1_synth_reverse		66	G	694	353	1007	877674	6	60	555	880349	9	0	31	21766	1	0	8	21815
TP1_synth_reverse		67	C	781	877100	2075	43	1	219	123	880342	0	21764	50	0	0	0	1	21815
TP1_synth_reverse		68	A	878340	211	1422	164	14	101	88	880340	21774	0	39	1	1	0	0	21815
TP1_synth_reverse		69	C	310	877782	1839	40	0	64	299	880334	1	21771	38	0	0	0	5	21815
TP1_synth_reverse		70	T	1083	246	1010	53	90	120	877720	880322	0	4	25	0	2	0	21784	21815
TP1_synth_reverse		71	C	430	876923	2417	32	0	312	206	880320	3	21761	50	0	0	0	1	21815
TP1_synth_reverse		72	C	678	877696	955	221	202	153	407	880312	0	21793	14	1	4	0	3	21815
TP1_synth_reverse		73	G	553	521	1614	876307	146	335	818	880294	10	1	31	21764	1	0	8	21815
TP1_synth_reverse		74	A	877466	658	1313	336	191	126	201	880291	21764	8	27	3	10	0	3	21815
TP1_synth_reverse		75	G	294	381	3317	875407	0	80	795	880274	4	0	49	21755	0	0	7	21815
TP1_synth_reverse		76	T	887	1189	3687	66	71	70	874255	880225	0	14	68	0	2	0	21730	21814
TP1_synth_reverse		77	G	970	598	2546	875196	0	61	827	880198	9	2	40	21758	0	0	5	21814
TP1_synth_reverse		78	C	458	874888	2680	43	380	461	1279	880189	0	21729	45	0	7	0	33	21814
TP1_synth_reverse		79	G	349	612	2599	875677	0	137	805	880179	3	1	54	21745	0	0	11	21814
TP1_synth_reverse		80	G	564	261	1362	877411	2	132	418	880150	9	0	25	21777	0	0	3	21814
TP1_synth_reverse		81	C	643	877435	1499	98	210	99	155	880139	8	21769	33	0	3	0	1	21814
TP1_synth_reverse		82	A	876161	36	3420	151	0	85	124	879977	21737	0	77	0	0	0	0	21814
TP1_synth_reverse		83	A	878652	46	875	102	0	216	77	879968	21793	0	21	0	0	0	0	21814
TP1_synth_reverse		84	A	879274	83	50	158	87	239	47	879938	21807	2	3	0	2	0	0	21814
TP1_synth_reverse		85	G	148	334	655	878253	141	150	167	879848	0	0	12	21801	1	0	0	21814
TP1_synth_reverse		86	C	592	878124	623	33	2	84	331	879789	2	21800	9	1	0	0	2	21814
TP1_synth_reverse		87	T	1065	92	624	40	4	305	877596	879726	0	0	8	0	0	0	21806	21814
TP1_synth_reverse		88	G	191	512	200	878088	117	156	395	879659	0	0	3	21809	1	0	1	21814
TP1_synth_reverse		89	T	746	118	392	20	0	48	878264	879588	0	0	3	0	0	0	21810	21813
TP1_synth_reverse		90	T	571	129	4	89	1	103	878533	879430	0	0	0	2	0	0	21810	21812
TP1_synth_reverse		91	C	609	878000	0	50	0	305	302	879266	1	21809	0	0	0	0	0	21810
TP1_synth_reverse		92	C	695	876948	0	168	0	389	423	878623	4	21800	0	3	0	0	0	21807
TP1_synth_reverse		93	G	581	360	0	876670	0	178	214	878003	2	0	0	21796	0	0	0	21798
TP1_synth_reverse		94	T	495	115	0	37	0	76	876786	877509	0	0	0	0	0	0	21796	21796
TP1_synth_reverse		95	C	0	876663	0	0	0	200	0	876863	0	21792	0	0	0	0	0	21792
TP1_synth_reverse		96	C	0	876044	0	0	0	96	0	876140	0	21790	0	0	0	0	0	21790
TP1_synth_reverse		97	C	0	874152	0	0	0	164	0	874316	0	21785	0	0	0	0	0	21785
TP1_synth_reverse		98	A	871435	0	0	0	0	0	0	871435	21766	0	0	0	0	0	0	21766
TP1_synth_reverse		99	G	0	0	0	870225	3	0	0	870228	0	0	0	21763	0	0	0	21763
