



























































































































































































































#AmpliconChromStart	Alias	Position	ProbableRef	rawA	rawC	rawD	rawG	rawI	rawN	rawT	rawDepth	consA	consC	consD	consG	consI	consN	consT	consDepth	
TP1_synth_forward		5	T	0	0	0	0	0	0	420	420	0	0	0	0	0	0	193	193
TP1_synth_forward		6	G	0	0	0	1399	0	0	0	1399	0	0	0	473	0	0	0	473
TP1_synth_forward		7	A	1429	0	0	0	0	0	0	1429	501	0	0	0	0	0	0	501
TP1_synth_forward		8	G	0	0	0	3877	0	0	0	3877	0	0	0	591	0	0	0	591
TP1_synth_forward		9	G	0	0	0	4227	0	0	0	4227	0	0	0	604	0	0	0	604
TP1_synth_forward		10	C	3	4224	0	0	0	0	0	4227	3	601	0	0	0	0	0	604
TP1_synth_forward		11	T	13	0	0	0	0	0	4226	4239	9	0	0	0	0	0	605	614
TP1_synth_forward		12	C	4	4233	0	0	0	2	0	4239	3	611	0	0	0	0	0	614
TP1_synth_forward		13	C	11	4226	0	2	0	0	0	4239	7	607	0	0	0	0	0	614
TP1_synth_forward		14	C	6	4241	0	0	0	0	3	4250	2	623	0	0	0	0	0	625
TP1_synth_forward		15	C	5	4247	0	0	1	0	0	4253	2	625	0	0	1	0	0	628
TP1_synth_forward		16	T	23	1	2	0	0	0	4227	4253	14	0	2	0	0	0	612	628
TP1_synth_forward		17	T	43	0	0	0	0	1	4209	4253	26	0	0	0	0	0	602	628
TP1_synth_forward		18	T	23	3	0	0	2	1	4243	4272	15	0	0	0	1	0	622	638
TP1_synth_forward		19	A	4787	70	0	1	0	0	1	4859	996	6	0	0	0	0	1	1003
TP1_synth_forward		20	T	17	1	0	0	0	1	4840	4859	10	0	0	0	0	1	992	1003
TP1_synth_forward		21	A	4873	0	0	1	0	0	3	4877	1011	0	0	1	0	0	0	1012
TP1_synth_forward		22	C	6	4867	2	0	1	0	1	4877	5	1004	2	0	0	0	1	1012
TP1_synth_forward		23	A	4267	0	0	1	606	0	3	4877	989	0	0	0	20	0	3	1012
TP1_synth_forward		24	G	3	14	0	4850	5	1	4	4877	2	9	0	995	3	0	3	1012
TP1_synth_forward		25	A	4874	0	1	1	0	0	1	4877	1011	0	0	0	0	0	1	1012
TP1_synth_forward		26	A	4874	0	0	2	0	0	1	4877	1011	0	0	1	0	0	0	1012
TP1_synth_forward		27	T	35	1	0	4	1	0	4836	4877	15	0	0	1	0	0	996	1012
TP1_synth_forward		28	A	4876	1	0	0	0	0	0	4877	1011	1	0	0	0	0	0	1012
TP1_synth_forward		29	T	17	0	0	2	0	0	4858	4877	8	0	0	2	0	0	1002	1012
TP1_synth_forward		30	C	6	4869	1	0	0	0	1	4877	1	1010	1	0	0	0	0	1012
TP1_synth_forward		31	T	23	0	12	1	3	0	4838	4877	14	0	2	1	2	0	993	1012
TP1_synth_forward		32	G	3	30	0	4837	2	0	5	4877	1	14	0	994	1	0	2	1012
TP1_synth_forward		33	T	59	1	0	3	0	0	4814	4877	47	0	0	1	0	0	964	1012
TP1_synth_forward		34	T	46	0	0	7	0	1	4823	4877	26	0	0	7	0	1	978	1012
TP1_synth_forward		35	C	10	4862	0	0	3	1	1	4877	8	1000	0	0	3	1	0	1012
TP1_synth_forward		36	G	0	14	0	4810	0	0	53	4877	0	12	0	959	0	0	41	1012
TP1_synth_forward		37	C	8	4874	1	1	2	0	0	4886	4	1011	1	1	2	0	0	1019
TP1_synth_forward		38	A	4884	1	0	0	0	0	1	4886	1018	0	0	0	0	0	1	1019
TP1_synth_forward		39	C	7	4877	1	1	0	0	0	4886	4	1014	0	1	0	0	0	1019
TP1_synth_forward		40	T	39	0	1	5	1	1	4839	4886	22	0	1	4	0	1	991	1019
TP1_synth_forward		41	C	9	4871	2	3	0	0	1	4886	5	1010	1	3	0	0	0	1019
TP1_synth_forward		42	C	8	4874	2	0	1	0	1	4886	5	1012	1	0	1	0	0	1019
TP1_synth_forward		43	G	2	18	2	4764	0	0	99	4885	0	14	1	959	0	0	45	1019
TP1_synth_forward		44	A	4878	0	2	1	3	0	1	4885	1016	0	1	1	1	0	0	1019
TP1_synth_forward		45	G	0	13	2	4815	2	0	52	4884	0	9	1	979	1	0	28	1018
TP1_synth_forward		46	T	64	0	2	0	1	0	4817	4884	18	0	1	0	0	0	999	1018
TP1_synth_forward		47	G	0	11	4	4777	0	0	92	4884	0	7	2	957	0	0	52	1018
TP1_synth_forward		48	C	15	4865	2	0	4	0	3	4889	5	1012	1	0	3	0	2	1023
TP1_synth_forward		49	G	3	3	2	4818	0	0	62	4888	0	1	1	984	0	0	36	1022
TP1_synth_forward		50	G	8	9	1	4823	0	1	45	4887	5	4	1	984	0	1	26	1021
TP1_synth_forward		51	C	6	5484	0	2	0	0	1	5493	2	1066	0	2	0	0	0	1070
TP1_synth_forward		52	T	16	0	0	5	0	1	4877	4899	6	0	0	5	0	1	688	700
TP1_synth_forward		53	T	46	0	0	4	0	1	4855	4906	22	0	0	3	0	0	682	707
TP1_synth_forward		54	G	10	4	2	4864	1	0	32	4913	4	1	0	693	0	0	12	710
TP1_synth_forward		55	C	12	4806	2	1	4	1	87	4913	8	700	0	0	2	0	0	710
TP1_synth_forward		56	G	8	2	2	4858	0	1	41	4912	4	1	0	677	0	0	27	709
TP1_synth_forward		57	G	27	8	2	4600	0	0	324	4961	17	3	0	692	0	0	5	717
TP1_synth_forward		58	A	5007	1	1	4	4	0	3	5020	724	1	1	0	0	0	0	726
TP1_synth_forward		59	G	19	17	0	4977	0	0	7	5020	13	8	0	703	0	0	2	726
TP1_synth_forward		60	A	5151	5	1	2	0	0	0	5159	732	0	0	2	0	0	0	734
TP1_synth_forward		61	T	22	0	1	3	0	0	5133	5159	5	0	0	2	0	0	727	734
TP1_synth_forward		62	T	26	0	0	1	0	0	5149	5176	15	0	0	0	0	0	723	738
TP1_synth_forward		63	C	12	5160	1	0	0	2	0	5175	4	731	1	0	0	1	0	737
TP1_synth_forward		64	T	32	0	0	4	0	0	5151	5187	15	0	0	1	0	0	722	738
TP1_synth_forward		65	C	9	5185	2	0	0	0	2	5198	3	736	1	0	0	0	2	742
TP1_synth_forward		66	T	39	3	1	4	0	1	5161	5209	21	0	0	1	0	1	722	745
TP1_synth_forward		67	T	41	0	0	0	0	1	5180	5222	22	0	0	0	0	1	725	748
TP1_synth_forward		68	C	10	5205	3	1	0	2	1	5222	4	741	2	0	0	1	0	748
TP1_synth_forward		69	C	10	5216	3	2	0	1	2	5234	1	748	2	1	0	0	1	753
TP1_synth_forward		70	T	13	2	3	4	0	0	5212	5234	6	1	2	1	0	0	743	753
TP1_synth_forward		71	C	1	5233	1	0	0	1	3	5239	0	752	1	0	0	1	2	756
TP1_synth_forward		72	T	26	1	0	2	0	0	5210	5239	18	0	0	1	0	0	737	756
TP1_synth_forward		73	G	11	8	0	5215	1	0	3	5238	6	3	0	743	1	0	2	755
TP1_synth_forward		74	T	25	0	1	0	2	0	5210	5238	11	0	0	0	2	0	742	755
TP1_synth_forward		75	G	16	3	0	5211	0	0	8	5238	13	2	0	738	0	0	2	755
TP1_synth_forward		76	C	11	5220	0	2	0	0	5	5238	5	748	0	0	0	0	2	755
TP1_synth_forward		77	G	11	9	0	5182	0	0	36	5238	9	2	0	712	0	0	32	755
TP1_synth_forward		78	C	7	5229	0	0	0	1	1	5238	7	747	0	0	0	0	1	755
TP1_synth_forward		79	C	4	5231	0	0	0	0	3	5238	2	752	0	0	0	0	1	755
TP1_synth_forward		80	G	5	3	1	5202	0	0	27	5238	3	2	0	729	0	0	21	755
TP1_synth_forward		81	C	14	4614	1	0	1	1	0	4631	7	696	0	0	1	1	0	705
TP1_synth_forward		82	A	4622	0	2	1	0	0	6	4631	704	0	1	0	0	0	0	705
TP1_synth_forward		83	A	4627	0	0	1	0	0	3	4631	704	0	0	0	0	0	1	705
TP1_synth_forward		84	A	4623	0	0	3	3	0	2	4631	702	0	0	0	3	0	0	705
TP1_synth_forward		85	G	0	13	0	4604	0	0	14	4631	0	4	0	693	0	0	8	705
TP1_synth_forward		86	C	3	4624	0	1	0	1	1	4630	1	704	0	0	0	0	0	705
TP1_synth_forward		87	T	17	1	0	2	0	0	4607	4627	7	0	0	0	0	0	698	705
TP1_synth_forward		88	G	3	9	0	4609	0	1	2	4624	3	2	0	698	0	0	1	704
TP1_synth_forward		89	T	18	0	2	0	0	1	4599	4620	10	0	0	0	0	1	691	702
TP1_synth_forward		90	T	30	1	0	0	2	0	4583	4616	11	1	0	0	1	0	687	700
TP1_synth_forward		91	C	3	4606	1	1	0	1	0	4612	1	696	0	0	0	1	0	698
TP1_synth_forward		92	C	1	4605	0	2	0	0	1	4609	0	696	0	1	0	0	0	697
TP1_synth_forward		93	G	5	2	0	4602	0	0	0	4609	2	1	0	694	0	0	0	697
TP1_synth_forward		94	T	21	0	0	2	0	0	4585	4608	6	0	0	0	0	0	691	697
TP1_synth_forward		95	C	2	4604	0	0	0	0	1	4607	0	697	0	0	0	0	0	697
TP1_synth_forward		96	C	0	4601	0	0	0	0	0	4601	0	692	0	0	0	0	0	692
TP1_synth_forward		97	C	0	4595	0	0	0	0	0	4595	0	691	0	0	0	0	0	691
TP1_synth_forward		98	A	4585	0	0	0	0	0	0	4585	688	0	0	0	0	0	0	688
TP1_synth_forward		99	G	0	0	0	4576	0	0	0	4576	0	0	0	685	0	0	0	685
TP1_synth_forward		100	T	0	0	0	0	0	0	4554	4554	0	0	0	0	0	0	678	678
TP1_synth_forward	TP1_synth_forward	1	G	0	0	0	511574	0	0	0	511574	0	0	0	25470	0	0	0	25470
TP1_synth_forward	TP1_synth_forward	2	T	0	0	0	0	0	0	512248	512248	0	0	0	0	0	0	25775	25775
TP1_synth_forward	TP1_synth_forward	3	G	0	0	0	513316	0	8	0	513324	0	0	0	26115	0	0	0	26115
TP1_synth_forward	TP1_synth_forward	4	G	0	0	0	513913	0	13	0	513926	0	0	0	26350	0	2	0	26352
TP1_synth_forward	TP1_synth_forward	5	T	0	0	0	0	0	48	513878	513926	0	0	0	0	0	3	26349	26352
TP1_synth_forward	TP1_synth_forward	6	G	99	37	0	513635	0	63	92	513926	6	3	0	26310	0	29	4	26352
TP1_synth_forward	TP1_synth_forward	7	A	513730	13	0	68	0	37	78	513926	26316	2	0	5	0	26	3	26352
TP1_synth_forward	TP1_synth_forward	8	G	82	34	0	513476	3	220	111	513926	2	3	0	26278	0	61	8	26352
TP1_synth_forward	TP1_synth_forward	9	G	70	71	0	513529	3	25	228	513926	6	16	0	26310	0	8	12	26352
TP1_synth_forward	TP1_synth_forward	10	C	122	513671	0	20	2	12	99	513926	18	26329	0	1	1	0	3	26352
TP1_synth_forward	TP1_synth_forward	11	T	141	89	10	9	915	25	512737	513926	29	3	1	0	56	9	26254	26352
TP1_synth_forward	TP1_synth_forward	12	C	148	512987	631	13	0	46	101	513926	31	26272	29	0	0	17	3	26352
TP1_synth_forward	TP1_synth_forward	13	C	211	513460	3	17	0	159	76	513926	31	26286	0	0	0	33	2	26352
TP1_synth_forward	TP1_synth_forward	14	C	136	513653	0	10	0	46	81	513926	16	26323	0	0	0	8	5	26352
TP1_synth_forward	TP1_synth_forward	15	C	101	513046	619	4	89	4	63	513926	21	26309	12	0	8	0	2	26352
TP1_synth_forward	TP1_synth_forward	16	T	280	900	2522	7	0	15	510202	513926	54	32	124	0	0	9	26133	26352
TP1_synth_forward	TP1_synth_forward	17	T	269	98	2	7	4	6	513540	513926	41	11	0	0	0	3	26297	26352
TP1_synth_forward	TP1_synth_forward	18	T	242	44	248	7	1583	9	511793	513926	52	0	14	2	44	2	26238	26352
TP1_synth_forward	TP1_synth_forward	19	A	511378	117	414	37	1188	65	727	513926	26254	23	20	0	32	9	14	26352
TP1_synth_forward	TP1_synth_forward	20	T	260	56	15	39	169	69	513318	513926	52	1	7	2	30	7	26253	26352
TP1_synth_forward	TP1_synth_forward	21	A	513625	8	49	60	31	28	125	513926	26311	1	14	1	9	2	14	26352
TP1_synth_forward	TP1_synth_forward	22	C	217	511203	1039	56	440	12	959	513926	36	26191	62	8	29	2	24	26352
TP1_synth_forward	TP1_synth_forward	23	A	512055	14	18	68	1600	35	136	513926	26217	3	6	5	106	12	3	26352
TP1_synth_forward	TP1_synth_forward	24	G	834	79	20	511287	1496	18	192	513926	35	15	6	26202	66	7	21	26352
TP1_synth_forward	TP1_synth_forward	25	A	512653	15	1095	55	2	52	54	513926	26278	4	62	2	0	5	1	26352
TP1_synth_forward	TP1_synth_forward	26	A	513751	4	0	61	30	12	68	513926	26334	2	0	5	3	2	6	26352
TP1_synth_forward	TP1_synth_forward	27	T	679	36	508	35	692	65	511911	513926	121	2	17	7	26	40	26139	26352
TP1_synth_forward	TP1_synth_forward	28	A	513236	550	0	45	0	20	75	513926	26333	9	0	1	0	7	2	26352
TP1_synth_forward	TP1_synth_forward	29	T	330	60	3	161	1	84	513287	513926	64	1	0	13	0	33	26241	26352
TP1_synth_forward	TP1_synth_forward	30	C	478	512656	647	17	3	51	74	513926	138	26178	22	0	1	13	0	26352
TP1_synth_forward	TP1_synth_forward	31	T	1133	51	617	18	929	49	511033	513830	373	3	22	2	42	24	25809	26275
TP1_synth_forward	TP1_synth_forward	32	G	662	416	89	511608	517	7	509	513808	32	80	13	25988	42	2	105	26262
TP1_synth_forward	TP1_synth_forward	33	T	2350	55	36	66	1	18	511271	513797	558	3	9	9	1	9	25666	26255
TP1_synth_forward	TP1_synth_forward	34	T	1189	43	0	420	356	64	511714	513786	179	3	0	37	16	21	25993	26249
TP1_synth_forward	TP1_synth_forward	35	C	639	511631	23	33	1334	22	99	513781	162	26021	1	2	46	10	2	26244
TP1_synth_forward	TP1_synth_forward	36	G	122	566	243	510281	11	54	2492	513769	7	221	15	25634	1	24	338	26240
TP1_synth_forward	TP1_synth_forward	37	C	192	512300	409	62	697	29	75	513764	26	26164	13	5	23	5	0	26236
TP1_synth_forward	TP1_synth_forward	38	A	513210	42	327	94	0	15	70	513758	26200	2	12	8	0	4	6	26232
TP1_synth_forward	TP1_synth_forward	39	C	124	512833	597	82	1	25	82	513744	30	26139	22	11	0	15	4	26221
TP1_synth_forward	TP1_synth_forward	40	T	682	77	686	286	608	104	511287	513730	126	5	29	24	38	47	25945	26214
TP1_synth_forward	TP1_synth_forward	41	C	227	510536	2082	22	3	29	829	513728	40	26081	61	1	0	14	16	26213
TP1_synth_forward	TP1_synth_forward	42	C	385	511140	1020	55	862	29	225	513716	130	25968	38	7	42	5	17	26207
TP1_synth_forward	TP1_synth_forward	43	G	117	273	1173	508943	14	62	3096	513678	12	69	46	25656	1	6	403	26193
TP1_synth_forward	TP1_synth_forward	44	A	511528	28	1022	24	1017	12	39	513670	26115	5	37	0	32	0	1	26190
TP1_synth_forward	TP1_synth_forward	45	G	87	148	2101	507579	336	9	3396	513656	5	29	81	25698	15	1	353	26182
TP1_synth_forward	TP1_synth_forward	46	T	1733	56	2052	74	1211	12	508494	513632	407	0	78	12	44	6	25617	26164
TP1_synth_forward	TP1_synth_forward	47	G	83	553	1576	508722	9	6	2660	513609	5	239	55	25557	1	4	291	26152
TP1_synth_forward	TP1_synth_forward	48	C	227	509722	924	26	1857	15	824	513595	28	25998	39	1	58	1	25	26150
TP1_synth_forward	TP1_synth_forward	49	G	137	103	1328	509431	9	9	2566	513583	28	56	54	25471	2	5	524	26140
TP1_synth_forward	TP1_synth_forward	50	G	1390	203	3	509393	6	44	2531	513570	56	57	0	25730	2	12	276	26133
TP1_synth_forward	TP1_synth_forward	51	C	3156	510026	1	216	9	49	106	513563	159	25931	0	8	2	29	3	26132
TP1_synth_forward	TP1_synth_forward	52	T	1201	42	636	1273	3	57	510334	513546	393	1	29	189	1	31	25477	26121
TP1_synth_forward	TP1_synth_forward	53	T	1058	66	6	232	965	32	511181	513540	271	4	3	24	26	21	25772	26121
TP1_synth_forward	TP1_synth_forward	54	G	123	131	89	512145	351	77	608	513524	13	23	12	25957	14	19	74	26112
TP1_synth_forward	TP1_synth_forward	55	C	864	509036	28	343	1279	47	1923	513520	89	25873	8	12	52	9	68	26111
TP1_synth_forward	TP1_synth_forward	56	G	359	83	182	511181	4	41	1663	513513	43	26	18	25556	0	8	455	26106
TP1_synth_forward	TP1_synth_forward	57	G	451	83	168	511432	286	12	1063	513495	114	11	13	25834	16	1	112	26101
TP1_synth_forward	TP1_synth_forward	58	A	511858	129	196	394	765	51	80	513473	26036	6	9	12	25	3	4	26095
TP1_synth_forward	TP1_synth_forward	59	G	700	202	157	511608	14	52	705	513438	145	37	10	25786	5	25	78	26086
TP1_synth_forward	TP1_synth_forward	60	A	512606	101	141	381	54	84	58	513425	26011	9	20	16	4	23	0	26083
TP1_synth_forward	TP1_synth_forward	61	T	369	43	615	524	0	87	511774	513412	50	0	25	42	0	10	25953	26080
TP1_synth_forward	TP1_synth_forward	62	T	1236	550	0	34	4	65	511491	513380	163	20	0	1	2	21	25859	26066
TP1_synth_forward	TP1_synth_forward	63	C	917	512081	161	43	0	11	63	513276	201	25828	16	3	0	3	2	26053
TP1_synth_forward	TP1_synth_forward	64	T	2266	724	237	257	0	43	509727	513254	248	16	16	18	0	29	25723	26050
TP1_synth_forward	TP1_synth_forward	65	C	674	510801	1226	63	1	43	436	513244	62	25918	26	2	1	21	14	26044
TP1_synth_forward	TP1_synth_forward	66	T	1760	57	1299	102	0	35	509991	513244	212	0	64	10	0	7	25751	26044
TP1_synth_forward	TP1_synth_forward	67	T	2509	159	1	123	55	61	510311	513219	581	8	0	16	4	45	25379	26033
TP1_synth_forward	TP1_synth_forward	68	C	664	510816	1198	80	0	78	381	513217	106	25812	40	9	0	37	29	26033
TP1_synth_forward	TP1_synth_forward	69	C	284	511364	661	140	0	29	733	513211	50	25932	18	12	0	4	16	26032
TP1_synth_forward	TP1_synth_forward	70	T	472	50	651	318	0	77	511640	513208	97	0	22	25	0	20	25868	26032
TP1_synth_forward	TP1_synth_forward	71	C	184	511588	647	46	2	47	691	513205	23	25949	25	2	0	13	18	26030
TP1_synth_forward	TP1_synth_forward	72	T	1986	61	15	512	267	71	510292	513204	427	3	2	23	16	47	25512	26030
TP1_synth_forward	TP1_synth_forward	73	G	616	158	15	511570	0	40	800	513199	55	22	2	25908	0	9	33	26029
TP1_synth_forward	TP1_synth_forward	74	T	998	55	185	44	1220	47	510649	513198	229	3	23	4	31	5	25734	26029
TP1_synth_forward	TP1_synth_forward	75	G	209	95	0	512741	1	34	111	513191	32	22	0	25941	1	17	12	26025
TP1_synth_forward	TP1_synth_forward	76	C	425	511580	153	35	57	82	859	513191	108	25853	6	2	12	12	32	26025
TP1_synth_forward	TP1_synth_forward	77	G	774	240	453	511069	22	46	575	513179	37	52	12	25810	7	8	94	26020
TP1_synth_forward	TP1_synth_forward	78	C	94	512578	278	18	0	115	93	513176	16	25919	20	1	0	58	4	26018
TP1_synth_forward	TP1_synth_forward	79	C	151	512167	13	14	6	61	759	513171	14	25947	1	2	3	30	18	26015
TP1_synth_forward	TP1_synth_forward	80	G	707	370	95	511322	152	109	406	513161	29	70	5	25803	15	32	55	26009
TP1_synth_forward	TP1_synth_forward	81	C	3089	508970	565	15	295	144	77	513155	127	25800	25	1	18	36	2	26009
TP1_synth_forward	TP1_synth_forward	82	A	512422	23	477	76	0	59	95	513152	25949	2	20	4	0	30	3	26008
TP1_synth_forward	TP1_synth_forward	83	A	512957	14	3	49	1	46	81	513151	26001	0	1	1	0	4	1	26008
TP1_synth_forward	TP1_synth_forward	84	A	512074	22	0	102	828	47	63	513136	25977	1	0	4	15	3	6	26006
TP1_synth_forward	TP1_synth_forward	85	G	80	229	0	511987	35	12	737	513080	11	47	0	25829	3	4	94	25988
TP1_synth_forward	TP1_synth_forward	86	C	166	512745	0	30	0	27	74	513042	34	25935	0	1	0	6	2	25978
TP1_synth_forward	TP1_synth_forward	87	T	1807	79	3	37	3	102	510958	512989	190	0	0	1	1	43	25731	25966
TP1_synth_forward	TP1_synth_forward	88	G	125	256	4	512410	5	18	148	512966	12	20	0	25895	0	12	22	25961
TP1_synth_forward	TP1_synth_forward	89	T	653	67	150	11	0	51	511995	512927	74	4	6	0	0	30	25835	25949
TP1_synth_forward	TP1_synth_forward	90	T	915	72	3	24	553	96	511212	512875	113	4	0	3	17	42	25759	25938
TP1_synth_forward	TP1_synth_forward	91	C	263	512434	22	40	0	9	81	512849	22	25902	2	2	0	6	3	25937
TP1_synth_forward	TP1_synth_forward	92	C	165	511455	0	19	0	61	142	511842	8	25865	0	1	0	35	6	25915
TP1_synth_forward	TP1_synth_forward	93	G	310	117	0	511286	0	13	68	511794	24	24	0	25838	0	9	8	25903
TP1_synth_forward	TP1_synth_forward	94	T	837	75	0	27	0	56	510686	511681	96	2	0	0	0	28	25768	25894
TP1_synth_forward	TP1_synth_forward	95	C	94	511289	0	42	0	53	81	511559	7	25842	0	2	0	28	1	25880
TP1_synth_forward	TP1_synth_forward	96	C	0	511239	0	0	0	2	0	511241	0	25858	0	0	0	1	0	25859
TP1_synth_forward	TP1_synth_forward	97	C	0	510813	0	0	0	4	0	510817	0	25836	0	0	0	1	0	25837
TP1_synth_forward	TP1_synth_forward	98	A	507438	0	0	0	0	32	0	507470	25687	0	0	0	0	9	0	25696
TP1_synth_forward	TP1_synth_forward	99	G	0	0	0	507057	0	0	0	507057	0	0	0	25646	0	0	0	25646
TP1_synth_forward	TP1_synth_forward	100	T	0	0	0	0	0	0	505648	505648	0	0	0	0	0	0	25535	25535
