



























































































































































































































#AmpliconChromStart	Alias	Position	ProbableRef	rawA	rawC	rawD	rawG	rawI	rawN	rawT	rawDepth	consA	consC	consD	consG	consI	consN	consT	consDepth	
TP1_synth_reverse		1	G	0	0	0	696915	0	0	0	696915	0	0	0	13881	0	0	0	13881
TP1_synth_reverse		2	T	0	0	0	0	0	0	698813	698813	0	0	0	0	0	0	13938	13938
TP1_synth_reverse		3	G	0	0	0	700552	0	121	0	700673	0	0	0	14016	0	1	0	14017
TP1_synth_reverse		4	G	0	0	0	701348	0	60	0	701408	0	0	0	14049	0	1	0	14050
TP1_synth_reverse		5	T	0	0	0	0	0	213	701603	701816	0	0	0	0	0	3	14066	14069
TP1_synth_reverse		6	G	237	79	0	702408	0	32	97	702853	0	0	0	14117	0	0	0	14117
TP1_synth_reverse		7	A	702783	24	0	93	0	11	89	703000	14127	0	0	0	0	0	0	14127
TP1_synth_reverse		8	G	119	87	0	702128	0	90	642	703066	0	0	0	14122	0	0	8	14130
TP1_synth_reverse		9	G	130	130	0	702949	0	14	131	703354	0	0	0	14134	0	0	1	14135
TP1_synth_reverse		10	C	300	702230	665	29	1	20	145	703390	0	14131	3	0	0	0	2	14136
TP1_synth_reverse		11	T	362	126	38	18	433	36	702400	703413	1	0	3	1	2	2	14129	14138
TP1_synth_reverse		12	C	301	698287	4398	23	2	72	343	703426	0	14096	41	0	0	0	2	14139
TP1_synth_reverse		13	C	349	702829	1	24	0	108	145	703456	0	14144	0	0	0	1	0	14145
TP1_synth_reverse		14	C	356	702903	0	32	1	40	144	703476	0	14144	0	0	0	1	0	14145
TP1_synth_reverse		15	C	237	703013	15	48	5	38	132	703488	0	14144	1	0	0	1	0	14146
TP1_synth_reverse		16	T	653	82	1343	38	0	28	701344	703488	0	0	20	0	0	0	14126	14146
TP1_synth_reverse		17	T	694	201	0	40	0	158	702395	703488	1	1	0	0	0	2	14142	14146
TP1_synth_reverse		18	T	564	114	1	17	454	108	702242	703500	0	0	0	0	4	1	14142	14147
TP1_synth_reverse		19	C	531	700644	1478	45	311	86	544	703639	1	14119	12	0	7	3	6	14148
TP1_synth_reverse		20	T	695	480	1197	46	3	56	701162	703639	1	2	17	0	0	0	14128	14148
TP1_synth_reverse		21	T	2064	123	0	65	216	169	701002	703639	2	0	0	0	12	2	14132	14148
TP1_synth_reverse		22	G	159	725	817	701536	2	127	291	703657	0	1	16	14132	0	0	0	14149
TP1_synth_reverse		23	C	955	700038	127	440	497	114	1486	703657	7	14083	8	3	5	2	41	14149
TP1_synth_reverse		24	G	289	151	15	702710	2	60	430	703657	0	0	0	14145	0	1	3	14149
TP1_synth_reverse		25	G	691	489	4	701704	423	82	285	703678	1	0	0	14137	9	1	2	14150
TP1_synth_reverse		26	A	702886	18	52	153	363	105	101	703678	14140	0	5	0	4	1	0	14150
TP1_synth_reverse		27	G	80	199	286	702102	249	78	684	703678	1	0	10	14137	1	0	1	14150
TP1_synth_reverse		28	A	702258	107	528	273	2	57	453	703678	14125	0	11	8	0	2	4	14150
TP1_synth_reverse		29	T	854	93	522	53	3	15	702138	703678	1	0	14	0	0	1	14134	14150
TP1_synth_reverse		30	T	2989	128	217	16	0	50	700278	703678	8	0	12	0	0	1	14129	14150
TP1_synth_reverse		31	C	776	701758	967	40	1	24	108	703674	1	14116	34	0	0	0	0	14151
TP1_synth_reverse		32	T	1098	95	50	40	471	47	701863	703664	1	2	5	0	4	2	14137	14151
TP1_synth_reverse		33	C	881	702417	195	43	3	17	108	703664	1	14139	11	0	0	0	0	14151
TP1_synth_reverse		34	T	1364	115	1720	44	2	17	700402	703664	0	0	36	0	0	0	14115	14151
TP1_synth_reverse		35	T	3421	101	180	69	381	49	699450	703651	4	0	4	0	10	1	14132	14151
TP1_synth_reverse		36	C	686	700862	1381	31	4	63	622	703649	3	14116	26	0	0	1	5	14151
TP1_synth_reverse		37	C	789	701663	927	72	2	27	166	703646	0	14139	10	0	0	1	1	14151
TP1_synth_reverse		38	T	1612	76	11	40	691	94	701118	703642	1	0	0	0	4	2	14144	14151
TP1_synth_reverse		39	C	490	702526	417	45	5	36	118	703637	1	14148	2	0	0	0	0	14151
TP1_synth_reverse		40	T	1734	66	1093	22	517	18	700177	703627	2	0	15	0	6	0	14128	14151
TP1_synth_reverse		41	G	156	1465	211	699701	3	24	2052	703612	0	4	6	14140	0	0	1	14151
TP1_synth_reverse		42	T	2875	84	3	31	91	107	700425	703616	6	0	0	0	2	2	14141	14151
TP1_synth_reverse		43	G	135	1525	52	700966	0	85	876	703639	0	1	1	14148	0	1	1	14152
TP1_synth_reverse		44	C	946	701210	540	34	0	120	788	703638	1	14129	9	0	0	2	11	14152
TP1_synth_reverse		45	G	489	449	309	698849	1	50	3491	703638	6	2	3	14134	0	0	8	14153
TP1_synth_reverse		46	C	1408	701514	526	47	0	34	134	703663	3	14138	11	0	0	1	1	14154
TP1_synth_reverse		47	C	560	702369	1	40	93	7	601	703671	2	14145	0	1	4	0	3	14155
TP1_synth_reverse		48	G	199	1581	7	699020	22	10	2822	703661	0	8	0	14142	1	0	4	14155
TP1_synth_reverse		49	A	703076	51	2	53	0	48	497	703727	14153	0	0	0	0	0	3	14156
TP1_synth_reverse		50	T	2934	88	4	23	31	32	700610	703722	1	0	0	0	4	0	14151	14156
TP1_synth_reverse		51	A	702885	48	141	81	399	61	107	703722	14150	0	2	0	3	1	0	14156
TP1_synth_reverse		52	C	653	701156	84	39	393	41	1355	703721	2	14116	12	0	9	1	16	14156
TP1_synth_reverse		53	A	703326	26	71	155	0	56	115	703749	14150	0	4	0	0	3	0	14157
TP1_synth_reverse		54	G	219	433	522	702050	2	24	488	703738	0	0	13	14144	0	0	0	14157
TP1_synth_reverse		55	A	702574	171	836	112	0	41	65	703799	14149	0	9	0	0	0	0	14158
TP1_synth_reverse		56	A	703470	17	3	95	0	57	155	703797	14156	0	0	0	0	1	1	14158
TP1_synth_reverse		57	T	3928	61	174	181	12	38	699383	703777	3	0	3	0	2	0	14150	14158
TP1_synth_reverse		58	A	703093	7	502	76	0	52	103	703833	14155	0	4	0	0	0	0	14159
TP1_synth_reverse		59	T	2370	62	20	107	33	9	701203	703804	0	0	0	0	5	0	14154	14159
TP1_synth_reverse		60	C	1704	700838	827	100	0	44	274	703787	2	14140	12	0	0	0	5	14159
TP1_synth_reverse		61	T	1938	85	471	273	237	15	700783	703802	5	0	5	0	1	0	14149	14160
TP1_synth_reverse		62	G	1193	727	291	700298	7	112	1185	703813	5	2	7	14141	0	1	5	14161
TP1_synth_reverse		63	T	4962	67	1547	40	0	30	697205	703851	14	0	18	0	0	0	14130	14162
TP1_synth_reverse		64	T	2931	59	11	82	0	77	700700	703860	2	0	0	0	0	1	14160	14163
TP1_synth_reverse		65	C	801	702550	24	70	0	106	304	703855	0	14162	0	0	0	1	0	14163
TP1_synth_reverse		66	G	933	460	14	701359	1	39	1050	703856	6	1	0	14154	0	0	3	14164
TP1_synth_reverse		67	C	1143	702283	61	30	59	151	128	703855	1	14156	3	0	4	0	0	14164
TP1_synth_reverse		68	A	702184	452	3	179	817	112	108	703855	14155	0	0	0	9	0	0	14164
TP1_synth_reverse		69	C	236	702101	1304	29	5	68	103	703846	0	14149	15	0	0	0	0	14164
TP1_synth_reverse		70	T	1509	115	100	197	851	36	701016	703824	2	0	1	0	7	0	14154	14164
TP1_synth_reverse		71	C	426	701418	1791	39	3	17	126	703820	1	14149	14	0	0	0	0	14164
TP1_synth_reverse		72	C	1129	702272	95	77	0	59	182	703814	2	14161	1	0	0	0	0	14164
TP1_synth_reverse		73	G	539	355	132	701917	369	166	313	703791	0	2	3	14150	5	3	1	14164
TP1_synth_reverse		74	A	703101	107	363	99	0	95	25	703790	14158	0	6	0	0	0	0	14164
TP1_synth_reverse		75	G	178	355	134	702882	2	19	207	703777	0	0	15	14149	0	0	0	14164
TP1_synth_reverse		76	T	3735	107	16	65	420	27	699392	703762	9	0	3	0	3	2	14147	14164
TP1_synth_reverse		77	G	147	456	33	701099	0	26	1982	703743	3	1	2	14150	0	0	8	14164
TP1_synth_reverse		78	C	545	702317	181	55	130	47	454	703729	0	14151	3	0	6	0	4	14164
TP1_synth_reverse		79	G	583	979	521	700802	0	175	665	703725	1	2	5	14154	0	0	2	14164
TP1_synth_reverse		80	G	305	273	0	702152	80	196	709	703715	2	1	0	14154	5	0	2	14164
TP1_synth_reverse		81	C	711	701461	1125	67	48	134	156	703702	3	14151	6	0	3	1	0	14164
TP1_synth_reverse		82	A	702324	63	862	141	0	79	133	703602	14157	0	7	0	0	0	0	14164
TP1_synth_reverse		83	A	703078	85	2	120	0	223	91	703599	14159	0	0	0	0	4	1	14164
TP1_synth_reverse		84	A	703155	73	0	204	5	74	48	703559	14162	0	0	0	1	1	0	14164
TP1_synth_reverse		85	G	163	314	1	702671	1	103	210	703463	0	0	0	14163	0	0	1	14164
TP1_synth_reverse		86	C	371	702520	243	46	1	49	176	703406	1	14156	0	0	0	2	5	14164
TP1_synth_reverse		87	T	1701	79	52	101	20	93	701250	703296	4	0	1	0	0	0	14159	14164
TP1_synth_reverse		88	G	292	556	52	701514	187	100	145	702846	1	1	3	14154	1	1	0	14161
TP1_synth_reverse		89	T	1306	110	86	54	3	236	700964	702759	0	1	2	0	0	4	14150	14157
TP1_synth_reverse		90	T	1236	99	0	411	4	138	700196	702084	1	0	0	0	0	2	14154	14157
TP1_synth_reverse		91	C	580	700997	0	177	85	33	127	701999	0	14155	0	0	2	0	0	14157
TP1_synth_reverse		92	C	375	700690	0	428	0	54	219	701766	0	14152	0	1	0	2	1	14156
TP1_synth_reverse		93	G	768	204	0	700324	0	116	134	701546	1	0	0	14152	0	2	0	14155
TP1_synth_reverse		94	T	1060	137	0	125	0	180	699625	701127	3	2	0	0	0	2	14147	14154
TP1_synth_reverse		95	C	0	700549	0	0	0	99	0	700648	0	14153	0	0	0	1	0	14154
TP1_synth_reverse		96	C	0	699906	0	0	0	62	0	699968	0	14154	0	0	0	0	0	14154
TP1_synth_reverse		97	C	0	697539	0	0	0	139	0	697678	0	14145	0	0	0	0	0	14145
TP1_synth_reverse		98	A	695460	0	0	0	0	0	0	695460	14122	0	0	0	0	0	0	14122
TP1_synth_reverse		99	G	0	0	0	694325	0	0	0	694325	0	0	0	14115	0	0	0	14115
