



























































































































































































































#AmpliconChromStart	Alias	Position	ProbableRef	rawA	rawC	rawD	rawG	rawI	rawN	rawT	rawDepth	consA	consC	consD	consG	consI	consN	consT	consDepth	
TP1_synth_reverse		1	G	0	0	0	696915	0	0	0	696915	0	0	0	45611	0	0	0	45611
TP1_synth_reverse		2	T	0	0	0	0	0	0	698813	698813	0	0	0	0	0	0	46055	46055
TP1_synth_reverse		3	G	0	0	0	700552	0	121	0	700673	0	0	0	46636	0	37	0	46673
TP1_synth_reverse		4	G	0	0	0	701348	0	60	0	701408	0	0	0	47082	0	9	0	47091
TP1_synth_reverse		5	T	0	0	0	0	0	213	701603	701816	0	0	0	0	0	87	47346	47433
TP1_synth_reverse		6	G	237	79	0	702408	0	32	97	702853	3	11	0	47918	0	18	17	47967
TP1_synth_reverse		7	A	702783	24	0	93	0	11	89	703000	48017	1	0	9	0	1	4	48032
TP1_synth_reverse		8	G	119	87	0	702128	0	90	642	703066	7	10	0	47992	0	9	41	48059
TP1_synth_reverse		9	G	130	130	0	702949	0	14	131	703354	10	32	0	48045	0	1	20	48108
TP1_synth_reverse		10	C	300	702230	665	29	1	20	145	703390	74	48032	17	1	0	4	9	48137
TP1_synth_reverse		11	T	362	126	38	18	433	36	702400	703413	104	5	4	3	19	27	47996	48158
TP1_synth_reverse		12	C	301	698287	4398	23	2	72	343	703426	75	47907	143	2	0	29	14	48170
TP1_synth_reverse		13	C	349	702829	1	24	0	108	145	703456	70	48086	0	5	0	27	4	48192
TP1_synth_reverse		14	C	356	702903	0	32	1	40	144	703476	73	48121	0	3	0	9	6	48212
TP1_synth_reverse		15	C	237	703013	15	48	5	38	132	703488	58	48138	1	3	0	15	8	48223
TP1_synth_reverse		16	T	653	82	1343	38	0	28	701344	703488	162	5	68	6	0	9	47973	48223
TP1_synth_reverse		17	T	694	201	0	40	0	158	702395	703488	214	7	0	2	0	65	47935	48223
TP1_synth_reverse		18	T	564	114	1	17	454	108	702242	703500	146	4	0	3	13	50	48017	48233
TP1_synth_reverse		19	C	531	700644	1478	45	311	86	544	703639	202	47933	49	3	20	31	32	48270
TP1_synth_reverse		20	T	695	480	1197	46	3	56	701162	703639	228	21	58	5	0	19	47939	48270
TP1_synth_reverse		21	T	2064	123	0	65	216	169	701002	703639	789	2	0	5	33	29	47412	48270
TP1_synth_reverse		22	G	159	725	817	701536	2	127	291	703657	17	357	54	47778	0	11	63	48280
TP1_synth_reverse		23	C	955	700038	127	440	497	114	1486	703657	301	47737	22	17	22	64	117	48280
TP1_synth_reverse		24	G	289	151	15	702710	2	60	430	703657	20	47	1	48100	1	26	85	48280
TP1_synth_reverse		25	G	691	489	4	701704	423	82	285	703678	62	238	0	47881	25	9	75	48290
TP1_synth_reverse		26	A	702886	18	52	153	363	105	101	703678	48231	2	14	7	18	15	3	48290
TP1_synth_reverse		27	G	80	199	286	702102	249	78	684	703678	10	66	31	47857	8	20	298	48290
TP1_synth_reverse		28	A	702258	107	528	273	2	57	453	703678	48144	15	42	21	0	47	21	48290
TP1_synth_reverse		29	T	854	93	522	53	3	15	702138	703678	227	7	54	7	2	6	47987	48290
TP1_synth_reverse		30	T	2989	128	217	16	0	50	700278	703678	1072	7	32	1	0	28	47150	48290
TP1_synth_reverse		31	C	776	701758	967	40	1	24	108	703674	276	47891	104	6	0	8	4	48289
TP1_synth_reverse		32	T	1098	95	50	40	471	47	701863	703664	262	6	17	11	19	15	47955	48285
TP1_synth_reverse		33	C	881	702417	195	43	3	17	108	703664	364	47874	35	3	1	4	4	48285
TP1_synth_reverse		34	T	1364	115	1720	44	2	17	700402	703664	324	6	125	3	1	12	47816	48287
TP1_synth_reverse		35	T	3421	101	180	69	381	49	699450	703651	1194	5	14	13	30	7	47018	48281
TP1_synth_reverse		36	C	686	700862	1381	31	4	63	622	703649	167	47968	108	3	0	11	22	48279
TP1_synth_reverse		37	C	789	701663	927	72	2	27	166	703646	197	48022	43	6	2	2	6	48278
TP1_synth_reverse		38	T	1612	76	11	40	691	94	701118	703642	526	5	0	5	25	8	47706	48275
TP1_synth_reverse		39	C	490	702526	417	45	5	36	118	703637	125	48115	17	5	2	4	3	48271
TP1_synth_reverse		40	T	1734	66	1093	22	517	18	700177	703627	464	2	52	2	30	2	47712	48264
TP1_synth_reverse		41	G	156	1465	211	699701	3	24	2052	703612	16	641	21	47160	0	6	413	48257
TP1_synth_reverse		42	T	2875	84	3	31	91	107	700425	703616	1064	2	1	7	5	30	47153	48262
TP1_synth_reverse		43	G	135	1525	52	700966	0	85	876	703639	9	378	7	47699	0	12	180	48285
TP1_synth_reverse		44	C	946	701210	540	34	0	120	788	703638	352	47806	34	3	0	36	54	48285
TP1_synth_reverse		45	G	489	449	309	698849	1	50	3491	703638	28	139	18	47482	0	8	610	48285
TP1_synth_reverse		46	C	1408	701514	526	47	0	34	134	703663	572	47663	36	12	0	14	7	48304
TP1_synth_reverse		47	C	560	702369	1	40	93	7	601	703671	140	48119	1	13	4	5	28	48310
TP1_synth_reverse		48	G	199	1581	7	699020	22	10	2822	703661	19	640	2	47073	8	1	563	48306
TP1_synth_reverse		49	A	703076	51	2	53	0	48	497	703727	48398	7	2	3	0	3	34	48447
TP1_synth_reverse		50	T	2934	88	4	23	31	32	700610	703722	595	3	4	4	11	9	47819	48445
TP1_synth_reverse		51	A	702885	48	141	81	399	61	107	703722	48369	14	7	3	13	28	11	48445
TP1_synth_reverse		52	C	653	701156	84	39	393	41	1355	703721	248	48054	35	9	21	2	76	48445
TP1_synth_reverse		53	A	703326	26	71	155	0	56	115	703749	48414	1	10	6	0	28	9	48468
TP1_synth_reverse		54	G	219	433	522	702050	2	24	488	703738	44	101	43	48141	0	5	128	48462
TP1_synth_reverse		55	A	702574	171	836	112	0	41	65	703799	48371	35	41	3	0	24	2	48476
TP1_synth_reverse		56	A	703470	17	3	95	0	57	155	703797	48428	3	2	6	0	8	29	48476
TP1_synth_reverse		57	T	3928	61	174	181	12	38	699383	703777	636	1	16	30	5	18	47756	48462
TP1_synth_reverse		58	A	703093	7	502	76	0	52	103	703833	48403	0	27	2	0	23	11	48466
TP1_synth_reverse		59	T	2370	62	20	107	33	9	701203	703804	452	0	7	18	11	1	47965	48454
TP1_synth_reverse		60	C	1704	700838	827	100	0	44	274	703787	461	47905	45	14	0	4	13	48442
TP1_synth_reverse		61	T	1938	85	471	273	237	15	700783	703802	392	6	26	41	10	3	47962	48440
TP1_synth_reverse		62	G	1193	727	291	700298	7	112	1185	703813	172	83	20	47793	6	12	357	48443
TP1_synth_reverse		63	T	4962	67	1547	40	0	30	697205	703851	1452	0	70	7	0	5	46906	48440
TP1_synth_reverse		64	T	2931	59	11	82	0	77	700700	703860	492	6	1	11	0	9	47924	48443
TP1_synth_reverse		65	C	801	702550	24	70	0	106	304	703855	153	48251	2	3	0	18	13	48440
TP1_synth_reverse		66	G	933	460	14	701359	1	39	1050	703856	119	134	3	47848	0	21	313	48438
TP1_synth_reverse		67	C	1143	702283	61	30	59	151	128	703855	425	47944	12	4	7	40	5	48437
TP1_synth_reverse		68	A	702184	452	3	179	817	112	108	703855	48299	56	1	13	41	19	8	48437
TP1_synth_reverse		69	C	236	702101	1304	29	5	68	103	703846	42	48288	71	4	1	25	2	48433
TP1_synth_reverse		70	T	1509	115	100	197	851	36	701016	703824	326	7	5	26	44	6	48005	48419
TP1_synth_reverse		71	C	426	701418	1791	39	3	17	126	703820	88	48243	75	4	0	2	4	48416
TP1_synth_reverse		72	C	1129	702272	95	77	0	59	182	703814	469	47911	6	7	0	18	4	48415
TP1_synth_reverse		73	G	539	355	132	701917	369	166	313	703791	100	82	18	48112	16	33	37	48398
TP1_synth_reverse		74	A	703101	107	363	99	0	95	25	703790	48349	6	19	8	0	12	4	48398
TP1_synth_reverse		75	G	178	355	134	702882	2	19	207	703777	23	72	36	48189	0	9	63	48392
TP1_synth_reverse		76	T	3735	107	16	65	420	27	699392	703762	1187	8	6	9	18	18	47142	48388
TP1_synth_reverse		77	G	147	456	33	701099	0	26	1982	703743	26	127	9	47928	0	15	275	48380
TP1_synth_reverse		78	C	545	702317	181	55	130	47	454	703729	129	48126	35	6	15	32	33	48376
TP1_synth_reverse		79	G	583	979	521	700802	0	175	665	703725	56	482	27	47643	0	23	142	48373
TP1_synth_reverse		80	G	305	273	0	702152	80	196	709	703715	56	60	0	48150	10	20	71	48367
TP1_synth_reverse		81	C	711	701461	1125	67	48	134	156	703702	65	48213	46	7	9	17	6	48363
TP1_synth_reverse		82	A	702324	63	862	141	0	79	133	703602	48184	11	39	6	0	21	6	48267
TP1_synth_reverse		83	A	703078	85	2	120	0	223	91	703599	48223	6	0	14	0	21	3	48267
TP1_synth_reverse		84	A	703155	73	0	204	5	74	48	703559	48218	12	0	13	3	12	6	48264
TP1_synth_reverse		85	G	163	314	1	702671	1	103	210	703463	17	70	0	48090	0	26	33	48236
TP1_synth_reverse		86	C	371	702520	243	46	1	49	176	703406	66	48111	10	2	0	11	20	48220
TP1_synth_reverse		87	T	1701	79	52	101	20	93	701250	703296	319	2	5	13	0	24	47823	48186
TP1_synth_reverse		88	G	292	556	52	701514	187	100	145	702846	26	59	7	48006	10	11	28	48147
TP1_synth_reverse		89	T	1306	110	86	54	3	236	700964	702759	167	8	6	6	0	71	47867	48125
TP1_synth_reverse		90	T	1236	99	0	411	4	138	700196	702084	173	3	0	19	3	18	47844	48060
TP1_synth_reverse		91	C	580	700997	0	177	85	33	127	701999	83	47936	0	4	10	3	4	48040
TP1_synth_reverse		92	C	375	700690	0	428	0	54	219	701766	47	47922	0	27	0	10	8	48014
TP1_synth_reverse		93	G	768	204	0	700324	0	116	134	701546	57	41	0	47857	0	15	19	47989
TP1_synth_reverse		94	T	1060	137	0	125	0	180	699625	701127	131	7	0	10	0	27	47770	47945
TP1_synth_reverse		95	C	0	700549	0	0	0	99	0	700648	0	47865	0	0	0	21	0	47886
TP1_synth_reverse		96	C	0	699906	0	0	0	62	0	699968	0	47798	0	0	0	15	0	47813
TP1_synth_reverse		97	C	0	697539	0	0	0	139	0	697678	0	47643	0	0	0	24	0	47667
TP1_synth_reverse		98	A	695460	0	0	0	0	0	0	695460	47517	0	0	0	0	0	0	47517
TP1_synth_reverse		99	G	0	0	0	694325	0	0	0	694325	0	0	0	47397	0	0	0	47397
