



























































































































































































































#AmpliconChromStart	Alias	Position	ProbableRef	rawA	rawC	rawD	rawG	rawI	rawN	rawT	rawDepth	consA	consC	consD	consG	consI	consN	consT	consDepth	
TP1_synth_reverse		1	G	0	0	0	882350	0	0	0	882350	0	0	0	18386	0	0	0	18386
TP1_synth_reverse		2	T	0	0	0	0	0	0	884760	884760	0	0	0	0	0	0	18411	18411
TP1_synth_reverse		3	G	0	0	0	887841	0	90	0	887931	0	0	0	18450	0	0	0	18450
TP1_synth_reverse		4	G	0	0	0	889273	0	44	0	889317	0	0	0	18468	0	0	0	18468
TP1_synth_reverse		5	T	0	0	0	0	0	13	891384	891397	0	0	0	0	0	0	18487	18487
TP1_synth_reverse		6	G	129	100	0	891192	0	18	489	891928	0	0	0	18489	0	0	4	18493
TP1_synth_reverse		7	A	891817	23	0	121	0	64	143	892168	18499	0	0	0	0	0	0	18499
TP1_synth_reverse		8	G	124	84	0	893378	0	126	198	893910	0	0	0	18520	0	0	2	18522
TP1_synth_reverse		9	G	130	175	0	892634	278	42	727	893986	0	0	0	18520	2	0	3	18525
TP1_synth_reverse		10	C	290	893496	1	37	5	31	155	894015	0	18522	0	0	1	0	2	18525
TP1_synth_reverse		11	T	209	187	34	10	1162	24	892408	894034	0	0	1	0	20	0	18505	18526
TP1_synth_reverse		12	C	348	892204	1227	21	3	87	144	894034	0	18505	21	0	0	0	0	18526
TP1_synth_reverse		13	C	508	893271	3	33	0	113	119	894047	0	18527	0	0	0	0	0	18527
TP1_synth_reverse		14	C	559	893263	0	20	1	55	149	894047	1	18526	0	0	0	0	0	18527
TP1_synth_reverse		15	C	327	892657	263	23	425	64	305	894064	0	18512	4	0	9	0	2	18527
TP1_synth_reverse		16	T	402	181	1243	14	0	201	892023	894064	0	1	22	0	0	0	18504	18527
TP1_synth_reverse		17	T	395	163	201	10	1	78	893225	894073	0	2	4	0	0	0	18522	18528
TP1_synth_reverse		18	T	388	310	97	8	628	75	892567	894073	0	1	3	0	7	0	18517	18528
TP1_synth_reverse		19	C	375	891873	1021	13	457	77	385	894201	0	18500	17	0	9	0	3	18529
TP1_synth_reverse		20	T	277	167	957	17	4	28	892751	894201	0	1	21	0	0	0	18507	18529
TP1_synth_reverse		21	T	572	341	375	173	4057	114	888569	894201	0	3	8	1	61	0	18456	18529
TP1_synth_reverse		22	G	282	566	830	891717	278	28	506	894207	3	1	19	18497	5	0	4	18529
TP1_synth_reverse		23	C	604	887669	1889	203	3280	39	532	894216	0	18437	32	3	53	0	5	18530
TP1_synth_reverse		24	G	323	354	974	891431	4	51	1079	894216	4	3	13	18506	0	0	4	18530
TP1_synth_reverse		25	G	242	739	295	891702	497	120	636	894231	2	2	8	18505	9	0	5	18531
TP1_synth_reverse		26	A	890698	21	1037	307	1711	36	436	894246	18466	1	20	2	40	0	3	18532
TP1_synth_reverse		27	G	350	834	618	891489	45	36	874	894246	4	0	10	18508	2	0	8	18532
TP1_synth_reverse		28	A	893239	39	490	84	236	33	125	894246	18519	0	10	0	2	0	1	18532
TP1_synth_reverse		29	T	376	145	1099	154	1	143	892328	894246	0	2	20	1	0	0	18509	18532
TP1_synth_reverse		30	T	1140	315	676	54	364	120	891577	894246	0	4	12	0	4	0	18512	18532
TP1_synth_reverse		31	C	590	892544	826	75	39	71	89	894234	0	18513	16	1	2	0	0	18532
TP1_synth_reverse		32	T	652	274	657	55	150	343	892095	894226	2	3	16	0	5	0	18506	18532
TP1_synth_reverse		33	C	467	892000	891	34	570	129	126	894217	0	18494	23	0	12	1	2	18532
TP1_synth_reverse		34	T	900	155	691	79	0	114	892274	894213	0	1	17	0	0	0	18514	18532
TP1_synth_reverse		35	T	1687	424	165	54	442	106	891323	894201	0	5	8	0	10	0	18509	18532
TP1_synth_reverse		36	C	560	891657	1626	22	2	56	286	894209	0	18504	26	0	0	0	2	18532
TP1_synth_reverse		37	C	688	891850	478	65	157	77	881	894196	0	18496	16	1	7	0	12	18532
TP1_synth_reverse		38	T	780	127	1194	246	278	29	891533	894187	0	1	20	0	4	0	18507	18532
TP1_synth_reverse		39	C	463	892489	746	56	33	75	324	894186	0	18521	9	0	1	0	1	18532
TP1_synth_reverse		40	T	1500	138	2599	36	2402	157	887343	894175	0	5	31	0	33	0	18463	18532
TP1_synth_reverse		41	G	848	707	1012	890589	130	36	853	894175	6	0	17	18495	5	0	9	18532
TP1_synth_reverse		42	T	2393	439	1407	33	2230	71	887597	894170	0	2	26	0	46	0	18458	18532
TP1_synth_reverse		43	G	1306	529	452	890556	127	411	774	894155	9	0	11	18505	3	0	4	18532
TP1_synth_reverse		44	C	546	888701	1374	82	1850	189	1424	894166	0	18455	23	0	24	0	31	18533
TP1_synth_reverse		45	G	324	435	786	890210	557	77	1763	894152	3	0	15	18505	3	0	7	18533
TP1_synth_reverse		46	C	812	890972	1631	63	1	14	675	894168	0	18504	27	0	0	0	3	18534
TP1_synth_reverse		47	C	370	891873	109	56	1020	33	708	894169	1	18497	3	0	26	0	7	18534
TP1_synth_reverse		48	G	772	991	924	890043	114	49	1251	894144	10	4	17	18496	3	0	4	18534
TP1_synth_reverse		49	A	892731	167	704	77	131	192	157	894159	18516	3	13	0	2	0	0	18534
TP1_synth_reverse		50	T	1254	86	743	155	159	134	891614	894145	0	0	14	0	2	0	18518	18534
TP1_synth_reverse		51	A	892406	620	578	117	76	135	213	894145	18510	8	9	1	4	0	2	18534
TP1_synth_reverse		52	C	591	892101	630	129	147	245	291	894134	0	18517	10	0	2	0	5	18534
TP1_synth_reverse		53	A	890711	383	1143	182	1175	316	237	894147	18495	3	21	0	14	0	2	18535
TP1_synth_reverse		54	G	589	297	444	891533	478	110	676	894127	11	0	14	18497	7	0	6	18535
TP1_synth_reverse		55	A	891478	499	1802	175	1	114	85	894154	18501	8	25	2	0	0	0	18536
TP1_synth_reverse		56	A	893101	29	581	165	0	112	158	894146	18527	1	8	0	0	0	0	18536
TP1_synth_reverse		57	T	2104	142	1066	260	256	217	890059	894104	0	4	20	0	3	0	18509	18536
TP1_synth_reverse		58	A	892456	87	907	94	14	284	271	894113	18523	1	11	0	0	0	2	18537
TP1_synth_reverse		59	T	1135	62	1319	102	134	386	890948	894086	0	0	26	0	5	0	18506	18537
TP1_synth_reverse		60	C	933	890979	1656	63	122	245	71	894069	0	18509	27	0	1	0	0	18537
TP1_synth_reverse		61	T	1361	181	1974	53	597	241	889656	894063	0	1	40	1	9	0	18487	18538
TP1_synth_reverse		62	G	615	322	447	891262	198	322	882	894048	5	0	15	18511	1	0	6	18538
TP1_synth_reverse		63	T	2236	139	1256	18	0	194	890215	894058	0	1	19	0	0	0	18519	18539
TP1_synth_reverse		64	T	2185	655	535	19	224	53	890365	894036	0	8	9	0	4	0	18518	18539
TP1_synth_reverse		65	C	1254	889711	1357	31	861	144	674	894032	1	18499	19	0	12	0	9	18540
TP1_synth_reverse		66	G	926	457	836	890388	140	78	1200	894025	9	0	15	18503	2	0	11	18540
TP1_synth_reverse		67	C	938	890643	1806	34	289	223	89	894022	0	18507	31	0	3	0	0	18541
TP1_synth_reverse		68	A	891351	232	2049	153	19	121	86	894011	18513	0	26	0	0	0	1	18540
TP1_synth_reverse		69	C	370	890754	1976	54	182	64	602	894002	1	18491	33	0	5	0	10	18540
TP1_synth_reverse		70	T	1297	278	2654	45	257	91	889353	893975	0	2	27	0	2	0	18509	18540
TP1_synth_reverse		71	C	450	890061	2953	33	1	319	150	893967	0	18498	40	0	0	0	2	18540
TP1_synth_reverse		72	C	785	890446	2140	75	97	142	269	893954	1	18508	27	0	2	0	2	18540
TP1_synth_reverse		73	G	821	740	3227	887506	236	320	1083	893933	8	2	32	18489	3	0	6	18540
TP1_synth_reverse		74	A	889571	493	3280	152	243	134	48	893921	18498	7	34	0	1	0	0	18540
TP1_synth_reverse		75	G	100	473	2246	890076	1	83	925	893904	0	1	29	18502	0	0	8	18540
TP1_synth_reverse		76	T	1058	1284	3483	95	404	84	887474	893882	0	13	39	1	9	0	18478	18540
TP1_synth_reverse		77	G	494	755	2417	889117	96	81	900	893860	12	2	34	18480	2	0	10	18540
TP1_synth_reverse		78	C	541	885999	4159	39	621	472	2011	893842	1	18470	49	0	8	0	12	18540
TP1_synth_reverse		79	G	525	656	3197	888730	1	165	561	893835	7	1	39	18488	0	0	5	18540
TP1_synth_reverse		80	G	591	414	1116	890883	1	155	646	893806	7	2	14	18513	0	0	4	18540
TP1_synth_reverse		81	C	348	890857	1988	97	143	119	243	893795	0	18514	21	0	3	0	2	18540
TP1_synth_reverse		82	A	889105	235	3713	391	0	102	133	893679	18491	1	46	2	0	0	0	18540
TP1_synth_reverse		83	A	892661	63	513	102	0	227	105	893671	18534	0	6	0	0	0	0	18540
TP1_synth_reverse		84	A	893003	50	140	160	19	223	45	893640	18537	0	1	0	2	0	0	18540
TP1_synth_reverse		85	G	174	423	271	892109	226	131	193	893527	1	1	2	18535	1	0	0	18540
TP1_synth_reverse		86	C	624	892556	16	67	0	98	109	893470	0	18539	0	1	0	0	0	18540
TP1_synth_reverse		87	T	1308	92	15	26	4	287	891671	893403	1	0	0	0	0	0	18539	18540
TP1_synth_reverse		88	G	220	532	25	892073	5	162	317	893334	2	0	2	18534	0	0	1	18539
TP1_synth_reverse		89	T	770	111	476	19	0	58	891825	893259	0	0	3	0	0	0	18536	18539
TP1_synth_reverse		90	T	697	119	24	25	0	92	892154	893111	0	0	0	0	0	0	18539	18539
TP1_synth_reverse		91	C	667	891868	0	75	1	276	118	893005	2	18537	0	0	0	0	0	18539
TP1_synth_reverse		92	C	476	890735	0	55	0	387	223	891876	0	18537	0	1	0	0	0	18538
TP1_synth_reverse		93	G	332	508	0	889215	0	177	221	890453	1	0	0	18529	0	0	0	18530
TP1_synth_reverse		94	T	611	137	0	58	0	89	889229	890124	0	1	0	0	0	0	18529	18530
TP1_synth_reverse		95	C	0	889291	0	0	0	162	0	889453	0	18530	0	0	0	0	0	18530
TP1_synth_reverse		96	C	0	888464	0	0	0	113	0	888577	0	18529	0	0	0	0	0	18529
TP1_synth_reverse		97	C	0	886691	0	0	0	153	0	886844	0	18524	0	0	0	0	0	18524
TP1_synth_reverse		98	A	884980	0	0	0	0	0	0	884980	18515	0	0	0	0	0	0	18515
TP1_synth_reverse		99	G	0	0	0	883389	1	0	0	883390	0	0	0	18513	0	0	0	18513
