



























































































































































































































#AmpliconChromStart	Alias	Position	ProbableRef	rawA	rawC	rawD	rawG	rawI	rawN	rawT	rawDepth	consA	consC	consD	consG	consI	consN	consT	consDepth	
TP1_synth_reverse		1	G	0	0	0	882350	0	0	0	882350	0	0	0	27939	0	0	0	27939
TP1_synth_reverse		2	T	0	0	0	0	0	0	884760	884760	0	0	0	0	0	0	27988	27988
TP1_synth_reverse		3	G	0	0	0	887841	0	90	0	887931	0	0	0	28055	0	0	0	28055
TP1_synth_reverse		4	G	0	0	0	889273	0	44	0	889317	0	0	0	28095	0	0	0	28095
TP1_synth_reverse		5	T	0	0	0	0	0	13	891384	891397	0	0	0	0	0	1	28124	28125
TP1_synth_reverse		6	G	129	100	0	891192	0	18	489	891928	2	0	0	28135	0	0	6	28143
TP1_synth_reverse		7	A	891817	23	0	121	0	64	143	892168	28154	0	0	0	0	0	0	28154
TP1_synth_reverse		8	G	124	84	0	893378	0	126	198	893910	3	0	0	28171	0	2	7	28183
TP1_synth_reverse		9	G	130	175	0	892634	278	42	727	893986	2	1	0	28175	3	1	7	28189
TP1_synth_reverse		10	C	290	893496	1	37	5	31	155	894015	0	28187	0	0	1	0	2	28190
TP1_synth_reverse		11	T	209	187	34	10	1162	24	892408	894034	0	0	1	0	22	0	28168	28191
TP1_synth_reverse		12	C	348	892204	1227	21	3	87	144	894034	0	28162	27	0	0	2	0	28191
TP1_synth_reverse		13	C	508	893271	3	33	0	113	119	894047	0	28191	0	0	0	0	1	28192
TP1_synth_reverse		14	C	559	893270	0	20	1	55	149	894054	1	28191	0	0	0	0	0	28192
TP1_synth_reverse		15	C	327	892664	263	23	425	64	305	894071	0	28174	6	0	11	0	2	28193
TP1_synth_reverse		16	T	402	181	1243	14	0	201	892030	894071	0	4	39	0	0	2	28148	28193
TP1_synth_reverse		17	T	395	163	201	10	1	78	893232	894080	0	2	6	0	0	0	28186	28194
TP1_synth_reverse		18	T	388	310	97	8	628	75	892574	894080	0	2	6	0	12	1	28173	28194
TP1_synth_reverse		19	C	375	891880	1021	13	457	77	385	894208	0	28151	23	0	16	0	5	28195
TP1_synth_reverse		20	T	277	167	957	17	4	28	892758	894208	0	1	35	0	0	0	28159	28195
TP1_synth_reverse		21	T	572	341	375	173	4057	114	888576	894208	0	3	15	1	97	2	28077	28195
TP1_synth_reverse		22	G	282	566	830	891718	278	28	506	894208	6	1	37	28137	8	0	6	28195
TP1_synth_reverse		23	C	605	887669	1889	203	3280	39	532	894217	0	28043	53	3	91	0	6	28196
TP1_synth_reverse		24	G	323	354	974	891432	4	51	1079	894217	4	8	27	28151	0	1	5	28196
TP1_synth_reverse		25	G	242	739	295	891688	497	120	636	894217	5	2	12	28159	11	1	6	28196
TP1_synth_reverse		26	A	890684	21	1037	307	1711	36	436	894232	28101	1	28	2	60	0	5	28197
TP1_synth_reverse		27	G	350	834	618	891475	45	36	874	894232	7	0	12	28163	3	0	12	28197
TP1_synth_reverse		28	A	893225	39	490	84	236	33	125	894232	28175	0	16	0	5	0	1	28197
TP1_synth_reverse		29	T	376	145	1099	154	1	143	892314	894232	1	2	30	1	0	0	28163	28197
TP1_synth_reverse		30	T	1140	315	676	54	364	120	891569	894238	0	5	16	0	9	1	28167	28198
TP1_synth_reverse		31	C	589	892537	826	75	39	71	89	894226	0	28169	23	2	4	0	0	28198
TP1_synth_reverse		32	T	652	274	657	55	150	343	892087	894218	4	4	28	0	6	3	28153	28198
TP1_synth_reverse		33	C	467	891992	891	34	570	129	126	894209	0	28147	32	0	16	1	2	28198
TP1_synth_reverse		34	T	898	155	691	79	0	114	892268	894205	1	1	28	0	0	0	28168	28198
TP1_synth_reverse		35	T	1684	424	165	54	442	106	891318	894193	0	8	17	0	13	0	28161	28199
TP1_synth_reverse		36	C	558	891651	1626	22	2	56	286	894201	0	28151	47	0	0	0	2	28200
TP1_synth_reverse		37	C	686	891844	478	65	157	77	881	894188	0	28135	27	3	12	1	22	28200
TP1_synth_reverse		38	T	780	127	1194	246	278	29	891523	894177	0	1	29	0	4	0	28166	28200
TP1_synth_reverse		39	C	465	892477	746	56	33	75	324	894176	0	28184	13	0	2	0	1	28200
TP1_synth_reverse		40	T	1498	138	2599	36	2402	157	887335	894165	2	5	45	1	48	2	28097	28200
TP1_synth_reverse		41	G	845	706	1012	890583	130	36	853	894165	10	0	29	28141	6	0	15	28201
TP1_synth_reverse		42	T	2390	439	1407	33	2230	71	887590	894160	2	6	33	0	78	1	28081	28201
TP1_synth_reverse		43	G	1305	530	452	890547	127	411	773	894145	11	2	13	28160	3	2	10	28201
TP1_synth_reverse		44	C	546	888691	1374	82	1850	189	1424	894156	0	28092	35	1	32	0	42	28202
TP1_synth_reverse		45	G	324	434	786	890200	557	77	1764	894142	4	2	21	28159	5	0	11	28202
TP1_synth_reverse		46	C	811	890962	1631	64	1	14	675	894158	1	28152	41	2	0	0	7	28203
TP1_synth_reverse		47	C	370	891863	109	56	1020	33	708	894159	1	28140	5	1	47	0	10	28204
TP1_synth_reverse		48	G	771	990	924	890042	114	49	1251	894141	18	4	29	28143	6	0	5	28205
TP1_synth_reverse		49	A	892727	167	704	77	131	192	158	894156	28174	3	25	0	3	1	0	28206
TP1_synth_reverse		50	T	1250	86	743	155	159	134	891615	894142	1	0	26	0	2	0	28177	28206
TP1_synth_reverse		51	A	892402	620	578	117	76	135	214	894142	28169	11	15	1	7	0	3	28206
TP1_synth_reverse		52	C	591	892098	630	129	147	245	291	894131	0	28178	18	0	2	1	7	28206
TP1_synth_reverse		53	A	890708	383	1143	182	1175	316	237	894144	28138	5	37	0	22	1	4	28207
TP1_synth_reverse		54	G	589	301	444	891525	478	110	677	894124	16	2	26	28138	14	1	10	28207
TP1_synth_reverse		55	A	891474	499	1802	176	1	114	85	894151	28151	12	41	4	0	0	0	28208
TP1_synth_reverse		56	A	893099	29	581	164	0	112	158	894143	28184	1	19	0	0	2	2	28208
TP1_synth_reverse		57	T	2105	142	1066	260	256	217	890055	894101	2	6	34	0	6	2	28158	28208
TP1_synth_reverse		58	A	892453	87	907	94	14	284	271	894110	28179	2	19	0	0	4	5	28209
TP1_synth_reverse		59	T	1136	62	1319	102	134	386	890944	894083	1	0	36	1	7	3	28161	28209
TP1_synth_reverse		60	C	933	890977	1656	62	122	245	71	894066	0	28167	39	0	1	1	1	28209
TP1_synth_reverse		61	T	1361	181	1975	53	597	241	889652	894060	2	2	60	1	12	2	28131	28210
TP1_synth_reverse		62	G	615	322	447	891260	198	322	881	894045	5	0	22	28170	1	5	7	28210
TP1_synth_reverse		63	T	2233	139	1256	18	0	194	890215	894055	2	1	29	0	0	2	28177	28211
TP1_synth_reverse		64	T	2185	655	535	19	224	53	890365	894036	3	12	16	0	5	0	28176	28212
TP1_synth_reverse		65	C	1258	889699	1357	31	861	144	674	894024	7	28140	39	0	13	1	12	28212
TP1_synth_reverse		66	G	927	457	836	890378	140	78	1201	894017	16	1	26	28150	2	0	17	28212
TP1_synth_reverse		67	C	939	890634	1806	34	289	223	89	894014	0	28150	55	0	5	2	1	28213
TP1_synth_reverse		68	A	891342	233	2049	153	19	121	86	894003	28164	1	46	0	0	0	1	28212
TP1_synth_reverse		69	C	370	890745	1976	54	182	64	602	893993	1	28147	47	0	5	0	12	28212
TP1_synth_reverse		70	T	1296	278	2654	46	257	91	889344	893966	3	3	38	0	2	1	28165	28212
TP1_synth_reverse		71	C	451	890051	2953	33	1	319	150	893958	0	28147	59	0	0	0	6	28212
TP1_synth_reverse		72	C	784	890438	2140	75	97	142	269	893945	1	28170	33	0	4	2	2	28212
TP1_synth_reverse		73	G	821	739	3227	887498	236	320	1083	893924	14	5	45	28130	4	4	10	28212
TP1_synth_reverse		74	A	889561	493	3280	153	243	134	48	893912	28141	10	59	0	1	1	0	28212
TP1_synth_reverse		75	G	100	472	2246	890068	1	83	925	893895	1	1	41	28149	0	0	20	28212
TP1_synth_reverse		76	T	1058	1284	3483	95	404	84	887465	893873	0	22	60	2	15	0	28113	28212
TP1_synth_reverse		77	G	494	755	2417	889109	96	81	900	893852	17	4	52	28121	2	0	16	28212
TP1_synth_reverse		78	C	541	885993	4159	39	621	472	2008	893833	2	28091	79	1	11	3	24	28211
TP1_synth_reverse		79	G	525	656	3197	888721	1	165	561	893826	11	3	61	28129	0	1	6	28211
TP1_synth_reverse		80	G	591	414	1116	890875	1	155	645	893797	13	4	18	28171	0	1	4	28211
TP1_synth_reverse		81	C	348	890848	1988	97	143	119	243	893786	2	28173	30	0	4	0	2	28211
TP1_synth_reverse		82	A	889096	235	3713	391	0	102	133	893670	28129	2	77	2	0	0	0	28210
TP1_synth_reverse		83	A	892652	63	513	102	0	227	105	893662	28199	0	10	0	0	1	0	28210
TP1_synth_reverse		84	A	892994	50	140	160	19	223	45	893631	28202	0	3	0	3	2	0	28210
TP1_synth_reverse		85	G	174	423	271	892100	226	131	193	893518	1	3	4	28200	2	0	0	28210
TP1_synth_reverse		86	C	624	892547	16	67	0	98	109	893461	0	28206	0	3	0	1	0	28210
TP1_synth_reverse		87	T	1304	92	15	26	4	287	891666	893394	2	0	0	1	0	3	28204	28210
TP1_synth_reverse		88	G	220	532	25	892064	5	162	317	893325	2	0	3	28201	1	1	1	28209
TP1_synth_reverse		89	T	769	111	476	19	0	58	891817	893250	0	0	5	0	0	0	28204	28209
TP1_synth_reverse		90	T	697	119	24	25	0	92	892144	893101	0	0	0	0	0	1	28207	28208
TP1_synth_reverse		91	C	666	891859	0	75	1	276	118	892995	3	28199	0	2	0	1	1	28206
TP1_synth_reverse		92	C	476	890725	0	54	0	387	223	891865	2	28192	0	1	0	4	0	28199
TP1_synth_reverse		93	G	332	507	0	889205	0	177	221	890442	3	1	0	28178	0	1	2	28185
TP1_synth_reverse		94	T	611	137	0	58	0	89	889218	890113	0	2	0	0	0	0	28180	28182
TP1_synth_reverse		95	C	0	889283	0	0	0	162	0	889445	0	28178	0	0	0	1	0	28179
TP1_synth_reverse		96	C	0	888455	0	0	0	113	0	888568	0	28175	0	0	0	2	0	28177
TP1_synth_reverse		97	C	0	886681	0	0	0	153	0	886834	0	28168	0	0	0	0	0	28168
TP1_synth_reverse		98	A	884970	0	0	0	0	0	0	884970	28140	0	0	0	0	0	0	28140
TP1_synth_reverse		99	G	0	0	0	883381	1	0	0	883382	0	0	0	28134	0	0	0	28134
