



























































































































































































































#AmpliconChromStart	Alias	Position	ProbableRef	rawA	rawC	rawD	rawG	rawI	rawN	rawT	rawDepth	consA	consC	consD	consG	consI	consN	consT	consDepth	
TP1_synth_reverse		1	G	0	0	0	882350	0	0	0	882350	0	0	0	8530	0	0	0	8530
TP1_synth_reverse		2	T	0	0	0	0	0	0	884760	884760	0	0	0	0	0	0	8545	8545
TP1_synth_reverse		3	G	0	0	0	887841	0	90	0	887931	0	0	0	8567	0	0	0	8567
TP1_synth_reverse		4	G	0	0	0	889273	0	44	0	889317	0	0	0	8577	0	0	0	8577
TP1_synth_reverse		5	T	0	0	0	0	0	13	891384	891397	0	0	0	0	0	0	8590	8590
TP1_synth_reverse		6	G	129	100	0	891192	0	18	489	891928	0	0	0	8589	0	0	3	8592
TP1_synth_reverse		7	A	891817	23	0	121	0	64	143	892168	8594	0	0	0	0	0	0	8594
TP1_synth_reverse		8	G	124	84	0	893378	0	126	198	893910	0	0	0	8611	0	0	1	8612
TP1_synth_reverse		9	G	130	175	0	892634	278	42	727	893986	0	0	0	8608	2	0	3	8613
TP1_synth_reverse		10	C	290	893496	1	37	5	31	155	894015	0	8612	0	0	0	0	1	8613
TP1_synth_reverse		11	T	209	187	34	10	1162	24	892408	894034	0	0	0	0	12	0	8601	8613
TP1_synth_reverse		12	C	348	892204	1227	21	3	87	144	894034	0	8602	11	0	0	0	0	8613
TP1_synth_reverse		13	C	508	893271	3	33	0	113	119	894047	0	8613	0	0	0	0	0	8613
TP1_synth_reverse		14	C	559	893263	0	20	1	55	149	894047	1	8612	0	0	0	0	0	8613
TP1_synth_reverse		15	C	327	892657	263	23	425	64	305	894064	0	8604	3	0	5	0	1	8613
TP1_synth_reverse		16	T	402	181	1243	14	0	201	892054	894095	0	1	14	0	0	0	8598	8613
TP1_synth_reverse		17	T	395	163	201	10	1	78	893256	894104	0	2	4	0	0	0	8607	8613
TP1_synth_reverse		18	T	388	310	97	8	628	75	892598	894104	0	1	3	0	4	0	8605	8613
TP1_synth_reverse		19	C	375	891904	1021	13	457	77	385	894232	0	8594	12	0	5	0	3	8614
TP1_synth_reverse		20	T	277	167	957	17	4	28	892782	894232	0	1	9	0	0	0	8604	8614
TP1_synth_reverse		21	T	574	341	375	173	4057	114	888598	894232	0	2	3	1	36	0	8572	8614
TP1_synth_reverse		22	G	282	566	830	891748	278	28	506	894238	1	1	8	8600	3	0	1	8614
TP1_synth_reverse		23	C	605	887699	1889	203	3280	39	532	894247	0	8568	12	2	29	0	3	8614
TP1_synth_reverse		24	G	323	354	974	891461	4	51	1080	894247	1	1	9	8600	0	0	3	8614
TP1_synth_reverse		25	G	242	741	295	891731	497	120	636	894262	1	1	4	8599	6	0	3	8614
TP1_synth_reverse		26	A	890729	21	1037	307	1711	36	436	894277	8581	0	11	1	19	0	2	8614
TP1_synth_reverse		27	G	350	834	618	891520	45	36	874	894277	2	0	8	8599	0	0	5	8614
TP1_synth_reverse		28	A	893270	39	490	84	236	33	125	894277	8608	0	5	0	1	0	0	8614
TP1_synth_reverse		29	T	376	145	1099	154	1	143	892359	894277	0	1	8	1	0	0	8604	8614
TP1_synth_reverse		30	T	1140	315	676	54	364	120	891614	894283	0	2	9	0	3	0	8600	8614
TP1_synth_reverse		31	C	591	892580	826	75	39	71	89	894271	0	8601	11	1	1	0	0	8614
TP1_synth_reverse		32	T	652	274	657	55	150	343	892132	894263	0	3	12	0	2	0	8597	8614
TP1_synth_reverse		33	C	468	892036	891	34	570	129	126	894254	0	8597	11	0	5	0	1	8614
TP1_synth_reverse		34	T	901	155	691	79	0	114	892310	894250	0	0	8	0	0	0	8606	8614
TP1_synth_reverse		35	T	1691	424	165	54	442	106	891350	894232	0	4	4	0	2	0	8604	8614
TP1_synth_reverse		36	C	562	891686	1626	22	2	56	286	894240	0	8599	13	0	0	0	2	8614
TP1_synth_reverse		37	C	690	891878	478	66	157	77	881	894227	0	8600	7	0	2	0	5	8614
TP1_synth_reverse		38	T	780	127	1194	247	278	29	891563	894218	0	1	11	0	4	0	8598	8614
TP1_synth_reverse		39	C	465	892516	746	56	33	75	324	894215	0	8609	4	0	0	0	1	8614
TP1_synth_reverse		40	T	1503	138	2599	36	2402	157	887369	894204	0	0	19	0	22	0	8573	8614
TP1_synth_reverse		41	G	848	708	1012	890616	130	36	854	894204	4	0	10	8595	2	0	3	8614
TP1_synth_reverse		42	T	2395	439	1407	33	2230	71	887624	894199	0	2	13	0	23	0	8576	8614
TP1_synth_reverse		43	G	1308	534	453	890576	127	411	775	894184	7	0	5	8597	2	0	3	8614
TP1_synth_reverse		44	C	548	888727	1375	82	1850	189	1424	894195	0	8571	9	0	18	0	16	8614
TP1_synth_reverse		45	G	324	435	787	890231	557	77	1770	894181	2	0	6	8600	3	0	3	8614
TP1_synth_reverse		46	C	813	890999	1631	64	1	14	675	894197	0	8597	14	0	0	0	3	8614
TP1_synth_reverse		47	C	372	891890	109	56	1020	33	709	894189	0	8596	1	0	11	0	6	8614
TP1_synth_reverse		48	G	772	991	924	890065	114	49	1256	894171	5	2	10	8595	1	0	1	8614
TP1_synth_reverse		49	A	892757	167	704	77	131	192	158	894186	8602	2	8	0	1	0	0	8613
TP1_synth_reverse		50	T	1257	86	743	155	159	134	891638	894172	0	0	7	0	1	0	8605	8613
TP1_synth_reverse		51	A	892432	620	578	117	76	135	214	894172	8603	4	4	0	1	0	1	8613
TP1_synth_reverse		52	C	590	892130	630	128	147	245	291	894161	0	8606	5	0	1	0	1	8613
TP1_synth_reverse		53	A	890738	383	1143	182	1175	316	237	894174	8590	3	10	0	9	0	1	8613
TP1_synth_reverse		54	G	588	301	444	891557	478	110	676	894154	7	0	5	8591	6	0	4	8613
TP1_synth_reverse		55	A	891504	499	1802	176	1	114	85	894181	8594	4	15	1	0	0	0	8614
TP1_synth_reverse		56	A	893128	29	581	165	0	112	158	894173	8610	0	4	0	0	0	0	8614
TP1_synth_reverse		57	T	2111	142	1066	260	256	217	890079	894131	0	1	9	0	3	0	8601	8614
TP1_synth_reverse		58	A	892483	87	907	94	14	284	271	894140	8604	1	8	0	0	0	1	8614
TP1_synth_reverse		59	T	1139	62	1319	102	134	386	890971	894113	0	0	12	0	2	0	8600	8614
TP1_synth_reverse		60	C	935	891004	1656	63	122	245	71	894096	0	8602	11	0	1	0	0	8614
TP1_synth_reverse		61	T	1363	181	1975	52	597	241	889681	894090	0	1	18	0	6	0	8589	8614
TP1_synth_reverse		62	G	615	324	447	891286	198	322	883	894075	1	0	5	8601	1	0	6	8614
TP1_synth_reverse		63	T	2238	139	1256	18	0	194	890240	894085	0	1	11	0	0	0	8602	8614
TP1_synth_reverse		64	T	2187	655	535	19	224	53	890390	894063	0	4	6	0	2	0	8602	8614
TP1_synth_reverse		65	C	1258	889735	1357	30	861	144	674	894059	0	8591	12	0	6	0	5	8614
TP1_synth_reverse		66	G	928	457	836	890412	140	78	1201	894052	6	0	8	8589	1	0	10	8614
TP1_synth_reverse		67	C	940	890668	1806	34	289	223	89	894049	0	8596	16	0	2	0	0	8614
TP1_synth_reverse		68	A	891377	233	2049	153	19	121	86	894038	8596	0	18	0	0	0	0	8614
TP1_synth_reverse		69	C	373	890778	1976	54	182	64	602	894029	0	8583	22	0	3	0	6	8614
TP1_synth_reverse		70	T	1298	278	2653	46	257	91	889379	894002	0	1	20	0	1	0	8592	8614
TP1_synth_reverse		71	C	452	890086	2953	33	1	319	150	893994	0	8591	23	0	0	0	0	8614
TP1_synth_reverse		72	C	785	890473	2140	75	97	142	269	893981	0	8592	19	0	2	0	1	8614
TP1_synth_reverse		73	G	821	739	3227	887534	236	320	1083	893960	6	1	22	8580	1	0	4	8614
TP1_synth_reverse		74	A	889597	493	3280	153	243	134	48	893948	8587	4	22	0	1	0	0	8614
TP1_synth_reverse		75	G	100	474	2246	890103	1	83	924	893931	0	0	15	8593	0	0	6	8614
TP1_synth_reverse		76	T	1060	1284	3483	95	404	84	887499	893909	0	8	19	0	4	0	8583	8614
TP1_synth_reverse		77	G	494	756	2417	889141	96	81	902	893887	5	1	20	8580	1	0	7	8614
TP1_synth_reverse		78	C	542	886024	4159	39	621	472	2011	893868	0	8571	32	0	3	0	8	8614
TP1_synth_reverse		79	G	525	655	3197	888755	1	165	563	893861	3	0	27	8582	0	0	2	8614
TP1_synth_reverse		80	G	592	416	1116	890904	1	155	648	893832	3	0	10	8598	0	0	3	8614
TP1_synth_reverse		81	C	349	890882	1988	97	143	119	243	893821	0	8599	14	0	0	0	1	8614
TP1_synth_reverse		82	A	889131	235	3713	391	0	102	133	893705	8589	1	22	2	0	0	0	8614
TP1_synth_reverse		83	A	892687	63	513	102	0	227	105	893697	8609	0	5	0	0	0	0	8614
TP1_synth_reverse		84	A	893029	50	140	160	19	223	45	893666	8613	0	1	0	0	0	0	8614
TP1_synth_reverse		85	G	173	423	271	892136	226	131	193	893553	1	0	2	8611	0	0	0	8614
TP1_synth_reverse		86	C	624	892580	16	67	0	98	109	893494	0	8613	0	1	0	0	0	8614
TP1_synth_reverse		87	T	1309	92	15	27	4	287	891693	893427	0	0	0	0	0	0	8614	8614
TP1_synth_reverse		88	G	220	533	25	892093	5	162	319	893357	0	0	0	8614	0	0	0	8614
TP1_synth_reverse		89	T	770	111	476	19	0	58	891849	893283	0	0	1	0	0	0	8613	8614
TP1_synth_reverse		90	T	699	119	24	25	0	92	892175	893134	0	0	0	0	0	0	8614	8614
TP1_synth_reverse		91	C	668	891890	0	75	1	276	118	893028	0	8614	0	0	0	0	0	8614
TP1_synth_reverse		92	C	476	890755	0	55	0	387	223	891896	0	8614	0	0	0	0	0	8614
TP1_synth_reverse		93	G	332	507	0	889237	0	177	220	890473	0	0	0	8614	0	0	0	8614
TP1_synth_reverse		94	T	611	137	0	58	0	89	889248	890143	0	0	0	0	0	0	8614	8614
TP1_synth_reverse		95	C	0	889309	0	0	0	162	0	889471	0	8614	0	0	0	0	0	8614
TP1_synth_reverse		96	C	0	888482	0	0	0	113	0	888595	0	8614	0	0	0	0	0	8614
TP1_synth_reverse		97	C	0	886708	0	0	0	153	0	886861	0	8614	0	0	0	0	0	8614
TP1_synth_reverse		98	A	884995	0	0	0	0	0	0	884995	8614	0	0	0	0	0	0	8614
TP1_synth_reverse		99	G	0	0	0	883403	1	0	0	883404	0	0	0	8614	0	0	0	8614
