



























































































































































































































#AmpliconChromStart	Alias	Position	ProbableRef	rawA	rawC	rawD	rawG	rawI	rawN	rawT	rawDepth	consA	consC	consD	consG	consI	consN	consT	consDepth	
TP1_synth_reverse		1	G	0	0	0	882350	0	0	0	882350	0	0	0	16503	0	0	0	16503
TP1_synth_reverse		2	T	0	0	0	0	0	0	884760	884760	0	0	0	0	0	0	16526	16526
TP1_synth_reverse		3	G	0	0	0	887841	0	90	0	887931	0	0	0	16564	0	0	0	16564
TP1_synth_reverse		4	G	0	0	0	889273	0	44	0	889317	0	0	0	16579	0	0	0	16579
TP1_synth_reverse		5	T	0	0	0	0	0	13	891384	891397	0	0	0	0	0	0	16597	16597
TP1_synth_reverse		6	G	129	100	0	891192	0	18	489	891928	0	0	0	16597	0	0	4	16601
TP1_synth_reverse		7	A	891817	23	0	121	0	64	143	892168	16605	0	0	0	0	0	0	16605
TP1_synth_reverse		8	G	124	84	0	893378	0	126	198	893910	0	0	0	16627	0	0	1	16628
TP1_synth_reverse		9	G	130	175	0	892634	278	42	727	893986	0	0	0	16624	2	0	3	16629
TP1_synth_reverse		10	C	290	893496	1	37	5	31	155	894015	0	16626	0	0	1	0	2	16629
TP1_synth_reverse		11	T	209	187	34	10	1162	24	892408	894034	0	0	1	0	19	0	16610	16630
TP1_synth_reverse		12	C	348	892204	1227	21	3	87	144	894034	0	16610	20	0	0	0	0	16630
TP1_synth_reverse		13	C	508	893258	3	33	0	113	119	894034	0	16630	0	0	0	0	0	16630
TP1_synth_reverse		14	C	559	893257	0	20	1	55	149	894041	1	16629	0	0	0	0	0	16630
TP1_synth_reverse		15	C	327	892651	263	23	425	64	305	894058	0	16617	4	0	7	0	2	16630
TP1_synth_reverse		16	T	402	181	1243	14	0	201	892048	894089	0	1	21	0	0	0	16608	16630
TP1_synth_reverse		17	T	395	163	201	10	1	78	893250	894098	0	2	4	0	0	0	16625	16631
TP1_synth_reverse		18	T	388	310	97	8	628	75	892592	894098	0	1	3	0	7	0	16620	16631
TP1_synth_reverse		19	C	375	891898	1021	13	457	77	385	894226	0	16608	16	0	5	0	3	16632
TP1_synth_reverse		20	T	276	167	957	17	4	28	892777	894226	0	1	20	0	0	0	16611	16632
TP1_synth_reverse		21	T	574	341	375	173	4057	114	888592	894226	0	3	7	1	53	0	16568	16632
TP1_synth_reverse		22	G	282	566	830	891742	278	28	506	894232	2	1	17	16603	5	0	4	16632
TP1_synth_reverse		23	C	606	887692	1889	203	3280	39	532	894241	0	16549	31	3	45	0	5	16633
TP1_synth_reverse		24	G	323	354	974	891455	4	51	1080	894241	3	3	12	16611	0	0	4	16633
TP1_synth_reverse		25	G	242	741	295	891710	497	120	636	894241	2	2	6	16611	8	0	4	16633
TP1_synth_reverse		26	A	890708	21	1037	307	1711	36	436	894256	16573	0	17	2	39	0	3	16634
TP1_synth_reverse		27	G	350	834	618	891499	45	36	874	894256	4	0	10	16612	1	0	7	16634
TP1_synth_reverse		28	A	893249	39	490	84	236	33	125	894256	16624	0	8	0	2	0	0	16634
TP1_synth_reverse		29	T	376	145	1099	154	1	143	892338	894256	0	2	18	1	0	0	16613	16634
TP1_synth_reverse		30	T	1141	315	676	54	364	120	891592	894262	0	3	12	0	3	0	16616	16634
TP1_synth_reverse		31	C	590	892569	826	75	39	71	89	894259	0	16617	16	1	1	0	0	16635
TP1_synth_reverse		32	T	652	274	657	55	150	343	892120	894251	2	3	15	0	4	0	16611	16635
TP1_synth_reverse		33	C	468	892024	891	34	570	129	126	894242	0	16601	19	0	12	1	2	16635
TP1_synth_reverse		34	T	898	155	691	79	0	114	892301	894238	0	1	15	0	0	0	16619	16635
TP1_synth_reverse		35	T	1689	424	165	54	442	106	891340	894220	0	5	6	0	7	0	16617	16635
TP1_synth_reverse		36	C	560	891676	1626	22	2	56	286	894228	0	16610	23	0	0	0	2	16635
TP1_synth_reverse		37	C	689	891867	478	66	157	77	881	894215	0	16603	14	0	6	0	12	16635
TP1_synth_reverse		38	T	780	127	1194	246	278	29	891550	894204	0	1	19	0	4	0	16611	16635
TP1_synth_reverse		39	C	466	892503	746	56	33	75	324	894203	0	16625	9	0	0	0	1	16635
TP1_synth_reverse		40	T	1502	138	2599	36	2401	157	887359	894192	0	4	28	0	29	0	16574	16635
TP1_synth_reverse		41	G	847	710	1012	890603	130	36	854	894192	5	0	14	16606	4	0	6	16635
TP1_synth_reverse		42	T	2393	439	1407	33	2230	71	887614	894187	0	2	20	0	44	0	16569	16635
TP1_synth_reverse		43	G	1308	533	453	890566	127	411	774	894172	9	0	9	16610	3	0	4	16635
TP1_synth_reverse		44	C	548	888715	1375	82	1850	189	1424	894183	0	16567	21	0	22	0	26	16636
TP1_synth_reverse		45	G	323	434	787	890221	557	77	1770	894169	3	0	13	16612	3	0	5	16636
TP1_synth_reverse		46	C	812	890988	1631	64	1	14	675	894185	0	16607	27	0	0	0	3	16637
TP1_synth_reverse		47	C	373	891878	109	56	1020	33	708	894177	1	16604	3	0	23	0	6	16637
TP1_synth_reverse		48	G	771	991	924	890052	114	49	1258	894159	8	3	15	16605	2	0	4	16637
TP1_synth_reverse		49	A	892745	167	704	77	131	192	158	894174	16620	2	13	0	2	0	0	16637
TP1_synth_reverse		50	T	1253	86	743	154	159	134	891631	894160	0	0	13	0	2	0	16622	16637
TP1_synth_reverse		51	A	892420	620	578	117	76	135	214	894160	16614	8	9	0	4	0	2	16637
TP1_synth_reverse		52	C	593	892115	630	128	147	245	291	894149	0	16622	10	0	2	0	3	16637
TP1_synth_reverse		53	A	890726	383	1143	182	1175	316	237	894162	16600	3	20	0	13	0	2	16638
TP1_synth_reverse		54	G	589	302	444	891542	478	110	677	894142	10	0	13	16604	7	0	4	16638
TP1_synth_reverse		55	A	891491	499	1803	176	1	114	85	894169	16605	7	25	2	0	0	0	16639
TP1_synth_reverse		56	A	893117	29	581	164	0	112	158	894161	16630	1	8	0	0	0	0	16639
TP1_synth_reverse		57	T	2112	142	1066	260	256	217	890066	894119	0	3	16	0	3	0	16617	16639
TP1_synth_reverse		58	A	892471	87	907	94	14	284	271	894128	16628	1	10	0	0	0	1	16640
TP1_synth_reverse		59	T	1139	62	1319	102	134	386	890959	894101	0	0	23	0	3	0	16614	16640
TP1_synth_reverse		60	C	934	890994	1656	62	122	245	71	894084	0	16617	22	0	1	0	0	16640
TP1_synth_reverse		61	T	1363	181	1975	52	597	241	889669	894078	0	1	35	1	9	0	16595	16641
TP1_synth_reverse		62	G	615	326	447	891273	198	322	882	894063	3	0	12	16619	1	0	6	16641
TP1_synth_reverse		63	T	2235	139	1256	18	0	194	890231	894073	0	1	17	0	0	0	16624	16642
TP1_synth_reverse		64	T	2189	655	535	19	224	53	890379	894054	0	7	9	0	4	0	16622	16642
TP1_synth_reverse		65	C	1259	889717	1357	30	861	144	674	894042	2	16603	18	0	11	0	8	16642
TP1_synth_reverse		66	G	928	459	836	890394	140	78	1201	894036	9	0	14	16608	1	0	10	16642
TP1_synth_reverse		67	C	939	890652	1806	34	289	223	89	894032	0	16611	30	0	2	0	0	16643
TP1_synth_reverse		68	A	891360	233	2049	153	19	121	86	894021	16616	0	25	0	0	0	1	16642
TP1_synth_reverse		69	C	372	890761	1976	54	182	64	602	894011	1	16598	31	0	5	0	7	16642
TP1_synth_reverse		70	T	1299	278	2653	46	257	91	889360	893984	0	2	27	0	2	0	16611	16642
TP1_synth_reverse		71	C	452	890068	2953	33	1	319	150	893976	0	16606	36	0	0	0	0	16642
TP1_synth_reverse		72	C	785	890455	2140	75	97	142	269	893963	1	16614	23	0	2	0	2	16642
TP1_synth_reverse		73	G	821	739	3227	887516	236	320	1083	893942	7	2	29	16596	2	0	6	16642
TP1_synth_reverse		74	A	889579	493	3280	153	243	134	48	893930	16600	7	34	0	1	0	0	16642
TP1_synth_reverse		75	G	100	473	2246	890086	1	83	924	893913	0	0	22	16612	0	0	8	16642
TP1_synth_reverse		76	T	1060	1284	3483	95	404	84	887481	893891	0	11	31	1	7	0	16592	16642
TP1_synth_reverse		77	G	494	756	2417	889123	96	81	902	893869	11	2	29	16589	2	0	9	16642
TP1_synth_reverse		78	C	542	886008	4159	39	621	472	2008	893849	1	16577	46	0	7	0	11	16642
TP1_synth_reverse		79	G	525	655	3197	888736	1	165	563	893842	6	1	36	16595	0	0	4	16642
TP1_synth_reverse		80	G	592	416	1116	890887	1	155	646	893813	7	2	11	16618	0	0	4	16642
TP1_synth_reverse		81	C	349	890863	1988	97	143	119	243	893802	0	16621	17	0	2	0	2	16642
TP1_synth_reverse		82	A	889112	235	3713	391	0	102	133	893686	16595	1	44	2	0	0	0	16642
TP1_synth_reverse		83	A	892668	63	513	102	0	227	105	893678	16636	0	6	0	0	0	0	16642
TP1_synth_reverse		84	A	893010	50	140	160	19	223	45	893647	16640	0	1	0	1	0	0	16642
TP1_synth_reverse		85	G	173	423	271	892117	226	131	193	893534	1	1	2	16637	1	0	0	16642
TP1_synth_reverse		86	C	624	892561	16	67	0	98	109	893475	0	16641	0	1	0	0	0	16642
TP1_synth_reverse		87	T	1307	92	15	27	4	287	891676	893408	1	0	0	0	0	0	16641	16642
TP1_synth_reverse		88	G	220	533	25	892074	5	162	319	893338	2	0	0	16638	0	0	1	16641
TP1_synth_reverse		89	T	769	111	476	19	0	58	891831	893264	0	0	2	0	0	0	16639	16641
TP1_synth_reverse		90	T	701	119	24	25	0	92	892154	893115	0	0	0	0	0	0	16641	16641
TP1_synth_reverse		91	C	667	891872	0	75	1	276	118	893009	1	16640	0	0	0	0	0	16641
TP1_synth_reverse		92	C	475	890738	0	54	0	387	223	891877	0	16640	0	0	0	0	0	16640
TP1_synth_reverse		93	G	332	507	0	889217	0	177	220	890453	1	0	0	16635	0	0	0	16636
TP1_synth_reverse		94	T	611	137	0	58	0	89	889228	890123	0	0	0	0	0	0	16636	16636
TP1_synth_reverse		95	C	0	889292	0	0	0	162	0	889454	0	16636	0	0	0	0	0	16636
TP1_synth_reverse		96	C	0	888464	0	0	0	113	0	888577	0	16635	0	0	0	0	0	16635
TP1_synth_reverse		97	C	0	886688	0	0	0	153	0	886841	0	16631	0	0	0	0	0	16631
TP1_synth_reverse		98	A	884977	0	0	0	0	0	0	884977	16624	0	0	0	0	0	0	16624
TP1_synth_reverse		99	G	0	0	0	883387	1	0	0	883388	0	0	0	16623	0	0	0	16623
