



























































































































































































































#AmpliconChromStart	Alias	Position	ProbableRef	rawA	rawC	rawD	rawG	rawI	rawN	rawT	rawDepth	consA	consC	consD	consG	consI	consN	consT	consDepth	
TP1_synth_reverse		1	G	0	0	0	882350	0	0	0	882350	0	0	0	7108	0	0	0	7108
TP1_synth_reverse		2	T	0	0	0	0	0	0	884760	884760	0	0	0	0	0	0	7123	7123
TP1_synth_reverse		3	G	0	0	0	887841	0	90	0	887931	0	0	0	7144	0	0	0	7144
TP1_synth_reverse		4	G	0	0	0	889273	0	44	0	889317	0	0	0	7153	0	0	0	7153
TP1_synth_reverse		5	T	0	0	0	0	0	13	891384	891397	0	0	0	0	0	0	7166	7166
TP1_synth_reverse		6	G	129	100	0	891192	0	18	489	891928	0	0	0	7165	0	0	2	7167
TP1_synth_reverse		7	A	891817	23	0	121	0	64	143	892168	7169	0	0	0	0	0	0	7169
TP1_synth_reverse		8	G	124	84	0	893378	0	126	198	893910	0	0	0	7185	0	0	1	7186
TP1_synth_reverse		9	G	130	175	0	892634	278	42	727	893986	0	0	0	7181	2	0	3	7186
TP1_synth_reverse		10	C	290	893496	1	37	5	31	155	894015	0	7185	0	0	0	0	1	7186
TP1_synth_reverse		11	T	209	187	34	10	1162	24	892408	894034	0	0	0	0	8	0	7178	7186
TP1_synth_reverse		12	C	348	892220	1227	21	3	87	144	894050	0	7176	10	0	0	0	0	7186
TP1_synth_reverse		13	C	508	893287	3	33	0	113	119	894063	0	7186	0	0	0	0	0	7186
TP1_synth_reverse		14	C	559	893279	0	20	1	55	149	894063	1	7185	0	0	0	0	0	7186
TP1_synth_reverse		15	C	327	892673	263	23	425	64	305	894080	0	7179	2	0	4	0	1	7186
TP1_synth_reverse		16	T	402	181	1243	14	0	201	892039	894080	0	1	11	0	0	0	7174	7186
TP1_synth_reverse		17	T	395	163	201	10	1	78	893241	894089	0	1	2	0	0	0	7183	7186
TP1_synth_reverse		18	T	391	310	97	8	628	75	892580	894089	0	1	1	0	4	0	7180	7186
TP1_synth_reverse		19	C	375	891889	1021	13	457	77	385	894217	0	7171	9	0	4	0	3	7187
TP1_synth_reverse		20	T	277	167	957	17	4	28	892767	894217	0	1	7	0	0	0	7179	7187
TP1_synth_reverse		21	T	573	341	375	173	4057	114	888584	894217	0	1	2	1	31	0	7152	7187
TP1_synth_reverse		22	G	282	568	830	891725	278	28	506	894217	1	1	6	7178	1	0	0	7187
TP1_synth_reverse		23	C	605	887678	1889	203	3280	39	532	894226	0	7149	10	1	24	0	3	7187
TP1_synth_reverse		24	G	323	354	974	891441	4	51	1079	894226	1	1	7	7175	0	0	3	7187
TP1_synth_reverse		25	G	242	740	295	891711	497	120	636	894241	1	0	2	7178	4	0	2	7187
TP1_synth_reverse		26	A	890708	21	1037	307	1711	36	436	894256	7160	0	9	1	15	0	2	7187
TP1_synth_reverse		27	G	350	837	618	891496	45	36	874	894256	2	0	6	7175	0	0	4	7187
TP1_synth_reverse		28	A	893249	39	490	84	236	33	125	894256	7182	0	4	0	1	0	0	7187
TP1_synth_reverse		29	T	377	145	1099	154	1	143	892337	894256	0	1	8	0	0	0	7178	7187
TP1_synth_reverse		30	T	1141	315	676	54	364	120	891592	894262	0	2	6	0	3	0	7176	7187
TP1_synth_reverse		31	C	590	892560	826	75	39	71	89	894250	0	7179	7	1	0	0	0	7187
TP1_synth_reverse		32	T	654	274	657	55	150	343	892109	894242	0	3	7	0	2	0	7175	7187
TP1_synth_reverse		33	C	467	892016	891	34	570	129	126	894233	0	7176	6	0	4	0	1	7187
TP1_synth_reverse		34	T	900	155	691	79	0	114	892290	894229	0	0	3	0	0	0	7184	7187
TP1_synth_reverse		35	T	1686	424	165	54	442	106	891334	894211	0	2	1	0	2	0	7182	7187
TP1_synth_reverse		36	C	560	891667	1626	22	2	56	286	894219	0	7177	9	0	0	0	1	7187
TP1_synth_reverse		37	C	687	891861	478	65	157	77	881	894206	0	7178	3	0	1	0	5	7187
TP1_synth_reverse		38	T	780	127	1194	246	278	29	891543	894197	0	1	8	0	4	0	7174	7187
TP1_synth_reverse		39	C	463	892499	746	56	33	75	324	894196	0	7183	3	0	0	0	1	7187
TP1_synth_reverse		40	T	1500	138	2599	36	2402	157	887353	894185	0	0	17	0	18	0	7152	7187
TP1_synth_reverse		41	G	844	707	1012	890603	130	36	853	894185	3	0	8	7172	1	0	3	7187
TP1_synth_reverse		42	T	2394	439	1407	33	2230	71	887606	894180	0	2	10	0	19	0	7156	7187
TP1_synth_reverse		43	G	1305	532	452	890564	127	411	774	894165	6	0	5	7171	2	0	3	7187
TP1_synth_reverse		44	C	545	888712	1374	82	1850	189	1424	894176	0	7150	9	0	15	0	13	7187
TP1_synth_reverse		45	G	324	437	786	890218	557	77	1763	894162	2	0	6	7173	3	0	3	7187
TP1_synth_reverse		46	C	813	890980	1631	64	1	14	675	894178	0	7174	11	0	0	0	2	7187
TP1_synth_reverse		47	C	369	891875	109	56	1020	33	708	894170	0	7172	1	0	9	0	5	7187
TP1_synth_reverse		48	G	772	992	924	890042	114	49	1252	894145	4	2	10	7169	1	0	1	7187
TP1_synth_reverse		49	A	892731	167	704	77	131	192	158	894160	7176	2	7	0	1	0	0	7186
TP1_synth_reverse		50	T	1253	86	743	155	159	134	891616	894146	0	0	6	0	1	0	7179	7186
TP1_synth_reverse		51	A	892406	620	578	117	76	135	214	894146	7177	4	3	0	1	0	1	7186
TP1_synth_reverse		52	C	589	892105	630	128	147	245	291	894135	0	7180	4	0	1	0	1	7186
TP1_synth_reverse		53	A	890712	383	1143	182	1175	316	237	894148	7165	2	9	0	9	0	1	7186
TP1_synth_reverse		54	G	588	301	444	891531	478	110	676	894128	5	0	2	7171	5	0	3	7186
TP1_synth_reverse		55	A	891478	499	1802	176	1	114	85	894155	7166	4	15	1	0	0	0	7186
TP1_synth_reverse		56	A	893102	29	581	165	0	112	158	894147	7182	0	4	0	0	0	0	7186
TP1_synth_reverse		57	T	2106	142	1066	260	256	217	890058	894105	0	1	9	0	2	0	7174	7186
TP1_synth_reverse		58	A	892457	87	907	94	14	284	271	894114	7177	1	7	0	0	0	1	7186
TP1_synth_reverse		59	T	1134	62	1319	102	134	386	890950	894087	0	0	10	0	1	0	7175	7186
TP1_synth_reverse		60	C	932	890981	1656	63	122	245	71	894070	0	7175	10	0	1	0	0	7186
TP1_synth_reverse		61	T	1361	181	1975	52	597	241	889657	894064	0	1	16	0	5	0	7164	7186
TP1_synth_reverse		62	G	613	322	447	891265	198	322	882	894049	1	0	4	7175	1	0	5	7186
TP1_synth_reverse		63	T	2234	139	1256	18	0	194	890218	894059	0	0	9	0	0	0	7177	7186
TP1_synth_reverse		64	T	2186	655	535	19	224	53	890368	894040	0	4	5	0	2	0	7175	7186
TP1_synth_reverse		65	C	1253	889716	1358	30	861	144	674	894036	0	7165	11	0	5	0	5	7186
TP1_synth_reverse		66	G	926	457	836	890393	140	78	1199	894029	5	0	7	7163	1	0	10	7186
TP1_synth_reverse		67	C	937	890648	1806	34	289	223	89	894026	0	7171	13	0	2	0	0	7186
TP1_synth_reverse		68	A	891354	233	2049	153	19	121	86	894015	7171	0	15	0	0	0	0	7186
TP1_synth_reverse		69	C	369	890759	1976	54	182	64	602	894006	0	7161	18	0	2	0	5	7186
TP1_synth_reverse		70	T	1296	278	2653	46	257	91	889358	893979	0	1	18	0	1	0	7166	7186
TP1_synth_reverse		71	C	449	890066	2953	33	1	319	150	893971	0	7167	19	0	0	0	0	7186
TP1_synth_reverse		72	C	783	890452	2140	75	97	142	269	893958	0	7167	17	0	1	0	1	7186
TP1_synth_reverse		73	G	821	738	3227	887512	236	320	1083	893937	4	1	20	7157	1	0	3	7186
TP1_synth_reverse		74	A	889574	493	3280	153	243	134	48	893925	7162	4	19	0	1	0	0	7186
TP1_synth_reverse		75	G	100	472	2247	890081	1	83	924	893908	0	0	15	7166	0	0	5	7186
TP1_synth_reverse		76	T	1059	1284	3484	95	404	84	887476	893886	0	8	16	0	3	0	7159	7186
TP1_synth_reverse		77	G	494	755	2418	889121	96	81	900	893865	3	1	17	7160	1	0	4	7186
TP1_synth_reverse		78	C	540	886005	4159	39	621	472	2011	893847	0	7154	23	0	3	0	6	7186
TP1_synth_reverse		79	G	525	655	3197	888736	1	165	561	893840	3	0	21	7160	0	0	2	7186
TP1_synth_reverse		80	G	591	414	1116	890888	1	155	646	893811	2	0	7	7174	0	0	3	7186
TP1_synth_reverse		81	C	346	890864	1988	97	143	119	243	893800	0	7174	11	0	0	0	1	7186
TP1_synth_reverse		82	A	889110	235	3713	391	0	102	133	893684	7165	1	19	1	0	0	0	7186
TP1_synth_reverse		83	A	892666	63	513	102	0	227	105	893676	7181	0	5	0	0	0	0	7186
TP1_synth_reverse		84	A	893008	50	140	160	19	223	45	893645	7185	0	1	0	0	0	0	7186
TP1_synth_reverse		85	G	173	423	271	892115	226	131	193	893532	1	0	2	7183	0	0	0	7186
TP1_synth_reverse		86	C	623	892562	16	67	0	98	109	893475	0	7185	0	1	0	0	0	7186
TP1_synth_reverse		87	T	1307	92	15	26	4	287	891677	893408	0	0	0	0	0	0	7186	7186
TP1_synth_reverse		88	G	220	533	25	892077	5	162	317	893339	0	0	0	7186	0	0	0	7186
TP1_synth_reverse		89	T	772	111	476	19	0	58	891829	893265	0	0	1	0	0	0	7185	7186
TP1_synth_reverse		90	T	697	119	24	25	0	92	892159	893116	0	0	0	0	0	0	7186	7186
TP1_synth_reverse		91	C	667	891873	0	75	1	276	118	893010	0	7186	0	0	0	0	0	7186
TP1_synth_reverse		92	C	476	890739	0	55	0	387	223	891880	0	7186	0	0	0	0	0	7186
TP1_synth_reverse		93	G	332	507	0	889221	0	177	220	890457	0	0	0	7186	0	0	0	7186
TP1_synth_reverse		94	T	612	137	0	58	0	89	889232	890128	0	0	0	0	0	0	7186	7186
TP1_synth_reverse		95	C	0	889295	0	0	0	162	0	889457	0	7186	0	0	0	0	0	7186
TP1_synth_reverse		96	C	0	888469	0	0	0	113	0	888582	0	7186	0	0	0	0	0	7186
TP1_synth_reverse		97	C	0	886695	0	0	0	153	0	886848	0	7186	0	0	0	0	0	7186
TP1_synth_reverse		98	A	884982	0	0	0	0	0	0	884982	7186	0	0	0	0	0	0	7186
TP1_synth_reverse		99	G	0	0	0	883391	1	0	0	883392	0	0	0	7186	0	0	0	7186
