



























































































































































































































#AmpliconChromStart	Alias	Position	ProbableRef	rawA	rawC	rawD	rawG	rawI	rawN	rawT	rawDepth	consA	consC	consD	consG	consI	consN	consT	consDepth	
TP1_synth_reverse		1	G	0	0	0	825583	0	0	0	825583	0	0	0	9152	0	0	0	9152
TP1_synth_reverse		2	T	0	0	0	0	0	0	827597	827597	0	0	0	0	0	0	9162	9162
TP1_synth_reverse		3	G	0	0	0	831189	0	92	0	831281	0	0	0	9184	0	0	0	9184
TP1_synth_reverse		4	G	0	0	0	832586	0	54	0	832640	0	0	0	9191	0	0	0	9191
TP1_synth_reverse		5	T	0	0	0	0	0	18	832975	832993	0	0	0	0	0	0	9195	9195
TP1_synth_reverse		6	G	122	96	0	832965	0	17	236	833436	0	0	0	9197	0	0	0	9197
TP1_synth_reverse		7	A	833823	28	0	101	0	72	116	834140	9201	0	0	0	0	0	0	9201
TP1_synth_reverse		8	G	186	61	0	834468	0	109	241	835065	0	0	0	9209	0	0	1	9210
TP1_synth_reverse		9	G	102	136	0	835534	2	24	123	835921	0	0	0	9216	0	0	2	9218
TP1_synth_reverse		10	C	263	835533	2	25	1	14	116	835954	0	9218	0	0	0	0	1	9219
TP1_synth_reverse		11	T	180	245	27	10	47	24	835437	835970	0	0	0	0	0	0	9220	9220
TP1_synth_reverse		12	C	300	834182	1088	25	0	69	314	835978	0	9205	14	0	0	0	1	9220
TP1_synth_reverse		13	C	437	835314	3	20	1	92	111	835978	0	9220	0	0	0	0	0	9220
TP1_synth_reverse		14	C	382	835434	0	15	1	39	107	835978	0	9220	0	0	0	0	0	9220
TP1_synth_reverse		15	C	286	835052	24	34	429	55	107	835987	1	9214	1	0	4	0	0	9220
TP1_synth_reverse		16	T	364	82	1216	13	0	179	834133	835987	0	0	13	0	0	0	9207	9220
TP1_synth_reverse		17	T	293	112	1	13	0	56	835518	835993	0	0	0	0	0	0	9220	9220
TP1_synth_reverse		18	T	326	138	87	2	2	43	835395	835993	0	0	2	0	0	0	9218	9220
TP1_synth_reverse		19	C	355	836770	278	30	784	60	117	838394	0	9209	6	1	4	0	1	9221
TP1_synth_reverse		20	T	230	61	810	27	3	26	837237	838394	0	0	11	0	0	0	9210	9221
TP1_synth_reverse		21	T	458	166	0	52	2	93	837623	838394	0	0	0	0	0	0	9221	9221
TP1_synth_reverse		22	G	252	431	720	835609	320	19	1043	838394	3	0	3	9209	1	0	5	9221
TP1_synth_reverse		23	C	536	836479	853	64	195	22	255	838404	0	9207	6	2	4	0	3	9222
TP1_synth_reverse		24	G	196	156	269	837091	0	33	659	838404	1	0	5	9214	0	0	2	9222
TP1_synth_reverse		25	G	111	647	8	836764	6	128	748	838412	0	0	0	9215	0	0	7	9222
TP1_synth_reverse		26	A	837903	17	56	240	18	55	140	838429	9220	0	1	1	1	0	0	9223
TP1_synth_reverse		27	G	58	774	177	836424	556	24	416	838429	0	0	2	9218	2	0	1	9223
TP1_synth_reverse		28	A	837696	41	186	84	310	24	105	838446	9219	0	4	0	1	0	0	9224
TP1_synth_reverse		29	T	289	88	398	129	2	126	837414	838446	0	0	6	0	0	0	9218	9224
TP1_synth_reverse		30	T	984	101	3	45	286	124	836913	838456	0	0	0	0	4	0	9221	9225
TP1_synth_reverse		31	C	554	836541	865	44	118	60	265	838447	0	9217	6	0	1	0	1	9225
TP1_synth_reverse		32	T	600	105	369	39	0	351	836980	838444	0	0	4	0	0	0	9221	9225
TP1_synth_reverse		33	C	520	837477	186	47	0	130	79	838439	0	9222	3	0	0	0	0	9225
TP1_synth_reverse		34	T	677	130	125	67	0	85	837353	838437	0	0	1	0	0	0	9224	9225
TP1_synth_reverse		35	T	1417	125	0	62	0	82	836740	838426	0	0	0	0	0	0	9225	9225
TP1_synth_reverse		36	C	502	836641	1038	31	0	40	172	838424	0	9209	13	0	0	0	3	9225
TP1_synth_reverse		37	C	599	837481	5	48	23	64	188	838408	1	9219	0	0	2	0	3	9225
TP1_synth_reverse		38	T	667	86	685	225	1	35	836700	838399	0	0	6	0	0	0	9219	9225
TP1_synth_reverse		39	C	371	836836	600	42	408	53	85	838395	0	9215	8	0	2	0	0	9225
TP1_synth_reverse		40	T	1244	91	18	27	27	143	836846	838396	0	0	0	0	1	0	9224	9225
TP1_synth_reverse		41	G	490	599	27	836749	0	35	491	838391	0	0	1	9219	0	0	5	9225
TP1_synth_reverse		42	T	2034	82	69	53	1	62	836093	838394	0	0	0	0	0	0	9225	9225
TP1_synth_reverse		43	G	399	435	761	835450	5	423	930	838403	0	0	6	9218	0	0	2	9226
TP1_synth_reverse		44	C	480	836270	768	65	196	174	461	838414	0	9209	9	0	3	1	5	9227
TP1_synth_reverse		45	G	314	356	218	836120	13	56	1326	838403	2	2	2	9219	0	0	2	9227
TP1_synth_reverse		46	C	740	837099	366	40	1	11	158	838415	1	9222	4	0	0	0	1	9228
TP1_synth_reverse		47	C	307	837131	1	96	182	30	677	838424	0	9224	0	1	1	0	2	9228
TP1_synth_reverse		48	G	382	663	72	835258	348	34	1648	838405	3	0	2	9219	1	0	3	9228
TP1_synth_reverse		49	A	837726	52	226	95	2	232	121	838454	9223	1	4	0	0	0	0	9228
TP1_synth_reverse		50	T	1011	90	471	169	3	104	836598	838446	0	0	2	1	0	0	9225	9228
TP1_synth_reverse		51	A	837689	45	278	111	6	126	207	838462	9223	0	3	1	0	0	2	9229
TP1_synth_reverse		52	C	576	836603	137	126	156	303	554	838455	0	9217	6	0	1	0	5	9229
TP1_synth_reverse		53	A	836921	16	409	166	502	317	132	838463	9219	0	4	0	6	0	0	9229
TP1_synth_reverse		54	G	360	416	271	836900	26	106	378	838457	1	3	4	9218	1	0	2	9229
TP1_synth_reverse		55	A	837316	92	747	117	0	115	89	838476	9219	0	11	0	0	0	0	9230
TP1_synth_reverse		56	A	837884	15	13	138	13	98	314	838475	9228	0	1	0	0	0	1	9230
TP1_synth_reverse		57	T	1641	61	30	234	1	219	836251	838437	0	0	1	0	0	0	9229	9230
TP1_synth_reverse		58	A	837306	10	132	93	136	241	533	838451	9223	0	3	0	3	0	2	9231
TP1_synth_reverse		59	T	964	45	148	79	554	406	836238	838434	0	0	3	0	2	0	9226	9231
TP1_synth_reverse		60	C	1016	835784	744	86	4	280	506	838420	1	9219	6	1	0	0	4	9231
TP1_synth_reverse		61	T	1290	648	287	1143	239	195	834609	838411	5	4	4	14	2	0	9202	9231
TP1_synth_reverse		62	G	342	252	215	836360	323	293	612	838397	1	0	2	9222	1	0	5	9231
TP1_synth_reverse		63	T	1975	86	487	17	0	157	835681	838403	0	0	9	0	0	0	9223	9232
TP1_synth_reverse		64	T	2418	50	22	21	223	37	835626	838397	2	0	1	0	2	0	9227	9232
TP1_synth_reverse		65	C	1744	835022	1138	30	117	176	164	838391	3	9214	14	0	1	0	0	9232
TP1_synth_reverse		66	G	790	346	154	836650	20	44	382	838386	4	0	3	9222	2	0	1	9232
TP1_synth_reverse		67	C	834	836759	428	42	4	218	96	838381	0	9230	2	0	0	0	0	9232
TP1_synth_reverse		68	A	837632	226	165	151	8	102	102	838386	9229	0	3	0	0	0	0	9232
TP1_synth_reverse		69	C	310	836633	478	33	318	68	540	838380	0	9224	3	0	1	0	4	9232
TP1_synth_reverse		70	T	1023	118	258	38	449	88	836394	838368	0	0	3	0	2	0	9227	9232
TP1_synth_reverse		71	C	339	836935	599	37	1	341	111	838363	0	9226	6	0	0	0	0	9232
TP1_synth_reverse		72	C	689	836465	97	69	285	130	622	838357	0	9225	1	0	1	0	5	9232
TP1_synth_reverse		73	G	265	485	144	836245	3	315	890	838347	2	0	3	9225	0	0	2	9232
TP1_synth_reverse		74	A	837930	40	94	116	4	126	33	838343	9231	0	1	0	0	0	0	9232
TP1_synth_reverse		75	G	382	403	101	837188	34	53	176	838337	4	0	2	9222	2	0	2	9232
TP1_synth_reverse		76	T	875	90	101	45	190	47	836980	838328	0	0	2	0	1	0	9229	9232
TP1_synth_reverse		77	G	797	338	106	836119	7	62	881	838310	2	0	1	9224	0	0	5	9232
TP1_synth_reverse		78	C	477	835345	32	33	920	510	992	838309	0	9222	0	0	5	0	5	9232
TP1_synth_reverse		79	G	386	638	245	836482	2	146	403	838302	4	3	3	9222	0	0	0	9232
TP1_synth_reverse		80	G	249	255	0	836565	249	136	823	838277	5	0	0	9217	4	0	6	9232
TP1_synth_reverse		81	C	428	836629	561	78	320	91	148	838255	1	9220	7	0	4	0	0	9232
TP1_synth_reverse		82	A	833610	34	1799	152	0	67	150	835812	9219	0	11	0	0	0	1	9231
TP1_synth_reverse		83	A	835336	49	9	96	0	222	97	835809	9231	0	0	0	0	0	0	9231
TP1_synth_reverse		84	A	835285	56	0	153	0	233	55	835782	9231	0	0	0	0	0	0	9231
TP1_synth_reverse		85	G	188	291	0	834974	35	93	101	835682	0	0	0	9230	1	0	0	9231
TP1_synth_reverse		86	C	496	834849	100	45	1	70	70	835631	0	9230	1	0	0	0	0	9231
TP1_synth_reverse		87	T	1431	79	4	24	0	319	833700	835557	0	0	0	0	0	0	9231	9231
TP1_synth_reverse		88	G	287	537	1	834375	3	116	189	835508	2	0	0	9229	0	0	0	9231
TP1_synth_reverse		89	T	650	102	422	25	0	44	834228	835471	0	0	0	0	0	0	9231	9231
TP1_synth_reverse		90	T	623	126	0	30	0	69	834513	835361	0	0	0	1	0	0	9230	9231
TP1_synth_reverse		91	C	512	834094	0	267	1	315	106	835295	0	9229	0	2	0	0	0	9231
TP1_synth_reverse		92	C	402	833741	0	130	0	411	220	834904	0	9230	0	0	0	0	0	9230
TP1_synth_reverse		93	G	221	360	0	832318	0	163	506	833568	0	0	0	9227	0	0	1	9228
TP1_synth_reverse		94	T	476	101	0	58	0	75	832752	833462	0	0	0	0	0	0	9228	9228
TP1_synth_reverse		95	C	0	832637	0	0	0	180	0	832817	0	9228	0	0	0	0	0	9228
TP1_synth_reverse		96	C	0	832184	0	0	0	86	0	832270	0	9228	0	0	0	0	0	9228
TP1_synth_reverse		97	C	0	830430	0	0	0	167	0	830597	0	9226	0	0	0	0	0	9226
TP1_synth_reverse		98	A	826545	0	0	0	0	0	0	826545	9221	0	0	0	0	0	0	9221
TP1_synth_reverse		99	G	0	0	0	825348	0	0	0	825348	0	0	0	9221	0	0	0	9221
