



























































































































































































































#AmpliconChromStart	Alias	Position	ProbableRef	rawA	rawC	rawD	rawG	rawI	rawN	rawT	rawDepth	consA	consC	consD	consG	consI	consN	consT	consDepth	
TP1_synth_reverse		1	G	0	0	0	825583	0	0	0	825583	0	0	0	11082	0	0	0	11082
TP1_synth_reverse		2	T	0	0	0	0	0	0	827597	827597	0	0	0	0	0	0	11095	11095
TP1_synth_reverse		3	G	0	0	0	831189	0	92	0	831281	0	0	0	11123	0	0	0	11123
TP1_synth_reverse		4	G	0	0	0	832586	0	54	0	832640	0	0	0	11133	0	0	0	11133
TP1_synth_reverse		5	T	0	0	0	0	0	18	832975	832993	0	0	0	0	0	0	11139	11139
TP1_synth_reverse		6	G	122	96	0	832965	0	17	236	833436	0	0	0	11141	0	0	0	11141
TP1_synth_reverse		7	A	833823	28	0	101	0	72	116	834140	11146	0	0	0	0	0	0	11146
TP1_synth_reverse		8	G	186	61	0	834468	0	109	241	835065	0	0	0	11156	0	0	1	11157
TP1_synth_reverse		9	G	102	136	0	835534	2	24	123	835921	0	0	0	11163	0	0	2	11165
TP1_synth_reverse		10	C	263	835533	2	25	1	14	116	835954	0	11165	0	0	0	0	1	11166
TP1_synth_reverse		11	T	180	245	27	10	47	24	835437	835970	0	0	2	0	1	0	11164	11167
TP1_synth_reverse		12	C	300	834182	1088	25	0	69	314	835978	0	11150	17	0	0	0	1	11168
TP1_synth_reverse		13	C	437	835314	3	20	1	92	111	835978	0	11167	0	0	0	0	1	11168
TP1_synth_reverse		14	C	382	835434	0	15	1	39	107	835978	0	11168	0	0	0	0	0	11168
TP1_synth_reverse		15	C	286	835052	24	34	429	55	107	835987	1	11160	1	0	6	0	0	11168
TP1_synth_reverse		16	T	364	82	1216	13	0	179	834133	835987	0	0	16	0	0	0	11152	11168
TP1_synth_reverse		17	T	293	112	1	13	0	56	835518	835993	0	0	0	0	0	0	11168	11168
TP1_synth_reverse		18	T	326	138	87	2	2	43	835395	835993	0	0	2	0	0	0	11166	11168
TP1_synth_reverse		19	C	355	836770	278	30	784	60	117	838394	0	11156	7	1	4	0	1	11169
TP1_synth_reverse		20	T	230	61	810	27	3	26	837237	838394	0	0	13	0	0	0	11156	11169
TP1_synth_reverse		21	T	458	166	0	52	2	93	837623	838394	0	0	0	0	0	0	11169	11169
TP1_synth_reverse		22	G	252	431	720	835616	320	19	1043	838401	3	0	3	11154	1	0	8	11169
TP1_synth_reverse		23	C	536	836486	853	64	195	22	255	838411	0	11155	6	2	4	0	3	11170
TP1_synth_reverse		24	G	196	156	269	837098	0	33	659	838411	1	0	5	11162	0	0	2	11170
TP1_synth_reverse		25	G	111	647	8	836771	6	128	748	838419	0	0	0	11163	0	0	8	11171
TP1_synth_reverse		26	A	837910	17	56	240	18	55	140	838436	11168	0	2	1	1	0	0	11172
TP1_synth_reverse		27	G	58	776	177	836429	556	24	416	838436	0	0	2	11167	2	0	1	11172
TP1_synth_reverse		28	A	837703	41	186	84	310	24	105	838453	11167	0	5	0	1	0	0	11173
TP1_synth_reverse		29	T	289	88	398	129	2	126	837421	838453	0	0	7	0	0	0	11166	11173
TP1_synth_reverse		30	T	984	101	3	45	286	124	836920	838463	0	0	0	0	4	0	11170	11174
TP1_synth_reverse		31	C	554	836548	865	44	118	60	265	838454	0	11165	6	1	1	0	1	11174
TP1_synth_reverse		32	T	601	105	369	39	0	351	836986	838451	0	0	5	0	0	0	11169	11174
TP1_synth_reverse		33	C	520	837484	186	47	0	130	79	838446	0	11171	3	0	0	0	0	11174
TP1_synth_reverse		34	T	679	130	125	67	0	85	837358	838444	0	0	1	0	0	0	11173	11174
TP1_synth_reverse		35	T	1421	125	0	62	0	82	836743	838433	0	0	0	0	0	0	11174	11174
TP1_synth_reverse		36	C	502	836648	1038	31	0	40	172	838431	0	11151	18	0	0	0	5	11174
TP1_synth_reverse		37	C	600	837487	5	48	23	64	188	838415	1	11168	0	0	2	0	3	11174
TP1_synth_reverse		38	T	667	86	685	225	1	35	836707	838406	0	1	7	0	0	0	11166	11174
TP1_synth_reverse		39	C	371	836843	600	42	408	53	85	838402	0	11163	8	0	3	0	0	11174
TP1_synth_reverse		40	T	1245	91	18	27	27	143	836852	838403	0	0	1	0	1	0	11172	11174
TP1_synth_reverse		41	G	490	600	27	836755	0	35	491	838398	0	0	1	11167	0	0	6	11174
TP1_synth_reverse		42	T	2034	82	69	53	1	62	836100	838401	0	0	0	1	0	0	11173	11174
TP1_synth_reverse		43	G	399	435	761	835457	5	423	930	838410	0	0	6	11167	0	0	2	11175
TP1_synth_reverse		44	C	481	836276	768	65	196	174	461	838421	0	11153	10	0	5	1	7	11176
TP1_synth_reverse		45	G	314	356	218	836125	13	56	1328	838410	2	3	2	11164	1	0	4	11176
TP1_synth_reverse		46	C	741	837105	366	40	1	11	158	838422	0	11172	4	0	0	0	1	11177
TP1_synth_reverse		47	C	308	837137	1	96	182	30	677	838431	0	11169	0	2	1	0	5	11177
TP1_synth_reverse		48	G	383	663	72	835263	348	34	1649	838412	5	0	4	11163	1	0	4	11177
TP1_synth_reverse		49	A	837733	52	226	95	2	232	121	838461	11175	1	5	0	0	0	0	11181
TP1_synth_reverse		50	T	1015	90	471	169	3	104	836601	838453	0	0	3	2	0	0	11176	11181
TP1_synth_reverse		51	A	837696	45	278	111	6	126	207	838469	11175	0	4	1	0	0	2	11182
TP1_synth_reverse		52	C	576	836610	137	126	156	303	554	838462	0	11168	8	0	1	0	5	11182
TP1_synth_reverse		53	A	836920	16	409	166	502	317	132	838462	11171	0	5	0	6	0	0	11182
TP1_synth_reverse		54	G	360	417	271	836898	26	106	378	838456	1	3	4	11171	1	0	2	11182
TP1_synth_reverse		55	A	837315	92	747	117	0	115	89	838475	11170	0	13	0	0	0	0	11183
TP1_synth_reverse		56	A	837883	15	13	138	13	98	314	838474	11181	0	1	0	0	0	1	11183
TP1_synth_reverse		57	T	1641	61	30	235	1	219	836249	838436	1	0	1	0	0	0	11181	11183
TP1_synth_reverse		58	A	837305	10	132	93	136	241	533	838450	11173	0	5	0	4	0	2	11184
TP1_synth_reverse		59	T	964	45	148	79	554	406	836237	838433	0	0	3	0	2	0	11179	11184
TP1_synth_reverse		60	C	1015	835784	744	86	4	280	506	838419	2	11171	6	1	0	0	4	11184
TP1_synth_reverse		61	T	1290	648	287	1143	239	195	834608	838410	6	5	4	16	3	0	11150	11184
TP1_synth_reverse		62	G	342	252	215	836360	323	293	611	838396	0	0	2	11174	1	0	7	11184
TP1_synth_reverse		63	T	1973	86	487	17	0	157	835682	838402	0	1	11	0	0	0	11173	11185
TP1_synth_reverse		64	T	2418	50	22	21	223	37	835625	838396	3	0	2	0	2	0	11178	11185
TP1_synth_reverse		65	C	1744	835021	1138	30	117	176	164	838390	3	11162	19	0	1	0	0	11185
TP1_synth_reverse		66	G	790	346	154	836649	20	44	382	838385	4	0	3	11175	2	0	1	11185
TP1_synth_reverse		67	C	834	836758	428	42	4	218	96	838380	0	11182	3	0	0	0	0	11185
TP1_synth_reverse		68	A	837631	226	165	151	8	102	102	838385	11181	1	3	0	0	0	1	11186
TP1_synth_reverse		69	C	310	836632	478	33	318	68	540	838379	0	11177	4	0	1	0	4	11186
TP1_synth_reverse		70	T	1024	118	258	38	449	88	836392	838367	0	0	3	0	2	0	11181	11186
TP1_synth_reverse		71	C	339	836934	599	37	1	341	111	838362	0	11179	7	0	0	0	0	11186
TP1_synth_reverse		72	C	687	836466	97	69	285	130	622	838356	0	11178	1	0	2	0	5	11186
TP1_synth_reverse		73	G	265	485	144	836244	3	315	890	838346	2	0	4	11177	0	0	3	11186
TP1_synth_reverse		74	A	837929	40	94	116	4	126	33	838342	11185	0	1	0	0	0	0	11186
TP1_synth_reverse		75	G	382	403	101	837187	34	53	176	838336	5	0	2	11175	2	0	2	11186
TP1_synth_reverse		76	T	874	90	101	45	190	47	836980	838327	0	0	2	0	2	0	11182	11186
TP1_synth_reverse		77	G	797	338	106	836118	7	62	881	838309	2	0	1	11177	1	0	5	11186
TP1_synth_reverse		78	C	477	835344	32	33	920	510	992	838308	0	11174	1	0	5	0	6	11186
TP1_synth_reverse		79	G	386	637	245	836482	2	146	403	838301	5	5	3	11173	0	0	0	11186
TP1_synth_reverse		80	G	249	255	0	836564	249	136	823	838276	5	0	0	11170	5	0	6	11186
TP1_synth_reverse		81	C	428	836628	561	78	320	91	148	838254	2	11172	8	0	4	0	0	11186
TP1_synth_reverse		82	A	833609	34	1799	152	0	67	150	835811	11169	0	12	0	0	0	0	11181
TP1_synth_reverse		83	A	835335	49	9	96	0	222	97	835808	11181	0	0	0	0	0	0	11181
TP1_synth_reverse		84	A	835284	56	0	153	0	233	55	835781	11181	0	0	0	0	0	0	11181
TP1_synth_reverse		85	G	188	291	0	834973	35	93	101	835681	0	0	0	11180	1	0	0	11181
TP1_synth_reverse		86	C	496	834848	100	45	1	70	70	835630	0	11180	1	0	0	0	0	11181
TP1_synth_reverse		87	T	1432	79	4	24	0	319	833698	835556	0	0	0	0	0	0	11181	11181
TP1_synth_reverse		88	G	287	536	1	834375	3	116	189	835507	2	0	0	11179	0	0	0	11181
TP1_synth_reverse		89	T	650	102	422	25	0	44	834227	835470	0	0	0	0	0	0	11181	11181
TP1_synth_reverse		90	T	623	126	0	30	0	69	834512	835360	0	0	0	1	0	0	11180	11181
TP1_synth_reverse		91	C	512	834093	0	267	1	315	106	835294	0	11179	0	2	0	0	0	11181
TP1_synth_reverse		92	C	402	833740	0	130	0	411	220	834903	0	11178	0	1	0	0	0	11179
TP1_synth_reverse		93	G	221	360	0	832317	0	163	506	833567	0	0	0	11175	0	0	1	11176
TP1_synth_reverse		94	T	476	101	0	58	0	75	832751	833461	0	0	0	0	0	0	11176	11176
TP1_synth_reverse		95	C	0	832636	0	0	0	180	0	832816	0	11176	0	0	0	0	0	11176
TP1_synth_reverse		96	C	0	832183	0	0	0	86	0	832269	0	11176	0	0	0	0	0	11176
TP1_synth_reverse		97	C	0	830429	0	0	0	167	0	830596	0	11171	0	0	0	0	0	11171
TP1_synth_reverse		98	A	826544	0	0	0	0	0	0	826544	11157	0	0	0	0	0	0	11157
TP1_synth_reverse		99	G	0	0	0	825347	0	0	0	825347	0	0	0	11156	0	0	0	11156
