



























































































































































































































#AmpliconChromStart	Alias	Position	ProbableRef	rawA	rawC	rawD	rawG	rawI	rawN	rawT	rawDepth	consA	consC	consD	consG	consI	consN	consT	consDepth	
TP1_synth_reverse		1	G	0	0	0	825583	0	0	0	825583	0	0	0	4467	0	0	0	4467
TP1_synth_reverse		2	T	0	0	0	0	0	0	827597	827597	0	0	0	0	0	0	4475	4475
TP1_synth_reverse		3	G	0	0	0	831189	0	92	0	831281	0	0	0	4488	0	0	0	4488
TP1_synth_reverse		4	G	0	0	0	832586	0	54	0	832640	0	0	0	4493	0	0	0	4493
TP1_synth_reverse		5	T	0	0	0	0	0	18	832975	832993	0	0	0	0	0	0	4495	4495
TP1_synth_reverse		6	G	122	96	0	832965	0	17	236	833436	0	0	0	4496	0	0	0	4496
TP1_synth_reverse		7	A	833823	28	0	101	0	72	116	834140	4499	0	0	0	0	0	0	4499
TP1_synth_reverse		8	G	186	61	0	834468	0	109	241	835065	0	0	0	4502	0	0	1	4503
TP1_synth_reverse		9	G	102	136	0	835534	2	24	123	835921	0	0	0	4507	0	0	0	4507
TP1_synth_reverse		10	C	263	835533	2	25	1	14	116	835954	0	4507	0	0	0	0	0	4507
TP1_synth_reverse		11	T	180	245	27	10	47	24	835437	835970	0	0	0	0	0	0	4507	4507
TP1_synth_reverse		12	C	300	834182	1088	25	0	69	314	835978	0	4499	7	0	0	0	1	4507
TP1_synth_reverse		13	C	437	835314	3	20	1	92	111	835978	0	4507	0	0	0	0	0	4507
TP1_synth_reverse		14	C	382	835434	0	15	1	39	107	835978	0	4507	0	0	0	0	0	4507
TP1_synth_reverse		15	C	286	835052	24	34	429	55	107	835987	0	4505	0	0	2	0	0	4507
TP1_synth_reverse		16	T	364	82	1216	13	0	179	834133	835987	0	0	8	0	0	0	4499	4507
TP1_synth_reverse		17	T	293	112	1	13	0	56	835518	835993	0	0	0	0	0	0	4507	4507
TP1_synth_reverse		18	T	326	138	87	2	2	43	835395	835993	0	0	1	0	0	0	4506	4507
TP1_synth_reverse		19	C	355	836770	278	30	784	60	117	838394	0	4501	4	0	3	0	0	4508
TP1_synth_reverse		20	T	230	61	810	27	3	26	837237	838394	0	0	5	0	0	0	4503	4508
TP1_synth_reverse		21	T	458	166	0	52	2	93	837623	838394	0	0	0	0	0	0	4508	4508
TP1_synth_reverse		22	G	252	431	720	835616	320	19	1043	838401	2	0	3	4500	1	0	2	4508
TP1_synth_reverse		23	C	536	836486	853	64	195	22	255	838411	0	4503	4	0	1	0	0	4508
TP1_synth_reverse		24	G	196	156	269	837098	0	33	659	838411	0	0	4	4503	0	0	1	4508
TP1_synth_reverse		25	G	111	647	8	836771	6	128	748	838419	0	0	0	4504	0	0	4	4508
TP1_synth_reverse		26	A	837910	17	56	240	18	55	140	838436	4507	0	0	1	0	0	0	4508
TP1_synth_reverse		27	G	58	776	177	836429	556	24	416	838436	0	0	1	4504	2	0	1	4508
TP1_synth_reverse		28	A	837703	41	186	84	310	24	105	838453	4505	0	2	0	1	0	0	4508
TP1_synth_reverse		29	T	289	88	398	129	2	126	837421	838453	0	0	2	0	0	0	4506	4508
TP1_synth_reverse		30	T	984	101	3	45	286	124	836920	838463	0	0	0	0	2	0	4506	4508
TP1_synth_reverse		31	C	554	836548	865	44	118	60	265	838454	0	4503	3	0	1	0	1	4508
TP1_synth_reverse		32	T	601	105	369	39	0	351	836986	838451	0	0	3	0	0	0	4505	4508
TP1_synth_reverse		33	C	520	837484	186	47	0	130	79	838446	0	4507	1	0	0	0	0	4508
TP1_synth_reverse		34	T	679	130	125	67	0	85	837358	838444	0	0	1	0	0	0	4507	4508
TP1_synth_reverse		35	T	1421	125	0	62	0	82	836743	838433	0	0	0	0	0	0	4508	4508
TP1_synth_reverse		36	C	502	836648	1038	31	0	40	172	838431	0	4502	5	0	0	0	1	4508
TP1_synth_reverse		37	C	600	837487	5	48	23	64	188	838415	1	4506	0	0	0	0	1	4508
TP1_synth_reverse		38	T	667	86	685	225	1	35	836707	838406	0	0	3	0	0	0	4505	4508
TP1_synth_reverse		39	C	371	836843	600	42	408	53	85	838402	0	4501	5	0	2	0	0	4508
TP1_synth_reverse		40	T	1245	91	18	27	27	143	836852	838403	0	0	0	0	0	0	4508	4508
TP1_synth_reverse		41	G	490	600	27	836755	0	35	491	838398	0	0	0	4507	0	0	1	4508
TP1_synth_reverse		42	T	2034	82	69	53	1	62	836100	838401	0	0	0	0	0	0	4508	4508
TP1_synth_reverse		43	G	399	435	761	835457	5	423	930	838410	0	0	5	4501	0	0	2	4508
TP1_synth_reverse		44	C	481	836276	768	65	196	174	461	838421	0	4502	4	0	1	0	1	4508
TP1_synth_reverse		45	G	314	356	218	836125	13	56	1328	838410	1	0	1	4506	0	0	0	4508
TP1_synth_reverse		46	C	741	837105	366	40	1	11	158	838422	0	4506	2	0	0	0	0	4508
TP1_synth_reverse		47	C	308	837137	1	96	182	30	677	838431	0	4504	0	1	1	0	2	4508
TP1_synth_reverse		48	G	383	663	72	835263	348	34	1649	838412	2	0	0	4502	1	0	3	4508
TP1_synth_reverse		49	A	837733	52	226	95	2	232	121	838461	4506	0	2	0	0	0	0	4508
TP1_synth_reverse		50	T	1015	90	471	169	3	104	836601	838453	0	0	2	0	0	0	4506	4508
TP1_synth_reverse		51	A	837696	45	278	111	6	126	207	838469	4505	0	2	0	0	0	1	4508
TP1_synth_reverse		52	C	576	836610	137	126	156	303	554	838462	0	4503	0	0	1	0	4	4508
TP1_synth_reverse		53	A	836928	16	409	166	502	317	132	838470	4503	0	2	0	3	0	0	4508
TP1_synth_reverse		54	G	360	417	271	836906	26	106	378	838464	1	2	1	4502	0	0	2	4508
TP1_synth_reverse		55	A	837303	92	747	117	0	115	89	838463	4504	0	4	0	0	0	0	4508
TP1_synth_reverse		56	A	837871	15	13	138	13	98	314	838462	4507	0	0	0	0	0	1	4508
TP1_synth_reverse		57	T	1641	61	30	235	1	219	836237	838424	0	0	0	0	0	0	4508	4508
TP1_synth_reverse		58	A	837293	10	132	93	136	241	533	838438	4503	0	1	0	2	0	2	4508
TP1_synth_reverse		59	T	965	45	148	79	554	406	836224	838421	0	0	1	0	2	0	4505	4508
TP1_synth_reverse		60	C	1015	835772	744	86	4	280	506	838407	1	4499	3	1	0	0	4	4508
TP1_synth_reverse		61	T	1290	648	287	1143	239	195	834596	838398	0	3	3	6	2	0	4494	4508
TP1_synth_reverse		62	G	342	252	215	836347	323	293	612	838384	0	0	1	4504	1	0	2	4508
TP1_synth_reverse		63	T	1975	86	487	17	0	157	835668	838390	0	0	4	0	0	0	4504	4508
TP1_synth_reverse		64	T	2418	50	22	21	223	37	835613	838384	1	0	0	0	1	0	4506	4508
TP1_synth_reverse		65	C	1744	835009	1138	30	117	176	164	838378	2	4498	7	0	1	0	0	4508
TP1_synth_reverse		66	G	790	346	154	836637	20	44	382	838373	3	0	1	4504	0	0	0	4508
TP1_synth_reverse		67	C	835	836745	428	42	4	218	96	838368	0	4506	2	0	0	0	0	4508
TP1_synth_reverse		68	A	837619	226	165	151	8	102	102	838373	4505	0	3	0	0	0	0	4508
TP1_synth_reverse		69	C	310	836620	478	33	318	68	540	838367	0	4502	3	0	1	0	2	4508
TP1_synth_reverse		70	T	1024	118	258	38	449	88	836380	838355	0	0	2	0	1	0	4505	4508
TP1_synth_reverse		71	C	339	836922	599	37	1	341	111	838350	0	4504	4	0	0	0	0	4508
TP1_synth_reverse		72	C	689	836452	97	69	285	130	622	838344	0	4503	1	0	1	0	3	4508
TP1_synth_reverse		73	G	265	485	144	836233	3	315	889	838334	1	0	1	4505	0	0	1	4508
TP1_synth_reverse		74	A	837917	40	94	116	4	126	33	838330	4507	0	1	0	0	0	0	4508
TP1_synth_reverse		75	G	382	403	101	837175	34	53	176	838324	2	0	1	4503	0	0	2	4508
TP1_synth_reverse		76	T	875	90	101	45	190	47	836967	838315	0	0	1	0	1	0	4506	4508
TP1_synth_reverse		77	G	797	338	106	836106	7	62	881	838297	1	0	1	4505	0	0	1	4508
TP1_synth_reverse		78	C	476	835333	32	33	920	510	992	838296	0	4499	0	0	5	0	4	4508
TP1_synth_reverse		79	G	386	638	245	836469	2	146	403	838289	1	1	1	4505	0	0	0	4508
TP1_synth_reverse		80	G	249	255	0	836552	249	136	823	838264	0	0	0	4504	2	0	2	4508
TP1_synth_reverse		81	C	427	836617	561	78	320	91	148	838242	1	4502	2	0	3	0	0	4508
TP1_synth_reverse		82	A	833597	34	1799	152	0	67	150	835799	4499	0	8	0	0	0	0	4507
TP1_synth_reverse		83	A	835324	49	9	95	0	222	97	835796	4507	0	0	0	0	0	0	4507
TP1_synth_reverse		84	A	835272	56	0	153	0	233	55	835769	4507	0	0	0	0	0	0	4507
TP1_synth_reverse		85	G	188	291	0	834961	35	93	101	835669	0	0	0	4507	0	0	0	4507
TP1_synth_reverse		86	C	495	834837	100	45	1	70	70	835618	0	4506	1	0	0	0	0	4507
TP1_synth_reverse		87	T	1432	79	4	24	0	319	833686	835544	0	0	0	0	0	0	4507	4507
TP1_synth_reverse		88	G	286	537	1	834364	3	116	188	835495	1	0	0	4506	0	0	0	4507
TP1_synth_reverse		89	T	650	102	422	25	0	44	834215	835458	0	0	0	0	0	0	4507	4507
TP1_synth_reverse		90	T	623	126	0	30	0	69	834500	835348	0	0	0	0	0	0	4507	4507
TP1_synth_reverse		91	C	512	834081	0	267	1	315	106	835282	0	4505	0	2	0	0	0	4507
TP1_synth_reverse		92	C	402	833729	0	129	0	411	220	834891	0	4507	0	0	0	0	0	4507
TP1_synth_reverse		93	G	221	360	0	832305	0	163	506	833555	0	0	0	4505	0	0	1	4506
TP1_synth_reverse		94	T	476	101	0	57	0	75	832740	833449	0	0	0	0	0	0	4506	4506
TP1_synth_reverse		95	C	0	832624	0	0	0	180	0	832804	0	4506	0	0	0	0	0	4506
TP1_synth_reverse		96	C	0	832171	0	0	0	86	0	832257	0	4506	0	0	0	0	0	4506
TP1_synth_reverse		97	C	0	830417	0	0	0	167	0	830584	0	4506	0	0	0	0	0	4506
TP1_synth_reverse		98	A	826532	0	0	0	0	0	0	826532	4506	0	0	0	0	0	0	4506
TP1_synth_reverse		99	G	0	0	0	825335	0	0	0	825335	0	0	0	4506	0	0	0	4506
