



























































































































































































































#AmpliconChromStart	Alias	Position	ProbableRef	rawA	rawC	rawD	rawG	rawI	rawN	rawT	rawDepth	consA	consC	consD	consG	consI	consN	consT	consDepth	
TP1_synth_reverse		1	G	0	0	0	436806	0	0	0	436806	0	0	0	17520	0	0	0	17520
TP1_synth_reverse		2	T	0	0	0	0	0	0	437610	437610	0	0	0	0	0	0	17541	17541
TP1_synth_reverse		3	G	0	0	0	438677	0	16	0	438693	0	0	0	17580	0	0	0	17580
TP1_synth_reverse		4	G	0	0	0	439291	0	13	0	439304	0	0	0	17600	0	1	0	17601
TP1_synth_reverse		5	T	0	0	0	0	0	42	439455	439497	0	0	0	0	0	0	17609	17609
TP1_synth_reverse		6	G	77	28	0	439723	0	58	95	439981	0	0	0	17619	0	0	1	17620
TP1_synth_reverse		7	A	440026	10	0	52	0	36	84	440208	17624	0	0	0	0	0	1	17625
TP1_synth_reverse		8	G	56	28	0	439835	0	181	233	440333	0	0	0	17631	0	2	1	17634
TP1_synth_reverse		9	G	72	64	0	440278	2	26	199	440641	0	0	0	17641	1	0	1	17643
TP1_synth_reverse		10	C	115	440080	279	21	0	7	154	440656	0	17639	4	0	0	0	1	17644
TP1_synth_reverse		11	T	144	68	175	14	339	21	439895	440656	0	1	3	0	4	0	17636	17644
TP1_synth_reverse		12	C	138	438580	1830	9	1	28	78	440664	1	17611	33	0	0	0	0	17645
TP1_synth_reverse		13	C	183	440223	2	13	0	136	119	440676	0	17645	0	0	0	1	1	17647
TP1_synth_reverse		14	C	144	440243	0	15	0	41	244	440687	0	17647	0	0	0	0	0	17647
TP1_synth_reverse		15	C	132	440312	1	8	137	10	87	440687	0	17645	0	0	2	0	0	17647
TP1_synth_reverse		16	T	280	44	700	16	0	15	439632	440687	0	0	28	0	0	0	17619	17647
TP1_synth_reverse		17	T	264	77	64	11	0	4	440277	440697	0	3	4	0	0	0	17641	17648
TP1_synth_reverse		18	T	233	64	1	6	0	13	440407	440724	0	0	0	0	0	0	17650	17650
TP1_synth_reverse		19	C	236	457502	477	21	0	64	361	458661	0	17732	17	0	0	0	4	17753
TP1_synth_reverse		20	T	352	209	266	44	0	57	457733	458661	0	1	17	0	0	1	17734	17753
TP1_synth_reverse		21	T	1206	63	0	55	13	25	457299	458661	1	0	0	0	0	0	17752	17753
TP1_synth_reverse		22	G	80	474	216	457640	24	13	226	458673	1	2	11	17739	0	0	1	17754
TP1_synth_reverse		23	C	368	457139	668	47	7	27	426	458682	0	17712	23	0	1	0	19	17755
TP1_synth_reverse		24	G	128	73	519	457671	0	19	277	458687	0	0	35	17721	0	0	0	17756
TP1_synth_reverse		25	G	365	295	127	457142	580	45	141	458695	1	2	8	17741	3	1	1	17757
TP1_synth_reverse		26	A	457778	14	520	77	220	6	80	458695	17730	0	24	0	2	1	0	17757
TP1_synth_reverse		27	G	38	174	121	457740	126	60	436	458695	0	0	7	17746	3	0	1	17757
TP1_synth_reverse		28	A	457796	59	650	52	76	17	57	458707	17742	0	10	0	6	0	0	17758
TP1_synth_reverse		29	T	415	46	417	503	1	80	457245	458707	1	0	14	0	0	0	17743	17758
TP1_synth_reverse		30	T	1929	61	14	41	0	34	456634	458713	2	0	1	0	0	0	17756	17759
TP1_synth_reverse		31	C	439	457527	327	98	24	52	236	458703	2	17745	9	1	0	0	2	17759
TP1_synth_reverse		32	T	667	39	1	80	79	4	457824	458694	0	0	0	0	7	0	17752	17759
TP1_synth_reverse		33	C	509	457879	1	24	199	16	64	458692	1	17754	0	0	5	0	0	17760
TP1_synth_reverse		34	T	1750	52	707	1228	1	34	454911	458683	1	0	16	0	0	0	17743	17760
TP1_synth_reverse		35	T	2172	52	69	210	151	25	455994	458673	1	0	1	0	2	0	17756	17760
TP1_synth_reverse		36	C	276	457980	186	52	0	52	125	458671	3	17743	11	0	0	0	3	17760
TP1_synth_reverse		37	C	227	457910	71	304	0	25	115	458652	0	17756	1	0	0	0	3	17760
TP1_synth_reverse		38	T	1213	49	81	58	24	10	457204	458639	1	2	3	0	2	1	17751	17760
TP1_synth_reverse		39	C	219	457808	222	85	127	10	163	458634	0	17736	11	0	7	0	6	17760
TP1_synth_reverse		40	T	1022	54	200	76	5	101	457171	458629	2	0	8	0	0	0	17750	17760
TP1_synth_reverse		41	G	92	895	382	454935	201	28	2090	458623	0	2	19	17728	4	1	6	17760
TP1_synth_reverse		42	T	1914	54	199	85	20	28	456320	458620	2	0	8	0	2	1	17747	17760
TP1_synth_reverse		43	G	320	192	3	455459	255	57	2340	458626	5	0	0	17747	2	0	6	17760
TP1_synth_reverse		44	C	352	457270	158	224	183	5	451	458643	1	17737	5	6	1	0	11	17761
TP1_synth_reverse		45	G	204	123	186	455783	214	12	2116	458638	6	0	3	17740	7	0	5	17761
TP1_synth_reverse		46	C	649	457179	503	78	0	26	212	458647	0	17732	20	0	0	0	9	17761
TP1_synth_reverse		47	C	155	458039	107	26	47	9	264	458647	0	17752	5	0	2	0	2	17761
TP1_synth_reverse		48	G	113	865	318	454589	114	12	2622	458633	0	1	19	17728	4	0	9	17761
TP1_synth_reverse		49	A	457624	47	9	34	39	10	82	457845	18052	0	1	0	4	0	0	18057
TP1_synth_reverse		50	T	2061	51	35	22	476	26	455509	458180	1	0	4	0	7	0	18052	18064
TP1_synth_reverse		51	A	457611	34	64	48	298	42	83	458180	18059	0	2	0	2	1	0	18064
TP1_synth_reverse		52	C	410	456693	834	51	45	42	107	458182	1	18035	23	0	2	1	3	18065
TP1_synth_reverse		53	A	457696	14	246	84	43	28	69	458180	18056	0	6	0	3	0	0	18065
TP1_synth_reverse		54	G	214	244	479	456268	96	68	801	458170	0	0	11	18048	4	0	2	18065
TP1_synth_reverse		55	A	457215	97	618	177	0	49	53	458209	18055	0	12	2	0	0	0	18069
TP1_synth_reverse		56	A	458022	8	0	45	1	35	96	458207	18067	0	0	0	0	2	0	18069
TP1_synth_reverse		57	T	2334	39	330	118	35	14	455316	458186	2	0	14	0	2	0	18051	18069
TP1_synth_reverse		58	A	457873	5	44	77	1	35	152	458187	18069	0	0	0	0	0	1	18070
TP1_synth_reverse		59	T	1090	56	49	111	171	43	456653	458173	0	0	6	1	5	0	18058	18070
TP1_synth_reverse		60	C	1449	456145	299	45	111	63	44	458156	5	18056	6	1	1	1	0	18070
TP1_synth_reverse		61	T	716	38	176	598	1	84	456530	458143	1	0	6	0	0	1	18062	18070
TP1_synth_reverse		62	G	320	215	100	456691	23	61	730	458140	0	0	5	18064	0	0	1	18070
TP1_synth_reverse		63	T	3706	39	193	41	0	16	454149	458144	10	0	2	0	0	0	18059	18071
TP1_synth_reverse		64	T	1575	32	1	112	0	32	456384	458136	1	0	0	0	0	0	18070	18071
TP1_synth_reverse		65	C	526	457075	379	16	0	49	91	458136	1	18060	11	0	0	0	0	18072
TP1_synth_reverse		66	G	742	221	110	456252	0	32	775	458132	1	0	6	18058	0	2	5	18072
TP1_synth_reverse		67	C	627	456538	625	17	185	59	87	458138	0	18049	19	0	1	0	4	18073
TP1_synth_reverse		68	A	457461	360	118	106	0	51	42	458138	18060	1	10	0	0	2	0	18073
TP1_synth_reverse		69	C	73	457316	136	24	321	30	235	458135	0	18057	13	0	1	1	1	18073
TP1_synth_reverse		70	T	712	58	89	472	47	75	456673	458126	0	0	6	0	4	1	18062	18073
TP1_synth_reverse		71	C	183	456743	994	37	0	48	117	458122	0	18059	13	0	0	0	1	18073
TP1_synth_reverse		72	C	555	456515	414	34	0	55	538	458111	2	18060	4	0	0	1	6	18073
TP1_synth_reverse		73	G	446	203	716	456217	325	38	155	458100	0	0	17	18047	8	0	1	18073
TP1_synth_reverse		74	A	456909	154	618	63	282	48	25	458099	18063	0	6	0	4	0	0	18073
TP1_synth_reverse		75	G	685	284	529	456225	1	28	328	458080	7	4	9	18049	0	0	4	18073
TP1_synth_reverse		76	T	4412	43	35	53	109	72	453341	458065	14	0	1	0	4	0	18054	18073
TP1_synth_reverse		77	G	432	229	38	456618	0	38	697	458052	2	0	6	18064	0	0	1	18073
TP1_synth_reverse		78	C	183	456009	230	28	173	113	1313	458049	1	18052	7	0	2	0	11	18073
TP1_synth_reverse		79	G	162	932	407	455387	0	51	1055	457994	1	7	3	18061	0	0	1	18073
TP1_synth_reverse		80	G	691	156	1	456121	87	89	817	457962	9	0	0	18058	1	0	5	18073
TP1_synth_reverse		81	C	107	456658	375	39	539	133	101	457952	0	18063	4	0	4	1	1	18073
TP1_synth_reverse		82	A	439146	12	582	63	1	54	137	439995	17659	0	6	0	0	0	0	17665
TP1_synth_reverse		83	A	439789	18	7	32	0	42	106	439994	17665	0	0	0	0	0	0	17665
TP1_synth_reverse		84	A	439628	7	1	48	195	35	60	439974	17662	0	0	0	3	0	0	17665
TP1_synth_reverse		85	G	84	128	1	438910	58	9	667	439857	0	0	0	17663	2	0	0	17665
TP1_synth_reverse		86	C	163	439544	0	22	0	12	73	439814	0	17663	0	0	0	0	2	17665
TP1_synth_reverse		87	T	1238	37	123	26	1	87	438243	439755	1	0	0	0	0	1	17663	17665
TP1_synth_reverse		88	G	129	197	19	439163	26	23	166	439723	1	0	2	17660	0	0	2	17665
TP1_synth_reverse		89	T	629	48	240	12	0	48	438565	439542	1	0	2	0	0	0	17662	17665
TP1_synth_reverse		90	T	716	57	0	25	0	67	438477	439342	0	0	0	0	0	0	17665	17665
TP1_synth_reverse		91	C	336	438839	0	38	1	14	76	439304	4	17660	0	0	0	0	1	17665
TP1_synth_reverse		92	C	200	438451	0	17	0	48	123	438839	0	17657	0	1	0	0	0	17658
TP1_synth_reverse		93	G	288	99	0	437971	0	6	37	438401	0	0	0	17644	0	0	0	17644
TP1_synth_reverse		94	T	654	59	0	26	0	47	437488	438274	0	0	0	0	0	1	17641	17642
TP1_synth_reverse		95	C	0	437745	0	0	0	51	0	437796	0	17634	0	0	0	0	0	17634
TP1_synth_reverse		96	C	0	437292	0	0	0	5	0	437297	0	17631	0	0	0	0	0	17631
TP1_synth_reverse		97	C	0	436377	0	0	0	2	0	436379	0	17622	0	0	0	0	0	17622
TP1_synth_reverse		98	A	434771	0	0	0	0	0	0	434771	17606	0	0	0	0	0	0	17606
TP1_synth_reverse		99	G	0	0	0	434345	0	0	0	434345	0	0	0	17602	0	0	0	17602
