



























































































































































































































#AmpliconChromStart	Alias	Position	ProbableRef	rawA	rawC	rawD	rawG	rawI	rawN	rawT	rawDepth	consA	consC	consD	consG	consI	consN	consT	consDepth	
TP1_synth_reverse		1	G	0	0	0	436806	0	0	0	436806	0	0	0	7807	0	0	0	7807
TP1_synth_reverse		2	T	0	0	0	0	0	0	437610	437610	0	0	0	0	0	0	7811	7811
TP1_synth_reverse		3	G	0	0	0	438677	0	16	0	438693	0	0	0	7822	0	0	0	7822
TP1_synth_reverse		4	G	0	0	0	439291	0	13	0	439304	0	0	0	7829	0	0	0	7829
TP1_synth_reverse		5	T	0	0	0	0	0	42	439455	439497	0	0	0	0	0	0	7831	7831
TP1_synth_reverse		6	G	77	28	0	439723	0	58	95	439981	0	0	0	7834	0	0	0	7834
TP1_synth_reverse		7	A	440026	10	0	52	0	36	84	440208	7837	0	0	0	0	0	0	7837
TP1_synth_reverse		8	G	56	28	0	439835	0	181	233	440333	0	0	0	7842	0	0	1	7843
TP1_synth_reverse		9	G	72	64	0	440278	2	26	199	440641	0	0	0	7847	0	0	1	7848
TP1_synth_reverse		10	C	115	440080	279	21	0	7	154	440656	0	7847	1	0	0	0	0	7848
TP1_synth_reverse		11	T	144	68	175	14	339	21	439895	440656	0	0	1	0	1	0	7846	7848
TP1_synth_reverse		12	C	138	438580	1830	9	1	28	78	440664	0	7829	19	0	0	0	0	7848
TP1_synth_reverse		13	C	183	440223	2	13	0	136	119	440676	0	7848	0	0	0	0	0	7848
TP1_synth_reverse		14	C	144	440232	0	15	0	41	244	440676	0	7848	0	0	0	0	0	7848
TP1_synth_reverse		15	C	132	440301	1	8	137	10	87	440676	0	7847	0	0	1	0	0	7848
TP1_synth_reverse		16	T	280	44	700	16	0	15	439621	440676	0	0	13	0	0	0	7835	7848
TP1_synth_reverse		17	T	264	77	64	11	0	4	440266	440686	0	1	0	0	0	0	7847	7848
TP1_synth_reverse		18	T	233	64	1	6	0	13	440396	440713	0	0	0	0	0	0	7849	7849
TP1_synth_reverse		19	C	236	457491	477	21	0	64	361	458650	0	7873	7	0	0	0	3	7883
TP1_synth_reverse		20	T	352	209	266	44	0	57	457722	458650	0	1	4	0	0	0	7878	7883
TP1_synth_reverse		21	T	1206	63	0	55	13	25	457288	458650	0	0	0	0	0	0	7883	7883
TP1_synth_reverse		22	G	80	474	216	457630	24	13	225	458662	0	1	6	7876	0	0	1	7884
TP1_synth_reverse		23	C	368	457128	668	47	7	27	426	458671	0	7866	12	0	0	0	7	7885
TP1_synth_reverse		24	G	128	73	519	457660	0	19	277	458676	0	0	13	7872	0	0	0	7885
TP1_synth_reverse		25	G	365	295	127	457132	580	45	140	458684	0	1	5	7875	3	0	1	7885
TP1_synth_reverse		26	A	457767	14	520	77	220	6	80	458684	7870	0	13	0	2	0	0	7885
TP1_synth_reverse		27	G	38	174	121	457729	126	60	436	458684	0	0	3	7880	1	0	1	7885
TP1_synth_reverse		28	A	457785	59	650	52	76	17	57	458696	7876	0	8	0	2	0	0	7886
TP1_synth_reverse		29	T	415	46	417	503	1	80	457234	458696	0	0	6	0	0	0	7880	7886
TP1_synth_reverse		30	T	1929	61	14	41	0	34	456617	458696	0	0	0	0	0	0	7886	7886
TP1_synth_reverse		31	C	439	457510	327	98	24	52	236	458686	0	7879	4	1	0	0	2	7886
TP1_synth_reverse		32	T	667	39	1	80	79	4	457807	458677	0	0	0	0	3	0	7883	7886
TP1_synth_reverse		33	C	509	457862	1	24	199	16	64	458675	0	7885	0	0	2	0	0	7887
TP1_synth_reverse		34	T	1749	52	707	1227	1	33	454897	458666	0	0	7	0	0	0	7880	7887
TP1_synth_reverse		35	T	2171	52	69	210	151	25	455978	458656	0	0	1	0	2	0	7884	7887
TP1_synth_reverse		36	C	276	457963	186	52	0	52	125	458654	0	7883	3	0	0	0	1	7887
TP1_synth_reverse		37	C	227	457894	71	304	0	24	115	458635	0	7886	1	0	0	0	0	7887
TP1_synth_reverse		38	T	1213	49	81	58	24	10	457187	458622	0	0	1	0	0	0	7886	7887
TP1_synth_reverse		39	C	219	457791	222	85	127	10	163	458617	0	7882	3	0	1	0	1	7887
TP1_synth_reverse		40	T	1021	54	200	76	5	101	457155	458612	0	0	4	0	0	0	7883	7887
TP1_synth_reverse		41	G	92	895	382	454919	201	28	2089	458606	0	0	8	7877	2	0	0	7887
TP1_synth_reverse		42	T	1913	54	199	85	20	28	456304	458603	0	0	4	0	1	0	7882	7887
TP1_synth_reverse		43	G	320	192	3	455446	255	57	2336	458609	3	0	0	7882	1	0	1	7887
TP1_synth_reverse		44	C	352	457253	158	224	183	5	451	458626	0	7874	2	3	1	0	7	7887
TP1_synth_reverse		45	G	204	123	186	455770	214	12	2112	458621	2	0	1	7881	2	0	1	7887
TP1_synth_reverse		46	C	649	457162	503	78	0	26	212	458630	0	7873	12	0	0	0	2	7887
TP1_synth_reverse		47	C	155	458023	107	26	47	8	264	458630	0	7881	2	0	2	0	2	7887
TP1_synth_reverse		48	G	113	864	318	454577	114	12	2618	458616	0	0	6	7876	2	0	3	7887
TP1_synth_reverse		49	A	457607	47	9	34	39	10	82	457828	8019	0	0	0	1	0	0	8020
TP1_synth_reverse		50	T	2059	51	35	22	476	26	455494	458163	0	0	1	0	6	0	8015	8022
TP1_synth_reverse		51	A	457594	34	64	48	298	42	83	458163	8019	0	1	0	2	0	0	8022
TP1_synth_reverse		52	C	409	456677	834	51	45	42	107	458165	0	8012	9	0	1	0	0	8022
TP1_synth_reverse		53	A	457694	14	246	84	43	28	69	458178	8017	0	4	0	1	0	0	8022
TP1_synth_reverse		54	G	210	244	479	456273	96	67	799	458168	0	0	6	8014	2	0	0	8022
TP1_synth_reverse		55	A	457213	97	618	177	0	49	53	458207	8018	0	4	1	0	0	0	8023
TP1_synth_reverse		56	A	458020	8	0	45	1	35	96	458205	8023	0	0	0	0	0	0	8023
TP1_synth_reverse		57	T	2331	39	330	118	35	14	455317	458184	0	0	3	0	0	0	8020	8023
TP1_synth_reverse		58	A	457871	5	44	77	1	35	152	458185	8022	0	0	0	0	0	1	8023
TP1_synth_reverse		59	T	1089	56	49	111	171	43	456652	458171	0	0	1	0	2	0	8020	8023
TP1_synth_reverse		60	C	1450	456142	299	45	111	63	44	458154	0	8019	3	0	1	0	0	8023
TP1_synth_reverse		61	T	715	38	176	598	1	84	456529	458141	0	0	1	0	0	0	8022	8023
TP1_synth_reverse		62	G	317	215	100	456692	23	61	730	458138	0	0	1	8021	0	0	1	8023
TP1_synth_reverse		63	T	3714	39	193	41	0	16	454139	458142	0	0	0	0	0	0	8023	8023
TP1_synth_reverse		64	T	1574	32	1	112	0	32	456383	458134	0	0	0	0	0	0	8023	8023
TP1_synth_reverse		65	C	526	457073	379	16	0	49	91	458134	0	8019	4	0	0	0	0	8023
TP1_synth_reverse		66	G	741	221	110	456252	0	31	775	458130	1	0	4	8017	0	0	1	8023
TP1_synth_reverse		67	C	629	456535	625	17	184	59	87	458136	0	8015	6	0	1	0	1	8023
TP1_synth_reverse		68	A	457464	360	118	106	0	50	42	458140	8021	0	2	0	0	0	0	8023
TP1_synth_reverse		69	C	73	457318	136	24	321	30	235	458137	0	8018	4	0	0	0	1	8023
TP1_synth_reverse		70	T	711	58	89	472	47	75	456676	458128	0	0	4	0	0	0	8019	8023
TP1_synth_reverse		71	C	183	456745	994	37	0	48	117	458124	0	8019	4	0	0	0	0	8023
TP1_synth_reverse		72	C	556	456516	414	34	0	55	538	458113	1	8017	2	0	0	0	3	8023
TP1_synth_reverse		73	G	446	203	716	456219	325	38	155	458102	0	0	7	8013	3	0	0	8023
TP1_synth_reverse		74	A	456911	154	618	63	282	48	25	458101	8016	0	5	0	2	0	0	8023
TP1_synth_reverse		75	G	685	284	529	456228	1	28	327	458082	2	2	5	8013	0	0	1	8023
TP1_synth_reverse		76	T	4418	43	35	53	109	72	453337	458067	0	0	1	0	0	0	8022	8023
TP1_synth_reverse		77	G	432	229	38	456620	0	38	697	458054	1	0	0	8021	0	0	1	8023
TP1_synth_reverse		78	C	182	456012	230	28	173	113	1313	458051	0	8017	1	0	0	0	5	8023
TP1_synth_reverse		79	G	162	934	407	455388	0	51	1054	457996	0	2	2	8019	0	0	0	8023
TP1_synth_reverse		80	G	691	157	1	456122	87	89	817	457964	2	0	0	8021	0	0	0	8023
TP1_synth_reverse		81	C	107	456660	375	39	539	133	101	457954	0	8020	2	0	1	0	0	8023
TP1_synth_reverse		82	A	439148	12	582	63	1	54	137	439997	7851	0	3	0	0	0	0	7854
TP1_synth_reverse		83	A	439791	18	7	32	0	42	106	439996	7854	0	0	0	0	0	0	7854
TP1_synth_reverse		84	A	439630	7	1	48	195	35	60	439976	7853	0	0	0	1	0	0	7854
TP1_synth_reverse		85	G	84	128	1	438912	58	9	667	439859	0	0	0	7854	0	0	0	7854
TP1_synth_reverse		86	C	163	439545	0	22	0	12	73	439815	0	7853	0	0	0	0	1	7854
TP1_synth_reverse		87	T	1238	37	123	26	1	87	438245	439757	0	0	0	0	0	0	7854	7854
TP1_synth_reverse		88	G	129	197	19	439166	26	22	166	439725	0	0	0	7854	0	0	0	7854
TP1_synth_reverse		89	T	629	48	240	12	0	48	438567	439544	0	0	2	0	0	0	7852	7854
TP1_synth_reverse		90	T	716	57	0	25	0	67	438479	439344	0	0	0	0	0	0	7854	7854
TP1_synth_reverse		91	C	336	438841	0	38	1	14	76	439306	2	7852	0	0	0	0	0	7854
TP1_synth_reverse		92	C	200	438453	0	17	0	48	123	438841	0	7852	0	0	0	0	0	7852
TP1_synth_reverse		93	G	288	99	0	437974	0	6	37	438404	0	0	0	7851	0	0	0	7851
TP1_synth_reverse		94	T	654	59	0	26	0	47	437491	438277	0	0	0	0	0	0	7851	7851
TP1_synth_reverse		95	C	0	437748	0	0	0	51	0	437799	0	7850	0	0	0	0	0	7850
TP1_synth_reverse		96	C	0	437295	0	0	0	5	0	437300	0	7850	0	0	0	0	0	7850
TP1_synth_reverse		97	C	0	436380	0	0	0	2	0	436382	0	7848	0	0	0	0	0	7848
TP1_synth_reverse		98	A	434774	0	0	0	0	0	0	434774	7844	0	0	0	0	0	0	7844
TP1_synth_reverse		99	G	0	0	0	434348	0	0	0	434348	0	0	0	7844	0	0	0	7844
