



























































































































































































































#AmpliconChromStart	Alias	Position	ProbableRef	rawA	rawC	rawD	rawG	rawI	rawN	rawT	rawDepth	consA	consC	consD	consG	consI	consN	consT	consDepth	
TP1_synth_reverse		1	G	0	0	0	436806	0	0	0	436806	0	0	0	45118	0	0	0	45118
TP1_synth_reverse		2	T	0	0	0	0	0	0	437610	437610	0	0	0	0	0	0	45403	45403
TP1_synth_reverse		3	G	0	0	0	438677	0	16	0	438693	0	0	0	45741	0	0	0	45741
TP1_synth_reverse		4	G	0	0	0	439291	0	13	0	439304	0	0	0	45981	0	2	0	45983
TP1_synth_reverse		5	T	0	0	0	0	0	42	439455	439497	0	0	0	0	0	3	46144	46147
TP1_synth_reverse		6	G	77	28	0	439723	0	58	95	439981	5	4	0	46348	0	24	13	46394
TP1_synth_reverse		7	A	440026	10	0	52	0	36	84	440208	46398	2	0	7	0	22	2	46431
TP1_synth_reverse		8	G	56	28	0	439835	0	181	233	440333	7	8	0	46383	0	50	16	46464
TP1_synth_reverse		9	G	72	64	0	440278	2	26	199	440641	1	18	0	46457	1	6	15	46498
TP1_synth_reverse		10	C	115	440080	279	21	0	7	154	440656	18	46473	10	1	0	0	8	46510
TP1_synth_reverse		11	T	144	68	175	14	339	21	439895	440656	41	7	10	1	8	7	46436	46510
TP1_synth_reverse		12	C	138	438580	1830	9	1	28	78	440664	27	46384	81	1	0	16	7	46516
TP1_synth_reverse		13	C	183	440211	2	13	0	136	119	440664	33	46440	0	0	0	35	8	46516
TP1_synth_reverse		14	C	144	440220	0	15	0	41	244	440664	34	46460	0	0	0	11	11	46516
TP1_synth_reverse		15	C	132	440289	1	8	137	10	87	440664	28	46478	0	1	3	2	4	46516
TP1_synth_reverse		16	T	280	44	700	16	0	15	439609	440664	73	4	85	2	0	11	46341	46516
TP1_synth_reverse		17	T	264	77	64	11	0	4	440254	440674	72	9	5	2	0	1	46435	46524
TP1_synth_reverse		18	T	233	64	1	6	0	13	440384	440701	68	2	0	1	0	3	46468	46542
TP1_synth_reverse		19	C	236	457479	477	21	0	64	361	458638	92	46743	32	1	0	15	16	46899
TP1_synth_reverse		20	T	352	209	266	44	0	57	457710	458638	105	9	36	8	0	6	46735	46899
TP1_synth_reverse		21	T	1205	63	0	55	13	25	457277	458638	484	1	0	5	1	2	46406	46899
TP1_synth_reverse		22	G	80	473	216	457619	24	13	225	458650	7	239	26	46587	2	3	40	46904
TP1_synth_reverse		23	C	368	457116	668	47	7	27	426	458659	89	46696	52	2	5	6	57	46907
TP1_synth_reverse		24	G	128	72	519	457649	0	19	277	458664	6	17	86	46739	0	9	54	46911
TP1_synth_reverse		25	G	365	295	127	457120	580	45	140	458672	27	133	16	46676	17	10	35	46914
TP1_synth_reverse		26	A	457755	14	520	77	220	6	80	458672	46806	1	76	5	14	3	9	46914
TP1_synth_reverse		27	G	38	174	121	457717	126	60	436	458672	4	50	14	46658	11	41	136	46914
TP1_synth_reverse		28	A	457773	59	650	52	76	17	57	458684	46842	5	35	5	17	9	4	46917
TP1_synth_reverse		29	T	415	46	416	503	1	80	457223	458684	106	5	26	63	0	37	46680	46917
TP1_synth_reverse		30	T	1929	61	14	41	0	34	456611	458690	732	4	7	8	0	9	46158	46918
TP1_synth_reverse		31	C	439	457504	327	98	24	52	236	458680	172	46669	29	8	6	21	8	46913
TP1_synth_reverse		32	T	667	39	1	80	79	4	457801	458671	128	3	0	13	12	2	46755	46913
TP1_synth_reverse		33	C	509	457856	1	24	199	16	64	458669	199	46689	0	3	12	5	3	46911
TP1_synth_reverse		34	T	1748	52	707	1227	1	33	454892	458660	267	5	50	145	0	13	46428	46908
TP1_synth_reverse		35	T	2172	52	69	210	151	25	455971	458650	774	6	1	31	4	7	46082	46905
TP1_synth_reverse		36	C	276	457957	186	52	0	52	125	458648	40	46781	37	5	0	21	19	46903
TP1_synth_reverse		37	C	227	457888	71	304	0	24	115	458629	42	46787	1	39	0	4	16	46889
TP1_synth_reverse		38	T	1212	49	81	58	24	10	457182	458616	386	8	4	6	5	5	46465	46879
TP1_synth_reverse		39	C	219	457785	222	85	127	10	163	458611	39	46742	29	9	21	8	28	46876
TP1_synth_reverse		40	T	1021	54	200	76	5	101	457149	458606	227	7	24	15	2	49	46550	46874
TP1_synth_reverse		41	G	92	895	382	454912	201	28	2090	458600	6	451	48	45938	13	16	399	46871
TP1_synth_reverse		42	T	1914	54	199	85	20	28	456297	458597	723	3	16	20	4	8	46097	46871
TP1_synth_reverse		43	G	320	192	3	455437	255	57	2339	458603	21	59	0	46385	11	4	399	46879
TP1_synth_reverse		44	C	352	457249	158	224	182	5	450	458620	111	46709	13	16	4	0	41	46894
TP1_synth_reverse		45	G	204	122	186	455763	214	12	2114	458615	26	32	20	46388	29	1	397	46893
TP1_synth_reverse		46	C	649	457156	503	78	0	26	212	458624	273	46522	47	24	0	9	28	46903
TP1_synth_reverse		47	C	154	458018	107	26	47	8	264	458624	58	46797	12	5	5	7	19	46903
TP1_synth_reverse		48	G	113	864	318	454570	114	12	2619	458610	10	409	45	45982	14	0	437	46897
TP1_synth_reverse		49	A	457601	47	9	34	39	10	82	457822	48454	9	5	3	15	6	8	48500
TP1_synth_reverse		50	T	2059	51	35	22	476	26	455488	458157	396	6	10	4	26	3	48097	48542
TP1_synth_reverse		51	A	457588	34	64	48	298	42	83	458157	48479	14	6	3	11	24	5	48542
TP1_synth_reverse		52	C	409	456671	834	51	45	42	107	458159	111	48308	72	8	4	27	12	48542
TP1_synth_reverse		53	A	457688	14	246	84	43	28	69	458172	48489	3	28	5	7	14	7	48553
TP1_synth_reverse		54	G	213	244	479	456262	96	67	801	458162	36	51	39	48251	11	29	131	48548
TP1_synth_reverse		55	A	457207	97	618	177	0	49	53	458201	48479	25	37	6	0	10	3	48560
TP1_synth_reverse		56	A	458014	8	0	45	1	35	96	458199	48534	2	0	2	1	6	14	48559
TP1_synth_reverse		57	T	2332	39	330	118	35	14	455310	458178	306	2	42	22	5	1	48174	48552
TP1_synth_reverse		58	A	457865	5	44	77	1	35	152	458179	48521	1	3	12	0	3	12	48552
TP1_synth_reverse		59	T	1089	56	49	111	171	43	456646	458165	204	4	14	27	22	23	48255	48549
TP1_synth_reverse		60	C	1453	456133	299	45	111	63	44	458148	372	48106	25	4	6	17	3	48533
TP1_synth_reverse		61	T	715	38	176	598	1	84	456523	458135	128	2	18	73	0	8	48300	48529
TP1_synth_reverse		62	G	319	215	100	456684	23	61	730	458132	55	45	15	48188	4	18	201	48526
TP1_synth_reverse		63	T	3714	39	193	41	0	16	454133	458136	1099	0	11	8	0	6	47403	48527
TP1_synth_reverse		64	T	1574	32	1	112	0	32	456377	458128	299	1	0	26	0	21	48173	48520
TP1_synth_reverse		65	C	525	457068	379	16	0	49	91	458128	73	48396	29	0	0	18	4	48520
TP1_synth_reverse		66	G	741	221	110	456246	0	31	775	458124	136	59	14	48076	0	1	232	48518
TP1_synth_reverse		67	C	629	456528	625	17	185	59	87	458130	219	48184	55	1	15	34	12	48520
TP1_synth_reverse		68	A	457458	360	118	106	0	50	42	458134	48427	41	18	6	0	22	8	48522
TP1_synth_reverse		69	C	73	457313	136	24	321	30	234	458131	18	48456	27	1	5	1	11	48519
TP1_synth_reverse		70	T	710	58	89	472	47	75	456671	458122	144	4	11	64	20	29	48245	48517
TP1_synth_reverse		71	C	183	456739	994	37	0	48	117	458118	35	48382	60	5	0	19	12	48513
TP1_synth_reverse		72	C	556	456510	414	34	0	55	538	458107	210	48194	25	5	0	39	36	48509
TP1_synth_reverse		73	G	446	203	716	456213	325	38	155	458096	80	18	62	48291	29	6	18	48504
TP1_synth_reverse		74	A	456905	154	618	63	282	48	25	458095	48408	14	42	4	27	6	2	48503
TP1_synth_reverse		75	G	685	283	529	456223	1	28	327	458076	74	43	34	48311	0	8	27	48497
TP1_synth_reverse		76	T	4418	43	35	53	109	72	453331	458061	1248	1	7	11	13	8	47200	48488
TP1_synth_reverse		77	G	432	229	38	456614	0	38	697	458048	35	72	9	48219	0	6	142	48483
TP1_synth_reverse		78	C	182	456006	230	28	173	113	1313	458045	36	48289	14	1	21	57	65	48483
TP1_synth_reverse		79	G	162	934	407	455383	0	51	1053	457990	23	393	13	47827	0	21	195	48472
TP1_synth_reverse		80	G	691	157	1	456117	87	89	816	457958	55	43	0	48201	4	24	140	48467
TP1_synth_reverse		81	C	107	456654	375	39	539	133	101	457948	16	48350	25	2	32	35	5	48465
TP1_synth_reverse		82	A	439142	12	582	63	1	54	137	439991	46320	3	29	4	0	25	12	46393
TP1_synth_reverse		83	A	439785	18	7	32	0	42	106	439990	46373	1	0	3	0	4	11	46392
TP1_synth_reverse		84	A	439624	7	1	48	195	35	60	439970	46367	1	0	2	16	1	4	46391
TP1_synth_reverse		85	G	84	128	1	438906	58	9	667	439853	11	28	0	46195	11	3	112	46360
TP1_synth_reverse		86	C	162	439540	0	22	0	12	73	439809	14	46329	0	2	0	2	3	46350
TP1_synth_reverse		87	T	1238	37	123	26	1	87	438239	439751	194	2	3	5	0	45	46091	46340
TP1_synth_reverse		88	G	129	197	19	439160	26	22	166	439719	21	20	8	46232	4	20	27	46332
TP1_synth_reverse		89	T	629	48	240	12	0	48	438561	439538	80	1	12	1	0	26	46194	46314
TP1_synth_reverse		90	T	716	57	0	25	0	67	438473	439338	109	3	0	5	0	32	46115	46264
TP1_synth_reverse		91	C	336	438835	0	38	1	14	76	439300	39	46201	0	4	0	4	10	46258
TP1_synth_reverse		92	C	200	438447	0	17	0	48	123	438835	11	46174	0	4	0	27	5	46221
TP1_synth_reverse		93	G	288	99	0	437968	0	6	37	438398	29	25	0	46102	0	3	4	46163
TP1_synth_reverse		94	T	654	59	0	26	0	47	437485	438271	67	2	0	4	0	31	46037	46141
TP1_synth_reverse		95	C	0	437742	0	0	0	51	0	437793	0	46075	0	0	0	29	0	46104
TP1_synth_reverse		96	C	0	437289	0	0	0	5	0	437294	0	46073	0	0	0	2	0	46075
TP1_synth_reverse		97	C	0	436374	0	0	0	2	0	436376	0	45998	0	0	0	0	0	45998
TP1_synth_reverse		98	A	434769	0	0	0	0	0	0	434769	45877	0	0	0	0	0	0	45877
TP1_synth_reverse		99	G	0	0	0	434343	0	0	0	434343	0	0	0	45814	0	0	0	45814
