



























































































































































































































#AmpliconChromStart	Alias	Position	ProbableRef	rawA	rawC	rawD	rawG	rawI	rawN	rawT	rawDepth	consA	consC	consD	consG	consI	consN	consT	consDepth	
TP1_synth_reverse		1	G	0	0	0	436806	0	0	0	436806	0	0	0	6809	0	0	0	6809
TP1_synth_reverse		2	T	0	0	0	0	0	0	437610	437610	0	0	0	0	0	0	6813	6813
TP1_synth_reverse		3	G	0	0	0	438677	0	16	0	438693	0	0	0	6822	0	0	0	6822
TP1_synth_reverse		4	G	0	0	0	439291	0	13	0	439304	0	0	0	6828	0	0	0	6828
TP1_synth_reverse		5	T	0	0	0	0	0	42	439455	439497	0	0	0	0	0	0	6830	6830
TP1_synth_reverse		6	G	77	28	0	439723	0	58	95	439981	0	0	0	6832	0	0	0	6832
TP1_synth_reverse		7	A	440026	10	0	52	0	36	84	440208	6834	0	0	0	0	0	0	6834
TP1_synth_reverse		8	G	56	28	0	439835	0	181	233	440333	0	0	0	6837	0	0	1	6838
TP1_synth_reverse		9	G	72	64	0	440278	2	26	199	440641	0	0	0	6841	0	0	1	6842
TP1_synth_reverse		10	C	115	440080	279	21	0	7	154	440656	0	6841	1	0	0	0	0	6842
TP1_synth_reverse		11	T	144	68	175	14	339	21	439895	440656	0	0	1	0	1	0	6840	6842
TP1_synth_reverse		12	C	138	438580	1830	9	1	28	78	440664	0	6825	17	0	0	0	0	6842
TP1_synth_reverse		13	C	183	440223	2	13	0	136	119	440676	0	6842	0	0	0	0	0	6842
TP1_synth_reverse		14	C	144	440243	0	15	0	41	244	440687	0	6842	0	0	0	0	0	6842
TP1_synth_reverse		15	C	132	440312	1	8	137	10	87	440687	0	6841	0	0	1	0	0	6842
TP1_synth_reverse		16	T	280	44	700	16	0	15	439632	440687	0	0	9	0	0	0	6833	6842
TP1_synth_reverse		17	T	264	77	64	11	0	4	440277	440697	0	1	0	0	0	0	6841	6842
TP1_synth_reverse		18	T	233	64	1	6	0	13	440407	440724	0	0	0	0	0	0	6842	6842
TP1_synth_reverse		19	C	236	457502	477	21	0	64	361	458661	0	6857	7	0	0	0	3	6867
TP1_synth_reverse		20	T	352	209	266	44	0	57	457733	458661	0	1	3	0	0	0	6863	6867
TP1_synth_reverse		21	T	1206	63	0	55	13	25	457299	458661	0	0	0	0	0	0	6867	6867
TP1_synth_reverse		22	G	80	474	216	457640	24	13	226	458673	0	1	5	6860	0	0	1	6867
TP1_synth_reverse		23	C	368	457139	668	47	7	27	426	458682	0	6849	11	0	0	0	7	6867
TP1_synth_reverse		24	G	128	73	519	457671	0	19	277	458687	0	0	12	6855	0	0	0	6867
TP1_synth_reverse		25	G	365	295	127	457142	580	45	141	458695	0	1	5	6858	3	0	0	6867
TP1_synth_reverse		26	A	457778	14	520	77	220	6	80	458695	6853	0	12	0	2	0	0	6867
TP1_synth_reverse		27	G	38	174	121	457740	126	60	436	458695	0	0	3	6862	1	0	1	6867
TP1_synth_reverse		28	A	457784	59	650	52	76	17	57	458695	6858	0	8	0	1	0	0	6867
TP1_synth_reverse		29	T	415	46	417	503	1	80	457233	458695	0	0	6	0	0	0	6861	6867
TP1_synth_reverse		30	T	1929	61	14	41	0	34	456622	458701	0	0	0	0	0	0	6867	6867
TP1_synth_reverse		31	C	439	457515	327	98	24	52	236	458691	0	6860	4	1	0	0	2	6867
TP1_synth_reverse		32	T	667	39	1	80	79	4	457812	458682	0	0	0	0	3	0	6864	6867
TP1_synth_reverse		33	C	509	457859	1	24	199	16	64	458672	0	6865	0	0	2	0	0	6867
TP1_synth_reverse		34	T	1750	52	707	1228	1	34	454891	458663	0	0	7	0	0	0	6860	6867
TP1_synth_reverse		35	T	2172	52	69	210	151	25	455974	458653	0	0	1	0	2	0	6864	6867
TP1_synth_reverse		36	C	276	457960	186	52	0	52	125	458651	0	6863	3	0	0	0	1	6867
TP1_synth_reverse		37	C	227	457890	71	304	0	25	115	458632	0	6866	1	0	0	0	0	6867
TP1_synth_reverse		38	T	1211	49	81	58	24	10	457186	458619	0	0	1	0	0	0	6866	6867
TP1_synth_reverse		39	C	219	457788	222	85	127	10	163	458614	0	6863	3	0	1	0	0	6867
TP1_synth_reverse		40	T	1021	54	200	76	5	101	457152	458609	0	0	4	0	0	0	6863	6867
TP1_synth_reverse		41	G	92	895	382	454917	201	28	2088	458603	0	0	8	6857	2	0	0	6867
TP1_synth_reverse		42	T	1914	54	199	85	20	28	456300	458600	0	0	3	0	1	0	6863	6867
TP1_synth_reverse		43	G	320	192	3	455443	255	57	2336	458606	2	0	0	6863	1	0	1	6867
TP1_synth_reverse		44	C	352	457250	158	224	183	5	451	458623	0	6857	2	2	1	0	5	6867
TP1_synth_reverse		45	G	204	123	186	455768	214	12	2111	458618	1	0	1	6863	1	0	1	6867
TP1_synth_reverse		46	C	649	457159	503	78	0	26	212	458627	0	6853	12	0	0	0	2	6867
TP1_synth_reverse		47	C	155	458019	107	26	47	9	264	458627	0	6862	2	0	1	0	2	6867
TP1_synth_reverse		48	G	113	865	318	454573	114	12	2618	458613	0	0	4	6859	2	0	2	6867
TP1_synth_reverse		49	A	457604	47	9	34	39	10	82	457825	6995	0	0	0	0	0	0	6995
TP1_synth_reverse		50	T	2060	51	35	22	476	26	455490	458160	0	0	1	0	6	0	6990	6997
TP1_synth_reverse		51	A	457591	34	64	48	298	42	83	458160	6994	0	1	0	2	0	0	6997
TP1_synth_reverse		52	C	407	456676	834	51	45	42	107	458162	0	6988	8	0	1	0	0	6997
TP1_synth_reverse		53	A	457691	14	246	84	43	28	69	458175	6993	0	3	0	1	0	0	6997
TP1_synth_reverse		54	G	211	243	479	456270	96	68	798	458165	0	0	6	6989	2	0	0	6997
TP1_synth_reverse		55	A	457210	97	618	177	0	49	53	458204	6994	0	3	1	0	0	0	6998
TP1_synth_reverse		56	A	458017	8	0	45	1	35	96	458202	6998	0	0	0	0	0	0	6998
TP1_synth_reverse		57	T	2330	39	330	118	35	14	455315	458181	0	0	2	0	0	0	6996	6998
TP1_synth_reverse		58	A	457868	5	44	77	1	35	152	458182	6997	0	0	0	0	0	1	6998
TP1_synth_reverse		59	T	1089	56	49	111	171	43	456649	458168	0	0	0	0	1	0	6997	6998
TP1_synth_reverse		60	C	1451	456138	299	45	111	63	44	458151	0	6994	3	0	1	0	0	6998
TP1_synth_reverse		61	T	713	38	176	598	1	84	456528	458138	0	0	1	0	0	0	6997	6998
TP1_synth_reverse		62	G	315	215	100	456691	23	61	730	458135	0	0	0	6997	0	0	1	6998
TP1_synth_reverse		63	T	3711	39	193	41	0	16	454139	458139	0	0	0	0	0	0	6998	6998
TP1_synth_reverse		64	T	1576	32	1	111	0	32	456379	458131	0	0	0	0	0	0	6998	6998
TP1_synth_reverse		65	C	526	457070	379	16	0	49	91	458131	0	6995	3	0	0	0	0	6998
TP1_synth_reverse		66	G	738	221	110	456253	0	32	773	458127	1	0	3	6993	0	0	1	6998
TP1_synth_reverse		67	C	628	456532	625	17	185	59	87	458133	0	6993	4	0	1	0	0	6998
TP1_synth_reverse		68	A	457460	360	118	106	0	51	42	458137	6996	0	2	0	0	0	0	6998
TP1_synth_reverse		69	C	73	457315	136	24	321	30	235	458134	0	6993	4	0	0	0	1	6998
TP1_synth_reverse		70	T	712	58	89	472	47	75	456672	458125	0	0	4	0	0	0	6994	6998
TP1_synth_reverse		71	C	182	456743	994	37	0	48	117	458121	0	6994	4	0	0	0	0	6998
TP1_synth_reverse		72	C	556	456513	414	34	0	55	538	458110	1	6993	2	0	0	0	2	6998
TP1_synth_reverse		73	G	445	203	716	456218	325	38	154	458099	0	0	5	6991	2	0	0	6998
TP1_synth_reverse		74	A	456908	154	618	63	282	48	25	458098	6991	0	5	0	2	0	0	6998
TP1_synth_reverse		75	G	685	284	529	456224	1	28	328	458079	2	1	4	6990	0	0	1	6998
TP1_synth_reverse		76	T	4418	43	35	53	109	72	453334	458064	0	0	1	0	0	0	6997	6998
TP1_synth_reverse		77	G	432	229	38	456617	0	38	697	458051	1	0	0	6996	0	0	1	6998
TP1_synth_reverse		78	C	183	456008	230	28	173	113	1313	458048	0	6993	1	0	0	0	4	6998
TP1_synth_reverse		79	G	162	934	407	455384	0	51	1055	457993	0	2	2	6994	0	0	0	6998
TP1_synth_reverse		80	G	691	157	1	456119	87	89	817	457961	2	0	0	6996	0	0	0	6998
TP1_synth_reverse		81	C	106	456658	375	39	539	133	101	457951	0	6995	2	0	1	0	0	6998
TP1_synth_reverse		82	A	439146	12	582	63	1	54	137	439995	6840	0	3	0	0	0	0	6843
TP1_synth_reverse		83	A	439789	18	7	32	0	42	106	439994	6843	0	0	0	0	0	0	6843
TP1_synth_reverse		84	A	439628	7	1	48	195	35	60	439974	6842	0	0	0	1	0	0	6843
TP1_synth_reverse		85	G	84	128	1	438910	58	9	667	439857	0	0	0	6843	0	0	0	6843
TP1_synth_reverse		86	C	162	439544	0	22	0	12	73	439813	0	6842	0	0	0	0	1	6843
TP1_synth_reverse		87	T	1238	37	123	26	1	87	438242	439754	0	0	0	0	0	0	6843	6843
TP1_synth_reverse		88	G	129	197	19	439162	26	23	166	439722	0	0	0	6843	0	0	0	6843
TP1_synth_reverse		89	T	629	48	240	12	0	48	438564	439541	0	0	1	0	0	0	6842	6843
TP1_synth_reverse		90	T	716	57	0	25	0	67	438476	439341	0	0	0	0	0	0	6843	6843
TP1_synth_reverse		91	C	336	438838	0	38	1	14	76	439303	2	6841	0	0	0	0	0	6843
TP1_synth_reverse		92	C	200	438450	0	17	0	48	123	438838	0	6841	0	0	0	0	0	6841
TP1_synth_reverse		93	G	288	99	0	437970	0	6	37	438400	0	0	0	6840	0	0	0	6840
TP1_synth_reverse		94	T	653	59	0	26	0	47	437488	438273	0	0	0	0	0	0	6840	6840
TP1_synth_reverse		95	C	0	437744	0	0	0	51	0	437795	0	6839	0	0	0	0	0	6839
TP1_synth_reverse		96	C	0	437291	0	0	0	5	0	437296	0	6839	0	0	0	0	0	6839
TP1_synth_reverse		97	C	0	436377	0	0	0	2	0	436379	0	6839	0	0	0	0	0	6839
TP1_synth_reverse		98	A	434771	0	0	0	0	0	0	434771	6838	0	0	0	0	0	0	6838
TP1_synth_reverse		99	G	0	0	0	434345	0	0	0	434345	0	0	0	6838	0	0	0	6838
