



























































































































































































































#AmpliconChromStart	Alias	Position	ProbableRef	rawA	rawC	rawD	rawG	rawI	rawN	rawT	rawDepth	consA	consC	consD	consG	consI	consN	consT	consDepth	
TP1_synth_reverse		1	G	0	0	0	436806	0	0	0	436806	0	0	0	9440	0	0	0	9440
TP1_synth_reverse		2	T	0	0	0	0	0	0	437610	437610	0	0	0	0	0	0	9444	9444
TP1_synth_reverse		3	G	0	0	0	438677	0	16	0	438693	0	0	0	9463	0	0	0	9463
TP1_synth_reverse		4	G	0	0	0	439291	0	13	0	439304	0	0	0	9470	0	0	0	9470
TP1_synth_reverse		5	T	0	0	0	0	0	42	439455	439497	0	0	0	0	0	0	9472	9472
TP1_synth_reverse		6	G	77	28	0	439723	0	58	95	439981	0	0	0	9476	0	0	0	9476
TP1_synth_reverse		7	A	440026	10	0	52	0	36	84	440208	9479	0	0	0	0	0	0	9479
TP1_synth_reverse		8	G	56	28	0	439835	0	181	233	440333	0	0	0	9485	0	0	1	9486
TP1_synth_reverse		9	G	72	64	0	440278	2	26	199	440641	0	0	0	9491	0	0	1	9492
TP1_synth_reverse		10	C	115	440080	279	21	0	7	154	440656	0	9491	1	0	0	0	0	9492
TP1_synth_reverse		11	T	144	68	175	14	339	21	439895	440656	0	0	1	0	1	0	9490	9492
TP1_synth_reverse		12	C	138	438580	1830	9	1	28	78	440664	0	9473	19	0	0	0	0	9492
TP1_synth_reverse		13	C	183	440223	2	13	0	136	119	440676	0	9492	0	0	0	0	0	9492
TP1_synth_reverse		14	C	144	440243	0	15	0	41	244	440687	0	9492	0	0	0	0	0	9492
TP1_synth_reverse		15	C	132	440312	1	8	137	10	87	440687	0	9490	0	0	2	0	0	9492
TP1_synth_reverse		16	T	280	44	700	16	0	15	439632	440687	0	0	16	0	0	0	9476	9492
TP1_synth_reverse		17	T	264	77	64	11	0	4	440277	440697	0	2	2	0	0	0	9488	9492
TP1_synth_reverse		18	T	233	64	1	6	0	13	440407	440724	0	0	0	0	0	0	9493	9493
TP1_synth_reverse		19	C	236	457502	477	21	0	64	361	458661	0	9530	8	0	0	0	3	9541
TP1_synth_reverse		20	T	352	209	266	44	0	57	457733	458661	0	1	4	0	0	0	9536	9541
TP1_synth_reverse		21	T	1206	63	0	55	13	25	457299	458661	0	0	0	0	0	0	9541	9541
TP1_synth_reverse		22	G	80	474	216	457640	24	13	226	458673	1	1	6	9533	0	0	1	9542
TP1_synth_reverse		23	C	368	457139	668	47	7	27	426	458682	0	9520	14	0	0	0	9	9543
TP1_synth_reverse		24	G	128	73	519	457666	0	19	277	458682	0	0	19	9524	0	0	0	9543
TP1_synth_reverse		25	G	365	295	127	457137	580	45	141	458690	0	2	5	9533	3	0	1	9544
TP1_synth_reverse		26	A	457773	14	520	77	220	6	80	458690	9526	0	16	0	2	0	0	9544
TP1_synth_reverse		27	G	38	174	121	457735	126	60	436	458690	0	0	3	9539	1	0	1	9544
TP1_synth_reverse		28	A	457791	59	650	52	76	17	57	458702	9533	0	8	0	4	0	0	9545
TP1_synth_reverse		29	T	415	46	417	503	1	80	457240	458702	0	0	8	0	0	0	9537	9545
TP1_synth_reverse		30	T	1929	61	14	41	0	34	456629	458708	0	0	0	0	0	0	9546	9546
TP1_synth_reverse		31	C	439	457522	327	98	24	52	236	458698	0	9539	4	1	0	0	2	9546
TP1_synth_reverse		32	T	667	39	1	80	79	4	457819	458689	0	0	0	0	4	0	9542	9546
TP1_synth_reverse		33	C	508	457875	1	24	199	16	64	458687	0	9544	0	0	3	0	0	9547
TP1_synth_reverse		34	T	1750	52	707	1228	1	34	454906	458678	0	0	8	0	0	0	9539	9547
TP1_synth_reverse		35	T	2172	52	69	210	151	25	455989	458668	0	0	1	0	2	0	9544	9547
TP1_synth_reverse		36	C	275	457976	186	52	0	52	125	458666	0	9542	3	0	0	0	2	9547
TP1_synth_reverse		37	C	227	457905	71	304	0	25	115	458647	0	9546	1	0	0	0	0	9547
TP1_synth_reverse		38	T	1213	49	81	58	24	10	457199	458634	0	0	2	0	0	0	9545	9547
TP1_synth_reverse		39	C	219	457803	222	85	127	10	163	458629	0	9541	3	0	2	0	1	9547
TP1_synth_reverse		40	T	1022	54	200	76	5	101	457166	458624	0	0	4	0	0	0	9543	9547
TP1_synth_reverse		41	G	92	895	382	454931	201	28	2089	458618	0	0	12	9533	2	0	0	9547
TP1_synth_reverse		42	T	1914	54	199	85	20	28	456315	458615	0	0	6	0	1	0	9540	9547
TP1_synth_reverse		43	G	320	192	3	455456	255	57	2338	458621	3	0	0	9542	1	0	1	9547
TP1_synth_reverse		44	C	352	457265	158	224	183	5	451	458638	0	9532	2	4	1	0	8	9547
TP1_synth_reverse		45	G	204	123	186	455780	214	12	2114	458633	2	0	1	9540	3	0	1	9547
TP1_synth_reverse		46	C	649	457174	503	78	0	26	212	458642	0	9531	13	0	0	0	3	9547
TP1_synth_reverse		47	C	155	458034	107	26	47	9	264	458642	0	9541	2	0	2	0	2	9547
TP1_synth_reverse		48	G	113	865	318	454585	114	12	2621	458628	0	0	9	9531	2	0	5	9547
TP1_synth_reverse		49	A	457619	47	9	34	39	10	82	457840	9693	0	0	0	3	0	0	9696
TP1_synth_reverse		50	T	2060	51	35	22	476	26	455505	458175	0	0	1	0	6	0	9692	9699
TP1_synth_reverse		51	A	457606	34	64	48	298	42	83	458175	9696	0	1	0	2	0	0	9699
TP1_synth_reverse		52	C	409	456689	834	51	45	42	107	458177	1	9686	9	0	2	0	1	9699
TP1_synth_reverse		53	A	457691	14	246	84	43	28	69	458175	9693	0	5	0	1	0	0	9699
TP1_synth_reverse		54	G	213	244	479	456265	96	68	800	458165	0	0	7	9689	2	0	1	9699
TP1_synth_reverse		55	A	457210	97	618	177	0	49	53	458204	9695	0	4	1	0	0	0	9700
TP1_synth_reverse		56	A	458017	8	0	45	1	35	96	458202	9700	0	0	0	0	0	0	9700
TP1_synth_reverse		57	T	2332	39	330	118	35	14	455313	458181	1	0	3	0	0	0	9696	9700
TP1_synth_reverse		58	A	457868	5	44	77	1	35	152	458182	9699	0	0	0	0	0	1	9700
TP1_synth_reverse		59	T	1090	56	49	111	171	43	456648	458168	0	0	2	0	2	0	9696	9700
TP1_synth_reverse		60	C	1448	456141	299	45	111	63	44	458151	0	9696	3	0	1	0	0	9700
TP1_synth_reverse		61	T	715	38	176	598	1	84	456526	458138	0	0	2	0	0	0	9698	9700
TP1_synth_reverse		62	G	319	215	100	456687	23	61	730	458135	0	0	2	9697	0	0	1	9700
TP1_synth_reverse		63	T	3705	39	193	41	0	16	454145	458139	0	0	1	0	0	0	9700	9701
TP1_synth_reverse		64	T	1575	32	1	112	0	32	456379	458131	0	0	0	0	0	0	9701	9701
TP1_synth_reverse		65	C	526	457070	379	16	0	49	91	458131	0	9697	4	0	0	0	0	9701
TP1_synth_reverse		66	G	741	221	110	456249	0	32	774	458127	1	0	4	9695	0	0	1	9701
TP1_synth_reverse		67	C	627	456533	625	17	185	59	87	458133	0	9693	6	0	1	0	2	9702
TP1_synth_reverse		68	A	457460	360	118	106	0	51	42	458137	9699	0	3	0	0	0	0	9702
TP1_synth_reverse		69	C	73	457315	136	24	321	30	235	458134	0	9695	6	0	0	0	1	9702
TP1_synth_reverse		70	T	712	58	89	472	47	75	456672	458125	0	0	5	0	1	0	9696	9702
TP1_synth_reverse		71	C	183	456742	994	37	0	48	117	458121	0	9697	4	0	0	0	1	9702
TP1_synth_reverse		72	C	555	456514	414	34	0	55	538	458110	1	9696	2	0	0	0	3	9702
TP1_synth_reverse		73	G	446	203	716	456216	325	38	155	458099	0	0	7	9690	5	0	0	9702
TP1_synth_reverse		74	A	456908	154	618	63	282	48	25	458098	9695	0	5	0	2	0	0	9702
TP1_synth_reverse		75	G	685	284	529	456224	1	28	328	458079	2	2	5	9692	0	0	1	9702
TP1_synth_reverse		76	T	4412	43	35	53	109	72	453340	458064	0	0	1	0	1	0	9700	9702
TP1_synth_reverse		77	G	432	229	38	456617	0	38	697	458051	1	0	1	9699	0	0	1	9702
TP1_synth_reverse		78	C	183	456008	230	28	173	113	1313	458048	0	9696	1	0	0	0	5	9702
TP1_synth_reverse		79	G	162	932	407	455387	0	51	1054	457993	0	2	2	9698	0	0	0	9702
TP1_synth_reverse		80	G	691	156	1	456121	87	89	816	457961	3	0	0	9698	0	0	1	9702
TP1_synth_reverse		81	C	107	456657	375	39	539	133	101	457951	0	9699	2	0	1	0	0	9702
TP1_synth_reverse		82	A	439145	12	582	63	1	54	137	439994	9498	0	4	0	0	0	0	9502
TP1_synth_reverse		83	A	439788	18	7	32	0	42	106	439993	9502	0	0	0	0	0	0	9502
TP1_synth_reverse		84	A	439627	7	1	48	195	35	60	439973	9501	0	0	0	1	0	0	9502
TP1_synth_reverse		85	G	84	128	1	438909	58	9	667	439856	0	0	0	9502	0	0	0	9502
TP1_synth_reverse		86	C	163	439543	0	22	0	12	73	439813	0	9501	0	0	0	0	1	9502
TP1_synth_reverse		87	T	1238	37	123	26	1	87	438242	439754	0	0	0	0	0	0	9502	9502
TP1_synth_reverse		88	G	129	197	19	439162	26	23	166	439722	0	0	1	9501	0	0	0	9502
TP1_synth_reverse		89	T	629	48	240	12	0	48	438564	439541	0	0	2	0	0	0	9500	9502
TP1_synth_reverse		90	T	716	57	0	25	0	67	438476	439341	0	0	0	0	0	0	9502	9502
TP1_synth_reverse		91	C	336	438838	0	38	1	14	76	439303	2	9500	0	0	0	0	0	9502
TP1_synth_reverse		92	C	200	438451	0	17	0	48	123	438839	0	9500	0	0	0	0	0	9500
TP1_synth_reverse		93	G	288	99	0	437971	0	6	37	438401	0	0	0	9499	0	0	0	9499
TP1_synth_reverse		94	T	654	59	0	26	0	47	437488	438274	0	0	0	0	0	0	9499	9499
TP1_synth_reverse		95	C	0	437745	0	0	0	51	0	437796	0	9498	0	0	0	0	0	9498
TP1_synth_reverse		96	C	0	437292	0	0	0	5	0	437297	0	9498	0	0	0	0	0	9498
TP1_synth_reverse		97	C	0	436377	0	0	0	2	0	436379	0	9493	0	0	0	0	0	9493
TP1_synth_reverse		98	A	434771	0	0	0	0	0	0	434771	9489	0	0	0	0	0	0	9489
TP1_synth_reverse		99	G	0	0	0	434345	0	0	0	434345	0	0	0	9489	0	0	0	9489
