



























































































































































































































#AmpliconChromStart	Alias	Position	ProbableRef	rawA	rawC	rawD	rawG	rawI	rawN	rawT	rawDepth	consA	consC	consD	consG	consI	consN	consT	consDepth	
TP1_synth_reverse		1	G	0	0	0	436806	0	0	0	436806	0	0	0	13002	0	0	0	13002
TP1_synth_reverse		2	T	0	0	0	0	0	0	437610	437610	0	0	0	0	0	0	13009	13009
TP1_synth_reverse		3	G	0	0	0	438677	0	16	0	438693	0	0	0	13032	0	0	0	13032
TP1_synth_reverse		4	G	0	0	0	439291	0	13	0	439304	0	0	0	13043	0	0	0	13043
TP1_synth_reverse		5	T	0	0	0	0	0	42	439455	439497	0	0	0	0	0	0	13046	13046
TP1_synth_reverse		6	G	77	28	0	439723	0	58	95	439981	0	0	0	13052	0	0	0	13052
TP1_synth_reverse		7	A	440026	10	0	52	0	36	84	440208	13055	0	0	0	0	0	1	13056
TP1_synth_reverse		8	G	56	28	0	439835	0	181	233	440333	0	0	0	13063	0	0	1	13064
TP1_synth_reverse		9	G	72	64	0	440278	2	26	199	440641	0	0	0	13069	0	0	1	13070
TP1_synth_reverse		10	C	115	440080	279	21	0	7	154	440656	0	13069	1	0	0	0	1	13071
TP1_synth_reverse		11	T	144	68	175	14	339	21	439895	440656	0	0	1	0	1	0	13069	13071
TP1_synth_reverse		12	C	138	438580	1830	9	1	28	78	440664	0	13050	22	0	0	0	0	13072
TP1_synth_reverse		13	C	183	440223	2	13	0	136	119	440676	0	13071	0	0	0	0	1	13072
TP1_synth_reverse		14	C	144	440243	0	15	0	41	244	440687	0	13072	0	0	0	0	0	13072
TP1_synth_reverse		15	C	132	440312	1	8	137	10	87	440687	0	13070	0	0	2	0	0	13072
TP1_synth_reverse		16	T	280	44	700	16	0	15	439632	440687	0	0	21	0	0	0	13051	13072
TP1_synth_reverse		17	T	264	77	64	11	0	4	440277	440697	0	3	3	0	0	0	13067	13073
TP1_synth_reverse		18	T	233	64	1	6	0	13	440407	440724	0	0	0	0	0	0	13075	13075
TP1_synth_reverse		19	C	236	457502	477	21	0	64	361	458661	0	13129	11	0	0	0	3	13143
TP1_synth_reverse		20	T	352	209	266	44	0	57	457733	458661	0	1	11	0	0	0	13131	13143
TP1_synth_reverse		21	T	1206	63	0	55	13	25	457299	458661	0	0	0	0	0	0	13143	13143
TP1_synth_reverse		22	G	80	474	216	457640	24	13	226	458673	1	2	7	13133	0	0	1	13144
TP1_synth_reverse		23	C	368	457139	668	47	7	27	426	458682	0	13112	19	0	0	0	14	13145
TP1_synth_reverse		24	G	128	73	519	457671	0	19	277	458687	0	0	30	13115	0	0	0	13145
TP1_synth_reverse		25	G	365	295	127	457142	580	45	141	458695	0	2	7	13133	3	0	1	13146
TP1_synth_reverse		26	A	457778	14	520	77	220	6	80	458695	13123	0	21	0	2	0	0	13146
TP1_synth_reverse		27	G	38	174	121	457740	126	60	436	458695	0	0	6	13136	3	0	1	13146
TP1_synth_reverse		28	A	457784	59	650	52	76	17	57	458695	13134	0	8	0	4	0	0	13146
TP1_synth_reverse		29	T	415	46	417	503	1	80	457233	458695	0	0	11	0	0	0	13135	13146
TP1_synth_reverse		30	T	1929	61	14	41	0	34	456622	458701	0	0	0	0	0	0	13147	13147
TP1_synth_reverse		31	C	439	457515	327	98	24	52	236	458691	0	13137	7	1	0	0	2	13147
TP1_synth_reverse		32	T	667	39	1	80	79	4	457812	458682	0	0	0	0	7	0	13140	13147
TP1_synth_reverse		33	C	509	457867	1	24	199	16	64	458680	0	13143	0	0	5	0	0	13148
TP1_synth_reverse		34	T	1750	52	707	1228	1	34	454899	458671	0	0	12	0	0	0	13136	13148
TP1_synth_reverse		35	T	2172	52	69	210	151	25	455982	458661	0	0	1	0	2	0	13145	13148
TP1_synth_reverse		36	C	276	457968	186	52	0	52	125	458659	1	13140	5	0	0	0	2	13148
TP1_synth_reverse		37	C	227	457898	71	304	0	25	115	458640	0	13145	1	0	0	0	2	13148
TP1_synth_reverse		38	T	1213	49	81	58	24	10	457192	458627	0	2	3	0	0	0	13143	13148
TP1_synth_reverse		39	C	219	457796	222	85	127	10	163	458622	0	13136	6	0	3	0	3	13148
TP1_synth_reverse		40	T	1021	54	200	76	5	101	457160	458617	0	0	6	0	0	0	13142	13148
TP1_synth_reverse		41	G	92	895	382	454924	201	28	2089	458611	0	0	15	13130	2	0	1	13148
TP1_synth_reverse		42	T	1914	54	199	85	20	28	456308	458608	0	0	8	0	2	0	13138	13148
TP1_synth_reverse		43	G	320	192	3	455449	255	57	2338	458614	3	1	0	13142	1	0	1	13148
TP1_synth_reverse		44	C	352	457258	158	224	183	5	451	458631	0	13131	2	5	1	0	10	13149
TP1_synth_reverse		45	G	204	123	186	455775	214	12	2112	458626	4	0	1	13137	5	0	2	13149
TP1_synth_reverse		46	C	649	457167	503	78	0	26	212	458635	0	13126	16	0	0	0	7	13149
TP1_synth_reverse		47	C	155	458027	107	26	47	9	264	458635	0	13142	3	0	2	0	2	13149
TP1_synth_reverse		48	G	113	865	318	454580	114	12	2619	458621	0	0	12	13128	4	0	5	13149
TP1_synth_reverse		49	A	457612	47	9	34	39	10	82	457833	13337	0	0	0	4	0	0	13341
TP1_synth_reverse		50	T	2060	51	35	22	476	26	455498	458168	1	0	2	0	7	0	13337	13347
TP1_synth_reverse		51	A	457599	34	64	48	298	42	83	458168	13344	0	1	0	2	0	0	13347
TP1_synth_reverse		52	C	407	456684	834	51	45	42	107	458170	2	13325	16	0	2	0	3	13348
TP1_synth_reverse		53	A	457699	14	246	84	43	28	69	458183	13341	0	6	0	2	0	0	13349
TP1_synth_reverse		54	G	212	244	479	456276	96	68	798	458173	0	0	8	13336	4	0	1	13349
TP1_synth_reverse		55	A	457218	97	618	177	0	49	53	458212	13344	0	7	1	0	0	0	13352
TP1_synth_reverse		56	A	458025	8	0	45	1	35	96	458210	13352	0	0	0	0	0	0	13352
TP1_synth_reverse		57	T	2332	39	330	118	35	14	455321	458189	1	0	7	0	1	0	13343	13352
TP1_synth_reverse		58	A	457876	5	44	77	1	35	152	458190	13352	0	0	0	0	0	1	13353
TP1_synth_reverse		59	T	1089	56	49	111	171	43	456657	458176	0	0	4	0	3	0	13346	13353
TP1_synth_reverse		60	C	1453	456144	299	45	111	63	44	458159	0	13348	4	0	1	0	0	13353
TP1_synth_reverse		61	T	716	38	176	598	1	84	456533	458146	0	0	4	0	0	0	13349	13353
TP1_synth_reverse		62	G	318	215	100	456696	23	61	730	458143	0	0	4	13348	0	0	1	13353
TP1_synth_reverse		63	T	3713	39	193	41	0	16	454145	458147	1	0	1	0	0	0	13352	13354
TP1_synth_reverse		64	T	1576	32	1	112	0	32	456386	458139	0	0	0	0	0	0	13354	13354
TP1_synth_reverse		65	C	526	457078	379	16	0	49	91	458139	0	13348	7	0	0	0	0	13355
TP1_synth_reverse		66	G	740	221	110	456259	0	32	773	458135	1	0	5	13347	0	0	2	13355
TP1_synth_reverse		67	C	628	456540	625	17	185	59	87	458141	0	13343	8	0	1	0	4	13356
TP1_synth_reverse		68	A	457464	360	118	106	0	51	42	458141	13348	0	8	0	0	0	0	13356
TP1_synth_reverse		69	C	73	457319	136	24	321	30	235	458138	0	13346	9	0	0	0	1	13356
TP1_synth_reverse		70	T	712	58	89	472	47	75	456676	458129	0	0	6	0	2	0	13348	13356
TP1_synth_reverse		71	C	182	456747	994	37	0	48	117	458125	0	13349	6	0	0	0	1	13356
TP1_synth_reverse		72	C	556	456517	414	34	0	55	538	458114	1	13350	2	0	0	0	3	13356
TP1_synth_reverse		73	G	446	203	716	456221	325	38	154	458103	0	0	11	13340	5	0	0	13356
TP1_synth_reverse		74	A	456912	154	618	63	282	48	25	458102	13348	0	6	0	2	0	0	13356
TP1_synth_reverse		75	G	685	284	529	456228	1	28	328	458083	4	2	7	13340	0	0	3	13356
TP1_synth_reverse		76	T	4418	43	35	53	109	72	453338	458068	1	0	1	0	2	0	13352	13356
TP1_synth_reverse		77	G	432	229	38	456621	0	38	697	458055	2	0	1	13352	0	0	1	13356
TP1_synth_reverse		78	C	183	456012	230	28	173	113	1313	458052	0	13347	2	0	0	0	7	13356
TP1_synth_reverse		79	G	162	934	407	455388	0	51	1055	457997	1	2	2	13351	0	0	0	13356
TP1_synth_reverse		80	G	691	157	1	456123	87	89	817	457965	5	0	0	13350	0	0	1	13356
TP1_synth_reverse		81	C	106	456662	375	39	539	133	101	457955	0	13349	3	0	4	0	0	13356
TP1_synth_reverse		82	A	439150	12	582	63	1	54	137	439999	13082	0	5	0	0	1	0	13088
TP1_synth_reverse		83	A	439793	18	7	32	0	42	106	439998	13088	0	0	0	0	0	0	13088
TP1_synth_reverse		84	A	439632	7	1	48	195	35	60	439978	13085	0	0	0	3	0	0	13088
TP1_synth_reverse		85	G	84	128	1	438914	58	9	667	439861	0	0	0	13087	1	0	0	13088
TP1_synth_reverse		86	C	162	439548	0	22	0	12	73	439817	0	13087	0	0	0	0	1	13088
TP1_synth_reverse		87	T	1238	37	123	26	1	87	438246	439758	0	0	0	0	0	0	13088	13088
TP1_synth_reverse		88	G	129	197	19	439166	26	23	166	439726	0	0	2	13086	0	0	0	13088
TP1_synth_reverse		89	T	629	48	240	12	0	48	438568	439545	0	0	2	0	0	0	13086	13088
TP1_synth_reverse		90	T	716	57	0	25	0	67	438480	439345	0	0	0	0	0	0	13088	13088
TP1_synth_reverse		91	C	336	438842	0	38	1	14	76	439307	2	13086	0	0	0	0	0	13088
TP1_synth_reverse		92	C	200	438454	0	17	0	48	123	438842	0	13084	0	1	0	0	0	13085
TP1_synth_reverse		93	G	288	99	0	437974	0	6	37	438404	0	0	0	13078	0	0	0	13078
TP1_synth_reverse		94	T	654	59	0	26	0	47	437491	438277	0	0	0	0	0	0	13078	13078
TP1_synth_reverse		95	C	0	437748	0	0	0	51	0	437799	0	13074	0	0	0	0	0	13074
TP1_synth_reverse		96	C	0	437295	0	0	0	5	0	437300	0	13073	0	0	0	0	0	13073
TP1_synth_reverse		97	C	0	436381	0	0	0	2	0	436383	0	13067	0	0	0	0	0	13067
TP1_synth_reverse		98	A	434775	0	0	0	0	0	0	434775	13059	0	0	0	0	0	0	13059
TP1_synth_reverse		99	G	0	0	0	434349	0	0	0	434349	0	0	0	13057	0	0	0	13057
