



























































































































































































































#AmpliconChromStart	Alias	Position	ProbableRef	rawA	rawC	rawD	rawG	rawI	rawN	rawT	rawDepth	consA	consC	consD	consG	consI	consN	consT	consDepth	
TP1_synth_reverse		1	G	0	0	0	436806	0	0	0	436806	0	0	0	7253	0	0	0	7253
TP1_synth_reverse		2	T	0	0	0	0	0	0	437610	437610	0	0	0	0	0	0	7257	7257
TP1_synth_reverse		3	G	0	0	0	438677	0	16	0	438693	0	0	0	7267	0	0	0	7267
TP1_synth_reverse		4	G	0	0	0	439291	0	13	0	439304	0	0	0	7274	0	0	0	7274
TP1_synth_reverse		5	T	0	0	0	0	0	42	439455	439497	0	0	0	0	0	0	7276	7276
TP1_synth_reverse		6	G	77	28	0	439723	0	58	95	439981	0	0	0	7279	0	0	0	7279
TP1_synth_reverse		7	A	440026	10	0	52	0	36	84	440208	7282	0	0	0	0	0	0	7282
TP1_synth_reverse		8	G	56	28	0	439835	0	181	233	440333	0	0	0	7285	0	0	1	7286
TP1_synth_reverse		9	G	72	64	0	440278	2	26	199	440641	0	0	0	7289	0	0	1	7290
TP1_synth_reverse		10	C	115	440080	279	21	0	7	154	440656	0	7289	1	0	0	0	0	7290
TP1_synth_reverse		11	T	144	68	175	14	339	21	439895	440656	0	0	1	0	1	0	7288	7290
TP1_synth_reverse		12	C	138	438580	1830	9	1	28	78	440664	0	7272	18	0	0	0	0	7290
TP1_synth_reverse		13	C	183	440223	2	13	0	136	119	440676	0	7290	0	0	0	0	0	7290
TP1_synth_reverse		14	C	144	440243	0	15	0	41	244	440687	0	7290	0	0	0	0	0	7290
TP1_synth_reverse		15	C	132	440312	1	8	137	10	87	440687	0	7289	0	0	1	0	0	7290
TP1_synth_reverse		16	T	280	44	700	16	0	15	439632	440687	0	0	10	0	0	0	7280	7290
TP1_synth_reverse		17	T	264	77	64	11	0	4	440277	440697	0	1	0	0	0	0	7289	7290
TP1_synth_reverse		18	T	233	64	1	6	0	13	440407	440724	0	0	0	0	0	0	7291	7291
TP1_synth_reverse		19	C	236	457502	477	21	0	64	361	458661	0	7309	7	0	0	0	3	7319
TP1_synth_reverse		20	T	352	209	266	44	0	57	457733	458661	0	1	3	0	0	0	7315	7319
TP1_synth_reverse		21	T	1206	63	0	55	13	25	457299	458661	0	0	0	0	0	0	7319	7319
TP1_synth_reverse		22	G	80	474	216	457640	24	13	226	458673	0	1	6	7312	0	0	1	7320
TP1_synth_reverse		23	C	368	457139	668	47	7	27	426	458682	0	7301	12	0	0	0	7	7320
TP1_synth_reverse		24	G	128	73	519	457666	0	19	277	458682	0	0	12	7308	0	0	0	7320
TP1_synth_reverse		25	G	365	295	127	457137	580	45	141	458690	0	1	5	7310	3	0	1	7320
TP1_synth_reverse		26	A	457773	14	520	77	220	6	80	458690	7306	0	12	0	2	0	0	7320
TP1_synth_reverse		27	G	38	174	121	457735	126	60	436	458690	0	0	3	7315	1	0	1	7320
TP1_synth_reverse		28	A	457791	59	650	52	76	17	57	458702	7311	0	8	0	2	0	0	7321
TP1_synth_reverse		29	T	415	46	417	503	1	80	457240	458702	0	0	6	0	0	0	7315	7321
TP1_synth_reverse		30	T	1929	61	14	41	0	34	456629	458708	0	0	0	0	0	0	7321	7321
TP1_synth_reverse		31	C	439	457522	327	98	24	52	236	458698	0	7314	4	1	0	0	2	7321
TP1_synth_reverse		32	T	667	39	1	80	79	4	457819	458689	0	0	0	0	3	0	7318	7321
TP1_synth_reverse		33	C	508	457875	1	24	199	16	64	458687	0	7320	0	0	2	0	0	7322
TP1_synth_reverse		34	T	1750	52	707	1228	1	34	454906	458678	0	0	7	0	0	0	7315	7322
TP1_synth_reverse		35	T	2172	52	69	210	151	25	455989	458668	0	0	1	0	2	0	7319	7322
TP1_synth_reverse		36	C	275	457976	186	52	0	52	125	458666	0	7318	3	0	0	0	1	7322
TP1_synth_reverse		37	C	227	457905	71	304	0	25	115	458647	0	7321	1	0	0	0	0	7322
TP1_synth_reverse		38	T	1213	49	81	58	24	10	457199	458634	0	0	1	0	0	0	7321	7322
TP1_synth_reverse		39	C	219	457803	222	85	127	10	163	458629	0	7317	3	0	1	0	1	7322
TP1_synth_reverse		40	T	1022	54	200	76	5	101	457166	458624	0	0	4	0	0	0	7318	7322
TP1_synth_reverse		41	G	92	895	382	454931	201	28	2089	458618	0	0	8	7312	2	0	0	7322
TP1_synth_reverse		42	T	1914	54	199	85	20	28	456315	458615	0	0	4	0	1	0	7317	7322
TP1_synth_reverse		43	G	320	192	3	455456	255	57	2338	458621	3	0	0	7317	1	0	1	7322
TP1_synth_reverse		44	C	352	457265	158	224	183	5	451	458638	0	7312	2	2	1	0	5	7322
TP1_synth_reverse		45	G	204	123	186	455780	214	12	2114	458633	1	0	1	7317	2	0	1	7322
TP1_synth_reverse		46	C	649	457174	503	78	0	26	212	458642	0	7308	12	0	0	0	2	7322
TP1_synth_reverse		47	C	155	458034	107	26	47	9	264	458642	0	7316	2	0	2	0	2	7322
TP1_synth_reverse		48	G	113	865	318	454585	114	12	2621	458628	0	0	4	7314	2	0	2	7322
TP1_synth_reverse		49	A	457619	47	9	34	39	10	82	457840	7454	0	0	0	1	0	0	7455
TP1_synth_reverse		50	T	2060	51	35	22	476	26	455505	458175	0	0	1	0	6	0	7450	7457
TP1_synth_reverse		51	A	457606	34	64	48	298	42	83	458175	7454	0	1	0	2	0	0	7457
TP1_synth_reverse		52	C	409	456689	834	51	45	42	107	458177	0	7448	8	0	1	0	0	7457
TP1_synth_reverse		53	A	457706	14	246	84	43	28	69	458190	7453	0	3	0	1	0	0	7457
TP1_synth_reverse		54	G	213	244	479	456280	96	68	800	458180	0	0	6	7449	2	0	0	7457
TP1_synth_reverse		55	A	457225	97	618	177	0	49	53	458219	7454	0	3	1	0	0	0	7458
TP1_synth_reverse		56	A	458032	8	0	45	1	35	96	458217	7458	0	0	0	0	0	0	7458
TP1_synth_reverse		57	T	2332	39	330	118	35	14	455328	458196	0	0	3	0	0	0	7455	7458
TP1_synth_reverse		58	A	457883	5	44	77	1	35	152	458197	7457	0	0	0	0	0	1	7458
TP1_synth_reverse		59	T	1090	56	49	111	171	43	456663	458183	0	0	1	0	1	0	7456	7458
TP1_synth_reverse		60	C	1454	456150	299	45	111	63	44	458166	0	7454	3	0	1	0	0	7458
TP1_synth_reverse		61	T	715	38	176	598	1	84	456541	458153	0	0	1	0	0	0	7457	7458
TP1_synth_reverse		62	G	319	215	100	456702	23	61	730	458150	0	0	1	7456	0	0	1	7458
TP1_synth_reverse		63	T	3713	39	193	41	0	16	454152	458154	0	0	0	0	0	0	7458	7458
TP1_synth_reverse		64	T	1576	32	1	112	0	32	456393	458146	0	0	0	0	0	0	7458	7458
TP1_synth_reverse		65	C	526	457085	379	16	0	49	91	458146	0	7454	4	0	0	0	0	7458
TP1_synth_reverse		66	G	741	221	110	456264	0	32	774	458142	1	0	4	7452	0	0	1	7458
TP1_synth_reverse		67	C	629	456546	625	17	185	59	87	458148	0	7452	5	0	1	0	0	7458
TP1_synth_reverse		68	A	457475	360	118	106	0	51	42	458152	7456	0	2	0	0	0	0	7458
TP1_synth_reverse		69	C	73	457329	136	24	321	30	235	458148	0	7453	4	0	0	0	1	7458
TP1_synth_reverse		70	T	712	58	89	472	47	75	456686	458139	0	0	4	0	0	0	7454	7458
TP1_synth_reverse		71	C	183	456756	994	37	0	48	117	458135	0	7454	4	0	0	0	0	7458
TP1_synth_reverse		72	C	556	456527	414	34	0	55	538	458124	1	7452	2	0	0	0	3	7458
TP1_synth_reverse		73	G	446	203	716	456230	325	38	155	458113	0	0	6	7449	3	0	0	7458
TP1_synth_reverse		74	A	456922	154	618	63	282	48	25	458112	7451	0	5	0	2	0	0	7458
TP1_synth_reverse		75	G	685	284	529	456238	1	28	328	458093	2	1	4	7450	0	0	1	7458
TP1_synth_reverse		76	T	4418	43	35	53	109	72	453348	458078	0	0	1	0	0	0	7457	7458
TP1_synth_reverse		77	G	432	229	38	456631	0	38	697	458065	1	0	0	7456	0	0	1	7458
TP1_synth_reverse		78	C	183	456022	230	28	173	113	1313	458062	0	7453	1	0	0	0	4	7458
TP1_synth_reverse		79	G	162	934	407	455399	0	51	1054	458007	0	2	2	7454	0	0	0	7458
TP1_synth_reverse		80	G	691	157	1	456134	87	89	816	457975	2	0	0	7456	0	0	0	7458
TP1_synth_reverse		81	C	107	456671	375	39	539	133	101	457965	0	7455	2	0	1	0	0	7458
TP1_synth_reverse		82	A	439159	12	582	63	1	54	137	440008	7292	0	3	0	0	0	0	7295
TP1_synth_reverse		83	A	439802	18	7	32	0	42	106	440007	7295	0	0	0	0	0	0	7295
TP1_synth_reverse		84	A	439641	7	1	48	195	35	60	439987	7294	0	0	0	1	0	0	7295
TP1_synth_reverse		85	G	84	128	1	438923	58	9	667	439870	0	0	0	7295	0	0	0	7295
TP1_synth_reverse		86	C	163	439556	0	22	0	12	73	439826	0	7294	0	0	0	0	1	7295
TP1_synth_reverse		87	T	1238	37	123	26	1	87	438255	439767	0	0	0	0	0	0	7295	7295
TP1_synth_reverse		88	G	129	197	19	439175	26	23	166	439735	0	0	0	7295	0	0	0	7295
TP1_synth_reverse		89	T	629	48	240	12	0	48	438577	439554	0	0	1	0	0	0	7294	7295
TP1_synth_reverse		90	T	716	57	0	25	0	67	438489	439354	0	0	0	0	0	0	7295	7295
TP1_synth_reverse		91	C	336	438851	0	38	1	14	76	439316	2	7293	0	0	0	0	0	7295
TP1_synth_reverse		92	C	200	438464	0	17	0	48	123	438852	0	7293	0	0	0	0	0	7293
TP1_synth_reverse		93	G	288	99	0	437984	0	6	37	438414	0	0	0	7292	0	0	0	7292
TP1_synth_reverse		94	T	654	59	0	26	0	47	437501	438287	0	0	0	0	0	0	7292	7292
TP1_synth_reverse		95	C	0	437758	0	0	0	51	0	437809	0	7291	0	0	0	0	0	7291
TP1_synth_reverse		96	C	0	437305	0	0	0	5	0	437310	0	7291	0	0	0	0	0	7291
TP1_synth_reverse		97	C	0	436390	0	0	0	2	0	436392	0	7290	0	0	0	0	0	7290
TP1_synth_reverse		98	A	434784	0	0	0	0	0	0	434784	7287	0	0	0	0	0	0	7287
TP1_synth_reverse		99	G	0	0	0	434358	0	0	0	434358	0	0	0	7287	0	0	0	7287
