



























































































































































































































#AmpliconChromStart	Alias	Position	ProbableRef	rawA	rawC	rawD	rawG	rawI	rawN	rawT	rawDepth	consA	consC	consD	consG	consI	consN	consT	consDepth	
TP1_synth_forward		5	T	0	0	0	0	0	0	1196	1196	0	0	0	0	0	0	51	51
TP1_synth_forward		6	G	0	0	0	1880	0	0	0	1880	0	0	0	77	0	0	0	77
TP1_synth_forward		7	A	2050	0	0	0	0	0	0	2050	80	0	0	0	0	0	0	80
TP1_synth_forward		8	G	0	0	0	2128	0	0	0	2128	0	0	0	85	0	0	0	85
TP1_synth_forward		9	G	0	0	0	2260	0	0	0	2260	0	0	0	90	0	0	0	90
TP1_synth_forward		10	C	5	2272	0	0	0	2	0	2279	0	91	0	0	0	0	0	91
TP1_synth_forward		11	T	32	0	0	0	0	1	2253	2286	0	0	0	0	0	0	92	92
TP1_synth_forward		12	C	3	2282	0	0	0	1	0	2286	0	92	0	0	0	0	0	92
TP1_synth_forward		13	C	24	2262	0	0	0	0	0	2286	0	92	0	0	0	0	0	92
TP1_synth_forward		14	C	18	2267	0	0	0	0	1	2286	0	92	0	0	0	0	0	92
TP1_synth_forward		15	C	6	2282	0	0	5	0	1	2294	0	92	0	0	1	0	0	93
TP1_synth_forward		16	T	42	0	6	0	0	0	2246	2294	0	0	0	0	0	0	93	93
TP1_synth_forward		17	T	64	0	1	0	0	0	2243	2308	0	0	0	0	0	0	94	94
TP1_synth_forward		18	T	23	0	0	0	0	0	2295	2318	0	0	0	0	0	0	95	95
TP1_synth_forward		19	A	2334	0	0	2	0	0	1	2337	96	0	0	0	0	0	0	96
TP1_synth_forward		20	T	27	1	0	0	0	0	2309	2337	0	0	0	0	0	0	96	96
TP1_synth_forward		21	A	2350	0	5	0	0	0	0	2355	96	0	1	0	0	0	0	97
TP1_synth_forward		22	C	7	2341	5	0	0	0	2	2355	0	96	1	0	0	0	0	97
TP1_synth_forward		23	A	2354	0	1	2	0	0	1	2358	98	0	0	0	0	0	0	98
TP1_synth_forward		24	G	2	4	7	2335	1	0	9	2358	0	0	0	98	0	0	0	98
TP1_synth_forward		25	A	2355	0	6	0	0	1	0	2362	99	0	0	0	0	0	0	99
TP1_synth_forward		26	A	2352	0	2	0	0	0	8	2362	99	0	0	0	0	0	0	99
TP1_synth_forward		27	T	64	1	5	1	0	0	2291	2362	0	0	1	0	0	0	98	99
TP1_synth_forward		28	A	2359	1	2	0	0	0	0	2362	99	0	0	0	0	0	0	99
TP1_synth_forward		29	T	22	0	1	1	0	0	2338	2362	0	0	0	0	0	0	99	99
TP1_synth_forward		30	C	5	2353	3	0	1	0	0	2362	0	99	0	0	0	0	0	99
TP1_synth_forward		31	T	47	1	3	1	0	0	2313	2365	0	0	0	0	0	0	99	99
TP1_synth_forward		32	G	11	18	7	2318	0	0	11	2365	0	0	0	99	0	0	0	99
TP1_synth_forward		33	T	61	0	9	0	0	0	2295	2365	0	0	0	0	0	0	99	99
TP1_synth_forward		34	T	68	0	7	0	0	0	2290	2365	0	0	0	0	0	0	99	99
TP1_synth_forward		35	C	10	2349	8	0	0	0	1	2368	0	99	1	0	0	0	0	100
TP1_synth_forward		36	G	2	2	4	2254	0	0	105	2367	0	0	0	100	0	0	0	100
TP1_synth_forward		37	C	17	2342	4	1	0	1	2	2367	0	100	0	0	0	0	0	100
TP1_synth_forward		38	A	2358	1	4	1	0	1	2	2367	100	0	0	0	0	0	0	100
TP1_synth_forward		39	C	6	2356	2	2	0	0	1	2367	0	100	0	0	0	0	0	100
TP1_synth_forward		40	T	63	2	2	0	1	0	2303	2371	0	0	0	0	0	0	100	100
TP1_synth_forward		41	C	13	2355	1	0	0	0	2	2371	0	100	0	0	0	0	0	100
TP1_synth_forward		42	C	15	2353	1	0	1	0	1	2371	0	100	0	0	0	0	0	100
TP1_synth_forward		43	G	1	11	1	2294	0	0	64	2371	0	0	0	100	0	0	0	100
TP1_synth_forward		44	A	2368	2	1	0	0	0	0	2371	100	0	0	0	0	0	0	100
TP1_synth_forward		45	G	1	18	7	2323	1	0	21	2371	0	0	1	99	0	0	0	100
TP1_synth_forward		46	T	60	0	3	0	0	0	2462	2525	1	0	0	0	0	0	101	102
TP1_synth_forward		47	G	23	24	7	2560	0	0	18	2632	0	0	0	104	0	0	0	104
TP1_synth_forward		48	C	27	2599	8	0	0	0	0	2634	0	104	0	0	0	0	0	104
TP1_synth_forward		49	G	11	7	11	2552	0	1	52	2634	0	0	1	102	0	0	1	104
TP1_synth_forward		50	G	19	6	7	2565	0	0	40	2637	0	0	0	105	0	0	0	105
TP1_synth_forward		51	C	13	2647	4	0	0	0	0	2664	0	106	0	0	0	0	0	106
TP1_synth_forward		52	T	62	1	5	2	0	1	2593	2664	1	0	0	0	0	0	105	106
TP1_synth_forward		53	T	80	0	1	1	0	0	2582	2664	0	0	0	0	0	0	106	106
TP1_synth_forward		54	G	25	11	4	2607	0	0	17	2664	0	0	0	106	0	0	0	106
TP1_synth_forward		55	C	16	2650	2	2	0	0	3	2673	0	107	0	0	0	0	0	107
TP1_synth_forward		56	G	16	2	4	2951	0	0	35	3008	0	0	0	109	0	0	0	109
TP1_synth_forward		57	G	10	8	3	2969	0	0	32	3022	0	0	0	110	0	0	0	110
TP1_synth_forward		58	A	3045	0	3	0	0	0	0	3048	111	0	0	0	0	0	0	111
TP1_synth_forward		59	G	4	5	7	3010	0	0	22	3048	0	0	0	110	0	0	1	111
TP1_synth_forward		60	A	3081	2	7	2	0	0	2	3094	112	0	0	0	0	0	0	112
TP1_synth_forward		61	T	17	0	5	11	0	0	3060	3093	0	0	0	0	0	0	112	112
TP1_synth_forward		62	T	45	1	1	4	0	0	3052	3103	0	0	0	0	0	0	113	113
TP1_synth_forward		63	C	8	3088	3	0	0	0	4	3103	0	113	0	0	0	0	0	113
TP1_synth_forward		64	T	36	0	4	2	1	0	3068	3111	0	0	0	0	0	0	114	114
TP1_synth_forward		65	C	4	3103	4	0	0	0	0	3111	0	114	0	0	0	0	0	114
TP1_synth_forward		66	T	39	1	6	0	0	0	3064	3110	0	0	0	0	0	0	114	114
TP1_synth_forward		67	T	56	0	4	1	0	0	3054	3115	0	0	0	0	0	0	115	115
TP1_synth_forward		68	C	9	3093	10	1	0	0	1	3114	0	114	1	0	0	0	0	115
TP1_synth_forward		69	C	18	3085	5	2	0	0	4	3114	0	115	0	0	0	0	0	115
TP1_synth_forward		70	T	34	1	1	0	0	0	3082	3118	0	0	0	0	0	0	116	116
TP1_synth_forward		71	C	7	3109	0	2	0	0	0	3118	0	116	0	0	0	0	0	116
TP1_synth_forward		72	T	41	0	0	1	1	0	3075	3118	0	0	0	0	0	0	116	116
TP1_synth_forward		73	G	5	18	1	3082	0	0	11	3117	0	0	0	116	0	0	0	116
TP1_synth_forward		74	T	52	1	3	0	0	0	3061	3117	0	0	1	0	0	0	115	116
TP1_synth_forward		75	G	5	7	6	3080	0	2	17	3117	0	1	0	115	0	0	0	116
TP1_synth_forward		76	C	18	3085	3	1	1	0	8	3116	0	116	0	0	0	0	0	116
TP1_synth_forward		77	G	3	0	2	3091	1	0	18	3115	0	0	0	116	0	0	0	116
TP1_synth_forward		78	C	5	3100	7	0	0	0	3	3115	0	115	1	0	0	0	0	116
TP1_synth_forward		79	C	10	3103	0	0	0	0	2	3115	0	116	0	0	0	0	0	116
TP1_synth_forward		80	G	1	7	2	3090	0	0	14	3114	0	0	0	116	0	0	0	116
TP1_synth_forward		81	C	8	3079	4	0	0	0	1	3092	0	116	0	0	0	0	0	116
TP1_synth_forward		82	A	3077	1	6	4	0	0	3	3091	116	0	0	0	0	0	0	116
TP1_synth_forward		83	A	3083	1	4	2	0	0	0	3090	116	0	0	0	0	0	0	116
TP1_synth_forward		84	A	3084	0	0	1	0	0	2	3087	116	0	0	0	0	0	0	116
TP1_synth_forward		85	G	4	7	0	3072	0	0	1	3084	0	0	0	116	0	0	0	116
TP1_synth_forward		86	C	11	3071	0	0	0	0	0	3082	0	116	0	0	0	0	0	116
TP1_synth_forward		87	T	51	0	0	2	0	0	3026	3079	0	0	0	0	0	0	116	116
TP1_synth_forward		88	G	8	12	0	3049	0	0	5	3074	0	0	0	116	0	0	0	116
TP1_synth_forward		89	T	50	0	1	4	0	0	3015	3070	0	0	0	0	0	0	116	116
TP1_synth_forward		90	T	37	0	0	0	0	1	3028	3066	0	0	0	0	0	0	116	116
TP1_synth_forward		91	C	9	3055	0	1	0	0	0	3065	0	116	0	0	0	0	0	116
TP1_synth_forward		92	C	5	3054	0	0	0	0	2	3061	0	116	0	0	0	0	0	116
TP1_synth_forward		93	G	13	5	0	3038	0	0	0	3056	0	0	0	116	0	0	0	116
TP1_synth_forward		94	T	31	0	0	3	0	0	3015	3049	0	0	0	0	0	0	116	116
TP1_synth_forward		95	C	1	3046	0	0	0	0	1	3048	0	116	0	0	0	0	0	116
TP1_synth_forward		96	C	0	3035	0	0	0	0	0	3035	0	116	0	0	0	0	0	116
TP1_synth_forward		97	C	0	3023	0	0	0	0	0	3023	0	116	0	0	0	0	0	116
TP1_synth_forward		98	A	3011	0	0	0	0	0	0	3011	116	0	0	0	0	0	0	116
TP1_synth_forward		99	G	0	0	0	2996	0	0	0	2996	0	0	0	116	0	0	0	116
TP1_synth_forward		100	T	0	0	0	0	0	0	2952	2952	0	0	0	0	0	0	116	116
TP1_synth_forward	TP1_synth_forward	1	G	0	0	0	752700	0	0	0	752700	0	0	0	19636	0	0	0	19636
TP1_synth_forward	TP1_synth_forward	2	T	0	0	0	0	0	0	754598	754598	0	0	0	0	0	0	19670	19670
TP1_synth_forward	TP1_synth_forward	3	G	0	0	0	756637	0	8	0	756645	0	0	0	19787	0	0	0	19787
TP1_synth_forward	TP1_synth_forward	4	G	0	0	0	757805	0	8	0	757813	0	0	0	19847	0	0	0	19847
TP1_synth_forward	TP1_synth_forward	5	T	0	0	0	0	0	14	757799	757813	0	0	0	0	0	0	19847	19847
TP1_synth_forward	TP1_synth_forward	6	G	142	79	0	757226	0	203	163	757813	0	0	0	19845	0	2	0	19847
TP1_synth_forward	TP1_synth_forward	7	A	757383	20	0	109	0	165	136	757813	19846	0	0	0	0	1	0	19847
TP1_synth_forward	TP1_synth_forward	8	G	110	47	0	757469	0	30	157	757813	1	0	0	19843	0	0	3	19847
TP1_synth_forward	TP1_synth_forward	9	G	133	99	0	757149	2	310	120	757813	0	0	0	19844	0	1	2	19847
TP1_synth_forward	TP1_synth_forward	10	C	132	757343	12	22	2	162	140	757813	0	19846	1	0	0	0	0	19847
TP1_synth_forward	TP1_synth_forward	11	T	382	149	164	14	111	130	756863	757813	0	0	3	0	6	1	19837	19847
TP1_synth_forward	TP1_synth_forward	12	C	144	754683	2733	19	0	51	183	757813	0	19817	30	0	0	0	0	19847
TP1_synth_forward	TP1_synth_forward	13	C	320	757251	3	28	1	95	115	757813	0	19846	0	0	0	1	0	19847
TP1_synth_forward	TP1_synth_forward	14	C	242	757165	0	19	1	32	354	757813	0	19844	0	0	0	0	3	19847
TP1_synth_forward	TP1_synth_forward	15	C	162	756132	250	15	461	83	710	757813	0	19829	3	0	8	1	6	19847
TP1_synth_forward	TP1_synth_forward	16	T	501	118	3530	10	1	48	753605	757813	2	4	84	0	0	0	19757	19847
TP1_synth_forward	TP1_synth_forward	17	T	376	87	457	33	1	50	756809	757813	0	0	7	0	0	2	19838	19847
TP1_synth_forward	TP1_synth_forward	18	T	232	56	624	16	189	151	756545	757813	0	0	15	0	5	2	19825	19847
TP1_synth_forward	TP1_synth_forward	19	A	755324	8	1636	92	1	89	663	757813	19791	0	46	0	0	0	10	19847
TP1_synth_forward	TP1_synth_forward	20	T	604	167	959	44	1	103	755935	757813	10	5	22	0	0	1	19809	19847
TP1_synth_forward	TP1_synth_forward	21	A	755909	13	1245	88	301	85	172	757813	19814	0	21	0	12	0	0	19847
TP1_synth_forward	TP1_synth_forward	22	C	275	755029	1728	56	4	49	672	757813	4	19795	41	1	0	0	6	19847
TP1_synth_forward	TP1_synth_forward	23	A	755356	17	787	132	1126	213	182	757813	19802	0	24	0	16	1	4	19847
TP1_synth_forward	TP1_synth_forward	24	G	355	53	2542	753197	472	166	1028	757813	3	0	47	19772	5	1	19	19847
TP1_synth_forward	TP1_synth_forward	25	A	755238	23	2110	126	0	118	198	757813	19783	0	60	0	0	2	2	19847
TP1_synth_forward	TP1_synth_forward	26	A	756143	6	536	113	43	55	917	757813	19793	0	20	0	1	2	31	19847
TP1_synth_forward	TP1_synth_forward	27	T	809	57	2326	81	226	68	754246	757813	1	0	58	0	2	0	19786	19847
TP1_synth_forward	TP1_synth_forward	28	A	755597	21	1776	81	127	94	117	757813	19810	0	36	0	1	0	0	19847
TP1_synth_forward	TP1_synth_forward	29	T	619	126	1640	289	282	111	754746	757813	6	4	31	0	7	0	19799	19847
TP1_synth_forward	TP1_synth_forward	30	C	337	755451	1679	57	10	42	237	757813	0	19817	28	0	1	0	1	19847
TP1_synth_forward	TP1_synth_forward	31	T	1860	112	933	27	269	21	754560	757782	0	0	30	0	5	0	19812	19847
TP1_synth_forward	TP1_synth_forward	32	G	287	223	1779	754829	17	50	571	757756	4	0	34	19800	0	2	7	19847
TP1_synth_forward	TP1_synth_forward	33	T	1917	224	3228	12	0	141	752221	757743	1	2	55	0	0	4	19785	19847
TP1_synth_forward	TP1_synth_forward	34	T	2987	72	1935	3	161	154	752407	757719	2	0	26	0	3	0	19816	19847
TP1_synth_forward	TP1_synth_forward	35	C	673	753922	2531	24	2	53	499	757704	2	19805	31	0	1	0	8	19847
TP1_synth_forward	TP1_synth_forward	36	G	441	224	1495	751712	5	169	3648	757694	7	0	19	19784	1	3	33	19847
TP1_synth_forward	TP1_synth_forward	37	C	899	754381	1866	42	51	192	253	757684	7	19792	34	0	7	1	6	19847
TP1_synth_forward	TP1_synth_forward	38	A	754692	61	2259	106	0	73	486	757677	19788	0	49	0	0	1	9	19847
TP1_synth_forward	TP1_synth_forward	39	C	191	755679	981	115	147	74	482	757669	2	19805	33	0	0	1	6	19847
TP1_synth_forward	TP1_synth_forward	40	T	2215	271	1365	21	633	51	753085	757641	2	1	26	0	9	0	19809	19847
TP1_synth_forward	TP1_synth_forward	41	C	339	755254	1403	26	0	122	494	757638	1	19802	27	0	0	4	13	19847
TP1_synth_forward	TP1_synth_forward	42	C	362	755745	935	41	3	55	488	757629	0	19828	16	0	1	1	1	19847
TP1_synth_forward	TP1_synth_forward	43	G	697	230	1353	753726	138	52	1407	757603	2	0	20	19813	4	0	8	19847
TP1_synth_forward	TP1_synth_forward	44	A	755402	409	867	63	293	104	464	757602	19818	2	12	0	10	0	5	19847
TP1_synth_forward	TP1_synth_forward	45	G	235	399	1477	753467	5	295	1707	757585	0	0	15	19822	0	2	8	19847
TP1_synth_forward	TP1_synth_forward	46	T	1607	85	1183	26	199	103	754372	757575	0	0	17	1	11	0	19818	19847
TP1_synth_forward	TP1_synth_forward	47	G	312	276	1764	753831	137	145	1084	757549	0	1	32	19796	5	0	13	19847
TP1_synth_forward	TP1_synth_forward	48	C	360	753969	2367	40	184	311	310	757541	0	19801	36	0	3	3	4	19847
TP1_synth_forward	TP1_synth_forward	49	G	396	164	3688	751858	0	184	1239	757529	5	0	52	19783	0	0	7	19847
TP1_synth_forward	TP1_synth_forward	50	G	279	215	2025	753619	1	110	1260	757509	2	0	25	19806	0	3	11	19847
TP1_synth_forward	TP1_synth_forward	51	C	249	751844	3282	920	180	235	788	757498	0	19795	40	0	1	3	8	19847
TP1_synth_forward	TP1_synth_forward	52	T	1717	325	3144	130	1	168	751999	757484	0	1	43	0	0	0	19803	19847
TP1_synth_forward	TP1_synth_forward	53	T	1460	131	611	106	80	65	755019	757472	1	1	17	0	7	0	19821	19847
TP1_synth_forward	TP1_synth_forward	54	G	188	210	1334	753997	253	162	1304	757448	1	0	28	19804	2	2	10	19847
TP1_synth_forward	TP1_synth_forward	55	C	336	753732	815	48	593	352	1566	757442	2	19779	34	1	3	3	25	19847
TP1_synth_forward	TP1_synth_forward	56	G	314	145	1056	754255	0	241	1423	757434	3	0	20	19813	0	1	10	19847
TP1_synth_forward	TP1_synth_forward	57	G	199	76	400	754937	475	79	1234	757400	2	0	10	19820	7	0	8	19847
TP1_synth_forward	TP1_synth_forward	58	A	756248	41	442	134	3	64	462	757394	19824	2	18	0	0	0	3	19847
TP1_synth_forward	TP1_synth_forward	59	G	160	141	2065	753998	0	38	912	757314	2	0	21	19818	0	0	5	19846
TP1_synth_forward	TP1_synth_forward	60	A	754511	41	2314	110	85	62	183	757306	19815	0	22	0	4	2	3	19846
TP1_synth_forward	TP1_synth_forward	61	T	427	96	1835	407	1	94	754430	757290	0	1	15	0	0	0	19830	19846
TP1_synth_forward	TP1_synth_forward	62	T	1649	148	674	474	183	82	753972	757182	1	0	10	1	6	0	19828	19846
TP1_synth_forward	TP1_synth_forward	63	C	501	753269	1442	46	0	141	1741	757140	3	19813	12	0	0	2	16	19846
TP1_synth_forward	TP1_synth_forward	64	T	1971	191	800	71	32	119	753915	757099	0	3	14	0	3	0	19826	19846
TP1_synth_forward	TP1_synth_forward	65	C	192	755342	1068	27	176	109	177	757091	0	19826	14	1	0	0	5	19846
TP1_synth_forward	TP1_synth_forward	66	T	1717	160	1731	45	0	82	753335	757070	4	0	18	0	0	0	19824	19846
TP1_synth_forward	TP1_synth_forward	67	T	1983	162	840	41	280	92	753649	757047	3	3	6	0	4	1	19829	19846
TP1_synth_forward	TP1_synth_forward	68	C	367	753737	2711	24	0	89	114	757042	2	19821	23	0	0	0	0	19846
TP1_synth_forward	TP1_synth_forward	69	C	574	754075	1885	57	0	125	310	757026	1	19831	7	0	0	4	3	19846
TP1_synth_forward	TP1_synth_forward	70	T	2229	63	1510	25	0	235	752943	757005	1	0	11	0	0	2	19832	19846
TP1_synth_forward	TP1_synth_forward	71	C	463	754725	1499	17	77	83	129	756993	0	19823	20	0	3	0	0	19846
TP1_synth_forward	TP1_synth_forward	72	T	2214	83	893	26	132	100	753533	756981	3	0	16	0	4	4	19819	19846
TP1_synth_forward	TP1_synth_forward	73	G	435	337	1795	753325	0	131	949	756972	6	0	19	19806	0	0	15	19846
TP1_synth_forward	TP1_synth_forward	74	T	1460	100	1429	16	51	121	753783	756960	1	0	15	0	5	1	19824	19846
TP1_synth_forward	TP1_synth_forward	75	G	196	178	3131	751533	212	104	1584	756938	0	0	25	19792	5	1	23	19846
TP1_synth_forward	TP1_synth_forward	76	C	555	752784	1906	66	121	170	1332	756934	3	19811	17	1	4	2	8	19846
TP1_synth_forward	TP1_synth_forward	77	G	490	304	543	754683	172	114	569	756875	7	0	9	19820	4	0	6	19846
TP1_synth_forward	TP1_synth_forward	78	C	649	752969	2158	28	0	129	927	756860	6	19807	25	0	0	1	6	19845
TP1_synth_forward	TP1_synth_forward	79	C	397	754876	292	49	0	169	1070	756853	2	19818	9	0	0	0	16	19845
TP1_synth_forward	TP1_synth_forward	80	G	1503	543	849	753248	23	51	596	756813	14	2	15	19810	0	0	4	19845
TP1_synth_forward	TP1_synth_forward	81	C	398	753890	1825	31	171	39	446	756800	0	19824	16	0	3	0	2	19845
TP1_synth_forward	TP1_synth_forward	82	A	752126	55	3650	190	0	42	736	756799	19810	1	33	0	0	0	1	19845
TP1_synth_forward	TP1_synth_forward	83	A	754723	74	1688	131	0	90	89	756795	19830	0	15	0	0	0	0	19845
TP1_synth_forward	TP1_synth_forward	84	A	755482	84	255	235	1	229	484	756770	19827	0	7	1	0	1	9	19845
TP1_synth_forward	TP1_synth_forward	85	G	267	220	192	755650	33	147	187	756696	0	0	2	19840	1	2	0	19845
TP1_synth_forward	TP1_synth_forward	86	C	421	755513	12	108	282	156	126	756618	2	19836	2	0	5	0	0	19845
TP1_synth_forward	TP1_synth_forward	87	T	2808	88	69	342	8	151	753063	756529	8	0	1	0	0	2	19834	19845
TP1_synth_forward	TP1_synth_forward	88	G	267	182	139	755281	255	76	256	756456	1	0	0	19843	0	0	1	19845
TP1_synth_forward	TP1_synth_forward	89	T	1091	105	604	40	0	37	754498	756375	3	0	2	0	0	1	19839	19845
TP1_synth_forward	TP1_synth_forward	90	T	1642	217	5	23	379	43	753283	755592	2	0	0	0	6	0	19835	19843
TP1_synth_forward	TP1_synth_forward	91	C	465	754206	554	47	0	11	242	755525	1	19833	7	0	0	0	1	19842
TP1_synth_forward	TP1_synth_forward	92	C	334	754827	0	27	0	41	246	755475	0	19840	0	0	0	0	2	19842
TP1_synth_forward	TP1_synth_forward	93	G	632	974	0	753523	0	52	152	755333	4	1	0	19834	0	1	1	19841
TP1_synth_forward	TP1_synth_forward	94	T	1695	90	0	84	0	64	752775	754708	4	0	0	0	0	2	19829	19835
TP1_synth_forward	TP1_synth_forward	95	C	138	754039	0	56	0	132	280	754645	0	19834	0	0	0	0	0	19834
TP1_synth_forward	TP1_synth_forward	96	C	0	753935	0	0	0	77	0	754012	0	19831	0	0	0	1	0	19832
TP1_synth_forward	TP1_synth_forward	97	C	0	752394	0	0	0	66	0	752460	0	19819	0	0	0	1	0	19820
TP1_synth_forward	TP1_synth_forward	98	A	748554	0	0	0	0	21	0	748575	19800	0	0	0	0	0	0	19800
TP1_synth_forward	TP1_synth_forward	99	G	0	0	0	747556	0	0	0	747556	0	0	0	19789	0	0	0	19789
TP1_synth_forward	TP1_synth_forward	100	T	0	0	0	0	0	0	745604	745604	0	0	0	0	0	0	19783	19783
