



























































































































































































































#AmpliconChromStart	Alias	Position	ProbableRef	rawA	rawC	rawD	rawG	rawI	rawN	rawT	rawDepth	consA	consC	consD	consG	consI	consN	consT	consDepth	
TP1_synth_reverse		1	G	0	0	0	825274	0	0	0	825274	0	0	0	13512	0	0	0	13512
TP1_synth_reverse		2	T	0	0	0	0	0	0	826722	826722	0	0	0	0	0	0	13527	13527
TP1_synth_reverse		3	G	0	0	0	828884	0	87	0	828971	0	0	0	13555	0	0	0	13555
TP1_synth_reverse		4	G	0	0	0	829997	0	54	0	830051	0	0	0	13566	0	0	0	13566
TP1_synth_reverse		5	T	0	0	0	0	0	18	830445	830463	0	0	0	0	0	0	13570	13570
TP1_synth_reverse		6	G	108	86	0	830419	0	13	360	830986	0	0	0	13572	0	0	2	13574
TP1_synth_reverse		7	A	830852	20	0	104	0	70	133	831179	13578	0	0	0	0	0	0	13578
TP1_synth_reverse		8	G	237	81	0	832203	1	87	303	832912	0	0	0	13597	0	0	2	13599
TP1_synth_reverse		9	G	135	140	0	832091	196	28	427	833017	1	0	0	13596	1	0	2	13600
TP1_synth_reverse		10	C	226	832551	26	29	0	26	181	833039	0	13599	1	0	0	0	1	13601
TP1_synth_reverse		11	T	162	170	232	12	222	30	832211	833039	0	0	2	0	8	0	13591	13601
TP1_synth_reverse		12	C	296	831483	1041	17	0	78	141	833056	0	13588	14	0	0	0	0	13602
TP1_synth_reverse		13	C	362	832439	2	28	0	104	121	833056	0	13602	0	0	0	0	0	13602
TP1_synth_reverse		14	C	405	832442	0	15	0	44	150	833056	0	13601	0	0	0	0	1	13602
TP1_synth_reverse		15	C	271	832221	2	35	154	73	300	833056	0	13597	0	0	2	0	3	13602
TP1_synth_reverse		16	T	327	316	1405	9	0	211	830788	833056	0	4	21	0	0	0	13577	13602
TP1_synth_reverse		17	T	434	195	584	10	1	62	831776	833062	2	2	11	0	0	0	13587	13602
TP1_synth_reverse		18	T	331	392	453	8	229	65	831584	833062	0	2	6	0	3	0	13591	13602
TP1_synth_reverse		19	C	344	831110	864	24	582	74	333	833331	0	13581	12	0	7	0	3	13603
TP1_synth_reverse		20	T	243	262	1037	30	1	42	831720	833335	0	2	10	0	0	0	13591	13603
TP1_synth_reverse		21	T	492	216	97	43	2235	94	830169	833346	0	1	1	0	33	0	13568	13603
TP1_synth_reverse		22	G	143	406	689	831263	559	22	264	833346	1	0	8	13585	9	0	0	13603
TP1_synth_reverse		23	C	539	828018	940	57	3185	30	588	833357	0	13533	16	0	48	0	7	13604
TP1_synth_reverse		24	G	505	148	1232	830684	4	42	749	833364	1	0	17	13585	0	0	1	13604
TP1_synth_reverse		25	G	108	593	331	831701	207	113	339	833392	0	0	6	13595	4	0	0	13605
TP1_synth_reverse		26	A	831339	18	833	149	908	46	117	833410	13576	0	16	0	14	0	0	13606
TP1_synth_reverse		27	G	83	754	1273	830200	273	30	797	833410	1	0	11	13585	4	0	5	13606
TP1_synth_reverse		28	A	831910	186	773	93	307	34	107	833410	13593	1	9	0	3	0	0	13606
TP1_synth_reverse		29	T	263	248	1043	122	2	166	831566	833410	0	1	14	0	0	0	13591	13606
TP1_synth_reverse		30	T	898	267	885	86	0	127	831147	833410	0	4	10	1	0	0	13591	13606
TP1_synth_reverse		31	C	480	831789	862	39	8	72	157	833407	0	13592	10	0	0	0	4	13606
TP1_synth_reverse		32	T	503	355	970	45	53	371	831101	833398	0	0	11	0	2	0	13593	13606
TP1_synth_reverse		33	C	442	831215	1403	31	66	120	117	833394	0	13591	14	0	1	0	0	13606
TP1_synth_reverse		34	T	696	311	2174	62	2	87	830055	833387	1	2	25	0	0	0	13578	13606
TP1_synth_reverse		35	T	1387	456	1328	54	503	89	829553	833370	0	2	12	0	7	0	13585	13606
TP1_synth_reverse		36	C	502	830100	2516	22	0	58	96	833294	0	13578	28	0	0	0	0	13606
TP1_synth_reverse		37	C	545	830243	2104	53	4	82	250	833281	0	13583	20	0	0	0	3	13606
TP1_synth_reverse		38	T	634	206	2510	277	29	27	829323	833006	0	2	28	1	1	0	13574	13606
TP1_synth_reverse		39	C	398	829793	2503	40	4	67	223	833028	0	13575	30	0	0	0	3	13608
TP1_synth_reverse		40	T	1235	242	2736	22	927	148	827713	833023	0	1	32	0	15	0	13560	13608
TP1_synth_reverse		41	G	524	555	2246	829321	4	24	335	833009	0	0	26	13582	0	0	0	13608
TP1_synth_reverse		42	T	1995	79	2403	29	1229	68	827197	833000	0	0	30	0	15	0	13563	13608
TP1_synth_reverse		43	G	791	468	3054	827688	240	358	385	832984	5	1	36	13564	2	0	0	13608
TP1_synth_reverse		44	C	511	825553	3619	65	1165	151	1931	832995	1	13526	44	0	20	0	18	13609
TP1_synth_reverse		45	G	495	344	2632	828026	35	69	1419	833020	4	0	31	13573	1	0	3	13612
TP1_synth_reverse		46	C	762	828519	3092	86	2	12	543	833016	0	13566	40	1	0	0	5	13612
TP1_synth_reverse		47	C	375	828797	2165	97	718	31	788	832971	1	13565	28	1	13	0	3	13611
TP1_synth_reverse		48	G	257	617	2249	828833	2	49	1054	833061	1	1	30	13580	0	0	2	13614
TP1_synth_reverse		49	A	829345	215	2969	148	0	208	138	833023	13572	1	39	1	0	0	0	13613
TP1_synth_reverse		50	T	925	93	2216	126	105	91	829457	833013	0	0	28	0	1	0	13584	13613
TP1_synth_reverse		51	A	830259	59	2247	104	9	109	244	833031	13582	0	31	0	0	0	1	13614
TP1_synth_reverse		52	C	534	829631	1933	125	105	289	140	832757	0	13586	27	0	1	0	0	13614
TP1_synth_reverse		53	A	829515	42	1956	174	581	318	199	832785	13577	0	28	0	8	0	1	13614
TP1_synth_reverse		54	G	129	218	2146	829745	80	98	422	832838	0	0	29	13583	1	0	3	13616
TP1_synth_reverse		55	A	829721	75	2582	150	0	129	223	832880	13579	0	37	0	0	0	1	13617
TP1_synth_reverse		56	A	830445	14	1937	177	0	92	142	832807	13586	0	29	0	0	0	2	13617
TP1_synth_reverse		57	T	1632	78	2077	211	398	205	828236	832837	0	1	32	0	5	0	13580	13618
TP1_synth_reverse		58	A	830448	11	1992	76	1	242	96	832866	13587	0	32	0	0	0	0	13619
TP1_synth_reverse		59	T	887	133	2419	76	0	366	828932	832813	0	1	34	0	0	0	13584	13619
TP1_synth_reverse		60	C	802	828912	2409	57	67	249	294	832790	0	13577	38	0	1	0	3	13619
TP1_synth_reverse		61	T	1106	81	2085	282	481	192	828579	832806	0	0	29	3	3	0	13586	13621
TP1_synth_reverse		62	G	678	218	1862	829094	204	307	357	832720	6	0	27	13586	2	0	0	13621
TP1_synth_reverse		63	T	1968	222	2197	21	1	144	828182	832735	1	1	31	0	0	0	13589	13622
TP1_synth_reverse		64	T	1754	235	1114	13	29	51	829529	832725	0	2	18	0	1	0	13601	13622
TP1_synth_reverse		65	C	1100	829145	2089	24	173	160	241	832932	0	13587	31	0	3	0	3	13624
TP1_synth_reverse		66	G	1087	442	2145	828696	21	60	464	832915	6	1	28	13587	1	0	1	13624
TP1_synth_reverse		67	C	845	830006	1690	38	35	193	105	832912	0	13604	20	0	0	0	0	13624
TP1_synth_reverse		68	A	830567	223	1792	139	0	79	106	832906	13604	0	20	0	0	0	0	13624
TP1_synth_reverse		69	C	278	829812	2285	38	0	62	420	832895	0	13599	22	0	0	0	3	13624
TP1_synth_reverse		70	T	985	116	2046	105	182	104	829342	832880	0	1	25	0	2	0	13596	13624
TP1_synth_reverse		71	C	444	829335	2469	35	0	284	307	832874	1	13589	31	0	0	0	3	13624
TP1_synth_reverse		72	C	610	830337	1221	47	228	133	275	832851	0	13605	17	0	2	0	0	13624
TP1_synth_reverse		73	G	812	457	2313	828645	59	286	262	832834	2	0	27	13593	1	1	0	13624
TP1_synth_reverse		74	A	829891	183	2293	179	122	93	64	832825	13591	3	28	0	1	0	1	13624
TP1_synth_reverse		75	G	327	362	2427	829455	1	58	176	832806	4	0	32	13587	0	0	1	13624
TP1_synth_reverse		76	T	871	187	2712	48	222	56	828686	832782	0	1	34	0	2	0	13587	13624
TP1_synth_reverse		77	G	661	353	2751	828658	2	60	264	832749	3	0	24	13596	0	0	1	13624
TP1_synth_reverse		78	C	447	826452	3525	45	307	426	1543	832745	1	13581	29	0	4	0	9	13624
TP1_synth_reverse		79	G	566	686	3041	827930	0	135	376	832734	5	2	26	13591	0	0	0	13624
TP1_synth_reverse		80	G	549	276	1389	830047	1	129	323	832714	3	0	14	13606	0	0	1	13624
TP1_synth_reverse		81	C	330	829825	2092	86	135	69	157	832694	1	13601	20	0	2	0	0	13624
TP1_synth_reverse		82	A	828800	107	3200	149	0	80	113	832449	13592	1	31	0	0	0	0	13624
TP1_synth_reverse		83	A	830898	51	1100	82	1	197	114	832443	13614	0	10	0	0	0	0	13624
TP1_synth_reverse		84	A	831434	37	396	199	34	244	76	832420	13620	0	3	0	1	0	0	13624
TP1_synth_reverse		85	G	130	317	574	830954	82	90	158	832305	0	0	6	13617	1	0	0	13624
TP1_synth_reverse		86	C	487	831424	26	54	62	65	142	832260	0	13621	1	1	1	0	0	13624
TP1_synth_reverse		87	T	1097	117	81	22	0	313	830581	832211	0	0	1	0	0	0	13623	13624
TP1_synth_reverse		88	G	172	341	37	831242	9	137	225	832163	1	0	0	13623	0	0	0	13624
TP1_synth_reverse		89	T	680	110	248	51	0	51	830973	832113	0	0	2	0	0	0	13621	13623
TP1_synth_reverse		90	T	612	106	140	255	0	77	830651	831841	1	0	1	0	0	0	13621	13623
TP1_synth_reverse		91	C	483	830467	0	319	0	299	156	831724	0	13621	0	2	0	0	0	13623
TP1_synth_reverse		92	C	394	830176	0	91	0	342	235	831238	0	13621	0	1	0	0	1	13623
TP1_synth_reverse		93	G	372	360	0	828919	0	142	142	829935	0	0	0	13623	0	0	0	13623
TP1_synth_reverse		94	T	496	97	0	86	0	83	829017	829779	0	0	0	1	0	0	13622	13623
TP1_synth_reverse		95	C	0	829153	0	0	0	170	0	829323	0	13623	0	0	0	0	0	13623
TP1_synth_reverse		96	C	0	828084	0	0	0	114	0	828198	0	13622	0	0	0	0	0	13622
TP1_synth_reverse		97	C	0	825401	0	0	0	151	0	825552	0	13619	0	0	0	0	0	13619
TP1_synth_reverse		98	A	823439	0	0	0	0	0	0	823439	13612	0	0	0	0	0	0	13612
TP1_synth_reverse		99	G	0	0	0	822259	1	0	0	822260	0	0	0	13610	0	0	0	13610
