



























































































































































































































#AmpliconChromStart	Alias	Position	ProbableRef	rawA	rawC	rawD	rawG	rawI	rawN	rawT	rawDepth	consA	consC	consD	consG	consI	consN	consT	consDepth	
TP1_synth_reverse		1	G	0	0	0	825274	0	0	0	825274	0	0	0	15634	0	0	0	15634
TP1_synth_reverse		2	T	0	0	0	0	0	0	826722	826722	0	0	0	0	0	0	15652	15652
TP1_synth_reverse		3	G	0	0	0	828884	0	87	0	828971	0	0	0	15684	0	0	0	15684
TP1_synth_reverse		4	G	0	0	0	829997	0	54	0	830051	0	0	0	15699	0	0	0	15699
TP1_synth_reverse		5	T	0	0	0	0	0	18	830445	830463	0	0	0	0	0	0	15703	15703
TP1_synth_reverse		6	G	108	86	0	830419	0	13	360	830986	0	0	0	15707	0	0	2	15709
TP1_synth_reverse		7	A	830852	20	0	104	0	70	133	831179	15713	0	0	0	0	0	0	15713
TP1_synth_reverse		8	G	237	81	0	832203	1	87	303	832912	0	0	0	15736	0	0	2	15738
TP1_synth_reverse		9	G	135	140	0	832091	196	28	427	833017	1	0	0	15738	1	0	2	15742
TP1_synth_reverse		10	C	226	832551	26	29	0	26	181	833039	0	15741	1	0	0	0	1	15743
TP1_synth_reverse		11	T	162	170	232	12	222	30	832232	833060	0	0	2	0	9	0	15733	15744
TP1_synth_reverse		12	C	296	831504	1041	17	0	78	141	833077	0	15730	15	0	0	0	0	15745
TP1_synth_reverse		13	C	362	832460	2	28	0	104	121	833077	0	15745	0	0	0	0	0	15745
TP1_synth_reverse		14	C	405	832463	0	15	0	44	150	833077	0	15744	0	0	0	0	1	15745
TP1_synth_reverse		15	C	271	832242	2	35	154	73	300	833077	0	15738	0	0	4	0	3	15745
TP1_synth_reverse		16	T	327	316	1405	9	0	211	830809	833077	0	4	24	0	0	0	15717	15745
TP1_synth_reverse		17	T	435	195	584	10	1	62	831796	833083	2	2	11	0	0	0	15730	15745
TP1_synth_reverse		18	T	333	392	453	8	229	65	831603	833083	0	2	6	0	3	0	15734	15745
TP1_synth_reverse		19	C	344	831131	864	24	582	74	333	833352	0	15722	12	0	7	0	5	15746
TP1_synth_reverse		20	T	244	262	1037	30	1	42	831736	833352	0	2	11	0	0	0	15733	15746
TP1_synth_reverse		21	T	493	216	97	44	2235	94	830184	833363	0	1	2	0	39	0	15704	15746
TP1_synth_reverse		22	G	143	408	689	831278	559	22	264	833363	1	0	10	15724	10	0	1	15746
TP1_synth_reverse		23	C	539	828034	940	57	3186	30	588	833374	0	15669	18	0	52	0	8	15747
TP1_synth_reverse		24	G	505	148	1232	830700	4	42	750	833381	1	0	23	15722	0	0	1	15747
TP1_synth_reverse		25	G	108	593	331	831717	207	113	340	833409	0	0	7	15736	5	0	0	15748
TP1_synth_reverse		26	A	831356	18	833	149	908	46	117	833427	15713	0	19	0	17	0	0	15749
TP1_synth_reverse		27	G	83	756	1273	830215	273	30	797	833427	1	0	12	15725	5	0	6	15749
TP1_synth_reverse		28	A	831938	186	773	93	307	34	107	833438	15736	1	10	0	3	0	0	15750
TP1_synth_reverse		29	T	263	248	1043	122	2	166	831594	833438	0	2	15	0	0	0	15733	15750
TP1_synth_reverse		30	T	898	267	885	86	0	127	831175	833438	0	4	10	1	0	0	15735	15750
TP1_synth_reverse		31	C	480	831817	862	39	8	72	157	833435	0	15736	11	0	0	0	4	15751
TP1_synth_reverse		32	T	504	355	970	45	53	371	831126	833424	0	0	13	0	2	0	15736	15751
TP1_synth_reverse		33	C	442	831241	1403	31	66	120	117	833420	0	15736	14	0	1	0	0	15751
TP1_synth_reverse		34	T	699	311	2174	62	2	87	830078	833413	1	2	25	0	0	0	15723	15751
TP1_synth_reverse		35	T	1389	456	1328	54	503	89	829577	833396	0	2	12	0	7	0	15730	15751
TP1_synth_reverse		36	C	503	830125	2516	22	0	58	96	833320	0	15721	30	0	0	0	0	15751
TP1_synth_reverse		37	C	546	830267	2104	54	4	82	250	833307	1	15720	22	0	0	0	8	15751
TP1_synth_reverse		38	T	635	206	2510	277	29	27	829348	833032	0	3	31	1	2	0	15714	15751
TP1_synth_reverse		39	C	400	829817	2503	40	4	67	223	833054	0	15718	32	0	0	0	3	15753
TP1_synth_reverse		40	T	1239	242	2736	22	927	148	827735	833049	0	1	36	0	18	0	15698	15753
TP1_synth_reverse		41	G	525	555	2246	829345	4	24	336	833035	0	0	31	15722	0	0	0	15753
TP1_synth_reverse		42	T	1997	79	2403	29	1229	68	827221	833026	0	0	37	0	18	0	15698	15753
TP1_synth_reverse		43	G	793	469	3054	827711	240	358	385	833010	5	1	42	15703	2	0	0	15753
TP1_synth_reverse		44	C	512	825563	3619	65	1165	151	1931	833006	1	15659	49	0	24	0	20	15753
TP1_synth_reverse		45	G	495	344	2632	828033	35	69	1423	833031	4	0	37	15710	1	0	4	15756
TP1_synth_reverse		46	C	763	828529	3092	86	2	12	543	833027	0	15699	49	1	0	0	7	15756
TP1_synth_reverse		47	C	375	828820	2165	98	718	31	788	832995	1	15702	34	1	15	0	3	15756
TP1_synth_reverse		48	G	257	616	2249	828851	2	49	1061	833085	1	1	35	15720	0	0	2	15759
TP1_synth_reverse		49	A	829369	215	2969	148	0	208	138	833047	15707	1	48	1	0	0	1	15758
TP1_synth_reverse		50	T	926	93	2216	125	105	91	829481	833037	0	0	30	0	1	0	15727	15758
TP1_synth_reverse		51	A	830283	59	2247	104	9	109	244	833055	15725	0	33	0	0	0	1	15759
TP1_synth_reverse		52	C	537	829651	1933	125	105	289	140	832780	0	15728	29	0	1	0	0	15758
TP1_synth_reverse		53	A	829536	42	1956	174	581	318	201	832808	15717	0	31	0	9	0	1	15758
TP1_synth_reverse		54	G	129	218	2146	829766	80	98	424	832861	0	0	31	15725	1	0	4	15761
TP1_synth_reverse		55	A	829744	75	2582	150	0	129	223	832903	15718	0	43	0	0	0	1	15762
TP1_synth_reverse		56	A	830468	14	1937	177	0	92	142	832830	15728	0	32	0	0	0	2	15762
TP1_synth_reverse		57	T	1634	78	2077	212	398	205	828256	832860	0	1	35	0	5	0	15722	15763
TP1_synth_reverse		58	A	830471	11	1992	76	1	242	96	832889	15728	0	36	0	0	0	0	15764
TP1_synth_reverse		59	T	887	133	2419	77	0	366	828954	832836	0	1	37	0	0	0	15726	15764
TP1_synth_reverse		60	C	803	828934	2409	57	67	249	294	832813	0	15717	43	0	1	0	3	15764
TP1_synth_reverse		61	T	1108	81	2085	282	481	192	828600	832829	0	0	33	3	3	0	15727	15766
TP1_synth_reverse		62	G	676	219	1862	829115	204	307	360	832743	6	0	31	15727	2	0	0	15766
TP1_synth_reverse		63	T	1972	222	2197	21	1	144	828201	832758	2	1	34	0	0	0	15729	15766
TP1_synth_reverse		64	T	1757	235	1114	13	29	51	829549	832748	0	2	21	0	1	0	15742	15766
TP1_synth_reverse		65	C	1099	829169	2089	24	173	160	241	832955	0	15728	34	0	3	0	3	15768
TP1_synth_reverse		66	G	1087	443	2145	828717	21	60	465	832938	7	1	31	15727	1	0	1	15768
TP1_synth_reverse		67	C	847	830027	1690	38	35	193	105	832935	0	15745	23	0	0	0	0	15768
TP1_synth_reverse		68	A	830590	223	1792	139	0	79	106	832929	15745	0	23	0	0	0	0	15768
TP1_synth_reverse		69	C	278	829835	2285	38	0	62	420	832918	0	15740	24	0	0	0	3	15767
TP1_synth_reverse		70	T	985	116	2046	102	182	104	829368	832903	0	1	29	0	2	0	15735	15767
TP1_synth_reverse		71	C	444	829358	2469	35	0	284	307	832897	1	15727	36	0	0	0	3	15767
TP1_synth_reverse		72	C	616	830354	1221	47	228	133	275	832874	0	15743	21	0	3	0	0	15767
TP1_synth_reverse		73	G	812	457	2313	828666	59	286	264	832857	2	0	34	15730	1	0	0	15767
TP1_synth_reverse		74	A	829914	183	2293	179	122	93	64	832848	15728	3	34	0	1	0	1	15767
TP1_synth_reverse		75	G	327	362	2427	829478	1	58	176	832829	4	0	35	15726	0	0	2	15767
TP1_synth_reverse		76	T	872	187	2712	48	222	56	828708	832805	0	2	40	0	2	0	15723	15767
TP1_synth_reverse		77	G	661	355	2751	828677	2	60	266	832772	3	0	29	15734	0	0	1	15767
TP1_synth_reverse		78	C	450	826472	3525	45	307	426	1543	832768	0	15717	35	0	4	0	11	15767
TP1_synth_reverse		79	G	566	687	3041	827952	0	135	376	832757	6	2	32	15727	0	0	0	15767
TP1_synth_reverse		80	G	548	277	1389	830068	1	129	325	832737	4	0	18	15744	0	0	1	15767
TP1_synth_reverse		81	C	334	829844	2092	86	135	69	157	832717	1	15739	24	0	2	0	0	15766
TP1_synth_reverse		82	A	828822	107	3201	149	0	80	113	832472	15730	1	35	0	0	0	0	15766
TP1_synth_reverse		83	A	830920	51	1101	82	1	197	114	832466	15754	0	12	0	0	0	0	15766
TP1_synth_reverse		84	A	831457	37	396	199	34	244	76	832443	15761	0	3	1	1	0	0	15766
TP1_synth_reverse		85	G	131	319	574	830974	82	90	158	832328	0	0	6	15759	1	0	0	15766
TP1_synth_reverse		86	C	489	831445	26	54	62	65	142	832283	0	15763	1	1	1	0	0	15766
TP1_synth_reverse		87	T	1096	117	81	22	0	313	830604	832233	1	0	1	0	0	0	15764	15766
TP1_synth_reverse		88	G	172	342	37	831264	9	137	225	832186	1	0	0	15765	0	0	0	15766
TP1_synth_reverse		89	T	680	110	248	51	0	51	830996	832136	0	0	2	0	0	0	15763	15765
TP1_synth_reverse		90	T	614	106	140	255	0	77	830672	831864	1	0	1	0	0	0	15763	15765
TP1_synth_reverse		91	C	483	830490	0	319	0	299	156	831747	0	15763	0	2	0	0	0	15765
TP1_synth_reverse		92	C	395	830197	0	91	0	342	235	831260	0	15763	0	1	0	0	1	15765
TP1_synth_reverse		93	G	372	360	0	828941	0	142	142	829957	0	0	0	15764	0	0	0	15764
TP1_synth_reverse		94	T	497	97	0	85	0	83	829039	829801	0	0	0	1	0	0	15763	15764
TP1_synth_reverse		95	C	0	829175	0	0	0	170	0	829345	0	15764	0	0	0	0	0	15764
TP1_synth_reverse		96	C	0	828105	0	0	0	114	0	828219	0	15763	0	0	0	0	0	15763
TP1_synth_reverse		97	C	0	825421	0	0	0	151	0	825572	0	15759	0	0	0	0	0	15759
TP1_synth_reverse		98	A	823459	0	0	0	0	0	0	823459	15751	0	0	0	0	0	0	15751
TP1_synth_reverse		99	G	0	0	0	822278	1	0	0	822279	0	0	0	15749	0	0	0	15749
