



























































































































































































































#AmpliconChromStart	Alias	Position	ProbableRef	rawA	rawC	rawD	rawG	rawI	rawN	rawT	rawDepth	consA	consC	consD	consG	consI	consN	consT	consDepth	
TP1_synth_reverse		1	G	0	0	0	825274	0	0	0	825274	0	0	0	12706	0	0	0	12706
TP1_synth_reverse		2	T	0	0	0	0	0	0	826722	826722	0	0	0	0	0	0	12720	12720
TP1_synth_reverse		3	G	0	0	0	828884	0	87	0	828971	0	0	0	12746	0	0	0	12746
TP1_synth_reverse		4	G	0	0	0	829997	0	54	0	830051	0	0	0	12756	0	0	0	12756
TP1_synth_reverse		5	T	0	0	0	0	0	18	830445	830463	0	0	0	0	0	0	12760	12760
TP1_synth_reverse		6	G	108	86	0	830419	0	13	360	830986	0	0	0	12762	0	0	2	12764
TP1_synth_reverse		7	A	830852	20	0	104	0	70	133	831179	12768	0	0	0	0	0	0	12768
TP1_synth_reverse		8	G	237	81	0	832203	1	87	303	832912	0	0	0	12786	0	0	2	12788
TP1_synth_reverse		9	G	135	140	0	832091	196	28	427	833017	1	0	0	12785	1	0	2	12789
TP1_synth_reverse		10	C	226	832551	26	29	0	26	181	833039	0	12788	1	0	0	0	1	12790
TP1_synth_reverse		11	T	162	170	232	12	222	30	832211	833039	0	0	2	0	8	0	12780	12790
TP1_synth_reverse		12	C	296	831483	1041	17	0	78	141	833056	0	12778	13	0	0	0	0	12791
TP1_synth_reverse		13	C	362	832439	2	28	0	104	121	833056	0	12791	0	0	0	0	0	12791
TP1_synth_reverse		14	C	405	832442	0	15	0	44	150	833056	0	12790	0	0	0	0	1	12791
TP1_synth_reverse		15	C	271	832221	2	35	154	73	300	833056	0	12786	0	0	2	0	3	12791
TP1_synth_reverse		16	T	327	316	1405	9	0	211	830788	833056	0	4	21	0	0	0	12766	12791
TP1_synth_reverse		17	T	434	195	584	10	1	62	831776	833062	2	2	11	0	0	0	12776	12791
TP1_synth_reverse		18	T	331	392	453	8	229	65	831584	833062	0	2	6	0	3	0	12780	12791
TP1_synth_reverse		19	C	344	831110	864	24	582	74	333	833331	0	12771	12	0	7	0	2	12792
TP1_synth_reverse		20	T	243	262	1037	30	1	42	831720	833335	0	1	9	0	0	0	12782	12792
TP1_synth_reverse		21	T	492	216	97	43	2235	94	830169	833346	0	1	1	0	32	0	12758	12792
TP1_synth_reverse		22	G	143	406	689	831263	559	22	264	833346	1	0	8	12774	9	0	0	12792
TP1_synth_reverse		23	C	539	828018	940	57	3185	30	588	833357	0	12725	15	0	47	0	6	12793
TP1_synth_reverse		24	G	505	148	1232	830684	4	42	749	833364	1	0	17	12774	0	0	1	12793
TP1_synth_reverse		25	G	108	593	331	831701	207	113	339	833392	0	0	6	12785	3	0	0	12794
TP1_synth_reverse		26	A	831339	18	833	149	908	46	117	833410	12766	0	16	0	13	0	0	12795
TP1_synth_reverse		27	G	83	754	1273	830200	273	30	797	833410	1	0	11	12774	4	0	5	12795
TP1_synth_reverse		28	A	831910	186	773	93	307	34	107	833410	12783	1	8	0	3	0	0	12795
TP1_synth_reverse		29	T	263	248	1043	122	2	166	831566	833410	0	1	14	0	0	0	12780	12795
TP1_synth_reverse		30	T	898	267	885	86	0	127	831147	833410	0	4	10	1	0	0	12780	12795
TP1_synth_reverse		31	C	480	831789	862	39	8	72	157	833407	0	12783	10	0	0	0	2	12795
TP1_synth_reverse		32	T	503	355	970	45	53	371	831099	833396	0	0	10	0	2	0	12783	12795
TP1_synth_reverse		33	C	442	831213	1403	31	66	120	117	833392	0	12780	14	0	1	0	0	12795
TP1_synth_reverse		34	T	696	311	2174	62	2	87	830053	833385	1	2	24	0	0	0	12768	12795
TP1_synth_reverse		35	T	1387	456	1328	54	503	89	829551	833368	0	2	11	0	7	0	12775	12795
TP1_synth_reverse		36	C	502	830098	2516	22	0	58	96	833292	0	12769	26	0	0	0	0	12795
TP1_synth_reverse		37	C	545	830241	2104	53	4	82	250	833279	0	12774	19	0	0	0	2	12795
TP1_synth_reverse		38	T	634	206	2510	277	29	27	829321	833004	0	1	26	1	1	0	12766	12795
TP1_synth_reverse		39	C	398	829791	2503	40	4	67	223	833026	0	12765	28	0	0	0	3	12796
TP1_synth_reverse		40	T	1235	242	2736	22	927	148	827711	833021	0	1	31	0	15	0	12749	12796
TP1_synth_reverse		41	G	524	555	2246	829319	4	24	335	833007	0	0	25	12771	0	0	0	12796
TP1_synth_reverse		42	T	1994	79	2403	29	1229	68	827196	832998	0	0	28	0	15	0	12753	12796
TP1_synth_reverse		43	G	791	468	3054	827686	240	358	385	832982	3	1	34	12756	2	0	0	12796
TP1_synth_reverse		44	C	511	825536	3619	65	1165	151	1931	832978	1	12718	42	0	18	0	17	12796
TP1_synth_reverse		45	G	495	344	2632	828009	35	69	1419	833003	4	0	30	12761	1	0	3	12799
TP1_synth_reverse		46	C	762	828502	3092	86	2	12	543	832999	0	12756	37	1	0	0	5	12799
TP1_synth_reverse		47	C	374	828794	2165	97	718	31	788	832967	1	12756	25	1	12	0	3	12798
TP1_synth_reverse		48	G	257	616	2249	828831	2	49	1053	833057	1	1	29	12768	0	0	2	12801
TP1_synth_reverse		49	A	829341	215	2969	148	0	208	138	833019	12760	1	38	1	0	0	0	12800
TP1_synth_reverse		50	T	923	93	2216	125	105	91	829456	833009	0	0	27	0	1	0	12772	12800
TP1_synth_reverse		51	A	830255	59	2247	104	9	109	244	833027	12770	0	30	0	0	0	1	12801
TP1_synth_reverse		52	C	535	829626	1933	125	105	289	140	832753	0	12774	26	0	1	0	0	12801
TP1_synth_reverse		53	A	829510	42	1956	174	581	318	200	832781	12765	0	27	0	8	0	1	12801
TP1_synth_reverse		54	G	129	218	2146	829742	80	98	421	832834	0	0	27	12773	1	0	2	12803
TP1_synth_reverse		55	A	829717	75	2582	150	0	129	223	832876	12768	0	35	0	0	0	1	12804
TP1_synth_reverse		56	A	830441	14	1937	177	0	92	142	832803	12774	0	28	0	0	0	2	12804
TP1_synth_reverse		57	T	1631	78	2077	211	398	205	828233	832833	0	0	30	0	3	0	12772	12805
TP1_synth_reverse		58	A	830444	11	1992	76	1	242	96	832862	12775	0	31	0	0	0	0	12806
TP1_synth_reverse		59	T	884	133	2419	76	0	366	828931	832809	0	1	33	0	0	0	12772	12806
TP1_synth_reverse		60	C	801	828909	2409	57	67	249	294	832786	0	12765	37	0	1	0	3	12806
TP1_synth_reverse		61	T	1106	81	2085	282	481	192	828575	832802	0	0	28	3	3	0	12774	12808
TP1_synth_reverse		62	G	676	218	1862	829090	204	307	359	832716	6	0	27	12773	2	0	0	12808
TP1_synth_reverse		63	T	1971	222	2197	21	1	144	828175	832731	1	1	31	0	0	0	12776	12809
TP1_synth_reverse		64	T	1751	235	1114	13	29	51	829528	832721	0	2	18	0	1	0	12788	12809
TP1_synth_reverse		65	C	1099	829142	2089	24	173	160	241	832928	0	12775	30	0	3	0	3	12811
TP1_synth_reverse		66	G	1087	442	2145	828691	21	60	465	832911	6	1	26	12777	0	0	1	12811
TP1_synth_reverse		67	C	847	830000	1690	38	35	193	105	832908	0	12792	19	0	0	0	0	12811
TP1_synth_reverse		68	A	830578	223	1792	139	0	79	106	832917	12793	0	19	0	0	0	0	12812
TP1_synth_reverse		69	C	278	829823	2285	38	0	62	420	832906	0	12789	21	0	0	0	2	12812
TP1_synth_reverse		70	T	985	116	2046	102	182	104	829356	832891	0	1	22	0	2	0	12787	12812
TP1_synth_reverse		71	C	444	829346	2469	35	0	284	307	832885	1	12779	29	0	0	0	3	12812
TP1_synth_reverse		72	C	614	830345	1221	46	228	133	275	832862	0	12794	16	0	2	0	0	12812
TP1_synth_reverse		73	G	812	457	2313	828655	59	286	263	832845	2	0	26	12784	0	0	0	12812
TP1_synth_reverse		74	A	829902	183	2293	179	122	93	64	832836	12781	2	27	0	1	0	1	12812
TP1_synth_reverse		75	G	327	362	2427	829466	1	58	176	832817	4	0	31	12776	0	0	1	12812
TP1_synth_reverse		76	T	872	187	2712	48	222	56	828696	832793	0	1	29	0	2	0	12780	12812
TP1_synth_reverse		77	G	661	353	2751	828668	2	60	265	832760	2	0	23	12786	0	0	1	12812
TP1_synth_reverse		78	C	448	826462	3525	45	307	426	1543	832756	0	12771	28	0	4	0	9	12812
TP1_synth_reverse		79	G	566	687	3041	827940	0	135	376	832745	5	2	24	12781	0	0	0	12812
TP1_synth_reverse		80	G	549	276	1389	830057	1	129	324	832725	3	0	13	12796	0	0	0	12812
TP1_synth_reverse		81	C	331	829835	2092	86	135	69	157	832705	1	12790	19	0	2	0	0	12812
TP1_synth_reverse		82	A	828810	107	3201	149	0	80	113	832460	12781	1	30	0	0	0	0	12812
TP1_synth_reverse		83	A	830908	51	1101	82	1	197	114	832454	12803	0	9	0	0	0	0	12812
TP1_synth_reverse		84	A	831445	37	396	199	34	244	76	832431	12808	0	3	0	1	0	0	12812
TP1_synth_reverse		85	G	131	317	574	830964	82	90	158	832316	0	0	5	12806	1	0	0	12812
TP1_synth_reverse		86	C	487	831435	26	54	62	65	142	832271	0	12809	1	1	1	0	0	12812
TP1_synth_reverse		87	T	1096	117	81	22	0	313	830593	832222	0	0	1	0	0	0	12811	12812
TP1_synth_reverse		88	G	172	341	37	831254	9	137	225	832175	1	0	0	12811	0	0	0	12812
TP1_synth_reverse		89	T	680	110	248	51	0	51	830985	832125	0	0	2	0	0	0	12810	12812
TP1_synth_reverse		90	T	612	106	140	255	0	77	830663	831853	0	0	1	0	0	0	12811	12812
TP1_synth_reverse		91	C	483	830479	0	319	0	299	156	831736	0	12810	0	2	0	0	0	12812
TP1_synth_reverse		92	C	394	830188	0	91	0	342	235	831250	0	12810	0	1	0	0	1	12812
TP1_synth_reverse		93	G	372	360	0	828931	0	142	142	829947	0	0	0	12812	0	0	0	12812
TP1_synth_reverse		94	T	496	97	0	85	0	83	829030	829791	0	0	0	1	0	0	12811	12812
TP1_synth_reverse		95	C	0	829165	0	0	0	170	0	829335	0	12812	0	0	0	0	0	12812
TP1_synth_reverse		96	C	0	828096	0	0	0	114	0	828210	0	12811	0	0	0	0	0	12811
TP1_synth_reverse		97	C	0	825413	0	0	0	151	0	825564	0	12808	0	0	0	0	0	12808
TP1_synth_reverse		98	A	823451	0	0	0	0	0	0	823451	12803	0	0	0	0	0	0	12803
TP1_synth_reverse		99	G	0	0	0	822271	1	0	0	822272	0	0	0	12802	0	0	0	12802
