



























































































































































































































#AmpliconChromStart	Alias	Position	ProbableRef	rawA	rawC	rawD	rawG	rawI	rawN	rawT	rawDepth	consA	consC	consD	consG	consI	consN	consT	consDepth	
TP1_synth_reverse		1	G	0	0	0	825274	0	0	0	825274	0	0	0	25524	0	0	0	25524
TP1_synth_reverse		2	T	0	0	0	0	0	0	826722	826722	0	0	0	0	0	0	25554	25554
TP1_synth_reverse		3	G	0	0	0	828884	0	87	0	828971	0	0	0	25611	0	0	0	25611
TP1_synth_reverse		4	G	0	0	0	829997	0	54	0	830051	0	0	0	25637	0	1	0	25638
TP1_synth_reverse		5	T	0	0	0	0	0	18	830445	830463	0	0	0	0	0	0	25655	25655
TP1_synth_reverse		6	G	108	86	0	830419	0	13	360	830986	0	0	0	25672	0	0	2	25674
TP1_synth_reverse		7	A	830852	20	0	104	0	70	133	831179	25682	0	0	0	0	0	0	25682
TP1_synth_reverse		8	G	237	81	0	832203	1	87	303	832912	1	0	0	25711	0	0	3	25715
TP1_synth_reverse		9	G	135	140	0	832091	196	28	427	833017	2	0	0	25715	1	0	2	25720
TP1_synth_reverse		10	C	226	832551	26	29	0	26	181	833039	0	25719	1	0	0	0	1	25721
TP1_synth_reverse		11	T	162	170	232	12	222	30	832232	833060	0	0	2	0	16	0	25704	25722
TP1_synth_reverse		12	C	296	831504	1041	17	0	78	141	833077	0	25701	23	0	0	0	0	25724
TP1_synth_reverse		13	C	362	832460	2	28	0	104	121	833077	0	25724	0	0	0	0	0	25724
TP1_synth_reverse		14	C	405	832463	0	15	0	44	150	833077	0	25722	0	0	0	0	2	25724
TP1_synth_reverse		15	C	271	832242	2	35	154	73	300	833077	0	25716	0	0	5	0	3	25724
TP1_synth_reverse		16	T	327	316	1405	9	0	211	830809	833077	0	5	35	0	0	1	25683	25724
TP1_synth_reverse		17	T	435	195	584	10	1	62	831796	833083	2	4	15	0	0	0	25704	25725
TP1_synth_reverse		18	T	333	392	453	8	229	65	831603	833083	0	2	11	0	4	1	25707	25725
TP1_synth_reverse		19	C	344	831131	864	24	582	74	333	833352	0	25695	18	0	8	0	5	25726
TP1_synth_reverse		20	T	244	262	1037	30	1	42	831740	833356	0	3	23	0	0	0	25701	25727
TP1_synth_reverse		21	T	493	216	97	44	2235	94	830188	833367	0	2	3	0	64	1	25659	25729
TP1_synth_reverse		22	G	143	408	689	831282	559	22	264	833367	1	0	14	25693	17	0	4	25729
TP1_synth_reverse		23	C	539	828038	940	57	3186	30	588	833378	2	25599	26	0	87	0	17	25731
TP1_synth_reverse		24	G	505	148	1232	830697	4	42	750	833378	6	0	35	25686	0	2	2	25731
TP1_synth_reverse		25	G	108	594	331	831713	207	113	340	833406	1	0	10	25715	8	0	0	25734
TP1_synth_reverse		26	A	831353	18	833	149	908	46	117	833424	25674	0	27	0	33	1	0	25735
TP1_synth_reverse		27	G	83	756	1273	830212	273	30	797	833424	1	1	18	25700	5	0	10	25735
TP1_synth_reverse		28	A	831935	186	773	93	307	34	107	833435	25713	1	18	0	3	1	0	25736
TP1_synth_reverse		29	T	263	248	1043	122	2	166	831591	833435	0	7	22	0	0	1	25706	25736
TP1_synth_reverse		30	T	898	267	885	86	0	127	831172	833435	0	4	18	1	0	1	25712	25736
TP1_synth_reverse		31	C	480	831814	862	39	8	72	157	833432	0	25710	20	0	1	1	5	25737
TP1_synth_reverse		32	T	504	355	970	45	53	371	831123	833421	0	1	20	0	2	1	25713	25737
TP1_synth_reverse		33	C	441	831239	1403	31	66	120	117	833417	0	25709	27	0	1	0	0	25737
TP1_synth_reverse		34	T	699	311	2174	62	2	87	830075	833410	1	2	37	0	0	1	25696	25737
TP1_synth_reverse		35	T	1389	456	1328	54	503	89	829574	833393	3	7	19	0	8	1	25699	25737
TP1_synth_reverse		36	C	502	830123	2516	22	0	58	96	833317	1	25688	46	0	0	0	2	25737
TP1_synth_reverse		37	C	546	830264	2104	54	4	82	250	833304	1	25689	32	0	0	0	15	25737
TP1_synth_reverse		38	T	635	206	2510	277	29	27	829345	833029	0	5	40	1	2	1	25688	25737
TP1_synth_reverse		39	C	400	829814	2503	40	4	67	223	833051	0	25689	44	0	1	0	5	25739
TP1_synth_reverse		40	T	1237	242	2736	22	927	148	827734	833046	0	1	55	0	33	0	25650	25739
TP1_synth_reverse		41	G	525	555	2246	829342	4	24	336	833032	3	0	43	25692	0	0	1	25739
TP1_synth_reverse		42	T	1996	79	2403	29	1229	68	827219	833023	1	0	56	0	27	0	25655	25739
TP1_synth_reverse		43	G	793	469	3054	827708	240	358	385	833007	6	1	60	25662	4	6	0	25739
TP1_synth_reverse		44	C	510	825577	3619	65	1165	151	1931	833018	1	25590	77	0	33	1	38	25740
TP1_synth_reverse		45	G	495	344	2632	828045	35	69	1423	833043	6	0	62	25665	1	0	9	25743
TP1_synth_reverse		46	C	763	828541	3092	86	2	12	543	833039	0	25642	89	1	0	0	11	25743
TP1_synth_reverse		47	C	373	828821	2165	98	718	31	788	832994	1	25665	50	2	18	0	6	25742
TP1_synth_reverse		48	G	256	616	2249	828852	2	49	1060	833084	3	2	53	25682	0	1	4	25745
TP1_synth_reverse		49	A	829368	215	2969	148	0	208	138	833046	25664	1	74	1	0	1	3	25744
TP1_synth_reverse		50	T	927	93	2216	126	105	91	829478	833036	1	2	50	0	3	0	25687	25743
TP1_synth_reverse		51	A	830282	59	2247	104	9	109	244	833054	25686	0	54	0	2	0	2	25744
TP1_synth_reverse		52	C	534	829653	1933	125	105	289	140	832779	0	25689	48	0	1	3	1	25742
TP1_synth_reverse		53	A	829536	42	1956	174	581	318	200	832807	25667	1	55	0	16	2	1	25742
TP1_synth_reverse		54	G	128	218	2146	829766	80	98	424	832860	0	0	57	25682	2	0	4	25745
TP1_synth_reverse		55	A	829743	75	2582	150	0	129	223	832902	25675	0	68	0	0	0	2	25745
TP1_synth_reverse		56	A	830467	14	1937	177	0	92	142	832829	25685	0	55	0	0	2	3	25745
TP1_synth_reverse		57	T	1634	78	2077	212	398	205	828255	832859	3	2	61	1	8	3	25668	25746
TP1_synth_reverse		58	A	830470	11	1992	76	1	242	96	832888	25688	0	54	0	0	4	1	25747
TP1_synth_reverse		59	T	888	133	2419	77	0	366	828952	832835	1	1	58	1	0	5	25681	25747
TP1_synth_reverse		60	C	802	828934	2409	57	67	249	294	832812	1	25674	67	0	1	1	3	25747
TP1_synth_reverse		61	T	1107	81	2085	282	481	192	828600	832828	1	1	54	4	6	2	25681	25749
TP1_synth_reverse		62	G	677	219	1862	829115	204	307	358	832742	10	0	52	25679	2	1	4	25748
TP1_synth_reverse		63	T	1968	222	2197	21	1	144	828204	832757	2	3	44	0	0	0	25699	25748
TP1_synth_reverse		64	T	1760	235	1114	13	29	51	829545	832747	3	2	26	0	1	0	25716	25748
TP1_synth_reverse		65	C	1100	829167	2089	24	173	160	241	832954	2	25693	46	0	4	0	6	25751
TP1_synth_reverse		66	G	1087	443	2145	828717	21	60	464	832937	12	1	44	25687	1	0	6	25751
TP1_synth_reverse		67	C	845	830028	1690	38	35	193	105	832934	0	25716	31	0	1	1	2	25751
TP1_synth_reverse		68	A	830589	223	1792	139	0	79	106	832928	25713	0	37	0	0	1	0	25751
TP1_synth_reverse		69	C	278	829834	2285	38	0	62	420	832917	1	25704	37	0	0	2	6	25750
TP1_synth_reverse		70	T	985	116	2046	105	182	104	829364	832902	0	2	43	0	5	0	25700	25750
TP1_synth_reverse		71	C	444	829357	2469	35	0	284	307	832896	1	25684	61	0	0	0	4	25750
TP1_synth_reverse		72	C	612	830356	1221	48	228	133	275	832873	0	25704	37	0	4	2	2	25749
TP1_synth_reverse		73	G	812	457	2313	828666	59	286	263	832856	6	1	60	25677	3	2	0	25749
TP1_synth_reverse		74	A	829913	183	2293	179	122	93	64	832847	25678	8	61	0	1	0	1	25749
TP1_synth_reverse		75	G	327	362	2427	829477	1	58	176	832828	5	0	53	25685	0	0	6	25749
TP1_synth_reverse		76	T	870	187	2712	48	222	56	828709	832804	0	3	67	1	4	1	25673	25749
TP1_synth_reverse		77	G	661	355	2751	828677	2	60	265	832771	5	1	55	25686	0	0	2	25749
TP1_synth_reverse		78	C	449	826472	3525	45	307	426	1543	832767	0	25646	70	1	6	4	22	25749
TP1_synth_reverse		79	G	566	686	3041	827952	0	135	376	832756	10	3	52	25680	0	4	0	25749
TP1_synth_reverse		80	G	549	277	1389	830067	1	129	324	832736	8	0	34	25704	0	0	3	25749
TP1_synth_reverse		81	C	333	829844	2092	86	135	69	157	832716	2	25695	47	0	2	2	0	25748
TP1_synth_reverse		82	A	828822	107	3200	149	0	80	113	832471	25678	1	67	0	0	0	0	25746
TP1_synth_reverse		83	A	830920	51	1100	82	1	197	114	832465	25720	0	25	0	0	1	0	25746
TP1_synth_reverse		84	A	831456	37	396	199	34	244	76	832442	25733	0	9	3	1	0	0	25746
TP1_synth_reverse		85	G	130	319	574	830974	82	90	158	832327	0	1	13	25731	1	0	0	25746
TP1_synth_reverse		86	C	489	831444	26	54	62	65	142	832282	0	25740	3	1	1	0	1	25746
TP1_synth_reverse		87	T	1097	117	81	22	0	313	830602	832232	1	1	3	0	0	3	25738	25746
TP1_synth_reverse		88	G	172	342	37	831263	9	137	225	832185	1	0	1	25741	0	2	1	25746
TP1_synth_reverse		89	T	680	110	248	50	0	51	830996	832135	0	0	7	0	0	0	25738	25745
TP1_synth_reverse		90	T	614	106	140	255	0	77	830671	831863	1	1	1	1	0	1	25739	25744
TP1_synth_reverse		91	C	483	830489	0	319	0	299	156	831746	2	25737	0	2	0	2	1	25744
TP1_synth_reverse		92	C	395	830196	0	91	0	342	235	831259	0	25735	0	1	0	3	2	25741
TP1_synth_reverse		93	G	372	360	0	828940	0	142	142	829956	3	0	0	25726	0	2	0	25731
TP1_synth_reverse		94	T	497	97	0	86	0	83	829037	829800	0	0	0	1	0	1	25729	25731
TP1_synth_reverse		95	C	0	829174	0	0	0	170	0	829344	0	25728	0	0	0	0	0	25728
TP1_synth_reverse		96	C	0	828104	0	0	0	114	0	828218	0	25724	0	0	0	2	0	25726
TP1_synth_reverse		97	C	0	825421	0	0	0	151	0	825572	0	25714	0	0	0	1	0	25715
TP1_synth_reverse		98	A	823459	0	0	0	0	0	0	823459	25684	0	0	0	0	0	0	25684
TP1_synth_reverse		99	G	0	0	0	822278	1	0	0	822279	0	0	0	25679	0	0	0	25679
