



























































































































































































































#AmpliconChromStart	Alias	Position	ProbableRef	rawA	rawC	rawD	rawG	rawI	rawN	rawT	rawDepth	consA	consC	consD	consG	consI	consN	consT	consDepth	
TP1_synth_forward		5	T	0	0	0	0	0	0	322	322	0	0	0	0	0	0	245	245
TP1_synth_forward		6	G	0	0	0	732	0	0	0	732	0	0	0	598	0	0	0	598
TP1_synth_forward		7	A	764	0	0	0	0	0	0	764	622	0	0	0	0	0	0	622
TP1_synth_forward		8	G	0	0	0	1314	0	1	0	1315	0	0	0	664	0	0	0	664
TP1_synth_forward		9	G	0	0	0	2075	0	0	0	2075	0	0	0	693	0	0	0	693
TP1_synth_forward		10	C	7	2093	0	0	0	1	0	2101	4	706	0	0	0	1	0	711
TP1_synth_forward		11	T	13	0	0	0	0	0	2088	2101	10	0	0	0	0	0	701	711
TP1_synth_forward		12	C	9	2092	0	0	0	0	0	2101	7	704	0	0	0	0	0	711
TP1_synth_forward		13	C	10	2129	0	0	0	0	0	2139	6	732	0	0	0	0	0	738
TP1_synth_forward		14	C	9	2150	0	0	0	0	0	2159	6	746	0	0	0	0	0	752
TP1_synth_forward		15	C	3	2156	0	0	0	0	0	2159	3	749	0	0	0	0	0	752
TP1_synth_forward		16	T	26	0	8	0	0	0	2125	2159	18	0	8	0	0	0	726	752
TP1_synth_forward		17	T	60	1	1	0	0	0	2097	2159	36	0	1	0	0	0	715	752
TP1_synth_forward		18	T	19	0	0	0	0	0	2182	2201	13	0	0	0	0	0	778	791
TP1_synth_forward		19	A	2526	0	1	0	0	0	3	2530	1084	0	1	0	0	0	2	1087
TP1_synth_forward		20	T	17	1	1	0	0	0	2511	2530	11	1	0	0	0	0	1075	1087
TP1_synth_forward		21	A	2525	0	3	0	0	0	2	2530	1084	0	3	0	0	0	0	1087
TP1_synth_forward		22	C	14	2515	1	0	0	0	0	2530	10	1076	1	0	0	0	0	1087
TP1_synth_forward		23	A	2494	1	33	2	0	0	0	2530	1079	1	6	1	0	0	0	1087
TP1_synth_forward		24	G	3	19	33	2470	0	0	5	2530	1	8	6	1070	0	0	2	1087
TP1_synth_forward		25	A	2519	1	9	0	0	0	1	2530	1078	1	7	0	0	0	1	1087
TP1_synth_forward		26	A	2530	0	0	0	0	0	0	2530	1087	0	0	0	0	0	0	1087
TP1_synth_forward		27	T	38	1	0	3	0	0	2488	2530	23	0	0	3	0	0	1061	1087
TP1_synth_forward		28	A	2525	1	4	0	0	0	0	2530	1083	1	3	0	0	0	0	1087
TP1_synth_forward		29	T	13	0	4	0	0	1	2512	2530	7	0	3	0	0	1	1076	1087
TP1_synth_forward		30	C	8	2516	6	0	0	0	0	2530	5	1080	2	0	0	0	0	1087
TP1_synth_forward		31	T	23	0	5	0	0	0	2502	2530	16	0	4	0	0	0	1067	1087
TP1_synth_forward		32	G	2	51	9	2466	0	0	2	2530	2	33	6	1046	0	0	0	1087
TP1_synth_forward		33	T	70	0	9	3	0	0	2926	3008	57	0	6	3	0	0	1073	1139
TP1_synth_forward		34	T	39	0	3	7	0	1	2958	3008	30	0	1	7	0	1	1100	1139
TP1_synth_forward		35	C	14	3434	4	0	0	0	0	3452	9	1161	3	0	0	0	0	1173
TP1_synth_forward		36	G	3	15	3	3368	0	1	67	3457	0	15	2	1117	0	1	43	1178
TP1_synth_forward		37	C	16	3443	4	1	0	1	1	3466	12	1169	2	1	0	1	0	1185
TP1_synth_forward		38	A	3659	3	7	1	1	0	2	3673	1193	2	5	1	1	0	1	1203
TP1_synth_forward		39	C	11	3654	3	3	2	0	0	3673	6	1190	2	3	2	0	0	1203
TP1_synth_forward		40	T	30	1	8	13	2	0	3619	3673	21	0	4	12	2	0	1164	1203
TP1_synth_forward		41	C	10	3653	6	2	0	1	1	3673	5	1192	4	1	0	1	0	1203
TP1_synth_forward		42	C	12	3659	1	0	0	0	0	3672	9	1193	0	0	0	0	0	1202
TP1_synth_forward		43	G	2	23	3	3570	0	0	73	3671	1	14	2	1126	0	0	58	1201
TP1_synth_forward		44	A	3258	0	1	0	1	0	0	3260	1197	0	1	0	1	0	0	1199
TP1_synth_forward		45	G	1	12	6	3185	0	0	78	3282	0	8	5	1131	0	0	57	1201
TP1_synth_forward		46	T	50	0	2	1	0	0	3297	3350	32	0	2	0	0	0	1179	1213
TP1_synth_forward		47	G	1	10	9	3239	0	0	90	3349	1	7	4	1137	0	0	63	1212
TP1_synth_forward		48	C	21	3322	4	0	1	0	0	3348	9	1199	2	0	1	0	0	1211
TP1_synth_forward		49	G	4	3	10	3356	0	0	78	3451	4	1	9	1152	0	0	53	1219
TP1_synth_forward		50	G	3	12	3	3370	1	1	66	3456	3	6	2	1172	1	1	39	1224
TP1_synth_forward		51	C	12	3758	2	3	0	1	0	3776	7	1246	2	3	0	1	0	1259
TP1_synth_forward		52	T	29	1	6	6	0	0	3597	3639	11	1	5	5	0	0	935	957
TP1_synth_forward		53	T	36	1	2	5	0	0	3595	3639	19	0	2	4	0	0	932	957
TP1_synth_forward		54	G	11	5	6	3594	0	0	22	3638	6	3	4	927	0	0	16	956
TP1_synth_forward		55	C	20	3938	5	1	0	0	2	3966	8	977	3	0	0	0	2	990
TP1_synth_forward		56	G	8	4	12	3890	0	0	52	3966	4	2	9	942	0	0	33	990
TP1_synth_forward		57	G	26	6	2	3961	0	2	23	4020	14	2	2	974	0	2	6	1000
TP1_synth_forward		58	A	4168	1	24	2	0	0	1	4196	1025	1	4	1	0	0	0	1031
TP1_synth_forward		59	G	29	8	30	4118	0	0	10	4195	14	5	6	1004	0	0	1	1030
TP1_synth_forward		60	A	4291	5	25	0	0	1	1	4323	1040	2	5	0	0	0	0	1047
TP1_synth_forward		61	T	19	0	10	8	0	0	4349	4386	12	0	7	6	0	0	1038	1063
TP1_synth_forward		62	T	24	2	3	0	0	0	4382	4411	15	0	3	0	0	0	1050	1068
TP1_synth_forward		63	C	20	4483	7	0	0	0	0	4510	8	1079	6	0	0	0	0	1093
TP1_synth_forward		64	T	25	0	5	1	0	0	4477	4508	9	0	5	0	0	0	1077	1091
TP1_synth_forward		65	C	5	4498	5	0	0	0	0	4508	1	1086	4	0	0	0	0	1091
TP1_synth_forward		66	T	38	1	6	5	0	1	4457	4508	16	0	6	2	0	0	1067	1091
TP1_synth_forward		67	T	50	3	3	2	0	1	4449	4508	24	1	3	0	0	1	1062	1091
TP1_synth_forward		68	C	16	4300	7	1	0	0	184	4508	7	1060	7	1	0	0	16	1091
TP1_synth_forward		69	C	14	4541	1	3	0	0	1	4560	7	1086	1	1	0	0	0	1095
TP1_synth_forward		70	T	22	0	2	3	0	1	4838	4866	4	0	2	1	0	1	1105	1113
TP1_synth_forward		71	C	9	5403	6	0	0	0	0	5418	5	1153	3	0	0	0	0	1161
TP1_synth_forward		72	T	27	2	3	4	0	0	5382	5418	14	1	2	1	0	0	1143	1161
TP1_synth_forward		73	G	8	13	3	5381	0	3	10	5418	6	6	2	1140	0	2	5	1161
TP1_synth_forward		74	T	24	1	2	1	0	1	5389	5418	12	1	1	0	0	0	1147	1161
TP1_synth_forward		75	G	27	8	4	5360	0	1	17	5417	22	2	2	1128	0	1	6	1161
TP1_synth_forward		76	C	12	5394	5	2	0	2	2	5417	8	1147	3	2	0	0	1	1161
TP1_synth_forward		77	G	11	3	3	4919	8	1	471	5416	7	2	2	1081	1	1	67	1161
TP1_synth_forward		78	C	17	5393	4	0	0	0	2	5416	12	1145	4	0	0	0	0	1161
TP1_synth_forward		79	C	9	5402	0	2	0	0	3	5416	8	1149	0	2	0	0	2	1161
TP1_synth_forward		80	G	11	9	1	5362	0	0	33	5416	10	3	0	1121	0	0	27	1161
TP1_synth_forward		81	C	7	5133	0	0	0	0	1	5141	6	1141	0	0	0	0	0	1147
TP1_synth_forward		82	A	5123	3	3	0	0	0	12	5141	1142	2	3	0	0	0	0	1147
TP1_synth_forward		83	A	5130	3	1	0	0	0	7	5141	1145	1	1	0	0	0	0	1147
TP1_synth_forward		84	A	5132	2	0	2	0	0	5	5141	1145	0	0	1	0	0	1	1147
TP1_synth_forward		85	G	2	11	1	5103	0	1	18	5136	1	3	1	1127	0	0	13	1145
TP1_synth_forward		86	C	11	5118	0	0	0	2	3	5134	7	1136	0	0	0	0	1	1144
TP1_synth_forward		87	T	47	0	1	5	0	0	5074	5127	21	0	1	2	0	0	1118	1142
TP1_synth_forward		88	G	6	7	1	5109	0	0	3	5126	6	1	0	1134	0	0	0	1141
TP1_synth_forward		89	T	35	0	0	5	0	0	5086	5126	17	0	0	1	0	0	1123	1141
TP1_synth_forward		90	T	20	1	0	0	0	1	5104	5126	5	1	0	0	0	1	1134	1141
TP1_synth_forward		91	C	5	5115	0	2	0	2	0	5124	4	1133	0	1	0	2	0	1140
TP1_synth_forward		92	C	8	5111	0	0	0	0	0	5119	5	1135	0	0	0	0	0	1140
TP1_synth_forward		93	G	8	2	0	5101	0	1	3	5115	7	2	0	1128	0	0	1	1138
TP1_synth_forward		94	T	24	0	0	3	0	0	5084	5111	7	0	0	1	0	0	1128	1136
TP1_synth_forward		95	C	6	5103	0	1	0	0	0	5110	2	1132	0	1	0	0	0	1135
TP1_synth_forward		96	C	0	5100	0	0	0	1	0	5101	0	1132	0	0	0	1	0	1133
TP1_synth_forward		97	C	0	5090	0	0	0	0	0	5090	0	1127	0	0	0	0	0	1127
TP1_synth_forward		98	A	5078	0	0	0	0	1	0	5079	1125	0	0	0	0	1	0	1126
TP1_synth_forward		99	G	0	0	0	5070	0	0	0	5070	0	0	0	1121	0	0	0	1121
TP1_synth_forward		100	T	0	0	0	0	0	0	5019	5019	0	0	0	0	0	0	1105	1105
TP1_synth_forward	TP1_synth_forward	1	G	0	0	0	628825	0	0	0	628825	0	0	0	35632	0	0	0	35632
TP1_synth_forward	TP1_synth_forward	2	T	0	0	0	0	0	0	629934	629934	0	0	0	0	0	0	35998	35998
TP1_synth_forward	TP1_synth_forward	3	G	0	0	0	632619	0	10	0	632629	0	0	0	36493	0	0	0	36493
TP1_synth_forward	TP1_synth_forward	4	G	0	0	0	633126	0	16	0	633142	0	0	0	36800	0	1	0	36801
TP1_synth_forward	TP1_synth_forward	5	T	0	0	0	0	0	63	633079	633142	0	0	0	0	0	5	36796	36801
TP1_synth_forward	TP1_synth_forward	6	G	104	44	0	632821	0	78	95	633142	8	6	0	36740	0	37	10	36801
TP1_synth_forward	TP1_synth_forward	7	A	632642	288	0	73	0	46	93	633142	36768	4	0	3	0	22	4	36801
TP1_synth_forward	TP1_synth_forward	8	G	84	122	0	632303	0	254	379	633142	6	7	0	36697	0	76	15	36801
TP1_synth_forward	TP1_synth_forward	9	G	107	118	0	632204	293	31	389	633142	2	31	0	36751	2	4	11	36801
TP1_synth_forward	TP1_synth_forward	10	C	173	632648	140	20	10	13	138	633142	21	36766	3	2	1	0	8	36801
TP1_synth_forward	TP1_synth_forward	11	T	495	99	882	17	60	11	631578	633142	37	2	24	3	6	0	36729	36801
TP1_synth_forward	TP1_synth_forward	12	C	187	625230	7525	22	0	42	136	633142	31	36531	203	1	0	25	10	36801
TP1_synth_forward	TP1_synth_forward	13	C	292	632210	319	23	0	193	105	633142	47	36692	3	1	0	50	8	36801
TP1_synth_forward	TP1_synth_forward	14	C	219	632716	0	22	0	63	122	633142	28	36756	0	1	0	16	0	36801
TP1_synth_forward	TP1_synth_forward	15	C	148	632736	9	12	119	9	109	633142	25	36752	1	0	14	3	6	36801
TP1_synth_forward	TP1_synth_forward	16	T	694	46	8027	35	0	20	624320	633142	93	7	324	0	0	11	36366	36801
TP1_synth_forward	TP1_synth_forward	17	T	398	82	557	15	2	2	632086	633142	73	4	30	1	0	1	36692	36801
TP1_synth_forward	TP1_synth_forward	18	T	532	73	557	6	84	21	631869	633142	76	11	31	0	4	6	36673	36801
TP1_synth_forward	TP1_synth_forward	19	A	629133	93	3518	68	48	59	223	633142	36603	7	160	5	3	9	14	36801
TP1_synth_forward	TP1_synth_forward	20	T	580	64	562	38	0	82	631816	633142	95	2	66	2	0	8	36628	36801
TP1_synth_forward	TP1_synth_forward	21	A	628756	66	4064	71	13	29	143	633142	36585	14	182	2	3	1	14	36801
TP1_synth_forward	TP1_synth_forward	22	C	332	630412	2184	73	1	21	119	633142	46	36619	117	11	1	4	3	36801
TP1_synth_forward	TP1_synth_forward	23	A	630230	277	2007	456	0	38	134	633142	36593	11	166	13	0	9	9	36801
TP1_synth_forward	TP1_synth_forward	24	G	160	107	1756	630308	0	24	787	633142	21	20	122	36579	0	10	49	36801
TP1_synth_forward	TP1_synth_forward	25	A	626498	15	6118	67	0	51	393	633142	36490	2	290	4	0	6	9	36801
TP1_synth_forward	TP1_synth_forward	26	A	631389	6	1549	78	0	12	108	633142	36694	0	102	0	0	3	2	36801
TP1_synth_forward	TP1_synth_forward	27	T	1311	57	2617	43	59	64	628991	633142	190	3	177	7	4	34	36386	36801
TP1_synth_forward	TP1_synth_forward	28	A	628895	23	4060	49	3	20	92	633142	36570	4	212	2	1	9	3	36801
TP1_synth_forward	TP1_synth_forward	29	T	623	61	3056	155	2	89	629156	633142	97	3	197	6	1	35	36462	36801
TP1_synth_forward	TP1_synth_forward	30	C	549	627319	4362	57	0	47	808	633142	146	36446	152	6	0	14	37	36801
TP1_synth_forward	TP1_synth_forward	31	T	1449	65	2913	519	775	63	627193	632977	432	3	154	35	23	24	36014	36685
TP1_synth_forward	TP1_synth_forward	32	G	315	618	7203	623588	54	21	1098	632897	30	146	311	35992	15	6	149	36649
TP1_synth_forward	TP1_synth_forward	33	T	3021	318	6294	74	4	21	623002	632734	700	10	337	11	2	18	35541	36619
TP1_synth_forward	TP1_synth_forward	34	T	1681	136	2665	473	7	57	627677	632696	239	8	137	57	2	23	36135	36601
TP1_synth_forward	TP1_synth_forward	35	C	784	628293	3406	25	0	37	137	632682	210	36184	179	2	0	13	3	36591
TP1_synth_forward	TP1_synth_forward	36	G	712	736	4455	623193	0	62	3452	632610	31	264	217	35600	0	29	416	36557
TP1_synth_forward	TP1_synth_forward	37	C	362	629685	2252	67	89	26	100	632581	62	36344	117	5	3	8	4	36543
TP1_synth_forward	TP1_synth_forward	38	A	628521	476	2832	104	446	19	178	632576	36332	17	154	3	12	8	15	36541
TP1_synth_forward	TP1_synth_forward	39	C	195	627050	3866	191	563	32	603	632500	40	36175	222	17	14	26	26	36520
TP1_synth_forward	TP1_synth_forward	40	T	896	273	3392	263	542	130	626982	632478	191	12	185	26	20	64	36010	36508
TP1_synth_forward	TP1_synth_forward	41	C	330	626473	5188	133	1	40	305	632470	65	36103	282	9	0	27	17	36503
TP1_synth_forward	TP1_synth_forward	42	C	665	628996	2391	63	2	41	151	632309	164	36142	136	7	0	11	7	36467
TP1_synth_forward	TP1_synth_forward	43	G	463	440	4430	622791	118	75	3951	632268	15	103	220	35601	8	7	487	36441
TP1_synth_forward	TP1_synth_forward	44	A	628417	48	2790	36	730	15	54	632090	36248	4	147	0	30	3	2	36434
TP1_synth_forward	TP1_synth_forward	45	G	86	225	5072	622580	60	18	4023	632064	4	46	263	35590	7	1	513	36424
TP1_synth_forward	TP1_synth_forward	46	T	2370	692	4846	87	444	20	623510	631969	509	28	256	23	13	13	35547	36389
TP1_synth_forward	TP1_synth_forward	47	G	123	644	6425	620859	2	11	3861	631925	17	250	308	35363	0	6	420	36364
TP1_synth_forward	TP1_synth_forward	48	C	304	626079	4342	178	502	15	282	631702	54	36006	212	8	51	2	13	36346
TP1_synth_forward	TP1_synth_forward	49	G	1236	142	8126	618359	15	8	3716	631602	93	58	339	35105	7	6	722	36330
TP1_synth_forward	TP1_synth_forward	50	G	250	228	3405	625625	5	36	2032	631581	21	56	145	35658	1	11	426	36318
TP1_synth_forward	TP1_synth_forward	51	C	249	626754	3775	465	148	57	127	631575	60	35987	179	34	12	37	6	36315
TP1_synth_forward	TP1_synth_forward	52	T	1749	41	4991	1269	3	53	623447	631553	517	2	234	207	1	35	35310	36306
TP1_synth_forward	TP1_synth_forward	53	T	1518	87	3362	406	238	33	625887	631531	397	8	140	38	6	24	35687	36300
TP1_synth_forward	TP1_synth_forward	54	G	679	223	6340	622722	3	66	1373	631406	40	36	321	35728	0	27	132	36284
TP1_synth_forward	TP1_synth_forward	55	C	306	624978	4698	42	4	66	1250	631344	64	35893	249	4	2	19	45	36276
TP1_synth_forward	TP1_synth_forward	56	G	1154	510	6433	620890	3	43	2299	631332	87	46	279	35237	1	7	615	36272
TP1_synth_forward	TP1_synth_forward	57	G	771	129	2747	626323	76	22	1214	631282	138	20	136	35778	15	2	164	36253
TP1_synth_forward	TP1_synth_forward	58	A	626794	26	3542	528	100	58	114	631162	36023	6	159	32	7	6	13	36246
TP1_synth_forward	TP1_synth_forward	59	G	1080	322	4617	624421	0	67	602	631109	199	70	182	35656	0	36	87	36230
TP1_synth_forward	TP1_synth_forward	60	A	626789	144	3442	300	271	79	74	631099	35963	17	201	16	5	23	5	36230
TP1_synth_forward	TP1_synth_forward	61	T	650	525	6812	392	2	108	622476	630965	111	19	338	50	1	13	35678	36210
TP1_synth_forward	TP1_synth_forward	62	T	1478	65	3190	70	21	89	626006	630919	191	1	151	5	2	32	35809	36191
TP1_synth_forward	TP1_synth_forward	63	C	1083	623326	6220	41	31	26	81	630808	260	35616	274	4	7	5	5	36171
TP1_synth_forward	TP1_synth_forward	64	T	3015	71	4866	251	21	53	622484	630761	382	4	189	21	12	32	35525	36165
TP1_synth_forward	TP1_synth_forward	65	C	717	624839	4684	75	1	52	370	630738	87	35825	200	5	0	23	12	36152
TP1_synth_forward	TP1_synth_forward	66	T	2362	88	5438	222	3	46	622568	630727	328	5	239	21	0	16	35539	36148
TP1_synth_forward	TP1_synth_forward	67	T	3475	318	4424	124	166	78	622084	630669	755	18	184	19	9	57	35091	36133
TP1_synth_forward	TP1_synth_forward	68	C	907	621239	8219	50	0	81	169	630665	173	35561	332	3	0	46	16	36131
TP1_synth_forward	TP1_synth_forward	69	C	460	624843	4362	146	446	43	342	630642	74	35815	174	15	12	17	10	36117
TP1_synth_forward	TP1_synth_forward	70	T	754	172	3577	246	370	79	625430	630628	151	12	155	17	12	23	35743	36113
TP1_synth_forward	TP1_synth_forward	71	C	267	625962	4166	40	0	52	131	630618	30	35873	173	2	0	14	11	36103
TP1_synth_forward	TP1_synth_forward	72	T	2520	315	3051	128	243	75	624282	630614	603	16	127	15	9	41	35291	36102
TP1_synth_forward	TP1_synth_forward	73	G	2586	423	3264	623995	0	62	274	630604	138	78	149	35687	0	15	28	36095
TP1_synth_forward	TP1_synth_forward	74	T	1190	75	2535	85	0	66	626651	630602	264	2	109	8	0	12	35699	36094
TP1_synth_forward	TP1_synth_forward	75	G	305	501	1942	627431	220	41	154	630594	60	47	126	35809	8	19	20	36089
TP1_synth_forward	TP1_synth_forward	76	C	496	626326	2756	311	10	73	620	630592	120	35769	131	19	2	14	32	36087
TP1_synth_forward	TP1_synth_forward	77	G	619	222	2847	625278	324	53	1223	630566	23	38	149	35721	14	6	117	36068
TP1_synth_forward	TP1_synth_forward	78	C	127	626857	2860	175	0	137	337	630493	15	35824	121	15	0	64	17	36056
TP1_synth_forward	TP1_synth_forward	79	C	144	629731	52	33	16	60	450	630486	13	35954	11	3	1	32	40	36054
TP1_synth_forward	TP1_synth_forward	80	G	1074	1201	642	626674	0	111	610	630312	63	113	58	35698	0	35	73	36040
TP1_synth_forward	TP1_synth_forward	81	C	307	628692	863	97	62	177	101	630299	21	35910	36	7	5	48	8	36035
TP1_synth_forward	TP1_synth_forward	82	A	627146	38	2813	82	0	79	131	630289	35883	4	102	2	0	38	6	36035
TP1_synth_forward	TP1_synth_forward	83	A	629445	16	627	55	0	53	84	630280	35992	3	26	0	0	8	6	36035
TP1_synth_forward	TP1_synth_forward	84	A	629603	69	328	94	0	65	95	630254	35995	6	21	2	0	2	6	36032
TP1_synth_forward	TP1_synth_forward	85	G	125	261	313	628332	1	18	1098	630148	21	47	18	35751	0	1	153	35991
TP1_synth_forward	TP1_synth_forward	86	C	250	629700	5	31	0	22	94	630102	38	35937	1	0	0	4	2	35982
TP1_synth_forward	TP1_synth_forward	87	T	2918	69	269	74	1	94	626594	630019	345	5	5	2	1	49	35555	35962
TP1_synth_forward	TP1_synth_forward	88	G	246	342	118	629084	9	41	146	629986	14	32	13	35858	0	18	19	35954
TP1_synth_forward	TP1_synth_forward	89	T	950	67	102	17	0	59	628745	629940	94	0	4	1	0	35	35809	35943
TP1_synth_forward	TP1_synth_forward	90	T	1138	79	0	36	110	98	628417	629878	150	3	0	4	3	43	35730	35933
TP1_synth_forward	TP1_synth_forward	91	C	436	628905	17	331	0	30	91	629810	47	35855	2	4	0	10	0	35918
TP1_synth_forward	TP1_synth_forward	92	C	523	628962	0	25	0	69	174	629753	19	35836	0	2	0	40	7	35904
TP1_synth_forward	TP1_synth_forward	93	G	363	295	0	628905	0	23	88	629674	20	64	0	35782	0	12	7	35885
TP1_synth_forward	TP1_synth_forward	94	T	1340	71	0	56	0	57	627742	629266	141	0	0	7	0	32	35681	35861
TP1_synth_forward	TP1_synth_forward	95	C	173	628846	0	50	0	60	124	629253	17	35802	0	3	0	33	5	35860
TP1_synth_forward	TP1_synth_forward	96	C	0	628698	0	0	0	12	0	628710	0	35818	0	0	0	7	0	35825
TP1_synth_forward	TP1_synth_forward	97	C	0	626869	0	0	0	5	0	626874	0	35739	0	0	0	1	0	35740
TP1_synth_forward	TP1_synth_forward	98	A	624001	0	0	0	0	28	0	624029	35593	0	0	0	0	12	0	35605
TP1_synth_forward	TP1_synth_forward	99	G	0	0	0	622687	0	0	0	622687	0	0	0	35503	0	0	0	35503
TP1_synth_forward	TP1_synth_forward	100	T	0	0	0	0	0	0	620687	620687	0	0	0	0	0	0	35363	35363
