



























































































































































































































#AmpliconChromStart	Alias	Position	ProbableRef	rawA	rawC	rawD	rawG	rawI	rawN	rawT	rawDepth	consA	consC	consD	consG	consI	consN	consT	consDepth	
TP1_spike		1	G	0	0	0	91	0	0	0	91	0	0	0	1	0	0	0	1
TP1_spike		2	T	0	0	0	0	0	0	91	91	0	0	0	0	0	0	1	1
TP1_spike		3	G	0	0	0	91	0	0	0	91	0	0	0	1	0	0	0	1
TP1_spike		4	G	0	0	0	81	0	10	0	91	0	0	0	1	0	0	0	1
TP1_spike		5	T	0	0	0	0	0	0	91	91	0	0	0	0	0	0	1	1
TP1_spike		6	G	0	0	0	82	0	10	0	92	0	0	0	1	0	0	0	1
TP1_spike		7	A	91	0	0	0	0	1	0	92	1	0	0	0	0	0	0	1
TP1_spike		8	G	0	1	0	90	0	1	0	92	0	0	0	1	0	0	0	1
TP1_spike		9	G	0	2	0	89	0	1	0	92	0	0	0	1	0	0	0	1
TP1_spike		10	C	1	90	0	0	0	1	0	92	0	1	0	0	0	0	0	1
TP1_spike		11	T	0	0	0	0	0	10	82	92	0	0	0	0	0	0	1	1
TP1_spike		12	C	0	92	0	0	0	0	0	92	0	1	0	0	0	0	0	1
TP1_spike		13	C	8	84	0	0	0	0	0	92	0	1	0	0	0	0	0	1
TP1_spike		14	C	0	92	0	0	0	0	0	92	0	1	0	0	0	0	0	1
TP1_spike		15	C	1	90	0	0	0	1	0	92	0	1	0	0	0	0	0	1
TP1_spike		16	T	1	0	0	0	0	0	91	92	0	0	0	0	0	0	1	1
TP1_spike		17	T	1	0	0	2	0	0	89	92	0	0	0	0	0	0	1	1
TP1_spike		18	T	1	0	0	0	0	0	91	92	0	0	0	0	0	0	1	1
TP1_spike		19	C	0	92	0	0	0	0	0	92	0	1	0	0	0	0	0	1
TP1_spike		20	T	2	0	0	0	0	0	90	92	0	0	0	0	0	0	1	1
TP1_spike		21	T	0	1	0	1	0	0	90	92	0	0	0	0	0	0	1	1
TP1_spike		22	G	0	1	0	80	0	0	11	92	0	0	0	1	0	0	0	1
TP1_spike		23	C	6	85	0	1	0	0	0	92	0	1	0	0	0	0	0	1
TP1_spike		24	G	0	4	0	86	0	0	2	92	0	0	0	1	0	0	0	1
TP1_spike		25	G	2	8	0	80	0	0	2	92	0	0	0	1	0	0	0	1
TP1_spike		26	A	91	0	1	0	0	0	0	92	1	0	0	0	0	0	0	1
TP1_spike		27	G	0	3	0	88	0	0	1	92	0	0	0	1	0	0	0	1
TP1_spike		28	A	92	0	0	0	0	0	0	92	1	0	0	0	0	0	0	1
TP1_spike		29	T	0	0	0	0	0	1	91	92	0	0	0	0	0	0	1	1
TP1_spike		30	T	2	0	0	0	0	1	89	92	0	0	0	0	0	0	1	1
TP1_spike		31	C	3	84	0	0	0	5	0	92	0	1	0	0	0	0	0	1
TP1_spike		32	T	8	0	0	1	0	1	82	92	0	0	0	0	0	0	1	1
TP1_spike		33	C	1	90	0	0	0	1	0	92	0	1	0	0	0	0	0	1
TP1_spike		34	T	5	0	0	0	0	0	85	90	0	0	0	0	0	0	1	1
TP1_spike		35	T	2	0	0	0	0	9	79	90	0	0	0	0	0	0	1	1
TP1_spike		36	C	1	87	0	1	0	1	0	90	0	1	0	0	0	0	0	1
TP1_spike		37	C	3	79	0	1	0	5	0	88	0	1	0	0	0	0	0	1
TP1_spike		38	T	1	0	0	0	0	1	85	87	0	0	0	0	0	0	1	1
TP1_spike		39	C	3	82	0	0	0	1	0	86	0	1	0	0	0	0	0	1
TP1_spike		40	T	0	0	0	0	0	0	85	85	0	0	0	0	0	0	1	1
TP1_spike		41	G	0	2	0	80	0	0	2	84	0	0	0	1	0	0	0	1
TP1_spike		42	T	3	0	0	0	0	0	80	83	0	0	0	0	0	0	1	1
TP1_spike		43	G	0	4	0	77	0	0	0	81	0	0	0	1	0	0	0	1
TP1_spike		44	C	0	68	0	0	0	0	0	68	0	1	0	0	0	0	0	1
TP1_spike		45	G	0	0	0	66	0	0	0	66	0	0	0	1	0	0	0	1
TP1_spike		46	C	0	65	0	0	0	0	0	65	0	1	0	0	0	0	0	1
TP1_spike		47	C	0	64	0	0	0	0	0	64	0	1	0	0	0	0	0	1
TP1_spike		48	G	0	0	0	64	0	0	0	64	0	0	0	1	0	0	0	1
TP1_spike		50	G	0	0	0	1	0	0	0	1	0	0	0	0	0	0	0	0
TP1_spike		51	C	0	85643	0	0	0	0	0	85643	0	2548	0	0	0	0	0	2548
TP1_spike		52	T	0	0	0	0	0	0	85679	85679	0	0	0	0	0	0	2548	2548
TP1_spike		53	T	0	0	0	0	0	2	85763	85765	0	0	0	0	0	0	2549	2549
TP1_spike		54	G	0	0	0	85856	0	1	0	85857	0	0	0	2550	0	0	0	2550
TP1_spike		55	C	0	85977	0	0	0	0	0	85977	0	2551	0	0	0	0	0	2551
TP1_spike		56	G	20	58	0	85945	0	5	40	86068	0	0	0	2552	0	0	0	2552
TP1_spike		57	G	6	112	0	85929	0	16	21	86084	0	0	0	2552	0	0	0	2552
TP1_spike		58	A	86087	1	0	16	0	3	18	86125	2552	0	0	0	0	0	0	2552
TP1_spike		59	G	4	26	0	86064	0	8	23	86125	0	0	0	2552	0	0	0	2552
TP1_spike		60	A	86083	9	0	7	0	20	20	86139	2552	0	0	0	0	0	0	2552
TP1_spike		61	T	48	11	0	3	0	21	86056	86139	0	0	0	0	0	0	2552	2552
TP1_spike		62	T	74	7	0	3	0	21	86034	86139	0	0	0	0	0	0	2552	2552
TP1_spike		63	C	70	86051	0	1	0	21	5	86148	0	2552	0	0	0	0	0	2552
TP1_spike		64	T	71	5	0	4	0	12	86056	86148	0	0	0	0	0	0	2552	2552
TP1_spike		65	C	60	86051	0	6	0	24	7	86148	0	2552	0	0	0	0	0	2552
TP1_spike		66	T	239	10	1	9	0	4	85885	86148	0	0	0	0	0	0	2552	2552
TP1_spike		67	T	60	12	0	2	0	3	86071	86148	0	0	0	0	0	0	2552	2552
TP1_spike		68	C	133	86011	0	1	0	4	3	86152	0	2552	0	0	0	0	0	2552
TP1_spike		69	C	92	86040	2	5	0	6	7	86152	0	2552	0	0	0	0	0	2552
TP1_spike		70	T	53	6	5	2	0	8	86078	86152	0	0	0	0	0	0	2552	2552
TP1_spike		71	C	32	86108	0	2	0	4	6	86152	0	2552	0	0	0	0	0	2552
TP1_spike		72	T	113	12	1	2	0	17	86007	86152	0	0	0	0	0	0	2552	2552
TP1_spike		73	G	16	83	2	86026	0	6	19	86152	0	0	0	2552	0	0	0	2552
TP1_spike		74	T	179	11	0	1	0	4	85957	86152	0	0	0	0	0	0	2552	2552
TP1_spike		75	G	15	67	1	86022	0	23	27	86155	0	0	0	2552	0	0	0	2552
TP1_spike		76	C	146	85967	1	6	0	12	23	86155	0	2552	0	0	0	0	0	2552
TP1_spike		77	G	21	37	0	86036	0	17	44	86155	0	0	0	2552	0	0	0	2552
TP1_spike		78	C	80	86049	2	1	0	17	8	86157	0	2552	0	0	0	0	0	2552
TP1_spike		79	C	66	86033	0	3	0	16	39	86157	0	2551	0	0	0	0	1	2552
TP1_spike		80	G	28	42	2	86033	0	8	44	86157	0	0	0	2552	0	0	0	2552
TP1_spike		81	G	21	120	0	85911	0	17	92	86161	0	0	0	2551	0	0	1	2552
TP1_spike		82	T	174	10	1	10	0	5	85961	86161	0	0	0	0	0	0	2552	2552
TP1_spike		83	C	81	86080	1	7	0	4	4	86177	0	2552	0	0	0	0	0	2552
TP1_spike		84	T	143	11	0	6	0	3	86014	86177	0	0	0	0	0	0	2552	2552
TP1_spike		85	C	39	86111	0	1	0	23	3	86177	0	2552	0	0	0	0	0	2552
TP1_spike		86	T	55	16	3	4	0	1	86098	86177	0	0	0	0	0	0	2552	2552
TP1_spike		87	C	70	86069	21	3	0	5	9	86177	0	2552	0	0	0	0	0	2552
TP1_spike		88	C	149	85998	6	10	0	7	7	86177	0	2552	0	0	0	0	0	2552
TP1_spike		89	C	79	86075	0	2	0	10	11	86177	0	2552	0	0	0	0	0	2552
TP1_spike		90	A	86129	19	2	14	0	7	6	86177	2552	0	0	0	0	0	0	2552
TP1_spike		91	G	9	33	2	86074	0	2	57	86177	0	0	0	2552	0	0	0	2552
TP1_spike		92	G	7	99	0	86017	0	0	54	86177	0	0	0	2552	0	0	0	2552
TP1_spike		93	A	86124	12	3	8	0	12	18	86177	2552	0	0	0	0	0	0	2552
TP1_spike		94	C	32	86116	1	6	0	8	14	86177	0	2552	0	0	0	0	0	2552
TP1_spike		95	A	86131	5	1	21	0	13	6	86177	2552	0	0	0	0	0	0	2552
TP1_spike		96	G	12	37	2	86022	0	4	100	86177	0	0	0	2552	0	0	0	2552
TP1_spike		97	G	9	239	0	85751	0	18	160	86177	0	0	0	2552	0	0	0	2552
TP1_spike		98	C	77	86071	0	7	0	11	11	86177	0	2552	0	0	0	0	0	2552
TP1_spike		99	A	86092	9	0	26	0	29	21	86177	2552	0	0	0	0	0	0	2552
TP1_spike		100	C	27	86096	0	4	0	33	17	86177	0	2552	0	0	0	0	0	2552
TP1_spike		101	A	86134	12	8	10	0	8	5	86177	2552	0	0	0	0	0	0	2552
TP1_spike		102	A	86131	20	0	13	0	7	6	86177	2552	0	0	0	0	0	0	2552
TP1_spike		103	A	86100	40	0	8	0	2	23	86173	2552	0	0	0	0	0	0	2552
TP1_spike		104	C	38	86111	0	2	0	13	9	86173	0	2552	0	0	0	0	0	2552
TP1_spike		105	A	86096	38	0	10	0	14	13	86171	2552	0	0	0	0	0	0	2552
TP1_spike		106	C	40	86085	0	7	0	26	12	86170	0	2552	0	0	0	0	0	2552
TP1_spike		107	G	20	48	0	86064	0	8	27	86167	0	0	0	2552	0	0	0	2552
TP1_spike		108	C	73	86020	0	4	0	31	36	86164	0	2550	0	0	0	0	2	2552
TP1_spike		109	A	85977	125	0	38	0	7	13	86160	2552	0	0	0	0	0	0	2552
TP1_spike		110	C	31	86105	0	6	0	7	11	86160	0	2552	0	0	0	0	0	2552
TP1_spike		111	C	117	86006	0	16	0	11	7	86157	0	2552	0	0	0	0	0	2552
TP1_spike		112	T	235	6	2	18	0	6	85885	86152	0	0	0	0	0	0	2552	2552
TP1_spike		113	C	69	86064	1	4	0	2	9	86149	0	2552	0	0	0	0	0	2552
TP1_spike		114	A	86104	8	6	13	0	16	2	86149	2552	0	0	0	0	0	0	2552
TP1_spike		115	A	86071	13	1	11	0	48	4	86148	2552	0	0	0	0	0	0	2552
TP1_spike		116	A	86097	24	0	14	0	6	3	86144	2552	0	0	0	0	0	0	2552
TP1_spike		117	G	11	134	0	85957	0	10	21	86133	0	0	0	2552	0	0	0	2552
TP1_spike		118	C	46	86043	0	7	0	24	7	86127	0	2552	0	0	0	0	0	2552
TP1_spike		119	T	130	15	75	14	7	20	85834	86095	0	0	1	0	0	0	2551	2552
TP1_spike		120	G	12	48	0	85921	78	20	13	86092	0	0	0	2551	1	0	0	2552
TP1_spike		121	T	130	14	54	9	1	16	85856	86080	0	0	1	0	0	0	2551	2552
TP1_spike		122	T	104	16	0	11	76	4	85855	86066	0	0	0	0	3	0	2549	2552
TP1_spike		123	C	82	85940	0	12	0	13	4	86051	0	2552	0	0	0	0	0	2552
TP1_spike		124	C	95	85915	0	4	0	6	16	86036	0	2552	0	0	0	0	0	2552
TP1_spike		125	G	24	25	0	85896	0	8	6	85959	0	0	0	2552	0	0	0	2552
TP1_spike		126	T	148	2	0	15	0	6	85777	85948	0	0	0	0	0	0	2552	2552
TP1_spike		127	C	92	85833	0	9	0	4	4	85942	2	2550	0	0	0	0	0	2552
TP1_spike		128	C	0	85854	0	0	0	8	0	85862	0	2552	0	0	0	0	0	2552
TP1_spike		129	C	0	85668	0	0	0	17	0	85685	0	2551	0	0	0	0	0	2551
TP1_spike		130	A	85515	0	0	0	0	22	0	85537	2550	0	0	0	0	0	0	2550
TP1_spike		131	G	0	0	0	85338	0	0	0	85338	0	0	0	2549	0	0	0	2549
TP1_spike		132	T	0	0	0	0	0	0	85163	85163	0	0	0	0	0	0	2546	2546
TP1_spike	TP1_spike	1	G	0	0	0	97	0	0	0	97	0	0	0	2	0	0	0	2
TP1_spike	TP1_spike	2	T	0	0	0	0	0	0	97	97	0	0	0	0	0	0	2	2
TP1_spike	TP1_spike	3	G	0	0	0	97	0	0	0	97	0	0	0	2	0	0	0	2
TP1_spike	TP1_spike	4	G	0	0	0	97	0	0	0	97	0	0	0	2	0	0	0	2
TP1_spike	TP1_spike	5	T	0	0	0	0	0	0	97	97	0	0	0	0	0	0	2	2
TP1_spike	TP1_spike	6	G	0	0	0	97	0	0	0	97	0	0	0	2	0	0	0	2
TP1_spike	TP1_spike	7	A	97	0	0	0	0	0	0	97	2	0	0	0	0	0	0	2
TP1_spike	TP1_spike	8	G	0	0	0	97	0	0	0	97	0	0	0	2	0	0	0	2
TP1_spike	TP1_spike	9	G	0	0	0	97	0	0	0	97	0	0	0	2	0	0	0	2
TP1_spike	TP1_spike	10	C	0	97	0	0	0	0	0	97	0	2	0	0	0	0	0	2
TP1_spike	TP1_spike	11	T	0	0	0	0	0	0	97	97	0	0	0	0	0	0	2	2
TP1_spike	TP1_spike	12	C	0	97	0	0	0	0	0	97	0	2	0	0	0	0	0	2
TP1_spike	TP1_spike	13	C	0	97	0	0	0	0	0	97	0	2	0	0	0	0	0	2
TP1_spike	TP1_spike	14	C	0	97	0	0	0	0	0	97	0	2	0	0	0	0	0	2
TP1_spike	TP1_spike	15	C	0	97	0	0	0	0	0	97	0	2	0	0	0	0	0	2
TP1_spike	TP1_spike	16	T	0	0	0	0	0	0	97	97	0	0	0	0	0	0	2	2
TP1_spike	TP1_spike	17	T	0	0	0	0	0	0	97	97	0	0	0	0	0	0	2	2
TP1_spike	TP1_spike	18	T	0	0	0	0	0	0	97	97	0	0	0	0	0	0	2	2
TP1_spike	TP1_spike	19	A	97	0	0	0	0	0	0	97	2	0	0	0	0	0	0	2
TP1_spike	TP1_spike	20	T	0	0	0	0	0	0	97	97	0	0	0	0	0	0	2	2
TP1_spike	TP1_spike	21	A	97	0	0	0	0	0	0	97	2	0	0	0	0	0	0	2
TP1_spike	TP1_spike	22	C	0	97	0	0	0	0	0	97	0	2	0	0	0	0	0	2
TP1_spike	TP1_spike	23	A	97	0	0	0	0	0	0	97	2	0	0	0	0	0	0	2
TP1_spike	TP1_spike	24	G	0	0	0	97	0	0	0	97	0	0	0	2	0	0	0	2
TP1_spike	TP1_spike	25	A	97	0	0	0	0	0	0	97	2	0	0	0	0	0	0	2
TP1_spike	TP1_spike	26	A	97	0	0	0	0	0	0	97	2	0	0	0	0	0	0	2
TP1_spike	TP1_spike	27	T	0	0	0	0	0	0	97	97	0	0	0	0	0	0	2	2
TP1_spike	TP1_spike	28	A	97	0	0	0	0	0	0	97	2	0	0	0	0	0	0	2
TP1_spike	TP1_spike	29	T	0	0	0	0	0	0	97	97	0	0	0	0	0	0	2	2
TP1_spike	TP1_spike	30	C	0	97	0	0	0	0	0	97	0	2	0	0	0	0	0	2
TP1_spike	TP1_spike	31	T	0	0	0	0	0	0	97	97	0	0	0	0	0	0	2	2
TP1_spike	TP1_spike	32	G	0	0	0	97	0	0	0	97	0	0	0	2	0	0	0	2
TP1_spike	TP1_spike	33	T	0	0	0	0	0	0	97	97	0	0	0	0	0	0	2	2
TP1_spike	TP1_spike	34	T	0	0	0	0	0	0	97	97	0	0	0	0	0	0	2	2
TP1_spike	TP1_spike	35	C	0	97	0	0	0	0	0	97	0	2	0	0	0	0	0	2
TP1_spike	TP1_spike	36	G	0	0	0	96	0	0	1	97	0	0	0	2	0	0	0	2
TP1_spike	TP1_spike	37	C	0	97	0	0	0	0	0	97	0	2	0	0	0	0	0	2
TP1_spike	TP1_spike	38	A	97	0	0	0	0	0	0	97	2	0	0	0	0	0	0	2
TP1_spike	TP1_spike	39	C	0	97	0	0	0	0	0	97	0	2	0	0	0	0	0	2
TP1_spike	TP1_spike	40	T	0	0	0	0	0	0	97	97	0	0	0	0	0	0	2	2
TP1_spike	TP1_spike	41	C	0	97	0	0	0	0	0	97	0	2	0	0	0	0	0	2
TP1_spike	TP1_spike	42	C	0	97	0	0	0	0	0	97	0	2	0	0	0	0	0	2
TP1_spike	TP1_spike	43	G	0	0	0	97	0	0	0	97	0	0	0	2	0	0	0	2
TP1_spike	TP1_spike	44	A	97	0	0	0	0	0	0	97	2	0	0	0	0	0	0	2
TP1_spike	TP1_spike	45	G	0	0	0	97	0	0	0	97	0	0	0	2	0	0	0	2
TP1_spike	TP1_spike	46	T	0	0	0	0	0	0	97	97	0	0	0	0	0	0	2	2
TP1_spike	TP1_spike	47	G	0	0	0	97	0	0	0	97	0	0	0	2	0	0	0	2
TP1_spike	TP1_spike	48	C	0	97	0	0	0	0	0	97	0	2	0	0	0	0	0	2
TP1_spike	TP1_spike	49	G	0	0	0	97	0	0	0	97	0	0	0	2	0	0	0	2
TP1_spike	TP1_spike	50	G	0	1	0	96	0	0	0	97	0	0	0	2	0	0	0	2
TP1_spike	TP1_spike	51	C	0	97	0	0	0	0	0	97	0	2	0	0	0	0	0	2
TP1_spike	TP1_spike	52	T	1	0	0	0	0	0	96	97	0	0	0	0	0	0	2	2
TP1_spike	TP1_spike	53	T	0	1	0	0	0	0	96	97	0	0	0	0	0	0	2	2
TP1_spike	TP1_spike	54	G	0	0	0	97	0	0	0	97	0	0	0	2	0	0	0	2
TP1_spike	TP1_spike	55	C	0	97	0	0	0	0	0	97	0	2	0	0	0	0	0	2
TP1_spike	TP1_spike	56	G	0	0	0	97	0	0	0	97	0	0	0	2	0	0	0	2
TP1_spike	TP1_spike	57	G	0	0	0	97	0	0	0	97	0	0	0	2	0	0	0	2
TP1_spike	TP1_spike	58	A	97	0	0	0	0	0	0	97	2	0	0	0	0	0	0	2
TP1_spike	TP1_spike	59	G	0	0	0	97	0	0	0	97	0	0	0	2	0	0	0	2
TP1_spike	TP1_spike	60	A	97	0	0	0	0	0	0	97	2	0	0	0	0	0	0	2
TP1_spike	TP1_spike	61	T	0	0	0	0	0	0	97	97	0	0	0	0	0	0	2	2
TP1_spike	TP1_spike	62	T	0	0	0	0	0	0	97	97	0	0	0	0	0	0	2	2
TP1_spike	TP1_spike	63	C	0	97	0	0	0	0	0	97	0	2	0	0	0	0	0	2
TP1_spike	TP1_spike	64	T	0	0	0	0	0	0	97	97	0	0	0	0	0	0	2	2
TP1_spike	TP1_spike	65	C	0	97	0	0	0	0	0	97	0	2	0	0	0	0	0	2
TP1_spike	TP1_spike	66	T	0	0	0	0	0	0	97	97	0	0	0	0	0	0	2	2
TP1_spike	TP1_spike	67	T	0	0	0	0	0	0	97	97	0	0	0	0	0	0	2	2
TP1_spike	TP1_spike	68	C	0	97	0	0	0	0	0	97	0	2	0	0	0	0	0	2
TP1_spike	TP1_spike	69	C	0	97	0	0	0	0	0	97	0	2	0	0	0	0	0	2
TP1_spike	TP1_spike	70	T	0	0	0	0	0	0	97	97	0	0	0	0	0	0	2	2
TP1_spike	TP1_spike	71	C	0	97	0	0	0	0	0	97	0	2	0	0	0	0	0	2
TP1_spike	TP1_spike	72	T	0	0	0	0	0	0	97	97	0	0	0	0	0	0	2	2
TP1_spike	TP1_spike	73	G	0	0	0	97	0	0	0	97	0	0	0	2	0	0	0	2
TP1_spike	TP1_spike	74	T	0	0	0	0	0	0	97	97	0	0	0	0	0	0	2	2
TP1_spike	TP1_spike	75	G	0	0	0	97	0	0	0	97	0	0	0	2	0	0	0	2
TP1_spike	TP1_spike	76	C	0	97	0	0	0	0	0	97	0	2	0	0	0	0	0	2
TP1_spike	TP1_spike	77	G	0	0	0	97	0	0	0	97	0	0	0	2	0	0	0	2
TP1_spike	TP1_spike	78	C	0	97	0	0	0	0	0	97	0	2	0	0	0	0	0	2
TP1_spike	TP1_spike	79	C	0	97	0	0	0	0	0	97	0	2	0	0	0	0	0	2
TP1_spike	TP1_spike	80	G	0	0	0	97	0	0	0	97	0	0	0	2	0	0	0	2
