



























































































































































































































#AmpliconChromStart	Alias	Position	ProbableRef	rawA	rawC	rawD	rawG	rawI	rawN	rawT	rawDepth	consA	consC	consD	consG	consI	consN	consT	consDepth
TP1_synth_forward	TP1_synth_forward	1	G	0	0	0	887415	0	0	0	887415	0	0	0	21567	0	0	0	21567
TP1_synth_forward	TP1_synth_forward	2	T	0	0	0	0	0	0	889118	889118	0	0	0	0	0	0	21598	21598
TP1_synth_forward	TP1_synth_forward	3	G	0	0	0	893365	0	14	0	893379	0	0	0	21654	0	0	0	21654
TP1_synth_forward	TP1_synth_forward	4	G	0	0	0	895416	0	3	0	895419	0	0	0	21679	0	0	0	21679
TP1_synth_forward	TP1_synth_forward	5	T	0	0	0	0	0	24	895395	895419	0	0	0	0	0	0	21679	21679
TP1_synth_forward	TP1_synth_forward	6	G	177	175	0	894609	0	184	274	895419	0	0	0	21679	0	0	0	21679
TP1_synth_forward	TP1_synth_forward	7	A	894887	38	0	157	0	191	146	895419	21678	0	0	1	0	0	0	21679
TP1_synth_forward	TP1_synth_forward	8	G	145	54	0	894973	1	38	208	895419	0	0	0	21678	0	0	1	21679
TP1_synth_forward	TP1_synth_forward	9	G	190	177	0	894422	12	362	256	895419	0	1	0	21677	0	0	1	21679
TP1_synth_forward	TP1_synth_forward	10	C	142	894502	143	23	207	229	173	895419	0	21674	0	0	5	0	0	21679
TP1_synth_forward	TP1_synth_forward	11	T	494	160	641	12	2327	154	891631	895419	0	0	6	0	43	0	21630	21679
TP1_synth_forward	TP1_synth_forward	12	C	145	892190	2742	22	3	75	242	895419	0	21631	48	0	0	0	0	21679
TP1_synth_forward	TP1_synth_forward	13	C	405	894598	27	60	1	138	190	895419	1	21677	1	0	0	0	0	21679
TP1_synth_forward	TP1_synth_forward	14	C	285	894675	97	32	4	34	292	895419	0	21677	1	0	0	0	1	21679
TP1_synth_forward	TP1_synth_forward	15	C	178	891241	295	13	3167	119	406	895419	0	21603	6	0	65	0	5	21679
TP1_synth_forward	TP1_synth_forward	16	T	517	207	3207	11	1	51	891425	895419	1	4	59	0	0	0	21615	21679
TP1_synth_forward	TP1_synth_forward	17	T	385	228	488	34	3	70	894211	895419	0	1	10	0	0	0	21668	21679
TP1_synth_forward	TP1_synth_forward	18	T	324	80	215	22	1054	173	893551	895419	2	0	3	0	26	0	21648	21679
TP1_synth_forward	TP1_synth_forward	19	A	893516	11	736	120	604	82	350	895419	21654	0	11	0	12	0	2	21679
TP1_synth_forward	TP1_synth_forward	20	T	406	113	418	43	547	125	893767	895419	0	0	8	0	6	0	21665	21679
TP1_synth_forward	TP1_synth_forward	21	A	894127	22	434	115	464	81	176	895419	21660	0	9	0	10	0	0	21679
TP1_synth_forward	TP1_synth_forward	22	C	266	892803	636	61	1117	82	454	895419	0	21640	11	0	23	0	5	21679
TP1_synth_forward	TP1_synth_forward	23	A	888320	15	1044	203	5391	244	202	895419	21554	0	21	0	104	0	0	21679
TP1_synth_forward	TP1_synth_forward	24	G	351	69	539	891829	1727	205	699	895419	3	0	11	21628	28	0	9	21679
TP1_synth_forward	TP1_synth_forward	25	A	894266	18	711	198	0	134	92	895419	21668	0	10	1	0	0	0	21679
TP1_synth_forward	TP1_synth_forward	26	A	893856	8	232	192	710	67	354	895419	21662	0	3	1	12	0	1	21679
TP1_synth_forward	TP1_synth_forward	27	T	1009	102	334	70	1034	69	892801	895419	0	1	7	0	13	0	21658	21679
TP1_synth_forward	TP1_synth_forward	28	A	894013	45	360	70	698	99	134	895419	21655	1	8	0	14	0	1	21679
TP1_synth_forward	TP1_synth_forward	29	T	579	156	248	347	393	135	893561	895419	0	0	6	0	6	0	21667	21679
TP1_synth_forward	TP1_synth_forward	30	C	455	893309	367	78	1013	49	148	895419	1	21659	5	0	14	0	0	21679
TP1_synth_forward	TP1_synth_forward	31	T	2096	117	751	51	6362	24	885989	895390	0	0	7	1	101	0	21570	21679
TP1_synth_forward	TP1_synth_forward	32	G	481	220	351	891856	1215	67	1179	895369	3	0	4	21648	11	0	13	21679
TP1_synth_forward	TP1_synth_forward	33	T	2016	102	507	10	17	167	892532	895351	0	0	4	0	0	0	21675	21679
TP1_synth_forward	TP1_synth_forward	34	T	3401	169	56	2	518	151	891036	895333	0	0	1	0	6	0	21672	21679
TP1_synth_forward	TP1_synth_forward	35	C	717	889179	651	57	4303	51	352	895310	0	21601	9	0	68	0	1	21679
TP1_synth_forward	TP1_synth_forward	36	G	278	262	153	891906	474	226	1996	895295	0	0	2	21664	7	0	6	21679
TP1_synth_forward	TP1_synth_forward	37	C	288	893894	182	30	424	233	236	895287	0	21668	3	0	6	0	2	21679
TP1_synth_forward	TP1_synth_forward	38	A	894358	101	211	121	229	76	182	895278	21671	0	2	0	6	0	0	21679
TP1_synth_forward	TP1_synth_forward	39	C	208	893875	166	123	517	77	306	895272	0	21666	3	0	8	0	2	21679
TP1_synth_forward	TP1_synth_forward	40	T	2766	186	616	17	382	72	891208	895247	1	1	8	0	5	0	21664	21679
TP1_synth_forward	TP1_synth_forward	41	C	401	893428	1019	17	1	118	259	895243	0	21665	14	0	0	0	0	21679
TP1_synth_forward	TP1_synth_forward	42	C	381	889980	358	54	3929	51	476	895229	0	21636	4	0	36	0	3	21679
TP1_synth_forward	TP1_synth_forward	43	G	411	244	577	891617	555	53	1745	895202	1	0	8	21661	6	0	3	21679
TP1_synth_forward	TP1_synth_forward	44	A	891232	23	674	133	2908	143	76	895189	21642	0	9	1	27	0	0	21679
TP1_synth_forward	TP1_synth_forward	45	G	307	466	496	892251	466	307	881	895174	2	0	4	21667	3	0	3	21679
TP1_synth_forward	TP1_synth_forward	46	T	1838	105	632	46	2732	117	889689	895159	0	0	5	0	25	0	21649	21679
TP1_synth_forward	TP1_synth_forward	47	G	355	299	505	892513	549	165	747	895133	0	0	3	21666	7	0	3	21679
TP1_synth_forward	TP1_synth_forward	48	C	408	886894	578	114	6038	364	730	895126	0	21624	2	0	48	0	5	21679
TP1_synth_forward	TP1_synth_forward	49	G	359	167	1312	892212	8	249	804	895111	1	0	11	21662	0	0	5	21679
TP1_synth_forward	TP1_synth_forward	50	G	389	341	369	892897	207	132	761	895096	0	0	3	21672	0	0	4	21679
TP1_synth_forward	TP1_synth_forward	51	C	331	891711	484	1138	673	296	453	895086	0	21666	3	0	6	0	4	21679
TP1_synth_forward	TP1_synth_forward	52	T	1824	113	929	173	5	183	891827	895054	0	0	6	0	0	0	21673	21679
TP1_synth_forward	TP1_synth_forward	53	T	1625	146	530	81	2566	67	890027	895042	0	0	3	0	17	0	21659	21679
TP1_synth_forward	TP1_synth_forward	54	G	567	255	1371	891251	475	193	908	895020	1	0	7	21665	3	0	3	21679
TP1_synth_forward	TP1_synth_forward	55	C	317	888201	1515	255	3608	407	706	895009	0	21646	6	0	25	0	2	21679
TP1_synth_forward	TP1_synth_forward	56	G	474	170	1404	892108	1	253	583	894993	1	1	9	21667	0	0	1	21679
TP1_synth_forward	TP1_synth_forward	57	G	355	98	176	892996	200	94	1043	894962	3	1	2	21665	3	0	5	21679
TP1_synth_forward	TP1_synth_forward	58	A	892813	33	665	248	924	86	175	894944	21670	0	4	0	5	0	0	21679
TP1_synth_forward	TP1_synth_forward	59	G	303	186	300	892932	128	54	840	894743	0	0	2	21675	0	0	2	21679
TP1_synth_forward	TP1_synth_forward	60	A	893507	65	621	172	192	45	132	894734	21675	0	4	0	0	0	0	21679
TP1_synth_forward	TP1_synth_forward	61	T	429	153	473	479	1	105	893075	894715	0	0	1	0	0	0	21678	21679
TP1_synth_forward	TP1_synth_forward	62	T	1730	185	49	449	53	93	892011	894570	0	0	0	0	1	0	21678	21679
TP1_synth_forward	TP1_synth_forward	63	C	512	893136	227	58	156	147	302	894538	1	21675	0	0	2	0	1	21679
TP1_synth_forward	TP1_synth_forward	64	T	2396	138	303	103	49	120	891399	894508	0	0	2	0	0	0	21677	21679
TP1_synth_forward	TP1_synth_forward	65	C	248	893127	361	45	116	137	465	894499	0	21674	2	0	1	0	2	21679
TP1_synth_forward	TP1_synth_forward	66	T	1854	183	214	58	0	80	892105	894494	0	0	0	0	0	0	21679	21679
TP1_synth_forward	TP1_synth_forward	67	T	2466	121	23	51	47	97	891666	894471	0	0	0	0	1	0	21678	21679
TP1_synth_forward	TP1_synth_forward	68	C	365	892897	828	66	0	100	214	894470	0	21673	4	1	0	0	1	21679
TP1_synth_forward	TP1_synth_forward	69	C	636	892716	191	62	53	126	664	894448	1	21670	1	0	1	0	6	21679
TP1_synth_forward	TP1_synth_forward	70	T	2125	133	600	34	68	229	891247	894436	0	1	1	0	1	0	21676	21679
TP1_synth_forward	TP1_synth_forward	71	C	564	893039	326	41	74	99	289	894432	0	21678	1	0	0	0	0	21679
TP1_synth_forward	TP1_synth_forward	72	T	2398	141	504	88	644	117	890522	894414	0	1	4	0	1	0	21673	21679
TP1_synth_forward	TP1_synth_forward	73	G	573	378	466	891883	57	135	908	894400	0	0	3	21671	0	0	5	21679
TP1_synth_forward	TP1_synth_forward	74	T	1647	152	202	27	571	120	891673	894392	0	0	1	0	2	0	21676	21679
TP1_synth_forward	TP1_synth_forward	75	G	465	239	742	891898	231	123	681	894379	2	0	4	21670	3	0	0	21679
TP1_synth_forward	TP1_synth_forward	76	C	497	890368	1076	122	874	209	1229	894375	0	21666	6	0	3	0	4	21679
TP1_synth_forward	TP1_synth_forward	77	G	613	484	1003	890644	59	117	1428	894348	3	0	8	21661	0	0	7	21679
TP1_synth_forward	TP1_synth_forward	78	C	223	891286	1728	50	1	167	890	894345	0	21667	9	0	0	0	3	21679
TP1_synth_forward	TP1_synth_forward	79	C	248	892606	141	90	348	162	742	894337	0	21678	0	0	0	0	1	21679
TP1_synth_forward	TP1_synth_forward	80	G	780	615	413	891113	73	55	1254	894303	1	1	1	21674	0	0	2	21679
TP1_synth_forward	TP1_synth_forward	81	C	450	892980	319	46	193	60	246	894294	0	21677	1	0	0	0	1	21679
TP1_synth_forward	TP1_synth_forward	82	A	892541	116	1172	256	1	66	136	894288	21674	1	4	0	0	0	0	21679
TP1_synth_forward	TP1_synth_forward	83	A	893763	85	12	210	0	103	110	894283	21679	0	0	0	0	0	0	21679
TP1_synth_forward	TP1_synth_forward	84	A	893395	88	0	234	134	281	115	894247	21679	0	0	0	0	0	0	21679
TP1_synth_forward	TP1_synth_forward	85	G	261	312	162	892919	108	171	233	894166	0	0	2	21677	0	0	0	21679
TP1_synth_forward	TP1_synth_forward	86	C	523	892786	86	151	20	168	349	894083	0	21679	0	0	0	0	0	21679
TP1_synth_forward	TP1_synth_forward	87	T	2860	177	59	437	26	149	890203	893911	0	1	0	0	0	0	21678	21679
TP1_synth_forward	TP1_synth_forward	88	G	296	239	212	892362	145	76	412	893742	0	0	0	21678	1	0	0	21679
TP1_synth_forward	TP1_synth_forward	89	T	1306	110	445	38	0	45	891655	893599	0	0	0	0	0	0	21679	21679
TP1_synth_forward	TP1_synth_forward	90	T	2329	157	75	51	655	40	889874	893181	1	0	0	0	0	0	21678	21679
TP1_synth_forward	TP1_synth_forward	91	C	571	891432	513	152	1	19	272	892960	0	21677	1	1	0	0	0	21679
TP1_synth_forward	TP1_synth_forward	92	C	402	891987	0	73	0	56	269	892787	0	21679	0	0	0	0	0	21679
TP1_synth_forward	TP1_synth_forward	93	G	584	412	0	890784	0	71	197	892048	1	0	0	21678	0	0	0	21679
TP1_synth_forward	TP1_synth_forward	94	T	1904	145	0	83	0	73	889354	891559	0	0	0	0	0	0	21678	21678
TP1_synth_forward	TP1_synth_forward	95	C	196	890591	0	96	0	133	211	891227	0	21676	0	0	0	0	0	21676
TP1_synth_forward	TP1_synth_forward	96	C	0	890374	0	0	0	73	0	890447	0	21676	0	0	0	0	0	21676
TP1_synth_forward	TP1_synth_forward	97	C	0	888431	0	0	0	66	0	888497	0	21675	0	0	0	0	0	21675
TP1_synth_forward	TP1_synth_forward	98	A	884817	0	0	0	0	25	0	884842	21672	0	0	0	0	0	0	21672
TP1_synth_forward	TP1_synth_forward	99	G	0	0	0	883319	0	0	0	883319	0	0	0	21672	0	0	0	21672
TP1_synth_forward	TP1_synth_forward	100	T	0	0	0	0	0	0	880505	880505	0	0	0	0	0	0	21672	21672
