



























































































































































































































#AmpliconChromStart	Alias	Position	ProbableRef	rawA	rawC	rawD	rawG	rawI	rawN	rawT	rawDepth	consA	consC	consD	consG	consI	consN	consT	consDepth	
TP1_synth_reverse		1	G	0	0	0	916512	0	0	0	916512	0	0	0	25950	0	0	0	25950
TP1_synth_reverse		2	T	0	0	0	0	0	0	919666	919666	0	0	0	0	0	0	25987	25987
TP1_synth_reverse		3	G	0	0	0	922582	0	108	0	922690	0	0	0	26044	0	2	0	26046
TP1_synth_reverse		4	G	0	0	0	923774	0	59	0	923833	0	0	0	26075	0	0	0	26075
TP1_synth_reverse		5	T	0	0	0	0	0	23	924293	924316	0	0	0	0	0	0	26087	26087
TP1_synth_reverse		6	G	151	94	0	924441	0	12	269	924967	3	0	0	26101	0	0	3	26107
TP1_synth_reverse		7	A	925171	26	0	115	0	60	138	925510	26116	0	0	0	0	0	0	26116
TP1_synth_reverse		8	G	121	78	0	925290	0	128	160	925777	1	0	0	26122	0	1	2	26126
TP1_synth_reverse		9	G	121	155	0	925778	0	28	418	926500	0	0	0	26135	0	0	2	26137
TP1_synth_reverse		10	C	239	925882	40	28	106	35	194	926524	0	26134	1	0	1	0	2	26138
TP1_synth_reverse		11	T	188	141	515	12	113	20	925553	926542	0	0	5	0	3	0	26131	26139
TP1_synth_reverse		12	C	304	922989	2704	22	0	79	444	926542	0	26090	47	0	0	0	2	26139
TP1_synth_reverse		13	C	463	925809	4	31	0	113	122	926542	0	26138	0	0	0	1	0	26139
TP1_synth_reverse		14	C	401	925954	0	31	0	41	115	926542	0	26138	0	0	0	1	0	26139
TP1_synth_reverse		15	C	329	925665	1	52	298	79	118	926542	1	26132	0	0	6	0	0	26139
TP1_synth_reverse		16	T	370	234	2453	25	0	225	923235	926542	0	0	73	0	0	0	26066	26139
TP1_synth_reverse		17	T	351	110	193	7	0	65	925816	926542	0	0	3	0	0	1	26135	26139
TP1_synth_reverse		18	T	335	132	189	9	8	69	925800	926542	0	0	2	0	1	0	26136	26139
TP1_synth_reverse		19	C	333	925791	387	23	520	82	111	927247	0	26110	17	0	11	1	2	26141
TP1_synth_reverse		20	T	266	151	1815	15	0	15	924985	927247	0	1	40	0	0	0	26100	26141
TP1_synth_reverse		21	T	483	153	203	57	329	108	925914	927247	1	0	4	0	10	1	26125	26141
TP1_synth_reverse		22	G	129	667	924	925151	23	16	337	927247	0	2	12	26122	3	0	2	26141
TP1_synth_reverse		23	C	583	923495	1105	209	642	35	1185	927254	1	26094	21	7	4	0	15	26142
TP1_synth_reverse		24	G	214	193	2026	924075	2	43	701	927254	0	0	39	26103	0	0	0	26142
TP1_synth_reverse		25	G	128	659	404	925476	46	130	433	927276	0	0	8	26134	2	0	1	26145
TP1_synth_reverse		26	A	926165	21	562	198	124	53	153	927276	26122	0	17	0	6	0	0	26145
TP1_synth_reverse		27	G	64	751	358	925620	179	21	283	927276	0	0	10	26127	6	0	2	26145
TP1_synth_reverse		28	A	925359	41	1382	109	226	41	133	927291	26121	0	19	0	5	1	0	26146
TP1_synth_reverse		29	T	300	111	1468	152	1	169	925322	927523	0	1	28	0	0	1	26124	26154
TP1_synth_reverse		30	T	953	115	446	63	229	136	925581	927523	0	0	13	0	1	1	26139	26154
TP1_synth_reverse		31	C	541	925005	1353	46	251	64	250	927510	0	26108	39	0	5	1	1	26154
TP1_synth_reverse		32	T	566	109	1812	129	63	410	923895	926984	0	0	54	1	6	4	26084	26149
TP1_synth_reverse		33	C	452	924131	1695	55	217	142	278	926970	0	26099	44	0	2	1	3	26149
TP1_synth_reverse		34	T	693	251	2113	73	2	90	923432	926654	0	1	59	0	0	1	26088	26149
TP1_synth_reverse		35	T	1517	131	968	63	334	119	923507	926639	1	1	33	0	5	0	26109	26149
TP1_synth_reverse		36	C	755	924100	1582	26	1	60	111	926635	2	26090	54	0	0	0	3	26149
TP1_synth_reverse		37	C	586	923929	1311	61	1	90	669	926647	2	26105	39	0	0	0	4	26150
TP1_synth_reverse		38	T	706	83	1623	277	272	30	923303	926294	0	1	47	3	10	0	26088	26149
TP1_synth_reverse		39	C	469	924034	1295	47	12	67	248	926172	3	26099	42	0	2	0	3	26149
TP1_synth_reverse		40	T	1313	136	1888	54	487	168	922397	926443	0	2	47	1	7	0	26097	26154
TP1_synth_reverse		41	G	708	600	2092	922692	0	23	316	926431	2	0	49	26102	0	0	1	26154
TP1_synth_reverse		42	T	2229	112	1925	41	84	51	921987	926429	0	0	44	0	5	1	26104	26154
TP1_synth_reverse		43	G	429	497	2157	922555	1	424	347	926410	0	0	48	26099	0	6	0	26153
TP1_synth_reverse		44	C	533	920433	3237	256	22	187	1734	926402	2	26071	59	3	3	0	15	26153
TP1_synth_reverse		45	G	395	340	3383	920577	196	61	1347	926299	12	0	61	26072	4	0	2	26151
TP1_synth_reverse		46	C	851	920753	4392	50	0	18	229	926293	1	26057	88	0	0	0	4	26150
TP1_synth_reverse		47	C	361	922468	3052	51	71	32	243	926278	0	26089	54	0	6	0	1	26150
TP1_synth_reverse		48	G	219	725	3277	920748	68	43	1163	926243	2	2	62	26072	11	1	5	26155
TP1_synth_reverse		49	A	921590	53	3870	94	210	251	167	926235	26072	0	81	0	4	1	1	26159
TP1_synth_reverse		50	T	1023	161	3349	213	0	157	921317	926220	0	2	67	2	0	1	26087	26159
TP1_synth_reverse		51	A	922740	55	2943	125	109	146	159	926277	26095	0	66	1	1	0	0	26163
TP1_synth_reverse		52	C	545	921061	3331	133	579	316	392	926357	0	26086	67	0	8	3	4	26168
TP1_synth_reverse		53	A	921364	36	3425	445	555	362	163	926350	26084	0	70	5	3	6	0	26168
TP1_synth_reverse		54	G	599	244	2362	922466	215	100	352	926338	6	0	54	26100	4	1	3	26168
TP1_synth_reverse		55	A	922687	85	3264	147	0	125	98	926406	26103	0	67	0	0	0	1	26171
TP1_synth_reverse		56	A	924441	16	2256	169	2	108	122	927114	26131	0	46	0	0	1	0	26178
TP1_synth_reverse		57	T	1671	253	2041	237	237	242	922691	927372	0	1	44	0	6	1	26133	26185
TP1_synth_reverse		58	A	924586	14	2063	111	66	314	117	927271	26140	0	39	0	3	2	0	26184
TP1_synth_reverse		59	T	955	67	2049	91	185	454	923479	927280	0	0	45	0	7	3	26132	26187
TP1_synth_reverse		60	C	888	923844	2080	65	21	274	88	927260	3	26127	52	0	2	3	0	26187
TP1_synth_reverse		61	T	1209	115	1463	45	376	253	924041	927502	0	1	27	0	7	1	26154	26190
TP1_synth_reverse		62	G	428	254	1568	924561	89	351	401	927652	3	0	32	26158	3	1	0	26197
TP1_synth_reverse		63	T	1932	68	2949	83	0	176	922258	927466	0	0	58	2	0	0	26141	26201
TP1_synth_reverse		64	T	1912	80	1222	20	63	54	924245	927596	1	0	23	0	1	0	26180	26205
TP1_synth_reverse		65	C	1170	922427	3384	44	204	182	168	927579	1	26140	59	0	3	1	1	26205
TP1_synth_reverse		66	G	598	405	2376	923249	2	66	671	927367	11	0	43	26147	0	1	3	26205
TP1_synth_reverse		67	C	912	924504	1462	49	79	241	269	927516	1	26167	38	0	1	1	1	26209
TP1_synth_reverse		68	A	925727	246	1378	149	1	101	93	927695	26176	3	38	0	0	1	0	26218
TP1_synth_reverse		69	C	382	925824	603	57	208	77	550	927701	0	26185	24	0	3	1	9	26222
TP1_synth_reverse		70	T	1124	136	829	47	131	101	925314	927682	0	0	22	0	1	0	26199	26222
TP1_synth_reverse		71	C	379	923627	3070	23	2	345	231	927677	0	26168	52	0	0	1	1	26222
TP1_synth_reverse		72	C	733	925174	750	56	373	129	456	927671	0	26196	14	0	7	0	5	26222
TP1_synth_reverse		73	G	177	548	1712	924332	199	359	330	927657	1	1	38	26177	1	2	2	26222
TP1_synth_reverse		74	A	923562	41	3221	142	491	134	47	927638	26139	0	73	0	8	1	0	26221
TP1_synth_reverse		75	G	105	422	975	925912	0	71	123	927608	0	1	21	26197	0	2	0	26221
TP1_synth_reverse		76	T	936	97	494	76	202	64	925468	927337	0	0	17	1	2	0	26199	26219
TP1_synth_reverse		77	G	127	390	1218	925262	4	57	260	927318	2	0	18	26192	0	2	5	26219
TP1_synth_reverse		78	C	488	922566	1662	66	331	493	1705	927311	0	26164	24	6	8	2	15	26219
TP1_synth_reverse		79	G	306	581	573	924851	0	141	845	927297	5	2	12	26194	0	1	4	26218
TP1_synth_reverse		80	G	474	356	77	925553	0	177	552	927189	11	1	2	26197	0	0	6	26217
TP1_synth_reverse		81	C	696	924656	1216	98	251	96	160	927173	2	26182	25	0	8	0	0	26217
TP1_synth_reverse		82	A	923041	50	2970	190	0	73	151	926475	26160	0	51	0	0	0	0	26211
TP1_synth_reverse		83	A	925763	67	166	105	0	257	115	926473	26208	0	3	0	0	0	0	26211
TP1_synth_reverse		84	A	925573	87	114	160	218	219	50	926421	26203	1	2	0	3	1	0	26210
TP1_synth_reverse		85	G	124	325	8	924916	604	157	180	926314	1	0	1	26202	5	0	0	26209
TP1_synth_reverse		86	C	510	925382	107	24	15	66	153	926257	0	26206	0	0	1	0	2	26209
TP1_synth_reverse		87	T	1183	103	38	39	27	341	924457	926188	0	0	3	1	0	2	26203	26209
TP1_synth_reverse		88	G	331	529	118	924719	44	144	244	926129	3	0	3	26201	1	1	0	26209
TP1_synth_reverse		89	T	701	112	613	15	0	54	924459	925954	0	0	7	0	0	1	26199	26207
TP1_synth_reverse		90	T	638	169	105	51	1	99	924712	925775	0	0	1	2	0	1	26199	26203
TP1_synth_reverse		91	C	592	924342	0	55	0	332	105	925426	1	26197	0	1	0	2	2	26203
TP1_synth_reverse		92	C	441	923086	0	111	0	408	361	924407	0	26190	0	6	0	1	1	26198
TP1_synth_reverse		93	G	394	405	0	921719	0	173	189	922880	2	1	0	26177	0	3	1	26184
TP1_synth_reverse		94	T	548	260	0	45	0	87	921334	922274	0	3	0	0	0	0	26177	26180
TP1_synth_reverse		95	C	0	921467	0	0	0	209	0	921676	0	26172	0	0	0	4	0	26176
TP1_synth_reverse		96	C	0	920497	0	0	0	104	0	920601	0	26172	0	0	0	1	0	26173
TP1_synth_reverse		97	C	0	918031	0	0	0	189	0	918220	0	26151	0	0	0	1	0	26152
TP1_synth_reverse		98	A	915931	0	0	0	0	0	0	915931	26124	0	0	0	0	0	0	26124
TP1_synth_reverse		99	G	0	0	0	914301	0	0	0	914301	0	0	0	26117	0	0	0	26117
