



























































































































































































































#AmpliconChromStart	Alias	Position	ProbableRef	rawA	rawC	rawD	rawG	rawI	rawN	rawT	rawDepth	consA	consC	consD	consG	consI	consN	consT	consDepth	
TP1_synth_reverse		1	G	0	0	0	916512	0	0	0	916512	0	0	0	13633	0	0	0	13633
TP1_synth_reverse		2	T	0	0	0	0	0	0	919666	919666	0	0	0	0	0	0	13649	13649
TP1_synth_reverse		3	G	0	0	0	922582	0	108	0	922690	0	0	0	13675	0	0	0	13675
TP1_synth_reverse		4	G	0	0	0	923774	0	59	0	923833	0	0	0	13682	0	0	0	13682
TP1_synth_reverse		5	T	0	0	0	0	0	23	924293	924316	0	0	0	0	0	0	13686	13686
TP1_synth_reverse		6	G	151	94	0	924441	0	12	269	924967	1	0	0	13687	0	0	2	13690
TP1_synth_reverse		7	A	925171	26	0	115	0	60	138	925510	13698	0	0	0	0	0	0	13698
TP1_synth_reverse		8	G	121	78	0	925290	0	128	160	925777	0	0	0	13700	0	0	1	13701
TP1_synth_reverse		9	G	121	155	0	925778	0	28	418	926500	0	0	0	13705	0	0	2	13707
TP1_synth_reverse		10	C	239	925882	40	28	106	35	194	926524	0	13705	1	0	1	0	1	13708
TP1_synth_reverse		11	T	188	141	515	12	113	20	925553	926542	0	0	2	0	1	0	13705	13708
TP1_synth_reverse		12	C	304	922989	2704	22	0	79	444	926542	0	13676	31	0	0	0	1	13708
TP1_synth_reverse		13	C	463	925809	4	31	0	113	122	926542	0	13708	0	0	0	0	0	13708
TP1_synth_reverse		14	C	401	925954	0	31	0	41	115	926542	0	13708	0	0	0	0	0	13708
TP1_synth_reverse		15	C	329	925665	1	52	298	79	118	926542	1	13702	0	0	5	0	0	13708
TP1_synth_reverse		16	T	370	234	2453	25	0	225	923235	926542	0	0	34	0	0	0	13674	13708
TP1_synth_reverse		17	T	351	110	193	7	0	65	925816	926542	0	0	2	0	0	0	13706	13708
TP1_synth_reverse		18	T	335	132	189	9	8	69	925800	926542	0	0	2	0	0	0	13706	13708
TP1_synth_reverse		19	C	333	925791	387	23	520	82	111	927247	0	13696	7	0	5	0	1	13709
TP1_synth_reverse		20	T	266	151	1815	15	0	15	924985	927247	0	1	21	0	0	0	13687	13709
TP1_synth_reverse		21	T	483	153	203	57	329	108	925914	927247	0	0	2	0	4	0	13703	13709
TP1_synth_reverse		22	G	129	667	924	925151	23	16	337	927247	0	1	5	13700	1	0	2	13709
TP1_synth_reverse		23	C	583	923495	1105	209	642	35	1185	927254	1	13686	9	3	4	0	6	13709
TP1_synth_reverse		24	G	214	193	2026	924075	2	43	701	927254	0	0	22	13687	0	0	0	13709
TP1_synth_reverse		25	G	128	659	404	925476	46	130	433	927276	0	0	5	13702	2	0	1	13710
TP1_synth_reverse		26	A	926165	21	562	198	124	53	153	927276	13697	0	9	0	4	0	0	13710
TP1_synth_reverse		27	G	64	751	358	925620	179	21	283	927276	0	0	7	13697	4	0	2	13710
TP1_synth_reverse		28	A	925344	41	1382	109	226	41	133	927276	13695	0	13	0	2	0	0	13710
TP1_synth_reverse		29	T	300	111	1468	152	1	169	925307	927508	0	0	17	0	0	0	13697	13714
TP1_synth_reverse		30	T	953	115	446	63	229	136	925566	927508	0	0	7	0	1	0	13706	13714
TP1_synth_reverse		31	C	541	924990	1353	46	251	64	250	927495	0	13692	20	0	1	0	1	13714
TP1_synth_reverse		32	T	566	109	1812	129	63	410	923880	926969	0	0	25	1	3	0	13683	13712
TP1_synth_reverse		33	C	449	924119	1695	55	217	142	278	926955	0	13685	22	0	2	0	3	13712
TP1_synth_reverse		34	T	693	251	2113	73	2	90	923417	926639	0	1	25	0	0	0	13686	13712
TP1_synth_reverse		35	T	1515	131	968	63	334	119	923494	926624	0	0	13	0	1	0	13698	13712
TP1_synth_reverse		36	C	755	924085	1582	26	1	60	111	926620	1	13688	23	0	0	0	0	13712
TP1_synth_reverse		37	C	584	923916	1311	61	1	90	669	926632	1	13695	15	0	0	0	2	13713
TP1_synth_reverse		38	T	706	83	1623	276	272	30	923289	926279	0	1	18	0	5	0	13688	13712
TP1_synth_reverse		39	C	469	924019	1295	47	12	67	248	926157	2	13694	14	0	0	0	2	13712
TP1_synth_reverse		40	T	1311	136	1888	54	487	168	922384	926428	0	0	17	1	7	0	13689	13714
TP1_synth_reverse		41	G	708	600	2092	922677	0	23	316	926416	1	0	17	13696	0	0	0	13714
TP1_synth_reverse		42	T	2229	112	1925	41	84	51	921972	926414	0	0	18	0	3	0	13693	13714
TP1_synth_reverse		43	G	428	496	2157	922564	1	424	347	926417	0	0	20	13695	0	0	0	13715
TP1_synth_reverse		44	C	533	920440	3237	256	22	187	1734	926409	0	13676	28	2	0	0	9	13715
TP1_synth_reverse		45	G	395	340	3383	920585	196	61	1346	926306	5	0	27	13680	1	0	1	13714
TP1_synth_reverse		46	C	851	920760	4392	50	0	18	229	926300	0	13669	44	0	0	0	1	13714
TP1_synth_reverse		47	C	361	922475	3052	51	71	32	243	926285	0	13687	25	0	2	0	0	13714
TP1_synth_reverse		48	G	218	729	3277	920753	68	43	1162	926250	1	1	29	13679	3	0	2	13715
TP1_synth_reverse		49	A	921597	53	3870	94	210	251	167	926242	13677	0	35	0	3	0	0	13715
TP1_synth_reverse		50	T	1022	161	3349	214	0	157	921324	926227	0	2	29	1	0	0	13683	13715
TP1_synth_reverse		51	A	922747	55	2943	125	109	146	159	926284	13687	0	29	1	1	0	0	13718
TP1_synth_reverse		52	C	542	921071	3331	133	579	316	392	926364	0	13681	33	0	4	0	3	13721
TP1_synth_reverse		53	A	921371	36	3425	445	555	362	163	926357	13684	0	32	3	2	0	0	13721
TP1_synth_reverse		54	G	595	244	2362	922477	215	100	352	926345	1	0	26	13689	3	0	2	13721
TP1_synth_reverse		55	A	922694	85	3264	147	0	125	98	926413	13689	0	33	0	0	0	1	13723
TP1_synth_reverse		56	A	924448	16	2256	169	2	108	122	927121	13702	0	24	0	0	0	0	13726
TP1_synth_reverse		57	T	1669	253	2041	238	237	242	922699	927379	0	1	24	0	4	0	13702	13731
TP1_synth_reverse		58	A	924593	14	2063	111	66	314	117	927278	13708	0	22	0	1	0	0	13731
TP1_synth_reverse		59	T	954	67	2049	92	185	454	923486	927287	0	0	24	0	1	0	13708	13733
TP1_synth_reverse		60	C	895	923844	2080	65	21	274	88	927267	0	13706	25	0	2	0	0	13733
TP1_synth_reverse		61	T	1206	115	1463	46	376	253	924050	927509	0	1	14	0	4	0	13717	13736
TP1_synth_reverse		62	G	428	253	1568	924569	89	351	401	927659	2	0	14	13723	1	0	0	13740
TP1_synth_reverse		63	T	1941	68	2949	83	0	176	922256	927473	0	0	31	0	0	0	13711	13742
TP1_synth_reverse		64	T	1922	80	1222	20	63	54	924242	927603	0	0	12	0	1	0	13732	13745
TP1_synth_reverse		65	C	1171	922432	3384	44	205	182	168	927586	0	13711	33	0	1	0	0	13745
TP1_synth_reverse		66	G	596	405	2376	923258	2	66	671	927374	3	0	25	13714	0	0	3	13745
TP1_synth_reverse		67	C	912	924511	1462	49	79	241	269	927523	0	13730	16	0	1	0	1	13748
TP1_synth_reverse		68	A	925734	246	1378	149	1	101	93	927702	13735	2	17	0	0	0	0	13754
TP1_synth_reverse		69	C	382	925831	603	57	208	77	550	927708	0	13737	9	0	2	0	6	13754
TP1_synth_reverse		70	T	1124	136	829	47	131	101	925321	927689	0	0	14	0	1	0	13739	13754
TP1_synth_reverse		71	C	379	923634	3070	23	2	345	231	927684	0	13723	31	0	0	0	0	13754
TP1_synth_reverse		72	C	733	925181	750	56	373	129	456	927678	0	13735	11	0	4	0	4	13754
TP1_synth_reverse		73	G	177	548	1712	924339	199	359	330	927664	0	0	20	13732	1	0	1	13754
TP1_synth_reverse		74	A	923569	41	3221	142	491	134	47	927645	13716	0	35	0	3	0	0	13754
TP1_synth_reverse		75	G	105	422	975	925919	0	71	123	927615	0	0	13	13741	0	0	0	13754
TP1_synth_reverse		76	T	939	97	494	76	202	64	925472	927344	0	0	9	0	1	0	13744	13754
TP1_synth_reverse		77	G	127	390	1218	925269	4	57	260	927325	1	0	13	13740	0	0	0	13754
TP1_synth_reverse		78	C	488	922573	1662	66	331	493	1705	927318	0	13726	13	1	4	0	10	13754
TP1_synth_reverse		79	G	306	585	573	924854	0	141	845	927304	3	0	9	13739	0	0	3	13754
TP1_synth_reverse		80	G	474	356	77	925560	0	177	552	927196	3	0	1	13747	0	0	2	13753
TP1_synth_reverse		81	C	696	924663	1216	98	251	96	160	927180	2	13738	10	0	3	0	0	13753
TP1_synth_reverse		82	A	923048	50	2970	190	0	73	151	926482	13726	0	26	0	0	0	0	13752
TP1_synth_reverse		83	A	925770	67	166	105	0	257	115	926480	13750	0	2	0	0	0	0	13752
TP1_synth_reverse		84	A	925580	87	114	160	218	219	50	926428	13748	1	1	0	1	0	0	13751
TP1_synth_reverse		85	G	124	325	8	924922	604	157	180	926320	1	0	0	13747	3	0	0	13751
TP1_synth_reverse		86	C	510	925388	107	24	15	66	153	926263	0	13749	0	0	0	0	2	13751
TP1_synth_reverse		87	T	1182	103	38	39	27	341	924464	926194	0	0	1	0	0	0	13750	13751
TP1_synth_reverse		88	G	331	529	118	924725	44	144	244	926135	1	0	1	13748	1	0	0	13751
TP1_synth_reverse		89	T	701	112	613	15	0	54	924465	925960	0	0	2	0	0	0	13748	13750
TP1_synth_reverse		90	T	638	169	105	51	1	99	924718	925781	0	0	1	1	0	0	13746	13748
TP1_synth_reverse		91	C	592	924348	0	55	0	332	105	925432	0	13747	0	1	0	0	0	13748
TP1_synth_reverse		92	C	441	923092	0	111	0	408	361	924413	0	13745	0	1	0	0	1	13747
TP1_synth_reverse		93	G	394	405	0	921725	0	173	189	922886	1	0	0	13744	0	0	0	13745
TP1_synth_reverse		94	T	548	260	0	45	0	87	921340	922280	0	1	0	0	0	0	13744	13745
TP1_synth_reverse		95	C	0	921473	0	0	0	209	0	921682	0	13744	0	0	0	0	0	13744
TP1_synth_reverse		96	C	0	920503	0	0	0	104	0	920607	0	13743	0	0	0	0	0	13743
TP1_synth_reverse		97	C	0	918037	0	0	0	189	0	918226	0	13740	0	0	0	0	0	13740
TP1_synth_reverse		98	A	915937	0	0	0	0	0	0	915937	13737	0	0	0	0	0	0	13737
TP1_synth_reverse		99	G	0	0	0	914307	0	0	0	914307	0	0	0	13735	0	0	0	13735
