



























































































































































































































#AmpliconChromStart	Alias	Position	ProbableRef	rawA	rawC	rawD	rawG	rawI	rawN	rawT	rawDepth	consA	consC	consD	consG	consI	consN	consT	consDepth	
TP1_synth_reverse		1	G	0	0	0	916512	0	0	0	916512	0	0	0	6317	0	0	0	6317
TP1_synth_reverse		2	T	0	0	0	0	0	0	919666	919666	0	0	0	0	0	0	6327	6327
TP1_synth_reverse		3	G	0	0	0	922582	0	108	0	922690	0	0	0	6344	0	0	0	6344
TP1_synth_reverse		4	G	0	0	0	923774	0	59	0	923833	0	0	0	6348	0	0	0	6348
TP1_synth_reverse		5	T	0	0	0	0	0	23	924293	924316	0	0	0	0	0	0	6350	6350
TP1_synth_reverse		6	G	151	94	0	924441	0	12	269	924967	0	0	0	6351	0	0	1	6352
TP1_synth_reverse		7	A	925171	26	0	115	0	60	138	925510	6355	0	0	0	0	0	0	6355
TP1_synth_reverse		8	G	121	78	0	925290	0	128	160	925777	0	0	0	6356	0	0	1	6357
TP1_synth_reverse		9	G	121	155	0	925778	0	28	418	926500	0	0	0	6359	0	0	2	6361
TP1_synth_reverse		10	C	239	925882	40	28	106	35	194	926524	0	6358	1	0	1	0	1	6361
TP1_synth_reverse		11	T	188	141	515	12	113	20	925535	926524	0	0	1	0	1	0	6359	6361
TP1_synth_reverse		12	C	304	922971	2704	22	0	79	444	926524	0	6342	18	0	0	0	1	6361
TP1_synth_reverse		13	C	463	925791	4	31	0	113	122	926524	0	6361	0	0	0	0	0	6361
TP1_synth_reverse		14	C	401	925936	0	31	0	41	115	926524	0	6361	0	0	0	0	0	6361
TP1_synth_reverse		15	C	329	925647	1	52	298	79	118	926524	1	6357	0	0	3	0	0	6361
TP1_synth_reverse		16	T	370	234	2453	25	0	225	923217	926524	0	0	16	0	0	0	6345	6361
TP1_synth_reverse		17	T	351	110	193	7	0	65	925798	926524	0	0	2	0	0	0	6359	6361
TP1_synth_reverse		18	T	334	132	189	9	8	69	925783	926524	0	0	2	0	0	0	6359	6361
TP1_synth_reverse		19	C	331	925775	387	23	520	82	111	927229	0	6355	5	0	2	0	0	6362
TP1_synth_reverse		20	T	266	151	1815	15	0	15	924967	927229	0	1	13	0	0	0	6348	6362
TP1_synth_reverse		21	T	481	153	203	57	329	108	925898	927229	0	0	2	0	2	0	6358	6362
TP1_synth_reverse		22	G	129	667	924	925134	23	16	336	927229	0	1	5	6354	0	0	2	6362
TP1_synth_reverse		23	C	583	923477	1105	209	642	35	1185	927236	0	6345	6	2	4	0	5	6362
TP1_synth_reverse		24	G	214	192	2026	924059	2	43	700	927236	0	0	14	6348	0	0	0	6362
TP1_synth_reverse		25	G	128	657	404	925461	46	130	432	927258	0	0	4	6356	1	0	1	6362
TP1_synth_reverse		26	A	926147	21	562	198	124	53	153	927258	6356	0	5	0	1	0	0	6362
TP1_synth_reverse		27	G	64	750	358	925603	179	21	283	927258	0	0	3	6358	1	0	0	6362
TP1_synth_reverse		28	A	925341	41	1382	109	226	41	133	927273	6352	0	8	0	2	0	0	6362
TP1_synth_reverse		29	T	298	111	1468	152	1	169	925306	927505	0	0	10	0	0	0	6355	6365
TP1_synth_reverse		30	T	951	115	446	63	229	136	925565	927505	0	0	3	0	1	0	6361	6365
TP1_synth_reverse		31	C	541	924987	1353	46	251	64	250	927492	0	6353	10	0	1	0	1	6365
TP1_synth_reverse		32	T	564	109	1812	129	63	410	923873	926960	0	0	10	1	0	0	6353	6364
TP1_synth_reverse		33	C	452	924107	1695	55	217	142	278	926946	0	6350	10	0	2	0	2	6364
TP1_synth_reverse		34	T	693	251	2113	73	2	90	923408	926630	0	1	14	0	0	0	6349	6364
TP1_synth_reverse		35	T	1516	131	968	63	334	119	923484	926615	0	0	6	0	1	0	6357	6364
TP1_synth_reverse		36	C	754	924077	1582	26	1	60	111	926611	1	6351	12	0	0	0	0	6364
TP1_synth_reverse		37	C	586	923905	1311	61	1	90	669	926623	0	6354	8	0	0	0	2	6364
TP1_synth_reverse		38	T	705	83	1623	277	272	30	923280	926270	0	0	10	0	1	0	6353	6364
TP1_synth_reverse		39	C	469	924010	1295	47	12	67	248	926148	0	6354	8	0	0	0	2	6364
TP1_synth_reverse		40	T	1312	136	1888	54	487	168	922374	926419	0	0	11	0	4	0	6350	6365
TP1_synth_reverse		41	G	707	599	2092	922670	0	23	316	926407	1	0	13	6351	0	0	0	6365
TP1_synth_reverse		42	T	2227	112	1925	41	84	51	921965	926405	0	0	12	0	0	0	6353	6365
TP1_synth_reverse		43	G	428	496	2157	922536	1	424	344	926386	0	0	14	6351	0	0	0	6365
TP1_synth_reverse		44	C	533	920409	3237	256	22	187	1734	926378	0	6338	20	1	0	0	6	6365
TP1_synth_reverse		45	G	394	339	3383	920558	196	61	1344	926275	2	0	20	6340	1	0	0	6363
TP1_synth_reverse		46	C	849	920731	4392	50	0	18	229	926269	0	6336	26	0	0	0	1	6363
TP1_synth_reverse		47	C	360	922445	3052	51	71	32	243	926254	0	6345	17	0	1	0	0	6363
TP1_synth_reverse		48	G	218	725	3277	920725	68	43	1163	926219	0	1	18	6344	0	0	1	6364
TP1_synth_reverse		49	A	921566	53	3870	94	210	251	167	926211	6340	0	22	0	2	0	0	6364
TP1_synth_reverse		50	T	1023	161	3349	213	0	157	921293	926196	0	1	20	1	0	0	6342	6364
TP1_synth_reverse		51	A	922716	55	2943	125	109	146	159	926253	6346	0	18	0	1	0	0	6365
TP1_synth_reverse		52	C	544	921038	3331	133	579	316	392	926333	0	6337	24	0	3	0	2	6366
TP1_synth_reverse		53	A	921373	36	3425	445	555	362	163	926359	6344	0	20	1	1	0	0	6366
TP1_synth_reverse		54	G	599	243	2362	922476	215	100	352	926347	1	0	14	6348	2	0	1	6366
TP1_synth_reverse		55	A	922696	85	3264	147	0	125	98	926415	6348	0	19	0	0	0	0	6367
TP1_synth_reverse		56	A	924450	16	2256	169	2	108	122	927123	6356	0	13	0	0	0	0	6369
TP1_synth_reverse		57	T	1668	253	2041	237	237	242	922703	927381	0	1	13	0	1	0	6356	6371
TP1_synth_reverse		58	A	924595	14	2063	111	66	314	117	927280	6357	0	13	0	1	0	0	6371
TP1_synth_reverse		59	T	953	67	2049	91	185	454	923490	927289	0	0	14	0	1	0	6356	6371
TP1_synth_reverse		60	C	886	923855	2080	65	21	274	88	927269	0	6359	12	0	0	0	0	6371
TP1_synth_reverse		61	T	1208	115	1463	45	376	253	924051	927511	0	0	9	0	3	0	6361	6373
TP1_synth_reverse		62	G	426	253	1568	924571	89	351	403	927661	1	0	9	6363	1	0	0	6374
TP1_synth_reverse		63	T	1934	68	2949	83	0	176	922265	927475	0	0	19	0	0	0	6355	6374
TP1_synth_reverse		64	T	1909	80	1222	20	63	54	924257	927605	0	0	7	0	1	0	6367	6375
TP1_synth_reverse		65	C	1168	922459	3384	44	204	182	168	927609	0	6355	19	0	1	0	0	6375
TP1_synth_reverse		66	G	598	405	2376	923280	2	66	670	927397	1	0	13	6360	0	0	1	6375
TP1_synth_reverse		67	C	914	924532	1462	49	79	241	269	927546	0	6366	9	0	1	0	1	6377
TP1_synth_reverse		68	A	925756	247	1378	149	1	101	93	927725	6368	0	10	0	0	0	0	6378
TP1_synth_reverse		69	C	381	925855	603	57	208	77	550	927731	0	6370	3	0	1	0	4	6378
TP1_synth_reverse		70	T	1124	137	830	48	131	101	925341	927712	0	0	10	0	1	0	6367	6378
TP1_synth_reverse		71	C	379	923656	3071	23	2	345	231	927707	0	6359	19	0	0	0	0	6378
TP1_synth_reverse		72	C	730	925206	751	56	373	129	456	927701	0	6364	9	0	2	0	3	6378
TP1_synth_reverse		73	G	177	547	1713	924362	199	359	330	927687	0	0	12	6365	1	0	0	6378
TP1_synth_reverse		74	A	923592	41	3221	142	491	134	47	927668	6355	0	21	0	2	0	0	6378
TP1_synth_reverse		75	G	105	421	975	925943	0	71	123	927638	0	0	10	6368	0	0	0	6378
TP1_synth_reverse		76	T	939	97	494	76	202	64	925495	927367	0	0	6	0	1	0	6371	6378
TP1_synth_reverse		77	G	127	389	1218	925294	4	57	259	927348	0	0	9	6369	0	0	0	6378
TP1_synth_reverse		78	C	487	922597	1662	66	331	493	1705	927341	0	6358	10	0	3	0	7	6378
TP1_synth_reverse		79	G	306	584	573	924878	0	141	845	927327	1	0	5	6370	0	0	2	6378
TP1_synth_reverse		80	G	474	357	77	925583	0	177	551	927219	3	0	1	6371	0	0	2	6377
TP1_synth_reverse		81	C	696	924686	1216	98	251	96	160	927203	2	6369	5	0	1	0	0	6377
TP1_synth_reverse		82	A	923069	50	2971	191	0	73	151	926505	6363	0	13	0	0	0	0	6376
TP1_synth_reverse		83	A	925792	67	166	106	0	257	115	926503	6375	0	1	0	0	0	0	6376
TP1_synth_reverse		84	A	925603	87	114	160	218	219	50	926451	6375	0	0	0	1	0	0	6376
TP1_synth_reverse		85	G	124	325	8	924948	604	157	180	926346	0	0	0	6373	3	0	0	6376
TP1_synth_reverse		86	C	509	925416	107	24	15	66	153	926290	0	6375	0	0	0	0	1	6376
TP1_synth_reverse		87	T	1183	103	38	39	27	341	924490	926221	0	0	0	0	0	0	6376	6376
TP1_synth_reverse		88	G	331	529	118	924752	44	144	244	926162	1	0	1	6374	0	0	0	6376
TP1_synth_reverse		89	T	701	112	613	15	0	54	924492	925987	0	0	1	0	0	0	6374	6375
TP1_synth_reverse		90	T	638	169	105	51	1	99	924745	925808	0	0	1	0	0	0	6374	6375
TP1_synth_reverse		91	C	592	924375	0	55	0	332	105	925459	0	6375	0	0	0	0	0	6375
TP1_synth_reverse		92	C	441	923119	0	111	0	408	361	924440	0	6374	0	0	0	0	1	6375
TP1_synth_reverse		93	G	394	405	0	921753	0	173	188	922913	0	0	0	6375	0	0	0	6375
TP1_synth_reverse		94	T	547	260	0	45	0	87	921368	922307	0	1	0	0	0	0	6374	6375
TP1_synth_reverse		95	C	0	921498	0	0	0	209	0	921707	0	6375	0	0	0	0	0	6375
TP1_synth_reverse		96	C	0	920527	0	0	0	104	0	920631	0	6375	0	0	0	0	0	6375
TP1_synth_reverse		97	C	0	918062	0	0	0	189	0	918251	0	6375	0	0	0	0	0	6375
TP1_synth_reverse		98	A	915962	0	0	0	0	0	0	915962	6375	0	0	0	0	0	0	6375
TP1_synth_reverse		99	G	0	0	0	914332	0	0	0	914332	0	0	0	6375	0	0	0	6375
