



























































































































































































































#AmpliconChromStart	Alias	Position	ProbableRef	rawA	rawC	rawD	rawG	rawI	rawN	rawT	rawDepth	consA	consC	consD	consG	consI	consN	consT	consDepth	
TP1_synth_reverse		1	G	0	0	0	916512	0	0	0	916512	0	0	0	11237	0	0	0	11237
TP1_synth_reverse		2	T	0	0	0	0	0	0	919666	919666	0	0	0	0	0	0	11252	11252
TP1_synth_reverse		3	G	0	0	0	922582	0	108	0	922690	0	0	0	11274	0	0	0	11274
TP1_synth_reverse		4	G	0	0	0	923774	0	59	0	923833	0	0	0	11280	0	0	0	11280
TP1_synth_reverse		5	T	0	0	0	0	0	23	924293	924316	0	0	0	0	0	0	11284	11284
TP1_synth_reverse		6	G	151	94	0	924441	0	12	269	924967	1	0	0	11284	0	0	2	11287
TP1_synth_reverse		7	A	925171	26	0	115	0	60	138	925510	11294	0	0	0	0	0	0	11294
TP1_synth_reverse		8	G	121	78	0	925290	0	128	160	925777	0	0	0	11296	0	0	1	11297
TP1_synth_reverse		9	G	121	155	0	925778	0	28	418	926500	0	0	0	11300	0	0	2	11302
TP1_synth_reverse		10	C	239	925882	40	28	106	35	194	926524	0	11300	1	0	1	0	1	11303
TP1_synth_reverse		11	T	188	141	515	12	113	20	925535	926524	0	0	2	0	1	0	11300	11303
TP1_synth_reverse		12	C	304	922971	2704	22	0	79	444	926524	0	11276	26	0	0	0	1	11303
TP1_synth_reverse		13	C	463	925791	4	31	0	113	122	926524	0	11303	0	0	0	0	0	11303
TP1_synth_reverse		14	C	401	925936	0	31	0	41	115	926524	0	11303	0	0	0	0	0	11303
TP1_synth_reverse		15	C	329	925647	1	52	298	79	118	926524	1	11297	0	0	5	0	0	11303
TP1_synth_reverse		16	T	370	234	2453	25	0	225	923217	926524	0	0	27	0	0	0	11276	11303
TP1_synth_reverse		17	T	351	110	193	7	0	65	925798	926524	0	0	2	0	0	0	11301	11303
TP1_synth_reverse		18	T	334	132	189	9	8	69	925783	926524	0	0	2	0	0	0	11301	11303
TP1_synth_reverse		19	C	331	925775	387	23	520	82	111	927229	0	11291	7	0	5	0	1	11304
TP1_synth_reverse		20	T	266	151	1815	15	0	15	924967	927229	0	1	20	0	0	0	11283	11304
TP1_synth_reverse		21	T	481	153	203	57	329	108	925909	927240	0	0	2	0	4	0	11298	11304
TP1_synth_reverse		22	G	129	667	924	925145	23	16	336	927240	0	1	5	11295	1	0	2	11304
TP1_synth_reverse		23	C	583	923488	1105	209	642	35	1185	927247	1	11283	8	3	4	0	5	11304
TP1_synth_reverse		24	G	214	192	2026	924070	2	43	700	927247	0	0	19	11285	0	0	0	11304
TP1_synth_reverse		25	G	128	657	404	925472	46	130	432	927269	0	0	5	11297	2	0	1	11305
TP1_synth_reverse		26	A	926158	21	562	198	124	53	153	927269	11293	0	8	0	4	0	0	11305
TP1_synth_reverse		27	G	64	751	358	925613	179	21	283	927269	0	0	7	11292	4	0	2	11305
TP1_synth_reverse		28	A	925337	41	1382	109	226	41	133	927269	11291	0	12	0	2	0	0	11305
TP1_synth_reverse		29	T	298	111	1468	152	1	169	925302	927501	0	0	15	0	0	0	11294	11309
TP1_synth_reverse		30	T	952	115	446	63	229	136	925560	927501	0	0	6	0	1	0	11302	11309
TP1_synth_reverse		31	C	542	924982	1353	46	251	64	250	927488	0	11289	18	0	1	0	1	11309
TP1_synth_reverse		32	T	565	109	1812	129	63	410	923868	926956	0	0	21	1	1	0	11284	11307
TP1_synth_reverse		33	C	449	924106	1695	55	217	142	278	926942	0	11284	18	0	2	0	3	11307
TP1_synth_reverse		34	T	693	251	2113	73	2	90	923404	926626	0	1	21	0	0	0	11285	11307
TP1_synth_reverse		35	T	1515	131	968	63	334	119	923481	926611	0	0	10	0	1	0	11296	11307
TP1_synth_reverse		36	C	754	924073	1582	26	1	60	111	926607	1	11288	18	0	0	0	0	11307
TP1_synth_reverse		37	C	584	923903	1311	61	1	90	669	926619	1	11293	12	0	0	0	2	11308
TP1_synth_reverse		38	T	705	83	1623	277	272	30	923276	926266	0	1	15	0	3	0	11289	11308
TP1_synth_reverse		39	C	470	924005	1295	47	12	67	248	926144	1	11294	11	0	0	0	2	11308
TP1_synth_reverse		40	T	1312	136	1888	54	487	168	922370	926415	0	0	14	1	6	0	11289	11310
TP1_synth_reverse		41	G	708	601	2092	922663	0	23	316	926403	1	0	14	11295	0	0	0	11310
TP1_synth_reverse		42	T	2227	112	1925	41	84	51	921961	926401	0	0	15	0	3	0	11292	11310
TP1_synth_reverse		43	G	427	497	2157	922552	1	424	346	926404	0	0	18	11293	0	0	0	11311
TP1_synth_reverse		44	C	534	920426	3237	256	22	187	1734	926396	0	11277	26	1	0	0	7	11311
TP1_synth_reverse		45	G	394	339	3383	920574	196	61	1346	926293	4	0	24	11280	1	0	0	11309
TP1_synth_reverse		46	C	851	920747	4392	50	0	18	229	926287	0	11270	38	0	0	0	1	11309
TP1_synth_reverse		47	C	360	922463	3052	51	71	32	243	926272	0	11286	22	0	1	0	0	11309
TP1_synth_reverse		48	G	217	729	3277	920739	68	43	1164	926237	0	1	26	11280	0	0	2	11309
TP1_synth_reverse		49	A	921584	53	3870	94	210	251	167	926229	11275	0	31	0	3	0	0	11309
TP1_synth_reverse		50	T	1023	161	3349	214	0	157	921310	926214	0	2	26	1	0	0	11280	11309
TP1_synth_reverse		51	A	922734	55	2943	125	109	146	159	926271	11284	0	25	1	1	0	0	11311
TP1_synth_reverse		52	C	542	921058	3331	133	579	316	392	926351	0	11278	30	0	4	0	2	11314
TP1_synth_reverse		53	A	921391	36	3425	445	555	362	163	926377	11282	0	29	2	2	0	0	11315
TP1_synth_reverse		54	G	595	243	2362	922498	215	100	352	926365	1	0	23	11287	3	0	1	11315
TP1_synth_reverse		55	A	922714	85	3264	147	0	125	98	926433	11288	0	28	0	0	0	1	11317
TP1_synth_reverse		56	A	924468	16	2256	169	2	108	122	927141	11300	0	19	0	0	0	0	11319
TP1_synth_reverse		57	T	1667	253	2041	238	237	242	922721	927399	0	1	19	0	3	0	11300	11323
TP1_synth_reverse		58	A	924613	14	2063	111	66	314	117	927298	11304	0	18	0	1	0	0	11323
TP1_synth_reverse		59	T	953	67	2049	92	185	454	923507	927307	0	0	21	0	1	0	11302	11324
TP1_synth_reverse		60	C	893	923866	2080	65	21	274	88	927287	0	11303	21	0	0	0	0	11324
TP1_synth_reverse		61	T	1205	115	1463	46	376	253	924071	927529	0	0	12	0	3	0	11312	11327
TP1_synth_reverse		62	G	427	252	1568	924589	89	351	403	927679	2	0	12	11315	1	0	0	11330
TP1_synth_reverse		63	T	1945	68	2949	83	0	176	922272	927493	0	0	28	0	0	0	11304	11332
TP1_synth_reverse		64	T	1920	80	1222	20	63	54	924264	927623	0	0	10	0	1	0	11323	11334
TP1_synth_reverse		65	C	1169	922454	3384	44	205	182	168	927606	0	11303	30	0	1	0	0	11334
TP1_synth_reverse		66	G	596	405	2376	923279	2	66	670	927394	2	0	20	11310	0	0	2	11334
TP1_synth_reverse		67	C	914	924529	1462	49	79	241	269	927543	0	11322	13	0	1	0	1	11337
TP1_synth_reverse		68	A	925753	247	1378	149	1	101	93	927722	11325	1	14	0	0	0	0	11340
TP1_synth_reverse		69	C	381	925852	603	57	208	77	550	927728	0	11327	6	0	1	0	6	11340
TP1_synth_reverse		70	T	1125	136	830	48	131	101	925338	927709	0	0	12	0	1	0	11327	11340
TP1_synth_reverse		71	C	379	923653	3071	23	2	345	231	927704	0	11314	26	0	0	0	0	11340
TP1_synth_reverse		72	C	730	925203	751	56	373	129	456	927698	0	11323	10	0	3	0	4	11340
TP1_synth_reverse		73	G	177	547	1713	924359	199	359	330	927684	0	0	16	11322	1	0	1	11340
TP1_synth_reverse		74	A	923589	41	3221	142	491	134	47	927665	11306	0	32	0	2	0	0	11340
TP1_synth_reverse		75	G	105	421	975	925940	0	71	123	927635	0	0	11	11329	0	0	0	11340
TP1_synth_reverse		76	T	944	97	494	76	202	64	925487	927364	0	0	7	0	1	0	11332	11340
TP1_synth_reverse		77	G	127	389	1218	925291	4	57	259	927345	0	0	13	11327	0	0	0	11340
TP1_synth_reverse		78	C	487	922594	1662	66	331	493	1705	927338	0	11314	13	0	4	0	9	11340
TP1_synth_reverse		79	G	306	588	573	924871	0	141	845	927324	2	0	7	11329	0	0	2	11340
TP1_synth_reverse		80	G	474	357	77	925580	0	177	551	927216	3	0	1	11333	0	0	2	11339
TP1_synth_reverse		81	C	697	924682	1216	98	251	96	160	927200	2	11327	8	0	2	0	0	11339
TP1_synth_reverse		82	A	923066	50	2971	191	0	73	151	926502	11317	0	21	0	0	0	0	11338
TP1_synth_reverse		83	A	925789	67	166	106	0	257	115	926500	11336	0	2	0	0	0	0	11338
TP1_synth_reverse		84	A	925600	87	114	160	218	219	50	926448	11335	1	1	0	1	0	0	11338
TP1_synth_reverse		85	G	124	325	8	924944	604	157	180	926342	0	0	0	11335	3	0	0	11338
TP1_synth_reverse		86	C	509	925412	107	24	15	66	153	926286	0	11336	0	0	0	0	2	11338
TP1_synth_reverse		87	T	1182	103	38	39	27	341	924487	926217	0	0	0	0	0	0	11338	11338
TP1_synth_reverse		88	G	331	529	118	924748	44	144	244	926158	1	0	1	11335	1	0	0	11338
TP1_synth_reverse		89	T	702	112	613	15	0	54	924487	925983	0	0	2	0	0	0	11335	11337
TP1_synth_reverse		90	T	639	169	105	51	1	99	924740	925804	0	0	1	0	0	0	11335	11336
TP1_synth_reverse		91	C	592	924371	0	55	0	332	105	925455	0	11335	0	1	0	0	0	11336
TP1_synth_reverse		92	C	441	923115	0	111	0	408	361	924436	0	11333	0	1	0	0	1	11335
TP1_synth_reverse		93	G	395	405	0	921748	0	173	188	922909	0	0	0	11335	0	0	0	11335
TP1_synth_reverse		94	T	547	260	0	45	0	87	921363	922302	0	1	0	0	0	0	11334	11335
TP1_synth_reverse		95	C	0	921495	0	0	0	209	0	921704	0	11334	0	0	0	0	0	11334
TP1_synth_reverse		96	C	0	920525	0	0	0	104	0	920629	0	11334	0	0	0	0	0	11334
TP1_synth_reverse		97	C	0	918060	0	0	0	189	0	918249	0	11333	0	0	0	0	0	11333
TP1_synth_reverse		98	A	915960	0	0	0	0	0	0	915960	11330	0	0	0	0	0	0	11330
TP1_synth_reverse		99	G	0	0	0	914330	0	0	0	914330	0	0	0	11328	0	0	0	11328
