



























































































































































































































#AmpliconChromStart	Alias	Position	ProbableRef	rawA	rawC	rawD	rawG	rawI	rawN	rawT	rawDepth	consA	consC	consD	consG	consI	consN	consT	consDepth	
TP1_synth_reverse		1	G	0	0	0	610013	0	0	0	610013	0	0	0	6128	0	0	0	6128
TP1_synth_reverse		2	T	0	0	0	0	0	0	612129	612129	0	0	0	0	0	0	6134	6134
TP1_synth_reverse		3	G	0	0	0	615416	0	9	0	615425	0	0	0	6147	0	0	0	6147
TP1_synth_reverse		4	G	0	0	0	615835	0	19	0	615854	0	0	0	6153	0	0	0	6153
TP1_synth_reverse		5	T	0	0	0	0	0	60	616094	616154	0	0	0	0	0	0	6155	6155
TP1_synth_reverse		6	G	95	50	0	616229	0	79	213	616666	0	0	0	6159	0	0	1	6160
TP1_synth_reverse		7	A	616489	10	0	73	0	59	88	616719	6162	0	0	0	0	0	0	6162
TP1_synth_reverse		8	G	82	42	0	616557	1	273	90	617045	0	0	0	6164	0	0	0	6164
TP1_synth_reverse		9	G	107	59	0	616740	3	33	168	617110	0	0	0	6165	0	0	1	6166
TP1_synth_reverse		10	C	157	616628	69	23	103	6	124	617110	0	6163	1	0	2	0	0	6166
TP1_synth_reverse		11	T	154	99	517	7	582	32	615719	617110	0	0	1	0	9	0	6156	6166
TP1_synth_reverse		12	C	179	616347	379	17	1	58	129	617110	0	6161	5	0	0	0	0	6166
TP1_synth_reverse		13	C	257	616526	2	19	0	208	98	617110	0	6166	0	0	0	0	0	6166
TP1_synth_reverse		14	C	193	616726	0	14	0	67	110	617110	0	6166	0	0	0	0	0	6166
TP1_synth_reverse		15	C	158	616561	0	17	253	7	114	617110	0	6165	0	0	1	0	0	6166
TP1_synth_reverse		16	T	331	54	1165	19	0	14	615527	617110	1	0	13	0	0	0	6152	6166
TP1_synth_reverse		17	T	326	82	1	12	0	8	616693	617122	0	0	0	0	0	0	6166	6166
TP1_synth_reverse		18	T	261	78	1193	14	1	12	615583	617142	0	0	4	0	0	0	6162	6166
TP1_synth_reverse		19	C	302	627872	2093	28	29	89	74	630487	0	6171	13	0	1	0	0	6185
TP1_synth_reverse		20	T	424	72	1257	61	0	88	628585	630487	0	0	5	1	0	0	6179	6185
TP1_synth_reverse		21	T	1349	103	1202	69	0	38	627726	630487	0	0	4	0	0	0	6181	6185
TP1_synth_reverse		22	G	112	446	1425	627842	69	18	575	630487	0	0	7	6174	1	0	3	6185
TP1_synth_reverse		23	C	455	627597	1333	76	671	40	632	630804	0	6178	5	0	3	0	2	6188
TP1_synth_reverse		24	G	185	81	797	629405	0	24	312	630804	0	0	7	6181	0	0	0	6188
TP1_synth_reverse		25	G	104	279	496	628140	1525	72	188	630804	0	0	2	6182	4	0	0	6188
TP1_synth_reverse		26	A	628938	13	1205	113	414	9	112	630804	6180	0	4	0	4	0	0	6188
TP1_synth_reverse		27	G	68	147	1275	627867	201	81	1165	630804	0	0	8	6176	1	0	3	6188
TP1_synth_reverse		28	A	628929	89	857	59	785	20	76	630815	6182	0	3	0	4	0	0	6189
TP1_synth_reverse		29	T	426	95	1459	698	4	108	628129	630919	0	0	8	0	0	0	6183	6191
TP1_synth_reverse		30	T	2175	64	486	54	357	61	627722	630919	0	0	3	0	5	0	6183	6191
TP1_synth_reverse		31	C	596	627111	2977	44	0	62	95	630885	0	6175	16	0	0	0	0	6191
TP1_synth_reverse		32	T	809	64	740	98	1	12	629141	630865	0	0	7	0	0	0	6184	6191
TP1_synth_reverse		33	C	617	628670	1921	24	0	28	70	631330	0	6184	9	0	0	0	0	6193
TP1_synth_reverse		34	T	2117	66	2815	1686	1	59	624573	631317	0	0	12	0	0	0	6181	6193
TP1_synth_reverse		35	T	2414	74	1591	252	1	38	626830	631200	0	0	8	0	0	0	6182	6190
TP1_synth_reverse		36	C	435	585342	44403	77	4	76	280	630617	2	5870	316	0	0	0	2	6190
TP1_synth_reverse		37	C	359	626876	2546	374	1	42	204	630402	0	6172	13	0	0	0	1	6186
TP1_synth_reverse		38	T	1443	30	1647	78	9	18	627449	630674	0	0	13	0	0	0	6174	6187
TP1_synth_reverse		39	C	278	628128	2040	114	2	25	82	630669	0	6174	13	0	0	0	0	6187
TP1_synth_reverse		40	T	1255	68	1985	133	0	124	627220	630785	0	0	14	0	0	0	6174	6188
TP1_synth_reverse		41	G	115	1005	1093	625970	1	43	2551	630778	0	0	7	6181	0	0	0	6188
TP1_synth_reverse		42	T	2367	76	772	138	0	46	628086	631485	0	0	5	0	0	0	6186	6191
TP1_synth_reverse		43	G	114	230	642	628465	0	94	2704	632249	0	0	5	6187	0	0	1	6193
TP1_synth_reverse		44	C	429	628052	2031	553	238	11	931	632245	0	6175	10	2	1	0	5	6193
TP1_synth_reverse		45	G	878	130	1696	626066	1	20	3461	632252	2	0	7	6184	0	0	1	6194
TP1_synth_reverse		46	C	783	628934	2277	98	0	30	142	632264	0	6183	10	0	0	0	1	6194
TP1_synth_reverse		47	C	226	628718	2219	45	0	17	199	631424	0	6187	7	0	0	0	0	6194
TP1_synth_reverse		48	G	149	994	2237	625150	0	13	2857	631400	0	0	7	6187	0	0	0	6194
TP1_synth_reverse		49	A	629286	37	1507	33	0	12	144	631019	6228	0	6	0	0	0	0	6234
TP1_synth_reverse		50	T	2712	60	1158	34	574	49	626150	630737	0	0	7	0	3	0	6223	6233
TP1_synth_reverse		51	A	628838	28	1934	59	198	64	128	631249	6223	0	10	0	1	0	0	6234
TP1_synth_reverse		52	C	700	628219	1463	62	611	64	124	631243	1	6223	8	0	2	0	0	6234
TP1_synth_reverse		53	A	630213	20	735	129	4	39	103	631243	6230	0	4	0	0	0	0	6234
TP1_synth_reverse		54	G	295	371	327	628875	135	95	1136	631234	0	1	4	6228	1	0	0	6234
TP1_synth_reverse		55	A	629671	84	1054	69	0	58	81	631017	6225	0	10	0	0	0	0	6235
TP1_synth_reverse		56	A	630874	7	433	64	0	41	125	631544	6231	0	5	0	0	0	0	6236
TP1_synth_reverse		57	T	3547	44	656	153	1	21	627091	631513	0	0	5	0	0	0	6231	6236
TP1_synth_reverse		58	A	630405	20	883	104	0	54	119	631585	6232	0	6	0	0	0	0	6238
TP1_synth_reverse		59	T	1461	53	1265	161	183	64	628377	631564	0	0	9	0	2	0	6227	6238
TP1_synth_reverse		60	C	1877	628852	571	81	42	84	72	631579	0	6233	6	0	0	0	0	6239
TP1_synth_reverse		61	T	1053	65	2345	887	0	108	627077	631535	0	0	16	0	0	0	6223	6239
TP1_synth_reverse		62	G	390	247	1108	628803	122	96	733	631499	0	0	10	6228	1	0	0	6239
TP1_synth_reverse		63	T	4345	64	2375	43	1	21	623962	630811	0	0	18	0	0	0	6227	6245
TP1_synth_reverse		64	T	2034	59	1479	135	2	45	627044	630798	0	0	14	0	0	0	6231	6245
TP1_synth_reverse		65	C	596	627729	2251	21	0	48	146	630791	0	6228	17	0	0	0	0	6245
TP1_synth_reverse		66	G	884	322	1512	627459	0	40	1134	631351	0	0	18	6228	0	0	2	6248
TP1_synth_reverse		67	C	792	628516	1771	16	78	94	82	631349	0	6229	18	0	1	0	0	6248
TP1_synth_reverse		68	A	628656	569	1855	163	0	88	65	631396	6230	0	19	0	0	0	0	6249
TP1_synth_reverse		69	C	100	630129	1327	48	126	48	509	632287	0	6235	13	0	2	0	1	6251
TP1_synth_reverse		70	T	1057	146	1063	568	1	107	629838	632780	2	2	11	0	0	0	6242	6257
TP1_synth_reverse		71	C	250	630307	1964	53	0	63	95	632732	1	6241	15	0	0	0	0	6257
TP1_synth_reverse		72	C	582	629861	1729	61	278	87	128	632726	0	6244	12	0	1	0	0	6257
TP1_synth_reverse		73	G	532	298	3867	626951	869	68	116	632701	0	0	21	6231	5	0	0	6257
TP1_synth_reverse		74	A	630129	208	2222	51	1	61	25	632697	6239	0	18	0	0	0	0	6257
TP1_synth_reverse		75	G	373	202	2183	629792	35	35	59	632679	0	0	18	6239	0	0	0	6257
TP1_synth_reverse		76	T	5078	91	2107	76	156	96	625042	632646	0	0	19	0	0	0	6238	6257
TP1_synth_reverse		77	G	167	282	2034	629336	1	53	747	632620	0	0	13	6243	0	0	1	6257
TP1_synth_reverse		78	C	198	628289	2562	990	169	146	261	632615	0	6236	14	6	1	0	0	6257
TP1_synth_reverse		79	G	561	1116	1932	627799	0	77	1082	632567	0	2	10	6245	0	0	0	6257
TP1_synth_reverse		80	G	242	189	479	630664	113	114	739	632540	2	0	6	6247	1	0	1	6257
TP1_synth_reverse		81	C	155	630739	622	35	645	178	152	632526	1	6247	7	0	2	0	0	6257
TP1_synth_reverse		82	A	617900	14	953	101	0	73	163	619204	6191	0	7	0	0	0	0	6198
TP1_synth_reverse		83	A	618697	23	232	69	1	62	113	619197	6196	0	2	0	0	0	0	6198
TP1_synth_reverse		84	A	618913	27	0	84	0	58	85	619167	6198	0	0	0	0	0	0	6198
TP1_synth_reverse		85	G	117	194	0	617581	198	19	912	619021	0	0	0	6198	0	0	0	6198
TP1_synth_reverse		86	C	218	618388	39	205	0	27	91	618968	0	6198	0	0	0	0	0	6198
TP1_synth_reverse		87	T	1936	45	315	40	144	113	616293	618886	0	0	0	0	1	0	6197	6198
TP1_synth_reverse		88	G	180	265	285	617943	2	41	137	618853	0	0	1	6197	0	0	0	6198
TP1_synth_reverse		89	T	812	78	828	14	0	59	617011	618802	0	0	0	0	0	0	6198	6198
TP1_synth_reverse		90	T	937	71	5	62	0	114	617228	618417	0	0	0	0	0	0	6198	6198
TP1_synth_reverse		91	C	488	617441	0	21	0	26	128	618104	0	6198	0	0	0	0	0	6198
TP1_synth_reverse		92	C	227	616679	0	17	0	79	181	617183	0	6198	0	0	0	0	0	6198
TP1_synth_reverse		93	G	368	172	0	615586	0	32	59	616217	0	0	0	6197	0	0	0	6197
TP1_synth_reverse		94	T	963	67	0	46	0	73	614844	615993	0	0	0	0	0	0	6197	6197
TP1_synth_reverse		95	C	0	615204	0	0	0	67	0	615271	0	6197	0	0	0	0	0	6197
TP1_synth_reverse		96	C	0	614786	0	0	0	9	0	614795	0	6197	0	0	0	0	0	6197
TP1_synth_reverse		97	C	0	613859	0	0	0	6	0	613865	0	6197	0	0	0	0	0	6197
TP1_synth_reverse		98	A	611562	0	0	0	0	0	0	611562	6195	0	0	0	0	0	0	6195
TP1_synth_reverse		99	G	0	0	0	610592	0	0	0	610592	0	0	0	6194	0	0	0	6194
