



























































































































































































































#AmpliconChromStart	Alias	Position	ProbableRef	rawA	rawC	rawD	rawG	rawI	rawN	rawT	rawDepth	consA	consC	consD	consG	consI	consN	consT	consDepth	
TP1_synth_reverse		1	G	0	0	0	610013	0	0	0	610013	0	0	0	9017	0	0	0	9017
TP1_synth_reverse		2	T	0	0	0	0	0	0	612129	612129	0	0	0	0	0	0	9028	9028
TP1_synth_reverse		3	G	0	0	0	615416	0	9	0	615425	0	0	0	9053	0	0	0	9053
TP1_synth_reverse		4	G	0	0	0	615835	0	19	0	615854	0	0	0	9061	0	0	0	9061
TP1_synth_reverse		5	T	0	0	0	0	0	60	616094	616154	0	0	0	0	0	0	9065	9065
TP1_synth_reverse		6	G	95	50	0	616229	0	79	213	616666	0	0	0	9069	0	0	1	9070
TP1_synth_reverse		7	A	616489	10	0	73	0	59	88	616719	9072	0	0	0	0	0	0	9072
TP1_synth_reverse		8	G	82	42	0	616557	1	273	90	617045	0	0	0	9074	0	0	0	9074
TP1_synth_reverse		9	G	107	59	0	616740	3	33	168	617110	0	0	0	9077	0	0	2	9079
TP1_synth_reverse		10	C	157	616628	69	23	103	6	124	617110	0	9075	2	0	2	0	0	9079
TP1_synth_reverse		11	T	154	99	517	7	582	32	615719	617110	0	0	2	0	10	0	9067	9079
TP1_synth_reverse		12	C	179	616347	379	17	1	58	129	617110	0	9074	5	0	0	0	0	9079
TP1_synth_reverse		13	C	257	616526	2	19	0	208	98	617110	0	9079	0	0	0	0	0	9079
TP1_synth_reverse		14	C	193	616726	0	14	0	67	110	617110	0	9079	0	0	0	0	0	9079
TP1_synth_reverse		15	C	158	616561	0	17	253	7	114	617110	0	9077	0	0	1	0	1	9079
TP1_synth_reverse		16	T	331	54	1165	19	0	14	615527	617110	1	0	19	0	0	0	9059	9079
TP1_synth_reverse		17	T	326	82	1	12	0	8	616681	617110	0	0	0	0	0	0	9079	9079
TP1_synth_reverse		18	T	261	78	1193	14	1	12	615571	617130	0	0	5	0	0	0	9075	9080
TP1_synth_reverse		19	C	302	627860	2093	28	29	89	74	630475	0	9082	21	0	1	0	0	9104
TP1_synth_reverse		20	T	424	72	1257	61	0	88	628573	630475	0	0	6	0	0	0	9098	9104
TP1_synth_reverse		21	T	1349	103	1202	69	0	38	627714	630475	0	0	5	0	0	0	9099	9104
TP1_synth_reverse		22	G	112	446	1425	627830	69	18	575	630475	0	0	10	9089	2	0	3	9104
TP1_synth_reverse		23	C	455	627585	1333	76	671	40	632	630792	0	9095	7	0	6	0	2	9110
TP1_synth_reverse		24	G	185	81	797	629393	0	24	312	630792	0	0	14	9095	0	0	1	9110
TP1_synth_reverse		25	G	104	279	496	628128	1525	72	188	630792	0	0	4	9099	7	0	0	9110
TP1_synth_reverse		26	A	628926	13	1205	113	414	9	112	630792	9100	0	6	0	4	0	0	9110
TP1_synth_reverse		27	G	68	147	1275	627855	201	81	1165	630792	0	0	9	9096	1	0	4	9110
TP1_synth_reverse		28	A	628917	89	857	59	785	20	76	630803	9102	0	4	0	5	0	0	9111
TP1_synth_reverse		29	T	426	95	1459	698	4	108	628117	630907	0	0	9	0	0	0	9104	9113
TP1_synth_reverse		30	T	2175	64	486	54	357	61	627710	630907	0	0	4	0	5	0	9104	9113
TP1_synth_reverse		31	C	595	627100	2977	44	0	62	95	630873	1	9093	19	0	0	0	0	9113
TP1_synth_reverse		32	T	809	64	740	98	1	12	629129	630853	0	0	9	0	0	0	9104	9113
TP1_synth_reverse		33	C	617	628658	1921	24	0	28	70	631318	0	9100	13	0	0	0	0	9113
TP1_synth_reverse		34	T	2117	66	2815	1686	1	59	624561	631305	0	0	17	0	0	0	9096	9113
TP1_synth_reverse		35	T	2414	74	1591	252	1	38	626818	631188	0	0	10	0	0	0	9099	9109
TP1_synth_reverse		36	C	434	585332	44402	77	4	76	280	630605	6	8647	453	1	0	0	2	9109
TP1_synth_reverse		37	C	359	626875	2546	374	1	42	204	630401	1	9086	17	0	0	0	1	9105
TP1_synth_reverse		38	T	1443	30	1647	78	9	18	627448	630673	0	0	20	0	1	0	9086	9107
TP1_synth_reverse		39	C	278	628127	2040	114	2	25	82	630668	0	9086	21	0	0	0	0	9107
TP1_synth_reverse		40	T	1255	68	1985	133	0	124	627219	630784	0	0	23	0	0	0	9085	9108
TP1_synth_reverse		41	G	115	1005	1093	625969	1	43	2551	630777	0	0	14	9094	0	0	0	9108
TP1_synth_reverse		42	T	2368	76	772	138	0	46	628084	631484	0	0	9	0	0	0	9110	9119
TP1_synth_reverse		43	G	114	230	642	628464	0	94	2704	632248	0	0	7	9114	0	0	1	9122
TP1_synth_reverse		44	C	428	628052	2031	553	238	11	931	632244	0	9097	15	4	1	0	5	9122
TP1_synth_reverse		45	G	878	130	1696	626065	1	20	3461	632251	2	0	11	9109	0	0	1	9123
TP1_synth_reverse		46	C	783	628933	2277	98	0	30	142	632263	0	9108	15	0	0	0	1	9124
TP1_synth_reverse		47	C	226	628716	2220	45	0	17	199	631423	0	9112	12	0	0	0	0	9124
TP1_synth_reverse		48	G	149	994	2238	625151	0	13	2854	631399	0	0	12	9111	0	0	1	9124
TP1_synth_reverse		49	A	629291	37	1507	33	0	12	144	631024	9166	0	10	0	0	0	0	9176
TP1_synth_reverse		50	T	2713	60	1158	34	574	49	626140	630728	0	0	11	0	6	0	9158	9175
TP1_synth_reverse		51	A	628829	28	1934	59	198	64	128	631240	9161	0	16	0	1	0	0	9178
TP1_synth_reverse		52	C	700	628210	1463	62	611	64	124	631234	1	9164	11	0	2	0	0	9178
TP1_synth_reverse		53	A	630204	20	735	129	4	39	103	631234	9171	0	7	0	0	0	0	9178
TP1_synth_reverse		54	G	296	371	327	628872	135	95	1137	631233	0	1	7	9167	4	0	0	9179
TP1_synth_reverse		55	A	629670	84	1054	69	0	58	81	631016	9166	0	14	0	0	0	0	9180
TP1_synth_reverse		56	A	630873	7	433	64	0	41	125	631543	9172	0	9	0	0	0	0	9181
TP1_synth_reverse		57	T	3546	44	656	153	1	21	627091	631512	0	0	15	0	0	1	9165	9181
TP1_synth_reverse		58	A	630404	20	883	104	0	54	119	631584	9171	0	14	0	0	0	0	9185
TP1_synth_reverse		59	T	1460	53	1265	161	183	64	628377	631563	0	0	17	0	2	0	9166	9185
TP1_synth_reverse		60	C	1880	628848	571	81	42	84	72	631578	1	9176	10	0	1	0	0	9188
TP1_synth_reverse		61	T	1053	65	2345	889	0	108	627074	631534	0	0	30	0	0	0	9157	9187
TP1_synth_reverse		62	G	393	247	1108	628799	122	96	733	631498	0	0	18	9167	1	0	1	9187
TP1_synth_reverse		63	T	4343	64	2375	43	1	21	623963	630810	0	0	29	0	0	0	9163	9192
TP1_synth_reverse		64	T	2034	59	1479	135	2	45	627043	630797	0	1	24	0	0	0	9167	9192
TP1_synth_reverse		65	C	597	627727	2251	21	0	48	146	630790	0	9165	27	0	0	0	0	9192
TP1_synth_reverse		66	G	887	322	1512	627454	0	40	1135	631350	0	0	25	9171	0	0	3	9199
TP1_synth_reverse		67	C	792	628516	1771	15	78	94	82	631348	0	9172	26	0	1	0	0	9199
TP1_synth_reverse		68	A	628655	569	1855	163	0	88	65	631395	9173	0	27	0	0	0	0	9200
TP1_synth_reverse		69	C	100	630128	1327	48	126	48	509	632286	0	9181	19	0	2	0	1	9203
TP1_synth_reverse		70	T	1057	146	1063	569	1	107	629836	632779	2	3	17	0	0	0	9190	9212
TP1_synth_reverse		71	C	250	630307	1964	52	0	63	95	632731	1	9186	25	0	0	0	0	9212
TP1_synth_reverse		72	C	582	629860	1729	61	278	87	128	632725	0	9191	18	1	2	0	0	9212
TP1_synth_reverse		73	G	532	298	3867	626950	869	68	117	632701	0	0	28	9178	6	0	0	9212
TP1_synth_reverse		74	A	630129	208	2222	51	1	61	25	632697	9187	0	25	0	0	0	0	9212
TP1_synth_reverse		75	G	373	202	2183	629792	35	35	59	632679	0	0	26	9186	0	0	0	9212
TP1_synth_reverse		76	T	5077	91	2107	76	156	96	625043	632646	0	0	29	0	0	0	9183	9212
TP1_synth_reverse		77	G	168	282	2034	629336	1	53	746	632620	0	0	21	9190	0	0	1	9212
TP1_synth_reverse		78	C	198	628289	2562	990	169	146	261	632615	0	9183	20	6	1	0	2	9212
TP1_synth_reverse		79	G	561	1114	1932	627800	0	77	1083	632567	1	2	13	9196	0	0	0	9212
TP1_synth_reverse		80	G	243	189	479	630663	113	114	739	632540	3	0	9	9196	1	1	2	9212
TP1_synth_reverse		81	C	154	630741	622	35	645	178	152	632527	1	9194	11	0	6	0	0	9212
TP1_synth_reverse		82	A	617910	14	953	101	0	73	163	619214	9122	0	14	0	0	0	0	9136
TP1_synth_reverse		83	A	618707	23	232	69	1	62	113	619207	9133	0	3	0	0	0	0	9136
TP1_synth_reverse		84	A	618923	27	0	84	0	58	85	619177	9136	0	0	0	0	0	0	9136
TP1_synth_reverse		85	G	117	194	0	617590	198	19	912	619030	0	0	0	9136	0	0	0	9136
TP1_synth_reverse		86	C	218	618397	39	205	0	27	91	618977	0	9135	1	0	0	0	0	9136
TP1_synth_reverse		87	T	1936	45	315	40	144	113	616302	618895	0	0	0	0	2	0	9134	9136
TP1_synth_reverse		88	G	180	265	285	617952	2	41	137	618862	1	0	2	9133	0	0	0	9136
TP1_synth_reverse		89	T	811	78	828	14	0	59	617021	618811	0	0	1	0	0	0	9135	9136
TP1_synth_reverse		90	T	937	71	5	62	0	114	617237	618426	0	0	0	1	0	0	9135	9136
TP1_synth_reverse		91	C	488	617450	0	21	0	26	128	618113	0	9136	0	0	0	0	0	9136
TP1_synth_reverse		92	C	227	616688	0	17	0	79	181	617192	0	9135	0	0	0	0	0	9135
TP1_synth_reverse		93	G	368	172	0	615595	0	32	59	616226	0	0	0	9133	0	0	0	9133
TP1_synth_reverse		94	T	962	67	0	46	0	73	614854	616002	0	0	0	0	0	0	9133	9133
TP1_synth_reverse		95	C	0	615213	0	0	0	67	0	615280	0	9130	0	0	0	0	0	9130
TP1_synth_reverse		96	C	0	614795	0	0	0	9	0	614804	0	9129	0	0	0	0	0	9129
TP1_synth_reverse		97	C	0	613868	0	0	0	6	0	613874	0	9128	0	0	0	0	0	9128
TP1_synth_reverse		98	A	611571	0	0	0	0	0	0	611571	9123	0	0	0	0	0	0	9123
TP1_synth_reverse		99	G	0	0	0	610601	0	0	0	610601	0	0	0	9122	0	0	0	9122
