



























































































































































































































#AmpliconChromStart	Alias	Position	ProbableRef	rawA	rawC	rawD	rawG	rawI	rawN	rawT	rawDepth	consA	consC	consD	consG	consI	consN	consT	consDepth	
TP1_synth_reverse		1	G	0	0	0	610013	0	0	0	610013	0	0	0	40650	0	0	0	40650
TP1_synth_reverse		2	T	0	0	0	0	0	0	612129	612129	0	0	0	0	0	0	41023	41023
TP1_synth_reverse		3	G	0	0	0	615416	0	9	0	615425	0	0	0	41530	0	0	0	41530
TP1_synth_reverse		4	G	0	0	0	615835	0	19	0	615854	0	0	0	41822	0	0	0	41822
TP1_synth_reverse		5	T	0	0	0	0	0	60	616094	616154	0	0	0	0	0	6	42064	42070
TP1_synth_reverse		6	G	95	50	0	616229	0	79	213	616666	7	2	0	42344	0	36	13	42402
TP1_synth_reverse		7	A	616489	10	0	73	0	59	88	616719	42397	1	0	6	0	30	3	42437
TP1_synth_reverse		8	G	82	42	0	616557	1	273	90	617045	5	6	0	42363	0	76	13	42463
TP1_synth_reverse		9	G	107	59	0	616740	3	33	168	617110	6	11	0	42446	2	6	14	42485
TP1_synth_reverse		10	C	157	616639	69	23	103	6	124	617121	37	42440	4	1	5	1	7	42495
TP1_synth_reverse		11	T	154	99	517	7	582	32	615730	617121	43	3	9	1	28	5	42406	42495
TP1_synth_reverse		12	C	179	616358	379	17	1	58	129	617121	30	42416	24	0	0	22	3	42495
TP1_synth_reverse		13	C	257	616537	2	19	0	208	98	617121	39	42401	0	0	0	50	5	42495
TP1_synth_reverse		14	C	193	616737	0	14	0	67	110	617121	27	42445	0	1	0	15	7	42495
TP1_synth_reverse		15	C	158	616572	0	17	253	7	114	617121	21	42456	0	1	8	2	7	42495
TP1_synth_reverse		16	T	331	54	1165	19	0	14	615538	617121	75	5	111	3	0	9	42292	42495
TP1_synth_reverse		17	T	328	82	1	13	0	8	616701	617133	62	2	0	0	0	7	42435	42506
TP1_synth_reverse		18	T	261	78	1193	14	1	12	615594	617153	42	4	38	1	1	3	42432	42521
TP1_synth_reverse		19	C	302	627883	2093	28	29	89	74	630498	103	42452	125	2	2	16	3	42703
TP1_synth_reverse		20	T	424	72	1257	61	0	88	628596	630498	104	4	52	5	0	18	42520	42703
TP1_synth_reverse		21	T	1351	103	1202	69	0	38	627735	630498	466	5	43	10	0	2	42177	42703
TP1_synth_reverse		22	G	112	446	1425	627853	69	18	575	630498	11	218	78	42331	7	1	57	42703
TP1_synth_reverse		23	C	455	627608	1333	76	671	40	632	630815	114	42475	56	9	40	10	29	42733
TP1_synth_reverse		24	G	185	81	797	629416	0	24	312	630815	6	24	59	42589	0	7	48	42733
TP1_synth_reverse		25	G	104	279	496	628151	1525	72	188	630815	12	130	13	42455	71	9	43	42733
TP1_synth_reverse		26	A	628949	13	1205	113	414	9	112	630815	42665	2	34	9	15	4	4	42733
TP1_synth_reverse		27	G	68	147	1275	627877	201	81	1166	630815	7	31	67	42361	8	48	211	42733
TP1_synth_reverse		28	A	628940	89	857	59	785	20	76	630826	42657	4	31	5	24	12	3	42736
TP1_synth_reverse		29	T	427	95	1459	698	4	108	628139	630930	88	8	58	68	2	47	42474	42745
TP1_synth_reverse		30	T	2175	64	486	54	357	61	627733	630930	704	4	21	10	34	14	41958	42745
TP1_synth_reverse		31	C	597	627121	2977	44	0	62	95	630896	195	42374	136	8	0	20	3	42736
TP1_synth_reverse		32	T	809	64	740	98	1	12	629152	630876	145	5	56	5	0	5	42517	42733
TP1_synth_reverse		33	C	617	628681	1921	24	0	28	70	631341	209	42444	96	4	0	17	4	42774
TP1_synth_reverse		34	T	2118	66	2815	1686	1	59	624583	631328	263	4	147	177	0	23	42158	42772
TP1_synth_reverse		35	T	2415	74	1591	252	1	38	626840	631211	765	2	81	28	1	15	41855	42747
TP1_synth_reverse		36	C	435	585353	44403	77	4	76	280	630628	82	40016	2576	7	2	38	15	42736
TP1_synth_reverse		37	C	360	626886	2546	374	1	42	204	630413	71	42350	141	33	1	10	25	42631
TP1_synth_reverse		38	T	1443	30	1647	78	9	18	627460	630685	389	2	123	6	5	10	42121	42656
TP1_synth_reverse		39	C	278	628139	2040	114	2	25	82	630680	54	42447	131	7	1	12	3	42655
TP1_synth_reverse		40	T	1255	68	1985	133	0	124	627231	630796	254	3	128	18	0	57	42205	42665
TP1_synth_reverse		41	G	115	1005	1093	625978	1	43	2554	630789	4	432	88	41747	1	23	365	42660
TP1_synth_reverse		42	T	2367	76	772	138	0	46	628097	631496	744	2	64	23	0	13	41893	42739
TP1_synth_reverse		43	G	114	230	642	628473	0	94	2707	632260	6	66	43	42276	0	9	430	42830
TP1_synth_reverse		44	C	429	628063	2031	553	238	11	931	632256	125	42534	88	31	11	1	39	42829
TP1_synth_reverse		45	G	878	130	1696	626064	1	20	3461	632250	26	32	75	42221	1	3	470	42828
TP1_synth_reverse		46	C	783	628918	2277	98	0	30	142	632248	312	42353	119	27	0	10	7	42828
TP1_synth_reverse		47	C	226	628702	2219	45	0	17	199	631408	54	42618	101	5	0	11	12	42801
TP1_synth_reverse		48	G	149	994	2237	625129	0	13	2862	631384	16	407	102	41894	0	3	371	42793
TP1_synth_reverse		49	A	629270	37	1507	33	0	12	144	631003	44095	2	77	4	0	7	6	44191
TP1_synth_reverse		50	T	2712	60	1158	34	574	49	626134	630721	431	2	74	1	48	18	43607	44181
TP1_synth_reverse		51	A	628822	28	1934	59	198	64	128	631233	44080	3	102	2	3	44	4	44238
TP1_synth_reverse		52	C	699	628204	1463	62	611	64	124	631227	138	43939	72	15	20	45	7	44236
TP1_synth_reverse		53	A	630198	20	735	129	4	39	102	631227	44140	3	52	6	2	27	6	44236
TP1_synth_reverse		54	G	294	371	327	628868	135	95	1136	631226	44	66	36	43876	18	37	161	44238
TP1_synth_reverse		55	A	629663	84	1054	69	0	58	81	631009	44128	14	72	5	0	14	3	44236
TP1_synth_reverse		56	A	630866	7	433	64	0	41	125	631536	44187	2	49	1	0	10	13	44262
TP1_synth_reverse		57	T	3547	44	656	153	1	21	627083	631505	432	1	78	19	0	2	43722	44254
TP1_synth_reverse		58	A	630397	20	883	104	0	54	119	631577	44175	7	63	8	0	3	15	44271
TP1_synth_reverse		59	T	1459	53	1265	161	183	64	628371	631556	226	3	113	33	10	38	43841	44264
TP1_synth_reverse		60	C	1872	628849	571	81	42	84	72	631571	430	43733	61	7	9	27	2	44269
TP1_synth_reverse		61	T	1052	65	2345	886	0	108	627071	631527	167	2	138	88	0	11	43855	44261
TP1_synth_reverse		62	G	387	246	1108	628800	122	96	732	631491	63	53	71	43786	8	36	230	44247
TP1_synth_reverse		63	T	4343	64	2375	43	1	21	623956	630803	1057	0	122	3	0	4	43061	44247
TP1_synth_reverse		64	T	2034	59	1479	135	2	45	627036	630790	331	4	100	21	0	39	43747	44242
TP1_synth_reverse		65	C	596	627721	2251	21	0	48	146	630783	79	44014	118	0	0	24	4	44239
TP1_synth_reverse		66	G	883	323	1512	627451	0	40	1134	631343	136	71	79	43740	0	13	244	44283
TP1_synth_reverse		67	C	791	628509	1771	16	78	94	82	631341	260	43872	79	2	5	62	2	44282
TP1_synth_reverse		68	A	628648	569	1855	163	0	88	65	631388	44085	44	87	11	0	56	4	44287
TP1_synth_reverse		69	C	101	630120	1327	48	126	48	509	632279	12	44227	57	4	5	14	21	44340
TP1_synth_reverse		70	T	1057	146	1063	568	1	107	629830	632772	165	13	51	60	0	39	44079	44407
TP1_synth_reverse		71	C	250	630299	1964	53	0	63	95	632724	50	44222	103	5	0	19	5	44404
TP1_synth_reverse		72	C	582	629853	1729	61	278	87	128	632718	196	44026	71	10	27	64	7	44401
TP1_synth_reverse		73	G	532	298	3867	626943	869	68	116	632693	73	44	160	44053	37	16	11	44394
TP1_synth_reverse		74	A	630121	208	2222	51	1	61	25	632689	44260	11	111	1	0	10	0	44393
TP1_synth_reverse		75	G	371	202	2183	629786	35	35	59	632671	72	38	118	44129	10	12	6	44385
TP1_synth_reverse		76	T	5076	91	2107	76	156	96	625036	632638	1196	7	123	7	3	20	43024	44380
TP1_synth_reverse		77	G	167	282	2034	629326	1	53	749	632612	26	72	94	44036	1	10	130	44369
TP1_synth_reverse		78	C	199	628280	2562	990	169	146	261	632607	25	44090	106	57	2	71	16	44367
TP1_synth_reverse		79	G	561	1115	1932	627794	0	77	1080	632559	22	394	58	43650	0	38	190	44352
TP1_synth_reverse		80	G	242	189	479	630658	113	114	737	632532	25	51	26	44078	9	27	128	44344
TP1_synth_reverse		81	C	154	630732	622	35	645	178	152	632518	30	44168	41	0	50	44	7	44340
TP1_synth_reverse		82	A	617892	14	953	101	0	73	163	619196	42583	2	96	3	0	42	11	42737
TP1_synth_reverse		83	A	618690	23	232	69	1	62	112	619189	42700	0	21	2	0	10	2	42735
TP1_synth_reverse		84	A	618905	27	0	84	0	58	85	619159	42711	2	0	8	0	6	6	42733
TP1_synth_reverse		85	G	117	194	0	617573	198	19	912	619013	15	39	0	42463	4	4	165	42690
TP1_synth_reverse		86	C	218	618380	39	205	0	27	91	618960	29	42628	7	4	0	2	3	42673
TP1_synth_reverse		87	T	1937	45	315	40	144	113	616284	618878	262	1	8	2	21	57	42304	42655
TP1_synth_reverse		88	G	180	265	285	617935	2	41	137	618845	21	30	14	42542	0	21	18	42646
TP1_synth_reverse		89	T	810	78	828	14	0	59	617005	618794	86	3	31	0	0	33	42481	42634
TP1_synth_reverse		90	T	937	71	5	62	0	114	617220	618409	115	1	2	14	0	51	42403	42586
TP1_synth_reverse		91	C	488	617433	0	21	0	26	128	618096	38	42500	0	1	0	12	13	42564
TP1_synth_reverse		92	C	227	616671	0	17	0	79	181	617175	17	42465	0	0	0	49	8	42539
TP1_synth_reverse		93	G	368	172	0	615578	0	32	59	616209	30	33	0	42416	0	14	5	42498
TP1_synth_reverse		94	T	963	67	0	46	0	73	614836	615985	99	3	0	4	0	45	42327	42478
TP1_synth_reverse		95	C	0	615196	0	0	0	67	0	615263	0	42397	0	0	0	38	0	42435
TP1_synth_reverse		96	C	0	614778	0	0	0	9	0	614787	0	42393	0	0	0	5	0	42398
TP1_synth_reverse		97	C	0	613852	0	0	0	6	0	613858	0	42322	0	0	0	2	0	42324
TP1_synth_reverse		98	A	611554	0	0	0	0	0	0	611554	42192	0	0	0	0	0	0	42192
TP1_synth_reverse		99	G	0	0	0	610584	0	0	0	610584	0	0	0	42087	0	0	0	42087
