



























































































































































































































#AmpliconChromStart	Alias	Position	ProbableRef	rawA	rawC	rawD	rawG	rawI	rawN	rawT	rawDepth	consA	consC	consD	consG	consI	consN	consT	consDepth	
TP1_synth_reverse		1	G	0	0	0	610013	0	0	0	610013	0	0	0	7938	0	0	0	7938
TP1_synth_reverse		2	T	0	0	0	0	0	0	612129	612129	0	0	0	0	0	0	7947	7947
TP1_synth_reverse		3	G	0	0	0	615416	0	9	0	615425	0	0	0	7967	0	0	0	7967
TP1_synth_reverse		4	G	0	0	0	615835	0	19	0	615854	0	0	0	7974	0	0	0	7974
TP1_synth_reverse		5	T	0	0	0	0	0	60	616094	616154	0	0	0	0	0	0	7977	7977
TP1_synth_reverse		6	G	95	50	0	616229	0	79	213	616666	0	0	0	7981	0	0	1	7982
TP1_synth_reverse		7	A	616489	10	0	73	0	59	88	616719	7984	0	0	0	0	0	0	7984
TP1_synth_reverse		8	G	82	42	0	616557	1	273	90	617045	0	0	0	7986	0	0	0	7986
TP1_synth_reverse		9	G	107	59	0	616740	3	33	168	617110	0	0	0	7987	0	0	2	7989
TP1_synth_reverse		10	C	157	616639	69	23	103	6	124	617121	0	7986	1	0	2	0	0	7989
TP1_synth_reverse		11	T	154	99	517	7	582	32	615730	617121	0	0	1	0	10	0	7978	7989
TP1_synth_reverse		12	C	179	616358	379	17	1	58	129	617121	0	7984	5	0	0	0	0	7989
TP1_synth_reverse		13	C	257	616537	2	19	0	208	98	617121	0	7989	0	0	0	0	0	7989
TP1_synth_reverse		14	C	193	616737	0	14	0	67	110	617121	0	7989	0	0	0	0	0	7989
TP1_synth_reverse		15	C	158	616572	0	17	253	7	114	617121	0	7988	0	0	1	0	0	7989
TP1_synth_reverse		16	T	331	54	1165	19	0	14	615538	617121	1	0	16	0	0	0	7972	7989
TP1_synth_reverse		17	T	328	82	1	13	0	8	616701	617133	0	0	0	0	0	0	7989	7989
TP1_synth_reverse		18	T	261	78	1193	14	1	12	615594	617153	0	0	5	0	0	0	7985	7990
TP1_synth_reverse		19	C	302	627883	2093	28	29	89	74	630498	0	7993	18	0	1	0	0	8012
TP1_synth_reverse		20	T	424	72	1257	61	0	88	628596	630498	0	0	6	0	0	0	8006	8012
TP1_synth_reverse		21	T	1351	103	1202	69	0	38	627735	630498	0	0	5	0	0	0	8007	8012
TP1_synth_reverse		22	G	112	446	1425	627853	69	18	575	630498	0	0	9	7999	1	0	3	8012
TP1_synth_reverse		23	C	455	627608	1333	76	671	40	632	630815	0	8004	6	0	5	0	2	8017
TP1_synth_reverse		24	G	185	81	797	629416	0	24	312	630815	0	0	10	8006	0	0	1	8017
TP1_synth_reverse		25	G	104	279	496	628151	1525	72	188	630815	0	0	3	8009	5	0	0	8017
TP1_synth_reverse		26	A	628949	13	1205	113	414	9	112	630815	8007	0	6	0	4	0	0	8017
TP1_synth_reverse		27	G	68	147	1275	627877	201	81	1166	630815	0	0	9	8003	1	0	4	8017
TP1_synth_reverse		28	A	628929	89	857	59	785	20	76	630815	8009	0	4	0	4	0	0	8017
TP1_synth_reverse		29	T	427	95	1459	698	4	108	628128	630919	0	0	9	0	0	0	8010	8019
TP1_synth_reverse		30	T	2175	64	486	54	357	61	627722	630919	0	0	4	0	5	0	8010	8019
TP1_synth_reverse		31	C	597	627110	2977	44	0	62	95	630885	0	8000	19	0	0	0	0	8019
TP1_synth_reverse		32	T	809	64	740	98	1	12	629141	630865	0	0	9	0	0	0	8010	8019
TP1_synth_reverse		33	C	616	628671	1921	24	0	28	70	631330	0	8006	13	0	0	0	0	8019
TP1_synth_reverse		34	T	2117	66	2815	1686	1	59	624573	631317	0	0	16	0	0	0	8003	8019
TP1_synth_reverse		35	T	2415	74	1591	252	1	38	626829	631200	0	0	10	0	0	0	8006	8016
TP1_synth_reverse		36	C	434	585343	44403	77	4	76	280	630617	5	7617	391	1	0	0	2	8016
TP1_synth_reverse		37	C	360	626886	2546	374	1	42	204	630413	1	7995	16	0	0	0	1	8013
TP1_synth_reverse		38	T	1442	30	1647	78	9	18	627461	630685	0	0	19	0	1	0	7994	8014
TP1_synth_reverse		39	C	278	628139	2040	114	2	25	82	630680	0	7995	19	0	0	0	0	8014
TP1_synth_reverse		40	T	1255	68	1985	133	0	124	627231	630796	0	0	20	0	0	0	7995	8015
TP1_synth_reverse		41	G	115	1005	1093	625982	1	43	2550	630789	0	0	12	8003	0	0	0	8015
TP1_synth_reverse		42	T	2368	76	772	138	0	46	628096	631496	0	0	7	0	0	0	8017	8024
TP1_synth_reverse		43	G	114	230	642	628472	0	94	2708	632260	0	0	6	8020	0	0	1	8027
TP1_synth_reverse		44	C	429	628063	2031	553	238	11	931	632256	0	8004	13	4	1	0	5	8027
TP1_synth_reverse		45	G	878	130	1696	626066	1	20	3459	632250	2	0	8	8016	0	0	1	8027
TP1_synth_reverse		46	C	783	628932	2277	98	0	30	142	632262	0	8012	14	0	0	0	1	8027
TP1_synth_reverse		47	C	225	628716	2220	45	0	17	199	631422	0	8018	9	0	0	0	0	8027
TP1_synth_reverse		48	G	149	994	2238	625148	0	13	2856	631398	0	0	9	8018	0	0	0	8027
TP1_synth_reverse		49	A	629284	37	1507	33	0	12	144	631017	8067	0	8	0	0	0	0	8075
TP1_synth_reverse		50	T	2712	60	1158	34	574	49	626134	630721	0	0	9	0	5	0	8060	8074
TP1_synth_reverse		51	A	628822	28	1934	59	198	64	128	631233	8062	0	12	0	1	0	0	8075
TP1_synth_reverse		52	C	696	628207	1463	62	611	64	124	631227	1	8063	9	0	2	0	0	8075
TP1_synth_reverse		53	A	630197	20	735	129	4	39	103	631227	8070	0	5	0	0	0	0	8075
TP1_synth_reverse		54	G	293	369	327	628872	135	95	1135	631226	0	0	5	8068	3	0	0	8076
TP1_synth_reverse		55	A	629663	84	1054	69	0	58	81	631009	8066	0	11	0	0	0	0	8077
TP1_synth_reverse		56	A	630866	7	433	64	0	41	125	631536	8071	0	7	0	0	0	0	8078
TP1_synth_reverse		57	T	3545	44	656	153	1	21	627085	631505	0	0	11	0	0	1	8066	8078
TP1_synth_reverse		58	A	630397	20	883	104	0	54	119	631577	8071	0	10	0	0	0	0	8081
TP1_synth_reverse		59	T	1459	53	1265	161	183	64	628371	631556	0	0	13	0	2	0	8066	8081
TP1_synth_reverse		60	C	1873	628848	571	81	42	84	72	631571	0	8074	8	0	1	0	0	8083
TP1_synth_reverse		61	T	1053	65	2345	889	0	108	627067	631527	0	0	23	0	0	0	8060	8083
TP1_synth_reverse		62	G	391	246	1108	628795	122	96	733	631491	0	0	13	8069	1	0	0	8083
TP1_synth_reverse		63	T	4341	64	2375	43	1	21	623958	630803	0	0	23	0	0	0	8065	8088
TP1_synth_reverse		64	T	2034	59	1479	135	2	45	627036	630790	0	0	19	0	0	0	8069	8088
TP1_synth_reverse		65	C	596	627721	2251	21	0	48	146	630783	0	8065	23	0	0	0	0	8088
TP1_synth_reverse		66	G	887	323	1512	627446	0	40	1135	631343	0	0	22	8068	0	0	3	8093
TP1_synth_reverse		67	C	792	628509	1771	15	78	94	82	631341	0	8069	23	0	1	0	0	8093
TP1_synth_reverse		68	A	628648	569	1855	163	0	88	65	631388	8071	0	23	0	0	0	0	8094
TP1_synth_reverse		69	C	101	630120	1327	48	126	48	509	632279	0	8078	16	0	2	0	1	8097
TP1_synth_reverse		70	T	1057	146	1063	569	1	107	629829	632772	2	3	14	0	0	0	8086	8105
TP1_synth_reverse		71	C	250	630299	1964	53	0	63	95	632724	1	8084	20	0	0	0	0	8105
TP1_synth_reverse		72	C	582	629853	1729	61	278	87	128	632718	0	8087	15	1	2	0	0	8105
TP1_synth_reverse		73	G	532	298	3867	626942	869	68	117	632693	0	0	25	8075	5	0	0	8105
TP1_synth_reverse		74	A	630121	208	2222	51	1	61	25	632689	8083	0	22	0	0	0	0	8105
TP1_synth_reverse		75	G	371	202	2183	629787	35	35	58	632671	0	0	22	8083	0	0	0	8105
TP1_synth_reverse		76	T	5077	91	2107	76	156	96	625035	632638	0	0	25	0	0	0	8080	8105
TP1_synth_reverse		77	G	169	282	2034	629323	1	53	750	632612	0	0	17	8087	0	0	1	8105
TP1_synth_reverse		78	C	200	628280	2562	990	169	146	260	632607	0	8080	17	6	1	0	1	8105
TP1_synth_reverse		79	G	561	1114	1932	627790	0	77	1085	632559	0	2	12	8091	0	0	0	8105
TP1_synth_reverse		80	G	243	189	479	630654	113	114	740	632532	3	0	8	8091	1	1	1	8105
TP1_synth_reverse		81	C	155	630732	622	35	645	178	152	632519	1	8093	9	0	2	0	0	8105
TP1_synth_reverse		82	A	617902	14	953	101	0	73	163	619206	8022	0	13	0	0	0	0	8035
TP1_synth_reverse		83	A	618700	23	232	69	1	62	113	619200	8032	0	3	0	0	0	0	8035
TP1_synth_reverse		84	A	618916	27	0	84	0	58	85	619170	8035	0	0	0	0	0	0	8035
TP1_synth_reverse		85	G	117	194	0	617583	198	19	912	619023	0	0	0	8035	0	0	0	8035
TP1_synth_reverse		86	C	218	618390	39	205	0	27	91	618970	0	8034	1	0	0	0	0	8035
TP1_synth_reverse		87	T	1937	45	315	40	144	113	616294	618888	0	0	0	0	1	0	8034	8035
TP1_synth_reverse		88	G	180	265	285	617945	2	41	137	618855	1	0	1	8033	0	0	0	8035
TP1_synth_reverse		89	T	812	78	828	14	0	59	617013	618804	0	0	1	0	0	0	8034	8035
TP1_synth_reverse		90	T	937	71	5	62	0	114	617230	618419	0	0	0	1	0	0	8034	8035
TP1_synth_reverse		91	C	488	617444	0	21	0	26	128	618107	0	8035	0	0	0	0	0	8035
TP1_synth_reverse		92	C	227	616682	0	17	0	79	181	617186	0	8035	0	0	0	0	0	8035
TP1_synth_reverse		93	G	368	172	0	615589	0	32	59	616220	0	0	0	8034	0	0	0	8034
TP1_synth_reverse		94	T	963	67	0	46	0	73	614847	615996	0	0	0	0	0	0	8034	8034
TP1_synth_reverse		95	C	0	615207	0	0	0	67	0	615274	0	8032	0	0	0	0	0	8032
TP1_synth_reverse		96	C	0	614788	0	0	0	9	0	614797	0	8032	0	0	0	0	0	8032
TP1_synth_reverse		97	C	0	613861	0	0	0	6	0	613867	0	8031	0	0	0	0	0	8031
TP1_synth_reverse		98	A	611563	0	0	0	0	0	0	611563	8027	0	0	0	0	0	0	8027
TP1_synth_reverse		99	G	0	0	0	610593	0	0	0	610593	0	0	0	8026	0	0	0	8026
