



























































































































































































































#AmpliconChromStart	Alias	Position	ProbableRef	rawA	rawC	rawD	rawG	rawI	rawN	rawT	rawDepth	consA	consC	consD	consG	consI	consN	consT	consDepth	
TP1_synth_reverse		1	G	0	0	0	610013	0	0	0	610013	0	0	0	3072	0	0	0	3072
TP1_synth_reverse		2	T	0	0	0	0	0	0	612129	612129	0	0	0	0	0	0	3077	3077
TP1_synth_reverse		3	G	0	0	0	615416	0	9	0	615425	0	0	0	3087	0	0	0	3087
TP1_synth_reverse		4	G	0	0	0	615835	0	19	0	615854	0	0	0	3088	0	0	0	3088
TP1_synth_reverse		5	T	0	0	0	0	0	60	616094	616154	0	0	0	0	0	0	3088	3088
TP1_synth_reverse		6	G	95	50	0	616229	0	79	213	616666	0	0	0	3090	0	0	1	3091
TP1_synth_reverse		7	A	616489	10	0	73	0	59	88	616719	3091	0	0	0	0	0	0	3091
TP1_synth_reverse		8	G	82	42	0	616557	1	273	90	617045	0	0	0	3092	0	0	0	3092
TP1_synth_reverse		9	G	107	59	0	616740	3	33	168	617110	0	0	0	3091	0	0	1	3092
TP1_synth_reverse		10	C	157	616639	69	23	103	6	124	617121	0	3090	1	0	1	0	0	3092
TP1_synth_reverse		11	T	154	99	517	7	582	32	615730	617121	0	0	1	0	5	0	3086	3092
TP1_synth_reverse		12	C	179	616358	379	17	1	58	129	617121	0	3088	4	0	0	0	0	3092
TP1_synth_reverse		13	C	257	616537	2	19	0	208	98	617121	0	3092	0	0	0	0	0	3092
TP1_synth_reverse		14	C	193	616737	0	14	0	67	110	617121	0	3092	0	0	0	0	0	3092
TP1_synth_reverse		15	C	158	616572	0	17	253	7	114	617121	0	3091	0	0	1	0	0	3092
TP1_synth_reverse		16	T	331	54	1165	19	0	14	615538	617121	0	0	7	0	0	0	3085	3092
TP1_synth_reverse		17	T	328	82	1	13	0	8	616689	617121	0	0	0	0	0	0	3092	3092
TP1_synth_reverse		18	T	261	78	1193	14	1	12	615582	617141	0	0	4	0	0	0	3088	3092
TP1_synth_reverse		19	C	302	627871	2093	28	29	89	74	630486	0	3085	9	0	0	0	0	3094
TP1_synth_reverse		20	T	424	72	1257	61	0	88	628584	630486	0	0	4	0	0	0	3090	3094
TP1_synth_reverse		21	T	1351	103	1202	69	0	38	627723	630486	0	0	4	0	0	0	3090	3094
TP1_synth_reverse		22	G	112	446	1425	627841	69	18	575	630486	0	0	5	3087	1	0	1	3094
TP1_synth_reverse		23	C	455	627596	1333	76	671	40	632	630803	0	3086	5	0	3	0	1	3095
TP1_synth_reverse		24	G	185	81	797	629404	0	24	312	630803	0	0	4	3091	0	0	0	3095
TP1_synth_reverse		25	G	104	279	496	628139	1525	72	188	630803	0	0	2	3089	4	0	0	3095
TP1_synth_reverse		26	A	628937	13	1205	113	414	9	112	630803	3089	0	3	0	3	0	0	3095
TP1_synth_reverse		27	G	68	147	1275	627865	201	81	1166	630803	0	0	4	3087	1	0	3	3095
TP1_synth_reverse		28	A	628928	89	857	59	785	20	76	630814	3090	0	2	0	3	0	0	3095
TP1_synth_reverse		29	T	427	95	1459	698	4	108	628127	630918	0	0	6	0	0	0	3091	3097
TP1_synth_reverse		30	T	2175	64	486	54	357	61	627721	630918	0	0	1	0	3	0	3093	3097
TP1_synth_reverse		31	C	596	627110	2977	44	0	62	95	630884	0	3083	14	0	0	0	0	3097
TP1_synth_reverse		32	T	809	64	740	98	1	12	629140	630864	0	0	3	0	0	0	3094	3097
TP1_synth_reverse		33	C	617	628669	1921	24	0	28	70	631329	0	3092	6	0	0	0	0	3098
TP1_synth_reverse		34	T	2118	66	2815	1686	1	59	624571	631316	0	0	8	0	0	0	3090	3098
TP1_synth_reverse		35	T	2415	74	1591	252	1	38	626828	631199	0	0	5	0	0	0	3092	3097
TP1_synth_reverse		36	C	434	585343	44402	77	4	76	280	630616	0	2897	199	0	0	0	1	3097
TP1_synth_reverse		37	C	360	626885	2546	374	1	42	204	630412	0	3087	9	0	0	0	1	3097
TP1_synth_reverse		38	T	1443	30	1647	78	9	18	627459	630684	0	0	9	0	0	0	3089	3098
TP1_synth_reverse		39	C	278	628138	2040	114	2	25	82	630679	0	3088	10	0	0	0	0	3098
TP1_synth_reverse		40	T	1255	68	1985	133	0	124	627230	630795	0	0	11	0	0	0	3088	3099
TP1_synth_reverse		41	G	115	1005	1093	625977	1	43	2554	630788	0	0	5	3094	0	0	0	3099
TP1_synth_reverse		42	T	2368	76	772	138	0	46	628095	631495	0	0	3	0	0	0	3098	3101
TP1_synth_reverse		43	G	114	230	642	628472	0	94	2707	632259	0	0	3	3100	0	0	0	3103
TP1_synth_reverse		44	C	428	628063	2031	553	238	11	931	632255	0	3091	7	2	1	0	2	3103
TP1_synth_reverse		45	G	878	130	1696	626063	1	20	3461	632249	2	0	6	3094	0	0	1	3103
TP1_synth_reverse		46	C	783	628931	2277	98	0	30	142	632261	0	3095	8	0	0	0	0	3103
TP1_synth_reverse		47	C	226	628714	2220	45	0	17	199	631421	0	3097	6	0	0	0	0	3103
TP1_synth_reverse		48	G	149	994	2238	625144	0	13	2859	631397	0	0	6	3097	0	0	0	3103
TP1_synth_reverse		49	A	629289	37	1507	33	0	12	144	631022	3128	0	5	0	0	0	0	3133
TP1_synth_reverse		50	T	2713	60	1158	34	574	49	626152	630740	0	0	5	0	2	0	3126	3133
TP1_synth_reverse		51	A	628841	28	1934	59	198	64	128	631252	3125	0	8	0	1	0	0	3134
TP1_synth_reverse		52	C	700	628222	1463	62	611	64	124	631246	1	3123	8	0	2	0	0	3134
TP1_synth_reverse		53	A	630216	20	735	129	4	39	103	631246	3130	0	4	0	0	0	0	3134
TP1_synth_reverse		54	G	297	371	327	628883	135	95	1137	631245	0	0	4	3129	1	0	0	3134
TP1_synth_reverse		55	A	629682	84	1054	69	0	58	81	631028	3127	0	8	0	0	0	0	3135
TP1_synth_reverse		56	A	630885	7	433	64	0	41	125	631555	3132	0	4	0	0	0	0	3136
TP1_synth_reverse		57	T	3547	44	656	153	1	21	627102	631524	0	0	4	0	0	0	3132	3136
TP1_synth_reverse		58	A	630416	20	883	104	0	54	119	631596	3131	0	6	0	0	0	0	3137
TP1_synth_reverse		59	T	1458	53	1265	161	183	64	628391	631575	0	0	6	0	1	0	3130	3137
TP1_synth_reverse		60	C	1879	628861	571	81	42	84	72	631590	0	3134	3	0	0	0	0	3137
TP1_synth_reverse		61	T	1053	65	2345	889	0	108	627068	631528	0	0	9	0	0	0	3128	3137
TP1_synth_reverse		62	G	392	247	1108	628794	122	96	733	631492	0	0	7	3129	1	0	0	3137
TP1_synth_reverse		63	T	4344	64	2375	43	1	21	623956	630804	0	0	13	0	0	0	3126	3139
TP1_synth_reverse		64	T	2034	59	1479	135	2	45	627037	630791	0	0	9	0	0	0	3130	3139
TP1_synth_reverse		65	C	597	627721	2251	21	0	48	146	630784	0	3128	11	0	0	0	0	3139
TP1_synth_reverse		66	G	886	323	1512	627448	0	40	1135	631344	0	0	9	3130	0	0	2	3141
TP1_synth_reverse		67	C	792	628509	1771	16	78	94	82	631342	0	3131	9	0	1	0	0	3141
TP1_synth_reverse		68	A	628650	568	1855	163	0	88	65	631389	3132	0	10	0	0	0	0	3142
TP1_synth_reverse		69	C	101	630121	1327	48	126	48	509	632280	0	3133	8	0	1	0	1	3143
TP1_synth_reverse		70	T	1057	146	1063	569	1	107	629830	632773	0	0	6	0	0	0	3140	3146
TP1_synth_reverse		71	C	249	630302	1964	52	0	63	95	632725	1	3138	7	0	0	0	0	3146
TP1_synth_reverse		72	C	582	629854	1729	61	278	87	128	632719	0	3138	7	0	1	0	0	3146
TP1_synth_reverse		73	G	532	298	3867	626944	869	68	117	632695	0	0	13	3129	4	0	0	3146
TP1_synth_reverse		74	A	630123	208	2222	51	1	61	25	632691	3136	0	10	0	0	0	0	3146
TP1_synth_reverse		75	G	371	202	2183	629788	35	35	59	632673	0	0	11	3135	0	0	0	3146
TP1_synth_reverse		76	T	5079	91	2107	76	156	96	625035	632640	0	0	12	0	0	0	3134	3146
TP1_synth_reverse		77	G	169	282	2034	629327	1	53	748	632614	0	0	7	3139	0	0	0	3146
TP1_synth_reverse		78	C	200	628281	2562	990	169	146	261	632609	0	3133	9	3	1	0	0	3146
TP1_synth_reverse		79	G	561	1116	1932	627792	0	77	1083	632561	0	1	6	3139	0	0	0	3146
TP1_synth_reverse		80	G	243	189	479	630657	113	114	739	632534	0	0	4	3140	1	0	1	3146
TP1_synth_reverse		81	C	154	630734	622	35	645	178	152	632520	0	3143	3	0	0	0	0	3146
TP1_synth_reverse		82	A	617895	14	953	101	0	73	162	619198	3110	0	4	0	0	0	0	3114
TP1_synth_reverse		83	A	618691	23	232	69	1	62	113	619191	3112	0	2	0	0	0	0	3114
TP1_synth_reverse		84	A	618907	27	0	84	0	58	85	619161	3114	0	0	0	0	0	0	3114
TP1_synth_reverse		85	G	117	194	0	617574	198	19	912	619014	0	0	0	3114	0	0	0	3114
TP1_synth_reverse		86	C	218	618381	39	205	0	27	91	618961	0	3114	0	0	0	0	0	3114
TP1_synth_reverse		87	T	1937	45	315	40	144	113	616285	618879	0	0	0	0	1	0	3113	3114
TP1_synth_reverse		88	G	180	265	285	617936	2	41	137	618846	0	0	1	3113	0	0	0	3114
TP1_synth_reverse		89	T	811	78	828	14	0	59	617005	618795	0	0	0	0	0	0	3114	3114
TP1_synth_reverse		90	T	937	71	5	62	0	114	617221	618410	0	0	0	0	0	0	3114	3114
TP1_synth_reverse		91	C	488	617434	0	21	0	26	128	618097	0	3114	0	0	0	0	0	3114
TP1_synth_reverse		92	C	227	616672	0	17	0	79	181	617176	0	3114	0	0	0	0	0	3114
TP1_synth_reverse		93	G	368	172	0	615579	0	32	59	616210	0	0	0	3114	0	0	0	3114
TP1_synth_reverse		94	T	962	67	0	46	0	73	614838	615986	0	0	0	0	0	0	3114	3114
TP1_synth_reverse		95	C	0	615197	0	0	0	67	0	615264	0	3114	0	0	0	0	0	3114
TP1_synth_reverse		96	C	0	614779	0	0	0	9	0	614788	0	3114	0	0	0	0	0	3114
TP1_synth_reverse		97	C	0	613852	0	0	0	6	0	613858	0	3114	0	0	0	0	0	3114
TP1_synth_reverse		98	A	611555	0	0	0	0	0	0	611555	3114	0	0	0	0	0	0	3114
TP1_synth_reverse		99	G	0	0	0	610585	0	0	0	610585	0	0	0	3113	0	0	0	3113
