



























































































































































































































#AmpliconChromStart	Alias	Position	ProbableRef	rawA	rawC	rawD	rawG	rawI	rawN	rawT	rawDepth	consA	consC	consD	consG	consI	consN	consT	consDepth	
TP1_synth_reverse		1	G	0	0	0	606638	0	0	0	606638	0	0	0	3972	0	0	0	3972
TP1_synth_reverse		2	T	0	0	0	0	0	0	607414	607414	0	0	0	0	0	0	3976	3976
TP1_synth_reverse		3	G	0	0	0	610177	0	100	0	610277	0	0	0	3989	0	0	0	3989
TP1_synth_reverse		4	G	0	0	0	611063	0	60	0	611123	0	0	0	3994	0	0	0	3994
TP1_synth_reverse		5	T	0	0	0	0	0	176	611291	611467	0	0	0	0	0	0	3995	3995
TP1_synth_reverse		6	G	120	64	0	612446	0	31	175	612836	0	0	0	3999	0	0	1	4000
TP1_synth_reverse		7	A	613102	20	0	72	0	9	86	613289	4002	0	0	0	0	0	0	4002
TP1_synth_reverse		8	G	105	65	0	613485	0	82	122	613859	0	0	0	4004	0	0	1	4005
TP1_synth_reverse		9	G	101	98	0	613937	0	11	133	614280	0	0	0	4007	0	0	0	4007
TP1_synth_reverse		10	C	220	613818	116	16	2	27	118	614317	0	4006	1	0	0	0	0	4007
TP1_synth_reverse		11	T	301	126	375	32	227	36	613241	614338	0	0	0	0	2	0	4005	4007
TP1_synth_reverse		12	C	280	611905	1542	17	0	69	537	614350	0	4000	6	0	0	0	1	4007
TP1_synth_reverse		13	C	350	613744	26	22	1	94	113	614350	0	4007	0	0	0	0	0	4007
TP1_synth_reverse		14	C	256	613939	0	27	0	51	102	614375	0	4007	0	0	0	0	0	4007
TP1_synth_reverse		15	C	237	613350	10	51	12	45	670	614375	0	4006	0	0	0	0	1	4007
TP1_synth_reverse		16	T	516	48	1921	32	0	28	611830	614375	0	0	10	0	0	0	3997	4007
TP1_synth_reverse		17	T	589	406	1	31	0	134	613214	614375	0	1	0	0	0	0	4006	4007
TP1_synth_reverse		18	T	427	88	107	20	219	108	613406	614375	0	0	0	0	3	0	4004	4007
TP1_synth_reverse		19	C	490	613617	1468	38	39	86	119	615857	0	3999	7	0	1	0	1	4008
TP1_synth_reverse		20	T	585	71	723	42	1	46	614389	615857	0	0	5	0	0	0	4003	4008
TP1_synth_reverse		21	T	1869	109	909	81	1463	154	611286	615871	0	0	3	0	10	0	3995	4008
TP1_synth_reverse		22	G	301	619	1333	613110	144	100	264	615871	1	0	5	4001	1	0	0	4008
TP1_synth_reverse		23	C	733	613323	164	60	876	75	656	615887	0	3996	3	0	6	0	3	4008
TP1_synth_reverse		24	G	674	159	824	613809	0	60	361	615887	1	0	5	4002	0	0	0	4008
TP1_synth_reverse		25	G	298	432	115	614840	3	52	221	615961	1	0	2	4006	0	0	0	4009
TP1_synth_reverse		26	A	614303	17	408	105	929	101	113	615976	3997	0	5	0	7	0	0	4009
TP1_synth_reverse		27	G	74	165	436	614122	0	62	1117	615976	0	0	4	4003	0	0	2	4009
TP1_synth_reverse		28	A	615583	93	110	80	4	43	77	615990	4007	0	2	0	0	0	0	4009
TP1_synth_reverse		29	T	710	67	2283	52	0	6	612872	615990	0	0	7	0	0	0	4002	4009
TP1_synth_reverse		30	T	2538	170	516	11	0	48	612707	615990	0	1	1	0	0	0	4007	4009
TP1_synth_reverse		31	C	766	615023	18	36	1	19	122	615985	0	4009	0	0	0	0	0	4009
TP1_synth_reverse		32	T	925	84	202	60	222	44	614443	615980	0	0	1	0	1	0	4007	4009
TP1_synth_reverse		33	C	769	614941	127	33	1	16	108	615995	0	4008	1	0	0	0	0	4009
TP1_synth_reverse		34	T	1205	105	1253	49	0	13	613367	615992	0	0	6	0	0	0	4003	4009
TP1_synth_reverse		35	T	2839	912	409	72	406	40	611300	615978	0	5	1	0	1	0	4002	4009
TP1_synth_reverse		36	C	613	614636	526	25	0	39	138	615977	0	4007	2	0	0	0	0	4009
TP1_synth_reverse		37	C	644	613931	1146	64	5	47	136	615973	0	4005	4	0	0	0	0	4009
TP1_synth_reverse		38	T	1436	61	1150	33	0	76	613166	615922	0	0	4	0	0	0	4005	4009
TP1_synth_reverse		39	C	405	614752	425	46	163	33	97	615921	0	4007	1	0	1	0	0	4009
TP1_synth_reverse		40	T	1553	247	1565	24	254	17	612254	615914	0	2	4	0	4	0	3999	4009
TP1_synth_reverse		41	G	182	1333	1488	611044	2	18	1845	615912	1	0	4	4003	0	0	1	4009
TP1_synth_reverse		42	T	2524	100	846	36	697	92	611610	615905	0	0	3	0	2	0	4004	4009
TP1_synth_reverse		43	G	121	1285	1268	612259	28	66	881	615908	0	0	6	4003	0	0	0	4009
TP1_synth_reverse		44	C	803	613512	630	207	177	94	499	615922	0	3999	4	1	3	0	2	4009
TP1_synth_reverse		45	G	175	370	862	611429	242	47	2802	615927	0	0	5	4002	2	0	0	4009
TP1_synth_reverse		46	C	1273	614062	456	43	0	24	92	615950	0	4005	4	0	0	0	0	4009
TP1_synth_reverse		47	C	424	614750	455	33	0	4	284	615950	0	4004	4	0	0	0	1	4009
TP1_synth_reverse		48	G	172	1246	476	611392	92	11	2556	615945	0	0	4	4003	1	0	1	4009
TP1_synth_reverse		49	A	615000	229	495	51	0	37	123	615935	4003	1	5	0	0	0	0	4009
TP1_synth_reverse		50	T	2454	67	497	31	1	26	612853	615929	0	0	4	0	0	0	4005	4009
TP1_synth_reverse		51	A	615010	57	653	88	0	62	97	615967	4003	0	6	0	0	0	0	4009
TP1_synth_reverse		52	C	597	614834	318	36	1	31	145	615962	0	4006	3	0	0	0	0	4009
TP1_synth_reverse		53	A	615221	22	337	116	155	43	93	615987	4005	0	3	0	1	0	0	4009
TP1_synth_reverse		54	G	202	376	1323	613576	1	15	491	615984	0	0	6	4003	0	0	0	4009
TP1_synth_reverse		55	A	615372	171	352	105	0	43	71	616114	4008	0	2	0	0	0	0	4010
TP1_synth_reverse		56	A	615592	56	210	82	0	42	130	616112	4008	1	1	0	0	0	0	4010
TP1_synth_reverse		57	T	3265	49	820	178	0	37	611741	616090	0	0	2	0	0	0	4008	4010
TP1_synth_reverse		58	A	615349	14	525	56	0	50	179	616173	4010	0	1	0	0	0	0	4011
TP1_synth_reverse		59	T	2086	48	390	91	0	12	613538	616165	0	0	0	0	0	0	4011	4011
TP1_synth_reverse		60	C	1520	613839	497	66	12	37	196	616167	0	4009	1	0	0	0	1	4011
TP1_synth_reverse		61	T	1653	140	367	266	267	15	613215	615923	0	1	3	0	1	0	4007	4012
TP1_synth_reverse		62	G	891	294	257	613669	1	93	733	615938	1	0	1	4011	0	0	0	4013
TP1_synth_reverse		63	T	4224	108	55	35	0	25	611483	615930	0	0	0	0	0	0	4013	4013
TP1_synth_reverse		64	T	2389	57	52	83	53	74	613219	615927	0	0	0	0	1	0	4012	4013
TP1_synth_reverse		65	C	623	614912	76	40	24	78	172	615925	0	4013	0	0	0	0	0	4013
TP1_synth_reverse		66	G	506	367	31	614230	0	36	748	615918	0	0	0	4013	0	0	0	4013
TP1_synth_reverse		67	C	979	614558	155	26	0	124	119	615961	0	4013	1	0	0	0	0	4014
TP1_synth_reverse		68	A	615218	376	45	113	0	113	95	615960	4014	0	0	0	0	0	0	4014
TP1_synth_reverse		69	C	205	614003	476	31	0	55	1186	615956	0	4008	2	0	0	0	4	4014
TP1_synth_reverse		70	T	1242	107	62	183	0	32	614319	615945	0	0	0	0	0	0	4014	4014
TP1_synth_reverse		71	C	346	615020	436	30	0	18	92	615942	0	4014	0	0	0	0	0	4014
TP1_synth_reverse		72	C	1039	614042	70	64	0	56	665	615936	0	4012	0	0	0	0	2	4014
TP1_synth_reverse		73	G	514	318	293	614222	0	155	424	615926	1	0	0	4011	0	0	2	4014
TP1_synth_reverse		74	A	614217	97	238	77	0	86	1211	615926	4008	0	2	0	0	0	4	4014
TP1_synth_reverse		75	G	119	278	348	613814	401	25	923	615908	0	0	2	4008	2	0	2	4014
TP1_synth_reverse		76	T	3320	322	232	60	1	28	611932	615895	0	1	2	0	0	0	4011	4014
TP1_synth_reverse		77	G	112	400	97	614473	1	32	765	615880	0	0	0	4014	0	0	0	4014
TP1_synth_reverse		78	C	474	613782	788	39	482	53	257	615875	0	4008	4	0	2	0	0	4014
TP1_synth_reverse		79	G	348	903	1029	612850	3	156	567	615856	1	0	3	4010	0	0	0	4014
TP1_synth_reverse		80	G	347	241	3	614800	2	164	280	615837	0	0	0	4014	0	0	0	4014
TP1_synth_reverse		81	C	813	613452	1085	52	163	133	123	615821	2	4006	5	0	1	0	0	4014
TP1_synth_reverse		82	A	612789	64	1210	111	0	79	110	614363	4010	0	3	0	0	0	0	4013
TP1_synth_reverse		83	A	613929	81	5	115	0	168	63	614361	4013	0	0	0	0	0	0	4013
TP1_synth_reverse		84	A	613907	56	0	190	62	73	43	614331	4012	0	0	0	1	0	0	4013
TP1_synth_reverse		85	G	131	268	563	613025	4	84	171	614246	0	0	0	4013	0	0	0	4013
TP1_synth_reverse		86	C	713	612975	13	365	1	40	98	614205	0	4013	0	0	0	0	0	4013
TP1_synth_reverse		87	T	1401	83	1	83	0	75	612459	614102	0	0	0	0	0	0	4013	4013
TP1_synth_reverse		88	G	185	478	4	613176	4	94	109	614050	0	0	0	4013	0	0	0	4013
TP1_synth_reverse		89	T	1015	90	255	37	0	220	612372	613989	0	0	1	0	0	0	4012	4013
TP1_synth_reverse		90	T	1018	82	0	260	0	120	612105	613585	0	0	0	1	0	0	4012	4013
TP1_synth_reverse		91	C	476	612653	0	193	0	31	136	613489	0	4012	0	1	0	0	0	4013
TP1_synth_reverse		92	C	369	611849	0	376	0	52	234	612880	0	4013	0	0	0	0	0	4013
TP1_synth_reverse		93	G	451	230	0	611581	0	94	148	612504	2	0	0	4011	0	0	0	4013
TP1_synth_reverse		94	T	908	115	0	118	0	149	610897	612187	0	0	0	0	0	0	4013	4013
TP1_synth_reverse		95	C	0	611635	0	0	0	80	0	611715	0	4013	0	0	0	0	0	4013
TP1_synth_reverse		96	C	0	611057	0	0	0	65	0	611122	0	4013	0	0	0	0	0	4013
TP1_synth_reverse		97	C	0	609909	0	0	0	122	0	610031	0	4012	0	0	0	0	0	4012
TP1_synth_reverse		98	A	608218	0	0	0	0	0	0	608218	4011	0	0	0	0	0	0	4011
TP1_synth_reverse		99	G	0	0	0	607107	0	0	0	607107	0	0	0	4011	0	0	0	4011
