



























































































































































































































#AmpliconChromStart	Alias	Position	ProbableRef	rawA	rawC	rawD	rawG	rawI	rawN	rawT	rawDepth	consA	consC	consD	consG	consI	consN	consT	consDepth	
TP1_synth_reverse		1	G	0	0	0	606638	0	0	0	606638	0	0	0	9922	0	0	0	9922
TP1_synth_reverse		2	T	0	0	0	0	0	0	607414	607414	0	0	0	0	0	0	9930	9930
TP1_synth_reverse		3	G	0	0	0	610177	0	100	0	610277	0	0	0	9952	0	0	0	9952
TP1_synth_reverse		4	G	0	0	0	611063	0	60	0	611123	0	0	0	9962	0	0	0	9962
TP1_synth_reverse		5	T	0	0	0	0	0	176	611291	611467	0	0	0	0	0	0	9965	9965
TP1_synth_reverse		6	G	120	64	0	612446	0	31	175	612836	0	0	0	9969	0	0	2	9971
TP1_synth_reverse		7	A	613102	20	0	72	0	9	86	613289	9976	0	0	0	0	0	0	9976
TP1_synth_reverse		8	G	105	65	0	613485	0	82	122	613859	0	0	0	9978	0	0	2	9980
TP1_synth_reverse		9	G	101	98	0	613937	0	11	133	614280	0	0	0	9982	0	0	2	9984
TP1_synth_reverse		10	C	220	613818	116	16	2	27	118	614317	0	9984	1	0	0	0	0	9985
TP1_synth_reverse		11	T	301	126	375	32	227	36	613241	614338	0	0	0	0	3	0	9982	9985
TP1_synth_reverse		12	C	280	611905	1542	17	0	69	537	614350	0	9969	15	0	0	0	1	9985
TP1_synth_reverse		13	C	350	613744	26	22	1	94	113	614350	0	9984	1	0	0	0	0	9985
TP1_synth_reverse		14	C	256	613939	0	27	0	51	102	614375	0	9985	0	0	0	0	0	9985
TP1_synth_reverse		15	C	237	613350	10	51	12	45	670	614375	0	9981	1	0	0	0	3	9985
TP1_synth_reverse		16	T	516	48	1921	32	0	28	611830	614375	0	0	23	0	0	0	9962	9985
TP1_synth_reverse		17	T	589	406	1	31	0	134	613214	614375	0	1	0	0	0	0	9984	9985
TP1_synth_reverse		18	T	427	88	107	20	219	108	613406	614375	0	0	6	0	6	0	9973	9985
TP1_synth_reverse		19	C	490	613617	1468	38	39	86	119	615857	0	9954	28	0	2	0	2	9986
TP1_synth_reverse		20	T	585	71	723	42	1	46	614389	615857	0	1	13	0	0	0	9972	9986
TP1_synth_reverse		21	T	1869	109	909	81	1463	154	611286	615871	0	0	5	0	16	0	9966	9987
TP1_synth_reverse		22	G	301	619	1333	613110	144	100	264	615871	2	0	12	9972	1	0	0	9987
TP1_synth_reverse		23	C	733	613307	164	60	876	75	656	615871	0	9954	5	0	19	0	9	9987
TP1_synth_reverse		24	G	674	159	824	613793	0	60	361	615871	6	0	12	9969	0	0	0	9987
TP1_synth_reverse		25	G	298	432	115	614824	3	52	221	615945	1	0	3	9985	0	0	0	9989
TP1_synth_reverse		26	A	614287	17	408	105	929	101	113	615960	9969	0	9	0	12	0	0	9990
TP1_synth_reverse		27	G	74	165	436	614106	0	62	1117	615960	0	0	9	9979	0	0	2	9990
TP1_synth_reverse		28	A	615567	93	110	80	4	43	77	615974	9988	0	3	0	0	0	0	9991
TP1_synth_reverse		29	T	709	67	2283	52	0	6	612857	615974	0	0	14	0	0	0	9977	9991
TP1_synth_reverse		30	T	2535	170	516	11	0	48	612694	615974	0	1	2	0	0	0	9988	9991
TP1_synth_reverse		31	C	765	615008	18	36	1	19	122	615969	0	9989	1	0	0	0	1	9991
TP1_synth_reverse		32	T	924	84	202	60	222	44	614428	615964	0	0	7	0	1	0	9983	9991
TP1_synth_reverse		33	C	769	614925	127	33	1	16	108	615979	0	9991	2	0	0	0	0	9993
TP1_synth_reverse		34	T	1201	105	1253	49	0	13	613355	615976	0	0	12	0	0	0	9981	9993
TP1_synth_reverse		35	T	2838	912	409	72	406	40	611285	615962	0	5	5	0	3	0	9980	9993
TP1_synth_reverse		36	C	611	614622	526	25	0	39	138	615961	0	9985	6	0	0	0	2	9993
TP1_synth_reverse		37	C	643	613916	1146	64	5	47	136	615957	0	9988	5	0	0	0	0	9993
TP1_synth_reverse		38	T	1434	61	1150	33	0	76	613152	615906	0	0	5	0	0	0	9986	9991
TP1_synth_reverse		39	C	405	614736	425	46	163	33	97	615905	4	9985	1	0	1	0	0	9991
TP1_synth_reverse		40	T	1548	247	1565	24	254	17	612243	615898	0	6	8	0	5	0	9972	9991
TP1_synth_reverse		41	G	182	1331	1488	611033	2	18	1842	615896	1	0	5	9984	0	0	1	9991
TP1_synth_reverse		42	T	2523	100	846	36	697	92	611595	615889	0	0	5	0	4	0	9982	9991
TP1_synth_reverse		43	G	120	1283	1268	612247	28	66	880	615892	1	0	11	9978	1	0	0	9991
TP1_synth_reverse		44	C	803	613481	630	207	177	94	499	615891	2	9969	9	2	4	0	5	9991
TP1_synth_reverse		45	G	175	370	862	611398	242	47	2802	615896	0	0	10	9977	3	0	1	9991
TP1_synth_reverse		46	C	1273	614007	456	43	0	24	92	615895	0	9978	13	0	0	0	0	9991
TP1_synth_reverse		47	C	423	614696	455	33	0	4	284	615895	0	9978	11	0	0	0	2	9991
TP1_synth_reverse		48	G	172	1244	476	611346	92	11	2549	615890	0	0	11	9977	2	0	1	9991
TP1_synth_reverse		49	A	614945	229	495	51	0	37	123	615880	9979	2	12	0	0	0	0	9993
TP1_synth_reverse		50	T	2439	67	497	31	1	26	612813	615874	0	0	12	0	0	0	9981	9993
TP1_synth_reverse		51	A	614955	57	653	88	0	62	97	615912	9981	1	12	0	0	0	0	9994
TP1_synth_reverse		52	C	593	614792	318	36	1	31	145	615916	0	9988	7	0	0	0	0	9995
TP1_synth_reverse		53	A	615175	22	337	116	155	43	93	615941	9988	0	7	0	1	0	0	9996
TP1_synth_reverse		54	G	194	374	1323	613543	1	15	488	615938	0	0	11	9984	0	0	1	9996
TP1_synth_reverse		55	A	615326	171	352	105	0	43	71	616068	9992	0	4	0	0	0	0	9996
TP1_synth_reverse		56	A	615546	56	210	82	0	42	130	616066	9992	1	3	0	0	0	0	9996
TP1_synth_reverse		57	T	3259	49	820	177	0	37	611702	616044	0	0	6	0	0	0	9990	9996
TP1_synth_reverse		58	A	615303	14	525	56	0	50	179	616127	9989	0	7	0	0	0	1	9997
TP1_synth_reverse		59	T	2081	48	390	91	0	12	613497	616119	0	0	1	0	0	0	9996	9997
TP1_synth_reverse		60	C	1515	613798	497	66	12	37	196	616121	1	9992	2	0	2	0	1	9998
TP1_synth_reverse		61	T	1647	140	367	266	267	15	613175	615877	0	2	7	0	3	0	9987	9999
TP1_synth_reverse		62	G	886	292	257	613629	1	93	734	615892	4	0	3	9993	0	0	0	10000
TP1_synth_reverse		63	T	4218	108	55	35	0	25	611443	615884	0	0	2	0	0	0	9998	10000
TP1_synth_reverse		64	T	2383	57	52	83	53	74	613211	615913	0	0	2	0	3	0	9996	10001
TP1_synth_reverse		65	C	620	614901	76	40	24	78	172	615911	0	9996	2	0	3	0	0	10001
TP1_synth_reverse		66	G	503	367	31	614221	0	36	746	615904	0	0	0	10001	0	0	0	10001
TP1_synth_reverse		67	C	979	614544	155	26	0	124	119	615947	0	9998	3	0	0	0	1	10002
TP1_synth_reverse		68	A	615224	376	45	113	0	113	95	615966	10002	0	1	0	0	0	0	10003
TP1_synth_reverse		69	C	205	614009	476	31	0	55	1186	615962	1	9990	5	0	0	0	7	10003
TP1_synth_reverse		70	T	1240	107	62	182	0	32	614328	615951	0	0	1	0	0	0	10002	10003
TP1_synth_reverse		71	C	343	615029	436	30	0	18	92	615948	0	10001	2	0	0	0	0	10003
TP1_synth_reverse		72	C	1040	614046	70	65	0	56	665	615942	1	9997	3	0	0	0	2	10003
TP1_synth_reverse		73	G	513	316	293	614231	0	155	424	615932	3	0	5	9993	0	0	2	10003
TP1_synth_reverse		74	A	614223	97	238	77	0	86	1211	615932	9986	0	6	0	0	0	11	10003
TP1_synth_reverse		75	G	119	275	348	613824	401	25	922	615914	0	0	6	9989	3	0	5	10003
TP1_synth_reverse		76	T	3306	322	232	60	1	28	611952	615901	0	1	5	0	0	0	9997	10003
TP1_synth_reverse		77	G	112	397	97	614485	1	32	762	615886	1	0	6	9996	0	0	0	10003
TP1_synth_reverse		78	C	470	613792	788	39	482	53	257	615881	0	9992	6	0	2	0	3	10003
TP1_synth_reverse		79	G	347	903	1029	612859	3	156	565	615862	1	0	3	9999	0	0	0	10003
TP1_synth_reverse		80	G	346	241	3	614807	2	164	280	615843	3	0	0	10000	0	0	0	10003
TP1_synth_reverse		81	C	812	613459	1085	52	163	133	123	615827	7	9987	8	0	1	0	0	10003
TP1_synth_reverse		82	A	612787	64	1210	111	0	79	110	614361	9992	0	7	0	0	0	0	9999
TP1_synth_reverse		83	A	613927	81	5	115	0	168	63	614359	9999	0	0	0	0	0	0	9999
TP1_synth_reverse		84	A	613905	56	0	190	62	73	43	614329	9997	0	0	1	1	0	0	9999
TP1_synth_reverse		85	G	131	267	563	613024	4	84	171	614244	0	0	1	9997	0	0	1	9999
TP1_synth_reverse		86	C	712	612974	13	365	1	40	98	614203	0	9999	0	0	0	0	0	9999
TP1_synth_reverse		87	T	1398	83	1	83	0	75	612460	614100	0	0	0	0	0	0	9999	9999
TP1_synth_reverse		88	G	185	478	4	613175	4	94	108	614048	0	0	0	9999	0	0	0	9999
TP1_synth_reverse		89	T	1016	90	255	37	0	220	612369	613987	0	0	3	0	0	0	9996	9999
TP1_synth_reverse		90	T	1017	82	0	260	0	120	612104	613583	0	0	0	2	0	0	9997	9999
TP1_synth_reverse		91	C	476	612651	0	193	0	31	136	613487	0	9995	0	3	0	0	1	9999
TP1_synth_reverse		92	C	369	611847	0	376	0	52	234	612878	0	9997	0	0	0	0	0	9997
TP1_synth_reverse		93	G	451	230	0	611580	0	94	148	612503	3	0	0	9990	0	0	1	9994
TP1_synth_reverse		94	T	908	115	0	118	0	149	610895	612185	0	0	0	0	0	0	9994	9994
TP1_synth_reverse		95	C	0	611633	0	0	0	80	0	611713	0	9994	0	0	0	0	0	9994
TP1_synth_reverse		96	C	0	611055	0	0	0	65	0	611120	0	9994	0	0	0	0	0	9994
TP1_synth_reverse		97	C	0	609908	0	0	0	122	0	610030	0	9992	0	0	0	0	0	9992
TP1_synth_reverse		98	A	608215	0	0	0	0	0	0	608215	9986	0	0	0	0	0	0	9986
TP1_synth_reverse		99	G	0	0	0	607103	0	0	0	607103	0	0	0	9985	0	0	0	9985
