



























































































































































































































#AmpliconChromStart	Alias	Position	ProbableRef	rawA	rawC	rawD	rawG	rawI	rawN	rawT	rawDepth	consA	consC	consD	consG	consI	consN	consT	consDepth	
TP1_synth_reverse		1	G	0	0	0	606638	0	0	0	606638	0	0	0	8700	0	0	0	8700
TP1_synth_reverse		2	T	0	0	0	0	0	0	607414	607414	0	0	0	0	0	0	8707	8707
TP1_synth_reverse		3	G	0	0	0	610177	0	100	0	610277	0	0	0	8727	0	0	0	8727
TP1_synth_reverse		4	G	0	0	0	611063	0	60	0	611123	0	0	0	8737	0	0	0	8737
TP1_synth_reverse		5	T	0	0	0	0	0	176	611291	611467	0	0	0	0	0	0	8740	8740
TP1_synth_reverse		6	G	120	64	0	612446	0	31	175	612836	0	0	0	8743	0	0	2	8745
TP1_synth_reverse		7	A	613102	20	0	72	0	9	86	613289	8750	0	0	0	0	0	0	8750
TP1_synth_reverse		8	G	105	65	0	613485	0	82	122	613859	0	0	0	8752	0	0	2	8754
TP1_synth_reverse		9	G	101	98	0	613937	0	11	133	614280	0	0	0	8755	0	0	2	8757
TP1_synth_reverse		10	C	220	613818	116	16	2	27	118	614317	0	8757	1	0	0	0	0	8758
TP1_synth_reverse		11	T	301	126	375	32	227	36	613241	614338	0	0	0	0	2	0	8756	8758
TP1_synth_reverse		12	C	280	611905	1542	17	0	69	537	614350	0	8743	14	0	0	0	1	8758
TP1_synth_reverse		13	C	350	613744	26	22	1	94	113	614350	0	8757	1	0	0	0	0	8758
TP1_synth_reverse		14	C	256	613939	0	27	0	51	102	614375	0	8758	0	0	0	0	0	8758
TP1_synth_reverse		15	C	237	613350	10	51	12	45	670	614375	0	8755	1	0	0	0	2	8758
TP1_synth_reverse		16	T	516	48	1921	32	0	28	611830	614375	0	0	21	0	0	0	8737	8758
TP1_synth_reverse		17	T	589	406	1	31	0	134	613214	614375	0	1	0	0	0	0	8757	8758
TP1_synth_reverse		18	T	427	88	107	20	219	108	613406	614375	0	0	5	0	6	0	8747	8758
TP1_synth_reverse		19	C	490	613617	1468	38	39	86	119	615857	0	8734	21	0	2	0	2	8759
TP1_synth_reverse		20	T	585	71	723	42	1	46	614389	615857	0	0	11	0	0	0	8748	8759
TP1_synth_reverse		21	T	1869	109	909	81	1463	154	611286	615871	0	0	5	0	14	0	8741	8760
TP1_synth_reverse		22	G	301	619	1333	613110	144	100	264	615871	1	0	10	8748	1	0	0	8760
TP1_synth_reverse		23	C	733	613307	164	60	876	75	656	615871	0	8730	4	0	17	0	9	8760
TP1_synth_reverse		24	G	674	159	824	613793	0	60	361	615871	5	0	11	8744	0	0	0	8760
TP1_synth_reverse		25	G	298	432	115	614824	3	52	221	615945	1	0	3	8758	0	0	0	8762
TP1_synth_reverse		26	A	614287	17	408	105	929	101	113	615960	8744	0	7	0	12	0	0	8763
TP1_synth_reverse		27	G	74	165	436	614106	0	62	1117	615960	0	0	6	8755	0	0	2	8763
TP1_synth_reverse		28	A	615567	93	110	80	4	43	77	615974	8761	0	3	0	0	0	0	8764
TP1_synth_reverse		29	T	709	67	2283	52	0	6	612857	615974	0	0	14	0	0	0	8750	8764
TP1_synth_reverse		30	T	2535	170	516	11	0	48	612694	615974	0	1	2	0	0	0	8761	8764
TP1_synth_reverse		31	C	765	615008	18	36	1	19	122	615969	0	8762	1	0	0	0	1	8764
TP1_synth_reverse		32	T	924	84	202	60	222	44	614428	615964	0	0	6	0	1	0	8757	8764
TP1_synth_reverse		33	C	769	614908	127	33	1	16	108	615962	0	8762	2	0	0	0	0	8764
TP1_synth_reverse		34	T	1201	105	1253	49	0	13	613338	615959	0	0	12	0	0	0	8752	8764
TP1_synth_reverse		35	T	2838	912	409	72	406	40	611268	615945	0	5	4	0	3	0	8752	8764
TP1_synth_reverse		36	C	611	614605	526	25	0	39	138	615944	0	8758	5	0	0	0	1	8764
TP1_synth_reverse		37	C	643	613899	1146	64	5	47	136	615940	0	8759	5	0	0	0	0	8764
TP1_synth_reverse		38	T	1433	61	1150	33	0	76	613136	615889	0	0	5	0	0	0	8757	8762
TP1_synth_reverse		39	C	405	614719	425	46	163	33	97	615888	3	8757	1	0	1	0	0	8762
TP1_synth_reverse		40	T	1547	247	1565	24	254	17	612227	615881	0	5	8	0	5	0	8744	8762
TP1_synth_reverse		41	G	182	1331	1488	611011	2	18	1842	615874	1	0	5	8755	0	0	1	8762
TP1_synth_reverse		42	T	2521	100	846	36	697	92	611575	615867	0	0	3	0	3	0	8756	8762
TP1_synth_reverse		43	G	120	1283	1268	612226	28	66	879	615870	1	0	11	8750	0	0	0	8762
TP1_synth_reverse		44	C	803	613474	630	207	177	94	499	615884	2	8741	9	1	4	0	5	8762
TP1_synth_reverse		45	G	175	370	862	611391	242	47	2802	615889	0	0	8	8751	3	0	0	8762
TP1_synth_reverse		46	C	1272	614025	456	43	0	24	92	615912	0	8752	11	0	0	0	0	8763
TP1_synth_reverse		47	C	423	614713	455	33	0	4	284	615912	0	8753	8	0	0	0	2	8763
TP1_synth_reverse		48	G	172	1242	476	611366	92	11	2548	615907	0	0	8	8752	2	0	1	8763
TP1_synth_reverse		49	A	614962	229	495	51	0	37	123	615897	8752	2	9	0	0	0	0	8763
TP1_synth_reverse		50	T	2445	67	497	31	1	26	612824	615891	0	0	9	0	0	0	8754	8763
TP1_synth_reverse		51	A	614972	57	653	88	0	62	97	615929	8754	1	9	0	0	0	0	8764
TP1_synth_reverse		52	C	594	614808	318	36	1	31	145	615933	0	8758	6	0	0	0	0	8764
TP1_synth_reverse		53	A	615192	22	337	116	155	43	93	615958	8758	0	6	0	1	0	0	8765
TP1_synth_reverse		54	G	199	372	1323	613557	1	15	488	615955	0	0	9	8755	0	0	1	8765
TP1_synth_reverse		55	A	615343	171	352	105	0	43	71	616085	8763	0	3	0	0	0	0	8766
TP1_synth_reverse		56	A	615563	56	210	82	0	42	130	616083	8763	1	2	0	0	0	0	8766
TP1_synth_reverse		57	T	3256	49	820	178	0	37	611721	616061	0	0	4	0	0	0	8762	8766
TP1_synth_reverse		58	A	615320	14	525	56	0	50	179	616144	8759	0	7	0	0	0	1	8767
TP1_synth_reverse		59	T	2083	48	390	91	0	12	613512	616136	0	0	1	0	0	0	8766	8767
TP1_synth_reverse		60	C	1517	613813	497	66	12	37	196	616138	1	8762	2	0	2	0	1	8768
TP1_synth_reverse		61	T	1648	140	367	266	267	15	613191	615894	0	2	6	0	2	0	8759	8769
TP1_synth_reverse		62	G	890	293	257	613643	1	93	732	615909	3	0	3	8764	0	0	0	8770
TP1_synth_reverse		63	T	4221	108	55	35	0	25	611457	615901	0	0	2	0	0	0	8768	8770
TP1_synth_reverse		64	T	2386	57	52	83	53	74	613225	615930	0	0	2	0	2	0	8767	8771
TP1_synth_reverse		65	C	622	614933	76	40	24	78	172	615945	0	8768	2	0	2	0	0	8772
TP1_synth_reverse		66	G	505	366	31	614255	0	36	745	615938	0	0	0	8772	0	0	0	8772
TP1_synth_reverse		67	C	980	614577	155	26	0	124	119	615981	0	8771	1	0	0	0	1	8773
TP1_synth_reverse		68	A	615239	376	45	113	0	113	94	615980	8772	0	1	0	0	0	0	8773
TP1_synth_reverse		69	C	204	614024	476	31	0	55	1186	615976	0	8764	5	0	0	0	4	8773
TP1_synth_reverse		70	T	1243	107	62	183	0	32	614338	615965	0	0	1	0	0	0	8772	8773
TP1_synth_reverse		71	C	346	615040	436	30	0	18	92	615962	0	8771	2	0	0	0	0	8773
TP1_synth_reverse		72	C	1041	614059	70	65	0	56	665	615956	1	8768	2	0	0	0	2	8773
TP1_synth_reverse		73	G	512	317	293	614245	0	155	424	615946	3	0	3	8765	0	0	2	8773
TP1_synth_reverse		74	A	614237	97	238	77	0	86	1211	615946	8758	0	5	0	0	0	10	8773
TP1_synth_reverse		75	G	119	277	348	613835	401	25	923	615928	0	0	5	8761	3	0	4	8773
TP1_synth_reverse		76	T	3321	322	232	60	1	28	611951	615915	0	1	4	0	0	0	8768	8773
TP1_synth_reverse		77	G	112	400	97	614494	1	32	764	615900	1	0	5	8767	0	0	0	8773
TP1_synth_reverse		78	C	474	613802	788	39	482	53	257	615895	0	8762	6	0	2	0	3	8773
TP1_synth_reverse		79	G	348	904	1029	612870	3	156	566	615876	1	0	3	8769	0	0	0	8773
TP1_synth_reverse		80	G	347	241	3	614820	2	164	280	615857	2	0	0	8771	0	0	0	8773
TP1_synth_reverse		81	C	813	613472	1085	52	163	133	123	615841	7	8759	6	0	1	0	0	8773
TP1_synth_reverse		82	A	612801	64	1210	111	0	79	110	614375	8766	0	6	0	0	0	0	8772
TP1_synth_reverse		83	A	613941	81	5	115	0	168	63	614373	8772	0	0	0	0	0	0	8772
TP1_synth_reverse		84	A	613919	56	0	190	62	73	43	614343	8770	0	0	1	1	0	0	8772
TP1_synth_reverse		85	G	131	268	563	613037	4	84	171	614258	0	0	1	8770	0	0	1	8772
TP1_synth_reverse		86	C	713	612987	13	365	1	40	98	614217	0	8772	0	0	0	0	0	8772
TP1_synth_reverse		87	T	1400	83	1	83	0	75	612472	614114	0	0	0	0	0	0	8772	8772
TP1_synth_reverse		88	G	185	477	4	613189	4	94	109	614062	0	0	0	8772	0	0	0	8772
TP1_synth_reverse		89	T	1015	90	255	37	0	220	612384	614001	0	0	3	0	0	0	8769	8772
TP1_synth_reverse		90	T	1017	82	0	260	0	120	612118	613597	0	0	0	2	0	0	8770	8772
TP1_synth_reverse		91	C	476	612665	0	193	0	31	136	613501	0	8770	0	1	0	0	1	8772
TP1_synth_reverse		92	C	368	611862	0	376	0	52	234	612892	0	8771	0	0	0	0	0	8771
TP1_synth_reverse		93	G	451	230	0	611594	0	94	148	612517	3	0	0	8765	0	0	1	8769
TP1_synth_reverse		94	T	909	115	0	118	0	149	610908	612199	0	0	0	0	0	0	8769	8769
TP1_synth_reverse		95	C	0	611647	0	0	0	80	0	611727	0	8769	0	0	0	0	0	8769
TP1_synth_reverse		96	C	0	611070	0	0	0	65	0	611135	0	8769	0	0	0	0	0	8769
TP1_synth_reverse		97	C	0	609923	0	0	0	122	0	610045	0	8767	0	0	0	0	0	8767
TP1_synth_reverse		98	A	608232	0	0	0	0	0	0	608232	8762	0	0	0	0	0	0	8762
TP1_synth_reverse		99	G	0	0	0	607121	0	0	0	607121	0	0	0	8762	0	0	0	8762
