



























































































































































































































#AmpliconChromStart	Alias	Position	ProbableRef	rawA	rawC	rawD	rawG	rawI	rawN	rawT	rawDepth	consA	consC	consD	consG	consI	consN	consT	consDepth	
TP1_synth_forward		5	T	0	0	0	0	0	0	386	386	0	0	0	0	0	0	216	216
TP1_synth_forward		6	G	0	0	0	772	0	0	0	772	0	0	0	529	0	0	0	529
TP1_synth_forward		7	A	1308	0	0	0	0	0	0	1308	574	0	0	0	0	0	0	574
TP1_synth_forward		8	G	0	0	0	1368	0	0	0	1368	0	0	0	596	0	0	0	596
TP1_synth_forward		9	G	0	0	0	1710	0	0	0	1710	0	0	0	629	0	0	0	629
TP1_synth_forward		10	C	4	1722	0	0	0	0	0	1726	3	639	0	0	0	0	0	642
TP1_synth_forward		11	T	4	0	0	0	0	0	1722	1726	1	0	0	0	0	0	641	642
TP1_synth_forward		12	C	6	1720	0	0	0	0	0	1726	3	639	0	0	0	0	0	642
TP1_synth_forward		13	C	5	1746	0	0	0	0	0	1751	2	662	0	0	0	0	0	664
TP1_synth_forward		14	C	6	1760	0	0	0	0	1	1767	4	674	0	0	0	0	1	679
TP1_synth_forward		15	C	5	1760	0	0	2	0	0	1767	5	672	0	0	2	0	0	679
TP1_synth_forward		16	T	21	0	2	0	0	0	1744	1767	15	0	2	0	0	0	662	679
TP1_synth_forward		17	T	42	0	0	1	0	0	1724	1767	27	0	0	1	0	0	651	679
TP1_synth_forward		18	T	17	0	1	0	0	0	1769	1787	8	0	1	0	0	0	678	687
TP1_synth_forward		19	A	3497	0	2	0	0	0	0	3499	857	0	2	0	0	0	0	859
TP1_synth_forward		20	T	14	1	3	0	0	1	3480	3499	8	0	3	0	0	1	847	859
TP1_synth_forward		21	A	3508	0	2	1	0	0	1	3512	867	0	1	0	0	0	0	868
TP1_synth_forward		22	C	7	3494	9	2	0	0	0	3512	4	857	6	1	0	0	0	868
TP1_synth_forward		23	A	3496	1	15	0	0	0	0	3512	856	1	11	0	0	0	0	868
TP1_synth_forward		24	G	2	17	2	3482	0	0	9	3512	1	7	2	852	0	0	6	868
TP1_synth_forward		25	A	3668	1	6	0	0	0	0	3675	868	0	6	0	0	0	0	874
TP1_synth_forward		26	A	3671	0	2	1	0	0	1	3675	872	0	2	0	0	0	0	874
TP1_synth_forward		27	T	32	0	6	0	0	0	3637	3675	19	0	5	0	0	0	850	874
TP1_synth_forward		28	A	3671	0	3	1	0	0	0	3675	871	0	3	0	0	0	0	874
TP1_synth_forward		29	T	13	0	3	2	0	0	3657	3675	10	0	3	2	0	0	859	874
TP1_synth_forward		30	C	7	3663	4	1	0	0	0	3675	4	866	4	0	0	0	0	874
TP1_synth_forward		31	T	18	0	5	0	1	1	3650	3675	13	0	3	0	1	0	857	874
TP1_synth_forward		32	G	1	22	2	4066	0	0	2	4093	1	15	2	901	0	0	1	920
TP1_synth_forward		33	T	54	0	8	0	0	0	4526	4588	41	0	3	0	0	0	915	959
TP1_synth_forward		34	T	41	1	6	5	0	0	4545	4598	27	0	1	5	0	0	935	968
TP1_synth_forward		35	C	14	4574	8	0	1	0	0	4597	9	957	2	0	0	0	0	968
TP1_synth_forward		36	G	1	16	6	4537	0	0	37	4597	1	10	1	929	0	0	27	968
TP1_synth_forward		37	C	8	5057	7	0	0	0	0	5072	6	1003	2	0	0	0	0	1011
TP1_synth_forward		38	A	5062	0	9	1	0	0	0	5072	1007	0	3	1	0	0	0	1011
TP1_synth_forward		39	C	4	5054	8	4	0	2	0	5072	4	1000	3	4	0	0	0	1011
TP1_synth_forward		40	T	30	2	9	5	0	0	5026	5072	18	0	2	5	0	0	986	1011
TP1_synth_forward		41	C	9	4644	419	0	0	0	0	5072	5	959	47	0	0	0	0	1011
TP1_synth_forward		42	C	9	5067	6	1	0	0	4	5087	5	1014	1	0	0	0	3	1023
TP1_synth_forward		43	G	2	12	8	5014	0	1	48	5085	1	10	1	973	0	1	35	1021
TP1_synth_forward		44	A	5076	0	9	0	0	0	0	5085	1019	0	2	0	0	0	0	1021
TP1_synth_forward		45	G	1	4	6	5027	1	0	44	5083	1	4	1	983	1	0	30	1020
TP1_synth_forward		46	T	37	1	7	1	0	0	5072	5118	25	0	2	1	0	0	997	1025
TP1_synth_forward		47	G	0	7	9	5038	0	0	64	5118	0	6	3	971	0	0	45	1025
TP1_synth_forward		48	C	13	5100	9	1	1	1	1	5126	8	1021	3	0	1	0	0	1033
TP1_synth_forward		49	G	0	3	4	5055	0	1	61	5124	0	2	2	993	0	0	36	1033
TP1_synth_forward		50	G	6	7	2	5028	0	1	40	5084	4	5	1	994	0	0	23	1027
TP1_synth_forward		51	C	9	6999	2	0	0	0	1	7011	6	1057	1	0	0	0	1	1065
TP1_synth_forward		52	T	22	1	4	6	0	0	5338	5371	13	0	3	3	0	0	895	914
TP1_synth_forward		53	T	41	0	1	8	0	0	5324	5374	22	0	1	8	0	0	886	917
TP1_synth_forward		54	G	4	9	4	5336	0	0	20	5373	4	2	3	896	0	0	12	917
TP1_synth_forward		55	C	9	5357	3	0	0	1	3	5373	7	907	2	0	0	0	1	917
TP1_synth_forward		56	G	1	7	3	5326	0	0	36	5373	0	4	3	887	0	0	23	917
TP1_synth_forward		57	G	16	7	1	5436	0	0	15	5475	13	1	1	909	0	0	6	930
TP1_synth_forward		58	A	5495	0	1	0	0	0	0	5496	940	0	1	0	0	0	0	941
TP1_synth_forward		59	G	27	9	1	5455	0	0	5	5497	14	4	1	923	0	0	0	942
TP1_synth_forward		60	A	5524	2	1	0	0	1	0	5528	945	0	1	0	0	1	0	947
TP1_synth_forward		61	T	16	0	2	6	0	1	6133	6158	4	0	2	4	0	1	1034	1045
TP1_synth_forward		62	T	21	0	3	0	0	1	6146	6171	12	0	3	0	0	1	1035	1051
TP1_synth_forward		63	C	14	6191	4	0	0	0	0	6209	7	1055	4	0	0	0	0	1066
TP1_synth_forward		64	T	36	0	3	3	0	0	6167	6209	19	0	2	2	0	0	1043	1066
TP1_synth_forward		65	C	11	6195	2	0	0	0	1	6209	9	1055	1	0	0	0	1	1066
TP1_synth_forward		66	T	25	1	2	2	0	0	6179	6209	16	0	1	1	0	0	1048	1066
TP1_synth_forward		67	T	38	0	2	2	0	0	6167	6209	20	0	1	2	0	0	1043	1066
TP1_synth_forward		68	C	8	6195	5	1	0	0	0	6209	5	1060	1	0	0	0	0	1066
TP1_synth_forward		69	C	17	6406	1	4	1	0	1	6430	11	1095	1	2	0	0	0	1109
TP1_synth_forward		70	T	28	1	1	1	0	0	6405	6436	7	1	1	1	0	0	1103	1113
TP1_synth_forward		71	C	4	6430	0	0	0	0	1	6435	3	1109	0	0	0	0	0	1112
TP1_synth_forward		72	T	22	1	0	2	0	0	6410	6435	11	0	0	1	0	0	1100	1112
TP1_synth_forward		73	G	9	6	0	6418	0	0	2	6435	8	1	0	1103	0	0	0	1112
TP1_synth_forward		74	T	16	0	0	0	0	0	6419	6435	11	0	0	0	0	0	1101	1112
TP1_synth_forward		75	G	20	3	1	6401	0	0	9	6434	17	1	1	1089	0	0	3	1111
TP1_synth_forward		76	C	19	6411	0	0	0	0	4	6434	9	1101	0	0	0	0	1	1111
TP1_synth_forward		77	G	12	4	2	6387	1	0	27	6433	9	2	1	1076	1	0	21	1110
TP1_synth_forward		78	C	9	6416	8	0	0	0	0	6433	9	1094	7	0	0	0	0	1110
TP1_synth_forward		79	C	8	6423	0	0	0	0	2	6433	6	1104	0	0	0	0	0	1110
TP1_synth_forward		80	G	7	3	0	6393	0	0	29	6432	4	2	0	1076	0	0	27	1109
TP1_synth_forward		81	C	2	4769	2	0	0	0	1	4774	2	1101	1	0	0	0	0	1104
TP1_synth_forward		82	A	4769	0	0	1	0	0	4	4774	1104	0	0	0	0	0	0	1104
TP1_synth_forward		83	A	4770	0	0	0	0	0	3	4773	1104	0	0	0	0	0	0	1104
TP1_synth_forward		84	A	4769	2	0	1	0	0	0	4772	1104	0	0	0	0	0	0	1104
TP1_synth_forward		85	G	0	10	0	4739	0	0	22	4771	0	2	0	1083	0	0	19	1104
TP1_synth_forward		86	C	10	4758	1	1	0	1	0	4771	8	1094	1	1	0	0	0	1104
TP1_synth_forward		87	T	47	1	0	2	0	0	4719	4769	20	0	0	1	0	0	1082	1103
TP1_synth_forward		88	G	6	4	0	4754	1	0	3	4768	5	2	0	1094	0	0	1	1102
TP1_synth_forward		89	T	19	0	0	0	0	1	4746	4766	8	0	0	0	0	0	1092	1100
TP1_synth_forward		90	T	19	1	0	1	1	0	4743	4765	5	0	0	0	0	0	1095	1100
TP1_synth_forward		91	C	11	4748	0	1	0	1	3	4764	6	1094	0	0	0	0	0	1100
TP1_synth_forward		92	C	4	4756	0	0	0	0	1	4761	4	1096	0	0	0	0	0	1100
TP1_synth_forward		93	G	5	3	0	4749	0	0	2	4759	2	1	0	1095	0	0	0	1098
TP1_synth_forward		94	T	34	2	0	2	0	0	4715	4753	11	0	0	1	0	0	1082	1094
TP1_synth_forward		95	C	4	4747	0	0	0	0	1	4752	0	1093	0	0	0	0	0	1093
TP1_synth_forward		96	C	0	4746	0	0	0	0	0	4746	0	1090	0	0	0	0	0	1090
TP1_synth_forward		97	C	0	4739	0	0	0	0	0	4739	0	1087	0	0	0	0	0	1087
TP1_synth_forward		98	A	4678	0	0	0	0	0	0	4678	1064	0	0	0	0	0	0	1064
TP1_synth_forward		99	G	0	0	0	4667	0	0	0	4667	0	0	0	1061	0	0	0	1061
TP1_synth_forward		100	T	0	0	0	0	0	0	4620	4620	0	0	0	0	0	0	1045	1045
TP1_synth_forward	TP1_synth_forward	1	G	0	0	0	643911	0	0	0	643911	0	0	0	36301	0	0	0	36301
TP1_synth_forward	TP1_synth_forward	2	T	0	0	0	0	0	0	646059	646059	0	0	0	0	0	0	36669	36669
TP1_synth_forward	TP1_synth_forward	3	G	0	0	0	649618	0	21	0	649639	0	0	0	37143	0	1	0	37144
TP1_synth_forward	TP1_synth_forward	4	G	0	0	0	650420	0	16	0	650436	0	0	0	37479	0	0	0	37479
TP1_synth_forward	TP1_synth_forward	5	T	0	0	0	0	0	71	650365	650436	0	0	0	0	0	3	37476	37479
TP1_synth_forward	TP1_synth_forward	6	G	111	27	0	650113	0	79	106	650436	4	3	0	37435	0	34	3	37479
TP1_synth_forward	TP1_synth_forward	7	A	650203	10	0	70	0	49	104	650436	37442	1	0	3	0	32	1	37479
TP1_synth_forward	TP1_synth_forward	8	G	117	40	0	649825	0	287	167	650436	0	2	0	37385	0	75	17	37479
TP1_synth_forward	TP1_synth_forward	9	G	100	71	0	650113	10	31	111	650436	3	16	0	37441	1	4	14	37479
TP1_synth_forward	TP1_synth_forward	10	C	154	650139	18	15	10	8	92	650436	23	37450	0	0	0	1	5	37479
TP1_synth_forward	TP1_synth_forward	11	T	144	98	7	9	506	23	649649	650436	27	8	1	0	18	6	37419	37479
TP1_synth_forward	TP1_synth_forward	12	C	160	642469	7608	13	1	53	132	650436	30	37171	248	1	0	25	4	37479
TP1_synth_forward	TP1_synth_forward	13	C	254	649747	105	16	0	220	94	650436	36	37389	7	0	0	44	3	37479
TP1_synth_forward	TP1_synth_forward	14	C	182	649394	658	20	0	69	113	650436	16	37436	9	1	0	15	2	37479
TP1_synth_forward	TP1_synth_forward	15	C	134	649098	1037	13	65	13	76	650436	23	37421	26	2	2	2	3	37479
TP1_synth_forward	TP1_synth_forward	16	T	330	44	3929	11	0	10	646112	650436	53	2	170	1	0	4	37249	37479
TP1_synth_forward	TP1_synth_forward	17	T	304	66	781	10	1	4	649270	650436	49	1	16	0	0	3	37410	37479
TP1_synth_forward	TP1_synth_forward	18	T	260	55	470	9	2	13	649627	650436	48	3	25	2	0	4	37397	37479
TP1_synth_forward	TP1_synth_forward	19	A	645541	10	4251	57	1	82	494	650436	37174	1	271	2	0	10	21	37479
TP1_synth_forward	TP1_synth_forward	20	T	221	69	2268	40	563	108	647167	650436	44	3	144	2	26	11	37249	37479
TP1_synth_forward	TP1_synth_forward	21	A	648089	10	2075	64	0	42	156	650436	37378	0	79	2	0	4	16	37479
TP1_synth_forward	TP1_synth_forward	22	C	712	642940	6586	67	0	18	113	650436	40	37145	274	10	0	4	6	37479
TP1_synth_forward	TP1_synth_forward	23	A	641159	110	8895	105	1	40	126	650436	36986	9	462	3	0	14	5	37479
TP1_synth_forward	TP1_synth_forward	24	G	118	81	1886	647788	323	29	211	650436	10	20	92	37283	25	5	44	37479
TP1_synth_forward	TP1_synth_forward	25	A	642690	15	6875	710	4	68	74	650436	37100	0	340	23	1	14	1	37479
TP1_synth_forward	TP1_synth_forward	26	A	649016	9	1221	84	1	6	99	650436	37423	0	50	2	0	1	3	37479
TP1_synth_forward	TP1_synth_forward	27	T	779	51	3027	53	122	85	646319	650436	154	0	164	7	7	56	37091	37479
TP1_synth_forward	TP1_synth_forward	28	A	648616	12	1552	65	0	18	173	650436	37387	1	73	2	0	8	8	37479
TP1_synth_forward	TP1_synth_forward	29	T	380	64	1828	182	1	112	647869	650436	82	3	107	13	0	48	37226	37479
TP1_synth_forward	TP1_synth_forward	30	C	518	646866	2861	17	2	61	111	650436	148	37152	150	3	0	21	5	37479
TP1_synth_forward	TP1_synth_forward	31	T	1160	50	3215	29	324	64	645514	650356	351	2	145	4	14	29	36875	37420
TP1_synth_forward	TP1_synth_forward	32	G	168	474	2223	647032	83	13	261	650254	17	111	115	37063	7	6	87	37406
TP1_synth_forward	TP1_synth_forward	33	T	2618	74	2052	73	1	27	644967	649812	683	4	119	8	0	19	36547	37380
TP1_synth_forward	TP1_synth_forward	34	T	1374	95	979	497	3	67	646772	649787	203	2	75	49	3	26	37013	37371
TP1_synth_forward	TP1_synth_forward	35	C	754	645170	2949	34	97	36	118	649158	190	37005	141	1	8	14	5	37364
TP1_synth_forward	TP1_synth_forward	36	G	131	569	1476	643912	323	82	2646	649139	3	234	83	36659	16	41	315	37351
TP1_synth_forward	TP1_synth_forward	37	C	220	646511	2038	97	0	33	194	649093	45	37157	111	11	0	6	14	37344
TP1_synth_forward	TP1_synth_forward	38	A	645663	46	2749	109	0	15	74	648656	37160	9	128	7	0	3	11	37318
TP1_synth_forward	TP1_synth_forward	39	C	122	645897	2301	74	83	38	132	648647	32	37101	118	13	10	24	14	37312
TP1_synth_forward	TP1_synth_forward	40	T	696	161	3172	306	1	142	644155	648633	151	8	156	32	0	66	36895	37308
TP1_synth_forward	TP1_synth_forward	41	C	277	644023	4137	34	0	39	116	648626	56	37012	201	5	0	22	9	37305
TP1_synth_forward	TP1_synth_forward	42	C	473	645184	2038	71	1	56	786	648609	170	36999	80	7	0	13	23	37292
TP1_synth_forward	TP1_synth_forward	43	G	144	327	2851	641771	19	102	3359	648573	13	76	127	36658	4	7	394	37279
TP1_synth_forward	TP1_synth_forward	44	A	644815	27	3433	51	155	14	73	648568	37129	6	125	5	5	0	5	37275
TP1_synth_forward	TP1_synth_forward	45	G	381	184	2571	641933	245	17	3044	648375	9	56	84	36715	12	1	377	37254
TP1_synth_forward	TP1_synth_forward	46	T	2007	52	2547	83	3	26	643533	648251	487	2	85	13	0	13	36635	37235
TP1_synth_forward	TP1_synth_forward	47	G	88	562	3105	641365	139	12	2961	648232	3	239	110	36515	11	11	335	37224
TP1_synth_forward	TP1_synth_forward	48	C	521	643746	3212	36	275	13	427	648230	38	37014	138	5	12	0	15	37222
TP1_synth_forward	TP1_synth_forward	49	G	169	120	2509	642397	4	11	3011	648221	27	47	111	36345	1	6	679	37216
TP1_synth_forward	TP1_synth_forward	50	G	144	209	2627	643718	9	34	1453	648194	19	58	104	36679	3	13	330	37206
TP1_synth_forward	TP1_synth_forward	51	C	175	643405	3876	240	0	70	421	648187	54	36907	153	29	0	44	17	37204
TP1_synth_forward	TP1_synth_forward	52	T	1319	103	3564	1381	1	73	641285	647726	471	8	145	214	1	47	36303	37189
TP1_synth_forward	TP1_synth_forward	53	T	1200	196	2907	322	3	40	643047	647715	332	16	118	35	1	29	36656	37187
TP1_synth_forward	TP1_synth_forward	54	G	164	184	4540	642094	0	85	619	647686	18	44	181	36806	0	31	96	37176
TP1_synth_forward	TP1_synth_forward	55	C	197	642828	4039	30	261	62	261	647678	45	36923	177	3	3	18	7	37176
TP1_synth_forward	TP1_synth_forward	56	G	383	91	2900	642228	4	44	2022	647672	46	25	116	36411	3	6	568	37175
TP1_synth_forward	TP1_synth_forward	57	G	467	100	2270	643284	2	17	431	646571	97	21	93	36800	0	1	110	37122
TP1_synth_forward	TP1_synth_forward	58	A	643620	20	2441	291	0	68	108	646548	36990	2	112	13	0	1	2	37120
TP1_synth_forward	TP1_synth_forward	59	G	800	236	2546	642528	42	57	316	646525	147	53	105	36690	1	33	84	37113
TP1_synth_forward	TP1_synth_forward	60	A	642831	128	3019	344	0	96	94	646512	36923	12	127	23	0	27	1	37113
TP1_synth_forward	TP1_synth_forward	61	T	426	50	2270	276	0	132	643345	646499	80	4	91	41	0	9	36884	37109
TP1_synth_forward	TP1_synth_forward	62	T	1438	176	2871	42	0	105	641538	646170	188	13	133	5	0	31	36716	37086
TP1_synth_forward	TP1_synth_forward	63	C	1123	640792	3990	39	0	29	75	646048	243	36635	180	8	0	4	3	37073
TP1_synth_forward	TP1_synth_forward	64	T	2613	64	2981	296	10	55	639990	646009	278	4	112	29	3	36	36601	37063
TP1_synth_forward	TP1_synth_forward	65	C	822	642103	2289	91	0	54	643	646002	85	36820	97	1	0	28	28	37059
TP1_synth_forward	TP1_synth_forward	66	T	2368	95	2637	162	0	44	640689	645995	270	4	111	14	0	10	36648	37057
TP1_synth_forward	TP1_synth_forward	67	T	2945	55	1705	113	3	83	641068	645972	705	1	74	13	2	60	36197	37052
TP1_synth_forward	TP1_synth_forward	68	C	803	642530	2387	58	0	92	97	645967	140	36767	88	3	0	48	4	37050
TP1_synth_forward	TP1_synth_forward	69	C	340	643286	852	153	767	37	527	645962	49	36888	46	13	15	9	28	37048
TP1_synth_forward	TP1_synth_forward	70	T	541	80	451	253	18	99	644508	645950	79	3	23	19	1	40	36879	37044
TP1_synth_forward	TP1_synth_forward	71	C	222	644397	670	50	7	65	521	645932	24	36946	31	1	3	19	12	37036
TP1_synth_forward	TP1_synth_forward	72	T	2153	59	437	110	0	95	643075	645929	493	1	26	12	0	64	36439	37035
TP1_synth_forward	TP1_synth_forward	73	G	401	210	699	644454	0	65	92	645921	62	44	38	36856	0	19	15	37034
TP1_synth_forward	TP1_synth_forward	74	T	1136	513	1116	67	30	63	642994	645919	261	9	43	4	6	5	36706	37034
TP1_synth_forward	TP1_synth_forward	75	G	538	109	1749	643325	0	39	154	645914	36	20	52	36876	0	20	27	37031
TP1_synth_forward	TP1_synth_forward	76	C	491	643199	805	40	0	109	1268	645912	128	36824	26	1	0	14	38	37031
TP1_synth_forward	TP1_synth_forward	77	G	198	461	1830	642417	290	50	659	645905	14	45	64	36779	10	10	106	37028
TP1_synth_forward	TP1_synth_forward	78	C	105	642295	2802	21	0	170	512	645905	16	36842	74	0	0	78	18	37028
TP1_synth_forward	TP1_synth_forward	79	C	137	644686	790	25	0	71	190	645899	11	36950	24	3	0	30	8	37026
TP1_synth_forward	TP1_synth_forward	80	G	393	314	464	644003	0	144	565	645883	18	52	11	36820	0	39	82	37022
TP1_synth_forward	TP1_synth_forward	81	C	105	644529	870	13	34	195	98	645844	9	36922	40	0	4	41	5	37021
TP1_synth_forward	TP1_synth_forward	82	A	644068	48	1454	95	0	68	110	645843	36918	5	51	2	0	40	5	37021
TP1_synth_forward	TP1_synth_forward	83	A	645509	18	116	51	0	67	82	645843	36989	1	16	1	0	9	5	37021
TP1_synth_forward	TP1_synth_forward	84	A	645553	21	1	105	0	64	75	645819	37007	2	0	6	0	3	1	37019
TP1_synth_forward	TP1_synth_forward	85	G	490	201	141	643960	2	15	927	645736	20	43	9	36766	0	4	147	36989
TP1_synth_forward	TP1_synth_forward	86	C	468	644913	154	38	2	28	94	645697	33	36930	7	2	0	5	8	36985
TP1_synth_forward	TP1_synth_forward	87	T	2330	60	77	38	19	104	643008	645636	245	3	13	2	4	55	36652	36974
TP1_synth_forward	TP1_synth_forward	88	G	165	236	42	644616	378	35	141	645613	18	17	4	36883	10	21	18	36971
TP1_synth_forward	TP1_synth_forward	89	T	752	86	26	10	0	67	644631	645572	75	0	6	1	0	33	36848	36963
TP1_synth_forward	TP1_synth_forward	90	T	1031	84	5	28	649	115	643562	645474	142	5	3	1	20	47	36731	36949
TP1_synth_forward	TP1_synth_forward	91	C	468	644383	393	47	0	20	118	645429	34	36876	10	2	0	10	5	36937
TP1_synth_forward	TP1_synth_forward	92	C	228	644684	0	31	0	81	208	645232	10	36866	0	2	0	49	3	36930
TP1_synth_forward	TP1_synth_forward	93	G	371	148	0	644267	0	24	86	644896	22	30	0	36843	0	13	11	36919
TP1_synth_forward	TP1_synth_forward	94	T	999	74	0	43	0	76	642970	644162	115	2	0	5	0	44	36717	36883
TP1_synth_forward	TP1_synth_forward	95	C	226	643352	0	46	0	60	106	643790	13	36808	0	1	0	37	6	36865
TP1_synth_forward	TP1_synth_forward	96	C	0	643178	0	0	0	11	0	643189	0	36826	0	0	0	8	0	36834
TP1_synth_forward	TP1_synth_forward	97	C	0	641095	0	0	0	7	0	641102	0	36735	0	0	0	2	0	36737
TP1_synth_forward	TP1_synth_forward	98	A	638468	0	0	0	0	38	0	638506	36616	0	0	0	0	12	0	36628
TP1_synth_forward	TP1_synth_forward	99	G	0	0	0	637574	0	0	0	637574	0	0	0	36551	0	0	0	36551
TP1_synth_forward	TP1_synth_forward	100	T	0	0	0	0	0	0	636124	636124	0	0	0	0	0	0	36414	36414
