



























































































































































































































#AmpliconChromStart	Alias	Position	ProbableRef	rawA	rawC	rawD	rawG	rawI	rawN	rawT	rawDepth	consA	consC	consD	consG	consI	consN	consT	consDepth	
TP1_synth_forward		5	T	0	0	0	0	0	0	429	429	0	0	0	0	0	0	267	267
TP1_synth_forward		6	G	0	0	0	999	0	0	0	999	0	0	0	628	0	0	0	628
TP1_synth_forward		7	A	1807	0	0	0	0	0	0	1807	679	0	0	0	0	0	0	679
TP1_synth_forward		8	G	0	0	0	5292	0	1	0	5293	0	0	0	768	0	1	0	769
TP1_synth_forward		9	G	0	0	0	5834	0	0	0	5834	0	0	0	808	0	0	0	808
TP1_synth_forward		10	C	3	5851	0	0	0	0	0	5854	1	817	0	0	0	0	0	818
TP1_synth_forward		11	T	13	0	0	0	0	0	5859	5872	9	0	0	0	0	0	826	835
TP1_synth_forward		12	C	7	5873	0	0	0	2	0	5882	4	839	0	0	0	0	0	843
TP1_synth_forward		13	C	15	5887	0	0	0	1	1	5904	12	847	0	0	0	0	0	859
TP1_synth_forward		14	C	18	5895	0	0	0	0	2	5915	7	861	0	0	0	0	0	868
TP1_synth_forward		15	C	2	5914	0	1	4	0	0	5921	1	869	0	0	3	0	0	873
TP1_synth_forward		16	T	35	0	4	0	0	0	5882	5921	24	0	3	0	0	0	846	873
TP1_synth_forward		17	T	75	2	0	0	0	0	5855	5932	44	1	0	0	0	0	834	879
TP1_synth_forward		18	T	26	1	0	0	3	0	5924	5954	12	0	0	0	3	0	878	893
TP1_synth_forward		19	A	6149	0	4	0	0	0	3	6156	1069	0	1	0	0	0	0	1070
TP1_synth_forward		20	T	22	0	1	0	1	2	6130	6156	11	0	1	0	1	1	1056	1070
TP1_synth_forward		21	A	6176	0	0	1	0	0	0	6177	1077	0	0	0	0	0	0	1077
TP1_synth_forward		22	C	7	6160	5	1	2	1	1	6177	2	1071	2	1	1	0	0	1077
TP1_synth_forward		23	A	6170	1	0	2	4	0	0	6177	1074	0	0	0	3	0	0	1077
TP1_synth_forward		24	G	1	19	0	6139	3	1	14	6177	0	7	0	1060	1	1	8	1077
TP1_synth_forward		25	A	6178	2	0	0	0	1	1	6182	1079	1	0	0	0	0	1	1081
TP1_synth_forward		26	A	6179	0	0	1	0	1	1	6182	1080	0	0	0	0	1	0	1081
TP1_synth_forward		27	T	64	0	0	3	1	0	6114	6182	26	0	0	2	1	0	1052	1081
TP1_synth_forward		28	A	6176	0	0	0	3	2	1	6182	1079	0	0	0	1	1	0	1081
TP1_synth_forward		29	T	31	1	0	2	0	0	6148	6182	18	0	0	2	0	0	1061	1081
TP1_synth_forward		30	C	8	6170	0	1	1	1	1	6182	5	1074	0	0	1	1	0	1081
TP1_synth_forward		31	T	44	1	0	2	7	0	6128	6182	26	0	0	1	5	0	1049	1081
TP1_synth_forward		32	G	5	48	1	6116	0	1	11	6182	4	32	1	1039	0	1	4	1081
TP1_synth_forward		33	T	88	0	0	0	0	0	6094	6182	69	0	0	0	0	0	1012	1081
TP1_synth_forward		34	T	62	1	0	9	0	0	6116	6188	37	1	0	6	0	0	1039	1083
TP1_synth_forward		35	C	12	6179	0	1	1	2	1	6196	10	1076	0	0	1	1	0	1088
TP1_synth_forward		36	G	4	21	0	6080	1	0	90	6196	1	18	0	1010	0	0	59	1088
TP1_synth_forward		37	C	17	6183	1	3	0	0	1	6205	9	1085	0	3	0	0	0	1097
TP1_synth_forward		38	A	6194	2	0	3	0	0	6	6205	1092	1	0	1	0	0	3	1097
TP1_synth_forward		39	C	11	6187	0	4	0	2	1	6205	7	1085	0	4	0	0	1	1097
TP1_synth_forward		40	T	65	1	0	9	0	0	6130	6205	38	0	0	7	0	0	1052	1097
TP1_synth_forward		41	C	10	6191	0	2	0	1	2	6206	9	1086	0	1	0	0	2	1098
TP1_synth_forward		42	C	12	6189	0	0	1	0	2	6204	8	1087	0	0	0	0	1	1096
TP1_synth_forward		43	G	1	29	1	6048	0	0	124	6203	1	21	0	1016	0	0	58	1096
TP1_synth_forward		44	A	6193	1	0	3	5	0	1	6203	1092	1	0	0	3	0	0	1096
TP1_synth_forward		45	G	4	19	0	6079	1	1	99	6203	2	15	0	1023	1	1	54	1096
TP1_synth_forward		46	T	89	0	0	0	1	0	6113	6203	42	0	0	0	1	0	1053	1096
TP1_synth_forward		47	G	0	18	0	6073	0	0	110	6201	0	11	0	1022	0	0	62	1095
TP1_synth_forward		48	C	31	6167	0	1	1	0	1	6201	16	1077	0	1	1	0	0	1095
TP1_synth_forward		49	G	3	8	3	6073	0	0	112	6199	1	6	0	1022	0	0	64	1093
TP1_synth_forward		50	G	7	21	0	6107	0	0	64	6199	3	13	0	1047	0	0	30	1093
TP1_synth_forward		51	C	17	6356	0	8	0	0	1	6382	9	1099	0	5	0	0	0	1113
TP1_synth_forward		52	T	45	0	0	9	0	1	6151	6206	16	0	0	4	0	1	925	946
TP1_synth_forward		53	T	69	2	1	6	1	1	6126	6206	34	0	1	4	1	1	905	946
TP1_synth_forward		54	G	16	16	2	6127	1	1	43	6206	8	6	2	912	0	0	18	946
TP1_synth_forward		55	C	23	5885	6	0	298	0	3	6215	10	933	3	0	8	0	1	955
TP1_synth_forward		56	G	14	6	2	6137	2	0	58	6219	4	1	2	924	0	0	27	958
TP1_synth_forward		57	G	48	17	2	6177	0	0	11	6255	20	7	2	935	0	0	4	968
TP1_synth_forward		58	A	6289	0	1	5	0	0	1	6296	973	0	1	2	0	0	0	976
TP1_synth_forward		59	G	37	26	1	6225	0	1	6	6296	15	11	1	944	0	0	5	976
TP1_synth_forward		60	A	6423	1	0	5	0	1	0	6430	988	0	0	2	0	0	0	990
TP1_synth_forward		61	T	23	0	0	7	0	0	6397	6427	11	0	0	6	0	0	970	987
TP1_synth_forward		62	T	57	2	0	1	0	0	6376	6436	29	0	0	0	0	0	959	988
TP1_synth_forward		63	C	12	6421	2	0	0	0	1	6436	6	981	1	0	0	0	0	988
TP1_synth_forward		64	T	42	0	0	5	1	1	6399	6448	15	0	0	4	0	1	971	991
TP1_synth_forward		65	C	22	6432	5	1	0	0	1	6461	9	987	2	1	0	0	0	999
TP1_synth_forward		66	T	50	0	1	7	0	1	6419	6478	29	0	1	2	0	1	972	1005
TP1_synth_forward		67	T	44	6	2	1	0	0	6425	6478	24	2	0	0	0	0	979	1005
TP1_synth_forward		68	C	18	6455	3	1	0	0	1	6478	11	994	0	0	0	0	0	1005
TP1_synth_forward		69	C	19	6453	0	3	0	0	3	6478	12	992	0	1	0	0	0	1005
TP1_synth_forward		70	T	24	1	0	2	0	0	6451	6478	13	0	0	1	0	0	991	1005
TP1_synth_forward		71	C	5	6468	0	0	0	1	3	6477	1	1004	0	0	0	0	0	1005
TP1_synth_forward		72	T	36	0	3	1	0	1	6436	6477	19	0	0	0	0	1	985	1005
TP1_synth_forward		73	G	13	11	0	6448	0	0	5	6477	10	3	0	991	0	0	1	1005
TP1_synth_forward		74	T	29	1	0	0	0	0	6447	6477	10	0	0	0	0	0	995	1005
TP1_synth_forward		75	G	22	4	0	6440	0	0	10	6476	19	2	0	978	0	0	6	1005
TP1_synth_forward		76	C	11	6464	0	0	0	0	1	6476	8	997	0	0	0	0	0	1005
TP1_synth_forward		77	G	6	6	1	6395	0	3	65	6476	6	2	1	944	0	1	51	1005
TP1_synth_forward		78	C	16	6458	0	0	0	0	2	6476	11	993	0	0	0	0	1	1005
TP1_synth_forward		79	C	10	6464	0	1	0	0	1	6476	9	995	0	0	0	0	1	1005
TP1_synth_forward		80	G	5	12	0	6423	0	2	34	6476	4	4	0	971	0	0	26	1005
TP1_synth_forward		81	C	12	6278	1	0	0	0	0	6291	5	979	1	0	0	0	0	985
TP1_synth_forward		82	A	6282	1	1	2	0	0	5	6291	985	0	0	0	0	0	0	985
TP1_synth_forward		83	A	6284	0	0	1	0	0	6	6291	984	0	0	0	0	0	1	985
TP1_synth_forward		84	A	6283	2	0	2	0	0	3	6290	984	0	0	1	0	0	0	985
TP1_synth_forward		85	G	4	8	0	6253	0	0	23	6288	2	5	0	959	0	0	19	985
TP1_synth_forward		86	C	9	6275	0	0	1	2	0	6287	5	976	0	0	1	2	0	984
TP1_synth_forward		87	T	47	0	1	4	1	0	6229	6282	19	0	0	1	0	0	961	981
TP1_synth_forward		88	G	11	7	1	6259	0	0	4	6282	10	5	0	965	0	0	1	981
TP1_synth_forward		89	T	34	1	0	1	0	0	6241	6277	16	0	0	1	0	0	961	978
TP1_synth_forward		90	T	33	0	0	0	1	0	6241	6275	12	0	0	0	1	0	965	978
TP1_synth_forward		91	C	4	6267	1	1	0	1	0	6274	3	973	0	1	0	0	0	977
TP1_synth_forward		92	C	3	6268	0	1	0	0	0	6272	2	974	0	0	0	0	0	976
TP1_synth_forward		93	G	2	6	0	6260	0	0	3	6271	1	0	0	972	0	0	2	975
TP1_synth_forward		94	T	27	2	0	1	0	0	6239	6269	15	1	0	0	0	0	958	974
TP1_synth_forward		95	C	1	6264	0	1	0	0	2	6268	0	973	0	0	0	0	0	973
TP1_synth_forward		96	C	0	6249	0	0	0	0	0	6249	0	963	0	0	0	0	0	963
TP1_synth_forward		97	C	0	6232	0	0	0	0	0	6232	0	956	0	0	0	0	0	956
TP1_synth_forward		98	A	6210	0	0	0	0	0	0	6210	947	0	0	0	0	0	0	947
TP1_synth_forward		99	G	0	0	0	6196	0	0	0	6196	0	0	0	942	0	0	0	942
TP1_synth_forward		100	T	0	0	0	0	0	0	6149	6149	0	0	0	0	0	0	926	926
TP1_synth_forward	TP1_synth_forward	1	G	0	0	0	775588	0	0	0	775588	0	0	0	35028	0	0	0	35028
TP1_synth_forward	TP1_synth_forward	2	T	0	0	0	0	0	0	777718	777718	0	0	0	0	0	0	35411	35411
TP1_synth_forward	TP1_synth_forward	3	G	0	0	0	779743	0	12	0	779755	0	0	0	35896	0	0	0	35896
TP1_synth_forward	TP1_synth_forward	4	G	0	0	0	780349	0	26	0	780375	0	0	0	36215	0	1	0	36216
TP1_synth_forward	TP1_synth_forward	5	T	0	0	0	0	0	72	780303	780375	0	0	0	0	0	5	36211	36216
TP1_synth_forward	TP1_synth_forward	6	G	116	55	0	779495	0	96	613	780375	2	5	0	36154	0	39	16	36216
TP1_synth_forward	TP1_synth_forward	7	A	780077	20	0	95	0	57	126	780375	36165	1	0	2	0	39	9	36216
TP1_synth_forward	TP1_synth_forward	8	G	103	39	0	779819	2	348	64	780375	3	7	0	36127	1	72	6	36216
TP1_synth_forward	TP1_synth_forward	9	G	161	104	0	779945	1	45	119	780375	10	17	0	36171	0	4	14	36216
TP1_synth_forward	TP1_synth_forward	10	C	173	779487	4	25	549	11	126	780375	32	36175	0	0	2	0	7	36216
TP1_synth_forward	TP1_synth_forward	11	T	207	114	8	17	182	28	779819	780375	23	6	2	1	25	5	36154	36216
TP1_synth_forward	TP1_synth_forward	12	C	219	775647	4274	14	2	72	147	780375	27	36077	75	0	1	32	4	36216
TP1_synth_forward	TP1_synth_forward	13	C	298	779701	2	20	0	232	122	780375	32	36135	0	1	0	45	3	36216
TP1_synth_forward	TP1_synth_forward	14	C	270	779885	0	13	3	65	139	780375	30	36165	0	0	1	17	3	36216
TP1_synth_forward	TP1_synth_forward	15	C	149	778399	2	9	1728	5	83	780375	8	36130	0	1	71	2	4	36216
TP1_synth_forward	TP1_synth_forward	16	T	340	491	2660	14	2	28	776840	780375	59	17	106	0	1	14	36019	36216
TP1_synth_forward	TP1_synth_forward	17	T	331	1716	2	12	4	11	778299	780375	41	53	0	2	0	8	36112	36216
TP1_synth_forward	TP1_synth_forward	18	T	298	62	90	7	1832	27	778059	780375	52	2	8	0	50	5	36099	36216
TP1_synth_forward	TP1_synth_forward	19	A	776668	5	1000	90	1934	90	588	780375	36041	2	84	4	51	16	18	36216
TP1_synth_forward	TP1_synth_forward	20	T	727	117	1214	44	184	107	777982	780375	89	13	43	1	32	14	36024	36216
TP1_synth_forward	TP1_synth_forward	21	A	779583	5	225	101	255	38	168	780375	36177	0	9	4	11	1	14	36216
TP1_synth_forward	TP1_synth_forward	22	C	280	776350	2293	74	1219	28	131	780375	34	36007	96	9	65	4	1	36216
TP1_synth_forward	TP1_synth_forward	23	A	777787	12	449	115	1805	60	147	780375	36072	0	23	3	99	17	2	36216
TP1_synth_forward	TP1_synth_forward	24	G	117	99	235	776658	1323	30	1913	780375	16	18	7	36065	28	13	69	36216
TP1_synth_forward	TP1_synth_forward	25	A	779698	19	411	108	1	68	70	780375	36178	5	18	3	0	8	4	36216
TP1_synth_forward	TP1_synth_forward	26	A	780139	2	0	106	2	17	109	780375	36198	0	0	5	0	8	5	36216
TP1_synth_forward	TP1_synth_forward	27	T	913	81	28	56	1966	101	777230	780375	139	2	3	10	54	60	35948	36216
TP1_synth_forward	TP1_synth_forward	28	A	779433	9	18	59	724	38	94	780375	36156	0	5	2	26	23	4	36216
TP1_synth_forward	TP1_synth_forward	29	T	456	62	36	212	7	125	779477	780375	74	2	12	15	2	56	36055	36216
TP1_synth_forward	TP1_synth_forward	30	C	569	779080	527	26	7	80	86	780375	173	35976	30	7	2	25	3	36216
TP1_synth_forward	TP1_synth_forward	31	T	1494	84	914	34	1930	87	775698	780241	443	3	45	4	55	34	35529	36113
TP1_synth_forward	TP1_synth_forward	32	G	211	598	289	777395	160	12	1545	780210	10	120	21	35794	22	6	124	36097
TP1_synth_forward	TP1_synth_forward	33	T	3441	83	473	76	2	28	776081	780184	734	3	27	13	1	17	35286	36081
TP1_synth_forward	TP1_synth_forward	34	T	1841	87	3	629	10	77	777513	780160	241	4	0	61	1	25	35740	36072
TP1_synth_forward	TP1_synth_forward	35	C	829	776725	868	43	1396	54	236	780151	212	35715	33	2	67	27	11	36067
TP1_synth_forward	TP1_synth_forward	36	G	203	767	350	773944	772	81	4016	780133	12	291	21	35258	35	30	410	36057
TP1_synth_forward	TP1_synth_forward	37	C	247	779019	585	92	0	29	153	780125	32	35992	10	10	0	3	7	36054
TP1_synth_forward	TP1_synth_forward	38	A	779814	49	1	150	0	17	85	780116	36026	3	1	4	0	5	11	36050
TP1_synth_forward	TP1_synth_forward	39	C	284	777892	1247	121	0	35	528	780107	30	35943	28	9	0	21	14	36045
TP1_synth_forward	TP1_synth_forward	40	T	881	91	227	363	2	173	778349	780086	128	3	20	31	0	81	35769	36032
TP1_synth_forward	TP1_synth_forward	41	C	309	779568	20	33	1	41	110	780082	49	35955	0	1	0	24	1	36030
TP1_synth_forward	TP1_synth_forward	42	C	545	778735	3	69	403	49	258	780062	163	35799	0	6	19	12	17	36016
TP1_synth_forward	TP1_synth_forward	43	G	208	383	831	774095	9	107	4392	780025	11	86	31	35397	0	9	465	35999
TP1_synth_forward	TP1_synth_forward	44	A	778692	40	163	48	988	12	79	780022	35938	12	11	0	36	2	0	35999
TP1_synth_forward	TP1_synth_forward	45	G	780	221	13	773195	1442	26	4330	780007	30	60	4	35427	50	2	420	35993
TP1_synth_forward	TP1_synth_forward	46	T	2493	91	883	121	341	34	776000	779963	540	2	31	25	12	14	35339	35963
TP1_synth_forward	TP1_synth_forward	47	G	114	707	18	774065	1430	20	3580	779934	11	275	6	35209	33	17	399	35950
TP1_synth_forward	TP1_synth_forward	48	C	294	778138	793	36	384	21	266	779932	45	35837	27	2	29	2	7	35949
TP1_synth_forward	TP1_synth_forward	49	G	267	135	3008	772613	9	11	3872	779915	24	54	108	34999	5	7	740	35937
TP1_synth_forward	TP1_synth_forward	50	G	345	306	3	776500	0	63	2686	779903	47	61	2	35347	0	24	447	35928
TP1_synth_forward	TP1_synth_forward	51	C	1856	777350	4	304	5	88	288	779895	170	35653	3	13	0	67	19	35925
TP1_synth_forward	TP1_synth_forward	52	T	1733	61	426	1686	0	89	775889	779884	528	3	27	224	0	64	35071	35917
TP1_synth_forward	TP1_synth_forward	53	T	1548	103	861	354	916	45	776041	779868	386	5	26	34	34	25	35398	35908
TP1_synth_forward	TP1_synth_forward	54	G	275	204	963	777251	333	109	718	779853	33	34	33	35651	10	41	99	35901
TP1_synth_forward	TP1_synth_forward	55	C	1847	774560	1471	30	1532	94	311	779845	126	35590	49	2	104	25	4	35900
TP1_synth_forward	TP1_synth_forward	56	G	1129	114	896	775002	5	59	2631	779836	97	28	32	35082	1	6	652	35898
TP1_synth_forward	TP1_synth_forward	57	G	2571	112	877	775433	3	15	783	779794	168	14	31	35566	1	0	111	35891
TP1_synth_forward	TP1_synth_forward	58	A	777546	30	859	377	758	79	122	779771	35807	2	23	16	31	7	2	35888
TP1_synth_forward	TP1_synth_forward	59	G	1032	327	855	776538	281	61	636	779730	202	64	23	35409	14	33	129	35874
TP1_synth_forward	TP1_synth_forward	60	A	778955	131	0	393	0	135	102	779716	35799	13	0	23	0	31	5	35871
TP1_synth_forward	TP1_synth_forward	61	T	476	63	9	289	0	123	778733	779693	70	2	0	37	0	7	35751	35867
TP1_synth_forward	TP1_synth_forward	62	T	1893	87	0	67	1	94	777496	779638	220	2	0	7	1	27	35597	35854
TP1_synth_forward	TP1_synth_forward	63	C	1292	775935	2007	57	2	32	171	779496	257	35498	59	6	0	10	11	35841
TP1_synth_forward	TP1_synth_forward	64	T	3234	61	15	304	535	64	775251	779464	307	2	3	23	18	34	35450	35837
TP1_synth_forward	TP1_synth_forward	65	C	917	775210	2639	109	0	69	505	779449	83	35626	69	6	0	27	14	35825
TP1_synth_forward	TP1_synth_forward	66	T	2400	91	1367	146	1	57	775383	779445	278	2	47	18	0	11	35469	35825
TP1_synth_forward	TP1_synth_forward	67	T	3888	3297	660	135	0	91	771345	779416	817	95	32	16	0	59	34794	35813
TP1_synth_forward	TP1_synth_forward	68	C	900	777050	1194	69	0	101	102	779416	137	35563	62	0	0	49	2	35813
TP1_synth_forward	TP1_synth_forward	69	C	398	778436	6	197	0	49	320	779406	51	35716	0	15	0	14	10	35806
TP1_synth_forward	TP1_synth_forward	70	T	608	55	10	353	0	132	778244	779402	96	1	1	32	0	53	35623	35806
TP1_synth_forward	TP1_synth_forward	71	C	267	778404	506	55	2	73	92	779399	30	35700	43	4	0	27	1	35805
TP1_synth_forward	TP1_synth_forward	72	T	2735	91	1285	110	1376	108	773691	779396	575	4	60	12	24	65	35064	35804
TP1_synth_forward	TP1_synth_forward	73	G	1558	216	9	777417	3	75	110	779388	93	33	0	35639	1	18	16	35800
TP1_synth_forward	TP1_synth_forward	74	T	1374	92	1	71	0	76	777768	779382	299	1	0	7	0	10	35479	35796
TP1_synth_forward	TP1_synth_forward	75	G	2497	118	24	775216	0	55	1463	779373	95	25	0	35576	0	28	69	35793
TP1_synth_forward	TP1_synth_forward	76	C	601	777865	251	40	0	119	491	779367	148	35573	22	0	0	23	27	35793
TP1_synth_forward	TP1_synth_forward	77	G	299	237	253	777191	0	65	1313	779358	20	40	23	35541	0	15	150	35789
TP1_synth_forward	TP1_synth_forward	78	C	1635	774586	2754	31	0	189	152	779347	60	35547	91	2	0	78	6	35784
TP1_synth_forward	TP1_synth_forward	79	C	185	776759	257	25	0	92	2025	779343	24	35650	22	0	0	41	46	35783
TP1_synth_forward	TP1_synth_forward	80	G	411	1727	285	776011	0	172	714	779320	28	93	23	35483	0	57	94	35778
TP1_synth_forward	TP1_synth_forward	81	C	2713	775030	1198	23	1	221	122	779308	98	35546	81	0	1	43	2	35771
TP1_synth_forward	TP1_synth_forward	82	A	778445	24	531	98	0	76	132	779306	35687	1	42	4	0	34	3	35771
TP1_synth_forward	TP1_synth_forward	83	A	778790	18	258	57	0	57	125	779305	35736	2	22	1	0	2	8	35771
TP1_synth_forward	TP1_synth_forward	84	A	777956	1038	0	110	1	73	105	779283	35739	21	0	4	1	3	3	35771
TP1_synth_forward	TP1_synth_forward	85	G	100	266	1	777801	1	22	1021	779212	9	55	0	35551	0	7	127	35749
TP1_synth_forward	TP1_synth_forward	86	C	237	778729	0	48	4	40	121	779179	36	35698	0	1	1	9	0	35745
TP1_synth_forward	TP1_synth_forward	87	T	2436	97	1	39	1015	139	775372	779099	244	6	0	3	16	70	35389	35728
TP1_synth_forward	TP1_synth_forward	88	G	437	324	119	777804	155	59	167	779065	22	18	2	35623	4	37	13	35719
TP1_synth_forward	TP1_synth_forward	89	T	844	103	38	22	1	71	777939	779018	56	8	1	1	0	38	35608	35712
TP1_synth_forward	TP1_synth_forward	90	T	1349	177	1	32	42	134	777227	778962	151	4	0	0	3	55	35483	35696
TP1_synth_forward	TP1_synth_forward	91	C	391	778318	38	36	0	16	117	778916	47	35620	1	4	0	9	4	35685
TP1_synth_forward	TP1_synth_forward	92	C	270	777130	0	31	0	80	176	777687	10	35582	0	2	0	48	7	35649
TP1_synth_forward	TP1_synth_forward	93	G	552	174	0	776634	0	29	228	777617	37	28	0	35533	0	17	27	35642
TP1_synth_forward	TP1_synth_forward	94	T	1229	247	0	38	0	100	775876	777490	127	7	0	2	0	64	35428	35628
TP1_synth_forward	TP1_synth_forward	95	C	151	776963	0	51	0	89	157	777411	14	35548	0	4	0	51	5	35622
TP1_synth_forward	TP1_synth_forward	96	C	0	776185	0	0	0	7	0	776192	0	35569	0	0	0	4	0	35573
TP1_synth_forward	TP1_synth_forward	97	C	0	775154	0	0	0	3	0	775157	0	35505	0	0	0	2	0	35507
TP1_synth_forward	TP1_synth_forward	98	A	771663	0	0	0	0	36	0	771699	35346	0	0	0	0	18	0	35364
TP1_synth_forward	TP1_synth_forward	99	G	0	0	0	770589	0	0	0	770589	0	0	0	35249	0	0	0	35249
TP1_synth_forward	TP1_synth_forward	100	T	0	0	0	0	0	0	768676	768676	0	0	0	0	0	0	35114	35114
