



























































































































































































































#AmpliconChromStart	Alias	Position	ProbableRef	rawA	rawC	rawD	rawG	rawI	rawN	rawT	rawDepth	consA	consC	consD	consG	consI	consN	consT	consDepth	
TP1_synth_reverse		1	G	0	0	0	734208	0	0	0	734208	0	0	0	12768	0	0	0	12768
TP1_synth_reverse		2	T	0	0	0	0	0	0	735942	735942	0	0	0	0	0	0	12788	12788
TP1_synth_reverse		3	G	0	0	0	738544	0	63	0	738607	0	0	0	12813	0	0	0	12813
TP1_synth_reverse		4	G	0	0	0	739207	0	59	0	739266	0	0	0	12823	0	0	0	12823
TP1_synth_reverse		5	T	0	0	0	0	0	12	739719	739731	0	0	0	0	0	0	12831	12831
TP1_synth_reverse		6	G	111	64	0	739656	0	13	329	740173	0	0	0	12828	0	0	5	12833
TP1_synth_reverse		7	A	740016	19	0	80	0	75	116	740306	12836	0	0	0	0	0	0	12836
TP1_synth_reverse		8	G	83	67	0	739481	0	99	726	740456	0	0	0	12836	0	0	4	12840
TP1_synth_reverse		9	G	77	118	0	740433	4	23	117	740772	0	0	0	12846	0	0	0	12846
TP1_synth_reverse		10	C	230	740354	1	24	2	21	162	740794	0	12846	0	0	0	0	1	12847
TP1_synth_reverse		11	T	151	129	36	10	14	28	740426	740794	0	0	1	0	0	0	12846	12847
TP1_synth_reverse		12	C	268	740002	165	12	0	76	271	740794	1	12845	0	0	0	0	1	12847
TP1_synth_reverse		13	C	405	740196	0	19	0	70	104	740794	0	12847	0	0	0	0	0	12847
TP1_synth_reverse		14	C	385	740240	0	17	0	40	112	740794	0	12847	0	0	0	0	0	12847
TP1_synth_reverse		15	C	271	740341	0	20	6	58	98	740794	1	12846	0	0	0	0	0	12847
TP1_synth_reverse		16	T	298	79	165	14	0	187	740051	740794	0	0	1	0	0	0	12846	12847
TP1_synth_reverse		17	T	312	106	1	6	0	56	740313	740794	0	0	0	0	0	0	12847	12847
TP1_synth_reverse		18	T	281	125	1	4	2	53	740328	740794	0	0	0	0	0	0	12847	12847
TP1_synth_reverse		19	C	406	740993	6	17	3	63	90	741578	1	12847	0	0	0	0	0	12848
TP1_synth_reverse		20	T	200	83	81	7	0	21	741186	741578	0	0	3	0	0	0	12845	12848
TP1_synth_reverse		21	T	445	145	3	45	8	88	740853	741587	0	0	0	0	0	0	12848	12848
TP1_synth_reverse		22	G	271	400	75	740076	4	11	765	741602	2	0	1	12831	0	0	15	12849
TP1_synth_reverse		23	C	808	740043	29	66	23	26	617	741612	5	12837	0	0	0	0	7	12849
TP1_synth_reverse		24	G	465	199	29	740025	0	31	863	741612	4	1	1	12841	0	0	2	12849
TP1_synth_reverse		25	G	125	613	4	740352	2	97	434	741627	0	1	0	12847	0	0	2	12850
TP1_synth_reverse		26	A	741205	19	11	240	9	43	125	741652	12850	0	0	1	0	0	0	12851
TP1_synth_reverse		27	G	70	699	44	740180	0	12	647	741652	0	0	1	12846	0	0	4	12851
TP1_synth_reverse		28	A	741379	14	64	88	6	30	92	741673	12850	0	2	0	0	0	0	12852
TP1_synth_reverse		29	T	258	107	221	128	0	121	740838	741673	0	0	3	0	0	0	12849	12852
TP1_synth_reverse		30	T	892	109	14	41	1	101	740515	741673	1	0	0	0	0	0	12851	12852
TP1_synth_reverse		31	C	1139	740197	21	27	0	60	224	741668	4	12848	0	0	0	0	1	12853
TP1_synth_reverse		32	T	503	56	16	47	0	330	740716	741668	0	0	0	0	0	0	12853	12853
TP1_synth_reverse		33	C	480	740901	17	34	1	113	116	741662	1	12852	0	0	0	0	0	12853
TP1_synth_reverse		34	T	612	111	113	62	0	72	740694	741664	0	0	3	0	0	0	12850	12853
TP1_synth_reverse		35	T	1326	104	40	59	5	91	740027	741652	0	0	2	0	0	0	12851	12853
TP1_synth_reverse		36	C	1001	740286	53	27	0	46	235	741648	2	12848	2	0	0	0	1	12853
TP1_synth_reverse		37	C	837	740535	49	47	0	52	113	741633	4	12847	2	0	0	0	0	12853
TP1_synth_reverse		38	T	612	157	53	198	1	20	740580	741621	0	1	2	0	0	0	12850	12853
TP1_synth_reverse		39	C	439	740926	53	42	0	71	84	741615	1	12850	2	0	0	0	0	12853
TP1_synth_reverse		40	T	1102	263	57	26	6	149	740006	741609	0	5	2	0	0	0	12846	12853
TP1_synth_reverse		41	G	735	524	54	739625	1	18	640	741597	2	0	2	12842	0	0	7	12853
TP1_synth_reverse		42	T	1900	115	10	24	6	56	739494	741605	0	1	0	0	0	0	12852	12853
TP1_synth_reverse		43	G	587	415	11	739824	4	341	459	741641	0	0	0	12850	0	0	4	12854
TP1_synth_reverse		44	C	677	740013	15	75	9	157	716	741662	3	12843	0	0	0	0	9	12855
TP1_synth_reverse		45	G	335	303	7	738758	3	45	2192	741643	2	1	0	12841	0	0	11	12855
TP1_synth_reverse		46	C	796	740497	126	35	0	13	172	741639	3	12847	2	0	0	0	3	12855
TP1_synth_reverse		47	C	362	740870	4	168	5	32	215	741656	0	12855	0	1	0	0	0	12856
TP1_synth_reverse		48	G	368	572	21	739418	1	34	1232	741646	2	1	0	12847	0	0	7	12857
TP1_synth_reverse		49	A	741273	36	7	69	0	172	112	741669	12857	0	0	0	0	0	0	12857
TP1_synth_reverse		50	T	834	72	4	141	1	108	740494	741654	0	0	0	0	0	0	12857	12857
TP1_synth_reverse		51	A	741329	39	11	98	2	98	109	741686	12858	0	0	0	0	0	0	12858
TP1_synth_reverse		52	C	744	740495	6	91	1	239	103	741679	3	12855	0	0	0	0	0	12858
TP1_synth_reverse		53	A	741081	26	9	230	3	266	142	741757	12857	0	0	1	0	0	1	12859
TP1_synth_reverse		54	G	133	212	16	740715	7	63	595	741741	0	0	0	12855	0	0	4	12859
TP1_synth_reverse		55	A	741345	72	11	271	1	107	68	741875	12859	0	0	1	0	0	0	12860
TP1_synth_reverse		56	A	741521	11	4	149	1	70	116	741872	12860	0	0	0	0	0	0	12860
TP1_synth_reverse		57	T	1425	59	11	183	4	194	739974	741850	1	0	0	0	0	0	12859	12860
TP1_synth_reverse		58	A	741379	12	116	80	0	236	112	741935	12860	0	1	0	0	0	0	12861
TP1_synth_reverse		59	T	807	56	195	93	0	320	740440	741911	0	0	2	0	0	0	12859	12861
TP1_synth_reverse		60	C	725	740829	10	47	0	223	54	741888	2	12859	0	0	0	0	0	12861
TP1_synth_reverse		61	T	1030	192	3	35	1	177	740456	741894	0	1	0	0	0	0	12861	12862
TP1_synth_reverse		62	G	470	190	66	739939	2	290	917	741874	3	0	1	12851	0	0	7	12862
TP1_synth_reverse		63	T	1794	58	10	18	0	118	739954	741952	0	0	0	0	0	0	12863	12863
TP1_synth_reverse		64	T	1546	52	7	13	2	43	740294	741957	0	0	0	0	0	0	12864	12864
TP1_synth_reverse		65	C	1020	740473	46	42	3	127	235	741946	2	12859	1	0	0	0	2	12864
TP1_synth_reverse		66	G	986	324	40	738812	0	51	1721	741934	6	0	1	12840	0	0	17	12864
TP1_synth_reverse		67	C	776	740650	155	61	0	186	134	741962	0	12861	2	1	0	0	1	12865
TP1_synth_reverse		68	A	741531	195	6	136	0	87	59	742014	12866	0	0	0	0	0	0	12866
TP1_synth_reverse		69	C	276	741341	188	81	0	42	80	742008	1	12862	2	1	0	0	0	12866
TP1_synth_reverse		70	T	977	493	175	60	2	79	740211	741997	1	4	1	0	0	0	12860	12866
TP1_synth_reverse		71	C	601	740966	17	28	1	287	94	741994	3	12863	0	0	0	0	0	12866
TP1_synth_reverse		72	C	630	740859	7	59	1	102	330	741988	0	12864	0	0	0	0	2	12866
TP1_synth_reverse		73	G	364	435	22	740294	0	300	557	741972	5	0	0	12859	0	0	2	12866
TP1_synth_reverse		74	A	741616	45	8	149	3	92	57	741970	12865	0	0	1	0	0	0	12866
TP1_synth_reverse		75	G	108	329	21	740568	0	47	874	741947	0	0	0	12856	0	0	10	12866
TP1_synth_reverse		76	T	811	86	26	77	3	51	740881	741935	0	0	0	0	0	0	12866	12866
TP1_synth_reverse		77	G	318	292	86	740648	2	51	513	741910	3	0	2	12855	0	0	6	12866
TP1_synth_reverse		78	C	532	739673	23	49	2	413	1214	741906	0	12851	0	0	0	0	15	12866
TP1_synth_reverse		79	G	242	467	13	733301	0	101	7773	741897	2	0	0	12784	0	0	80	12866
TP1_synth_reverse		80	G	148	226	5	737083	1	116	4299	741878	1	0	0	12814	0	0	51	12866
TP1_synth_reverse		81	C	657	740863	20	71	5	85	160	741861	5	12861	0	0	0	0	0	12866
TP1_synth_reverse		82	A	740523	35	244	145	0	70	134	741151	12864	0	2	0	0	0	0	12866
TP1_synth_reverse		83	A	740694	52	15	94	0	205	90	741150	12866	0	0	0	0	0	0	12866
TP1_synth_reverse		84	A	740680	45	2	124	0	221	48	741120	12866	0	0	0	0	0	0	12866
TP1_synth_reverse		85	G	146	238	0	740133	198	115	191	741021	0	0	0	12863	3	0	0	12866
TP1_synth_reverse		86	C	1044	739515	3	51	73	60	241	740987	7	12857	0	0	0	0	2	12866
TP1_synth_reverse		87	T	947	86	32	26	19	242	739565	740917	0	0	0	0	0	0	12866	12866
TP1_synth_reverse		88	G	152	355	5	739770	248	140	203	740873	0	0	0	12865	1	0	0	12866
TP1_synth_reverse		89	T	530	92	608	24	0	39	739543	740836	0	0	4	0	0	0	12862	12866
TP1_synth_reverse		90	T	545	104	2	19	2	70	739974	740716	0	0	0	0	0	0	12865	12865
TP1_synth_reverse		91	C	420	739724	0	96	0	264	104	740608	0	12865	0	0	0	0	0	12865
TP1_synth_reverse		92	C	581	738987	0	78	0	320	206	740172	0	12863	0	1	0	0	0	12864
TP1_synth_reverse		93	G	253	261	0	738355	0	116	140	739125	0	0	0	12862	0	0	0	12862
TP1_synth_reverse		94	T	412	104	0	48	0	63	738109	738736	0	0	0	0	0	0	12862	12862
TP1_synth_reverse		95	C	0	737931	0	0	0	145	0	738076	0	12862	0	0	0	0	0	12862
TP1_synth_reverse		96	C	0	737226	0	0	0	95	0	737321	0	12859	0	0	0	0	0	12859
TP1_synth_reverse		97	C	0	735937	0	0	0	144	0	736081	0	12859	0	0	0	0	0	12859
TP1_synth_reverse		98	A	734087	0	0	0	0	0	0	734087	12856	0	0	0	0	0	0	12856
TP1_synth_reverse		99	G	0	0	0	733196	0	0	0	733196	0	0	0	12854	0	0	0	12854
