



























































































































































































































#AmpliconChromStart	Alias	Position	ProbableRef	rawA	rawC	rawD	rawG	rawI	rawN	rawT	rawDepth	consA	consC	consD	consG	consI	consN	consT	consDepth	
TP1_synth_reverse		1	G	0	0	0	734208	0	0	0	734208	0	0	0	13916	0	0	0	13916
TP1_synth_reverse		2	T	0	0	0	0	0	0	735942	735942	0	0	0	0	0	0	13936	13936
TP1_synth_reverse		3	G	0	0	0	738544	0	63	0	738607	0	0	0	13962	0	0	0	13962
TP1_synth_reverse		4	G	0	0	0	739207	0	59	0	739266	0	0	0	13974	0	0	0	13974
TP1_synth_reverse		5	T	0	0	0	0	0	12	739719	739731	0	0	0	0	0	0	13982	13982
TP1_synth_reverse		6	G	111	64	0	739656	0	13	329	740173	0	0	0	13979	0	0	5	13984
TP1_synth_reverse		7	A	740016	19	0	80	0	75	116	740306	13987	0	0	0	0	0	0	13987
TP1_synth_reverse		8	G	83	67	0	739481	0	99	726	740456	0	0	0	13987	0	0	4	13991
TP1_synth_reverse		9	G	77	118	0	740433	4	23	117	740772	0	0	0	13997	0	0	0	13997
TP1_synth_reverse		10	C	230	740354	1	24	2	21	162	740794	0	13997	0	0	0	0	1	13998
TP1_synth_reverse		11	T	151	129	36	10	14	28	740426	740794	0	0	1	0	0	0	13997	13998
TP1_synth_reverse		12	C	268	740002	165	12	0	76	271	740794	1	13996	0	0	0	0	1	13998
TP1_synth_reverse		13	C	405	740196	0	19	0	70	104	740794	0	13998	0	0	0	0	0	13998
TP1_synth_reverse		14	C	385	740240	0	17	0	40	112	740794	0	13998	0	0	0	0	0	13998
TP1_synth_reverse		15	C	271	740341	0	20	6	58	98	740794	1	13997	0	0	0	0	0	13998
TP1_synth_reverse		16	T	298	79	165	14	0	187	740051	740794	0	0	2	0	0	0	13996	13998
TP1_synth_reverse		17	T	312	106	1	6	0	56	740313	740794	0	0	0	0	0	0	13998	13998
TP1_synth_reverse		18	T	281	125	1	4	2	53	740328	740794	0	0	0	0	0	0	13998	13998
TP1_synth_reverse		19	C	406	740993	6	17	3	63	90	741578	1	13998	0	0	0	0	0	13999
TP1_synth_reverse		20	T	200	83	81	7	0	21	741186	741578	0	0	3	0	0	0	13996	13999
TP1_synth_reverse		21	T	445	145	3	45	8	88	740853	741587	0	0	0	0	0	0	13999	13999
TP1_synth_reverse		22	G	271	400	75	740076	4	11	765	741602	2	0	1	13981	0	0	16	14000
TP1_synth_reverse		23	C	808	740033	29	66	23	26	617	741602	5	13988	0	0	0	0	7	14000
TP1_synth_reverse		24	G	465	199	29	740015	0	31	863	741602	4	1	1	13992	0	0	2	14000
TP1_synth_reverse		25	G	125	613	4	740342	2	97	434	741617	0	1	0	13997	0	0	3	14001
TP1_synth_reverse		26	A	741195	19	11	240	9	43	125	741642	14001	0	0	1	0	0	0	14002
TP1_synth_reverse		27	G	70	699	44	740170	0	12	647	741642	0	0	1	13997	0	0	4	14002
TP1_synth_reverse		28	A	741369	14	64	88	6	30	92	741663	14001	0	2	0	0	0	0	14003
TP1_synth_reverse		29	T	258	107	221	128	0	121	740828	741663	0	0	3	0	0	0	14000	14003
TP1_synth_reverse		30	T	890	109	14	41	1	101	740524	741680	1	0	1	0	0	0	14002	14004
TP1_synth_reverse		31	C	1138	740205	21	27	0	60	224	741675	4	13999	1	0	0	0	1	14005
TP1_synth_reverse		32	T	503	56	16	47	0	330	740723	741675	0	0	1	0	0	0	14005	14006
TP1_synth_reverse		33	C	480	740908	17	34	1	113	116	741669	1	14003	1	0	0	0	1	14006
TP1_synth_reverse		34	T	611	111	113	62	0	72	740699	741668	0	0	3	0	0	0	14003	14006
TP1_synth_reverse		35	T	1326	104	40	59	5	91	740031	741656	0	0	2	0	0	0	14004	14006
TP1_synth_reverse		36	C	1001	740290	53	27	0	46	235	741652	2	14001	2	0	0	0	1	14006
TP1_synth_reverse		37	C	838	740538	49	47	0	52	113	741637	4	14000	2	0	0	0	0	14006
TP1_synth_reverse		38	T	613	157	53	198	1	20	740583	741625	0	1	2	0	0	0	14003	14006
TP1_synth_reverse		39	C	439	740930	53	42	0	71	84	741619	1	14003	2	0	0	0	0	14006
TP1_synth_reverse		40	T	1103	263	57	26	6	149	740009	741613	0	5	2	0	0	0	13999	14006
TP1_synth_reverse		41	G	735	523	54	739630	1	18	640	741601	2	0	2	13995	0	0	7	14006
TP1_synth_reverse		42	T	1900	115	10	24	6	56	739498	741609	0	1	0	0	0	0	14005	14006
TP1_synth_reverse		43	G	587	414	11	739829	4	341	459	741645	0	0	0	14003	0	0	4	14007
TP1_synth_reverse		44	C	677	740017	15	75	9	157	716	741666	3	13996	0	0	0	0	9	14008
TP1_synth_reverse		45	G	335	303	7	738759	3	45	2195	741647	2	1	0	13994	0	0	11	14008
TP1_synth_reverse		46	C	796	740501	126	35	0	13	172	741643	3	13999	3	0	0	0	3	14008
TP1_synth_reverse		47	C	362	740874	4	168	5	32	215	741660	0	14008	0	1	0	0	0	14009
TP1_synth_reverse		48	G	367	572	21	739423	1	34	1232	741650	3	1	0	13999	0	0	7	14010
TP1_synth_reverse		49	A	741277	36	7	69	0	172	112	741673	14010	0	0	0	0	0	0	14010
TP1_synth_reverse		50	T	832	72	4	141	1	108	740500	741658	0	0	0	0	0	0	14010	14010
TP1_synth_reverse		51	A	741299	39	11	98	2	98	109	741656	14010	0	0	0	0	0	0	14010
TP1_synth_reverse		52	C	743	740466	6	91	1	239	103	741649	3	14007	0	0	0	0	0	14010
TP1_synth_reverse		53	A	741051	26	9	230	3	266	142	741727	14009	0	0	1	0	0	1	14011
TP1_synth_reverse		54	G	135	213	16	740682	7	63	595	741711	0	0	0	14006	0	0	5	14011
TP1_synth_reverse		55	A	741315	72	11	271	1	107	68	741845	14011	0	0	1	0	0	0	14012
TP1_synth_reverse		56	A	741491	11	4	149	1	70	116	741842	14012	0	0	0	0	0	0	14012
TP1_synth_reverse		57	T	1427	59	11	183	4	194	739942	741820	1	0	0	0	0	0	14011	14012
TP1_synth_reverse		58	A	741349	12	116	80	0	236	112	741905	14012	0	1	0	0	0	0	14013
TP1_synth_reverse		59	T	809	56	195	93	0	320	740408	741881	0	0	2	0	0	0	14011	14013
TP1_synth_reverse		60	C	725	740799	10	47	0	223	54	741858	2	14011	0	0	0	0	0	14013
TP1_synth_reverse		61	T	1030	192	3	34	1	177	740427	741864	0	1	0	0	0	0	14013	14014
TP1_synth_reverse		62	G	470	190	66	739916	2	290	917	741851	3	0	1	14003	0	0	8	14015
TP1_synth_reverse		63	T	1793	58	10	18	0	118	739932	741929	0	0	0	0	0	0	14016	14016
TP1_synth_reverse		64	T	1543	52	7	13	2	43	740274	741934	0	0	0	0	0	0	14017	14017
TP1_synth_reverse		65	C	1018	740460	46	42	3	127	235	741931	2	14013	1	0	0	0	2	14018
TP1_synth_reverse		66	G	986	324	40	738798	0	51	1720	741919	6	0	1	13992	0	0	19	14018
TP1_synth_reverse		67	C	775	740638	155	60	0	186	134	741948	1	14014	2	1	0	0	1	14019
TP1_synth_reverse		68	A	741517	195	6	136	0	87	59	742000	14020	0	0	0	0	0	0	14020
TP1_synth_reverse		69	C	276	741327	188	81	0	42	80	741994	1	14016	2	1	0	0	0	14020
TP1_synth_reverse		70	T	976	493	175	60	2	79	740198	741983	1	4	1	0	0	0	14014	14020
TP1_synth_reverse		71	C	600	740953	17	28	1	287	94	741980	3	14017	0	0	0	0	0	14020
TP1_synth_reverse		72	C	629	740846	7	59	1	102	330	741974	0	14018	0	0	0	0	2	14020
TP1_synth_reverse		73	G	364	435	22	740281	0	300	556	741958	5	0	0	14013	0	0	2	14020
TP1_synth_reverse		74	A	741602	45	8	149	3	92	57	741956	14019	0	0	1	0	0	0	14020
TP1_synth_reverse		75	G	108	329	21	740554	0	47	874	741933	0	0	0	14008	0	0	12	14020
TP1_synth_reverse		76	T	811	86	26	76	3	51	740868	741921	0	0	0	0	0	0	14020	14020
TP1_synth_reverse		77	G	318	292	86	740634	2	51	513	741896	3	0	2	14009	0	0	6	14020
TP1_synth_reverse		78	C	531	739660	23	49	2	413	1214	741892	0	14004	0	0	0	0	16	14020
TP1_synth_reverse		79	G	242	467	13	733288	0	101	7772	741883	2	0	0	13933	0	0	85	14020
TP1_synth_reverse		80	G	148	226	5	737070	1	116	4298	741864	2	0	0	13961	0	0	57	14020
TP1_synth_reverse		81	C	656	740851	20	70	5	85	160	741847	5	14015	0	0	0	0	0	14020
TP1_synth_reverse		82	A	740510	35	244	144	0	70	134	741137	14018	0	2	0	0	0	0	14020
TP1_synth_reverse		83	A	740681	52	15	93	0	205	90	741136	14020	0	0	0	0	0	0	14020
TP1_synth_reverse		84	A	740666	45	2	124	0	221	48	741106	14020	0	0	0	0	0	0	14020
TP1_synth_reverse		85	G	146	238	0	740119	199	115	191	741008	0	0	0	14017	3	0	0	14020
TP1_synth_reverse		86	C	1044	739502	3	51	73	60	241	740974	7	14011	0	0	0	0	2	14020
TP1_synth_reverse		87	T	946	86	32	26	19	242	739552	740903	0	0	0	0	0	0	14020	14020
TP1_synth_reverse		88	G	152	355	5	739756	248	140	203	740859	0	0	0	14019	1	0	0	14020
TP1_synth_reverse		89	T	530	92	608	23	0	39	739530	740822	0	0	4	0	0	0	14016	14020
TP1_synth_reverse		90	T	545	104	2	20	2	70	739959	740702	0	0	0	0	0	0	14019	14019
TP1_synth_reverse		91	C	420	739710	0	96	0	264	104	740594	0	14019	0	0	0	0	0	14019
TP1_synth_reverse		92	C	581	738973	0	78	0	320	206	740158	1	14015	0	1	0	0	0	14017
TP1_synth_reverse		93	G	253	261	0	738341	0	116	140	739111	0	0	0	14015	0	0	0	14015
TP1_synth_reverse		94	T	412	104	0	48	0	63	738095	738722	0	0	0	0	0	0	14015	14015
TP1_synth_reverse		95	C	0	737919	0	0	0	145	0	738064	0	14015	0	0	0	0	0	14015
TP1_synth_reverse		96	C	0	737214	0	0	0	95	0	737309	0	14011	0	0	0	0	0	14011
TP1_synth_reverse		97	C	0	735927	0	0	0	144	0	736071	0	14010	0	0	0	0	0	14010
TP1_synth_reverse		98	A	734075	0	0	0	0	0	0	734075	14005	0	0	0	0	0	0	14005
TP1_synth_reverse		99	G	0	0	0	733184	0	0	0	733184	0	0	0	14002	0	0	0	14002
