



























































































































































































































#AmpliconChromStart	Alias	Position	ProbableRef	rawA	rawC	rawD	rawG	rawI	rawN	rawT	rawDepth	consA	consC	consD	consG	consI	consN	consT	consDepth	
TP1_synth_reverse		1	G	0	0	0	734208	0	0	0	734208	0	0	0	6069	0	0	0	6069
TP1_synth_reverse		2	T	0	0	0	0	0	0	735942	735942	0	0	0	0	0	0	6079	6079
TP1_synth_reverse		3	G	0	0	0	738544	0	63	0	738607	0	0	0	6094	0	0	0	6094
TP1_synth_reverse		4	G	0	0	0	739207	0	59	0	739266	0	0	0	6096	0	0	0	6096
TP1_synth_reverse		5	T	0	0	0	0	0	12	739719	739731	0	0	0	0	0	0	6099	6099
TP1_synth_reverse		6	G	111	64	0	739656	0	13	329	740173	0	0	0	6098	0	0	2	6100
TP1_synth_reverse		7	A	740016	19	0	80	0	75	116	740306	6102	0	0	0	0	0	0	6102
TP1_synth_reverse		8	G	83	67	0	739481	0	99	726	740456	0	0	0	6100	0	0	3	6103
TP1_synth_reverse		9	G	77	118	0	740433	4	23	117	740772	0	0	0	6106	0	0	0	6106
TP1_synth_reverse		10	C	230	740354	1	24	2	21	162	740794	0	6105	0	0	0	0	1	6106
TP1_synth_reverse		11	T	151	129	36	10	14	28	740426	740794	0	0	0	0	0	0	6106	6106
TP1_synth_reverse		12	C	268	740002	165	12	0	76	271	740794	0	6105	0	0	0	0	1	6106
TP1_synth_reverse		13	C	405	740196	0	19	0	70	104	740794	0	6106	0	0	0	0	0	6106
TP1_synth_reverse		14	C	385	740240	0	17	0	40	112	740794	0	6106	0	0	0	0	0	6106
TP1_synth_reverse		15	C	271	740341	0	20	6	58	98	740794	0	6106	0	0	0	0	0	6106
TP1_synth_reverse		16	T	298	79	165	14	0	187	740051	740794	0	0	1	0	0	0	6105	6106
TP1_synth_reverse		17	T	312	106	1	6	0	56	740313	740794	0	0	0	0	0	0	6106	6106
TP1_synth_reverse		18	T	281	125	1	4	2	53	740328	740794	0	0	0	0	0	0	6106	6106
TP1_synth_reverse		19	C	406	740993	6	17	3	63	90	741578	1	6106	0	0	0	0	0	6107
TP1_synth_reverse		20	T	200	83	81	7	0	21	741186	741578	0	0	1	0	0	0	6106	6107
TP1_synth_reverse		21	T	445	145	3	45	8	88	740853	741587	0	0	0	0	0	0	6107	6107
TP1_synth_reverse		22	G	271	400	75	740076	4	11	765	741602	1	0	0	6103	0	0	3	6107
TP1_synth_reverse		23	C	808	740033	29	66	23	26	617	741602	2	6101	0	0	0	0	4	6107
TP1_synth_reverse		24	G	465	199	29	740015	0	31	863	741602	3	0	0	6102	0	0	2	6107
TP1_synth_reverse		25	G	125	613	4	740342	2	97	434	741617	0	1	0	6105	0	0	1	6107
TP1_synth_reverse		26	A	741195	19	11	240	9	43	125	741642	6106	0	0	1	0	0	0	6107
TP1_synth_reverse		27	G	70	699	44	740170	0	12	647	741642	0	0	1	6102	0	0	4	6107
TP1_synth_reverse		28	A	741369	14	64	88	6	30	92	741663	6106	0	1	0	0	0	0	6107
TP1_synth_reverse		29	T	258	107	221	128	0	121	740833	741668	0	0	2	0	0	0	6105	6107
TP1_synth_reverse		30	T	890	109	14	41	1	101	740512	741668	1	0	0	0	0	0	6106	6107
TP1_synth_reverse		31	C	1138	740193	21	27	0	60	224	741663	3	6103	0	0	0	0	1	6107
TP1_synth_reverse		32	T	503	56	16	47	0	330	740711	741663	0	0	0	0	0	0	6107	6107
TP1_synth_reverse		33	C	480	740896	17	34	1	113	116	741657	0	6107	0	0	0	0	0	6107
TP1_synth_reverse		34	T	611	111	113	62	0	72	740690	741659	0	0	1	0	0	0	6106	6107
TP1_synth_reverse		35	T	1325	104	40	59	5	91	740023	741647	0	0	0	0	0	0	6107	6107
TP1_synth_reverse		36	C	1001	740281	53	27	0	46	235	741643	2	6104	0	0	0	0	1	6107
TP1_synth_reverse		37	C	837	740530	49	47	0	52	113	741628	3	6104	0	0	0	0	0	6107
TP1_synth_reverse		38	T	612	157	53	198	1	20	740575	741616	0	1	0	0	0	0	6106	6107
TP1_synth_reverse		39	C	439	740921	53	42	0	71	84	741610	0	6107	0	0	0	0	0	6107
TP1_synth_reverse		40	T	1100	263	57	26	6	149	740003	741604	0	3	0	0	0	0	6104	6107
TP1_synth_reverse		41	G	735	523	54	739621	1	18	640	741592	1	0	0	6102	0	0	4	6107
TP1_synth_reverse		42	T	1899	115	10	24	6	56	739490	741600	0	1	0	0	0	0	6106	6107
TP1_synth_reverse		43	G	587	413	11	739822	4	341	458	741636	0	0	0	6107	0	0	1	6108
TP1_synth_reverse		44	C	677	740008	15	75	9	157	716	741657	2	6102	0	0	0	0	4	6108
TP1_synth_reverse		45	G	335	303	7	738759	3	45	2191	741643	1	1	0	6098	0	0	8	6108
TP1_synth_reverse		46	C	796	740497	126	35	0	13	172	741639	0	6106	1	0	0	0	1	6108
TP1_synth_reverse		47	C	362	740870	4	168	5	32	215	741656	0	6107	0	1	0	0	0	6108
TP1_synth_reverse		48	G	367	572	21	739419	1	34	1232	741646	1	0	0	6103	0	0	4	6108
TP1_synth_reverse		49	A	741273	36	7	69	0	172	112	741669	6108	0	0	0	0	0	0	6108
TP1_synth_reverse		50	T	832	72	4	141	1	108	740496	741654	0	0	0	0	0	0	6108	6108
TP1_synth_reverse		51	A	741295	39	11	98	2	98	109	741652	6108	0	0	0	0	0	0	6108
TP1_synth_reverse		52	C	743	740462	6	91	1	239	103	741645	3	6105	0	0	0	0	0	6108
TP1_synth_reverse		53	A	741047	26	9	230	3	266	142	741723	6108	0	0	1	0	0	0	6109
TP1_synth_reverse		54	G	133	212	16	740681	7	63	595	741707	0	0	0	6106	0	0	3	6109
TP1_synth_reverse		55	A	741311	72	11	271	1	107	68	741841	6109	0	0	1	0	0	0	6110
TP1_synth_reverse		56	A	741487	11	4	149	1	70	116	741838	6110	0	0	0	0	0	0	6110
TP1_synth_reverse		57	T	1422	59	11	183	4	194	739943	741816	0	0	0	0	0	0	6110	6110
TP1_synth_reverse		58	A	741345	12	116	80	0	236	112	741901	6110	0	1	0	0	0	0	6111
TP1_synth_reverse		59	T	806	56	195	93	0	320	740407	741877	0	0	1	0	0	0	6110	6111
TP1_synth_reverse		60	C	723	740797	10	47	0	223	54	741854	0	6111	0	0	0	0	0	6111
TP1_synth_reverse		61	T	1029	192	3	34	1	177	740424	741860	0	1	0	0	0	0	6110	6111
TP1_synth_reverse		62	G	468	190	66	739907	2	290	917	741840	1	0	1	6105	0	0	4	6111
TP1_synth_reverse		63	T	1794	58	10	18	0	118	739920	741918	0	0	0	0	0	0	6112	6112
TP1_synth_reverse		64	T	1543	52	7	13	2	43	740263	741923	0	0	0	0	0	0	6112	6112
TP1_synth_reverse		65	C	1019	740440	46	42	3	127	235	741912	1	6110	0	0	0	0	1	6112
TP1_synth_reverse		66	G	986	324	40	738779	0	51	1720	741900	4	0	0	6097	0	0	11	6112
TP1_synth_reverse		67	C	777	740617	155	60	0	186	134	741929	0	6110	1	0	0	0	1	6112
TP1_synth_reverse		68	A	741498	195	6	136	0	87	59	741981	6113	0	0	0	0	0	0	6113
TP1_synth_reverse		69	C	276	741308	188	81	0	42	80	741975	1	6110	1	1	0	0	0	6113
TP1_synth_reverse		70	T	974	493	175	60	2	79	740181	741964	1	3	1	0	0	0	6108	6113
TP1_synth_reverse		71	C	600	740934	17	28	1	287	94	741961	3	6110	0	0	0	0	0	6113
TP1_synth_reverse		72	C	630	740826	7	59	1	102	330	741955	0	6112	0	0	0	0	1	6113
TP1_synth_reverse		73	G	364	435	22	740262	0	300	556	741939	2	0	0	6109	0	0	2	6113
TP1_synth_reverse		74	A	741584	45	8	148	3	92	57	741937	6113	0	0	0	0	0	0	6113
TP1_synth_reverse		75	G	108	329	21	740535	0	47	874	741914	0	0	0	6107	0	0	6	6113
TP1_synth_reverse		76	T	811	86	26	77	3	51	740848	741902	0	0	0	0	0	0	6113	6113
TP1_synth_reverse		77	G	318	292	86	740615	2	51	513	741877	2	0	1	6107	0	0	3	6113
TP1_synth_reverse		78	C	531	739641	23	49	2	413	1214	741873	0	6106	0	0	0	0	7	6113
TP1_synth_reverse		79	G	242	467	13	733269	0	101	7772	741864	0	0	0	6064	0	0	49	6113
TP1_synth_reverse		80	G	148	226	5	737051	1	116	4298	741845	0	0	0	6080	0	0	33	6113
TP1_synth_reverse		81	C	656	740832	20	70	5	85	160	741828	4	6109	0	0	0	0	0	6113
TP1_synth_reverse		82	A	740491	35	244	144	0	70	134	741118	6112	0	1	0	0	0	0	6113
TP1_synth_reverse		83	A	740662	52	15	93	0	205	90	741117	6113	0	0	0	0	0	0	6113
TP1_synth_reverse		84	A	740647	45	2	124	0	221	48	741087	6113	0	0	0	0	0	0	6113
TP1_synth_reverse		85	G	146	238	0	740101	198	115	191	740989	0	0	0	6111	2	0	0	6113
TP1_synth_reverse		86	C	1044	739483	3	51	73	60	241	740955	5	6107	0	0	0	0	1	6113
TP1_synth_reverse		87	T	946	86	32	26	19	242	739534	740885	0	0	0	0	0	0	6113	6113
TP1_synth_reverse		88	G	152	355	5	739738	248	140	203	740841	0	0	0	6112	1	0	0	6113
TP1_synth_reverse		89	T	530	92	608	23	0	39	739512	740804	0	0	2	0	0	0	6111	6113
TP1_synth_reverse		90	T	545	104	2	19	2	70	739941	740683	0	0	0	0	0	0	6113	6113
TP1_synth_reverse		91	C	420	739691	0	96	0	264	104	740575	0	6113	0	0	0	0	0	6113
TP1_synth_reverse		92	C	581	738954	0	78	0	320	206	740139	0	6113	0	0	0	0	0	6113
TP1_synth_reverse		93	G	253	261	0	738322	0	116	140	739092	0	0	0	6113	0	0	0	6113
TP1_synth_reverse		94	T	412	104	0	48	0	63	738076	738703	0	0	0	0	0	0	6113	6113
TP1_synth_reverse		95	C	0	737900	0	0	0	145	0	738045	0	6113	0	0	0	0	0	6113
TP1_synth_reverse		96	C	0	737195	0	0	0	95	0	737290	0	6113	0	0	0	0	0	6113
TP1_synth_reverse		97	C	0	735908	0	0	0	144	0	736052	0	6113	0	0	0	0	0	6113
TP1_synth_reverse		98	A	734058	0	0	0	0	0	0	734058	6113	0	0	0	0	0	0	6113
TP1_synth_reverse		99	G	0	0	0	733167	0	0	0	733167	0	0	0	6113	0	0	0	6113
