



























































































































































































































#AmpliconChromStart	Alias	Position	ProbableRef	rawA	rawC	rawD	rawG	rawI	rawN	rawT	rawDepth	consA	consC	consD	consG	consI	consN	consT	consDepth	
TP1_synth_reverse		1	G	0	0	0	734208	0	0	0	734208	0	0	0	23577	0	0	0	23577
TP1_synth_reverse		2	T	0	0	0	0	0	0	735942	735942	0	0	0	0	0	0	23616	23616
TP1_synth_reverse		3	G	0	0	0	738544	0	63	0	738607	0	0	0	23674	0	1	0	23675
TP1_synth_reverse		4	G	0	0	0	739207	0	59	0	739266	0	0	0	23699	0	0	0	23699
TP1_synth_reverse		5	T	0	0	0	0	0	12	739719	739731	0	0	0	0	0	0	23714	23714
TP1_synth_reverse		6	G	111	64	0	739656	0	13	329	740173	1	0	0	23719	0	0	5	23725
TP1_synth_reverse		7	A	740016	19	0	80	0	75	116	740306	23729	0	0	0	0	0	0	23729
TP1_synth_reverse		8	G	83	67	0	739481	0	99	726	740456	0	0	0	23729	0	0	8	23737
TP1_synth_reverse		9	G	77	118	0	740433	4	23	117	740772	0	0	0	23742	1	0	1	23744
TP1_synth_reverse		10	C	230	740354	1	24	2	21	162	740794	0	23743	0	0	0	0	2	23745
TP1_synth_reverse		11	T	151	129	36	10	14	28	740426	740794	0	0	1	0	0	0	23744	23745
TP1_synth_reverse		12	C	268	740002	165	12	0	76	271	740794	1	23743	0	0	0	0	1	23745
TP1_synth_reverse		13	C	405	740196	0	19	0	70	104	740794	0	23744	0	0	0	0	1	23745
TP1_synth_reverse		14	C	385	740240	0	17	0	40	112	740794	0	23745	0	0	0	0	0	23745
TP1_synth_reverse		15	C	271	740341	0	20	6	58	98	740794	1	23744	0	0	0	0	0	23745
TP1_synth_reverse		16	T	298	79	165	14	0	187	740051	740794	0	1	3	0	0	1	23740	23745
TP1_synth_reverse		17	T	312	106	1	6	0	56	740313	740794	0	0	0	0	0	0	23745	23745
TP1_synth_reverse		18	T	281	125	1	4	2	53	740328	740794	0	0	0	0	0	0	23745	23745
TP1_synth_reverse		19	C	406	740993	6	17	3	63	90	741578	2	23741	1	0	0	1	1	23746
TP1_synth_reverse		20	T	200	83	81	7	0	21	741186	741578	0	0	4	0	0	0	23742	23746
TP1_synth_reverse		21	T	445	145	3	45	8	88	740853	741587	0	1	1	0	0	0	23744	23746
TP1_synth_reverse		22	G	271	400	75	740076	4	11	765	741602	3	0	2	23717	0	0	25	23747
TP1_synth_reverse		23	C	808	740033	29	66	23	26	617	741602	11	23721	1	0	1	1	12	23747
TP1_synth_reverse		24	G	465	199	29	740015	0	31	863	741602	9	1	1	23732	0	0	4	23747
TP1_synth_reverse		25	G	125	613	4	740342	2	97	434	741617	0	1	0	23739	0	4	4	23748
TP1_synth_reverse		26	A	741195	19	11	240	9	43	125	741642	23746	0	1	2	0	0	0	23749
TP1_synth_reverse		27	G	70	699	44	740170	0	12	647	741642	0	0	2	23741	0	0	6	23749
TP1_synth_reverse		28	A	741369	14	64	88	6	30	92	741663	23747	0	2	0	1	0	0	23750
TP1_synth_reverse		29	T	258	107	221	128	0	121	740828	741663	0	1	5	0	0	2	23742	23750
TP1_synth_reverse		30	T	890	109	14	41	1	101	740507	741663	2	0	2	0	0	0	23746	23750
TP1_synth_reverse		31	C	1138	740188	21	27	0	60	224	741658	5	23743	2	0	0	0	1	23751
TP1_synth_reverse		32	T	503	56	16	47	0	330	740706	741658	0	0	2	0	0	2	23748	23752
TP1_synth_reverse		33	C	480	740891	17	34	1	113	116	741652	1	23745	2	0	0	1	3	23752
TP1_synth_reverse		34	T	611	111	113	62	0	72	740682	741651	0	0	3	0	0	0	23749	23752
TP1_synth_reverse		35	T	1325	104	40	59	5	91	740015	741639	0	0	2	0	0	0	23750	23752
TP1_synth_reverse		36	C	1001	740273	53	27	0	46	235	741635	3	23744	3	0	0	0	2	23752
TP1_synth_reverse		37	C	837	740522	49	47	0	52	113	741620	10	23739	2	0	0	0	1	23752
TP1_synth_reverse		38	T	612	157	53	198	1	20	740567	741608	1	2	2	0	0	0	23747	23752
TP1_synth_reverse		39	C	439	740913	53	42	0	71	84	741602	2	23746	3	0	0	1	0	23752
TP1_synth_reverse		40	T	1100	263	57	26	6	149	739995	741596	0	7	2	0	0	2	23741	23752
TP1_synth_reverse		41	G	735	523	54	739614	1	18	639	741584	7	0	2	23732	0	0	11	23752
TP1_synth_reverse		42	T	1899	115	10	24	6	56	739482	741592	0	1	0	0	0	0	23752	23753
TP1_synth_reverse		43	G	587	413	11	739814	4	341	458	741628	1	1	0	23740	0	5	7	23754
TP1_synth_reverse		44	C	677	740000	15	75	9	157	716	741649	5	23733	0	1	1	2	13	23755
TP1_synth_reverse		45	G	335	303	7	738751	3	45	2191	741635	5	2	0	23731	0	0	17	23755
TP1_synth_reverse		46	C	796	740519	126	35	0	13	172	741661	5	23743	5	0	0	0	3	23756
TP1_synth_reverse		47	C	361	740893	4	168	5	32	215	741678	2	23754	0	1	0	0	0	23757
TP1_synth_reverse		48	G	367	572	21	739441	1	34	1232	741668	7	3	0	23740	0	0	8	23758
TP1_synth_reverse		49	A	741295	36	7	69	0	172	112	741691	23778	0	0	0	0	0	0	23778
TP1_synth_reverse		50	T	832	72	4	141	1	108	740518	741676	1	0	0	0	0	0	23777	23778
TP1_synth_reverse		51	A	741317	39	11	98	2	98	109	741674	23777	0	0	0	0	1	0	23778
TP1_synth_reverse		52	C	743	740484	6	91	1	239	103	741667	4	23773	0	0	0	1	0	23778
TP1_synth_reverse		53	A	741069	26	9	230	3	266	142	741745	23773	0	0	1	0	2	3	23779
TP1_synth_reverse		54	G	137	212	16	740699	7	63	595	741729	0	0	0	23771	0	1	7	23779
TP1_synth_reverse		55	A	741333	72	11	271	1	107	68	741863	23778	0	0	1	0	1	0	23780
TP1_synth_reverse		56	A	741509	11	4	149	1	70	116	741860	23778	0	0	0	0	2	0	23780
TP1_synth_reverse		57	T	1427	59	11	184	4	194	739959	741838	4	0	0	0	0	1	23775	23780
TP1_synth_reverse		58	A	741367	12	116	80	0	236	112	741923	23777	0	2	0	0	2	0	23781
TP1_synth_reverse		59	T	808	56	195	93	0	320	740427	741899	1	0	5	0	0	3	23772	23781
TP1_synth_reverse		60	C	723	740819	10	47	0	223	54	741876	7	23773	0	0	0	1	0	23781
TP1_synth_reverse		61	T	1030	192	3	34	1	177	740445	741882	1	3	0	0	0	2	23776	23782
TP1_synth_reverse		62	G	470	190	66	739927	2	290	917	741862	4	0	1	23759	0	1	17	23782
TP1_synth_reverse		63	T	1796	58	10	18	0	118	739940	741940	0	0	0	0	0	0	23783	23783
TP1_synth_reverse		64	T	1543	52	7	13	2	43	740285	741945	1	0	0	0	0	1	23782	23784
TP1_synth_reverse		65	C	1018	740463	46	42	3	127	235	741934	2	23778	1	0	0	0	3	23784
TP1_synth_reverse		66	G	986	325	40	738800	0	51	1720	741922	10	0	1	23736	0	0	37	23784
TP1_synth_reverse		67	C	776	740640	155	60	0	186	134	741951	2	23775	2	2	0	3	1	23785
TP1_synth_reverse		68	A	741520	195	6	136	0	87	59	742003	23786	0	0	0	0	0	0	23786
TP1_synth_reverse		69	C	276	741331	188	81	0	42	80	741998	1	23777	5	1	0	1	1	23786
TP1_synth_reverse		70	T	974	493	175	60	2	79	740204	741987	1	9	3	1	0	0	23772	23786
TP1_synth_reverse		71	C	600	740957	17	28	1	287	94	741984	5	23779	1	0	0	1	0	23786
TP1_synth_reverse		72	C	630	740849	7	59	1	102	330	741978	1	23782	1	0	0	0	2	23786
TP1_synth_reverse		73	G	364	435	22	740285	0	300	556	741962	8	0	1	23773	0	1	3	23786
TP1_synth_reverse		74	A	741607	45	8	148	3	92	57	741960	23779	0	1	3	1	0	2	23786
TP1_synth_reverse		75	G	108	329	21	740558	0	47	874	741937	2	0	1	23747	0	2	34	23786
TP1_synth_reverse		76	T	811	86	26	77	3	51	740871	741925	0	0	1	2	0	0	23783	23786
TP1_synth_reverse		77	G	318	292	86	740637	2	51	514	741900	5	0	3	23767	0	0	11	23786
TP1_synth_reverse		78	C	531	739663	23	50	2	413	1214	741896	4	23754	1	1	0	4	22	23786
TP1_synth_reverse		79	G	242	468	13	733291	0	101	7772	741887	8	0	1	23602	0	1	174	23786
TP1_synth_reverse		80	G	148	226	5	737074	1	116	4298	741868	3	0	1	23682	0	1	99	23786
TP1_synth_reverse		81	C	656	740855	20	70	5	85	160	741851	9	23776	0	0	0	1	0	23786
TP1_synth_reverse		82	A	740514	35	244	144	0	70	134	741141	23762	0	3	0	0	1	0	23766
TP1_synth_reverse		83	A	740685	52	15	93	0	205	90	741140	23763	2	0	0	0	1	0	23766
TP1_synth_reverse		84	A	740670	45	2	124	0	221	48	741110	23763	0	0	0	0	3	0	23766
TP1_synth_reverse		85	G	146	238	0	740123	198	115	192	741012	0	0	0	23762	4	0	0	23766
TP1_synth_reverse		86	C	1045	739504	3	51	73	60	241	740977	13	23747	1	0	3	0	2	23766
TP1_synth_reverse		87	T	946	86	32	26	19	242	739556	740907	0	0	0	0	0	2	23764	23766
TP1_synth_reverse		88	G	152	355	5	739760	248	140	203	740863	0	1	0	23759	5	1	0	23766
TP1_synth_reverse		89	T	530	92	608	23	0	39	739534	740826	0	0	7	0	0	0	23758	23765
TP1_synth_reverse		90	T	545	104	2	19	2	70	739963	740705	1	0	0	0	1	0	23762	23764
TP1_synth_reverse		91	C	420	739713	0	96	0	264	104	740597	3	23761	0	0	0	0	0	23764
TP1_synth_reverse		92	C	581	738976	0	78	0	320	206	740161	2	23751	0	2	0	2	1	23758
TP1_synth_reverse		93	G	253	261	0	738344	0	116	140	739114	0	1	0	23748	0	1	0	23750
TP1_synth_reverse		94	T	412	104	0	48	0	63	738098	738725	0	0	0	0	0	0	23747	23747
TP1_synth_reverse		95	C	0	737922	0	0	0	145	0	738067	0	23744	0	0	0	1	0	23745
TP1_synth_reverse		96	C	0	737217	0	0	0	95	0	737312	0	23737	0	0	0	1	0	23738
TP1_synth_reverse		97	C	0	735930	0	0	0	144	0	736074	0	23728	0	0	0	0	0	23728
TP1_synth_reverse		98	A	734080	0	0	0	0	0	0	734080	23711	0	0	0	0	0	0	23711
TP1_synth_reverse		99	G	0	0	0	733188	0	0	0	733188	0	0	0	23698	0	0	0	23698
