



























































































































































































































#AmpliconChromStart	Alias	Position	ProbableRef	rawA	rawC	rawD	rawG	rawI	rawN	rawT	rawDepth	consA	consC	consD	consG	consI	consN	consT	consDepth	
TP1_synth_reverse		1	G	0	0	0	449896	0	0	0	449896	0	0	0	14163	0	0	0	14163
TP1_synth_reverse		2	T	0	0	0	0	0	0	450846	450846	0	0	0	0	0	0	14191	14191
TP1_synth_reverse		3	G	0	0	0	454066	0	77	0	454143	0	0	0	14256	0	1	0	14257
TP1_synth_reverse		4	G	0	0	0	454452	0	38	0	454490	0	0	0	14278	0	1	0	14279
TP1_synth_reverse		5	T	0	0	0	0	0	122	454657	454779	0	0	0	0	0	1	14287	14288
TP1_synth_reverse		6	G	111	41	0	454861	0	22	189	455224	1	0	0	14310	0	0	3	14314
TP1_synth_reverse		7	A	455489	21	0	57	0	6	82	455655	14318	0	0	0	0	0	0	14318
TP1_synth_reverse		8	G	71	136	0	456089	0	43	132	456471	0	1	0	14330	0	0	1	14332
TP1_synth_reverse		9	G	68	80	0	456217	1	8	128	456502	0	0	0	14332	0	0	2	14334
TP1_synth_reverse		10	C	191	455986	0	14	182	9	120	456502	0	14332	0	0	1	0	1	14334
TP1_synth_reverse		11	T	229	97	10	13	50	20	456083	456502	0	0	1	0	1	2	14330	14334
TP1_synth_reverse		12	C	219	452915	3209	14	1	41	103	456502	0	14302	30	0	0	2	0	14334
TP1_synth_reverse		13	C	279	456070	1	21	0	71	89	456531	0	14339	0	0	0	1	0	14340
TP1_synth_reverse		14	C	214	456204	1	22	0	30	77	456548	0	14341	0	0	0	0	0	14341
TP1_synth_reverse		15	C	169	455459	223	24	593	25	61	456554	0	14317	5	0	19	0	0	14341
TP1_synth_reverse		16	T	456	46	2509	26	1	24	453492	456554	0	0	64	0	0	0	14277	14341
TP1_synth_reverse		17	T	451	72	269	23	1	91	455647	456554	0	1	7	0	0	2	14331	14341
TP1_synth_reverse		18	T	372	336	27	11	276	65	455479	456566	0	3	4	0	4	3	14328	14342
TP1_synth_reverse		19	C	368	457093	844	24	725	52	408	459514	0	14309	22	0	14	2	6	14353
TP1_synth_reverse		20	T	463	62	1662	31	6	33	457257	459514	1	3	30	0	0	1	14318	14353
TP1_synth_reverse		21	T	1434	77	470	426	1475	109	455523	459514	3	0	4	7	49	1	14289	14353
TP1_synth_reverse		22	G	104	507	565	457711	346	86	209	459528	0	1	14	14327	11	0	0	14353
TP1_synth_reverse		23	C	504	455687	365	80	2566	62	264	459528	0	14261	13	3	69	0	7	14353
TP1_synth_reverse		24	G	173	123	408	458450	1	37	342	459534	0	0	8	14340	0	0	6	14354
TP1_synth_reverse		25	G	143	341	356	458501	2	31	173	459547	0	0	5	14350	0	0	0	14355
TP1_synth_reverse		26	A	457847	13	476	111	934	64	102	459547	14308	0	7	1	38	1	0	14355
TP1_synth_reverse		27	G	226	122	1261	457428	2	61	447	459547	10	0	26	14318	0	1	0	14355
TP1_synth_reverse		28	A	457163	71	1263	238	711	35	66	459547	14319	0	15	4	16	0	1	14355
TP1_synth_reverse		29	T	586	448	233	48	8	7	458217	459547	0	6	9	0	0	0	14340	14355
TP1_synth_reverse		30	T	2040	1335	20	5	116	32	456006	459554	1	17	0	0	7	1	14330	14356
TP1_synth_reverse		31	C	599	458220	554	18	20	13	130	459554	3	14342	8	0	0	0	4	14357
TP1_synth_reverse		32	T	777	59	549	23	1	34	458109	459552	1	0	8	0	0	0	14348	14357
TP1_synth_reverse		33	C	561	457703	639	27	454	12	156	459552	0	14328	14	0	12	0	3	14357
TP1_synth_reverse		34	T	1011	80	536	36	2	14	457871	459550	1	0	6	0	0	1	14349	14357
TP1_synth_reverse		35	T	2327	53	633	53	1	34	456438	459539	3	0	9	0	0	0	14345	14357
TP1_synth_reverse		36	C	454	458112	835	24	2	38	67	459532	1	14333	22	0	0	1	0	14357
TP1_synth_reverse		37	C	544	458186	57	47	542	25	129	459530	6	14335	2	0	8	1	5	14357
TP1_synth_reverse		38	T	1141	43	573	26	195	56	457486	459520	0	0	6	0	3	1	14347	14357
TP1_synth_reverse		39	C	280	458353	280	26	484	20	77	459520	0	14346	5	0	6	0	0	14357
TP1_synth_reverse		40	T	1256	56	211	11	210	22	457750	459516	0	0	8	0	2	1	14346	14357
TP1_synth_reverse		41	G	97	994	788	455640	761	19	1207	459506	0	0	18	14330	8	0	1	14357
TP1_synth_reverse		42	T	1968	116	422	32	2316	70	454575	459499	0	2	13	0	55	1	14286	14357
TP1_synth_reverse		43	G	73	1000	900	456651	164	44	656	459488	0	0	13	14335	7	1	1	14357
TP1_synth_reverse		44	C	569	456153	385	133	1530	75	640	459485	0	14295	12	2	39	1	8	14357
TP1_synth_reverse		45	G	155	454	342	455896	24	46	2569	459486	1	2	8	14329	2	1	14	14357
TP1_synth_reverse		46	C	885	458117	172	30	0	17	264	459485	1	14343	11	0	0	0	2	14357
TP1_synth_reverse		47	C	336	458608	0	23	224	5	293	459489	0	14347	0	0	5	0	5	14357
TP1_synth_reverse		48	G	125	1072	788	455551	149	2	1786	459473	2	8	11	14331	2	0	3	14357
TP1_synth_reverse		49	A	458480	40	700	43	125	29	97	459514	14867	0	20	0	1	0	0	14888
TP1_synth_reverse		50	T	2082	45	235	17	244	13	456875	459511	1	1	11	0	6	0	14869	14888
TP1_synth_reverse		51	A	458863	37	233	35	238	52	79	459537	14876	0	11	0	2	0	0	14889
TP1_synth_reverse		52	C	491	458668	233	28	0	26	90	459536	0	14876	11	0	0	1	1	14889
TP1_synth_reverse		53	A	457548	21	558	96	1205	31	89	459548	14850	0	18	0	22	0	0	14890
TP1_synth_reverse		54	G	233	491	443	457837	139	14	388	459545	2	1	19	14860	7	0	1	14890
TP1_synth_reverse		55	A	458993	129	330	61	0	16	35	459564	14873	0	18	0	0	0	0	14891
TP1_synth_reverse		56	A	459196	14	87	81	70	28	87	459563	14879	0	8	0	3	1	0	14891
TP1_synth_reverse		57	T	2870	79	445	119	39	31	455951	459534	12	4	9	1	0	0	14865	14891
TP1_synth_reverse		58	A	459354	38	0	55	0	36	78	459561	14891	1	0	0	0	0	0	14892
TP1_synth_reverse		59	T	1735	34	178	79	50	11	457455	459542	1	0	9	0	2	0	14880	14892
TP1_synth_reverse		60	C	1145	457833	373	57	3	26	102	459539	1	14879	12	0	0	0	1	14893
TP1_synth_reverse		61	T	1305	70	611	204	552	6	456793	459541	1	0	13	1	11	0	14868	14894
TP1_synth_reverse		62	G	944	265	391	457254	70	68	550	459542	14	1	11	14864	4	1	0	14895
TP1_synth_reverse		63	T	3256	59	507	244	3	19	455469	459557	4	0	13	3	0	2	14874	14896
TP1_synth_reverse		64	T	1924	89	2	72	1	39	457424	459551	1	1	0	0	0	0	14894	14896
TP1_synth_reverse		65	C	549	457256	912	40	610	64	118	459549	1	14870	16	0	8	1	0	14896
TP1_synth_reverse		66	G	399	297	889	457428	1	27	506	459547	1	0	17	14877	0	1	0	14896
TP1_synth_reverse		67	C	692	457747	926	22	0	89	77	459553	0	14883	13	0	0	1	0	14897
TP1_synth_reverse		68	A	458427	343	296	100	253	63	74	459556	14892	0	4	0	2	0	0	14898
TP1_synth_reverse		69	C	137	458556	671	17	1	40	132	459554	0	14878	12	0	0	0	8	14898
TP1_synth_reverse		70	T	1113	79	585	135	1	22	457614	459549	3	0	7	1	0	1	14886	14898
TP1_synth_reverse		71	C	305	457580	1200	34	0	9	415	459543	1	14867	21	0	0	0	9	14898
TP1_synth_reverse		72	C	717	457894	232	46	59	40	549	459537	1	14884	2	0	3	0	8	14898
TP1_synth_reverse		73	G	1439	291	543	456584	398	94	181	459530	17	0	12	14862	3	0	4	14898
TP1_synth_reverse		74	A	458833	74	392	59	80	68	24	459530	14875	0	15	0	6	2	0	14898
TP1_synth_reverse		75	G	408	278	1290	457113	2	12	413	459516	10	0	14	14864	0	0	10	14898
TP1_synth_reverse		76	T	2638	198	243	56	99	15	456252	459501	2	5	3	0	2	0	14886	14898
TP1_synth_reverse		77	G	90	339	585	457684	0	17	773	459488	3	0	5	14880	0	0	10	14898
TP1_synth_reverse		78	C	408	457120	926	29	4	33	966	459486	2	14868	14	0	1	1	12	14898
TP1_synth_reverse		79	G	523	690	247	457298	0	108	604	459470	5	1	5	14881	0	1	5	14898
TP1_synth_reverse		80	G	351	216	1	458504	0	127	259	459458	3	0	0	14893	0	1	1	14898
TP1_synth_reverse		81	C	313	457301	1594	31	0	103	103	459445	3	14843	52	0	0	0	0	14898
TP1_synth_reverse		82	A	455431	39	756	101	0	59	81	456467	14344	0	12	0	0	0	0	14356
TP1_synth_reverse		83	A	456094	70	35	85	0	125	56	456465	14353	0	2	0	0	1	0	14356
TP1_synth_reverse		84	A	456171	51	0	127	0	54	32	456435	14354	0	0	0	0	2	0	14356
TP1_synth_reverse		85	G	105	256	149	455116	553	70	121	456370	0	1	8	14344	3	0	0	14356
TP1_synth_reverse		86	C	264	455936	0	23	1	23	81	456328	0	14355	0	0	0	0	1	14356
TP1_synth_reverse		87	T	1162	46	88	76	1	52	454825	456250	1	0	3	0	0	0	14352	14356
TP1_synth_reverse		88	G	179	370	90	455306	67	61	130	456203	1	0	4	14349	1	0	0	14355
TP1_synth_reverse		89	T	839	59	127	35	0	140	454749	455949	1	0	4	0	0	4	14345	14354
TP1_synth_reverse		90	T	853	65	0	29	2	80	454758	455787	4	0	0	0	0	1	14349	14354
TP1_synth_reverse		91	C	401	455035	0	172	1	22	79	455710	0	14352	0	1	0	0	1	14354
TP1_synth_reverse		92	C	267	454399	0	256	0	33	312	455267	0	14347	0	0	0	0	3	14350
TP1_synth_reverse		93	G	394	148	0	453500	0	71	110	454223	5	0	0	14339	0	0	0	14344
TP1_synth_reverse		94	T	723	72	0	80	0	104	453167	454146	0	0	0	0	0	0	14344	14344
TP1_synth_reverse		95	C	0	453675	0	0	0	53	0	453728	0	14336	0	0	0	0	0	14336
TP1_synth_reverse		96	C	0	453187	0	0	0	41	0	453228	0	14334	0	0	0	0	0	14334
TP1_synth_reverse		97	C	0	452537	0	0	0	81	0	452618	0	14331	0	0	0	0	0	14331
TP1_synth_reverse		98	A	450794	0	0	0	0	0	0	450794	14316	0	0	0	0	0	0	14316
TP1_synth_reverse		99	G	0	0	0	449998	0	0	0	449998	0	0	0	14307	0	0	0	14307
