



























































































































































































































#AmpliconChromStart	Alias	Position	ProbableRef	rawA	rawC	rawD	rawG	rawI	rawN	rawT	rawDepth	consA	consC	consD	consG	consI	consN	consT	consDepth	
TP1_synth_reverse		1	G	0	0	0	449896	0	0	0	449896	0	0	0	6812	0	0	0	6812
TP1_synth_reverse		2	T	0	0	0	0	0	0	450846	450846	0	0	0	0	0	0	6821	6821
TP1_synth_reverse		3	G	0	0	0	454066	0	77	0	454143	0	0	0	6840	0	0	0	6840
TP1_synth_reverse		4	G	0	0	0	454452	0	38	0	454490	0	0	0	6843	0	0	0	6843
TP1_synth_reverse		5	T	0	0	0	0	0	122	454657	454779	0	0	0	0	0	0	6845	6845
TP1_synth_reverse		6	G	111	41	0	454861	0	22	189	455224	1	0	0	6845	0	0	1	6847
TP1_synth_reverse		7	A	455489	21	0	57	0	6	82	455655	6849	0	0	0	0	0	0	6849
TP1_synth_reverse		8	G	71	136	0	456089	0	43	132	456471	0	1	0	6857	0	0	1	6859
TP1_synth_reverse		9	G	68	80	0	456217	1	8	128	456502	0	0	0	6858	0	0	2	6860
TP1_synth_reverse		10	C	191	456008	0	14	182	9	120	456524	0	6859	0	0	1	0	0	6860
TP1_synth_reverse		11	T	229	97	10	13	50	20	456105	456524	0	0	0	0	1	0	6859	6860
TP1_synth_reverse		12	C	219	452937	3209	14	1	41	103	456524	0	6842	18	0	0	0	0	6860
TP1_synth_reverse		13	C	279	456092	1	21	0	71	89	456553	0	6860	0	0	0	0	0	6860
TP1_synth_reverse		14	C	214	456226	1	22	0	30	77	456570	0	6860	0	0	0	0	0	6860
TP1_synth_reverse		15	C	170	455480	223	24	593	25	61	456576	0	6853	2	0	5	0	0	6860
TP1_synth_reverse		16	T	459	46	2509	26	1	24	453511	456576	0	0	32	0	0	0	6828	6860
TP1_synth_reverse		17	T	454	72	269	23	1	91	455666	456576	0	0	4	0	0	0	6856	6860
TP1_synth_reverse		18	T	372	336	27	11	276	65	455501	456588	0	3	0	0	4	0	6853	6860
TP1_synth_reverse		19	C	368	457115	844	24	725	52	408	459536	0	6841	8	0	7	0	5	6861
TP1_synth_reverse		20	T	464	62	1662	31	6	33	457278	459536	0	0	15	0	0	0	6846	6861
TP1_synth_reverse		21	T	1439	77	470	426	1475	109	455540	459536	0	0	2	6	17	0	6836	6861
TP1_synth_reverse		22	G	104	507	565	457733	346	86	209	459550	0	0	9	6848	4	0	0	6861
TP1_synth_reverse		23	C	505	455708	365	80	2566	62	264	459550	0	6822	6	0	29	0	4	6861
TP1_synth_reverse		24	G	173	123	408	458472	1	37	342	459556	0	0	5	6854	0	0	2	6861
TP1_synth_reverse		25	G	143	343	356	458520	3	31	173	459569	0	0	5	6856	0	0	0	6861
TP1_synth_reverse		26	A	457869	13	476	111	934	64	102	459569	6837	0	7	1	16	0	0	6861
TP1_synth_reverse		27	G	226	124	1261	457447	2	61	448	459569	6	0	14	6841	0	0	0	6861
TP1_synth_reverse		28	A	457185	71	1263	238	711	35	66	459569	6842	0	10	2	7	0	0	6861
TP1_synth_reverse		29	T	588	448	233	48	8	7	458237	459569	0	4	2	0	0	0	6855	6861
TP1_synth_reverse		30	T	2040	1336	20	5	116	32	456027	459576	0	6	0	0	2	0	6853	6861
TP1_synth_reverse		31	C	600	458236	554	18	20	13	130	459571	1	6854	5	0	0	0	1	6861
TP1_synth_reverse		32	T	780	59	549	23	1	34	458123	459569	0	0	6	0	0	0	6855	6861
TP1_synth_reverse		33	C	561	457720	639	27	454	12	156	459569	0	6846	8	0	5	0	2	6861
TP1_synth_reverse		34	T	1011	80	536	36	2	14	457888	459567	0	0	5	0	0	0	6856	6861
TP1_synth_reverse		35	T	2332	53	633	53	1	34	456450	459556	0	0	7	0	0	0	6854	6861
TP1_synth_reverse		36	C	452	458131	835	24	2	38	67	459549	0	6844	17	0	0	0	0	6861
TP1_synth_reverse		37	C	546	458201	57	47	542	25	129	459547	2	6852	2	0	4	0	1	6861
TP1_synth_reverse		38	T	1143	43	573	26	195	56	457501	459537	0	0	5	0	2	0	6854	6861
TP1_synth_reverse		39	C	284	458366	280	26	484	20	77	459537	0	6854	4	0	3	0	0	6861
TP1_synth_reverse		40	T	1261	56	211	11	210	22	457762	459533	0	0	4	0	2	0	6855	6861
TP1_synth_reverse		41	G	97	996	788	455650	761	19	1212	459523	0	0	7	6848	5	0	1	6861
TP1_synth_reverse		42	T	1970	116	422	32	2316	70	454598	459524	0	1	6	0	23	0	6831	6861
TP1_synth_reverse		43	G	73	1002	900	456692	164	44	659	459534	0	0	8	6850	3	0	0	6861
TP1_synth_reverse		44	C	570	456197	385	133	1531	75	640	459531	0	6831	6	1	18	0	5	6861
TP1_synth_reverse		45	G	155	456	342	455938	24	46	2571	459532	1	1	5	6847	0	0	7	6861
TP1_synth_reverse		46	C	890	458158	172	30	0	17	264	459531	1	6856	3	0	0	0	1	6861
TP1_synth_reverse		47	C	338	458647	0	23	224	5	293	459530	0	6853	0	0	4	0	4	6861
TP1_synth_reverse		48	G	125	1079	788	455588	149	2	1789	459520	0	4	5	6851	1	0	0	6861
TP1_synth_reverse		49	A	458527	40	700	43	125	29	97	459561	6856	0	7	0	1	0	0	6864
TP1_synth_reverse		50	T	2088	45	235	17	245	13	456915	459558	0	0	4	0	2	0	6858	6864
TP1_synth_reverse		51	A	458910	37	233	35	238	52	79	459584	6858	0	4	0	2	0	0	6864
TP1_synth_reverse		52	C	490	458716	233	28	0	26	90	459583	0	6860	4	0	0	0	0	6864
TP1_synth_reverse		53	A	457595	21	558	96	1205	31	89	459595	6848	0	6	0	10	0	0	6864
TP1_synth_reverse		54	G	234	493	443	457881	139	14	388	459592	1	1	6	6852	4	0	0	6864
TP1_synth_reverse		55	A	459040	129	330	61	0	16	35	459611	6859	0	6	0	0	0	0	6865
TP1_synth_reverse		56	A	459243	14	87	81	70	28	87	459610	6860	0	3	0	2	0	0	6865
TP1_synth_reverse		57	T	2873	79	446	119	39	31	455994	459581	0	2	5	0	0	0	6858	6865
TP1_synth_reverse		58	A	459401	38	0	55	0	36	78	459608	6865	1	0	0	0	0	0	6866
TP1_synth_reverse		59	T	1742	34	178	79	50	11	457495	459589	0	0	4	0	1	0	6861	6866
TP1_synth_reverse		60	C	1145	457880	373	57	3	26	102	459586	0	6858	7	0	0	0	1	6866
TP1_synth_reverse		61	T	1308	70	611	205	552	6	456823	459575	0	0	6	0	3	0	6857	6866
TP1_synth_reverse		62	G	944	269	391	457279	70	68	549	459570	5	0	6	6854	1	0	0	6866
TP1_synth_reverse		63	T	3268	59	507	244	3	19	455485	459585	0	0	5	2	0	1	6859	6867
TP1_synth_reverse		64	T	1927	89	2	72	1	39	457458	459588	0	1	0	0	0	0	6866	6867
TP1_synth_reverse		65	C	551	457290	913	40	610	64	118	459586	0	6857	5	0	5	0	0	6867
TP1_synth_reverse		66	G	402	298	889	457461	1	27	506	459584	0	0	4	6863	0	0	0	6867
TP1_synth_reverse		67	C	694	457771	926	22	0	89	77	459579	0	6863	4	0	0	0	0	6867
TP1_synth_reverse		68	A	458452	344	296	100	253	63	74	459582	6865	0	1	0	1	0	0	6867
TP1_synth_reverse		69	C	137	458582	671	17	1	40	132	459580	0	6859	4	0	0	0	4	6867
TP1_synth_reverse		70	T	1114	79	585	135	1	22	457639	459575	0	0	2	0	0	0	6865	6867
TP1_synth_reverse		71	C	306	457605	1200	34	0	9	415	459569	0	6854	8	0	0	0	5	6867
TP1_synth_reverse		72	C	720	457917	232	46	59	40	549	459563	0	6863	1	0	1	0	2	6867
TP1_synth_reverse		73	G	1441	293	543	456605	398	94	182	459556	5	0	6	6854	2	0	0	6867
TP1_synth_reverse		74	A	458858	74	392	60	80	68	24	459556	6857	0	6	0	4	0	0	6867
TP1_synth_reverse		75	G	408	282	1290	457130	3	12	416	459541	6	0	9	6848	0	0	4	6867
TP1_synth_reverse		76	T	2655	198	243	58	99	15	456258	459526	0	1	1	0	1	0	6864	6867
TP1_synth_reverse		77	G	90	341	585	457705	0	17	775	459513	0	0	3	6861	0	0	3	6867
TP1_synth_reverse		78	C	412	457141	926	29	4	33	966	459511	1	6855	5	0	0	0	6	6867
TP1_synth_reverse		79	G	523	698	247	457311	0	108	608	459495	4	0	2	6859	0	0	2	6867
TP1_synth_reverse		80	G	352	218	1	458527	0	127	258	459483	1	0	0	6865	0	0	1	6867
TP1_synth_reverse		81	C	313	457326	1594	31	0	103	103	459470	1	6848	18	0	0	0	0	6867
TP1_synth_reverse		82	A	455456	39	756	101	0	59	81	456492	6854	0	9	0	0	0	0	6863
TP1_synth_reverse		83	A	456120	70	35	84	0	125	56	456490	6862	0	1	0	0	0	0	6863
TP1_synth_reverse		84	A	456197	51	0	126	0	54	32	456460	6863	0	0	0	0	0	0	6863
TP1_synth_reverse		85	G	105	256	149	455140	553	70	122	456395	0	0	4	6857	2	0	0	6863
TP1_synth_reverse		86	C	264	455961	0	23	1	23	81	456353	0	6863	0	0	0	0	0	6863
TP1_synth_reverse		87	T	1162	46	88	76	1	52	454850	456275	0	0	0	0	0	0	6863	6863
TP1_synth_reverse		88	G	180	369	90	455330	67	61	131	456228	1	0	1	6861	0	0	0	6863
TP1_synth_reverse		89	T	839	59	127	35	0	140	454774	455974	0	0	2	0	0	0	6861	6863
TP1_synth_reverse		90	T	853	65	0	29	2	80	454783	455812	0	0	0	0	0	0	6863	6863
TP1_synth_reverse		91	C	402	455059	0	172	1	22	79	455735	0	6862	0	1	0	0	0	6863
TP1_synth_reverse		92	C	268	454423	0	256	0	33	312	455292	0	6862	0	0	0	0	1	6863
TP1_synth_reverse		93	G	395	148	0	453524	0	71	110	454248	1	0	0	6861	0	0	0	6862
TP1_synth_reverse		94	T	724	72	0	80	0	104	453191	454171	0	0	0	0	0	0	6862	6862
TP1_synth_reverse		95	C	0	453700	0	0	0	53	0	453753	0	6861	0	0	0	0	0	6861
TP1_synth_reverse		96	C	0	453211	0	0	0	41	0	453252	0	6861	0	0	0	0	0	6861
TP1_synth_reverse		97	C	0	452562	0	0	0	81	0	452643	0	6861	0	0	0	0	0	6861
TP1_synth_reverse		98	A	450819	0	0	0	0	0	0	450819	6858	0	0	0	0	0	0	6858
TP1_synth_reverse		99	G	0	0	0	450023	0	0	0	450023	0	0	0	6856	0	0	0	6856
