



























































































































































































































#AmpliconChromStart	Alias	Position	ProbableRef	rawA	rawC	rawD	rawG	rawI	rawN	rawT	rawDepth	consA	consC	consD	consG	consI	consN	consT	consDepth	
TP1_synth_reverse		1	G	0	0	0	449896	0	0	0	449896	0	0	0	10413	0	0	0	10413
TP1_synth_reverse		2	T	0	0	0	0	0	0	450846	450846	0	0	0	0	0	0	10428	10428
TP1_synth_reverse		3	G	0	0	0	454066	0	77	0	454143	0	0	0	10460	0	0	0	10460
TP1_synth_reverse		4	G	0	0	0	454452	0	38	0	454490	0	0	0	10469	0	0	0	10469
TP1_synth_reverse		5	T	0	0	0	0	0	122	454657	454779	0	0	0	0	0	0	10473	10473
TP1_synth_reverse		6	G	111	41	0	454861	0	22	189	455224	1	0	0	10477	0	0	2	10480
TP1_synth_reverse		7	A	455489	21	0	57	0	6	82	455655	10483	0	0	0	0	0	0	10483
TP1_synth_reverse		8	G	71	136	0	456089	0	43	132	456471	0	1	0	10493	0	0	1	10495
TP1_synth_reverse		9	G	68	80	0	456217	1	8	128	456502	0	0	0	10494	0	0	2	10496
TP1_synth_reverse		10	C	191	455986	0	14	182	9	120	456502	0	10495	0	0	1	0	0	10496
TP1_synth_reverse		11	T	229	97	10	13	50	20	456083	456502	0	0	1	0	1	0	10494	10496
TP1_synth_reverse		12	C	219	452915	3209	14	1	41	103	456502	0	10473	23	0	0	0	0	10496
TP1_synth_reverse		13	C	279	456070	1	21	0	71	89	456531	0	10497	0	0	0	0	0	10497
TP1_synth_reverse		14	C	214	456204	1	22	0	30	77	456548	0	10497	0	0	0	0	0	10497
TP1_synth_reverse		15	C	169	455459	223	24	593	25	61	456554	0	10483	3	0	11	0	0	10497
TP1_synth_reverse		16	T	456	46	2509	26	1	24	453492	456554	0	0	46	0	0	0	10451	10497
TP1_synth_reverse		17	T	451	72	269	23	1	91	455659	456566	0	1	5	0	0	0	10492	10498
TP1_synth_reverse		18	T	372	336	27	11	276	65	455491	456578	0	3	1	0	4	0	10491	10499
TP1_synth_reverse		19	C	368	457104	844	24	725	53	408	459526	0	10471	12	0	13	0	6	10502
TP1_synth_reverse		20	T	463	62	1662	31	6	33	457269	459526	0	1	24	0	0	0	10477	10502
TP1_synth_reverse		21	T	1434	77	470	426	1475	109	455535	459526	0	0	4	6	35	0	10457	10502
TP1_synth_reverse		22	G	104	509	565	457720	346	86	210	459540	0	0	11	10483	7	0	1	10502
TP1_synth_reverse		23	C	504	455698	365	80	2566	63	264	459540	0	10435	9	2	49	0	7	10502
TP1_synth_reverse		24	G	173	123	408	458462	1	37	342	459546	0	0	7	10492	0	0	4	10503
TP1_synth_reverse		25	G	143	341	356	458513	2	31	173	459559	0	0	5	10499	0	0	0	10504
TP1_synth_reverse		26	A	457859	13	476	111	934	64	102	459559	10470	0	7	1	26	0	0	10504
TP1_synth_reverse		27	G	226	123	1261	457439	2	61	447	459559	10	0	19	10475	0	0	0	10504
TP1_synth_reverse		28	A	457175	71	1263	238	711	35	66	459559	10476	0	11	3	14	0	0	10504
TP1_synth_reverse		29	T	588	448	233	48	8	7	458227	459559	0	4	6	0	0	0	10494	10504
TP1_synth_reverse		30	T	2040	1335	20	5	116	32	456018	459566	0	10	0	0	6	0	10489	10505
TP1_synth_reverse		31	C	599	458227	554	18	20	13	130	459561	3	10491	7	0	0	0	4	10505
TP1_synth_reverse		32	T	778	59	549	23	1	34	458115	459559	0	0	7	0	0	0	10498	10505
TP1_synth_reverse		33	C	561	457710	639	27	454	12	156	459559	0	10483	12	0	7	0	3	10505
TP1_synth_reverse		34	T	1011	80	536	36	2	14	457878	459557	0	0	6	0	0	0	10499	10505
TP1_synth_reverse		35	T	2329	53	633	53	1	34	456443	459546	0	0	8	0	0	0	10497	10505
TP1_synth_reverse		36	C	452	458121	835	24	2	38	67	459539	0	10485	20	0	0	0	0	10505
TP1_synth_reverse		37	C	544	458193	57	47	542	25	129	459537	2	10493	2	0	5	0	3	10505
TP1_synth_reverse		38	T	1142	43	573	26	195	56	457492	459527	0	0	6	0	3	0	10496	10505
TP1_synth_reverse		39	C	280	458360	280	26	484	20	77	459527	0	10496	4	0	5	0	0	10505
TP1_synth_reverse		40	T	1257	56	211	11	210	22	457755	459522	0	0	6	0	2	0	10497	10505
TP1_synth_reverse		41	G	97	993	788	455644	761	19	1210	459512	0	0	13	10484	7	0	1	10505
TP1_synth_reverse		42	T	1968	116	422	32	2316	70	454589	459513	0	2	10	0	41	0	10453	10506
TP1_synth_reverse		43	G	73	1001	900	456685	164	44	656	459523	0	0	11	10490	5	0	0	10506
TP1_synth_reverse		44	C	567	456190	385	133	1530	75	640	459520	0	10462	10	1	26	0	7	10506
TP1_synth_reverse		45	G	155	454	342	455928	24	47	2571	459521	1	1	8	10484	1	0	11	10506
TP1_synth_reverse		46	C	885	458152	172	30	0	17	264	459520	1	10497	7	0	0	0	1	10506
TP1_synth_reverse		47	C	339	458640	0	23	224	5	293	459524	0	10496	0	0	5	0	5	10506
TP1_synth_reverse		48	G	125	1078	788	455576	149	2	1790	459508	1	5	10	10488	2	0	0	10506
TP1_synth_reverse		49	A	458515	40	700	43	125	29	97	459549	10675	0	16	0	1	0	0	10692
TP1_synth_reverse		50	T	2085	45	235	17	244	13	456907	459546	0	0	9	0	5	0	10678	10692
TP1_synth_reverse		51	A	458898	37	233	35	238	52	79	459572	10682	0	9	0	2	0	0	10693
TP1_synth_reverse		52	C	491	458703	233	28	0	26	90	459571	0	10684	9	0	0	0	0	10693
TP1_synth_reverse		53	A	457583	21	558	96	1205	31	89	459583	10663	0	16	0	15	0	0	10694
TP1_synth_reverse		54	G	233	492	443	457871	139	14	388	459580	3	1	15	10669	5	0	1	10694
TP1_synth_reverse		55	A	459028	129	330	61	0	16	35	459599	10680	0	15	0	0	0	0	10695
TP1_synth_reverse		56	A	459231	14	87	81	70	28	87	459598	10686	0	7	0	2	0	0	10695
TP1_synth_reverse		57	T	2873	79	446	119	39	31	455982	459569	3	3	8	0	0	0	10681	10695
TP1_synth_reverse		58	A	459389	38	0	55	0	36	78	459596	10695	1	0	0	0	0	0	10696
TP1_synth_reverse		59	T	1740	34	178	79	50	11	457485	459577	0	0	7	0	1	0	10688	10696
TP1_synth_reverse		60	C	1146	457867	373	57	3	26	102	459574	1	10686	9	0	0	0	1	10697
TP1_synth_reverse		61	T	1306	70	611	205	552	6	456826	459576	0	0	10	0	8	0	10680	10698
TP1_synth_reverse		62	G	943	267	391	457287	70	68	551	459577	10	0	10	10677	2	0	0	10699
TP1_synth_reverse		63	T	3268	59	507	244	3	19	455492	459592	0	0	12	3	0	1	10684	10700
TP1_synth_reverse		64	T	1924	89	2	72	1	39	457459	459586	0	1	0	0	0	0	10699	10700
TP1_synth_reverse		65	C	551	457289	912	40	610	64	118	459584	1	10685	8	0	6	0	0	10700
TP1_synth_reverse		66	G	399	297	889	457462	1	27	507	459582	0	0	10	10690	0	0	0	10700
TP1_synth_reverse		67	C	694	457769	926	22	0	89	77	459577	0	10692	8	0	0	0	0	10700
TP1_synth_reverse		68	A	458450	344	296	100	253	63	74	459580	10695	0	3	0	2	0	0	10700
TP1_synth_reverse		69	C	137	458580	671	17	1	40	132	459578	0	10685	9	0	0	0	6	10700
TP1_synth_reverse		70	T	1112	79	585	135	1	22	457639	459573	1	0	6	0	0	0	10693	10700
TP1_synth_reverse		71	C	308	457601	1200	34	0	9	415	459567	1	10675	16	0	0	0	8	10700
TP1_synth_reverse		72	C	719	457916	232	46	59	40	549	459561	0	10690	2	0	1	0	7	10700
TP1_synth_reverse		73	G	1439	291	543	456607	398	94	182	459554	11	0	9	10676	2	0	2	10700
TP1_synth_reverse		74	A	458857	74	392	59	80	68	24	459554	10685	0	11	0	4	0	0	10700
TP1_synth_reverse		75	G	408	281	1290	457129	3	13	416	459540	7	0	10	10675	0	0	8	10700
TP1_synth_reverse		76	T	2654	198	243	57	99	15	456259	459525	0	2	2	0	2	0	10694	10700
TP1_synth_reverse		77	G	90	340	585	457706	0	17	774	459512	2	0	4	10689	0	0	5	10700
TP1_synth_reverse		78	C	411	457141	926	29	4	33	966	459510	1	10683	8	0	1	0	7	10700
TP1_synth_reverse		79	G	523	698	247	457314	0	108	604	459494	4	0	4	10689	0	0	3	10700
TP1_synth_reverse		80	G	352	216	1	458528	0	127	258	459482	2	0	0	10697	0	0	1	10700
TP1_synth_reverse		81	C	313	457325	1594	31	0	103	103	459469	1	10661	38	0	0	0	0	10700
TP1_synth_reverse		82	A	455455	39	756	101	0	59	81	456491	10502	0	9	0	0	0	0	10511
TP1_synth_reverse		83	A	456118	70	35	85	0	125	56	456489	10510	0	1	0	0	0	0	10511
TP1_synth_reverse		84	A	456196	51	0	126	0	54	32	456459	10511	0	0	0	0	0	0	10511
TP1_synth_reverse		85	G	105	256	149	455140	553	70	121	456394	0	0	6	10503	2	0	0	10511
TP1_synth_reverse		86	C	264	455960	0	23	1	23	81	456352	0	10510	0	0	0	0	1	10511
TP1_synth_reverse		87	T	1161	46	88	76	1	52	454850	456274	0	0	1	0	0	0	10510	10511
TP1_synth_reverse		88	G	179	370	90	455329	67	61	130	456226	1	0	3	10506	0	0	0	10510
TP1_synth_reverse		89	T	840	59	127	35	0	140	454771	455972	0	0	3	0	0	0	10507	10510
TP1_synth_reverse		90	T	852	65	0	29	2	80	454783	455811	0	0	0	0	0	0	10510	10510
TP1_synth_reverse		91	C	401	455059	0	172	1	22	79	455734	0	10509	0	1	0	0	0	10510
TP1_synth_reverse		92	C	268	454422	0	256	0	33	312	455291	0	10508	0	0	0	0	1	10509
TP1_synth_reverse		93	G	394	148	0	453524	0	71	110	454247	3	0	0	10503	0	0	0	10506
TP1_synth_reverse		94	T	724	72	0	80	0	104	453191	454171	0	0	0	0	0	0	10506	10506
TP1_synth_reverse		95	C	0	453698	0	0	0	54	0	453752	0	10499	0	0	0	0	0	10499
TP1_synth_reverse		96	C	0	453210	0	0	0	41	0	453251	0	10498	0	0	0	0	0	10498
TP1_synth_reverse		97	C	0	452560	0	0	0	81	0	452641	0	10497	0	0	0	0	0	10497
TP1_synth_reverse		98	A	450817	0	0	0	0	0	0	450817	10486	0	0	0	0	0	0	10486
TP1_synth_reverse		99	G	0	0	0	450021	0	0	0	450021	0	0	0	10481	0	0	0	10481
