



























































































































































































































#AmpliconChromStart	Alias	Position	ProbableRef	rawA	rawC	rawD	rawG	rawI	rawN	rawT	rawDepth	consA	consC	consD	consG	consI	consN	consT	consDepth	
TP1_synth_reverse		1	G	0	0	0	449896	0	0	0	449896	0	0	0	5802	0	0	0	5802
TP1_synth_reverse		2	T	0	0	0	0	0	0	450846	450846	0	0	0	0	0	0	5810	5810
TP1_synth_reverse		3	G	0	0	0	454066	0	77	0	454143	0	0	0	5826	0	0	0	5826
TP1_synth_reverse		4	G	0	0	0	454452	0	38	0	454490	0	0	0	5829	0	0	0	5829
TP1_synth_reverse		5	T	0	0	0	0	0	122	454657	454779	0	0	0	0	0	0	5831	5831
TP1_synth_reverse		6	G	111	41	0	454861	0	22	189	455224	1	0	0	5831	0	0	1	5833
TP1_synth_reverse		7	A	455489	21	0	57	0	6	82	455655	5835	0	0	0	0	0	0	5835
TP1_synth_reverse		8	G	71	136	0	456089	0	43	132	456471	0	1	0	5838	0	0	1	5840
TP1_synth_reverse		9	G	68	80	0	456217	1	8	128	456502	0	0	0	5839	0	0	1	5840
TP1_synth_reverse		10	C	191	456008	0	14	182	9	120	456524	0	5839	0	0	1	0	0	5840
TP1_synth_reverse		11	T	229	97	10	13	50	20	456105	456524	0	0	0	0	1	0	5839	5840
TP1_synth_reverse		12	C	219	452937	3209	14	1	41	103	456524	0	5822	18	0	0	0	0	5840
TP1_synth_reverse		13	C	279	456092	1	21	0	71	89	456553	0	5840	0	0	0	0	0	5840
TP1_synth_reverse		14	C	214	456226	1	22	0	30	77	456570	0	5840	0	0	0	0	0	5840
TP1_synth_reverse		15	C	170	455480	223	24	593	25	61	456576	0	5834	1	0	5	0	0	5840
TP1_synth_reverse		16	T	459	46	2509	26	1	24	453511	456576	0	0	27	0	0	0	5813	5840
TP1_synth_reverse		17	T	454	72	269	23	1	91	455678	456588	0	0	2	0	0	0	5838	5840
TP1_synth_reverse		18	T	372	336	27	11	276	65	455513	456600	0	3	0	0	4	0	5833	5840
TP1_synth_reverse		19	C	368	457126	844	24	725	53	408	459548	0	5821	8	0	7	0	5	5841
TP1_synth_reverse		20	T	464	62	1662	31	6	33	457290	459548	0	0	14	0	0	0	5827	5841
TP1_synth_reverse		21	T	1439	77	470	426	1475	109	455552	459548	0	0	2	6	16	0	5817	5841
TP1_synth_reverse		22	G	104	509	565	457742	346	86	210	459562	0	0	7	5830	4	0	0	5841
TP1_synth_reverse		23	C	505	455719	365	80	2566	63	264	459562	0	5806	4	0	27	0	4	5841
TP1_synth_reverse		24	G	173	123	408	458484	1	37	342	459568	0	0	4	5835	0	0	2	5841
TP1_synth_reverse		25	G	143	343	356	458532	3	31	173	459581	0	0	4	5837	0	0	0	5841
TP1_synth_reverse		26	A	457881	13	476	111	934	64	102	459581	5822	0	6	1	12	0	0	5841
TP1_synth_reverse		27	G	226	125	1261	457458	2	61	448	459581	4	0	13	5824	0	0	0	5841
TP1_synth_reverse		28	A	457197	71	1263	238	711	35	66	459581	5826	0	8	1	6	0	0	5841
TP1_synth_reverse		29	T	590	448	233	48	8	7	458247	459581	0	3	2	0	0	0	5836	5841
TP1_synth_reverse		30	T	2040	1336	20	5	116	32	456039	459588	0	5	0	0	2	0	5834	5841
TP1_synth_reverse		31	C	600	458248	554	18	20	13	130	459583	1	5834	5	0	0	0	1	5841
TP1_synth_reverse		32	T	781	59	549	23	1	34	458134	459581	0	0	6	0	0	0	5835	5841
TP1_synth_reverse		33	C	561	457732	639	27	454	12	156	459581	0	5826	8	0	5	0	2	5841
TP1_synth_reverse		34	T	1011	80	536	36	2	14	457900	459579	0	0	5	0	0	0	5836	5841
TP1_synth_reverse		35	T	2334	53	633	53	1	34	456460	459568	0	0	7	0	0	0	5834	5841
TP1_synth_reverse		36	C	453	458142	835	24	2	38	67	459561	0	5827	14	0	0	0	0	5841
TP1_synth_reverse		37	C	547	458212	57	47	542	25	129	459559	2	5832	2	0	4	0	1	5841
TP1_synth_reverse		38	T	1144	43	573	26	195	56	457512	459549	0	0	5	0	2	0	5834	5841
TP1_synth_reverse		39	C	284	458378	280	26	484	20	77	459549	0	5834	4	0	3	0	0	5841
TP1_synth_reverse		40	T	1262	56	211	11	210	22	457772	459544	0	0	4	0	2	0	5835	5841
TP1_synth_reverse		41	G	97	996	788	455658	761	19	1215	459534	0	0	6	5831	4	0	0	5841
TP1_synth_reverse		42	T	1970	116	422	32	2316	70	454601	459527	0	0	6	0	22	0	5813	5841
TP1_synth_reverse		43	G	73	1003	900	456694	164	44	659	459537	0	0	8	5830	3	0	0	5841
TP1_synth_reverse		44	C	570	456200	385	133	1531	75	640	459534	0	5815	5	1	16	0	4	5841
TP1_synth_reverse		45	G	155	456	342	455938	24	47	2573	459535	1	1	4	5830	0	0	5	5841
TP1_synth_reverse		46	C	890	458161	172	30	0	17	264	459534	1	5836	3	0	0	0	1	5841
TP1_synth_reverse		47	C	339	458649	0	23	224	5	293	459533	0	5833	0	0	4	0	4	5841
TP1_synth_reverse		48	G	125	1079	788	455589	149	2	1791	459523	0	1	4	5835	1	0	0	5841
TP1_synth_reverse		49	A	458530	40	700	43	125	29	97	459564	5834	0	6	0	1	0	0	5841
TP1_synth_reverse		50	T	2087	45	235	17	245	13	456919	459561	0	0	3	0	2	0	5836	5841
TP1_synth_reverse		51	A	458913	37	233	35	238	52	79	459587	5836	0	3	0	2	0	0	5841
TP1_synth_reverse		52	C	490	458719	233	28	0	26	90	459586	0	5838	3	0	0	0	0	5841
TP1_synth_reverse		53	A	457598	21	558	96	1205	31	89	459598	5829	0	5	0	7	0	0	5841
TP1_synth_reverse		54	G	233	492	443	457886	139	14	388	459595	1	1	5	5831	3	0	0	5841
TP1_synth_reverse		55	A	459043	129	330	61	0	16	35	459614	5837	0	5	0	0	0	0	5842
TP1_synth_reverse		56	A	459246	14	87	81	70	28	87	459613	5838	0	2	0	2	0	0	5842
TP1_synth_reverse		57	T	2873	79	445	119	39	31	455998	459584	0	2	5	0	0	0	5835	5842
TP1_synth_reverse		58	A	459404	38	0	55	0	36	78	459611	5842	1	0	0	0	0	0	5843
TP1_synth_reverse		59	T	1740	34	178	79	50	11	457500	459592	0	0	3	0	1	0	5839	5843
TP1_synth_reverse		60	C	1144	457884	373	57	3	26	102	459589	0	5835	7	0	0	0	1	5843
TP1_synth_reverse		61	T	1309	70	611	204	552	6	456839	459591	0	0	5	0	3	0	5836	5844
TP1_synth_reverse		62	G	943	269	391	457302	70	68	549	459592	5	0	5	5833	1	0	0	5844
TP1_synth_reverse		63	T	3267	59	507	244	3	19	455508	459607	0	0	5	2	0	1	5837	5845
TP1_synth_reverse		64	T	1927	89	2	72	1	39	457471	459601	0	1	0	0	0	0	5844	5845
TP1_synth_reverse		65	C	549	457305	913	40	610	64	118	459599	0	5837	4	0	4	0	0	5845
TP1_synth_reverse		66	G	402	298	889	457473	1	27	507	459597	0	0	3	5842	0	0	0	5845
TP1_synth_reverse		67	C	693	457785	926	22	0	89	77	459592	0	5842	3	0	0	0	0	5845
TP1_synth_reverse		68	A	458466	343	296	100	253	63	74	459595	5843	0	1	0	1	0	0	5845
TP1_synth_reverse		69	C	137	458595	671	17	1	40	132	459593	0	5839	3	0	0	0	3	5845
TP1_synth_reverse		70	T	1114	79	585	135	1	22	457652	459588	0	0	2	0	0	0	5843	5845
TP1_synth_reverse		71	C	308	457616	1200	34	0	9	415	459582	0	5835	6	0	0	0	4	5845
TP1_synth_reverse		72	C	721	457929	232	46	59	40	549	459576	0	5841	1	0	1	0	2	5845
TP1_synth_reverse		73	G	1441	293	543	456619	398	94	181	459569	4	0	4	5835	2	0	0	5845
TP1_synth_reverse		74	A	458871	74	392	60	80	68	24	459569	5839	0	4	0	2	0	0	5845
TP1_synth_reverse		75	G	408	281	1290	457143	3	13	416	459554	5	0	9	5827	0	0	4	5845
TP1_synth_reverse		76	T	2650	198	243	58	99	15	456276	459539	0	1	1	0	1	0	5842	5845
TP1_synth_reverse		77	G	90	340	585	457719	0	17	775	459526	0	0	3	5841	0	0	1	5845
TP1_synth_reverse		78	C	413	457153	926	29	4	33	966	459524	1	5834	4	0	0	0	6	5845
TP1_synth_reverse		79	G	523	697	247	457326	0	108	607	459508	2	0	2	5839	0	0	2	5845
TP1_synth_reverse		80	G	351	218	1	458541	0	127	258	459496	1	0	0	5843	0	0	1	5845
TP1_synth_reverse		81	C	313	457339	1594	31	0	103	103	459483	1	5827	17	0	0	0	0	5845
TP1_synth_reverse		82	A	455469	39	756	101	0	59	81	456505	5835	0	9	0	0	0	0	5844
TP1_synth_reverse		83	A	456132	70	35	85	0	125	56	456503	5843	0	1	0	0	0	0	5844
TP1_synth_reverse		84	A	456210	51	0	126	0	54	32	456473	5844	0	0	0	0	0	0	5844
TP1_synth_reverse		85	G	105	256	149	455153	553	70	122	456408	0	0	3	5839	2	0	0	5844
TP1_synth_reverse		86	C	264	455974	0	23	1	23	81	456366	0	5844	0	0	0	0	0	5844
TP1_synth_reverse		87	T	1161	46	88	76	1	52	454864	456288	0	0	0	0	0	0	5844	5844
TP1_synth_reverse		88	G	180	370	90	455341	67	61	131	456240	1	0	1	5842	0	0	0	5844
TP1_synth_reverse		89	T	840	59	127	35	0	140	454785	455986	0	0	1	0	0	0	5843	5844
TP1_synth_reverse		90	T	852	65	0	29	2	80	454796	455824	0	0	0	0	0	0	5844	5844
TP1_synth_reverse		91	C	402	455071	0	172	1	22	79	455747	0	5843	0	1	0	0	0	5844
TP1_synth_reverse		92	C	268	454435	0	256	0	33	312	455304	0	5843	0	0	0	0	1	5844
TP1_synth_reverse		93	G	395	148	0	453536	0	71	110	454260	1	0	0	5842	0	0	0	5843
TP1_synth_reverse		94	T	725	72	0	80	0	104	453202	454183	0	0	0	0	0	0	5843	5843
TP1_synth_reverse		95	C	0	453710	0	0	0	54	0	453764	0	5843	0	0	0	0	0	5843
TP1_synth_reverse		96	C	0	453222	0	0	0	41	0	453263	0	5843	0	0	0	0	0	5843
TP1_synth_reverse		97	C	0	452573	0	0	0	81	0	452654	0	5843	0	0	0	0	0	5843
TP1_synth_reverse		98	A	450830	0	0	0	0	0	0	450830	5843	0	0	0	0	0	0	5843
TP1_synth_reverse		99	G	0	0	0	450034	0	0	0	450034	0	0	0	5841	0	0	0	5841
