



























































































































































































































#AmpliconChromStart	Alias	Position	ProbableRef	rawA	rawC	rawD	rawG	rawI	rawN	rawT	rawDepth	consA	consC	consD	consG	consI	consN	consT	consDepth	
TP1_synth_reverse		1	G	0	0	0	449896	0	0	0	449896	0	0	0	2676	0	0	0	2676
TP1_synth_reverse		2	T	0	0	0	0	0	0	450846	450846	0	0	0	0	0	0	2679	2679
TP1_synth_reverse		3	G	0	0	0	454066	0	77	0	454143	0	0	0	2690	0	0	0	2690
TP1_synth_reverse		4	G	0	0	0	454452	0	38	0	454490	0	0	0	2690	0	0	0	2690
TP1_synth_reverse		5	T	0	0	0	0	0	122	454657	454779	0	0	0	0	0	0	2691	2691
TP1_synth_reverse		6	G	111	41	0	454861	0	22	189	455224	0	0	0	2691	0	0	1	2692
TP1_synth_reverse		7	A	455489	21	0	57	0	6	82	455655	2694	0	0	0	0	0	0	2694
TP1_synth_reverse		8	G	71	136	0	456089	0	43	132	456471	0	1	0	2695	0	0	1	2697
TP1_synth_reverse		9	G	68	80	0	456217	1	8	128	456502	0	0	0	2696	0	0	1	2697
TP1_synth_reverse		10	C	191	456008	0	14	182	9	120	456524	0	2696	0	0	1	0	0	2697
TP1_synth_reverse		11	T	229	97	10	13	50	20	456105	456524	0	0	0	0	0	0	2697	2697
TP1_synth_reverse		12	C	219	452937	3209	14	1	41	103	456524	0	2685	12	0	0	0	0	2697
TP1_synth_reverse		13	C	279	456092	1	21	0	71	89	456553	0	2697	0	0	0	0	0	2697
TP1_synth_reverse		14	C	214	456226	1	22	0	30	77	456570	0	2697	0	0	0	0	0	2697
TP1_synth_reverse		15	C	170	455480	223	24	593	25	61	456576	0	2692	1	0	4	0	0	2697
TP1_synth_reverse		16	T	459	46	2509	26	1	24	453511	456576	0	0	15	0	0	0	2682	2697
TP1_synth_reverse		17	T	454	72	269	23	1	91	455666	456576	0	0	1	0	0	0	2696	2697
TP1_synth_reverse		18	T	372	336	27	11	276	65	455501	456588	0	2	0	0	1	0	2694	2697
TP1_synth_reverse		19	C	368	457115	844	24	725	52	408	459536	0	2687	5	0	4	0	2	2698
TP1_synth_reverse		20	T	464	62	1662	31	6	33	457278	459536	0	0	9	0	0	0	2689	2698
TP1_synth_reverse		21	T	1439	77	470	426	1475	109	455540	459536	0	0	2	4	10	0	2682	2698
TP1_synth_reverse		22	G	104	507	565	457733	346	86	209	459550	0	0	3	2692	3	0	0	2698
TP1_synth_reverse		23	C	505	455708	365	80	2566	62	264	459550	0	2679	2	0	16	0	1	2698
TP1_synth_reverse		24	G	173	123	408	458472	1	37	342	459556	0	0	3	2695	0	0	0	2698
TP1_synth_reverse		25	G	143	343	356	458520	3	31	173	459569	0	0	3	2695	0	0	0	2698
TP1_synth_reverse		26	A	457879	13	476	111	934	64	102	459579	2687	0	4	0	7	0	0	2698
TP1_synth_reverse		27	G	226	124	1261	457457	2	61	448	459579	2	0	8	2688	0	0	0	2698
TP1_synth_reverse		28	A	457195	71	1263	238	711	35	66	459579	2685	0	8	1	4	0	0	2698
TP1_synth_reverse		29	T	588	448	233	48	8	7	458247	459579	0	1	2	0	0	0	2695	2698
TP1_synth_reverse		30	T	2040	1336	20	5	116	32	456037	459586	0	3	0	0	0	0	2695	2698
TP1_synth_reverse		31	C	601	458250	554	18	20	13	130	459586	1	2692	5	0	0	0	0	2698
TP1_synth_reverse		32	T	780	59	549	23	1	34	458138	459584	0	0	5	0	0	0	2693	2698
TP1_synth_reverse		33	C	561	457735	639	27	454	12	156	459584	0	2691	5	0	1	0	1	2698
TP1_synth_reverse		34	T	1012	80	536	36	2	14	457902	459582	0	0	5	0	0	0	2693	2698
TP1_synth_reverse		35	T	2332	53	633	53	1	34	456465	459571	0	0	7	0	0	0	2691	2698
TP1_synth_reverse		36	C	455	458143	835	24	2	38	67	459564	0	2690	8	0	0	0	0	2698
TP1_synth_reverse		37	C	548	458214	57	47	542	25	129	459562	0	2695	0	0	3	0	0	2698
TP1_synth_reverse		38	T	1144	43	573	26	195	56	457515	459552	0	0	3	0	1	0	2694	2698
TP1_synth_reverse		39	C	284	458381	280	26	484	20	77	459552	0	2694	2	0	2	0	0	2698
TP1_synth_reverse		40	T	1263	56	211	11	210	22	457775	459548	0	0	1	0	2	0	2695	2698
TP1_synth_reverse		41	G	97	997	788	455662	761	19	1214	459538	0	0	4	2691	3	0	0	2698
TP1_synth_reverse		42	T	1971	116	422	32	2316	70	454612	459539	0	0	3	0	12	0	2683	2698
TP1_synth_reverse		43	G	73	1003	900	456685	164	44	659	459528	0	0	6	2691	1	0	0	2698
TP1_synth_reverse		44	C	572	456189	385	133	1531	75	640	459525	0	2683	2	1	9	0	3	2698
TP1_synth_reverse		45	G	155	458	342	455930	24	46	2571	459526	0	1	2	2692	0	0	3	2698
TP1_synth_reverse		46	C	892	458150	172	30	0	17	264	459525	1	2694	2	0	0	0	1	2698
TP1_synth_reverse		47	C	339	458640	0	23	224	5	293	459524	0	2695	0	0	2	0	1	2698
TP1_synth_reverse		48	G	125	1075	788	455578	149	2	1791	459508	0	1	2	2694	1	0	0	2698
TP1_synth_reverse		49	A	458515	40	700	43	125	29	97	459549	2693	0	4	0	1	0	0	2698
TP1_synth_reverse		50	T	2089	45	235	17	245	13	456902	459546	0	0	1	0	1	0	2696	2698
TP1_synth_reverse		51	A	458898	37	233	35	238	52	79	459572	2695	0	1	0	2	0	0	2698
TP1_synth_reverse		52	C	492	458702	233	28	0	26	90	459571	0	2697	1	0	0	0	0	2698
TP1_synth_reverse		53	A	457583	21	558	96	1205	31	89	459583	2690	0	3	0	5	0	0	2698
TP1_synth_reverse		54	G	237	495	443	457863	139	14	389	459580	1	1	2	2693	1	0	0	2698
TP1_synth_reverse		55	A	459028	129	330	61	0	16	35	459599	2696	0	2	0	0	0	0	2698
TP1_synth_reverse		56	A	459231	14	87	81	70	28	87	459598	2698	0	0	0	0	0	0	2698
TP1_synth_reverse		57	T	2875	79	446	119	39	31	455980	459569	0	0	2	0	0	0	2696	2698
TP1_synth_reverse		58	A	459389	38	0	55	0	36	78	459596	2698	0	0	0	0	0	0	2698
TP1_synth_reverse		59	T	1739	34	178	79	50	11	457486	459577	0	0	2	0	1	0	2695	2698
TP1_synth_reverse		60	C	1144	457869	373	57	3	26	102	459574	0	2693	4	0	0	0	1	2698
TP1_synth_reverse		61	T	1308	70	611	205	552	6	456811	459563	0	0	5	0	3	0	2690	2698
TP1_synth_reverse		62	G	945	267	391	457275	70	68	548	459564	4	0	3	2691	0	0	0	2698
TP1_synth_reverse		63	T	3258	59	507	244	3	19	455489	459579	0	0	3	2	0	0	2693	2698
TP1_synth_reverse		64	T	1925	89	2	72	1	39	457445	459573	0	1	0	0	0	0	2697	2698
TP1_synth_reverse		65	C	551	457275	913	40	610	64	118	459571	0	2690	4	0	4	0	0	2698
TP1_synth_reverse		66	G	403	298	889	457446	1	27	505	459569	0	0	3	2695	0	0	0	2698
TP1_synth_reverse		67	C	691	457759	926	22	0	89	77	459564	0	2695	3	0	0	0	0	2698
TP1_synth_reverse		68	A	458437	344	296	100	253	63	74	459567	2696	0	1	0	1	0	0	2698
TP1_synth_reverse		69	C	137	458567	671	17	1	40	132	459565	0	2696	2	0	0	0	0	2698
TP1_synth_reverse		70	T	1116	79	585	136	1	22	457621	459560	0	0	2	0	0	0	2696	2698
TP1_synth_reverse		71	C	305	457591	1200	34	0	9	415	459554	0	2691	4	0	0	0	3	2698
TP1_synth_reverse		72	C	718	457904	232	46	59	40	549	459548	0	2695	1	0	1	0	1	2698
TP1_synth_reverse		73	G	1439	293	543	456592	398	94	182	459541	2	0	3	2691	2	0	0	2698
TP1_synth_reverse		74	A	458844	74	392	59	80	68	24	459541	2696	0	2	0	0	0	0	2698
TP1_synth_reverse		75	G	408	280	1290	457119	2	12	415	459526	2	0	8	2686	0	0	2	2698
TP1_synth_reverse		76	T	2641	198	243	56	99	15	456259	459511	0	1	1	0	1	0	2695	2698
TP1_synth_reverse		77	G	90	339	585	457692	0	17	775	459498	0	0	3	2694	0	0	1	2698
TP1_synth_reverse		78	C	410	457128	926	29	4	33	966	459496	1	2695	1	0	0	0	1	2698
TP1_synth_reverse		79	G	523	691	247	457306	0	108	605	459480	2	0	2	2693	0	0	1	2698
TP1_synth_reverse		80	G	352	218	1	458511	0	127	259	459468	1	0	0	2697	0	0	0	2698
TP1_synth_reverse		81	C	314	457310	1594	31	0	103	103	459455	1	2691	6	0	0	0	0	2698
TP1_synth_reverse		82	A	455441	39	756	101	0	59	81	456477	2693	0	4	0	0	0	0	2697
TP1_synth_reverse		83	A	456105	70	35	84	0	125	56	456475	2697	0	0	0	0	0	0	2697
TP1_synth_reverse		84	A	456181	51	0	127	0	54	32	456445	2697	0	0	0	0	0	0	2697
TP1_synth_reverse		85	G	105	256	149	455124	553	70	123	456380	0	0	1	2695	1	0	0	2697
TP1_synth_reverse		86	C	264	455946	0	23	1	23	81	456338	0	2697	0	0	0	0	0	2697
TP1_synth_reverse		87	T	1163	46	88	76	1	52	454834	456260	0	0	0	0	0	0	2697	2697
TP1_synth_reverse		88	G	180	370	90	455314	67	61	131	456213	1	0	1	2695	0	0	0	2697
TP1_synth_reverse		89	T	840	59	127	35	0	140	454758	455959	0	0	0	0	0	0	2697	2697
TP1_synth_reverse		90	T	853	65	0	29	2	80	454767	455796	0	0	0	0	0	0	2697	2697
TP1_synth_reverse		91	C	402	455043	0	172	1	22	79	455719	0	2697	0	0	0	0	0	2697
TP1_synth_reverse		92	C	267	454408	0	256	0	33	312	455276	0	2696	0	0	0	0	1	2697
TP1_synth_reverse		93	G	395	148	0	453508	0	71	110	454232	1	0	0	2696	0	0	0	2697
TP1_synth_reverse		94	T	724	72	0	80	0	104	453174	454154	0	0	0	0	0	0	2697	2697
TP1_synth_reverse		95	C	0	453683	0	0	0	53	0	453736	0	2697	0	0	0	0	0	2697
TP1_synth_reverse		96	C	0	453195	0	0	0	41	0	453236	0	2697	0	0	0	0	0	2697
TP1_synth_reverse		97	C	0	452546	0	0	0	81	0	452627	0	2697	0	0	0	0	0	2697
TP1_synth_reverse		98	A	450802	0	0	0	0	0	0	450802	2697	0	0	0	0	0	0	2697
TP1_synth_reverse		99	G	0	0	0	450006	0	0	0	450006	0	0	0	2697	0	0	0	2697
