



























































































































































































































#AmpliconChromStart	Alias	Position	ProbableRef	rawA	rawC	rawD	rawG	rawI	rawN	rawT	rawDepth	consA	consC	consD	consG	consI	consN	consT	consDepth	
TP1_synth_reverse		1	G	0	0	0	449896	0	0	0	449896	0	0	0	39938	0	0	0	39938
TP1_synth_reverse		2	T	0	0	0	0	0	0	450846	450846	0	0	0	0	0	0	40252	40252
TP1_synth_reverse		3	G	0	0	0	454066	0	77	0	454143	0	0	0	40757	0	24	0	40781
TP1_synth_reverse		4	G	0	0	0	454452	0	38	0	454490	0	0	0	41055	0	7	0	41062
TP1_synth_reverse		5	T	0	0	0	0	0	122	454657	454779	0	0	0	0	0	53	41234	41287
TP1_synth_reverse		6	G	111	41	0	454861	0	22	189	455224	11	5	0	41613	0	11	15	41655
TP1_synth_reverse		7	A	455489	21	0	57	0	6	82	455655	41672	1	0	5	0	1	4	41683
TP1_synth_reverse		8	G	71	136	0	456089	0	43	132	456471	7	15	0	41699	0	1	26	41748
TP1_synth_reverse		9	G	68	80	0	456217	1	8	128	456502	2	26	0	41727	1	1	16	41773
TP1_synth_reverse		10	C	191	456008	0	14	182	9	120	456524	50	41732	0	0	3	2	5	41792
TP1_synth_reverse		11	T	229	97	10	13	50	20	456105	456524	84	5	4	4	6	13	41676	41792
TP1_synth_reverse		12	C	219	452937	3209	14	1	41	103	456524	57	41625	89	2	0	12	7	41792
TP1_synth_reverse		13	C	279	456092	1	21	0	71	89	456553	61	41728	0	2	0	16	7	41814
TP1_synth_reverse		14	C	214	456226	1	22	0	30	77	456570	36	41782	1	2	0	3	6	41830
TP1_synth_reverse		15	C	170	455480	223	24	593	25	61	456576	40	41714	17	4	50	8	3	41836
TP1_synth_reverse		16	T	459	46	2509	26	1	24	453511	456576	137	4	217	3	0	4	41471	41836
TP1_synth_reverse		17	T	454	72	269	23	1	91	455678	456588	146	5	19	4	0	43	41629	41846
TP1_synth_reverse		18	T	372	336	27	11	276	65	455513	456600	108	11	14	2	14	34	41673	41856
TP1_synth_reverse		19	C	368	457126	844	24	725	53	408	459548	149	41693	76	3	53	15	24	42013
TP1_synth_reverse		20	T	464	62	1662	31	6	33	457290	459548	154	10	97	7	1	14	41730	42013
TP1_synth_reverse		21	T	1439	77	470	426	1475	109	455552	459548	564	2	17	25	139	14	41252	42013
TP1_synth_reverse		22	G	104	509	565	457742	346	86	210	459562	16	280	49	41587	36	10	49	42027
TP1_synth_reverse		23	C	505	455719	365	80	2566	63	264	459562	191	41522	28	11	220	31	24	42027
TP1_synth_reverse		24	G	173	123	408	458484	1	37	342	459568	16	52	21	41865	1	12	64	42031
TP1_synth_reverse		25	G	143	343	356	458532	3	31	173	459581	38	175	14	41774	1	2	37	42041
TP1_synth_reverse		26	A	457891	13	476	111	934	64	102	459591	41902	1	24	8	92	10	6	42043
TP1_synth_reverse		27	G	226	125	1261	457468	2	61	448	459591	29	50	81	41662	0	26	195	42043
TP1_synth_reverse		28	A	457207	71	1263	238	711	35	66	459591	41889	12	61	18	28	22	13	42043
TP1_synth_reverse		29	T	590	448	233	48	8	7	458257	459591	163	30	37	12	3	4	41794	42043
TP1_synth_reverse		30	T	2040	1336	20	5	116	32	456049	459598	725	54	1	2	16	15	41235	42048
TP1_synth_reverse		31	C	601	458257	554	18	20	13	130	459593	220	41773	33	3	2	5	10	42046
TP1_synth_reverse		32	T	781	59	549	23	1	34	458144	459591	224	3	33	5	0	5	41775	42045
TP1_synth_reverse		33	C	561	457742	639	27	454	12	156	459591	254	41685	52	4	32	3	15	42045
TP1_synth_reverse		34	T	1012	80	536	36	2	14	457909	459589	242	3	31	5	0	7	41756	42044
TP1_synth_reverse		35	T	2334	53	633	53	1	34	456470	459578	863	1	43	7	0	3	41123	42040
TP1_synth_reverse		36	C	453	458152	835	24	2	38	67	459571	103	41839	71	3	0	14	3	42033
TP1_synth_reverse		37	C	548	458221	57	47	542	25	129	459569	135	41830	4	4	51	2	6	42032
TP1_synth_reverse		38	T	1145	43	573	26	195	56	457521	459559	380	5	34	3	17	5	41580	42024
TP1_synth_reverse		39	C	284	458388	280	26	484	20	77	459559	72	41901	16	3	26	2	5	42025
TP1_synth_reverse		40	T	1264	56	211	11	210	22	457781	459555	357	7	28	2	14	4	41610	42022
TP1_synth_reverse		41	G	97	996	788	455667	761	19	1217	459545	13	449	60	41146	55	6	285	42014
TP1_synth_reverse		42	T	1971	116	422	32	2316	70	454619	459546	772	11	40	7	163	25	40995	42013
TP1_synth_reverse		43	G	73	1004	900	456691	164	44	659	459535	5	292	55	41489	20	1	142	42004
TP1_synth_reverse		44	C	570	456198	385	133	1531	75	640	459532	211	41534	37	8	140	26	45	42001
TP1_synth_reverse		45	G	155	458	342	455934	24	47	2573	459533	10	131	27	41325	16	12	484	42005
TP1_synth_reverse		46	C	892	458157	172	30	0	17	264	459532	393	41546	40	8	0	6	11	42004
TP1_synth_reverse		47	C	341	458645	0	23	224	5	293	459531	97	41853	0	2	19	2	31	42004
TP1_synth_reverse		48	G	125	1075	788	455582	149	2	1794	459515	18	454	47	41062	11	0	401	41993
TP1_synth_reverse		49	A	458522	40	700	43	125	29	97	459556	43821	9	61	5	3	3	9	43911
TP1_synth_reverse		50	T	2090	45	235	17	245	13	456908	459553	434	2	35	9	19	1	43410	43910
TP1_synth_reverse		51	A	458905	37	233	35	238	52	79	459579	43845	7	34	3	9	24	10	43932
TP1_synth_reverse		52	C	492	458709	233	28	0	26	90	459578	198	43676	34	6	0	6	11	43931
TP1_synth_reverse		53	A	457590	21	558	96	1205	31	89	459590	43767	2	63	11	75	17	5	43940
TP1_synth_reverse		54	G	236	495	443	457869	139	14	389	459585	37	75	60	43671	14	1	79	43937
TP1_synth_reverse		55	A	459033	129	330	61	0	16	35	459604	43840	32	49	3	0	12	2	43938
TP1_synth_reverse		56	A	459236	14	87	81	70	28	87	459603	43877	2	20	7	10	6	15	43937
TP1_synth_reverse		57	T	2874	79	446	119	39	31	455986	459574	532	7	37	20	3	21	43310	43930
TP1_synth_reverse		58	A	459394	38	0	55	0	36	78	459601	43903	2	0	4	0	21	4	43934
TP1_synth_reverse		59	T	1739	34	178	79	50	11	457491	459582	395	0	22	10	6	3	43489	43925
TP1_synth_reverse		60	C	1144	457874	373	57	3	26	102	459579	301	43566	37	4	1	3	9	43921
TP1_synth_reverse		61	T	1308	70	611	205	552	6	456829	459581	299	3	45	41	29	1	43499	43917
TP1_synth_reverse		62	G	945	266	391	457294	70	68	548	459582	157	66	36	43435	11	8	203	43916
TP1_synth_reverse		63	T	3255	59	507	244	3	19	455510	459597	995	0	53	14	1	5	42849	43917
TP1_synth_reverse		64	T	1925	89	2	72	1	39	457463	459591	397	6	1	5	0	2	43502	43913
TP1_synth_reverse		65	C	551	457293	913	40	610	64	118	459589	125	43686	50	2	31	11	8	43913
TP1_synth_reverse		66	G	402	298	889	457464	1	27	506	459587	87	84	60	43492	0	12	177	43912
TP1_synth_reverse		67	C	691	457777	926	22	0	89	77	459582	252	43554	65	3	0	31	3	43908
TP1_synth_reverse		68	A	458455	344	296	100	253	63	74	459585	43793	57	23	16	11	2	9	43911
TP1_synth_reverse		69	C	137	458585	671	17	1	40	132	459583	39	43794	47	1	1	14	15	43911
TP1_synth_reverse		70	T	1115	79	585	136	1	22	457640	459578	248	14	35	21	0	7	43584	43909
TP1_synth_reverse		71	C	307	457607	1200	34	0	9	415	459572	77	43694	81	8	0	0	45	43905
TP1_synth_reverse		72	C	719	457921	232	46	59	40	549	459566	304	43524	10	5	5	10	44	43902
TP1_synth_reverse		73	G	1439	293	543	456610	398	94	182	459559	125	69	35	43590	17	19	44	43899
TP1_synth_reverse		74	A	458862	74	392	59	80	68	24	459559	43835	1	32	4	16	9	2	43899
TP1_synth_reverse		75	G	408	279	1290	457136	2	13	416	459544	61	72	77	43602	2	3	74	43891
TP1_synth_reverse		76	T	2638	198	243	56	99	15	456280	459529	884	20	18	13	12	12	42923	43882
TP1_synth_reverse		77	G	90	339	585	457710	0	17	775	459516	12	100	31	43545	0	9	179	43876
TP1_synth_reverse		78	C	411	457145	926	29	4	33	966	459514	94	43628	67	5	1	17	62	43874
TP1_synth_reverse		79	G	523	689	247	457326	0	108	605	459498	60	352	21	43298	0	8	129	43868
TP1_synth_reverse		80	G	352	218	1	458530	0	127	258	459486	60	80	0	43664	0	11	48	43863
TP1_synth_reverse		81	C	314	457328	1594	31	0	103	103	459473	47	43607	179	2	0	14	4	43853
TP1_synth_reverse		82	A	455459	39	756	101	0	59	81	456495	41706	8	45	6	0	17	1	41783
TP1_synth_reverse		83	A	456122	70	35	85	0	125	56	456493	41757	4	3	3	0	11	5	41783
TP1_synth_reverse		84	A	456200	51	0	126	0	54	32	456463	41749	5	0	13	0	8	2	41777
TP1_synth_reverse		85	G	105	256	149	455142	553	70	123	456398	13	71	23	41597	23	13	20	41760
TP1_synth_reverse		86	C	264	455964	0	23	1	23	81	456356	58	41683	0	2	1	3	5	41752
TP1_synth_reverse		87	T	1163	46	88	76	1	52	454852	456278	224	5	7	9	0	19	41464	41728
TP1_synth_reverse		88	G	180	370	90	455331	67	61	131	456230	23	32	16	41599	4	9	28	41711
TP1_synth_reverse		89	T	842	59	127	35	0	140	454773	455976	108	5	12	2	0	43	41519	41689
TP1_synth_reverse		90	T	853	65	0	29	2	80	454785	455814	171	3	0	2	1	8	41473	41658
TP1_synth_reverse		91	C	402	455061	0	172	1	22	79	455737	55	41571	0	10	0	2	3	41641
TP1_synth_reverse		92	C	268	454425	0	256	0	33	312	455294	47	41524	0	16	0	3	15	41605
TP1_synth_reverse		93	G	395	148	0	453526	0	71	110	454250	48	35	0	41416	0	10	20	41529
TP1_synth_reverse		94	T	725	72	0	80	0	104	453192	454173	114	3	0	9	0	20	41368	41514
TP1_synth_reverse		95	C	0	453700	0	0	0	54	0	453754	0	41449	0	0	0	9	0	41458
TP1_synth_reverse		96	C	0	453213	0	0	0	41	0	453254	0	41380	0	0	0	15	0	41395
TP1_synth_reverse		97	C	0	452564	0	0	0	81	0	452645	0	41318	0	0	0	16	0	41334
TP1_synth_reverse		98	A	450820	0	0	0	0	0	0	450820	41195	0	0	0	0	0	0	41195
TP1_synth_reverse		99	G	0	0	0	450024	0	0	0	450024	0	0	0	41080	0	0	0	41080
