



























































































































































































































#AmpliconChromStart	Alias	Position	ProbableRef	rawA	rawC	rawD	rawG	rawI	rawN	rawT	rawDepth	consA	consC	consD	consG	consI	consN	consT	consDepth	
TP1_synth_forward		5	T	0	0	0	0	0	0	1051	1051	0	0	0	0	0	0	732	732
TP1_synth_forward		6	G	0	0	0	2000	0	0	0	2000	0	0	0	1280	0	0	0	1280
TP1_synth_forward		7	A	2326	0	0	0	0	1	0	2327	1335	0	0	0	0	1	0	1336
TP1_synth_forward		8	G	0	0	0	2789	0	0	0	2789	0	0	0	1385	0	0	0	1385
TP1_synth_forward		9	G	0	0	0	3054	0	0	0	3054	0	0	0	1425	0	0	0	1425
TP1_synth_forward		10	C	5	3064	0	0	0	0	0	3069	4	1433	0	0	0	0	0	1437
TP1_synth_forward		11	T	33	0	0	1	0	0	3097	3131	27	0	0	1	0	0	1416	1444
TP1_synth_forward		12	C	9	3143	0	0	0	0	1	3153	6	1455	0	0	0	0	0	1461
TP1_synth_forward		13	C	19	3142	0	0	0	0	1	3162	11	1458	0	0	0	0	0	1469
TP1_synth_forward		14	C	13	3157	0	0	0	0	2	3172	7	1471	0	0	0	0	1	1479
TP1_synth_forward		15	C	2	3170	0	0	0	0	0	3172	2	1477	0	0	0	0	0	1479
TP1_synth_forward		16	T	48	0	7	0	0	0	3128	3183	36	0	5	0	0	0	1449	1490
TP1_synth_forward		17	T	67	1	0	0	0	0	3127	3195	32	1	0	0	0	0	1466	1499
TP1_synth_forward		18	T	26	1	1	0	0	0	3183	3211	16	0	0	0	0	0	1493	1509
TP1_synth_forward		19	A	3227	0	1	0	0	0	1	3229	1513	0	0	0	0	0	0	1513
TP1_synth_forward		20	T	34	1	0	0	133	0	3061	3229	16	0	0	0	7	0	1490	1513
TP1_synth_forward		21	A	3243	1	0	0	0	0	1	3245	1518	1	0	0	0	0	0	1519
TP1_synth_forward		22	C	9	3233	1	1	0	1	0	3245	5	1511	1	1	0	1	0	1519
TP1_synth_forward		23	A	3241	0	1	0	1	0	2	3245	1517	0	0	0	1	0	1	1519
TP1_synth_forward		24	G	0	11	0	3221	0	2	11	3245	0	3	0	1509	0	1	6	1519
TP1_synth_forward		25	A	3246	0	0	1	0	1	0	3248	1519	0	0	0	0	1	0	1520
TP1_synth_forward		26	A	3242	0	0	2	0	0	4	3248	1517	0	0	1	0	0	2	1520
TP1_synth_forward		27	T	54	0	1	4	0	0	3189	3248	28	0	0	3	0	0	1489	1520
TP1_synth_forward		28	A	3246	0	0	0	0	0	2	3248	1518	0	0	0	0	0	2	1520
TP1_synth_forward		29	T	14	0	1	0	0	0	3233	3248	8	0	1	0	0	0	1511	1520
TP1_synth_forward		30	C	7	3238	1	1	0	0	1	3248	5	1513	1	1	0	0	0	1520
TP1_synth_forward		31	T	51	0	3	0	2	0	3192	3248	34	0	2	0	1	0	1483	1520
TP1_synth_forward		32	G	12	26	3	3216	0	0	13	3270	9	12	2	1488	0	0	12	1523
TP1_synth_forward		33	T	82	0	4	0	0	1	3183	3270	49	0	4	0	0	1	1469	1523
TP1_synth_forward		34	T	75	1	0	0	0	1	3193	3270	51	0	0	0	0	0	1472	1523
TP1_synth_forward		35	C	16	3249	1	0	0	0	4	3270	11	1510	1	0	0	0	1	1523
TP1_synth_forward		36	G	3	8	132	3005	0	1	121	3270	0	2	8	1414	0	1	98	1523
TP1_synth_forward		37	C	25	3106	138	0	0	0	0	3269	17	1494	11	0	0	0	0	1522
TP1_synth_forward		38	A	3129	3	135	0	1	0	1	3269	1510	1	9	0	1	0	1	1522
TP1_synth_forward		39	C	8	3256	3	1	0	0	1	3269	6	1513	3	0	0	0	0	1522
TP1_synth_forward		40	T	54	0	3	0	3	0	3211	3271	33	0	3	0	2	0	1486	1524
TP1_synth_forward		41	C	12	3231	30	0	0	1	1	3275	9	1494	24	0	0	0	1	1528
TP1_synth_forward		42	C	21	3253	1	1	0	0	1	3277	14	1514	1	0	0	0	1	1530
TP1_synth_forward		43	G	3	7	2	3208	0	0	56	3276	2	5	2	1480	0	0	40	1529
TP1_synth_forward		44	A	3271	0	3	0	0	1	1	3276	1524	0	3	0	0	1	1	1529
TP1_synth_forward		45	G	3	31	88	3133	0	1	19	3275	1	23	24	1467	0	1	13	1529
TP1_synth_forward		46	T	71	2	1	1	0	0	3200	3275	43	1	0	1	0	0	1484	1529
TP1_synth_forward		47	G	28	14	1	3221	0	2	8	3274	19	8	0	1496	0	1	5	1529
TP1_synth_forward		48	C	33	3237	4	0	0	0	0	3274	17	1509	3	0	0	0	0	1529
TP1_synth_forward		49	G	4	4	2	3188	0	0	74	3272	3	1	2	1473	0	0	49	1528
TP1_synth_forward		50	G	21	9	1	3194	0	0	46	3271	11	3	1	1479	0	0	33	1527
TP1_synth_forward		51	C	17	3263	2	3	2	0	0	3287	7	1531	2	0	2	0	0	1542
TP1_synth_forward		52	T	80	0	2	1	1	0	3203	3287	38	0	2	0	0	0	1502	1542
TP1_synth_forward		53	T	73	0	2	2	0	0	3210	3287	41	0	2	1	0	0	1498	1542
TP1_synth_forward		54	G	30	10	6	3226	0	2	17	3291	12	3	6	1510	0	1	11	1543
TP1_synth_forward		55	C	26	3262	3	1	1	1	0	3294	14	1527	3	1	1	0	0	1546
TP1_synth_forward		56	G	8	5	21	3217	0	0	42	3293	3	1	13	1503	0	0	25	1545
TP1_synth_forward		57	G	8	6	2	3262	0	0	23	3301	3	2	2	1524	0	0	19	1550
TP1_synth_forward		58	A	3277	1	19	2	1	0	1	3301	1535	0	12	1	1	0	1	1550
TP1_synth_forward		59	G	5	9	6	3258	2	1	19	3300	4	5	4	1524	1	0	11	1549
TP1_synth_forward		60	A	3296	0	1	1	0	0	2	3300	1546	0	1	1	0	0	1	1549
TP1_synth_forward		61	T	17	2	3	16	0	0	3262	3300	12	1	2	12	0	0	1522	1549
TP1_synth_forward		62	T	42	1	3	5	0	1	3247	3299	26	1	2	5	0	0	1515	1549
TP1_synth_forward		63	C	13	3281	3	1	0	1	0	3299	10	1537	2	0	0	0	0	1549
TP1_synth_forward		64	T	46	0	0	6	0	0	3246	3298	33	0	0	3	0	0	1512	1548
TP1_synth_forward		65	C	4	3291	0	0	1	0	2	3298	0	1546	0	0	1	0	1	1548
TP1_synth_forward		66	T	51	1	1	2	0	0	3242	3297	37	0	1	1	0	0	1508	1547
TP1_synth_forward		67	T	61	0	0	1	0	1	3234	3297	43	0	0	1	0	0	1503	1547
TP1_synth_forward		68	C	11	3283	3	0	0	0	0	3297	8	1536	3	0	0	0	0	1547
TP1_synth_forward		69	C	17	3274	2	1	0	1	2	3297	13	1529	2	1	0	1	1	1547
TP1_synth_forward		70	T	28	2	0	1	1	1	3263	3296	18	2	0	1	0	1	1524	1546
TP1_synth_forward		71	C	7	3287	1	0	0	1	0	3296	6	1539	1	0	0	0	0	1546
TP1_synth_forward		72	T	44	0	1	0	0	0	3248	3293	37	0	1	0	0	0	1506	1544
TP1_synth_forward		73	G	10	17	3	3248	0	0	13	3291	9	10	1	1512	0	0	11	1543
TP1_synth_forward		74	T	41	0	12	0	1	0	3236	3290	29	0	9	0	1	0	1504	1543
TP1_synth_forward		75	G	6	9	3	3264	1	0	7	3290	5	7	2	1522	1	0	6	1543
TP1_synth_forward		76	C	18	3265	0	0	0	0	7	3290	10	1528	0	0	0	0	5	1543
TP1_synth_forward		77	G	3	5	4	3252	0	0	25	3289	2	4	3	1513	0	0	21	1543
TP1_synth_forward		78	C	8	3277	3	0	0	0	1	3289	7	1532	3	0	0	0	1	1543
TP1_synth_forward		79	C	10	3272	2	0	3	1	1	3289	9	1528	2	0	2	1	1	1543
TP1_synth_forward		80	G	7	12	5	3231	0	0	34	3289	3	8	5	1503	0	0	24	1543
TP1_synth_forward		81	C	9	3246	15	0	1	0	1	3272	7	1510	10	0	1	0	0	1528
TP1_synth_forward		82	A	3266	0	3	0	0	0	3	3272	1525	0	2	0	0	0	1	1528
TP1_synth_forward		83	A	3268	1	1	1	0	0	1	3272	1526	0	1	0	0	0	1	1528
TP1_synth_forward		84	A	3269	2	0	1	0	0	0	3272	1525	2	0	1	0	0	0	1528
TP1_synth_forward		85	G	2	7	0	3250	0	2	9	3270	0	2	0	1513	0	2	9	1526
TP1_synth_forward		86	C	10	3256	0	4	0	0	0	3270	7	1517	0	2	0	0	0	1526
TP1_synth_forward		87	T	52	0	0	2	0	1	3207	3262	36	0	0	1	0	0	1483	1520
TP1_synth_forward		88	G	7	12	1	3234	1	0	3	3258	7	5	1	1500	1	0	3	1517
TP1_synth_forward		89	T	55	1	1	0	0	0	3198	3255	36	0	1	0	0	0	1479	1516
TP1_synth_forward		90	T	39	2	0	1	2	0	3206	3250	28	1	0	0	2	0	1483	1514
TP1_synth_forward		91	C	11	3232	0	1	1	0	1	3246	8	1504	0	1	1	0	0	1514
TP1_synth_forward		92	C	8	3232	0	1	0	0	1	3242	6	1503	0	1	0	0	1	1511
TP1_synth_forward		93	G	11	7	0	3217	0	0	4	3239	10	7	0	1491	0	0	2	1510
TP1_synth_forward		94	T	43	0	0	0	0	0	3188	3231	32	0	0	0	0	0	1474	1506
TP1_synth_forward		95	C	0	3228	0	0	0	2	0	3230	0	1505	0	0	0	0	0	1505
TP1_synth_forward		96	C	0	3218	0	0	0	0	0	3218	0	1498	0	0	0	0	0	1498
TP1_synth_forward		97	C	0	3182	0	0	0	1	0	3183	0	1492	0	0	0	0	0	1492
TP1_synth_forward		98	A	3169	0	0	0	0	0	0	3169	1483	0	0	0	0	0	0	1483
TP1_synth_forward		99	G	0	0	0	3153	0	0	0	3153	0	0	0	1471	0	0	0	1471
TP1_synth_forward		100	T	0	0	0	0	0	0	3119	3119	0	0	0	0	0	0	1449	1449
TP1_synth_forward	TP1_synth_forward	1	G	0	0	0	865571	0	0	0	865571	0	0	0	79864	0	0	0	79864
TP1_synth_forward	TP1_synth_forward	2	T	0	0	0	0	0	0	867516	867516	0	0	0	0	0	0	80414	80414
TP1_synth_forward	TP1_synth_forward	3	G	0	0	0	871721	0	11	0	871732	0	0	0	81656	0	6	0	81662
TP1_synth_forward	TP1_synth_forward	4	G	0	0	0	872945	0	5	0	872950	0	0	0	82459	0	0	0	82459
TP1_synth_forward	TP1_synth_forward	5	T	0	0	0	0	0	12	872938	872950	0	0	0	0	0	3	82456	82459
TP1_synth_forward	TP1_synth_forward	6	G	187	86	0	872246	0	211	220	872950	5	7	0	82366	0	58	23	82459
TP1_synth_forward	TP1_synth_forward	7	A	872438	21	0	128	0	189	174	872950	82417	2	0	9	0	25	6	82459
TP1_synth_forward	TP1_synth_forward	8	G	266	56	0	872425	1	29	173	872950	17	2	0	82419	1	1	19	82459
TP1_synth_forward	TP1_synth_forward	9	G	223	114	0	872025	1	328	259	872950	12	44	0	82367	0	24	12	82459
TP1_synth_forward	TP1_synth_forward	10	C	136	872226	170	32	2	226	158	872950	26	82351	5	2	2	60	13	82459
TP1_synth_forward	TP1_synth_forward	11	T	453	140	100	18	383	145	871711	872950	105	11	11	0	30	35	82267	82459
TP1_synth_forward	TP1_synth_forward	12	C	166	870485	1954	23	1	50	271	872950	27	82271	129	0	0	22	10	82459
TP1_synth_forward	TP1_synth_forward	13	C	327	872186	135	21	0	111	170	872950	46	82390	3	0	0	14	6	82459
TP1_synth_forward	TP1_synth_forward	14	C	290	872261	0	23	0	25	351	872950	42	82395	0	1	0	8	13	82459
TP1_synth_forward	TP1_synth_forward	15	C	197	872088	126	11	298	106	124	872950	30	82399	2	0	16	7	5	82459
TP1_synth_forward	TP1_synth_forward	16	T	517	75	2630	95	0	57	869576	872950	106	16	233	9	0	3	82092	82459
TP1_synth_forward	TP1_synth_forward	17	T	386	289	38	32	0	51	872154	872950	78	13	7	3	0	22	82336	82459
TP1_synth_forward	TP1_synth_forward	18	T	268	115	282	14	258	169	871844	872950	69	9	11	0	15	33	82322	82459
TP1_synth_forward	TP1_synth_forward	19	A	871965	5	577	111	20	83	189	872950	82339	1	68	10	5	15	21	82459
TP1_synth_forward	TP1_synth_forward	20	T	385	233	210	45	219	111	871747	872950	68	16	24	6	23	16	82306	82459
TP1_synth_forward	TP1_synth_forward	21	A	871933	22	598	104	3	72	218	872950	82354	2	58	4	3	15	23	82459
TP1_synth_forward	TP1_synth_forward	22	C	320	871359	676	61	161	71	302	872950	38	82328	44	6	14	14	15	82459
TP1_synth_forward	TP1_synth_forward	23	A	871427	48	529	146	355	244	201	872950	82286	5	50	6	29	68	15	82459
TP1_synth_forward	TP1_synth_forward	24	G	139	69	419	871343	445	194	341	872950	9	18	55	82195	39	77	66	82459
TP1_synth_forward	TP1_synth_forward	25	A	871308	17	1273	126	1	128	97	872950	82254	5	128	7	0	60	5	82459
TP1_synth_forward	TP1_synth_forward	26	A	872068	9	557	119	0	55	142	872950	82389	3	34	8	0	21	4	82459
TP1_synth_forward	TP1_synth_forward	27	T	936	72	789	75	43	71	870964	872950	221	5	46	4	4	3	82176	82459
TP1_synth_forward	TP1_synth_forward	28	A	871892	14	711	74	30	93	136	872950	82364	2	69	2	10	8	4	82459
TP1_synth_forward	TP1_synth_forward	29	T	618	147	537	326	216	136	870970	872950	131	7	57	31	26	64	82143	82459
TP1_synth_forward	TP1_synth_forward	30	C	388	871771	397	81	2	62	249	872950	86	82280	47	6	2	18	20	82459
TP1_synth_forward	TP1_synth_forward	31	T	2167	118	774	25	333	15	869498	872930	492	9	62	0	22	0	81863	82448
TP1_synth_forward	TP1_synth_forward	32	G	271	342	983	870572	61	57	625	872911	30	56	70	82156	9	9	104	82434
TP1_synth_forward	TP1_synth_forward	33	T	1910	200	995	9	0	136	869658	872908	341	16	80	1	0	60	81935	82433
TP1_synth_forward	TP1_synth_forward	34	T	3299	126	16	6	221	170	869059	872897	548	15	9	1	10	54	81789	82426
TP1_synth_forward	TP1_synth_forward	35	C	710	871183	455	34	150	49	304	872885	150	82184	51	1	7	10	13	82416
TP1_synth_forward	TP1_synth_forward	36	G	944	275	729	868436	143	194	2148	872869	49	93	56	81862	6	61	280	82407
TP1_synth_forward	TP1_synth_forward	37	C	267	870628	1008	158	2	199	320	872582	46	82228	86	11	1	16	15	82403
TP1_synth_forward	TP1_synth_forward	38	A	870895	59	952	241	167	81	185	872580	82275	7	72	13	6	18	12	82403
TP1_synth_forward	TP1_synth_forward	39	C	290	870703	845	106	161	68	398	872571	55	82192	86	12	6	15	30	82396
TP1_synth_forward	TP1_synth_forward	40	T	2441	129	559	108	350	71	868893	872551	519	12	84	2	19	8	81741	82385
TP1_synth_forward	TP1_synth_forward	41	C	455	853937	17788	25	2	134	208	872549	99	81048	1142	2	0	80	13	82384
TP1_synth_forward	TP1_synth_forward	42	C	415	871343	290	58	8	42	349	872505	84	82198	28	3	4	15	31	82363
TP1_synth_forward	TP1_synth_forward	43	G	310	250	750	869233	317	67	1516	872443	31	74	77	81845	15	5	268	82315
TP1_synth_forward	TP1_synth_forward	44	A	871144	25	756	235	75	111	96	872442	82222	3	47	13	8	14	7	82314
TP1_synth_forward	TP1_synth_forward	45	G	196	426	13087	857287	21	324	1057	872398	19	103	859	80983	9	105	206	82284
TP1_synth_forward	TP1_synth_forward	46	T	1792	302	387	26	26	124	869729	872386	336	19	34	2	5	31	81850	82277
TP1_synth_forward	TP1_synth_forward	47	G	445	294	930	870148	10	143	401	872371	70	78	44	81967	4	17	88	82268
TP1_synth_forward	TP1_synth_forward	48	C	548	869755	934	87	429	346	271	872370	63	82014	58	6	25	75	26	82267
TP1_synth_forward	TP1_synth_forward	49	G	692	235	1061	868944	0	239	1195	872366	47	95	66	81798	0	98	160	82264
TP1_synth_forward	TP1_synth_forward	50	G	272	249	327	870224	376	123	784	872355	36	85	19	81961	22	24	108	82255
TP1_synth_forward	TP1_synth_forward	51	C	333	869313	591	1097	461	260	294	872349	43	82030	36	61	28	22	30	82250
TP1_synth_forward	TP1_synth_forward	52	T	2171	147	1092	190	1	173	868559	872333	528	10	78	9	0	15	81600	82240
TP1_synth_forward	TP1_synth_forward	53	T	1583	185	77	72	1	57	870349	872324	334	12	11	7	1	3	81867	82235
TP1_synth_forward	TP1_synth_forward	54	G	391	218	2981	867560	148	151	848	872297	50	69	230	81705	16	43	100	82213
TP1_synth_forward	TP1_synth_forward	55	C	333	869899	727	38	302	385	610	872294	57	81939	45	0	16	106	49	82212
TP1_synth_forward	TP1_synth_forward	56	G	520	266	10145	860274	0	269	816	872290	36	59	692	81289	0	34	100	82210
TP1_synth_forward	TP1_synth_forward	57	G	334	82	566	870687	26	99	431	872225	28	25	40	81977	4	11	78	82163
TP1_synth_forward	TP1_synth_forward	58	A	863750	31	7294	139	120	78	786	872198	81597	6	486	5	11	7	38	82150
TP1_synth_forward	TP1_synth_forward	59	G	735	140	3362	867106	280	45	471	872139	59	42	233	81674	7	9	92	82116
TP1_synth_forward	TP1_synth_forward	60	A	871128	65	454	110	96	39	245	872137	82023	4	41	6	16	10	14	82114
TP1_synth_forward	TP1_synth_forward	61	T	470	207	1243	513	1	99	869583	872116	109	15	85	74	0	10	81811	82104
TP1_synth_forward	TP1_synth_forward	62	T	1356	311	430	470	189	93	869140	871989	317	22	24	61	19	9	81608	82060
TP1_synth_forward	TP1_synth_forward	63	C	503	870356	759	66	2	131	136	871953	96	81882	51	3	1	12	4	82049
TP1_synth_forward	TP1_synth_forward	64	T	2328	117	453	68	50	125	868758	871899	509	11	32	7	7	24	81426	82016
TP1_synth_forward	TP1_synth_forward	65	C	238	870218	835	49	183	146	219	871888	47	81864	44	6	14	15	19	82009
TP1_synth_forward	TP1_synth_forward	66	T	2046	165	689	90	1	85	868803	871879	469	11	42	5	0	7	81471	82005
TP1_synth_forward	TP1_synth_forward	67	T	2233	416	602	39	152	105	868311	871858	421	27	40	5	9	6	81489	81997
TP1_synth_forward	TP1_synth_forward	68	C	369	869596	1625	43	0	90	133	871856	83	81797	93	9	0	6	8	81996
TP1_synth_forward	TP1_synth_forward	69	C	646	869431	688	69	63	138	812	871847	99	81729	45	5	7	62	43	81990
TP1_synth_forward	TP1_synth_forward	70	T	2030	232	456	31	140	245	868691	871825	465	18	35	5	12	63	81386	81984
TP1_synth_forward	TP1_synth_forward	71	C	529	870597	290	22	118	99	163	871818	109	81801	40	3	9	10	9	81981
TP1_synth_forward	TP1_synth_forward	72	T	2710	101	886	16	127	108	867843	871791	572	5	53	0	7	35	81297	81969
TP1_synth_forward	TP1_synth_forward	73	G	1020	408	841	868554	163	120	671	871777	94	78	57	81623	3	14	90	81959
TP1_synth_forward	TP1_synth_forward	74	T	1553	109	7693	45	391	133	861832	871756	252	4	466	5	38	9	81177	81951
TP1_synth_forward	TP1_synth_forward	75	G	630	178	953	869044	311	107	501	871724	50	57	58	81642	23	6	89	81925
TP1_synth_forward	TP1_synth_forward	76	C	513	868365	885	69	106	202	1582	871722	83	81639	88	4	6	23	81	81924
TP1_synth_forward	TP1_synth_forward	77	G	1162	431	607	868090	232	116	1061	871699	76	117	54	81496	10	14	138	81905
TP1_synth_forward	TP1_synth_forward	78	C	214	869789	1007	32	0	159	495	871696	31	81753	72	2	0	14	33	81905
TP1_synth_forward	TP1_synth_forward	79	C	324	869045	659	57	384	178	1044	871691	45	81696	26	7	12	52	65	81903
TP1_synth_forward	TP1_synth_forward	80	G	1602	863	1415	867028	77	57	614	871656	102	217	76	81342	5	8	131	81881
TP1_synth_forward	TP1_synth_forward	81	C	594	860812	9493	50	408	61	193	871611	57	81236	502	7	28	9	15	81854
TP1_synth_forward	TP1_synth_forward	82	A	869826	60	1319	234	0	41	128	871608	81722	11	87	18	0	2	14	81854
TP1_synth_forward	TP1_synth_forward	83	A	870837	92	353	131	1	76	112	871602	81804	7	17	7	0	7	9	81851
TP1_synth_forward	TP1_synth_forward	84	A	870681	113	49	211	153	269	105	871581	81755	16	9	9	15	38	2	81844
TP1_synth_forward	TP1_synth_forward	85	G	285	231	58	870568	7	177	185	871511	48	72	13	81622	1	21	32	81809
TP1_synth_forward	TP1_synth_forward	86	C	576	870228	47	120	25	173	251	871420	90	81646	6	7	3	10	18	81780
TP1_synth_forward	TP1_synth_forward	87	T	3592	147	215	363	134	142	866612	871205	653	6	18	21	15	40	80970	81723
TP1_synth_forward	TP1_synth_forward	88	G	253	261	430	869724	53	79	274	871074	50	44	16	81523	9	9	45	81696
TP1_synth_forward	TP1_synth_forward	89	T	1232	116	412	35	0	50	868874	870719	178	4	23	3	0	18	81439	81665
TP1_synth_forward	TP1_synth_forward	90	T	1751	157	9	64	669	46	867906	870602	271	5	3	5	31	31	81287	81633
TP1_synth_forward	TP1_synth_forward	91	C	674	869253	314	114	0	15	132	870502	98	81461	24	7	0	9	8	81607
TP1_synth_forward	TP1_synth_forward	92	C	427	869387	0	49	0	50	468	870381	36	81524	0	5	0	5	17	81587
TP1_synth_forward	TP1_synth_forward	93	G	552	655	0	868475	0	56	139	869877	59	134	0	81302	0	5	16	81516
TP1_synth_forward	TP1_synth_forward	94	T	1931	99	0	122	0	70	867364	869586	299	2	0	12	0	35	81122	81470
TP1_synth_forward	TP1_synth_forward	95	C	195	868744	0	62	0	123	195	869319	30	81385	0	2	0	28	12	81457
TP1_synth_forward	TP1_synth_forward	96	C	0	868408	0	0	0	71	0	868479	0	81352	0	0	0	28	0	81380
TP1_synth_forward	TP1_synth_forward	97	C	0	866570	0	0	0	68	0	866638	0	81260	0	0	0	6	0	81266
TP1_synth_forward	TP1_synth_forward	98	A	863093	0	0	0	0	29	0	863122	81022	0	0	0	0	10	0	81032
TP1_synth_forward	TP1_synth_forward	99	G	0	0	0	861547	0	0	0	861547	0	0	0	80821	0	0	0	80821
TP1_synth_forward	TP1_synth_forward	100	T	0	0	0	0	0	0	859191	859191	0	0	0	0	0	0	80523	80523
