



























































































































































































































#AmpliconChromStart	Alias	Position	ProbableRef	rawA	rawC	rawD	rawG	rawI	rawN	rawT	rawDepth	consA	consC	consD	consG	consI	consN	consT	consDepth	
TP1_synth_forward		5	T	0	0	0	0	0	0	729	729	0	0	0	0	0	0	126	126
TP1_synth_forward		6	G	0	0	0	1241	0	0	0	1241	0	0	0	204	0	0	0	204
TP1_synth_forward		7	A	2402	0	0	0	0	0	0	2402	209	0	0	0	0	0	0	209
TP1_synth_forward		8	G	0	0	0	5288	0	0	0	5288	0	0	0	220	0	0	0	220
TP1_synth_forward		9	G	0	0	0	5853	0	0	0	5853	0	0	0	225	0	0	0	225
TP1_synth_forward		10	C	5	5868	0	0	0	2	0	5875	0	226	0	0	0	0	0	226
TP1_synth_forward		11	T	31	1	0	0	0	0	5856	5888	0	0	0	0	0	0	227	227
TP1_synth_forward		12	C	1	5904	0	0	0	1	0	5906	0	229	0	0	0	0	0	229
TP1_synth_forward		13	C	17	5956	0	0	0	1	0	5974	1	241	0	0	0	0	0	242
TP1_synth_forward		14	C	18	5955	0	0	0	0	1	5974	0	242	0	0	0	0	0	242
TP1_synth_forward		15	C	3	5970	0	0	0	0	1	5974	0	242	0	0	0	0	0	242
TP1_synth_forward		16	T	42	0	1232	1	0	1	4698	5974	1	0	9	0	0	0	232	242
TP1_synth_forward		17	T	70	1	9	0	0	0	6616	6696	1	0	2	0	0	0	243	246
TP1_synth_forward		18	T	35	1	542	0	0	0	6134	6712	0	0	4	0	0	0	244	248
TP1_synth_forward		19	A	6164	0	548	0	0	0	0	6712	244	0	4	0	0	0	0	248
TP1_synth_forward		20	T	27	0	2	3	0	0	6698	6730	0	0	0	0	0	0	252	252
TP1_synth_forward		21	A	6733	2	6	3	0	2	1	6747	252	0	1	0	0	0	0	253
TP1_synth_forward		22	C	7	6782	2	0	0	1	0	6792	0	256	0	0	0	0	0	256
TP1_synth_forward		23	A	6783	0	2	4	2	1	0	6792	256	0	0	0	0	0	0	256
TP1_synth_forward		24	G	2	7	3	6774	0	0	6	6792	0	0	0	256	0	0	0	256
TP1_synth_forward		25	A	7360	1	15	1	0	0	1	7378	259	0	1	0	0	0	0	260
TP1_synth_forward		26	A	7387	0	4	0	0	0	0	7391	262	0	0	0	0	0	0	262
TP1_synth_forward		27	T	48	0	13	1	0	0	7355	7417	0	0	2	0	0	0	265	267
TP1_synth_forward		28	A	8089	0	18	1	0	0	3	8111	273	0	2	0	0	0	0	275
TP1_synth_forward		29	T	31	0	1197	3	0	0	6880	8111	0	0	5	0	0	0	270	275
TP1_synth_forward		30	C	8	8079	22	1	0	0	1	8111	0	272	3	0	0	0	0	275
TP1_synth_forward		31	T	53	0	10	0	1	0	8047	8111	0	0	2	0	0	0	273	275
TP1_synth_forward		32	G	7	22	13	8050	1	1	17	8111	0	0	2	272	0	0	1	275
TP1_synth_forward		33	T	78	0	4	5	0	1	8023	8111	0	0	0	1	0	0	274	275
TP1_synth_forward		34	T	77	0	2	0	0	0	9223	9302	0	0	0	0	0	0	302	302
TP1_synth_forward		35	C	13	9282	5	0	0	1	1	9302	0	302	0	0	0	0	0	302
TP1_synth_forward		36	G	4	7	6	9172	0	2	111	9302	0	0	0	301	0	0	1	302
TP1_synth_forward		37	C	16	9492	3	1	0	2	4	9518	0	306	0	0	0	0	0	306
TP1_synth_forward		38	A	9524	1	3	0	0	0	5	9533	310	0	0	0	0	0	0	310
TP1_synth_forward		39	C	15	9503	9	0	0	3	3	9533	0	309	1	0	0	0	0	310
TP1_synth_forward		40	T	101	0	13	0	0	1	10242	10357	0	0	2	0	0	1	330	333
TP1_synth_forward		41	C	16	10322	15	0	0	1	2	10356	0	331	2	0	0	0	0	333
TP1_synth_forward		42	C	29	10822	7	2	0	0	1	10861	0	338	1	0	0	0	0	339
TP1_synth_forward		43	G	8	9	11	11905	0	2	79	12014	1	0	1	344	0	0	1	347
TP1_synth_forward		44	A	11998	0	10	1	1	2	2	12014	346	0	1	0	0	0	0	347
TP1_synth_forward		45	G	3	21	1572	10381	0	3	33	12013	0	0	7	340	0	0	0	347
TP1_synth_forward		46	T	138	1	1573	0	1	0	10710	12423	0	0	7	0	0	0	346	353
TP1_synth_forward		47	G	21	29	4	13429	1	0	25	13509	0	0	0	360	0	0	0	360
TP1_synth_forward		48	C	28	13467	4	1	7	0	2	13509	0	360	0	0	0	0	0	360
TP1_synth_forward		49	G	7	18	4	13416	0	2	62	13509	0	0	0	360	0	0	0	360
TP1_synth_forward		50	G	19	12	3	13458	1	1	38	13532	0	0	0	363	0	0	0	363
TP1_synth_forward		51	C	15	13499	5	12	0	0	1	13532	0	363	0	0	0	0	0	363
TP1_synth_forward		52	T	100	2	12	9	0	0	13414	13537	1	0	0	0	0	0	363	364
TP1_synth_forward		53	T	152	2	9	4	0	2	13368	13537	1	0	1	0	0	0	362	364
TP1_synth_forward		54	G	21	20	14	13460	2	3	17	13537	0	0	1	363	0	0	0	364
TP1_synth_forward		55	C	28	13474	20	1	4	3	7	13537	0	363	1	0	0	0	0	364
TP1_synth_forward		56	G	17	14	15	13448	0	0	43	13537	0	0	2	362	0	0	0	364
TP1_synth_forward		57	G	9	6	6	13515	0	1	34	13571	0	0	0	366	0	0	0	366
TP1_synth_forward		58	A	13586	4	5	7	0	4	1	13607	367	0	0	0	0	0	0	367
TP1_synth_forward		59	G	6	11	3	13569	0	1	17	13607	0	0	0	367	0	0	0	367
TP1_synth_forward		60	A	13621	10	3	5	0	0	3	13642	368	0	0	0	0	0	0	368
TP1_synth_forward		61	T	55	4	1	17	0	1	13564	13642	0	0	0	0	0	0	368	368
TP1_synth_forward		62	T	75	2	0	12	0	2	13550	13641	0	0	0	0	0	0	368	368
TP1_synth_forward		63	C	16	13617	1	2	0	2	2	13640	0	368	0	0	0	0	0	368
TP1_synth_forward		64	T	78	1	3	7	0	0	13551	13640	0	0	1	0	0	0	367	368
TP1_synth_forward		65	C	13	13613	0	3	0	1	10	13640	0	367	0	0	0	0	1	368
TP1_synth_forward		66	T	92	1	7	3	0	3	13533	13639	0	0	1	0	0	1	366	368
TP1_synth_forward		67	T	99	2	0	8	0	0	13529	13638	0	0	0	1	0	0	367	368
TP1_synth_forward		68	C	23	13609	2	1	0	0	3	13638	0	368	0	0	0	0	0	368
TP1_synth_forward		69	C	27	13599	1	2	0	3	5	13637	0	367	0	0	0	1	0	368
TP1_synth_forward		70	T	54	2	2	5	0	3	13571	13637	0	0	0	0	0	0	368	368
TP1_synth_forward		71	C	8	13607	10	2	0	1	9	13637	0	368	0	0	0	0	0	368
TP1_synth_forward		72	T	90	3	644	1	0	0	12898	13636	1	0	2	0	0	0	365	368
TP1_synth_forward		73	G	6	29	4	13588	0	0	8	13635	0	0	0	368	0	0	0	368
TP1_synth_forward		74	T	95	1	5	1	0	0	13533	13635	0	0	0	0	0	0	368	368
TP1_synth_forward		75	G	10	15	8	13588	0	1	10	13632	0	0	0	368	0	0	0	368
TP1_synth_forward		76	C	24	13583	3	1	2	0	19	13632	0	367	0	0	0	0	1	368
TP1_synth_forward		77	G	3	11	2	13571	0	3	41	13631	0	0	0	367	0	1	0	368
TP1_synth_forward		78	C	19	13592	17	0	0	1	2	13631	0	368	0	0	0	0	0	368
TP1_synth_forward		79	C	24	13590	2	0	7	3	5	13631	0	368	0	0	0	0	0	368
TP1_synth_forward		80	G	19	21	0	13560	0	0	29	13629	1	0	0	367	0	0	0	368
TP1_synth_forward		81	C	10	13614	0	2	0	0	2	13628	0	368	0	0	0	0	0	368
TP1_synth_forward		82	A	13597	5	8	11	0	1	6	13628	367	0	1	0	0	0	0	368
TP1_synth_forward		83	A	13609	6	3	7	0	1	2	13628	368	0	0	0	0	0	0	368
TP1_synth_forward		84	A	13610	9	3	4	0	1	1	13628	368	0	0	0	0	0	0	368
TP1_synth_forward		85	G	10	15	0	13587	4	1	6	13623	0	0	0	367	0	1	0	368
TP1_synth_forward		86	C	12	13599	0	2	0	1	5	13619	0	368	0	0	0	0	0	368
TP1_synth_forward		87	T	158	2	0	5	0	1	13444	13610	1	0	0	0	0	0	367	368
TP1_synth_forward		88	G	9	26	4	13551	0	0	12	13602	0	0	0	368	0	0	0	368
TP1_synth_forward		89	T	126	2	0	5	0	3	13456	13592	0	0	0	0	0	0	368	368
TP1_synth_forward		90	T	53	1	0	4	7	0	13519	13584	0	0	0	0	1	0	367	368
TP1_synth_forward		91	C	27	13541	5	1	0	1	2	13577	0	367	1	0	0	0	0	368
TP1_synth_forward		92	C	25	13539	0	2	0	0	5	13571	0	368	0	0	0	0	0	368
TP1_synth_forward		93	G	13	22	0	13521	0	2	8	13566	0	0	0	368	0	0	0	368
TP1_synth_forward		94	T	65	4	0	7	0	1	13474	13551	1	0	0	0	0	1	366	368
TP1_synth_forward		95	C	4	13536	0	4	0	0	1	13545	0	368	0	0	0	0	0	368
TP1_synth_forward		96	C	0	13498	0	0	0	1	0	13499	0	367	0	0	0	1	0	368
TP1_synth_forward		97	C	0	13475	0	0	0	1	0	13476	0	368	0	0	0	0	0	368
TP1_synth_forward		98	A	13438	0	0	0	0	1	0	13439	368	0	0	0	0	0	0	368
TP1_synth_forward		99	G	0	0	0	13399	0	0	0	13399	0	0	0	368	0	0	0	368
TP1_synth_forward		100	T	0	0	0	0	0	0	13272	13272	0	0	0	0	0	0	368	368
TP1_synth_forward	TP1_synth_forward	1	G	0	0	0	665154	0	0	0	665154	0	0	0	7833	0	0	0	7833
TP1_synth_forward	TP1_synth_forward	2	T	0	0	0	0	0	0	667278	667278	0	0	0	0	0	0	7894	7894
TP1_synth_forward	TP1_synth_forward	3	G	0	0	0	668948	0	6	0	668954	0	0	0	8116	0	0	0	8116
TP1_synth_forward	TP1_synth_forward	4	G	0	0	0	670932	0	5	0	670937	0	0	0	8258	0	0	0	8258
TP1_synth_forward	TP1_synth_forward	5	T	0	0	0	0	0	17	670920	670937	0	0	0	0	0	0	8258	8258
TP1_synth_forward	TP1_synth_forward	6	G	127	82	0	670461	0	139	128	670937	0	0	0	8258	0	0	0	8258
TP1_synth_forward	TP1_synth_forward	7	A	670545	40	0	102	0	142	108	670937	8258	0	0	0	0	0	0	8258
TP1_synth_forward	TP1_synth_forward	8	G	104	47	0	670685	2	31	68	670937	0	0	0	8258	0	0	0	8258
TP1_synth_forward	TP1_synth_forward	9	G	101	140	0	670316	9	272	99	670937	0	1	0	8255	0	2	0	8258
TP1_synth_forward	TP1_synth_forward	10	C	119	670537	7	20	0	150	104	670937	0	8258	0	0	0	0	0	8258
TP1_synth_forward	TP1_synth_forward	11	T	458	112	1933	9	490	112	667823	670937	0	0	7	0	3	3	8245	8258
TP1_synth_forward	TP1_synth_forward	12	C	138	654788	15837	14	0	34	126	670937	0	8162	96	0	0	0	0	8258
TP1_synth_forward	TP1_synth_forward	13	C	256	669989	511	13	0	64	104	670937	0	8254	3	0	0	1	0	8258
TP1_synth_forward	TP1_synth_forward	14	C	228	670564	0	21	1	19	104	670937	0	8258	0	0	0	0	0	8258
TP1_synth_forward	TP1_synth_forward	15	C	155	669443	1125	6	1	80	127	670937	0	8240	15	0	0	1	2	8258
TP1_synth_forward	TP1_synth_forward	16	T	2558	403	17322	1417	0	41	649196	670937	17	12	191	10	0	0	8028	8258
TP1_synth_forward	TP1_synth_forward	17	T	382	84	4250	24	0	57	666140	670937	0	0	41	0	0	2	8215	8258
TP1_synth_forward	TP1_synth_forward	18	T	267	59	4166	12	27	129	666277	670937	0	0	64	0	2	6	8186	8258
TP1_synth_forward	TP1_synth_forward	19	A	660693	7	9254	75	1	71	836	670937	8137	0	113	0	0	0	8	8258
TP1_synth_forward	TP1_synth_forward	20	T	360	81	1278	30	1	89	669098	670937	0	0	24	0	0	1	8233	8258
TP1_synth_forward	TP1_synth_forward	21	A	666853	20	2774	1079	1	68	142	670937	8203	0	49	5	0	1	0	8258
TP1_synth_forward	TP1_synth_forward	22	C	219	668606	1836	45	0	49	182	670937	0	8231	24	0	0	0	3	8258
TP1_synth_forward	TP1_synth_forward	23	A	665550	10	3864	107	1104	173	129	670937	8200	0	35	0	22	1	0	8258
TP1_synth_forward	TP1_synth_forward	24	G	77	61	5218	665187	3	149	242	670937	0	0	42	8212	0	4	0	8258
TP1_synth_forward	TP1_synth_forward	25	A	657637	23	13011	107	0	89	70	670937	8128	0	128	0	0	2	0	8258
TP1_synth_forward	TP1_synth_forward	26	A	662327	7	8315	100	3	56	129	670937	8174	0	80	0	0	4	0	8258
TP1_synth_forward	TP1_synth_forward	27	T	952	61	9231	48	4	57	660584	670937	0	0	84	0	0	1	8173	8258
TP1_synth_forward	TP1_synth_forward	28	A	659662	21	11028	55	0	62	109	670937	8179	0	77	0	0	0	2	8258
TP1_synth_forward	TP1_synth_forward	29	T	2294	94	6643	393	2	84	661427	670937	9	0	82	3	0	2	8162	8258
TP1_synth_forward	TP1_synth_forward	30	C	339	657229	12430	72	0	31	836	670937	4	8142	101	0	0	1	10	8258
TP1_synth_forward	TP1_synth_forward	31	T	1936	66	8773	14	92	16	660016	670913	2	0	83	0	6	0	8167	8258
TP1_synth_forward	TP1_synth_forward	32	G	215	341	9466	658428	3	47	2387	670887	2	0	93	8150	0	2	11	8258
TP1_synth_forward	TP1_synth_forward	33	T	1815	59	4749	2415	11	102	661731	670882	3	0	83	10	1	4	8157	8258
TP1_synth_forward	TP1_synth_forward	34	T	2924	67	2555	6	5	107	665202	670866	3	0	41	0	0	3	8211	8258
TP1_synth_forward	TP1_synth_forward	35	C	592	665696	4327	23	7	43	166	670854	0	8184	72	0	1	1	0	8258
TP1_synth_forward	TP1_synth_forward	36	G	256	218	5001	663671	0	130	1558	670834	4	1	73	8173	0	5	2	8258
TP1_synth_forward	TP1_synth_forward	37	C	281	664159	4539	25	1	167	1652	670824	1	8192	51	0	0	1	13	8258
TP1_synth_forward	TP1_synth_forward	38	A	667123	53	3398	78	1	74	94	670821	8213	0	45	0	0	0	0	8258
TP1_synth_forward	TP1_synth_forward	39	C	165	666398	3982	86	1	70	109	670811	0	8217	38	0	0	3	0	8258
TP1_synth_forward	TP1_synth_forward	40	T	2378	127	5220	16	1	48	662984	670774	1	1	33	0	0	1	8222	8258
TP1_synth_forward	TP1_synth_forward	41	C	359	662130	7990	15	1	96	174	670765	4	8166	70	0	0	9	9	8258
TP1_synth_forward	TP1_synth_forward	42	C	391	667168	2947	40	1	31	180	670758	0	8221	35	0	0	2	0	8258
TP1_synth_forward	TP1_synth_forward	43	G	944	249	3118	664342	1	39	2037	670730	7	0	31	8209	0	2	9	8258
TP1_synth_forward	TP1_synth_forward	44	A	666141	29	3298	64	1042	97	56	670727	8214	0	39	0	5	0	0	8258
TP1_synth_forward	TP1_synth_forward	45	G	113	423	5304	664058	2	209	601	670710	1	0	70	8185	0	2	0	8258
TP1_synth_forward	TP1_synth_forward	46	T	1927	76	4918	22	2	92	663641	670678	0	0	56	0	0	2	8200	8258
TP1_synth_forward	TP1_synth_forward	47	G	282	305	3089	666527	0	111	337	670651	5	0	22	8231	0	0	0	8258
TP1_synth_forward	TP1_synth_forward	48	C	466	664957	3103	32	405	257	1426	670646	2	8219	24	0	2	1	10	8258
TP1_synth_forward	TP1_synth_forward	49	G	217	188	3097	666432	1	164	538	670637	0	0	24	8231	0	2	1	8258
TP1_synth_forward	TP1_synth_forward	50	G	1428	295	3086	665228	67	97	432	670633	5	2	23	8220	1	2	5	8258
TP1_synth_forward	TP1_synth_forward	51	C	260	664179	4966	838	64	201	109	670617	0	8210	45	0	2	1	0	8258
TP1_synth_forward	TP1_synth_forward	52	T	1851	60	5906	179	0	133	662479	670608	0	0	47	0	0	0	8211	8258
TP1_synth_forward	TP1_synth_forward	53	T	1722	105	5767	93	16	60	662825	670588	1	0	42	0	0	1	8214	8258
TP1_synth_forward	TP1_synth_forward	54	G	1168	214	7033	661755	1	119	258	670548	8	0	55	8190	0	5	0	8258
TP1_synth_forward	TP1_synth_forward	55	C	269	659546	8540	34	1706	270	179	670544	0	8184	66	0	4	4	0	8258
TP1_synth_forward	TP1_synth_forward	56	G	2807	148	6282	659137	1	205	1953	670533	18	0	50	8181	0	2	7	8258
TP1_synth_forward	TP1_synth_forward	57	G	285	129	1780	667917	3	81	314	670509	3	0	25	8229	0	0	1	8258
TP1_synth_forward	TP1_synth_forward	58	A	668393	25	1759	117	0	60	144	670498	8233	0	25	0	0	0	0	8258
TP1_synth_forward	TP1_synth_forward	59	G	257	1224	1328	667322	0	39	299	670469	2	6	18	8232	0	0	0	8258
TP1_synth_forward	TP1_synth_forward	60	A	668795	80	1368	93	1	41	90	670468	8238	0	18	0	0	2	0	8258
TP1_synth_forward	TP1_synth_forward	61	T	569	51	489	412	1	68	668856	670446	0	0	11	0	0	1	8246	8258
TP1_synth_forward	TP1_synth_forward	62	T	1494	113	361	400	93	71	667835	670367	5	0	10	0	5	1	8237	8258
TP1_synth_forward	TP1_synth_forward	63	C	475	669029	591	44	0	105	95	670339	0	8246	12	0	0	0	0	8258
TP1_synth_forward	TP1_synth_forward	64	T	2154	80	1002	83	0	87	666905	670311	5	0	11	0	0	2	8240	8258
TP1_synth_forward	TP1_synth_forward	65	C	273	667517	365	36	115	94	1908	670308	1	8241	6	0	4	0	6	8258
TP1_synth_forward	TP1_synth_forward	66	T	1912	105	1719	80	1	70	666414	670301	3	0	13	0	0	0	8242	8258
TP1_synth_forward	TP1_synth_forward	67	T	2528	99	28	79	45	74	667432	670285	6	0	2	0	1	0	8249	8258
TP1_synth_forward	TP1_synth_forward	68	C	332	667340	853	27	0	67	1659	670278	0	8242	10	0	0	1	5	8258
TP1_synth_forward	TP1_synth_forward	69	C	452	669325	33	77	1	101	279	670268	2	8250	2	0	0	2	2	8258
TP1_synth_forward	TP1_synth_forward	70	T	1832	64	24	33	0	172	668126	670251	3	0	1	0	0	1	8253	8258
TP1_synth_forward	TP1_synth_forward	71	C	461	665700	2844	15	0	65	1155	670240	5	8235	12	0	0	1	5	8258
TP1_synth_forward	TP1_synth_forward	72	T	2331	79	1496	9	0	94	666217	670226	4	0	14	0	0	5	8235	8258
TP1_synth_forward	TP1_synth_forward	73	G	274	608	1771	667234	0	98	222	670207	5	0	13	8240	0	0	0	8258
TP1_synth_forward	TP1_synth_forward	74	T	1485	89	3066	20	2	87	665448	670197	1	0	22	0	0	1	8234	8258
TP1_synth_forward	TP1_synth_forward	75	G	246	199	3378	665975	1	73	287	670159	5	0	25	8226	0	1	1	8258
TP1_synth_forward	TP1_synth_forward	76	C	554	663205	1262	44	287	144	4658	670154	2	8224	19	0	4	0	9	8258
TP1_synth_forward	TP1_synth_forward	77	G	192	316	512	668611	1	96	410	670138	0	1	12	8245	0	0	0	8258
TP1_synth_forward	TP1_synth_forward	78	C	197	665711	3949	23	2	149	105	670136	0	8205	53	0	0	0	0	8258
TP1_synth_forward	TP1_synth_forward	79	C	3570	663982	377	54	1821	123	193	670120	7	8232	11	0	8	0	0	8258
TP1_synth_forward	TP1_synth_forward	80	G	3845	596	145	664794	10	43	659	670092	14	2	4	8233	0	1	4	8258
TP1_synth_forward	TP1_synth_forward	81	C	190	669709	15	33	0	35	98	670080	0	8258	0	0	0	0	0	8258
TP1_synth_forward	TP1_synth_forward	82	A	668248	55	1354	208	0	42	143	670050	8255	0	2	0	0	0	0	8257
TP1_synth_forward	TP1_synth_forward	83	A	669125	90	587	104	0	55	85	670046	8257	0	0	0	0	0	0	8257
TP1_synth_forward	TP1_synth_forward	84	A	668908	100	579	184	3	173	66	670013	8255	0	0	0	0	2	0	8257
TP1_synth_forward	TP1_synth_forward	85	G	165	265	27	668326	894	114	166	669957	0	3	0	8247	6	1	0	8257
TP1_synth_forward	TP1_synth_forward	86	C	372	669220	0	71	3	117	101	669884	1	8254	0	0	0	2	0	8257
TP1_synth_forward	TP1_synth_forward	87	T	2986	78	2	268	0	110	666308	669752	14	0	0	0	0	2	8240	8256
TP1_synth_forward	TP1_synth_forward	88	G	226	345	934	667799	5	70	256	669635	1	0	0	8255	0	0	0	8256
TP1_synth_forward	TP1_synth_forward	89	T	1183	92	30	50	0	43	668131	669529	2	0	0	0	0	0	8254	8256
TP1_synth_forward	TP1_synth_forward	90	T	1768	111	12	111	2179	32	665191	669404	4	0	0	1	3	0	8248	8256
TP1_synth_forward	TP1_synth_forward	91	C	500	667738	866	64	2	14	121	669305	3	8251	1	0	0	0	1	8256
TP1_synth_forward	TP1_synth_forward	92	C	352	668264	0	43	2	50	508	669219	0	8256	0	0	0	0	0	8256
TP1_synth_forward	TP1_synth_forward	93	G	482	465	0	667496	0	49	173	668665	0	2	0	8246	0	2	0	8250
TP1_synth_forward	TP1_synth_forward	94	T	1949	108	0	98	0	43	665419	667617	5	0	0	1	0	1	8239	8246
TP1_synth_forward	TP1_synth_forward	95	C	131	666638	0	40	0	93	118	667020	0	8239	0	0	0	0	0	8239
TP1_synth_forward	TP1_synth_forward	96	C	0	665781	0	0	0	41	0	665822	0	8234	0	0	0	1	0	8235
TP1_synth_forward	TP1_synth_forward	97	C	0	665012	0	0	0	62	0	665074	0	8234	0	0	0	0	0	8234
TP1_synth_forward	TP1_synth_forward	98	A	664121	0	0	0	0	23	0	664144	8226	0	0	0	0	0	0	8226
TP1_synth_forward	TP1_synth_forward	99	G	0	0	0	662976	0	0	0	662976	0	0	0	8224	0	0	0	8224
TP1_synth_forward	TP1_synth_forward	100	T	0	0	0	0	0	0	659109	659109	0	0	0	0	0	0	8214	8214
