



























































































































































































































#AmpliconChromStart	Alias	Position	ProbableRef	rawA	rawC	rawD	rawG	rawI	rawN	rawT	rawDepth	consA	consC	consD	consG	consI	consN	consT	consDepth	
TP1_synth_forward		5	T	0	0	0	0	0	0	729	729	0	0	0	0	0	0	493	493
TP1_synth_forward		6	G	0	0	0	1241	0	0	0	1241	0	0	0	833	0	0	0	833
TP1_synth_forward		7	A	2402	0	0	0	0	0	0	2402	890	0	0	0	0	0	0	890
TP1_synth_forward		8	G	0	0	0	5288	0	0	0	5288	0	0	0	968	0	0	0	968
TP1_synth_forward		9	G	0	0	0	5853	0	0	0	5853	0	0	0	1003	0	0	0	1003
TP1_synth_forward		10	C	5	5868	0	0	0	2	0	5875	3	1013	0	0	0	1	0	1017
TP1_synth_forward		11	T	31	1	0	0	0	0	5856	5888	16	0	0	0	0	0	1011	1027
TP1_synth_forward		12	C	1	5904	0	0	0	1	0	5906	1	1038	0	0	0	1	0	1040
TP1_synth_forward		13	C	17	5956	0	0	0	1	0	5974	7	1055	0	0	0	1	0	1063
TP1_synth_forward		14	C	18	5955	0	0	0	0	1	5974	12	1051	0	0	0	0	0	1063
TP1_synth_forward		15	C	3	5970	0	0	0	0	1	5974	0	1062	0	0	0	0	1	1063
TP1_synth_forward		16	T	42	0	1232	1	0	1	4698	5974	19	0	46	1	0	1	996	1063
TP1_synth_forward		17	T	70	1	9	0	0	0	6616	6696	32	0	4	0	0	0	1059	1095
TP1_synth_forward		18	T	35	1	542	0	0	0	6118	6696	17	0	13	0	0	0	1065	1095
TP1_synth_forward		19	A	6148	0	548	0	0	0	0	6696	1078	0	17	0	0	0	0	1095
TP1_synth_forward		20	T	27	0	2	3	0	0	6682	6714	11	0	2	1	0	0	1091	1105
TP1_synth_forward		21	A	6717	2	6	3	0	2	1	6731	1107	2	5	3	0	1	0	1118
TP1_synth_forward		22	C	7	6766	2	0	0	1	0	6776	4	1116	2	0	0	1	0	1123
TP1_synth_forward		23	A	6767	0	2	4	2	1	0	6776	1120	0	2	0	1	0	0	1123
TP1_synth_forward		24	G	2	7	3	6758	0	0	6	6776	0	5	2	1112	0	0	4	1123
TP1_synth_forward		25	A	7344	1	15	1	0	0	1	7362	1133	0	10	0	0	0	0	1143
TP1_synth_forward		26	A	7371	0	4	0	0	0	0	7375	1148	0	3	0	0	0	0	1151
TP1_synth_forward		27	T	48	0	13	1	0	0	7339	7401	19	0	4	0	0	0	1141	1164
TP1_synth_forward		28	A	8074	0	17	1	0	0	3	8095	1186	0	8	0	0	0	1	1195
TP1_synth_forward		29	T	31	0	1196	3	0	0	6865	8095	14	0	32	3	0	0	1146	1195
TP1_synth_forward		30	C	8	8063	22	1	0	0	1	8095	4	1179	12	0	0	0	0	1195
TP1_synth_forward		31	T	53	0	10	0	1	0	8036	8100	21	0	7	0	1	0	1170	1199
TP1_synth_forward		32	G	7	22	13	8041	1	1	15	8100	4	6	10	1171	1	1	6	1199
TP1_synth_forward		33	T	76	0	4	5	0	1	8014	8100	29	0	4	2	0	1	1163	1199
TP1_synth_forward		34	T	76	0	2	0	0	0	9213	9291	35	0	1	0	0	0	1255	1291
TP1_synth_forward		35	C	13	9271	5	0	0	1	1	9291	8	1278	4	0	0	1	0	1291
TP1_synth_forward		36	G	4	7	6	9163	0	2	109	9291	1	1	6	1235	0	1	47	1291
TP1_synth_forward		37	C	15	9482	3	1	0	2	4	9507	9	1290	1	0	0	2	3	1305
TP1_synth_forward		38	A	9513	1	3	0	0	0	5	9522	1308	0	1	0	0	0	1	1310
TP1_synth_forward		39	C	15	9492	9	0	0	3	3	9522	8	1297	5	0	0	0	0	1310
TP1_synth_forward		40	T	100	0	13	0	0	1	10232	10346	41	0	5	0	0	1	1334	1381
TP1_synth_forward		41	C	16	10311	15	0	0	1	2	10345	5	1368	7	0	0	1	0	1381
TP1_synth_forward		42	C	29	10811	7	2	0	0	1	10850	7	1401	2	0	0	0	0	1410
TP1_synth_forward		43	G	8	9	11	11897	0	2	76	12003	4	4	3	1415	0	1	38	1465
TP1_synth_forward		44	A	11987	0	10	1	1	2	2	12003	1461	0	2	0	1	0	1	1465
TP1_synth_forward		45	G	3	21	1572	10370	0	3	33	12002	1	7	40	1400	0	1	15	1464
TP1_synth_forward		46	T	134	1	1573	0	1	0	10703	12412	38	0	40	0	0	0	1411	1489
TP1_synth_forward		47	G	20	28	3	13422	1	0	24	13498	9	9	2	1531	0	0	8	1559
TP1_synth_forward		48	C	28	13457	3	1	7	0	2	13498	8	1546	2	0	3	0	0	1559
TP1_synth_forward		49	G	7	18	3	13406	0	2	62	13498	0	9	2	1519	0	0	29	1559
TP1_synth_forward		50	G	19	12	3	13448	1	1	37	13521	5	4	2	1534	1	1	20	1567
TP1_synth_forward		51	C	13	13490	5	12	0	0	1	13521	4	1559	3	1	0	0	0	1567
TP1_synth_forward		52	T	100	2	12	9	0	0	13403	13526	39	0	4	0	0	0	1528	1571
TP1_synth_forward		53	T	149	2	9	4	0	2	13360	13526	48	0	5	0	0	1	1517	1571
TP1_synth_forward		54	G	21	19	14	13451	1	3	17	13526	7	8	9	1541	1	0	5	1571
TP1_synth_forward		55	C	25	13465	20	1	4	3	8	13526	5	1548	11	1	2	1	3	1571
TP1_synth_forward		56	G	14	13	15	13441	0	0	43	13526	2	5	8	1539	0	0	17	1571
TP1_synth_forward		57	G	8	6	6	13506	0	1	33	13560	3	1	3	1554	0	0	16	1577
TP1_synth_forward		58	A	13575	4	5	7	0	4	1	13596	1574	0	3	1	0	2	0	1580
TP1_synth_forward		59	G	6	9	3	13560	0	1	17	13596	1	4	1	1564	0	0	10	1580
TP1_synth_forward		60	A	13610	10	3	5	0	0	3	13631	1580	1	1	0	0	0	1	1583
TP1_synth_forward		61	T	55	4	1	17	0	1	13553	13631	18	0	0	10	0	1	1554	1583
TP1_synth_forward		62	T	75	2	0	12	0	2	13539	13630	24	0	0	3	0	1	1555	1583
TP1_synth_forward		63	C	16	13606	1	2	0	2	2	13629	6	1574	0	1	0	1	0	1582
TP1_synth_forward		64	T	78	1	3	7	0	0	13540	13629	24	0	1	1	0	0	1556	1582
TP1_synth_forward		65	C	13	13602	0	3	0	1	10	13629	5	1573	0	0	0	1	3	1582
TP1_synth_forward		66	T	92	1	7	3	0	3	13522	13628	33	0	4	0	0	1	1543	1581
TP1_synth_forward		67	T	97	2	0	8	0	0	13520	13627	42	1	0	3	0	0	1535	1581
TP1_synth_forward		68	C	23	13598	2	1	0	0	3	13627	7	1573	1	0	0	0	0	1581
TP1_synth_forward		69	C	27	13588	1	2	0	3	5	13626	10	1565	1	0	0	2	2	1580
TP1_synth_forward		70	T	53	2	2	5	0	3	13561	13626	20	0	1	0	0	1	1558	1580
TP1_synth_forward		71	C	8	13596	10	2	0	1	9	13626	4	1570	2	1	0	1	2	1580
TP1_synth_forward		72	T	90	3	642	1	0	0	12889	13625	29	0	21	0	0	0	1529	1579
TP1_synth_forward		73	G	6	29	4	13577	0	0	8	13624	2	11	4	1557	0	0	5	1579
TP1_synth_forward		74	T	95	1	5	1	0	0	13522	13624	28	0	4	0	0	0	1547	1579
TP1_synth_forward		75	G	10	14	8	13578	0	1	10	13621	7	6	5	1557	0	0	1	1576
TP1_synth_forward		76	C	24	13572	3	1	2	0	19	13621	6	1564	1	0	1	0	4	1576
TP1_synth_forward		77	G	3	11	2	13560	0	3	41	13620	0	3	1	1553	0	0	18	1575
TP1_synth_forward		78	C	18	13582	17	0	0	1	2	13620	7	1560	8	0	0	0	0	1575
TP1_synth_forward		79	C	23	13580	2	0	7	3	5	13620	9	1560	1	0	3	1	1	1575
TP1_synth_forward		80	G	19	20	0	13551	0	0	28	13618	6	5	0	1552	0	0	11	1574
TP1_synth_forward		81	C	10	13603	0	2	0	0	2	13617	4	1569	0	0	0	0	0	1573
TP1_synth_forward		82	A	13586	5	8	11	0	1	6	13617	1565	0	5	1	0	1	1	1573
TP1_synth_forward		83	A	13599	6	3	6	0	1	2	13617	1570	1	1	0	0	1	0	1573
TP1_synth_forward		84	A	13599	9	3	4	0	1	1	13617	1571	0	1	0	0	1	0	1573
TP1_synth_forward		85	G	10	15	0	13577	3	1	6	13612	4	2	0	1560	2	1	3	1572
TP1_synth_forward		86	C	12	13588	0	2	0	1	5	13608	5	1565	0	0	0	0	0	1570
TP1_synth_forward		87	T	157	2	0	5	0	1	13435	13600	34	1	0	0	0	0	1531	1566
TP1_synth_forward		88	G	9	26	4	13541	0	0	12	13592	6	8	1	1540	0	0	7	1562
TP1_synth_forward		89	T	123	2	0	5	0	3	13449	13582	31	0	0	0	0	1	1525	1557
TP1_synth_forward		90	T	53	1	0	4	7	0	13509	13574	20	0	0	1	4	0	1528	1553
TP1_synth_forward		91	C	27	13531	5	1	0	1	2	13567	5	1543	3	0	0	1	0	1552
TP1_synth_forward		92	C	25	13529	0	2	0	0	5	13561	4	1546	0	0	0	0	1	1551
TP1_synth_forward		93	G	13	22	0	13511	0	2	8	13556	8	3	0	1534	0	1	2	1548
TP1_synth_forward		94	T	64	4	0	7	0	1	13465	13541	19	0	0	0	0	1	1523	1543
TP1_synth_forward		95	C	4	13526	0	4	0	0	1	13535	2	1539	0	0	0	0	0	1541
TP1_synth_forward		96	C	0	13488	0	0	0	1	0	13489	0	1531	0	0	0	1	0	1532
TP1_synth_forward		97	C	0	13465	0	0	0	1	0	13466	0	1526	0	0	0	0	0	1526
TP1_synth_forward		98	A	13429	0	0	0	0	1	0	13430	1523	0	0	0	0	0	0	1523
TP1_synth_forward		99	G	0	0	0	13390	0	0	0	13390	0	0	0	1512	0	0	0	1512
TP1_synth_forward		100	T	0	0	0	0	0	0	13263	13263	0	0	0	0	0	0	1483	1483
TP1_synth_forward	TP1_synth_forward	1	G	0	0	0	665154	0	0	0	665154	0	0	0	26741	0	0	0	26741
TP1_synth_forward	TP1_synth_forward	2	T	0	0	0	0	0	0	667278	667278	0	0	0	0	0	0	27078	27078
TP1_synth_forward	TP1_synth_forward	3	G	0	0	0	668948	0	6	0	668954	0	0	0	27734	0	3	0	27737
TP1_synth_forward	TP1_synth_forward	4	G	0	0	0	670932	0	5	0	670937	0	0	0	28262	0	2	0	28264
TP1_synth_forward	TP1_synth_forward	5	T	0	0	0	0	0	17	670920	670937	0	0	0	0	0	2	28262	28264
TP1_synth_forward	TP1_synth_forward	6	G	127	82	0	670461	0	139	128	670937	3	6	0	28226	0	21	8	28264
TP1_synth_forward	TP1_synth_forward	7	A	670545	40	0	102	0	142	108	670937	28246	1	0	2	0	14	1	28264
TP1_synth_forward	TP1_synth_forward	8	G	104	47	0	670685	2	31	68	670937	1	3	0	28253	0	0	7	28264
TP1_synth_forward	TP1_synth_forward	9	G	101	140	0	670316	9	272	99	670937	5	26	0	28221	2	8	2	28264
TP1_synth_forward	TP1_synth_forward	10	C	119	670537	7	20	0	150	104	670937	17	28216	1	0	0	27	3	28264
TP1_synth_forward	TP1_synth_forward	11	T	458	112	1933	9	490	112	667823	670937	75	4	26	1	20	21	28117	28264
TP1_synth_forward	TP1_synth_forward	12	C	138	654788	15837	14	0	34	126	670937	18	27935	298	0	0	12	1	28264
TP1_synth_forward	TP1_synth_forward	13	C	256	669989	511	13	0	64	104	670937	21	28230	6	0	0	5	2	28264
TP1_synth_forward	TP1_synth_forward	14	C	228	670564	0	21	1	19	104	670937	17	28236	0	0	0	5	6	28264
TP1_synth_forward	TP1_synth_forward	15	C	155	669443	1125	6	1	80	127	670937	20	28194	40	1	1	3	5	28264
TP1_synth_forward	TP1_synth_forward	16	T	2558	403	17322	1417	0	41	649196	670937	134	31	619	27	0	1	27452	28264
TP1_synth_forward	TP1_synth_forward	17	T	382	84	4250	24	0	57	666140	670937	54	4	118	1	0	19	28068	28264
TP1_synth_forward	TP1_synth_forward	18	T	267	59	4166	12	27	129	666277	670937	42	2	195	2	6	22	27995	28264
TP1_synth_forward	TP1_synth_forward	19	A	660693	7	9254	75	1	71	836	670937	27883	1	347	2	1	4	26	28264
TP1_synth_forward	TP1_synth_forward	20	T	360	81	1278	30	1	89	669098	670937	52	2	73	1	1	9	28126	28264
TP1_synth_forward	TP1_synth_forward	21	A	666853	20	2774	1079	1	68	142	670937	28079	1	141	28	1	9	5	28264
TP1_synth_forward	TP1_synth_forward	22	C	219	668606	1836	45	0	49	182	670937	25	28151	72	0	0	7	9	28264
TP1_synth_forward	TP1_synth_forward	23	A	665550	10	3864	107	1104	173	129	670937	28035	2	119	6	64	34	4	28264
TP1_synth_forward	TP1_synth_forward	24	G	77	61	5218	665187	3	149	242	670937	1	11	171	27992	1	45	43	28264
TP1_synth_forward	TP1_synth_forward	25	A	657637	23	13011	107	0	89	70	670937	27760	2	456	10	0	33	3	28264
TP1_synth_forward	TP1_synth_forward	26	A	662327	7	8315	100	3	56	129	670937	27952	0	285	4	1	17	5	28264
TP1_synth_forward	TP1_synth_forward	27	T	952	61	9231	48	4	57	660584	670937	140	1	313	1	1	3	27805	28264
TP1_synth_forward	TP1_synth_forward	28	A	659662	21	11028	55	0	62	109	670937	27944	2	310	0	0	3	5	28264
TP1_synth_forward	TP1_synth_forward	29	T	2294	94	6643	393	2	84	661427	670937	111	0	285	59	2	38	27769	28264
TP1_synth_forward	TP1_synth_forward	30	C	339	657229	12430	72	0	31	836	670937	56	27797	380	1	0	3	27	28264
TP1_synth_forward	TP1_synth_forward	31	T	1936	66	8773	14	92	16	660016	670913	283	6	317	0	20	3	27618	28247
TP1_synth_forward	TP1_synth_forward	32	G	215	341	9466	658428	3	47	2387	670887	22	40	350	27701	2	9	101	28225
TP1_synth_forward	TP1_synth_forward	33	T	1815	59	4749	2415	11	102	661731	670882	202	2	250	50	5	21	27692	28222
TP1_synth_forward	TP1_synth_forward	34	T	2924	67	2555	6	5	107	665202	670866	317	1	140	1	3	25	27729	28216
TP1_synth_forward	TP1_synth_forward	35	C	592	665696	4327	23	7	43	166	670854	79	27866	235	1	6	13	6	28206
TP1_synth_forward	TP1_synth_forward	36	G	256	218	5001	663671	0	130	1558	670834	19	48	242	27665	0	31	183	28188
TP1_synth_forward	TP1_synth_forward	37	C	281	664159	4539	25	1	167	1652	670824	42	27902	177	2	0	10	50	28183
TP1_synth_forward	TP1_synth_forward	38	A	667123	53	3398	78	1	74	94	670821	28023	11	130	4	0	11	1	28180
TP1_synth_forward	TP1_synth_forward	39	C	165	666398	3982	86	1	70	109	670811	21	28005	127	2	1	17	2	28175
TP1_synth_forward	TP1_synth_forward	40	T	2378	127	5220	16	1	48	662984	670774	328	7	133	1	1	7	27676	28153
TP1_synth_forward	TP1_synth_forward	41	C	359	662130	7990	15	1	96	174	670765	59	27787	235	1	0	43	21	28146
TP1_synth_forward	TP1_synth_forward	42	C	391	667168	2947	40	1	31	180	670758	59	27962	109	2	1	2	8	28143
TP1_synth_forward	TP1_synth_forward	43	G	944	249	3118	664342	1	39	2037	670730	27	58	113	27741	0	2	186	28127
TP1_synth_forward	TP1_synth_forward	44	A	666141	29	3298	64	1042	97	56	670727	27969	2	119	4	21	9	1	28125
TP1_synth_forward	TP1_synth_forward	45	G	113	423	5304	664058	2	209	601	670710	13	67	210	27676	0	41	105	28112
TP1_synth_forward	TP1_synth_forward	46	T	1927	76	4918	22	2	92	663641	670678	257	1	195	2	2	20	27612	28089
TP1_synth_forward	TP1_synth_forward	47	G	282	305	3089	666527	0	111	337	670651	59	64	79	27812	0	11	51	28076
TP1_synth_forward	TP1_synth_forward	48	C	466	664957	3103	32	405	257	1426	670646	55	27843	82	1	14	35	43	28073
TP1_synth_forward	TP1_synth_forward	49	G	217	188	3097	666432	1	164	538	670637	13	44	84	27802	0	47	78	28068
TP1_synth_forward	TP1_synth_forward	50	G	1428	295	3086	665228	67	97	432	670633	44	50	81	27802	2	19	68	28066
TP1_synth_forward	TP1_synth_forward	51	C	260	664179	4966	838	64	201	109	670617	35	27828	148	26	8	7	4	28056
TP1_synth_forward	TP1_synth_forward	52	T	1851	60	5906	179	0	133	662479	670608	298	5	205	8	0	9	27526	28051
TP1_synth_forward	TP1_synth_forward	53	T	1722	105	5767	93	16	60	662825	670588	213	0	180	4	1	7	27634	28039
TP1_synth_forward	TP1_synth_forward	54	G	1168	214	7033	661755	1	119	258	670548	68	49	242	27577	0	27	46	28009
TP1_synth_forward	TP1_synth_forward	55	C	269	659546	8540	34	1706	270	179	670544	38	27588	289	3	26	59	5	28008
TP1_synth_forward	TP1_synth_forward	56	G	2807	148	6282	659137	1	205	1953	670533	98	36	208	27534	0	18	106	28000
TP1_synth_forward	TP1_synth_forward	57	G	285	129	1780	667917	3	81	314	670509	24	30	93	27797	1	6	38	27989
TP1_synth_forward	TP1_synth_forward	58	A	668393	25	1759	117	0	60	144	670498	27886	3	88	2	0	2	4	27985
TP1_synth_forward	TP1_synth_forward	59	G	257	1224	1328	667322	0	39	299	670469	16	55	65	27779	0	5	48	27968
TP1_synth_forward	TP1_synth_forward	60	A	668795	80	1368	93	1	41	90	670468	27890	3	66	2	0	5	2	27968
TP1_synth_forward	TP1_synth_forward	61	T	569	51	489	412	1	68	668856	670446	62	1	42	40	0	2	27815	27962
TP1_synth_forward	TP1_synth_forward	62	T	1494	113	361	400	93	71	667835	670367	207	2	28	25	10	7	27661	27940
TP1_synth_forward	TP1_synth_forward	63	C	475	669029	591	44	0	105	95	670339	66	27809	43	1	0	7	3	27929
TP1_synth_forward	TP1_synth_forward	64	T	2154	80	1002	83	0	87	666905	670311	253	3	41	4	0	6	27613	27920
TP1_synth_forward	TP1_synth_forward	65	C	273	667517	365	36	115	94	1908	670308	50	27789	17	2	15	5	41	27919
TP1_synth_forward	TP1_synth_forward	66	T	1912	105	1719	80	1	70	666414	670301	285	4	34	5	0	4	27584	27916
TP1_synth_forward	TP1_synth_forward	67	T	2528	99	28	79	45	74	667432	670285	290	4	5	2	4	2	27605	27912
TP1_synth_forward	TP1_synth_forward	68	C	332	667340	853	27	0	67	1659	670278	50	27759	44	0	0	4	49	27906
TP1_synth_forward	TP1_synth_forward	69	C	452	669325	33	77	1	101	279	670268	57	27796	4	4	1	26	12	27900
TP1_synth_forward	TP1_synth_forward	70	T	1832	64	24	33	0	172	668126	670251	252	1	4	3	0	20	27614	27894
TP1_synth_forward	TP1_synth_forward	71	C	461	665700	2844	15	0	65	1155	670240	85	27692	76	1	0	10	23	27887
TP1_synth_forward	TP1_synth_forward	72	T	2331	79	1496	9	0	94	666217	670226	312	4	39	0	0	18	27512	27885
TP1_synth_forward	TP1_synth_forward	73	G	274	608	1771	667234	0	98	222	670207	39	86	51	27658	0	8	33	27875
TP1_synth_forward	TP1_synth_forward	74	T	1485	89	3066	20	2	87	665448	670197	160	5	100	4	0	1	27598	27868
TP1_synth_forward	TP1_synth_forward	75	G	246	199	3378	665975	1	73	287	670159	27	29	99	27650	0	4	44	27853
TP1_synth_forward	TP1_synth_forward	76	C	554	663205	1262	44	287	144	4658	670154	69	27570	63	2	31	13	103	27851
TP1_synth_forward	TP1_synth_forward	77	G	192	316	512	668611	1	96	410	670138	7	57	36	27674	0	6	61	27841
TP1_synth_forward	TP1_synth_forward	78	C	197	665711	3949	23	2	149	105	670136	18	27639	173	1	0	5	4	27840
TP1_synth_forward	TP1_synth_forward	79	C	3570	663982	377	54	1821	123	193	670120	58	27659	34	4	47	21	10	27833
TP1_synth_forward	TP1_synth_forward	80	G	3845	596	145	664794	10	43	659	670092	64	106	17	27529	1	5	95	27817
TP1_synth_forward	TP1_synth_forward	81	C	190	669709	15	33	0	35	98	670080	22	27776	5	3	0	3	2	27811
TP1_synth_forward	TP1_synth_forward	82	A	668248	55	1354	208	0	42	143	670050	27759	5	24	7	0	4	8	27807
TP1_synth_forward	TP1_synth_forward	83	A	669125	90	587	104	0	55	85	670046	27776	7	12	4	0	3	3	27805
TP1_synth_forward	TP1_synth_forward	84	A	668908	100	579	184	3	173	66	670013	27754	7	12	10	0	18	1	27802
TP1_synth_forward	TP1_synth_forward	85	G	165	265	27	668326	894	114	166	669957	19	45	1	27660	23	8	20	27776
TP1_synth_forward	TP1_synth_forward	86	C	372	669220	0	71	3	117	101	669884	36	27710	0	5	0	5	2	27758
TP1_synth_forward	TP1_synth_forward	87	T	2986	78	2	268	0	110	666308	669752	327	1	0	10	0	19	27369	27726
TP1_synth_forward	TP1_synth_forward	88	G	226	345	934	667799	5	70	256	669635	28	25	6	27607	0	7	35	27708
TP1_synth_forward	TP1_synth_forward	89	T	1183	92	30	50	0	43	668131	669529	89	0	5	1	0	11	27586	27692
TP1_synth_forward	TP1_synth_forward	90	T	1768	111	12	111	2179	32	665191	669404	155	2	3	4	48	19	27437	27668
TP1_synth_forward	TP1_synth_forward	91	C	500	667738	866	64	2	14	121	669305	57	27566	13	4	0	3	7	27650
TP1_synth_forward	TP1_synth_forward	92	C	352	668264	0	43	2	50	508	669219	31	27590	0	2	0	2	11	27636
TP1_synth_forward	TP1_synth_forward	93	G	482	465	0	667496	0	49	173	668665	37	75	0	27455	0	5	13	27585
TP1_synth_forward	TP1_synth_forward	94	T	1949	108	0	98	0	43	665419	667617	152	3	0	10	0	14	27376	27555
TP1_synth_forward	TP1_synth_forward	95	C	131	666638	0	40	0	93	118	667020	8	27500	0	2	0	17	3	27530
TP1_synth_forward	TP1_synth_forward	96	C	0	665781	0	0	0	41	0	665822	0	27469	0	0	0	9	0	27478
TP1_synth_forward	TP1_synth_forward	97	C	0	665012	0	0	0	62	0	665074	0	27439	0	0	0	6	0	27445
TP1_synth_forward	TP1_synth_forward	98	A	664121	0	0	0	0	23	0	664144	27381	0	0	0	0	4	0	27385
TP1_synth_forward	TP1_synth_forward	99	G	0	0	0	662976	0	0	0	662976	0	0	0	27261	0	0	0	27261
TP1_synth_forward	TP1_synth_forward	100	T	0	0	0	0	0	0	659109	659109	0	0	0	0	0	0	27061	27061
