



























































































































































































































#AmpliconChromStart	Alias	Position	ProbableRef	rawA	rawC	rawD	rawG	rawI	rawN	rawT	rawDepth	consA	consC	consD	consG	consI	consN	consT	consDepth	
TP1_synth_forward		5	T	0	0	0	0	0	0	486	486	0	0	0	0	0	0	328	328
TP1_synth_forward		6	G	0	0	0	931	0	0	0	931	0	0	0	561	0	0	0	561
TP1_synth_forward		7	A	1044	0	0	0	0	0	0	1044	595	0	0	0	0	0	0	595
TP1_synth_forward		8	G	0	0	0	1224	0	0	0	1224	0	0	0	628	0	0	0	628
TP1_synth_forward		9	G	0	0	0	1463	0	0	0	1463	0	0	0	662	0	0	0	662
TP1_synth_forward		10	C	0	1463	0	0	0	0	0	1463	0	662	0	0	0	0	0	662
TP1_synth_forward		11	T	19	0	0	0	0	0	1444	1463	12	0	0	0	0	0	650	662
TP1_synth_forward		12	C	3	1460	0	0	0	0	0	1463	2	660	0	0	0	0	0	662
TP1_synth_forward		13	C	8	1455	0	0	0	0	0	1463	5	657	0	0	0	0	0	662
TP1_synth_forward		14	C	9	1454	0	0	0	0	0	1463	6	656	0	0	0	0	0	662
TP1_synth_forward		15	C	2	1461	0	0	0	0	0	1463	2	660	0	0	0	0	0	662
TP1_synth_forward		16	T	18	1	2	0	1	0	1441	1463	14	1	1	0	1	0	645	662
TP1_synth_forward		17	T	36	0	0	0	0	0	1427	1463	20	0	0	0	0	0	642	662
TP1_synth_forward		18	T	13	0	0	0	0	0	1450	1463	8	0	0	0	0	0	654	662
TP1_synth_forward		19	A	1462	0	0	1	0	0	0	1463	662	0	0	0	0	0	0	662
TP1_synth_forward		20	T	14	45	0	0	0	0	1404	1463	6	0	0	0	0	0	656	662
TP1_synth_forward		21	A	1460	0	3	0	0	0	0	1463	659	0	3	0	0	0	0	662
TP1_synth_forward		22	C	3	1459	1	0	0	0	0	1463	1	660	1	0	0	0	0	662
TP1_synth_forward		23	A	1462	0	0	1	0	0	0	1463	662	0	0	0	0	0	0	662
TP1_synth_forward		24	G	0	1	21	1435	2	0	4	1463	0	0	3	655	2	0	2	662
TP1_synth_forward		25	A	1439	0	21	1	0	1	1	1463	658	0	3	0	0	0	1	662
TP1_synth_forward		26	A	1565	0	19	0	0	0	3	1587	668	0	2	0	0	0	1	671
TP1_synth_forward		27	T	20	0	19	1	0	0	1547	1587	9	0	2	1	0	0	659	671
TP1_synth_forward		28	A	1567	0	20	0	0	0	0	1587	668	0	3	0	0	0	0	671
TP1_synth_forward		29	T	8	0	20	0	0	0	1559	1587	2	0	3	0	0	0	666	671
TP1_synth_forward		30	C	2	1583	1	1	0	0	0	1587	1	669	1	0	0	0	0	671
TP1_synth_forward		31	T	24	0	2	0	0	0	1561	1587	21	0	1	0	0	0	649	671
TP1_synth_forward		32	G	1	5	1	1580	0	0	0	1587	1	2	1	667	0	0	0	671
TP1_synth_forward		33	T	29	0	1	0	0	0	1600	1630	19	0	1	0	0	0	661	681
TP1_synth_forward		34	T	13	0	1	0	0	0	1672	1686	10	0	1	0	0	0	677	688
TP1_synth_forward		35	C	3	1681	1	0	1	0	0	1686	1	685	1	0	1	0	0	688
TP1_synth_forward		36	G	0	2	1	1642	0	0	39	1684	0	1	1	656	0	0	28	686
TP1_synth_forward		37	C	8	1674	2	0	0	0	0	1684	6	679	1	0	0	0	0	686
TP1_synth_forward		38	A	1849	1	1	0	0	0	1	1852	705	0	1	0	0	0	0	706
TP1_synth_forward		39	C	2	1917	3	0	0	0	0	1922	1	710	3	0	0	0	0	714
TP1_synth_forward		40	T	25	0	2	0	0	0	1895	1922	13	0	2	0	0	0	699	714
TP1_synth_forward		41	C	1	2099	6	0	0	0	0	2106	0	728	3	0	0	0	0	731
TP1_synth_forward		42	C	10	2094	1	0	0	0	0	2105	3	726	1	0	0	0	0	730
TP1_synth_forward		43	G	0	1	1	2086	1	0	16	2105	0	1	1	715	1	0	12	730
TP1_synth_forward		44	A	2201	0	3	1	0	0	0	2205	754	0	3	1	0	0	0	758
TP1_synth_forward		45	G	0	6	7	2187	0	0	3	2203	0	6	3	745	0	0	2	756
TP1_synth_forward		46	T	33	0	7	1	1	0	2533	2575	17	0	3	1	1	0	781	803
TP1_synth_forward		47	G	5	4	8	2556	0	0	1	2574	4	2	4	791	0	0	1	802
TP1_synth_forward		48	C	9	2565	8	0	1	0	61	2644	3	807	4	0	0	0	0	814
TP1_synth_forward		49	G	1	1	8	2695	0	0	16	2721	0	1	4	813	0	0	12	830
TP1_synth_forward		50	G	6	4	3	2689	0	1	18	2721	1	0	2	819	0	1	7	830
TP1_synth_forward		51	C	1	2974	2	1	0	0	1	2979	0	872	1	0	0	0	1	874
TP1_synth_forward		52	T	18	0	2	3	0	0	3039	3062	12	0	1	2	0	0	884	899
TP1_synth_forward		53	T	33	1	2	0	0	0	3026	3062	14	1	1	0	0	0	883	899
TP1_synth_forward		54	G	5	4	3	3159	0	0	7	3178	2	1	2	919	0	0	2	926
TP1_synth_forward		55	C	11	3292	6	0	0	0	1	3310	5	930	4	0	0	0	1	940
TP1_synth_forward		56	G	2	5	2	3289	0	0	12	3310	1	2	1	926	0	0	10	940
TP1_synth_forward		57	G	2	3	2	3299	0	1	3	3310	1	1	1	934	0	0	3	940
TP1_synth_forward		58	A	3597	0	3	1	0	0	1	3602	973	0	2	0	0	0	0	975
TP1_synth_forward		59	G	3	5	3	3873	0	0	6	3890	2	2	2	1009	0	0	3	1018
TP1_synth_forward		60	A	4038	1	3	1	0	0	0	4043	1044	0	2	0	0	0	0	1046
TP1_synth_forward		61	T	15	0	3	6	0	1	4364	4389	5	0	2	6	0	1	1064	1078
TP1_synth_forward		62	T	16	2	3	2	0	0	4552	4575	4	1	2	1	0	0	1115	1123
TP1_synth_forward		63	C	2	4643	8	1	0	0	3	4657	1	1143	2	0	0	0	1	1147
TP1_synth_forward		64	T	20	0	4	1	0	0	4809	4834	10	0	3	1	0	0	1164	1178
TP1_synth_forward		65	C	2	4828	2	0	1	0	0	4833	1	1175	1	0	0	0	0	1177
TP1_synth_forward		66	T	28	0	3	0	0	0	4801	4832	12	0	2	0	0	0	1162	1176
TP1_synth_forward		67	T	26	0	0	1	0	1	5152	5180	10	0	0	0	0	1	1187	1198
TP1_synth_forward		68	C	6	5267	0	0	0	1	0	5274	4	1205	0	0	0	0	0	1209
TP1_synth_forward		69	C	11	5721	0	0	0	1	3	5736	5	1260	0	0	0	1	0	1266
TP1_synth_forward		70	T	9	2	0	0	0	1	5927	5939	4	2	0	0	0	1	1272	1279
TP1_synth_forward		71	C	3	6379	1	0	0	2	1	6386	2	1317	0	0	0	2	0	1321
TP1_synth_forward		72	T	26	0	5	0	0	3	6352	6386	8	0	2	0	0	1	1310	1321
TP1_synth_forward		73	G	3	16	2	6362	0	0	2	6385	1	6	0	1312	0	0	2	1321
TP1_synth_forward		74	T	20	0	3	0	1	0	6360	6384	10	0	2	0	1	0	1308	1321
TP1_synth_forward		75	G	4	3	2	6373	0	2	0	6384	2	1	1	1316	0	1	0	1321
TP1_synth_forward		76	C	11	6363	4	0	1	0	5	6384	3	1314	3	0	0	0	1	1321
TP1_synth_forward		77	G	3	1	3	6365	1	1	10	6384	1	0	1	1312	1	1	5	1321
TP1_synth_forward		78	C	4	6370	3	2	0	2	3	6384	2	1316	1	0	0	0	2	1321
TP1_synth_forward		79	C	6	6373	1	2	0	0	2	6384	3	1317	0	0	0	0	1	1321
TP1_synth_forward		80	G	3	4	5	6351	0	1	20	6384	1	0	3	1304	0	0	13	1321
TP1_synth_forward		81	C	2	6375	2	1	1	0	0	6381	1	1316	1	0	0	0	0	1318
TP1_synth_forward		82	A	6374	0	4	1	0	1	0	6380	1315	0	2	0	0	1	0	1318
TP1_synth_forward		83	A	6375	2	2	0	0	0	1	6380	1317	0	1	0	0	0	0	1318
TP1_synth_forward		84	A	6377	0	0	2	1	0	0	6380	1317	0	0	1	0	0	0	1318
TP1_synth_forward		85	G	2	0	0	6369	0	1	7	6379	0	0	0	1313	0	0	5	1318
TP1_synth_forward		86	C	1	6352	0	1	0	0	25	6379	1	1311	0	1	0	0	5	1318
TP1_synth_forward		87	T	32	1	0	1	0	0	6345	6379	12	0	0	0	0	0	1306	1318
TP1_synth_forward		88	G	4	2	0	6368	0	0	3	6377	4	0	0	1313	0	0	0	1317
TP1_synth_forward		89	T	44	1	1	2	0	2	6326	6376	20	0	1	0	0	0	1295	1316
TP1_synth_forward		90	T	25	2	0	3	0	0	6344	6374	7	1	0	0	0	0	1308	1316
TP1_synth_forward		91	C	6	6361	3	1	0	0	0	6371	2	1312	2	0	0	0	0	1316
TP1_synth_forward		92	C	6	6362	0	0	0	0	2	6370	1	1312	0	0	0	0	2	1315
TP1_synth_forward		93	G	7	9	0	6345	0	0	5	6366	2	3	0	1303	0	0	3	1311
TP1_synth_forward		94	T	22	0	0	3	0	0	6336	6361	5	0	0	1	0	0	1303	1309
TP1_synth_forward		95	C	3	6358	0	0	0	0	0	6361	1	1308	0	0	0	0	0	1309
TP1_synth_forward		96	C	0	6354	0	0	0	0	0	6354	0	1305	0	0	0	0	0	1305
TP1_synth_forward		97	C	0	6347	0	0	0	0	0	6347	0	1304	0	0	0	0	0	1304
TP1_synth_forward		98	A	6337	0	0	0	0	0	0	6337	1301	0	0	0	0	0	0	1301
TP1_synth_forward		99	G	0	0	0	6327	0	0	0	6327	0	0	0	1297	0	0	0	1297
TP1_synth_forward		100	T	0	0	0	0	0	0	6276	6276	0	0	0	0	0	0	1281	1281
TP1_synth_forward	TP1_synth_forward	1	G	0	0	0	384256	0	0	0	384256	0	0	0	55446	0	0	0	55446
TP1_synth_forward	TP1_synth_forward	2	T	0	0	0	0	0	0	384854	384854	0	0	0	0	0	0	55678	55678
TP1_synth_forward	TP1_synth_forward	3	G	0	0	0	386152	0	4	0	386156	0	0	0	56256	0	3	0	56259
TP1_synth_forward	TP1_synth_forward	4	G	0	0	0	386821	0	4	0	386825	0	0	0	56649	0	1	0	56650
TP1_synth_forward	TP1_synth_forward	5	T	0	0	0	0	0	12	386813	386825	0	0	0	0	0	1	56649	56650
TP1_synth_forward	TP1_synth_forward	6	G	78	31	0	386490	0	102	124	386825	8	3	0	56593	0	30	16	56650
TP1_synth_forward	TP1_synth_forward	7	A	386628	14	0	50	0	65	68	386825	56623	1	0	8	0	11	7	56650
TP1_synth_forward	TP1_synth_forward	8	G	61	16	0	386649	1	23	75	386825	5	0	0	56634	1	2	8	56650
TP1_synth_forward	TP1_synth_forward	9	G	93	59	0	386404	3	172	94	386825	5	22	0	56585	1	22	15	56650
TP1_synth_forward	TP1_synth_forward	10	C	63	386398	112	11	52	111	78	386825	13	56586	8	1	1	30	11	56650
TP1_synth_forward	TP1_synth_forward	11	T	182	65	66	15	85	68	386344	386825	48	5	6	2	5	16	56568	56650
TP1_synth_forward	TP1_synth_forward	12	C	74	385834	768	15	0	27	107	386825	14	56547	70	0	0	12	7	56650
TP1_synth_forward	TP1_synth_forward	13	C	136	386502	2	7	0	54	124	386825	19	56617	1	1	0	8	4	56650
TP1_synth_forward	TP1_synth_forward	14	C	153	386525	0	12	0	13	122	386825	26	56613	0	1	0	2	8	56650
TP1_synth_forward	TP1_synth_forward	15	C	80	386227	91	3	265	31	128	386825	11	56591	8	0	28	6	6	56650
TP1_synth_forward	TP1_synth_forward	16	T	227	32	850	2	0	29	385685	386825	71	3	118	1	0	2	56455	56650
TP1_synth_forward	TP1_synth_forward	17	T	165	58	104	8	0	29	386461	386825	36	5	10	1	0	16	56582	56650
TP1_synth_forward	TP1_synth_forward	18	T	121	33	274	6	150	83	386158	386825	29	3	37	0	19	17	56545	56650
TP1_synth_forward	TP1_synth_forward	19	A	385850	1	671	59	104	42	98	386825	56530	0	95	4	5	9	7	56650
TP1_synth_forward	TP1_synth_forward	20	T	167	105	406	21	22	57	386047	386825	47	18	49	2	10	14	56510	56650
TP1_synth_forward	TP1_synth_forward	21	A	385858	12	753	64	17	44	77	386825	56533	2	98	1	6	3	7	56650
TP1_synth_forward	TP1_synth_forward	22	C	117	385890	628	29	70	19	72	386825	19	56538	72	1	7	10	3	56650
TP1_synth_forward	TP1_synth_forward	23	A	385975	6	549	105	9	88	93	386825	56543	1	65	3	3	25	10	56650
TP1_synth_forward	TP1_synth_forward	24	G	78	35	717	385566	236	79	114	386825	10	10	93	56463	27	17	30	56650
TP1_synth_forward	TP1_synth_forward	25	A	385837	6	829	57	0	64	32	386825	56514	0	96	5	0	34	1	56650
TP1_synth_forward	TP1_synth_forward	26	A	385883	5	735	56	67	28	51	386825	56538	1	87	5	6	8	5	56650
TP1_synth_forward	TP1_synth_forward	27	T	414	52	797	40	13	28	385481	386825	124	6	98	3	3	1	56415	56650
TP1_synth_forward	TP1_synth_forward	28	A	385510	6	1109	28	67	52	53	386825	56497	2	138	0	5	2	6	56650
TP1_synth_forward	TP1_synth_forward	29	T	247	54	1297	132	56	58	384981	386825	75	6	146	14	4	31	56374	56650
TP1_synth_forward	TP1_synth_forward	30	C	197	384973	1380	22	122	21	110	386825	44	56432	148	3	10	2	11	56650
TP1_synth_forward	TP1_synth_forward	31	T	981	82	1395	12	49	6	384047	386572	257	9	161	1	16	0	56172	56616
TP1_synth_forward	TP1_synth_forward	32	G	183	80	1502	384459	92	26	155	386497	27	17	171	56342	8	3	39	56607
TP1_synth_forward	TP1_synth_forward	33	T	877	108	1590	7	0	76	383650	386308	190	6	174	0	0	31	56194	56595
TP1_synth_forward	TP1_synth_forward	34	T	1421	81	1279	5	133	69	382853	385841	277	7	124	0	15	19	56116	56558
TP1_synth_forward	TP1_synth_forward	35	C	341	383126	1894	17	128	18	178	385702	93	56220	181	1	21	4	15	56535
TP1_synth_forward	TP1_synth_forward	36	G	185	211	1580	382200	15	99	882	385172	11	37	158	56120	6	37	126	56495
TP1_synth_forward	TP1_synth_forward	37	C	120	383309	1443	16	65	107	109	385169	34	56256	171	4	5	12	11	56493
TP1_synth_forward	TP1_synth_forward	38	A	383266	40	1364	48	28	35	35	384816	56299	5	142	2	8	8	4	56468
TP1_synth_forward	TP1_synth_forward	39	C	105	382151	2251	50	73	34	96	384760	31	56169	216	3	9	9	18	56455
TP1_synth_forward	TP1_synth_forward	40	T	1098	34	3101	54	109	31	380017	384444	287	4	282	2	11	5	55823	56414
TP1_synth_forward	TP1_synth_forward	41	C	201	381070	2878	13	0	50	90	384302	52	56031	286	1	0	29	6	56405
TP1_synth_forward	TP1_synth_forward	42	C	186	381688	1826	25	8	24	138	383895	55	56113	185	0	5	5	15	56378
TP1_synth_forward	TP1_synth_forward	43	G	113	101	1840	380674	187	23	582	383520	17	36	202	55959	12	2	105	56333
TP1_synth_forward	TP1_synth_forward	44	A	380741	12	2068	63	160	51	56	383151	56026	1	229	3	25	9	8	56301
TP1_synth_forward	TP1_synth_forward	45	G	74	187	2283	379897	5	126	332	382904	7	56	236	55838	0	39	95	56271
TP1_synth_forward	TP1_synth_forward	46	T	819	138	2559	16	110	52	379044	382738	179	12	243	3	8	15	55795	56255
TP1_synth_forward	TP1_synth_forward	47	G	192	119	2634	379277	62	69	174	382527	37	37	245	55854	5	9	43	56230
TP1_synth_forward	TP1_synth_forward	48	C	176	379211	2450	17	324	158	188	382524	37	55888	235	0	20	33	14	56227
TP1_synth_forward	TP1_synth_forward	49	G	108	92	3003	378915	0	101	235	382454	14	35	266	55802	0	48	43	56208
TP1_synth_forward	TP1_synth_forward	50	G	181	123	2676	378923	88	56	148	382195	23	38	247	55825	6	12	35	56186
TP1_synth_forward	TP1_synth_forward	51	C	132	378254	2905	465	97	122	212	382187	27	55800	263	40	15	19	17	56181
TP1_synth_forward	TP1_synth_forward	52	T	817	62	2860	69	0	89	377865	381762	232	7	267	7	0	7	55633	56153
TP1_synth_forward	TP1_synth_forward	53	T	699	186	2476	53	213	39	377840	381506	164	17	230	7	14	12	55691	56135
TP1_synth_forward	TP1_synth_forward	54	G	196	102	2748	377982	17	89	184	381318	29	36	258	55714	2	30	38	56107
TP1_synth_forward	TP1_synth_forward	55	C	148	377849	2564	39	171	179	364	381314	35	55745	230	1	16	50	28	56105
TP1_synth_forward	TP1_synth_forward	56	G	214	144	2948	377617	0	112	248	381283	22	34	272	55706	0	14	56	56104
TP1_synth_forward	TP1_synth_forward	57	G	85	44	2136	378709	15	39	208	381236	10	15	207	55816	0	4	32	56084
TP1_synth_forward	TP1_synth_forward	58	A	378626	16	2357	61	19	34	77	381190	55826	2	227	6	2	0	8	56071
TP1_synth_forward	TP1_synth_forward	59	G	132	60	2205	378556	27	20	159	381159	12	19	210	55767	5	8	35	56056
TP1_synth_forward	TP1_synth_forward	60	A	378558	26	2153	54	143	19	93	381046	55810	4	209	2	8	7	6	56046
TP1_synth_forward	TP1_synth_forward	61	T	185	72	2209	221	2	40	378267	380996	42	9	201	38	0	2	55742	56034
TP1_synth_forward	TP1_synth_forward	62	T	641	162	1801	213	1	40	377941	380799	164	21	174	24	0	5	55609	55997
TP1_synth_forward	TP1_synth_forward	63	C	217	378401	1906	44	25	66	115	380774	42	55734	177	2	6	11	10	55982
TP1_synth_forward	TP1_synth_forward	64	T	999	125	1419	45	13	60	378089	380750	259	9	134	2	4	13	55549	55970
TP1_synth_forward	TP1_synth_forward	65	C	97	378923	1495	16	84	65	61	380741	19	55795	132	1	7	6	5	55965
TP1_synth_forward	TP1_synth_forward	66	T	851	110	1600	30	1	42	378099	380733	230	12	138	4	0	5	55572	55961
TP1_synth_forward	TP1_synth_forward	67	T	990	152	741	21	176	39	378571	380690	233	11	81	1	11	1	55612	55950
TP1_synth_forward	TP1_synth_forward	68	C	136	379097	1200	18	3	46	71	380571	30	55760	131	7	2	3	9	55942
TP1_synth_forward	TP1_synth_forward	69	C	203	379480	635	33	2	53	142	380548	47	55781	61	3	1	26	14	55933
TP1_synth_forward	TP1_synth_forward	70	T	888	141	807	16	87	115	378483	380537	212	12	69	0	7	29	55598	55927
TP1_synth_forward	TP1_synth_forward	71	C	244	379173	836	10	72	45	103	380483	56	55767	73	1	4	10	12	55923
TP1_synth_forward	TP1_synth_forward	72	T	1125	73	848	12	82	47	378288	380475	277	6	81	1	11	15	55529	55920
TP1_synth_forward	TP1_synth_forward	73	G	228	162	954	378759	62	56	144	380365	35	45	74	55696	6	5	39	55900
TP1_synth_forward	TP1_synth_forward	74	T	704	189	818	15	100	61	378468	380355	143	10	68	3	16	4	55651	55895
TP1_synth_forward	TP1_synth_forward	75	G	210	99	1359	378475	26	48	128	380345	17	38	104	55693	4	3	30	55889
TP1_synth_forward	TP1_synth_forward	76	C	243	378122	1095	38	93	106	644	380341	58	55646	87	6	11	16	63	55887
TP1_synth_forward	TP1_synth_forward	77	G	240	149	1210	378066	269	68	280	380282	13	55	69	55648	16	12	64	55877
TP1_synth_forward	TP1_synth_forward	78	C	98	378118	1604	16	1	62	378	380277	20	55691	117	1	1	5	39	55874
TP1_synth_forward	TP1_synth_forward	79	C	119	379052	559	29	61	84	369	380273	21	55724	62	2	9	32	23	55873
TP1_synth_forward	TP1_synth_forward	80	G	528	444	835	378122	19	24	289	380261	44	94	79	55588	0	2	59	55866
TP1_synth_forward	TP1_synth_forward	81	C	174	378865	770	19	316	17	93	380254	30	55720	62	3	38	0	9	55862
TP1_synth_forward	TP1_synth_forward	82	A	378683	22	1377	89	0	24	57	380252	55727	2	111	8	0	5	8	55861
TP1_synth_forward	TP1_synth_forward	83	A	379681	36	388	47	0	39	59	380250	55819	5	23	3	0	3	8	55861
TP1_synth_forward	TP1_synth_forward	84	A	379736	48	58	81	149	116	41	380229	55807	4	7	5	7	23	3	55856
TP1_synth_forward	TP1_synth_forward	85	G	107	116	42	379674	87	94	77	380197	12	27	6	55758	4	11	22	55840
TP1_synth_forward	TP1_synth_forward	86	C	163	379762	5	63	2	65	104	380164	34	55772	3	4	1	2	13	55829
TP1_synth_forward	TP1_synth_forward	87	T	1446	44	121	184	0	74	378191	380060	331	2	6	11	0	25	55426	55801
TP1_synth_forward	TP1_synth_forward	88	G	163	114	161	379349	8	30	133	379958	30	16	6	55697	4	3	31	55787
TP1_synth_forward	TP1_synth_forward	89	T	550	57	177	19	0	21	379052	379876	101	2	23	2	0	12	55622	55762
TP1_synth_forward	TP1_synth_forward	90	T	860	83	42	34	483	25	378131	379658	165	2	4	2	28	15	55518	55734
TP1_synth_forward	TP1_synth_forward	91	C	296	378851	277	30	1	10	109	379574	48	55623	30	6	0	2	13	55722
TP1_synth_forward	TP1_synth_forward	92	C	207	379088	0	40	0	21	151	379507	27	55656	0	4	0	0	15	55702
TP1_synth_forward	TP1_synth_forward	93	G	321	198	0	378665	0	27	60	379271	33	67	0	55568	0	4	9	55681
TP1_synth_forward	TP1_synth_forward	94	T	825	35	0	35	0	47	377844	378786	152	2	0	7	0	19	55453	55633
TP1_synth_forward	TP1_synth_forward	95	C	127	378352	0	30	0	62	79	378650	11	55584	0	2	0	15	8	55620
TP1_synth_forward	TP1_synth_forward	96	C	0	378243	0	0	0	39	0	378282	0	55562	0	0	0	14	0	55576
TP1_synth_forward	TP1_synth_forward	97	C	0	376936	0	0	0	41	0	376977	0	55446	0	0	0	4	0	55450
TP1_synth_forward	TP1_synth_forward	98	A	375324	0	0	0	0	14	0	375338	55297	0	0	0	0	6	0	55303
TP1_synth_forward	TP1_synth_forward	99	G	0	0	0	374696	0	0	0	374696	0	0	0	55195	0	0	0	55195
TP1_synth_forward	TP1_synth_forward	100	T	0	0	0	0	0	0	373530	373530	0	0	0	0	0	0	54993	54993
