



























































































































































































































#AmpliconChromStart	Alias	Position	ProbableRef	rawA	rawC	rawD	rawG	rawI	rawN	rawT	rawDepth	consA	consC	consD	consG	consI	consN	consT	consDepth	
TP1_synth_reverse		1	G	0	0	0	771733	0	0	0	771733	0	0	0	20843	0	0	0	20843
TP1_synth_reverse		2	T	0	0	0	0	0	0	772773	772773	0	0	0	0	0	0	20874	20874
TP1_synth_reverse		3	G	0	0	0	775588	0	57	0	775645	0	0	0	20938	0	1	0	20939
TP1_synth_reverse		4	G	0	0	0	776422	0	41	0	776463	0	0	0	20965	0	0	0	20965
TP1_synth_reverse		5	T	0	0	0	0	0	12	776784	776796	0	0	0	0	0	1	20977	20978
TP1_synth_reverse		6	G	110	66	0	778140	0	13	337	778666	0	0	0	20999	0	0	4	21003
TP1_synth_reverse		7	A	778752	18	0	100	0	62	144	779076	21008	0	0	0	0	1	0	21009
TP1_synth_reverse		8	G	98	73	0	779744	0	102	293	780310	1	0	0	21024	0	0	3	21028
TP1_synth_reverse		9	G	106	134	0	780107	2	32	306	780687	1	0	0	21035	0	0	3	21039
TP1_synth_reverse		10	C	174	780176	188	22	0	27	127	780714	0	21039	1	0	0	0	0	21040
TP1_synth_reverse		11	T	155	139	147	9	518	26	779720	780714	0	0	2	0	10	0	21028	21040
TP1_synth_reverse		12	C	283	778062	2128	22	1	65	153	780714	0	21003	34	0	0	1	2	21040
TP1_synth_reverse		13	C	364	780134	4	17	0	75	120	780714	0	21040	0	0	0	0	0	21040
TP1_synth_reverse		14	C	359	780198	1	19	0	39	98	780714	0	21040	0	0	0	0	0	21040
TP1_synth_reverse		15	C	251	779385	528	26	324	46	168	780728	0	21024	8	0	5	1	3	21041
TP1_synth_reverse		16	T	287	85	2311	11	0	169	777876	780739	0	1	63	0	0	0	20978	21042
TP1_synth_reverse		17	T	281	111	15	15	0	53	780273	780748	0	2	1	0	0	1	21039	21043
TP1_synth_reverse		18	T	277	127	27	2	98	54	780168	780753	0	0	3	0	5	1	21035	21044
TP1_synth_reverse		19	C	280	779755	641	27	55	56	87	780901	0	21014	21	0	7	2	1	21045
TP1_synth_reverse		20	T	226	292	345	9	1	19	780009	780901	0	5	9	0	0	1	21030	21045
TP1_synth_reverse		21	T	412	395	44	41	1862	91	778056	780901	0	3	2	1	48	2	20989	21045
TP1_synth_reverse		22	G	306	371	758	778101	416	7	950	780909	2	0	17	21011	8	0	8	21046
TP1_synth_reverse		23	C	451	774976	907	82	3112	22	1359	780909	0	20930	23	1	69	0	23	21046
TP1_synth_reverse		24	G	372	148	702	778568	3	38	1084	780915	2	1	19	21016	0	1	8	21047
TP1_synth_reverse		25	G	116	532	49	778831	369	107	924	780928	1	2	4	21019	9	1	12	21048
TP1_synth_reverse		26	A	777678	18	706	156	2196	45	149	780948	20982	0	18	0	48	0	1	21049
TP1_synth_reverse		27	G	82	646	430	778619	237	22	912	780948	0	0	14	21018	2	1	14	21049
TP1_synth_reverse		28	A	780196	40	330	73	184	34	97	780954	21029	0	18	0	3	0	0	21050
TP1_synth_reverse		29	T	236	98	1170	307	0	132	779011	780954	0	0	22	1	0	1	21026	21050
TP1_synth_reverse		30	T	849	88	541	55	4	102	779326	780965	1	0	8	0	1	1	21040	21051
TP1_synth_reverse		31	C	398	779457	836	34	92	63	73	780953	0	21033	16	0	2	0	0	21051
TP1_synth_reverse		32	T	609	83	680	31	100	322	779121	780946	1	0	16	0	4	0	21030	21051
TP1_synth_reverse		33	C	383	779663	566	35	81	127	87	780942	1	21026	15	0	7	2	0	21051
TP1_synth_reverse		34	T	660	130	1208	66	1	79	778794	780938	2	0	17	0	0	2	21030	21051
TP1_synth_reverse		35	T	1249	116	200	63	733	69	778500	780930	1	0	1	0	18	0	21031	21051
TP1_synth_reverse		36	C	513	779679	569	25	0	43	99	780928	0	21036	14	0	0	0	1	21051
TP1_synth_reverse		37	C	459	779152	540	52	17	64	639	780923	0	21037	7	0	2	0	6	21052
TP1_synth_reverse		38	T	568	320	1238	225	17	24	778516	780908	1	3	19	0	1	0	21028	21052
TP1_synth_reverse		39	C	371	779455	634	43	256	71	79	780909	0	21036	11	0	4	1	0	21052
TP1_synth_reverse		40	T	1221	85	1060	43	1935	146	776414	780904	3	0	14	0	42	0	20993	21052
TP1_synth_reverse		41	G	608	488	367	777626	1194	17	598	780898	4	1	7	21016	19	0	5	21052
TP1_synth_reverse		42	T	1856	83	563	31	2926	62	775369	780890	2	0	22	0	72	1	20955	21052
TP1_synth_reverse		43	G	662	364	356	777848	452	352	856	780890	5	0	11	21015	12	3	7	21053
TP1_synth_reverse		44	C	413	774783	744	194	3445	162	1147	780888	0	20932	22	4	76	0	19	21053
TP1_synth_reverse		45	G	288	316	351	778303	343	45	1225	780871	6	1	9	21021	13	0	3	21053
TP1_synth_reverse		46	C	580	779196	560	87	1	13	440	780877	0	21021	18	2	0	0	13	21054
TP1_synth_reverse		47	C	330	778851	8	35	1384	26	250	780884	1	20993	2	1	50	1	7	21055
TP1_synth_reverse		48	G	323	559	451	777735	523	47	1222	780860	0	1	9	21032	5	0	8	21055
TP1_synth_reverse		49	A	779640	39	562	89	145	190	188	780853	21035	0	15	0	4	2	1	21057
TP1_synth_reverse		50	T	926	59	743	125	2	119	778861	780835	1	0	17	0	0	2	21037	21057
TP1_synth_reverse		51	A	779685	46	388	84	226	121	307	780857	21033	0	19	0	4	1	1	21058
TP1_synth_reverse		52	C	476	779154	204	100	451	265	203	780853	1	21023	14	0	13	1	6	21058
TP1_synth_reverse		53	A	779005	23	440	274	692	268	173	780875	21022	0	18	1	14	4	0	21059
TP1_synth_reverse		54	G	203	200	555	779051	551	94	203	780857	3	1	14	21026	10	1	4	21059
TP1_synth_reverse		55	A	779031	141	1446	85	0	108	75	780886	21036	1	22	0	0	1	0	21060
TP1_synth_reverse		56	A	780034	10	492	140	6	97	102	780881	21052	0	5	0	0	3	0	21060
TP1_synth_reverse		57	T	1507	54	908	202	481	216	777479	780847	3	0	10	0	1	1	21045	21060
TP1_synth_reverse		58	A	780220	17	153	82	6	248	119	780845	21041	0	14	0	1	4	0	21060
TP1_synth_reverse		59	T	797	172	64	72	316	332	779075	780828	0	2	6	0	5	2	21045	21060
TP1_synth_reverse		60	C	726	779149	410	69	171	215	69	780809	2	21042	9	0	5	2	0	21060
TP1_synth_reverse		61	T	1052	227	759	120	1096	201	777350	780805	0	0	19	2	24	2	21013	21060
TP1_synth_reverse		62	G	447	205	471	777995	515	272	884	780789	7	1	17	21012	6	3	14	21060
TP1_synth_reverse		63	T	1774	73	803	29	1	130	777989	780799	3	0	22	1	0	2	21033	21061
TP1_synth_reverse		64	T	1621	239	85	21	249	51	778522	780788	1	3	2	0	6	0	21049	21061
TP1_synth_reverse		65	C	1023	777696	1340	26	420	128	146	780779	2	21030	24	0	6	0	0	21062
TP1_synth_reverse		66	G	662	390	473	778688	1	53	503	780770	4	2	8	21037	0	1	10	21062
TP1_synth_reverse		67	C	742	778396	501	25	689	194	220	780767	1	21041	6	0	11	2	1	21062
TP1_synth_reverse		68	A	779655	173	406	302	81	96	63	780776	21053	0	5	0	5	0	0	21063
TP1_synth_reverse		69	C	389	779200	790	32	1	70	285	780767	2	21044	12	0	0	0	5	21063
TP1_synth_reverse		70	T	949	160	984	30	14	100	778528	780765	1	1	15	0	1	0	21046	21064
TP1_synth_reverse		71	C	334	778009	2013	33	0	273	99	780761	0	21032	32	0	0	0	0	21064
TP1_synth_reverse		72	C	624	778727	861	58	163	129	193	780755	0	21038	13	0	6	1	6	21064
TP1_synth_reverse		73	G	186	468	1132	777959	21	296	677	780739	2	2	26	21020	1	2	11	21064
TP1_synth_reverse		74	A	778785	43	1257	115	396	100	39	780735	21026	0	29	1	6	2	0	21064
TP1_synth_reverse		75	G	322	339	1278	778471	161	47	110	780728	5	0	26	21025	3	1	4	21064
TP1_synth_reverse		76	T	779	101	1348	211	40	45	778187	780711	1	0	37	6	1	0	21019	21064
TP1_synth_reverse		77	G	333	307	286	778692	1	66	1010	780695	16	0	10	21015	0	1	22	21064
TP1_synth_reverse		78	C	416	776475	953	37	753	428	1624	780686	2	20988	21	0	24	2	27	21064
TP1_synth_reverse		79	G	534	558	854	777780	3	123	829	780681	6	2	20	21031	0	0	5	21064
TP1_synth_reverse		80	G	322	236	600	778275	6	138	1076	780653	10	1	5	21034	0	1	13	21064
TP1_synth_reverse		81	C	315	779050	591	94	396	73	116	780635	5	21044	9	0	6	0	0	21064
TP1_synth_reverse		82	A	778426	33	1726	126	0	69	130	780510	21031	0	30	0	0	1	0	21062
TP1_synth_reverse		83	A	779769	51	310	93	1	196	86	780506	21051	0	10	0	0	1	0	21062
TP1_synth_reverse		84	A	779760	39	198	136	91	204	45	780473	21052	0	3	0	4	3	0	21062
TP1_synth_reverse		85	G	113	300	91	779611	27	104	135	780381	0	0	1	21059	1	1	0	21062
TP1_synth_reverse		86	C	492	779432	177	45	8	86	100	780340	5	21052	1	0	1	1	2	21062
TP1_synth_reverse		87	T	1180	84	9	20	10	270	778703	780276	2	0	1	0	1	2	21056	21062
TP1_synth_reverse		88	G	140	471	5	779018	174	122	213	780143	1	1	0	21056	2	0	0	21060
TP1_synth_reverse		89	T	565	91	564	11	0	40	778804	780075	0	0	5	0	0	0	21055	21060
TP1_synth_reverse		90	T	543	88	0	28	0	88	778578	779325	0	0	0	0	0	2	21055	21057
TP1_synth_reverse		91	C	463	778328	0	67	0	274	100	779232	1	21049	0	1	0	3	0	21054
TP1_synth_reverse		92	C	392	777782	0	120	0	349	352	778995	0	21043	0	0	0	5	3	21051
TP1_synth_reverse		93	G	203	340	0	777739	0	126	118	778526	0	2	0	21044	0	0	0	21046
TP1_synth_reverse		94	T	441	84	0	32	0	70	777359	777986	0	0	0	0	0	2	21039	21041
TP1_synth_reverse		95	C	0	777262	0	0	0	143	0	777405	0	21033	0	0	0	1	0	21034
TP1_synth_reverse		96	C	0	775759	0	0	0	103	0	775862	0	21028	0	0	0	1	0	21029
TP1_synth_reverse		97	C	0	774799	0	0	0	133	0	774932	0	21019	0	0	0	1	0	21020
TP1_synth_reverse		98	A	773419	0	0	0	0	0	0	773419	20999	0	0	0	0	0	0	20999
TP1_synth_reverse		99	G	0	0	0	772495	0	0	0	772495	0	0	0	20991	0	0	0	20991
