



























































































































































































































#AmpliconChromStart	Alias	Position	ProbableRef	rawA	rawC	rawD	rawG	rawI	rawN	rawT	rawDepth	consA	consC	consD	consG	consI	consN	consT	consDepth	
TP1_synth_reverse		1	G	0	0	0	771733	0	0	0	771733	0	0	0	13930	0	0	0	13930
TP1_synth_reverse		2	T	0	0	0	0	0	0	772773	772773	0	0	0	0	0	0	13941	13941
TP1_synth_reverse		3	G	0	0	0	775588	0	57	0	775645	0	0	0	13976	0	0	0	13976
TP1_synth_reverse		4	G	0	0	0	776422	0	41	0	776463	0	0	0	13988	0	0	0	13988
TP1_synth_reverse		5	T	0	0	0	0	0	12	776784	776796	0	0	0	0	0	0	13992	13992
TP1_synth_reverse		6	G	110	66	0	778140	0	13	337	778666	0	0	0	14003	0	0	3	14006
TP1_synth_reverse		7	A	778752	18	0	100	0	62	144	779076	14011	0	0	0	0	0	0	14011
TP1_synth_reverse		8	G	98	73	0	779744	0	102	293	780310	0	0	0	14025	0	0	2	14027
TP1_synth_reverse		9	G	106	134	0	780107	2	32	306	780687	1	0	0	14029	0	0	2	14032
TP1_synth_reverse		10	C	174	780176	188	22	0	27	127	780714	0	14032	1	0	0	0	0	14033
TP1_synth_reverse		11	T	155	139	147	9	518	26	779733	780727	0	0	1	0	7	0	14025	14033
TP1_synth_reverse		12	C	283	778075	2128	22	1	65	153	780727	0	14001	31	0	0	0	1	14033
TP1_synth_reverse		13	C	364	780147	4	17	0	75	120	780727	0	14033	0	0	0	0	0	14033
TP1_synth_reverse		14	C	359	780211	1	19	0	39	98	780727	0	14033	0	0	0	0	0	14033
TP1_synth_reverse		15	C	251	779398	528	26	324	46	168	780741	0	14023	5	0	3	0	2	14033
TP1_synth_reverse		16	T	287	85	2311	11	0	169	777889	780752	0	1	40	0	0	0	13992	14033
TP1_synth_reverse		17	T	281	111	15	15	0	53	780286	780761	0	1	1	0	0	0	14031	14033
TP1_synth_reverse		18	T	277	127	27	2	98	54	780181	780766	0	0	3	0	4	0	14026	14033
TP1_synth_reverse		19	C	280	779768	641	27	55	56	87	780914	0	14015	15	0	3	0	1	14034
TP1_synth_reverse		20	T	226	292	345	9	1	19	780022	780914	0	5	7	0	0	0	14022	14034
TP1_synth_reverse		21	T	412	395	44	41	1862	91	778069	780914	0	3	2	1	27	0	14001	14034
TP1_synth_reverse		22	G	306	371	758	778114	416	7	950	780922	1	0	16	14007	5	0	6	14035
TP1_synth_reverse		23	C	451	774989	907	82	3112	22	1359	780922	0	13958	15	1	45	0	16	14035
TP1_synth_reverse		24	G	372	149	702	778579	3	38	1085	780928	2	0	13	14012	0	0	8	14035
TP1_synth_reverse		25	G	116	532	49	778844	369	107	924	780941	0	0	3	14017	7	0	9	14036
TP1_synth_reverse		26	A	777691	18	706	156	2196	45	149	780961	13991	0	12	0	33	0	1	14037
TP1_synth_reverse		27	G	82	646	430	778632	237	22	912	780961	0	0	9	14015	2	0	11	14037
TP1_synth_reverse		28	A	780209	40	330	73	184	34	97	780967	14023	0	12	0	3	0	0	14038
TP1_synth_reverse		29	T	236	98	1170	307	0	132	779024	780967	0	0	17	1	0	0	14020	14038
TP1_synth_reverse		30	T	849	88	541	55	4	102	779339	780978	0	0	7	0	0	0	14032	14039
TP1_synth_reverse		31	C	398	779470	836	34	92	63	73	780966	0	14024	14	0	1	0	0	14039
TP1_synth_reverse		32	T	610	83	680	31	100	322	779133	780959	1	0	11	0	1	0	14026	14039
TP1_synth_reverse		33	C	384	779675	566	35	81	127	87	780955	1	14023	11	0	4	0	0	14039
TP1_synth_reverse		34	T	660	130	1208	66	1	79	778807	780951	0	0	15	0	0	0	14024	14039
TP1_synth_reverse		35	T	1252	116	200	63	733	69	778510	780943	0	0	1	0	9	0	14029	14039
TP1_synth_reverse		36	C	514	779691	569	25	0	43	99	780941	0	14030	8	0	0	0	1	14039
TP1_synth_reverse		37	C	460	779164	540	52	17	64	639	780936	0	14027	6	0	1	0	5	14039
TP1_synth_reverse		38	T	570	321	1238	225	17	24	778526	780921	0	2	16	0	0	0	14021	14039
TP1_synth_reverse		39	C	371	779468	634	43	256	71	79	780922	0	14028	8	0	3	0	0	14039
TP1_synth_reverse		40	T	1222	85	1060	43	1935	146	776426	780917	0	0	12	0	25	0	14002	14039
TP1_synth_reverse		41	G	609	488	367	777638	1194	17	598	780911	3	0	6	14011	15	0	4	14039
TP1_synth_reverse		42	T	1858	83	563	31	2926	62	775380	780903	0	0	13	0	50	0	13976	14039
TP1_synth_reverse		43	G	663	365	356	777859	452	352	856	780903	4	0	7	14014	9	0	6	14040
TP1_synth_reverse		44	C	413	774796	744	194	3445	162	1147	780901	0	13967	10	4	48	0	11	14040
TP1_synth_reverse		45	G	289	316	351	778314	343	45	1226	780884	4	1	6	14018	8	0	3	14040
TP1_synth_reverse		46	C	580	779209	560	87	1	13	440	780890	0	14025	7	1	0	0	8	14041
TP1_synth_reverse		47	C	331	778863	8	35	1384	26	250	780897	0	14010	0	0	29	0	2	14041
TP1_synth_reverse		48	G	323	559	451	777745	523	47	1225	780873	0	0	6	14025	4	0	6	14041
TP1_synth_reverse		49	A	779653	39	562	89	145	190	188	780866	14025	0	12	0	3	0	1	14041
TP1_synth_reverse		50	T	926	59	743	125	2	119	778874	780848	0	0	11	0	0	0	14030	14041
TP1_synth_reverse		51	A	779698	46	388	84	226	121	307	780870	14024	0	14	0	3	0	1	14042
TP1_synth_reverse		52	C	477	779166	204	100	451	265	203	780866	0	14019	12	0	8	0	3	14042
TP1_synth_reverse		53	A	779018	23	440	274	692	268	173	780888	14020	0	13	1	9	0	0	14043
TP1_synth_reverse		54	G	203	200	555	779063	551	94	204	780870	2	1	9	14023	6	0	2	14043
TP1_synth_reverse		55	A	779044	141	1446	85	0	108	75	780899	14029	0	15	0	0	0	0	14044
TP1_synth_reverse		56	A	780047	10	492	140	6	97	102	780894	14040	0	4	0	0	0	0	14044
TP1_synth_reverse		57	T	1507	54	908	202	481	216	777492	780860	0	0	7	0	1	0	14036	14044
TP1_synth_reverse		58	A	780233	17	153	82	6	248	119	780858	14038	0	6	0	0	0	0	14044
TP1_synth_reverse		59	T	799	172	64	72	316	332	779086	780841	0	2	2	0	4	0	14036	14044
TP1_synth_reverse		60	C	726	779162	410	69	171	215	69	780822	0	14034	5	0	5	0	0	14044
TP1_synth_reverse		61	T	1052	227	759	120	1096	201	777363	780818	0	0	9	2	16	0	14017	14044
TP1_synth_reverse		62	G	447	205	471	778008	515	272	884	780802	5	0	9	14019	5	0	6	14044
TP1_synth_reverse		63	T	1774	73	803	29	1	130	778002	780812	0	0	14	1	0	0	14030	14045
TP1_synth_reverse		64	T	1625	239	85	21	249	51	778531	780801	0	1	2	0	4	0	14038	14045
TP1_synth_reverse		65	C	1023	777709	1340	26	420	128	146	780792	0	14022	18	0	6	0	0	14046
TP1_synth_reverse		66	G	662	391	473	778700	1	53	503	780783	3	2	5	14031	0	0	5	14046
TP1_synth_reverse		67	C	742	778409	501	25	689	194	220	780780	0	14031	6	0	8	0	1	14046
TP1_synth_reverse		68	A	779650	173	406	302	81	96	63	780771	14040	0	3	0	3	0	0	14046
TP1_synth_reverse		69	C	389	779195	790	32	1	70	285	780762	2	14032	9	0	0	0	3	14046
TP1_synth_reverse		70	T	950	160	984	30	14	100	778522	780760	0	0	11	0	0	0	14035	14046
TP1_synth_reverse		71	C	334	778004	2013	33	0	273	99	780756	0	14025	21	0	0	0	0	14046
TP1_synth_reverse		72	C	624	778722	861	58	163	129	193	780750	0	14031	10	0	2	0	3	14046
TP1_synth_reverse		73	G	186	468	1132	777954	21	296	677	780734	1	0	16	14022	1	0	6	14046
TP1_synth_reverse		74	A	778780	43	1257	115	396	100	39	780730	14025	0	16	0	5	0	0	14046
TP1_synth_reverse		75	G	322	339	1278	778466	161	47	110	780723	3	0	18	14020	3	0	2	14046
TP1_synth_reverse		76	T	780	101	1348	211	40	45	778181	780706	0	0	23	6	1	0	14016	14046
TP1_synth_reverse		77	G	333	308	286	778686	1	66	1010	780690	10	0	6	14018	0	0	12	14046
TP1_synth_reverse		78	C	416	776470	953	37	753	428	1624	780681	1	14003	12	0	13	0	17	14046
TP1_synth_reverse		79	G	534	558	854	777774	3	123	829	780675	4	2	13	14024	0	0	3	14046
TP1_synth_reverse		80	G	322	236	600	778269	6	138	1076	780647	3	0	4	14032	0	0	7	14046
TP1_synth_reverse		81	C	316	779043	591	94	396	73	116	780629	3	14034	6	0	3	0	0	14046
TP1_synth_reverse		82	A	778420	33	1726	126	0	69	130	780504	14026	0	20	0	0	0	0	14046
TP1_synth_reverse		83	A	779763	51	310	93	1	196	86	780500	14042	0	4	0	0	0	0	14046
TP1_synth_reverse		84	A	779754	39	198	136	91	204	45	780467	14042	0	1	0	3	0	0	14046
TP1_synth_reverse		85	G	113	301	91	779604	27	104	135	780375	0	0	0	14045	1	0	0	14046
TP1_synth_reverse		86	C	492	779426	177	45	8	86	100	780334	2	14042	1	0	0	0	1	14046
TP1_synth_reverse		87	T	1180	84	9	20	10	270	778696	780269	1	0	1	0	1	0	14043	14046
TP1_synth_reverse		88	G	140	471	5	779011	174	122	213	780136	0	0	0	14044	1	0	0	14045
TP1_synth_reverse		89	T	566	91	564	11	0	40	778796	780068	0	0	2	0	0	0	14043	14045
TP1_synth_reverse		90	T	543	88	0	28	0	88	778570	779317	0	0	0	0	0	0	14044	14044
TP1_synth_reverse		91	C	463	778320	0	67	0	274	100	779224	0	14043	0	0	0	0	0	14043
TP1_synth_reverse		92	C	392	777774	0	120	0	349	352	778987	0	14039	0	0	0	0	2	14041
TP1_synth_reverse		93	G	203	340	0	777731	0	126	118	778518	0	0	0	14039	0	0	0	14039
TP1_synth_reverse		94	T	441	84	0	32	0	70	777351	777978	0	0	0	0	0	0	14036	14036
TP1_synth_reverse		95	C	0	777254	0	0	0	143	0	777397	0	14033	0	0	0	0	0	14033
TP1_synth_reverse		96	C	0	775751	0	0	0	103	0	775854	0	14031	0	0	0	0	0	14031
TP1_synth_reverse		97	C	0	774791	0	0	0	133	0	774924	0	14025	0	0	0	0	0	14025
TP1_synth_reverse		98	A	773411	0	0	0	0	0	0	773411	14013	0	0	0	0	0	0	14013
TP1_synth_reverse		99	G	0	0	0	772487	0	0	0	772487	0	0	0	14006	0	0	0	14006
