



























































































































































































































#AmpliconChromStart	Alias	Position	ProbableRef	rawA	rawC	rawD	rawG	rawI	rawN	rawT	rawDepth	consA	consC	consD	consG	consI	consN	consT	consDepth	
TP1_synth_reverse		1	G	0	0	0	771733	0	0	0	771733	0	0	0	10633	0	0	0	10633
TP1_synth_reverse		2	T	0	0	0	0	0	0	772773	772773	0	0	0	0	0	0	10643	10643
TP1_synth_reverse		3	G	0	0	0	775588	0	57	0	775645	0	0	0	10671	0	0	0	10671
TP1_synth_reverse		4	G	0	0	0	776422	0	41	0	776463	0	0	0	10682	0	0	0	10682
TP1_synth_reverse		5	T	0	0	0	0	0	12	776784	776796	0	0	0	0	0	0	10684	10684
TP1_synth_reverse		6	G	110	66	0	778140	0	13	337	778666	0	0	0	10695	0	0	1	10696
TP1_synth_reverse		7	A	778752	18	0	100	0	62	144	779076	10700	0	0	0	0	0	0	10700
TP1_synth_reverse		8	G	98	73	0	779744	0	102	293	780310	0	0	0	10715	0	0	1	10716
TP1_synth_reverse		9	G	106	134	0	780107	2	32	306	780687	1	0	0	10717	0	0	2	10720
TP1_synth_reverse		10	C	174	780176	188	22	0	27	127	780714	0	10720	1	0	0	0	0	10721
TP1_synth_reverse		11	T	155	139	147	9	518	26	779733	780727	0	0	1	0	4	0	10716	10721
TP1_synth_reverse		12	C	283	778075	2128	22	1	65	153	780727	0	10694	27	0	0	0	0	10721
TP1_synth_reverse		13	C	364	780147	4	17	0	75	120	780727	0	10721	0	0	0	0	0	10721
TP1_synth_reverse		14	C	359	780211	1	19	0	39	98	780727	0	10721	0	0	0	0	0	10721
TP1_synth_reverse		15	C	251	779398	528	26	324	46	168	780741	0	10711	5	0	3	0	2	10721
TP1_synth_reverse		16	T	287	85	2311	11	0	169	777889	780752	0	0	33	0	0	0	10688	10721
TP1_synth_reverse		17	T	281	111	15	15	0	53	780286	780761	0	0	1	0	0	0	10720	10721
TP1_synth_reverse		18	T	277	127	27	2	98	54	780181	780766	0	0	2	0	2	0	10717	10721
TP1_synth_reverse		19	C	280	779768	641	27	55	56	87	780914	0	10707	12	0	2	0	1	10722
TP1_synth_reverse		20	T	226	292	345	9	1	19	780022	780914	0	3	5	0	0	0	10714	10722
TP1_synth_reverse		21	T	412	395	44	41	1862	91	778069	780914	0	3	2	1	17	0	10699	10722
TP1_synth_reverse		22	G	306	371	758	778114	416	7	950	780922	1	0	11	10700	5	0	5	10722
TP1_synth_reverse		23	C	451	774989	907	82	3112	22	1359	780922	0	10666	12	1	31	0	12	10722
TP1_synth_reverse		24	G	372	149	702	778579	3	38	1085	780928	2	0	9	10704	0	0	7	10722
TP1_synth_reverse		25	G	116	532	49	778844	369	107	924	780941	0	0	1	10712	4	0	6	10723
TP1_synth_reverse		26	A	777691	18	706	156	2196	45	149	780961	10691	0	9	0	23	0	1	10724
TP1_synth_reverse		27	G	82	646	430	778632	237	22	912	780961	0	0	7	10708	2	0	7	10724
TP1_synth_reverse		28	A	780209	40	330	73	184	34	97	780967	10712	0	9	0	3	0	0	10724
TP1_synth_reverse		29	T	236	98	1170	307	0	132	779024	780967	0	0	15	1	0	0	10708	10724
TP1_synth_reverse		30	T	849	88	541	55	4	102	779339	780978	0	0	6	0	0	0	10719	10725
TP1_synth_reverse		31	C	398	779470	836	34	92	63	73	780966	0	10713	11	0	1	0	0	10725
TP1_synth_reverse		32	T	610	83	680	31	100	322	779133	780959	1	0	9	0	0	0	10715	10725
TP1_synth_reverse		33	C	384	779675	566	35	81	127	87	780955	1	10714	9	0	1	0	0	10725
TP1_synth_reverse		34	T	660	130	1208	66	1	79	778807	780951	0	0	13	0	0	0	10712	10725
TP1_synth_reverse		35	T	1252	116	200	63	733	69	778510	780943	0	0	1	0	7	0	10717	10725
TP1_synth_reverse		36	C	514	779691	569	25	0	43	99	780941	0	10718	6	0	0	0	1	10725
TP1_synth_reverse		37	C	460	779164	540	52	17	64	639	780936	0	10716	5	0	1	0	3	10725
TP1_synth_reverse		38	T	570	321	1238	225	17	24	778526	780921	0	2	11	0	0	0	10712	10725
TP1_synth_reverse		39	C	371	779468	634	43	256	71	79	780922	0	10717	6	0	2	0	0	10725
TP1_synth_reverse		40	T	1222	85	1060	43	1935	146	776426	780917	0	0	10	0	20	0	10695	10725
TP1_synth_reverse		41	G	609	488	367	777638	1194	17	598	780911	3	0	3	10707	10	0	2	10725
TP1_synth_reverse		42	T	1858	83	563	31	2926	62	775380	780903	0	0	8	0	29	0	10688	10725
TP1_synth_reverse		43	G	663	365	356	777859	452	352	856	780903	4	0	4	10705	8	0	4	10725
TP1_synth_reverse		44	C	413	774796	744	194	3445	162	1147	780901	0	10662	9	4	39	0	11	10725
TP1_synth_reverse		45	G	289	316	351	778314	343	45	1226	780884	2	1	5	10709	5	0	3	10725
TP1_synth_reverse		46	C	580	779209	560	87	1	13	440	780890	0	10713	5	1	0	0	6	10725
TP1_synth_reverse		47	C	331	778854	8	35	1384	26	250	780888	0	10702	0	1	21	0	1	10725
TP1_synth_reverse		48	G	323	559	451	777736	523	47	1225	780864	0	0	3	10716	2	0	4	10725
TP1_synth_reverse		49	A	779644	39	562	89	145	190	188	780857	10713	0	9	0	2	0	1	10725
TP1_synth_reverse		50	T	926	59	743	125	2	119	778865	780839	0	0	8	0	0	0	10717	10725
TP1_synth_reverse		51	A	779689	46	388	84	226	121	307	780861	10714	0	8	0	3	0	1	10726
TP1_synth_reverse		52	C	476	779158	204	100	451	265	203	780857	0	10708	9	0	7	0	2	10726
TP1_synth_reverse		53	A	779009	23	440	274	692	268	173	780879	10709	0	9	1	8	0	0	10727
TP1_synth_reverse		54	G	202	200	555	779055	551	94	204	780861	1	0	8	10711	6	0	1	10727
TP1_synth_reverse		55	A	779035	141	1446	85	0	108	75	780890	10717	0	11	0	0	0	0	10728
TP1_synth_reverse		56	A	780038	10	492	140	6	97	102	780885	10724	0	4	0	0	0	0	10728
TP1_synth_reverse		57	T	1506	54	908	202	481	216	777484	780851	0	0	7	0	1	0	10720	10728
TP1_synth_reverse		58	A	780224	17	153	82	6	248	119	780849	10725	0	3	0	0	0	0	10728
TP1_synth_reverse		59	T	799	172	64	72	316	332	779077	780832	0	2	1	0	4	0	10721	10728
TP1_synth_reverse		60	C	725	779154	410	69	171	215	69	780813	0	10719	4	0	5	0	0	10728
TP1_synth_reverse		61	T	1052	227	759	120	1096	201	777354	780809	0	0	7	2	12	0	10707	10728
TP1_synth_reverse		62	G	446	205	471	778002	515	272	882	780793	2	0	4	10714	3	0	5	10728
TP1_synth_reverse		63	T	1771	73	803	29	1	130	777996	780803	0	0	9	0	0	0	10720	10729
TP1_synth_reverse		64	T	1625	239	85	21	249	51	778522	780792	0	1	1	0	1	0	10726	10729
TP1_synth_reverse		65	C	1023	777700	1340	26	420	128	146	780783	0	10710	13	0	6	0	0	10729
TP1_synth_reverse		66	G	662	391	473	778691	1	53	503	780774	3	1	4	10717	0	0	4	10729
TP1_synth_reverse		67	C	739	778403	501	25	689	194	220	780771	0	10717	4	0	7	0	1	10729
TP1_synth_reverse		68	A	779659	173	406	302	81	96	63	780780	10727	0	3	0	0	0	0	10730
TP1_synth_reverse		69	C	389	779204	790	32	1	70	285	780771	2	10719	7	0	0	0	2	10730
TP1_synth_reverse		70	T	950	160	984	30	14	100	778531	780769	0	0	8	0	0	0	10722	10730
TP1_synth_reverse		71	C	334	778013	2013	33	0	273	99	780765	0	10714	16	0	0	0	0	10730
TP1_synth_reverse		72	C	620	778735	861	58	163	129	193	780759	0	10721	6	0	2	0	1	10730
TP1_synth_reverse		73	G	186	468	1132	777963	21	296	677	780743	0	0	9	10715	0	0	6	10730
TP1_synth_reverse		74	A	778789	43	1257	115	396	100	39	780739	10718	0	9	0	3	0	0	10730
TP1_synth_reverse		75	G	322	339	1278	778475	161	47	110	780732	2	0	13	10712	2	0	1	10730
TP1_synth_reverse		76	T	780	101	1348	211	40	45	778190	780715	0	0	16	3	1	0	10710	10730
TP1_synth_reverse		77	G	333	308	286	778695	1	66	1010	780699	8	0	4	10708	0	0	10	10730
TP1_synth_reverse		78	C	416	776479	953	37	753	428	1624	780690	1	10697	9	0	10	0	13	10730
TP1_synth_reverse		79	G	534	557	854	777784	3	123	829	780684	3	2	11	10711	0	0	3	10730
TP1_synth_reverse		80	G	322	236	600	778278	6	138	1076	780656	3	0	4	10717	0	0	6	10730
TP1_synth_reverse		81	C	316	779052	591	94	396	73	116	780638	1	10722	4	0	3	0	0	10730
TP1_synth_reverse		82	A	778429	33	1726	126	0	69	130	780513	10716	0	14	0	0	0	0	10730
TP1_synth_reverse		83	A	779772	51	310	93	1	196	86	780509	10728	0	2	0	0	0	0	10730
TP1_synth_reverse		84	A	779763	39	198	136	91	204	45	780476	10729	0	0	0	1	0	0	10730
TP1_synth_reverse		85	G	113	301	91	779613	27	104	135	780384	0	0	0	10730	0	0	0	10730
TP1_synth_reverse		86	C	492	779435	177	45	8	86	100	780343	1	10728	1	0	0	0	0	10730
TP1_synth_reverse		87	T	1180	84	9	20	10	270	778705	780278	1	0	0	0	1	0	10728	10730
TP1_synth_reverse		88	G	140	471	5	779020	174	122	213	780145	0	0	0	10729	1	0	0	10730
TP1_synth_reverse		89	T	566	91	564	11	0	40	778805	780077	0	0	1	0	0	0	10729	10730
TP1_synth_reverse		90	T	543	88	0	28	0	88	778579	779326	0	0	0	0	0	0	10729	10729
TP1_synth_reverse		91	C	463	778329	0	67	0	274	100	779233	0	10729	0	0	0	0	0	10729
TP1_synth_reverse		92	C	392	777783	0	120	0	349	352	778996	0	10727	0	0	0	0	2	10729
TP1_synth_reverse		93	G	203	340	0	777740	0	126	118	778527	0	0	0	10728	0	0	0	10728
TP1_synth_reverse		94	T	441	84	0	32	0	70	777360	777987	0	0	0	0	0	0	10727	10727
TP1_synth_reverse		95	C	0	777263	0	0	0	143	0	777406	0	10726	0	0	0	0	0	10726
TP1_synth_reverse		96	C	0	775760	0	0	0	103	0	775863	0	10725	0	0	0	0	0	10725
TP1_synth_reverse		97	C	0	774800	0	0	0	133	0	774933	0	10724	0	0	0	0	0	10724
TP1_synth_reverse		98	A	773420	0	0	0	0	0	0	773420	10716	0	0	0	0	0	0	10716
TP1_synth_reverse		99	G	0	0	0	772496	0	0	0	772496	0	0	0	10713	0	0	0	10713
