



























































































































































































































#AmpliconChromStart	Alias	Position	ProbableRef	rawA	rawC	rawD	rawG	rawI	rawN	rawT	rawDepth	consA	consC	consD	consG	consI	consN	consT	consDepth	
TP1_synth_reverse		1	G	0	0	0	771733	0	0	0	771733	0	0	0	53970	0	0	0	53970
TP1_synth_reverse		2	T	0	0	0	0	0	0	772773	772773	0	0	0	0	0	0	54384	54384
TP1_synth_reverse		3	G	0	0	0	775588	0	57	0	775645	0	0	0	54846	0	16	0	54862
TP1_synth_reverse		4	G	0	0	0	776422	0	41	0	776463	0	0	0	55163	0	25	0	55188
TP1_synth_reverse		5	T	0	0	0	0	0	12	776784	776796	0	0	0	0	0	8	55410	55418
TP1_synth_reverse		6	G	110	66	0	778140	0	13	337	778666	6	12	0	55767	0	8	20	55813
TP1_synth_reverse		7	A	778752	18	0	100	0	62	144	779076	55820	1	0	11	0	21	6	55859
TP1_synth_reverse		8	G	98	73	0	779744	0	102	293	780310	6	4	0	55863	0	28	17	55918
TP1_synth_reverse		9	G	106	134	0	780107	2	32	306	780687	4	34	0	55912	0	4	12	55966
TP1_synth_reverse		10	C	174	780176	188	22	0	27	127	780714	32	55936	5	4	0	2	4	55983
TP1_synth_reverse		11	T	155	139	147	9	518	26	779733	780727	35	4	9	2	28	3	55914	55995
TP1_synth_reverse		12	C	283	778075	2128	22	1	65	153	780727	53	55829	85	1	0	18	9	55995
TP1_synth_reverse		13	C	364	780147	4	17	0	75	120	780727	54	55915	0	0	0	22	4	55995
TP1_synth_reverse		14	C	359	780211	1	19	0	39	98	780727	63	55910	0	2	0	14	6	55995
TP1_synth_reverse		15	C	251	779398	528	26	324	46	168	780741	50	55900	23	0	14	11	9	56007
TP1_synth_reverse		16	T	287	85	2311	11	0	169	777889	780752	64	3	171	0	0	37	55742	56017
TP1_synth_reverse		17	T	281	111	15	15	0	53	780286	780761	57	7	5	1	0	27	55927	56024
TP1_synth_reverse		18	T	277	127	27	2	98	54	780181	780766	59	11	7	0	12	14	55925	56028
TP1_synth_reverse		19	C	280	779768	641	27	55	56	87	780914	105	55846	47	4	13	21	15	56051
TP1_synth_reverse		20	T	226	292	345	9	1	19	780022	780914	57	14	24	1	0	7	55948	56051
TP1_synth_reverse		21	T	412	395	44	41	1862	91	778069	780914	121	10	6	7	135	4	55768	56051
TP1_synth_reverse		22	G	306	371	758	778114	416	7	950	780922	18	133	41	55750	29	2	83	56056
TP1_synth_reverse		23	C	451	774989	907	82	3112	22	1359	780922	113	55605	59	9	196	3	71	56056
TP1_synth_reverse		24	G	372	149	702	778579	3	38	1085	780928	15	42	58	55824	1	12	108	56060
TP1_synth_reverse		25	G	116	532	49	778844	369	107	924	780941	11	156	5	55753	27	28	83	56063
TP1_synth_reverse		26	A	777691	18	706	156	2196	45	149	780961	55865	2	35	8	140	16	5	56071
TP1_synth_reverse		27	G	82	646	430	778632	237	22	912	780961	9	134	35	55784	12	12	85	56071
TP1_synth_reverse		28	A	780209	40	330	73	184	34	97	780967	56020	2	36	2	7	5	2	56074
TP1_synth_reverse		29	T	236	98	1170	307	0	132	779024	780967	59	5	55	13	0	37	55905	56074
TP1_synth_reverse		30	T	849	88	541	55	4	102	779339	780978	260	4	29	9	1	12	55762	56077
TP1_synth_reverse		31	C	398	779470	836	34	92	63	73	780966	116	55876	50	2	7	11	5	56067
TP1_synth_reverse		32	T	610	83	680	31	100	322	779133	780959	101	4	43	3	12	34	55864	56061
TP1_synth_reverse		33	C	384	779675	566	35	81	127	87	780955	145	55835	41	2	17	14	4	56058
TP1_synth_reverse		34	T	660	130	1208	66	1	79	778807	780951	152	4	64	9	1	6	55820	56056
TP1_synth_reverse		35	T	1252	116	200	63	733	69	778510	780943	354	7	10	2	43	33	55603	56052
TP1_synth_reverse		36	C	514	779691	569	25	0	43	99	780941	103	55890	44	2	0	4	8	56051
TP1_synth_reverse		37	C	460	779164	540	52	17	64	639	780936	104	55882	24	3	3	11	22	56049
TP1_synth_reverse		38	T	570	321	1238	225	17	24	778526	780921	181	12	60	29	5	13	55738	56038
TP1_synth_reverse		39	C	371	779468	634	43	256	71	79	780922	83	55873	37	3	27	14	3	56040
TP1_synth_reverse		40	T	1222	85	1060	43	1935	146	776426	780917	247	6	45	7	133	9	55589	56036
TP1_synth_reverse		41	G	609	488	367	777638	1194	17	598	780911	104	162	23	55593	58	4	86	56030
TP1_synth_reverse		42	T	1858	83	563	31	2926	62	775380	780903	451	8	46	5	175	13	55327	56025
TP1_synth_reverse		43	G	663	365	356	777859	452	352	856	780903	75	103	36	55616	40	44	108	56022
TP1_synth_reverse		44	C	413	774796	744	194	3445	162	1147	780901	77	55581	57	20	191	33	61	56020
TP1_synth_reverse		45	G	289	316	351	778314	343	45	1226	780884	18	102	23	55620	36	17	187	56003
TP1_synth_reverse		46	C	580	779209	560	87	1	13	440	780890	197	55716	40	6	0	6	39	56004
TP1_synth_reverse		47	C	331	778863	8	35	1384	26	250	780897	63	55806	5	1	104	14	17	56010
TP1_synth_reverse		48	G	323	559	451	777745	523	47	1225	780873	18	190	41	55500	31	16	195	55991
TP1_synth_reverse		49	A	779653	39	562	89	145	190	188	780866	56000	7	40	7	6	25	6	56091
TP1_synth_reverse		50	T	926	59	743	125	2	119	778874	780848	223	0	53	18	0	30	55750	56074
TP1_synth_reverse		51	A	779698	46	388	84	226	121	307	780870	55960	9	41	9	10	37	14	56080
TP1_synth_reverse		52	C	477	779166	204	100	451	265	203	780866	141	55831	25	14	33	18	16	56078
TP1_synth_reverse		53	A	779018	23	440	274	692	268	173	780888	55939	5	51	10	45	28	8	56086
TP1_synth_reverse		54	G	203	200	555	779063	551	94	204	780870	34	47	38	55862	34	15	42	56072
TP1_synth_reverse		55	A	779044	141	1446	85	0	108	75	780899	55964	13	80	9	0	9	3	56078
TP1_synth_reverse		56	A	780047	10	492	140	6	97	102	780894	56020	0	22	3	4	18	9	56076
TP1_synth_reverse		57	T	1507	54	908	202	481	216	777492	780860	307	2	43	13	14	35	55641	56055
TP1_synth_reverse		58	A	780233	17	153	82	6	248	119	780858	55879	0	26	9	2	134	4	56054
TP1_synth_reverse		59	T	799	172	64	72	316	332	779086	780841	168	4	20	11	10	63	55769	56045
TP1_synth_reverse		60	C	726	779162	410	69	171	215	69	780822	214	55732	26	6	15	33	4	56030
TP1_synth_reverse		61	T	1052	227	759	120	1096	201	777363	780818	225	9	57	8	62	40	55627	56028
TP1_synth_reverse		62	G	447	205	471	778008	515	272	884	780802	64	36	45	55540	26	135	171	56017
TP1_synth_reverse		63	T	1774	73	803	29	1	130	778002	780812	421	2	48	5	0	36	55503	56015
TP1_synth_reverse		64	T	1625	239	85	21	249	51	778531	780801	280	15	7	1	9	8	55688	56008
TP1_synth_reverse		65	C	1023	777704	1340	26	420	128	146	780787	217	55640	89	2	31	16	5	56000
TP1_synth_reverse		66	G	662	391	473	778695	1	53	503	780778	62	119	34	55683	1	8	87	55994
TP1_synth_reverse		67	C	742	778404	501	25	689	194	220	780775	224	55687	18	3	34	18	8	55992
TP1_synth_reverse		68	A	779663	173	406	302	81	96	63	780784	55920	20	17	11	8	14	4	55994
TP1_synth_reverse		69	C	389	779208	790	32	1	70	285	780775	67	55863	38	2	0	4	13	55987
TP1_synth_reverse		70	T	950	160	984	30	14	100	778535	780773	246	7	38	4	3	13	55675	55986
TP1_synth_reverse		71	C	334	778017	2013	33	0	273	99	780769	84	55727	93	2	0	74	4	55984
TP1_synth_reverse		72	C	624	778735	861	58	163	129	193	780763	173	55665	42	4	17	61	18	55980
TP1_synth_reverse		73	G	186	468	1132	777967	21	296	677	780747	16	126	68	55513	5	166	77	55971
TP1_synth_reverse		74	A	778793	43	1257	115	396	100	39	780743	55808	3	85	10	28	35	1	55970
TP1_synth_reverse		75	G	322	339	1278	778479	161	47	110	780736	26	75	82	55724	14	10	36	55967
TP1_synth_reverse		76	T	780	101	1348	210	40	45	778195	780719	233	4	102	20	5	5	55590	55959
TP1_synth_reverse		77	G	333	307	286	778700	1	66	1010	780703	47	90	22	55683	0	9	98	55949
TP1_synth_reverse		78	C	416	776483	953	37	753	428	1624	780694	82	55615	50	1	51	57	91	55947
TP1_synth_reverse		79	G	534	558	854	777787	3	123	829	780688	44	206	55	55539	0	10	89	55943
TP1_synth_reverse		80	G	322	235	600	778283	6	138	1076	780660	37	71	17	55693	1	39	69	55927
TP1_synth_reverse		81	C	316	779056	591	94	396	73	116	780642	62	55761	33	5	32	12	12	55917
TP1_synth_reverse		82	A	778433	33	1726	126	0	69	130	780517	55682	6	82	6	0	17	8	55801
TP1_synth_reverse		83	A	779776	51	310	93	1	196	86	780513	55729	3	23	1	1	40	3	55800
TP1_synth_reverse		84	A	779767	39	198	136	91	204	45	780480	55725	6	5	12	7	36	1	55792
TP1_synth_reverse		85	G	113	301	91	779617	27	104	135	780388	16	86	8	55593	1	30	18	55752
TP1_synth_reverse		86	C	492	779439	177	45	8	86	100	780347	94	55617	6	3	2	7	9	55738
TP1_synth_reverse		87	T	1180	84	9	20	10	270	778709	780282	210	3	3	4	2	28	55460	55710
TP1_synth_reverse		88	G	140	471	5	779024	174	122	213	780149	16	40	4	55534	5	33	55	55687
TP1_synth_reverse		89	T	566	91	564	11	0	40	778809	780081	64	2	23	1	0	12	55573	55675
TP1_synth_reverse		90	T	543	88	0	28	0	88	778583	779330	72	5	0	1	0	9	55537	55624
TP1_synth_reverse		91	C	463	778333	0	67	0	274	100	779237	76	55471	0	4	0	38	2	55591
TP1_synth_reverse		92	C	392	777787	0	120	0	349	352	779000	33	55452	0	3	0	60	20	55568
TP1_synth_reverse		93	G	203	340	0	777744	0	126	118	778531	13	86	0	55372	0	22	30	55523
TP1_synth_reverse		94	T	441	84	0	31	0	70	777365	777991	72	5	0	5	0	8	55395	55485
TP1_synth_reverse		95	C	0	777267	0	0	0	143	0	777410	0	55415	0	0	0	16	0	55431
TP1_synth_reverse		96	C	0	775764	0	0	0	103	0	775867	0	55293	0	0	0	32	0	55325
TP1_synth_reverse		97	C	0	774804	0	0	0	133	0	774937	0	55181	0	0	0	49	0	55230
TP1_synth_reverse		98	A	773424	0	0	0	0	0	0	773424	55122	0	0	0	0	0	0	55122
TP1_synth_reverse		99	G	0	0	0	772500	0	0	0	772500	0	0	0	54986	0	0	0	54986
