



























































































































































































































#AmpliconChromStart	Alias	Position	ProbableRef	rawA	rawC	rawD	rawG	rawI	rawN	rawT	rawDepth	consA	consC	consD	consG	consI	consN	consT	consDepth	
TP1_synth_reverse		1	G	0	0	0	447248	0	0	0	447248	0	0	0	9693	0	0	0	9693
TP1_synth_reverse		2	T	0	0	0	0	0	0	447614	447614	0	0	0	0	0	0	9702	9702
TP1_synth_reverse		3	G	0	0	0	449610	0	83	0	449693	0	0	0	9729	0	0	0	9729
TP1_synth_reverse		4	G	0	0	0	450095	0	41	0	450136	0	0	0	9736	0	0	0	9736
TP1_synth_reverse		5	T	0	0	0	0	0	128	450549	450677	0	0	0	0	0	0	9743	9743
TP1_synth_reverse		6	G	85	43	0	450962	0	26	98	451214	1	0	0	9747	0	0	2	9750
TP1_synth_reverse		7	A	451408	19	0	60	0	8	68	451563	9752	0	0	0	0	0	0	9752
TP1_synth_reverse		8	G	76	53	0	452722	1	42	613	453507	0	0	0	9762	0	0	4	9766
TP1_synth_reverse		9	G	77	97	0	453268	1	14	100	453557	0	0	0	9769	0	0	0	9769
TP1_synth_reverse		10	C	197	452962	0	18	291	18	92	453578	0	9766	0	0	3	0	1	9770
TP1_synth_reverse		11	T	236	93	25	25	314	37	452863	453593	0	0	2	0	12	0	9756	9770
TP1_synth_reverse		12	C	204	452431	827	14	0	51	76	453603	0	9759	11	0	0	0	0	9770
TP1_synth_reverse		13	C	263	453148	2	22	2	79	103	453619	1	9771	0	0	0	0	0	9772
TP1_synth_reverse		14	C	219	453240	0	29	1	31	99	453619	0	9772	0	0	0	0	0	9772
TP1_synth_reverse		15	C	181	452360	240	34	695	34	75	453619	0	9752	2	0	18	0	0	9772
TP1_synth_reverse		16	T	405	128	4955	28	1	16	448097	453630	0	6	53	0	0	0	9714	9773
TP1_synth_reverse		17	T	516	199	186	21	0	111	452597	453630	0	4	1	0	0	0	9768	9773
TP1_synth_reverse		18	T	359	401	39	12	121	81	452627	453640	0	6	2	0	2	0	9763	9773
TP1_synth_reverse		19	C	432	450231	805	21	2194	72	166	453921	5	9726	12	0	24	0	7	9774
TP1_synth_reverse		20	T	474	38	466	33	19	33	452858	453921	0	0	10	0	0	1	9763	9774
TP1_synth_reverse		21	T	1403	79	13	57	2560	97	449712	453921	0	0	1	0	52	0	9721	9774
TP1_synth_reverse		22	G	156	511	341	452591	14	60	257	453930	4	0	5	9763	1	0	1	9774
TP1_synth_reverse		23	C	586	446526	571	54	5401	59	744	453941	0	9687	6	0	79	0	3	9775
TP1_synth_reverse		24	G	153	132	438	452898	11	49	260	453941	0	0	15	9760	0	0	0	9775
TP1_synth_reverse		25	G	205	324	5	452769	429	45	179	453956	3	0	0	9770	3	0	0	9776
TP1_synth_reverse		26	A	452895	12	9	527	341	92	93	453969	9766	0	0	3	7	0	0	9776
TP1_synth_reverse		27	G	54	133	606	451717	524	59	876	453969	0	0	8	9756	6	0	6	9776
TP1_synth_reverse		28	A	453134	85	292	162	81	45	177	453976	9754	0	8	5	8	0	2	9777
TP1_synth_reverse		29	T	631	353	1100	53	1	7	451831	453976	0	4	22	0	0	0	9751	9777
TP1_synth_reverse		30	T	1995	61	97	9	0	48	451776	453986	0	0	1	0	0	0	9777	9778
TP1_synth_reverse		31	C	568	452286	349	19	449	17	299	453987	1	9760	8	0	7	0	2	9778
TP1_synth_reverse		32	T	776	58	804	33	7	48	452259	453985	0	0	3	0	0	0	9775	9778
TP1_synth_reverse		33	C	520	451953	627	31	770	17	61	453979	0	9762	7	0	9	0	0	9778
TP1_synth_reverse		34	T	1051	80	1179	31	5	18	451614	453978	0	0	12	0	0	0	9766	9778
TP1_synth_reverse		35	T	2309	127	107	49	246	36	451095	453969	1	4	2	0	7	0	9764	9778
TP1_synth_reverse		36	C	448	453153	209	38	0	43	74	453965	0	9771	7	0	0	0	0	9778
TP1_synth_reverse		37	C	473	452938	207	36	5	24	270	453953	0	9764	7	0	0	0	7	9778
TP1_synth_reverse		38	T	1113	178	251	26	518	63	451793	453942	0	4	8	0	6	0	9760	9778
TP1_synth_reverse		39	C	300	453288	221	24	13	25	70	453941	0	9770	8	0	0	0	0	9778
TP1_synth_reverse		40	T	1239	57	307	15	1541	32	450747	453938	0	2	9	0	18	0	9749	9778
TP1_synth_reverse		41	G	142	1086	205	451241	41	15	1208	453938	2	1	6	9769	0	0	0	9778
TP1_synth_reverse		42	T	1977	55	489	33	994	78	450311	453937	0	0	7	2	15	0	9754	9778
TP1_synth_reverse		43	G	79	975	160	451536	4	55	1134	453943	0	1	6	9765	0	0	6	9778
TP1_synth_reverse		44	C	600	449419	193	48	2830	71	779	453940	0	9749	2	0	17	0	10	9778
TP1_synth_reverse		45	G	129	309	3	450777	58	40	2625	453941	1	1	0	9772	1	0	3	9778
TP1_synth_reverse		46	C	935	452709	151	32	0	20	91	453938	0	9766	11	0	0	0	1	9778
TP1_synth_reverse		47	C	336	452657	57	32	661	6	196	453945	0	9759	4	0	14	0	1	9778
TP1_synth_reverse		48	G	128	1051	244	450694	4	6	1813	453940	0	4	7	9767	0	0	0	9778
TP1_synth_reverse		49	A	453526	51	56	38	178	23	100	453972	9772	0	4	0	2	0	0	9778
TP1_synth_reverse		50	T	2089	62	537	14	42	18	451208	453970	0	0	8	0	2	0	9768	9778
TP1_synth_reverse		51	A	453770	46	1	47	0	48	86	453998	9778	0	0	0	0	0	0	9778
TP1_synth_reverse		52	C	510	453149	170	28	1	27	110	453995	1	9776	1	0	0	0	0	9778
TP1_synth_reverse		53	A	453240	29	7	82	537	28	72	453995	9775	0	0	0	3	0	0	9778
TP1_synth_reverse		54	G	133	369	455	452518	90	8	418	453991	2	0	4	9769	2	0	1	9778
TP1_synth_reverse		55	A	452873	357	642	68	0	35	51	454026	9769	3	7	0	0	0	0	9779
TP1_synth_reverse		56	A	453335	5	1	68	483	40	94	454026	9777	0	0	0	2	0	0	9779
TP1_synth_reverse		57	T	2847	48	716	139	0	36	450228	454014	0	1	7	0	0	0	9771	9779
TP1_synth_reverse		58	A	453691	5	153	67	1	28	83	454028	9777	0	3	0	0	0	0	9780
TP1_synth_reverse		59	T	1699	40	411	80	618	9	451154	454011	0	0	3	0	2	0	9775	9780
TP1_synth_reverse		60	C	1234	452336	201	58	76	28	68	454001	0	9777	2	0	1	0	0	9780
TP1_synth_reverse		61	T	1451	50	13	213	993	12	451260	453992	0	1	0	1	4	0	9774	9780
TP1_synth_reverse		62	G	970	271	83	451946	103	75	541	453989	6	0	1	9768	2	0	3	9780
TP1_synth_reverse		63	T	3255	52	165	30	0	32	450451	453985	0	0	4	0	0	0	9776	9780
TP1_synth_reverse		64	T	1933	44	143	70	21	55	451709	453975	0	0	2	0	2	0	9776	9780
TP1_synth_reverse		65	C	525	451417	141	37	283	77	1499	453979	0	9760	6	0	7	0	8	9781
TP1_synth_reverse		66	G	435	299	104	452362	1	28	743	453972	0	1	3	9775	0	0	2	9781
TP1_synth_reverse		67	C	794	452917	103	12	0	91	71	453988	3	9776	3	0	0	0	0	9782
TP1_synth_reverse		68	A	453358	315	104	93	0	50	73	453993	9779	0	3	0	0	0	0	9782
TP1_synth_reverse		69	C	175	453555	23	21	47	48	122	453991	0	9778	2	0	2	0	0	9782
TP1_synth_reverse		70	T	1223	166	295	99	2	24	452172	453981	2	1	5	0	0	0	9774	9782
TP1_synth_reverse		71	C	280	453146	240	26	0	11	278	453981	0	9770	8	0	0	0	4	9782
TP1_synth_reverse		72	C	727	452675	20	50	317	29	158	453976	0	9774	2	0	6	0	0	9782
TP1_synth_reverse		73	G	420	308	43	452912	38	93	156	453970	2	0	3	9776	1	0	0	9782
TP1_synth_reverse		74	A	453683	90	16	71	28	63	17	453968	9777	0	2	0	3	0	0	9782
TP1_synth_reverse		75	G	216	246	23	453307	2	17	154	453965	3	0	2	9777	0	0	0	9782
TP1_synth_reverse		76	T	2538	55	635	34	534	17	450143	453956	1	1	6	0	2	0	9772	9782
TP1_synth_reverse		77	G	580	323	623	451793	1	25	600	453945	11	0	6	9765	0	0	0	9782
TP1_synth_reverse		78	C	362	451501	574	26	145	42	1293	453943	1	9763	3	0	2	0	13	9782
TP1_synth_reverse		79	G	409	673	529	451769	0	113	446	453939	0	1	6	9775	0	0	0	9782
TP1_synth_reverse		80	G	532	202	1	452849	2	124	213	453923	8	0	0	9773	0	0	1	9782
TP1_synth_reverse		81	C	203	451000	2448	54	4	99	97	453905	0	9763	19	0	0	0	0	9782
TP1_synth_reverse		82	A	452408	51	960	86	0	52	86	453643	9775	0	7	0	0	0	0	9782
TP1_synth_reverse		83	A	453351	65	1	67	0	114	41	453639	9782	0	0	0	0	0	0	9782
TP1_synth_reverse		84	A	452940	49	0	142	413	35	25	453604	9781	0	0	0	1	0	0	9782
TP1_synth_reverse		85	G	78	237	1	453039	4	43	142	453544	0	0	0	9781	0	0	1	9782
TP1_synth_reverse		86	C	278	452985	1	21	105	34	80	453504	1	9780	0	0	1	0	0	9782
TP1_synth_reverse		87	T	1134	56	0	91	1	61	452082	453425	0	0	0	0	0	0	9782	9782
TP1_synth_reverse		88	G	254	366	0	452584	4	64	122	453394	2	0	0	9780	0	0	0	9782
TP1_synth_reverse		89	T	793	63	62	36	0	152	452232	453338	0	0	2	0	0	0	9780	9782
TP1_synth_reverse		90	T	934	75	45	41	0	90	451986	453171	0	0	2	0	0	0	9780	9782
TP1_synth_reverse		91	C	425	452196	0	268	0	23	93	453005	0	9776	0	3	0	0	1	9780
TP1_synth_reverse		92	C	439	452032	0	267	0	19	156	452913	1	9779	0	0	0	0	0	9780
TP1_synth_reverse		93	G	272	172	0	451705	0	55	75	452279	0	0	0	9778	0	0	0	9778
TP1_synth_reverse		94	T	668	60	0	100	0	108	451017	451953	0	0	0	0	0	0	9777	9777
TP1_synth_reverse		95	C	0	451377	0	0	0	62	0	451439	0	9776	0	0	0	0	0	9776
TP1_synth_reverse		96	C	0	450925	0	0	0	49	0	450974	0	9775	0	0	0	0	0	9775
TP1_synth_reverse		97	C	0	449949	0	0	0	91	0	450040	0	9771	0	0	0	0	0	9771
TP1_synth_reverse		98	A	447894	0	0	0	0	0	0	447894	9769	0	0	0	0	0	0	9769
TP1_synth_reverse		99	G	0	0	0	446951	0	0	0	446951	0	0	0	9769	0	0	0	9769
