



























































































































































































































#AmpliconChromStart	Alias	Position	ProbableRef	rawA	rawC	rawD	rawG	rawI	rawN	rawT	rawDepth	consA	consC	consD	consG	consI	consN	consT	consDepth	
TP1_synth_reverse		1	G	0	0	0	447248	0	0	0	447248	0	0	0	8078	0	0	0	8078
TP1_synth_reverse		2	T	0	0	0	0	0	0	447614	447614	0	0	0	0	0	0	8087	8087
TP1_synth_reverse		3	G	0	0	0	449610	0	83	0	449693	0	0	0	8107	0	0	0	8107
TP1_synth_reverse		4	G	0	0	0	450095	0	41	0	450136	0	0	0	8114	0	0	0	8114
TP1_synth_reverse		5	T	0	0	0	0	0	128	450549	450677	0	0	0	0	0	0	8119	8119
TP1_synth_reverse		6	G	85	43	0	450962	0	26	98	451214	0	0	0	8123	0	0	1	8124
TP1_synth_reverse		7	A	451408	19	0	60	0	8	68	451563	8126	0	0	0	0	0	0	8126
TP1_synth_reverse		8	G	76	53	0	452722	1	42	613	453507	0	0	0	8136	0	0	4	8140
TP1_synth_reverse		9	G	77	97	0	453268	1	14	100	453557	0	0	0	8143	0	0	0	8143
TP1_synth_reverse		10	C	197	452962	0	18	291	18	92	453578	0	8140	0	0	2	0	1	8143
TP1_synth_reverse		11	T	236	93	25	25	314	37	452863	453593	0	0	1	0	12	0	8130	8143
TP1_synth_reverse		12	C	204	452431	827	14	0	51	76	453603	0	8134	9	0	0	0	0	8143
TP1_synth_reverse		13	C	263	453148	2	22	2	79	103	453619	1	8142	0	0	0	0	0	8143
TP1_synth_reverse		14	C	219	453240	0	29	1	31	99	453619	0	8143	0	0	0	0	0	8143
TP1_synth_reverse		15	C	181	452360	240	34	695	34	75	453619	0	8131	2	0	10	0	0	8143
TP1_synth_reverse		16	T	405	128	4955	28	1	16	448086	453619	0	6	46	0	0	0	8091	8143
TP1_synth_reverse		17	T	516	199	186	21	0	111	452596	453629	0	2	1	0	0	0	8140	8143
TP1_synth_reverse		18	T	359	401	39	12	121	81	452626	453639	0	3	2	0	2	0	8136	8143
TP1_synth_reverse		19	C	432	450230	805	21	2194	72	166	453920	5	8103	10	0	19	0	7	8144
TP1_synth_reverse		20	T	474	38	466	33	19	33	452857	453920	0	0	8	0	0	1	8135	8144
TP1_synth_reverse		21	T	1403	79	13	57	2560	97	449722	453931	0	0	1	0	46	0	8098	8145
TP1_synth_reverse		22	G	156	509	341	452604	14	60	256	453940	4	0	5	8136	0	0	0	8145
TP1_synth_reverse		23	C	586	446536	571	54	5401	59	744	453951	0	8071	6	0	65	0	3	8145
TP1_synth_reverse		24	G	154	132	438	452906	11	49	261	453951	0	0	14	8131	0	0	0	8145
TP1_synth_reverse		25	G	205	325	5	452779	429	45	178	453966	3	0	0	8140	3	0	0	8146
TP1_synth_reverse		26	A	452892	12	9	527	341	92	93	453966	8137	0	0	3	6	0	0	8146
TP1_synth_reverse		27	G	54	131	606	451717	524	59	875	453966	0	0	7	8131	5	0	3	8146
TP1_synth_reverse		28	A	453124	85	292	162	81	45	177	453966	8124	0	8	5	8	0	1	8146
TP1_synth_reverse		29	T	633	353	1100	53	1	7	451819	453966	0	4	18	0	0	0	8124	8146
TP1_synth_reverse		30	T	1996	61	97	9	0	48	451765	453976	0	0	1	0	0	0	8145	8146
TP1_synth_reverse		31	C	569	452275	349	19	449	17	299	453977	1	8132	7	0	5	0	1	8146
TP1_synth_reverse		32	T	777	58	804	33	7	48	452248	453975	0	0	3	0	0	0	8143	8146
TP1_synth_reverse		33	C	516	451947	627	31	770	17	61	453969	0	8131	7	0	8	0	0	8146
TP1_synth_reverse		34	T	1051	80	1179	31	5	18	451604	453968	0	0	11	0	0	0	8135	8146
TP1_synth_reverse		35	T	2305	127	107	49	246	36	451089	453959	0	4	2	0	6	0	8134	8146
TP1_synth_reverse		36	C	449	453142	209	38	0	43	74	453955	0	8140	6	0	0	0	0	8146
TP1_synth_reverse		37	C	473	452928	207	36	5	24	270	453943	0	8134	6	0	0	0	6	8146
TP1_synth_reverse		38	T	1114	178	251	26	519	63	451781	453932	0	4	7	0	4	0	8131	8146
TP1_synth_reverse		39	C	298	453280	221	24	13	25	70	453931	0	8139	7	0	0	0	0	8146
TP1_synth_reverse		40	T	1235	57	307	15	1541	32	450741	453928	0	2	9	0	14	0	8121	8146
TP1_synth_reverse		41	G	142	1085	205	451231	41	15	1205	453924	2	0	6	8138	0	0	0	8146
TP1_synth_reverse		42	T	1975	55	489	33	994	78	450299	453923	0	0	6	2	14	0	8124	8146
TP1_synth_reverse		43	G	79	978	160	451518	4	55	1135	453929	0	0	4	8136	0	0	6	8146
TP1_synth_reverse		44	C	599	449405	193	48	2831	71	779	453926	0	8123	1	0	13	0	9	8146
TP1_synth_reverse		45	G	129	309	3	450762	58	40	2626	453927	1	0	0	8141	1	0	3	8146
TP1_synth_reverse		46	C	935	452695	151	32	0	20	91	453924	0	8139	7	0	0	0	0	8146
TP1_synth_reverse		47	C	333	452646	57	32	661	6	196	453931	0	8131	3	0	11	0	1	8146
TP1_synth_reverse		48	G	128	1049	244	450684	4	6	1811	453926	0	4	6	8136	0	0	0	8146
TP1_synth_reverse		49	A	453512	51	56	38	178	23	100	453958	8141	0	3	0	2	0	0	8146
TP1_synth_reverse		50	T	2090	62	537	14	42	18	451193	453956	0	0	8	0	1	0	8137	8146
TP1_synth_reverse		51	A	453756	46	1	47	0	48	86	453984	8146	0	0	0	0	0	0	8146
TP1_synth_reverse		52	C	509	453136	170	28	1	27	110	453981	1	8144	1	0	0	0	0	8146
TP1_synth_reverse		53	A	453236	29	7	82	537	28	72	453991	8143	0	0	0	3	0	0	8146
TP1_synth_reverse		54	G	127	369	455	452521	90	8	417	453987	1	0	4	8139	2	0	0	8146
TP1_synth_reverse		55	A	452869	357	642	68	0	35	51	454022	8140	1	6	0	0	0	0	8147
TP1_synth_reverse		56	A	453331	5	1	68	483	40	94	454022	8145	0	0	0	2	0	0	8147
TP1_synth_reverse		57	T	2840	48	716	139	0	36	450231	454010	0	1	5	0	0	0	8141	8147
TP1_synth_reverse		58	A	453687	5	153	67	1	28	83	454024	8145	0	3	0	0	0	0	8148
TP1_synth_reverse		59	T	1694	40	411	80	619	9	451154	454007	0	0	3	0	1	0	8144	8148
TP1_synth_reverse		60	C	1233	452333	201	58	76	28	68	453997	0	8145	2	0	1	0	0	8148
TP1_synth_reverse		61	T	1452	50	13	214	993	12	451254	453988	0	0	0	0	3	0	8145	8148
TP1_synth_reverse		62	G	971	271	83	451945	103	75	542	453990	6	0	1	8139	2	0	1	8149
TP1_synth_reverse		63	T	3259	52	165	30	0	32	450448	453986	0	0	4	0	0	0	8145	8149
TP1_synth_reverse		64	T	1935	44	143	70	21	55	451708	453976	0	0	2	0	1	0	8146	8149
TP1_synth_reverse		65	C	525	451418	141	37	283	77	1499	453980	0	8132	6	0	5	0	7	8150
TP1_synth_reverse		66	G	433	299	104	452366	1	28	742	453973	0	1	3	8145	0	0	1	8150
TP1_synth_reverse		67	C	794	452918	103	12	0	91	71	453989	3	8145	3	0	0	0	0	8151
TP1_synth_reverse		68	A	453359	315	104	93	0	50	73	453994	8148	0	3	0	0	0	0	8151
TP1_synth_reverse		69	C	176	453556	23	20	47	48	122	453992	0	8147	2	0	2	0	0	8151
TP1_synth_reverse		70	T	1222	166	295	99	2	24	452174	453982	2	1	4	0	0	0	8144	8151
TP1_synth_reverse		71	C	282	453145	240	26	0	11	278	453982	0	8141	6	0	0	0	4	8151
TP1_synth_reverse		72	C	726	452676	20	50	317	29	159	453977	0	8144	2	0	5	0	0	8151
TP1_synth_reverse		73	G	420	309	43	452912	38	93	156	453971	1	0	3	8146	1	0	0	8151
TP1_synth_reverse		74	A	453684	90	16	71	28	63	17	453969	8149	0	2	0	0	0	0	8151
TP1_synth_reverse		75	G	217	245	23	453308	2	17	154	453966	2	0	2	8147	0	0	0	8151
TP1_synth_reverse		76	T	2542	55	635	35	534	17	450139	453957	0	1	6	0	2	0	8142	8151
TP1_synth_reverse		77	G	579	322	623	451796	1	25	600	453946	7	0	6	8138	0	0	0	8151
TP1_synth_reverse		78	C	364	451500	574	26	145	42	1293	453944	1	8136	3	0	2	0	9	8151
TP1_synth_reverse		79	G	409	673	529	451771	0	113	445	453940	0	1	5	8145	0	0	0	8151
TP1_synth_reverse		80	G	532	202	1	452850	2	124	213	453924	6	0	0	8144	0	0	1	8151
TP1_synth_reverse		81	C	201	451003	2448	54	4	99	97	453906	0	8133	18	0	0	0	0	8151
TP1_synth_reverse		82	A	452409	51	960	86	0	52	86	453644	8144	0	7	0	0	0	0	8151
TP1_synth_reverse		83	A	453352	65	1	67	0	114	41	453640	8151	0	0	0	0	0	0	8151
TP1_synth_reverse		84	A	452941	49	0	142	413	35	25	453605	8150	0	0	0	1	0	0	8151
TP1_synth_reverse		85	G	78	237	1	453040	4	43	142	453545	0	0	0	8150	0	0	1	8151
TP1_synth_reverse		86	C	277	452986	1	21	105	34	80	453504	0	8150	0	0	1	0	0	8151
TP1_synth_reverse		87	T	1135	56	0	91	1	61	452081	453425	0	0	0	0	0	0	8151	8151
TP1_synth_reverse		88	G	254	365	0	452585	4	64	122	453394	2	0	0	8149	0	0	0	8151
TP1_synth_reverse		89	T	793	63	62	36	0	152	452232	453338	0	0	2	0	0	0	8149	8151
TP1_synth_reverse		90	T	934	75	45	41	0	90	451986	453171	0	0	2	0	0	0	8149	8151
TP1_synth_reverse		91	C	426	452195	0	269	0	23	93	453006	0	8146	0	3	0	0	1	8150
TP1_synth_reverse		92	C	439	452032	0	267	0	19	156	452913	1	8149	0	0	0	0	0	8150
TP1_synth_reverse		93	G	273	172	0	451706	0	55	74	452280	0	0	0	8150	0	0	0	8150
TP1_synth_reverse		94	T	667	60	0	100	0	108	451020	451955	0	0	0	0	0	0	8149	8149
TP1_synth_reverse		95	C	0	451377	0	0	0	62	0	451439	0	8148	0	0	0	0	0	8148
TP1_synth_reverse		96	C	0	450925	0	0	0	49	0	450974	0	8147	0	0	0	0	0	8147
TP1_synth_reverse		97	C	0	449949	0	0	0	91	0	450040	0	8144	0	0	0	0	0	8144
TP1_synth_reverse		98	A	447894	0	0	0	0	0	0	447894	8144	0	0	0	0	0	0	8144
TP1_synth_reverse		99	G	0	0	0	446950	0	0	0	446950	0	0	0	8144	0	0	0	8144
