



























































































































































































































#AmpliconChromStart	Alias	Position	ProbableRef	rawA	rawC	rawD	rawG	rawI	rawN	rawT	rawDepth	consA	consC	consD	consG	consI	consN	consT	consDepth	
TP1_synth_reverse		1	G	0	0	0	447248	0	0	0	447248	0	0	0	2482	0	0	0	2482
TP1_synth_reverse		2	T	0	0	0	0	0	0	447614	447614	0	0	0	0	0	0	2482	2482
TP1_synth_reverse		3	G	0	0	0	449610	0	83	0	449693	0	0	0	2489	0	0	0	2489
TP1_synth_reverse		4	G	0	0	0	450095	0	41	0	450136	0	0	0	2491	0	0	0	2491
TP1_synth_reverse		5	T	0	0	0	0	0	128	450549	450677	0	0	0	0	0	0	2494	2494
TP1_synth_reverse		6	G	85	43	0	450962	0	26	98	451214	0	0	0	2496	0	0	0	2496
TP1_synth_reverse		7	A	451408	19	0	60	0	8	68	451563	2497	0	0	0	0	0	0	2497
TP1_synth_reverse		8	G	76	53	0	452722	1	42	613	453507	0	0	0	2503	0	0	1	2504
TP1_synth_reverse		9	G	77	97	0	453268	1	14	100	453557	0	0	0	2504	0	0	0	2504
TP1_synth_reverse		10	C	197	452962	0	18	291	18	92	453578	0	2502	0	0	2	0	0	2504
TP1_synth_reverse		11	T	236	93	25	25	314	37	452863	453593	0	0	0	0	2	0	2502	2504
TP1_synth_reverse		12	C	204	452431	827	14	0	51	76	453603	0	2498	6	0	0	0	0	2504
TP1_synth_reverse		13	C	263	453148	2	22	2	79	103	453619	0	2504	0	0	0	0	0	2504
TP1_synth_reverse		14	C	219	453240	0	29	1	31	99	453619	0	2504	0	0	0	0	0	2504
TP1_synth_reverse		15	C	181	452360	240	34	695	34	75	453619	0	2499	1	0	4	0	0	2504
TP1_synth_reverse		16	T	405	128	4955	28	1	16	448097	453630	0	0	22	0	0	0	2482	2504
TP1_synth_reverse		17	T	516	199	186	21	0	111	452607	453640	0	2	1	0	0	0	2501	2504
TP1_synth_reverse		18	T	359	401	39	12	121	81	452637	453650	0	1	0	0	1	0	2502	2504
TP1_synth_reverse		19	C	432	450241	805	21	2194	72	166	453931	0	2494	2	0	9	0	0	2505
TP1_synth_reverse		20	T	474	38	466	33	19	33	452868	453931	0	0	3	0	0	0	2502	2505
TP1_synth_reverse		21	T	1403	79	13	57	2560	97	449733	453942	0	0	0	0	17	0	2488	2505
TP1_synth_reverse		22	G	156	511	341	452612	14	60	257	453951	0	0	2	2503	0	0	0	2505
TP1_synth_reverse		23	C	586	446547	571	54	5401	59	744	453962	0	2477	3	0	24	0	1	2505
TP1_synth_reverse		24	G	154	132	438	452917	11	49	261	453962	0	0	3	2502	0	0	0	2505
TP1_synth_reverse		25	G	205	325	5	452789	429	45	179	453977	0	0	0	2503	2	0	0	2505
TP1_synth_reverse		26	A	452916	12	9	527	341	92	93	453990	2501	0	0	2	2	0	0	2505
TP1_synth_reverse		27	G	54	133	606	451738	524	59	876	453990	0	0	2	2500	2	0	1	2505
TP1_synth_reverse		28	A	453148	85	292	162	81	45	177	453990	2499	0	4	1	0	0	1	2505
TP1_synth_reverse		29	T	634	353	1100	53	1	7	451842	453990	0	1	6	0	0	0	2498	2505
TP1_synth_reverse		30	T	1996	61	97	9	0	48	451779	453990	0	0	1	0	0	0	2504	2505
TP1_synth_reverse		31	C	569	452289	349	19	449	17	299	453991	0	2500	2	0	2	0	1	2505
TP1_synth_reverse		32	T	777	58	804	33	7	48	452262	453989	0	0	1	0	0	0	2504	2505
TP1_synth_reverse		33	C	519	451958	627	31	770	17	61	453983	0	2500	3	0	2	0	0	2505
TP1_synth_reverse		34	T	1053	80	1179	31	5	18	451616	453982	0	0	7	0	0	0	2498	2505
TP1_synth_reverse		35	T	2309	127	107	49	246	36	451099	453973	0	0	1	0	2	0	2502	2505
TP1_synth_reverse		36	C	451	453154	209	38	0	43	74	453969	0	2504	1	0	0	0	0	2505
TP1_synth_reverse		37	C	474	452947	207	36	5	24	270	453963	0	2503	1	0	0	0	1	2505
TP1_synth_reverse		38	T	1114	178	251	26	519	63	451801	453952	0	1	2	0	1	0	2501	2505
TP1_synth_reverse		39	C	300	453300	221	24	13	25	70	453953	0	2504	1	0	0	0	0	2505
TP1_synth_reverse		40	T	1238	57	307	15	1541	32	450760	453950	0	0	2	0	4	0	2499	2505
TP1_synth_reverse		41	G	142	1084	205	451256	41	15	1207	453950	1	0	1	2503	0	0	0	2505
TP1_synth_reverse		42	T	1980	55	489	33	994	78	450320	453949	0	0	2	0	6	0	2497	2505
TP1_synth_reverse		43	G	79	980	160	451543	4	55	1134	453955	0	0	3	2500	0	0	2	2505
TP1_synth_reverse		44	C	603	449426	193	48	2831	71	780	453952	0	2492	1	0	9	0	3	2505
TP1_synth_reverse		45	G	129	310	3	450775	58	40	2631	453946	0	0	0	2501	1	0	3	2505
TP1_synth_reverse		46	C	937	452713	151	31	0	20	91	453943	0	2504	1	0	0	0	0	2505
TP1_synth_reverse		47	C	337	452661	57	32	661	6	196	453950	0	2499	0	0	6	0	0	2505
TP1_synth_reverse		48	G	128	1051	244	450696	4	6	1816	453945	0	0	1	2504	0	0	0	2505
TP1_synth_reverse		49	A	453531	51	56	38	178	23	100	453977	2503	0	0	0	1	0	0	2504
TP1_synth_reverse		50	T	2090	62	537	13	42	18	451210	453972	0	0	3	0	0	0	2501	2504
TP1_synth_reverse		51	A	453772	46	1	47	0	48	86	454000	2504	0	0	0	0	0	0	2504
TP1_synth_reverse		52	C	513	453148	170	28	1	27	110	453997	0	2503	1	0	0	0	0	2504
TP1_synth_reverse		53	A	453252	29	7	82	537	28	72	454007	2502	0	0	0	2	0	0	2504
TP1_synth_reverse		54	G	126	368	455	452537	90	8	419	454003	0	0	1	2503	0	0	0	2504
TP1_synth_reverse		55	A	452885	357	642	68	0	35	51	454038	2498	1	6	0	0	0	0	2505
TP1_synth_reverse		56	A	453347	5	1	68	483	40	94	454038	2503	0	0	0	2	0	0	2505
TP1_synth_reverse		57	T	2843	48	716	139	0	36	450244	454026	0	0	3	0	0	0	2502	2505
TP1_synth_reverse		58	A	453703	5	153	67	1	28	83	454040	2504	0	1	0	0	0	0	2505
TP1_synth_reverse		59	T	1696	40	411	80	619	9	451168	454023	0	0	1	0	1	0	2503	2505
TP1_synth_reverse		60	C	1235	452347	201	58	76	28	68	454013	0	2503	1	0	1	0	0	2505
TP1_synth_reverse		61	T	1453	50	13	214	993	12	451269	454004	0	0	0	0	3	0	2502	2505
TP1_synth_reverse		62	G	971	271	83	451956	103	75	542	454001	2	0	1	2502	0	0	0	2505
TP1_synth_reverse		63	T	3259	52	165	30	0	32	450459	453997	0	0	1	0	0	0	2504	2505
TP1_synth_reverse		64	T	1935	44	143	70	21	55	451719	453987	0	0	1	0	0	0	2504	2505
TP1_synth_reverse		65	C	524	451421	141	37	283	77	1499	453982	0	2499	1	0	2	0	3	2505
TP1_synth_reverse		66	G	436	297	104	452365	1	28	744	453975	0	0	1	2504	0	0	0	2505
TP1_synth_reverse		67	C	794	452920	103	12	0	91	71	453991	0	2504	1	0	0	0	0	2505
TP1_synth_reverse		68	A	453361	315	104	93	0	50	73	453996	2504	0	1	0	0	0	0	2505
TP1_synth_reverse		69	C	176	453557	23	21	47	48	122	453994	0	2505	0	0	0	0	0	2505
TP1_synth_reverse		70	T	1221	166	295	99	2	24	452177	453984	0	1	1	0	0	0	2503	2505
TP1_synth_reverse		71	C	282	453147	240	26	0	11	278	453984	0	2501	2	0	0	0	2	2505
TP1_synth_reverse		72	C	725	452679	20	50	317	29	159	453979	0	2503	0	0	2	0	0	2505
TP1_synth_reverse		73	G	422	308	43	452913	38	93	156	453973	0	0	0	2505	0	0	0	2505
TP1_synth_reverse		74	A	453687	90	16	70	28	63	17	453971	2505	0	0	0	0	0	0	2505
TP1_synth_reverse		75	G	217	244	23	453311	2	17	154	453968	2	0	0	2503	0	0	0	2505
TP1_synth_reverse		76	T	2537	55	635	35	534	17	450146	453959	0	0	2	0	2	0	2501	2505
TP1_synth_reverse		77	G	580	322	623	451797	1	25	600	453948	2	0	1	2502	0	0	0	2505
TP1_synth_reverse		78	C	364	451502	574	26	145	42	1293	453946	0	2496	1	0	2	0	6	2505
TP1_synth_reverse		79	G	408	673	529	451774	0	113	445	453942	0	0	2	2503	0	0	0	2505
TP1_synth_reverse		80	G	531	201	1	452855	2	124	212	453926	3	0	0	2502	0	0	0	2505
TP1_synth_reverse		81	C	203	451003	2448	54	4	99	97	453908	0	2495	10	0	0	0	0	2505
TP1_synth_reverse		82	A	452411	51	960	86	0	52	86	453646	2503	0	2	0	0	0	0	2505
TP1_synth_reverse		83	A	453354	65	1	67	0	114	41	453642	2505	0	0	0	0	0	0	2505
TP1_synth_reverse		84	A	452943	49	0	142	413	35	25	453607	2504	0	0	0	1	0	0	2505
TP1_synth_reverse		85	G	78	237	1	453042	4	43	142	453547	0	0	0	2505	0	0	0	2505
TP1_synth_reverse		86	C	278	452987	1	21	105	34	80	453506	0	2505	0	0	0	0	0	2505
TP1_synth_reverse		87	T	1134	56	0	91	1	61	452084	453427	0	0	0	0	0	0	2505	2505
TP1_synth_reverse		88	G	254	366	0	452587	4	64	122	453397	1	0	0	2504	0	0	0	2505
TP1_synth_reverse		89	T	793	63	62	36	0	152	452235	453341	0	0	0	0	0	0	2505	2505
TP1_synth_reverse		90	T	934	75	45	41	0	90	451990	453175	0	0	0	0	0	0	2505	2505
TP1_synth_reverse		91	C	426	452199	0	268	0	23	93	453009	0	2505	0	0	0	0	0	2505
TP1_synth_reverse		92	C	439	452035	0	267	0	19	156	452916	0	2505	0	0	0	0	0	2505
TP1_synth_reverse		93	G	273	172	0	451708	0	55	75	452283	0	0	0	2505	0	0	0	2505
TP1_synth_reverse		94	T	668	60	0	100	0	108	451021	451957	0	0	0	0	0	0	2505	2505
TP1_synth_reverse		95	C	0	451379	0	0	0	62	0	451441	0	2505	0	0	0	0	0	2505
TP1_synth_reverse		96	C	0	450927	0	0	0	49	0	450976	0	2505	0	0	0	0	0	2505
TP1_synth_reverse		97	C	0	449951	0	0	0	91	0	450042	0	2505	0	0	0	0	0	2505
TP1_synth_reverse		98	A	447896	0	0	0	0	0	0	447896	2505	0	0	0	0	0	0	2505
TP1_synth_reverse		99	G	0	0	0	446952	0	0	0	446952	0	0	0	2505	0	0	0	2505
