



























































































































































































































#AmpliconChromStart	Alias	Position	ProbableRef	rawA	rawC	rawD	rawG	rawI	rawN	rawT	rawDepth	consA	consC	consD	consG	consI	consN	consT	consDepth
TP1_synth_reverse		1	G	0	0	0	447248	0	0	0	447248	0	0	0	4750	0	0	0	4750
TP1_synth_reverse		2	T	0	0	0	0	0	0	447614	447614	0	0	0	0	0	0	4754	4754
TP1_synth_reverse		3	G	0	0	0	449610	0	83	0	449693	0	0	0	4766	0	0	0	4766
TP1_synth_reverse		4	G	0	0	0	450095	0	41	0	450136	0	0	0	4772	0	0	0	4772
TP1_synth_reverse		5	T	0	0	0	0	0	128	450549	450677	0	0	0	0	0	0	4777	4777
TP1_synth_reverse		6	G	85	43	0	450962	0	26	98	451214	0	0	0	4779	0	0	0	4779
TP1_synth_reverse		7	A	451408	19	0	60	0	8	68	451563	4780	0	0	0	0	0	0	4780
TP1_synth_reverse		8	G	76	53	0	452722	1	42	613	453507	0	0	0	4789	0	0	1	4790
TP1_synth_reverse		9	G	77	97	0	453268	1	14	100	453557	0	0	0	4791	0	0	0	4791
TP1_synth_reverse		10	C	197	452962	0	18	291	18	92	453578	0	4788	0	0	2	0	1	4791
TP1_synth_reverse		11	T	236	93	25	25	314	37	452863	453593	0	0	1	0	6	0	4784	4791
TP1_synth_reverse		12	C	204	452431	827	14	0	51	76	453603	0	4784	7	0	0	0	0	4791
TP1_synth_reverse		13	C	263	453148	2	22	2	79	103	453619	0	4791	0	0	0	0	0	4791
TP1_synth_reverse		14	C	219	453240	0	29	1	31	99	453619	0	4791	0	0	0	0	0	4791
TP1_synth_reverse		15	C	181	452360	240	34	695	34	75	453619	0	4783	2	0	6	0	0	4791
TP1_synth_reverse		16	T	405	128	4955	28	1	16	448097	453630	0	2	31	0	0	0	4758	4791
TP1_synth_reverse		17	T	516	199	186	21	0	111	452607	453640	0	2	1	0	0	0	4788	4791
TP1_synth_reverse		18	T	359	401	39	12	121	81	452637	453650	0	2	2	0	2	0	4785	4791
TP1_synth_reverse		19	C	432	450241	805	21	2194	72	166	453931	2	4768	6	0	13	0	3	4792
TP1_synth_reverse		20	T	474	38	466	33	19	33	452868	453931	0	0	4	0	0	1	4787	4792
TP1_synth_reverse		21	T	1403	79	13	57	2560	97	449722	453931	0	0	0	0	32	0	4760	4792
TP1_synth_reverse		22	G	156	511	341	452601	14	60	257	453940	2	0	2	4788	0	0	0	4792
TP1_synth_reverse		23	C	586	446536	571	54	5401	59	744	453951	0	4750	3	0	36	0	3	4792
TP1_synth_reverse		24	G	154	132	438	452906	11	49	261	453951	0	0	10	4782	0	0	0	4792
TP1_synth_reverse		25	G	205	325	5	452778	429	45	179	453966	1	0	0	4788	3	0	0	4792
TP1_synth_reverse		26	A	452892	12	9	527	341	92	93	453966	4785	0	0	3	4	0	0	4792
TP1_synth_reverse		27	G	54	133	606	451714	524	59	876	453966	0	0	5	4782	3	0	2	4792
TP1_synth_reverse		28	A	453124	85	292	162	81	45	177	453966	4781	0	6	3	1	0	1	4792
TP1_synth_reverse		29	T	632	353	1100	53	1	7	451820	453966	0	2	13	0	0	0	4777	4792
TP1_synth_reverse		30	T	1995	61	97	9	0	48	451756	453966	0	0	1	0	0	0	4791	4792
TP1_synth_reverse		31	C	569	452265	349	19	449	17	299	453967	0	4782	5	0	4	0	1	4792
TP1_synth_reverse		32	T	776	58	804	33	7	48	452239	453965	0	0	1	0	0	0	4791	4792
TP1_synth_reverse		33	C	517	451936	627	31	770	17	61	453959	0	4781	5	0	6	0	0	4792
TP1_synth_reverse		34	T	1051	80	1179	31	5	18	451594	453958	0	0	9	0	0	0	4783	4792
TP1_synth_reverse		35	T	2306	127	107	49	246	36	451084	453955	0	2	1	0	3	0	4786	4792
TP1_synth_reverse		36	C	449	453138	209	38	0	43	74	453951	0	4789	3	0	0	0	0	4792
TP1_synth_reverse		37	C	472	452925	207	36	5	24	270	453939	0	4788	2	0	0	0	2	4792
TP1_synth_reverse		38	T	1112	178	251	26	518	63	451780	453928	0	4	3	0	3	0	4782	4792
TP1_synth_reverse		39	C	299	453277	221	24	13	25	70	453929	0	4790	2	0	0	0	0	4792
TP1_synth_reverse		40	T	1234	57	307	15	1541	32	450740	453926	0	0	3	0	6	0	4783	4792
TP1_synth_reverse		41	G	142	1086	205	451234	41	15	1203	453926	1	0	2	4789	0	0	0	4792
TP1_synth_reverse		42	T	1975	55	489	33	994	78	450301	453925	0	0	3	1	8	0	4780	4792
TP1_synth_reverse		43	G	79	976	160	451524	4	55	1133	453931	0	0	4	4785	0	0	3	4792
TP1_synth_reverse		44	C	601	449405	193	48	2830	71	780	453928	0	4775	1	0	11	0	5	4792
TP1_synth_reverse		45	G	129	308	3	450764	58	40	2627	453929	0	0	0	4788	1	0	3	4792
TP1_synth_reverse		46	C	937	452696	151	31	0	20	91	453926	0	4788	4	0	0	0	0	4792
TP1_synth_reverse		47	C	334	452647	57	32	661	6	196	453933	0	4782	2	0	8	0	0	4792
TP1_synth_reverse		48	G	128	1048	244	450687	4	6	1811	453928	0	2	3	4787	0	0	0	4792
TP1_synth_reverse		49	A	453514	51	56	38	178	23	100	453960	4789	0	2	0	1	0	0	4792
TP1_synth_reverse		50	T	2092	62	537	13	42	18	451191	453955	0	0	6	0	1	0	4785	4792
TP1_synth_reverse		51	A	453755	46	1	47	0	48	86	453983	4792	0	0	0	0	0	0	4792
TP1_synth_reverse		52	C	511	453133	170	28	1	27	110	453980	0	4791	1	0	0	0	0	4792
TP1_synth_reverse		53	A	453235	29	7	82	537	28	72	453990	4790	0	0	0	2	0	0	4792
TP1_synth_reverse		54	G	125	368	455	452524	90	8	416	453986	0	0	3	4789	0	0	0	4792
TP1_synth_reverse		55	A	452868	357	642	68	0	35	51	454021	4786	1	6	0	0	0	0	4793
TP1_synth_reverse		56	A	453330	5	1	68	483	40	94	454021	4791	0	0	0	2	0	0	4793
TP1_synth_reverse		57	T	2840	48	716	139	0	36	450230	454009	0	0	3	0	0	0	4790	4793
TP1_synth_reverse		58	A	453686	5	153	67	1	28	83	454023	4791	0	3	0	0	0	0	4794
TP1_synth_reverse		59	T	1695	40	411	80	618	9	451153	454006	0	0	1	0	1	0	4792	4794
TP1_synth_reverse		60	C	1237	452328	201	58	76	28	68	453996	0	4791	2	0	1	0	0	4794
TP1_synth_reverse		61	T	1453	50	13	213	993	12	451253	453987	0	0	0	1	3	0	4790	4794
TP1_synth_reverse		62	G	970	271	83	451939	103	75	543	453984	4	0	1	4787	2	0	0	4794
TP1_synth_reverse		63	T	3259	52	165	30	0	32	450442	453980	0	0	1	0	0	0	4793	4794
TP1_synth_reverse		64	T	1934	44	143	70	21	55	451703	453970	0	0	1	0	0	0	4793	4794
TP1_synth_reverse		65	C	528	451409	141	37	283	77	1499	453974	0	4783	2	0	3	0	6	4794
TP1_synth_reverse		66	G	437	298	104	452354	1	28	745	453967	0	0	2	4792	0	0	0	4794
TP1_synth_reverse		67	C	794	452912	103	12	0	91	71	453983	1	4792	2	0	0	0	0	4795
TP1_synth_reverse		68	A	453353	315	104	93	0	50	73	453988	4793	0	2	0	0	0	0	4795
TP1_synth_reverse		69	C	176	453549	23	21	47	48	122	453986	0	4794	1	0	0	0	0	4795
TP1_synth_reverse		70	T	1221	166	295	99	2	24	452169	453976	0	1	2	0	0	0	4792	4795
TP1_synth_reverse		71	C	282	453139	240	26	0	11	278	453976	0	4789	4	0	0	0	2	4795
TP1_synth_reverse		72	C	726	452670	20	50	317	29	159	453971	0	4791	1	0	3	0	0	4795
TP1_synth_reverse		73	G	422	308	43	452905	38	93	156	453965	1	0	1	4792	1	0	0	4795
TP1_synth_reverse		74	A	453679	90	16	70	28	63	17	453963	4794	0	1	0	0	0	0	4795
TP1_synth_reverse		75	G	217	244	23	453303	2	17	154	453960	2	0	1	4792	0	0	0	4795
TP1_synth_reverse		76	T	2538	55	635	35	534	17	450137	453951	0	0	4	0	2	0	4789	4795
TP1_synth_reverse		77	G	580	322	623	451791	1	25	598	453940	5	0	2	4788	0	0	0	4795
TP1_synth_reverse		78	C	363	451495	574	26	145	42	1293	453938	1	4784	2	0	2	0	6	4795
TP1_synth_reverse		79	G	408	671	529	451766	0	113	447	453934	0	0	5	4790	0	0	0	4795
TP1_synth_reverse		80	G	533	202	1	452844	2	124	212	453918	3	0	0	4792	0	0	0	4795
TP1_synth_reverse		81	C	202	450996	2448	54	4	99	97	453900	0	4784	11	0	0	0	0	4795
TP1_synth_reverse		82	A	452403	51	960	86	0	52	86	453638	4791	0	4	0	0	0	0	4795
TP1_synth_reverse		83	A	453346	65	1	67	0	114	41	453634	4795	0	0	0	0	0	0	4795
TP1_synth_reverse		84	A	452935	49	0	142	413	35	25	453599	4794	0	0	0	1	0	0	4795
TP1_synth_reverse		85	G	78	237	1	453034	4	43	142	453539	0	0	0	4794	0	0	1	4795
TP1_synth_reverse		86	C	278	452980	1	21	105	34	80	453499	0	4795	0	0	0	0	0	4795
TP1_synth_reverse		87	T	1136	56	0	91	1	61	452075	453420	0	0	0	0	0	0	4795	4795
TP1_synth_reverse		88	G	254	365	0	452581	4	64	122	453390	2	0	0	4793	0	0	0	4795
TP1_synth_reverse		89	T	794	63	62	36	0	152	452227	453334	0	0	1	0	0	0	4794	4795
TP1_synth_reverse		90	T	934	75	45	41	0	90	451982	453167	0	0	1	0	0	0	4794	4795
TP1_synth_reverse		91	C	425	452193	0	268	0	23	93	453002	0	4793	0	1	0	0	0	4794
TP1_synth_reverse		92	C	439	452028	0	267	0	19	156	452909	0	4794	0	0	0	0	0	4794
TP1_synth_reverse		93	G	273	172	0	451702	0	55	74	452276	0	0	0	4794	0	0	0	4794
TP1_synth_reverse		94	T	668	60	0	100	0	108	451014	451950	0	0	0	0	0	0	4794	4794
TP1_synth_reverse		95	C	0	451374	0	0	0	62	0	451436	0	4794	0	0	0	0	0	4794
TP1_synth_reverse		96	C	0	450922	0	0	0	49	0	450971	0	4793	0	0	0	0	0	4793
TP1_synth_reverse		97	C	0	449946	0	0	0	91	0	450037	0	4793	0	0	0	0	0	4793
TP1_synth_reverse		98	A	447891	0	0	0	0	0	0	447891	4793	0	0	0	0	0	0	4793
TP1_synth_reverse		99	G	0	0	0	446947	0	0	0	446947	0	0	0	4793	0	0	0	4793
