



























































































































































































































#AmpliconChromStart	Alias	Position	ProbableRef	rawA	rawC	rawD	rawG	rawI	rawN	rawT	rawDepth	consA	consC	consD	consG	consI	consN	consT	consDepth	
TP1_synth_reverse		1	G	0	0	0	447248	0	0	0	447248	0	0	0	37467	0	0	0	37467
TP1_synth_reverse		2	T	0	0	0	0	0	0	447614	447614	0	0	0	0	0	0	37729	37729
TP1_synth_reverse		3	G	0	0	0	449610	0	83	0	449693	0	0	0	38136	0	37	0	38173
TP1_synth_reverse		4	G	0	0	0	450095	0	41	0	450136	0	0	0	38458	0	4	0	38462
TP1_synth_reverse		5	T	0	0	0	0	0	128	450549	450677	0	0	0	0	0	46	38659	38705
TP1_synth_reverse		6	G	85	43	0	450962	0	26	98	451214	8	7	0	39008	0	12	16	39051
TP1_synth_reverse		7	A	451408	19	0	60	0	8	68	451563	39093	1	0	4	0	2	2	39102
TP1_synth_reverse		8	G	76	53	0	452722	1	42	613	453507	9	6	0	39152	0	0	30	39197
TP1_synth_reverse		9	G	77	97	0	453268	1	14	100	453557	4	15	0	39182	1	0	24	39226
TP1_synth_reverse		10	C	197	452962	0	18	291	18	92	453578	55	39173	0	1	7	2	7	39245
TP1_synth_reverse		11	T	236	93	25	25	314	37	452863	453593	74	4	5	2	57	22	39095	39259
TP1_synth_reverse		12	C	204	452421	827	14	0	51	76	453593	47	39148	34	1	0	23	6	39259
TP1_synth_reverse		13	C	263	453138	2	22	2	79	103	453609	56	39180	0	3	0	25	7	39271
TP1_synth_reverse		14	C	219	453230	0	29	1	31	99	453609	48	39210	0	2	0	3	8	39271
TP1_synth_reverse		15	C	181	452350	240	34	695	34	75	453609	56	39149	5	2	43	14	2	39271
TP1_synth_reverse		16	T	405	128	4955	28	1	16	448087	453620	123	13	238	0	0	4	38902	39280
TP1_synth_reverse		17	T	516	199	186	21	0	111	452597	453630	158	11	9	2	0	53	39055	39288
TP1_synth_reverse		18	T	358	401	39	12	121	81	452628	453640	112	19	6	3	10	37	39110	39297
TP1_synth_reverse		19	C	432	450231	805	21	2194	72	166	453921	172	38936	73	2	113	24	22	39342
TP1_synth_reverse		20	T	474	38	466	33	19	33	452858	453921	151	1	36	4	5	10	39135	39342
TP1_synth_reverse		21	T	1401	79	13	57	2560	97	449714	453921	545	5	6	5	214	19	38548	39342
TP1_synth_reverse		22	G	156	511	341	452582	14	60	257	453921	25	270	28	38941	2	6	70	39342
TP1_synth_reverse		23	C	586	446517	571	54	5401	59	744	453932	204	38694	32	5	350	29	37	39351
TP1_synth_reverse		24	G	154	132	438	452887	11	49	261	453932	18	54	51	39145	3	20	60	39351
TP1_synth_reverse		25	G	205	324	5	452760	429	45	179	453947	50	162	0	39085	14	2	46	39359
TP1_synth_reverse		26	A	452886	12	9	527	341	92	93	453960	39305	1	2	20	26	12	5	39371
TP1_synth_reverse		27	G	54	132	606	451709	524	59	876	453960	3	48	48	38995	30	22	225	39371
TP1_synth_reverse		28	A	453118	85	292	162	81	45	177	453960	39234	11	42	19	27	26	12	39371
TP1_synth_reverse		29	T	631	353	1100	53	1	7	451815	453960	179	34	88	8	0	2	39060	39371
TP1_synth_reverse		30	T	1993	61	97	9	0	48	451752	453960	706	1	9	1	0	26	38628	39371
TP1_synth_reverse		31	C	568	452260	349	19	449	17	299	453961	236	39043	36	5	34	2	18	39374
TP1_synth_reverse		32	T	773	58	804	33	7	48	452236	453959	228	4	21	7	2	11	39099	39372
TP1_synth_reverse		33	C	518	451929	627	31	770	17	61	453953	233	39049	30	3	42	6	4	39367
TP1_synth_reverse		34	T	1049	80	1179	31	5	18	451590	453952	298	7	62	6	3	10	38980	39366
TP1_synth_reverse		35	T	2307	127	107	49	246	36	451071	453943	837	15	17	8	31	6	38448	39362
TP1_synth_reverse		36	C	447	453128	209	38	0	43	74	453939	119	39185	34	9	0	10	4	39361
TP1_synth_reverse		37	C	472	452913	207	36	5	24	270	453927	114	39153	41	1	1	6	42	39358
TP1_synth_reverse		38	T	1110	178	251	26	518	63	451770	453916	392	22	45	5	23	6	38857	39350
TP1_synth_reverse		39	C	299	453265	221	24	13	25	70	453917	76	39221	43	3	3	1	5	39352
TP1_synth_reverse		40	T	1233	57	307	15	1541	32	450729	453914	339	9	63	2	76	0	38862	39351
TP1_synth_reverse		41	G	142	1084	205	451224	41	15	1203	453914	11	506	39	38502	14	3	278	39353
TP1_synth_reverse		42	T	1979	55	489	33	994	78	450285	453913	737	7	45	6	75	29	38453	39352
TP1_synth_reverse		43	G	79	976	160	451513	4	55	1132	453919	5	286	22	38868	0	9	168	39358
TP1_synth_reverse		44	C	601	449393	193	48	2830	71	780	453916	250	38890	12	5	120	20	60	39357
TP1_synth_reverse		45	G	129	308	3	450745	58	40	2627	453910	9	99	1	38807	6	6	427	39355
TP1_synth_reverse		46	C	937	452677	151	31	0	20	91	453907	415	38879	32	9	0	4	14	39353
TP1_synth_reverse		47	C	336	452626	57	32	661	6	196	453914	105	39127	16	8	84	0	21	39361
TP1_synth_reverse		48	G	128	1048	244	450668	4	6	1811	453909	9	477	25	38461	1	0	386	39359
TP1_synth_reverse		49	A	453495	51	56	38	178	23	100	453941	39561	7	16	3	9	1	11	39608
TP1_synth_reverse		50	T	2081	62	537	13	42	18	451186	453939	459	3	41	1	5	4	39096	39609
TP1_synth_reverse		51	A	453739	46	1	47	0	48	86	453967	39597	12	0	1	0	15	11	39636
TP1_synth_reverse		52	C	512	453116	170	28	1	27	110	453964	178	39430	17	4	0	4	3	39636
TP1_synth_reverse		53	A	453219	29	7	82	537	28	72	453974	39598	2	0	5	21	14	5	39645
TP1_synth_reverse		54	G	126	368	455	452507	90	8	416	453970	31	93	23	39374	18	1	103	39643
TP1_synth_reverse		55	A	452852	357	642	68	0	35	51	454005	39540	38	46	0	0	21	3	39648
TP1_synth_reverse		56	A	453314	5	1	68	483	40	94	454005	39603	0	1	5	12	10	17	39648
TP1_synth_reverse		57	T	2839	48	716	139	0	36	450215	453993	499	13	43	23	0	18	39044	39640
TP1_synth_reverse		58	A	453670	5	153	67	1	28	83	454007	39600	0	13	2	0	17	9	39641
TP1_synth_reverse		59	T	1693	40	411	80	618	9	451139	453990	336	2	24	18	22	5	39227	39634
TP1_synth_reverse		60	C	1233	452316	201	58	76	28	68	453980	360	39221	22	9	11	6	2	39631
TP1_synth_reverse		61	T	1447	50	13	213	993	12	451243	453971	314	3	1	44	37	2	39225	39626
TP1_synth_reverse		62	G	967	271	83	451932	103	75	542	453973	144	67	4	39159	11	17	223	39625
TP1_synth_reverse		63	T	3262	52	165	30	0	32	450428	453969	984	3	22	2	0	2	38611	39624
TP1_synth_reverse		64	T	1934	44	143	70	21	55	451700	453967	372	3	13	6	10	4	39214	39622
TP1_synth_reverse		65	C	523	451411	141	37	283	77	1499	453971	111	39364	26	1	35	15	74	39626
TP1_synth_reverse		66	G	436	296	104	452355	1	28	744	453964	93	82	13	39196	0	16	221	39621
TP1_synth_reverse		67	C	795	452908	103	12	0	91	71	453980	313	39258	13	3	0	36	2	39625
TP1_synth_reverse		68	A	453350	315	104	93	0	50	73	453985	39532	60	13	6	0	6	13	39630
TP1_synth_reverse		69	C	176	453546	23	21	47	48	122	453983	33	39546	9	4	11	23	3	39629
TP1_synth_reverse		70	T	1220	166	295	99	2	24	452167	453973	243	9	28	16	0	3	39324	39623
TP1_synth_reverse		71	C	282	453136	240	26	0	11	278	453973	70	39504	28	1	0	1	19	39623
TP1_synth_reverse		72	C	726	452667	20	50	317	29	159	453968	291	39272	4	11	19	8	16	39621
TP1_synth_reverse		73	G	421	307	43	452904	38	93	156	453962	86	65	12	39389	3	30	33	39618
TP1_synth_reverse		74	A	453676	90	16	70	28	63	17	453960	39579	8	4	3	12	7	3	39616
TP1_synth_reverse		75	G	217	243	23	453302	2	17	153	453957	31	57	5	39483	0	4	35	39615
TP1_synth_reverse		76	T	2538	55	635	34	534	17	450135	453948	846	5	33	6	18	9	38697	39614
TP1_synth_reverse		77	G	580	322	623	451790	1	25	596	453937	65	91	21	39268	1	15	147	39608
TP1_synth_reverse		78	C	362	451493	574	26	145	42	1293	453935	96	39375	12	3	12	23	85	39606
TP1_synth_reverse		79	G	408	673	529	451763	0	113	445	453931	38	350	28	39075	0	13	100	39604
TP1_synth_reverse		80	G	531	201	1	452844	2	124	212	453915	100	49	0	39385	1	9	51	39595
TP1_synth_reverse		81	C	202	450993	2448	54	4	99	97	453897	42	39384	137	5	0	9	10	39587
TP1_synth_reverse		82	A	452400	51	960	86	0	52	86	453635	39270	5	51	1	0	9	2	39338
TP1_synth_reverse		83	A	453343	64	1	68	0	114	41	453631	39306	6	0	6	0	12	6	39336
TP1_synth_reverse		84	A	452932	49	0	142	413	35	25	453596	39289	4	0	5	20	8	0	39326
TP1_synth_reverse		85	G	78	237	1	453031	4	43	142	453536	17	38	0	39216	1	12	20	39304
TP1_synth_reverse		86	C	278	452977	1	21	105	34	80	453496	64	39210	0	3	4	4	8	39293
TP1_synth_reverse		87	T	1134	56	0	91	1	61	452074	453417	197	4	0	7	0	19	39050	39277
TP1_synth_reverse		88	G	254	366	0	452577	4	64	122	453387	14	46	0	39170	1	7	26	39264
TP1_synth_reverse		89	T	794	63	62	36	0	152	452224	453331	127	6	10	1	0	49	39058	39251
TP1_synth_reverse		90	T	933	75	45	41	0	90	451981	453165	134	5	6	4	0	14	39048	39211
TP1_synth_reverse		91	C	424	452190	0	269	0	23	93	452999	62	39099	0	15	0	1	5	39182
TP1_synth_reverse		92	C	440	452024	0	267	0	19	156	452906	40	39092	0	23	0	2	6	39163
TP1_synth_reverse		93	G	273	172	0	451698	0	55	75	452273	36	35	0	39009	0	10	18	39108
TP1_synth_reverse		94	T	668	60	0	100	0	108	451011	451947	80	3	0	13	0	13	38972	39081
TP1_synth_reverse		95	C	0	451371	0	0	0	62	0	451433	0	39005	0	0	0	22	0	39027
TP1_synth_reverse		96	C	0	450919	0	0	0	49	0	450968	0	38967	0	0	0	9	0	38976
TP1_synth_reverse		97	C	0	449943	0	0	0	91	0	450034	0	38858	0	0	0	24	0	38882
TP1_synth_reverse		98	A	447889	0	0	0	0	0	0	447889	38758	0	0	0	0	0	0	38758
TP1_synth_reverse		99	G	0	0	0	446945	0	0	0	446945	0	0	0	38668	0	0	0	38668
