



























































































































































































































#AmpliconChromStart	Alias	Position	ProbableRef	rawA	rawC	rawD	rawG	rawI	rawN	rawT	rawDepth	consA	consC	consD	consG	consI	consN	consT	consDepth	
TP1_synth_reverse		1	G	0	0	0	447248	0	0	0	447248	0	0	0	3185	0	0	0	3185
TP1_synth_reverse		2	T	0	0	0	0	0	0	447614	447614	0	0	0	0	0	0	3187	3187
TP1_synth_reverse		3	G	0	0	0	449610	0	83	0	449693	0	0	0	3195	0	0	0	3195
TP1_synth_reverse		4	G	0	0	0	450095	0	41	0	450136	0	0	0	3199	0	0	0	3199
TP1_synth_reverse		5	T	0	0	0	0	0	128	450549	450677	0	0	0	0	0	0	3203	3203
TP1_synth_reverse		6	G	85	43	0	450962	0	26	98	451214	0	0	0	3205	0	0	0	3205
TP1_synth_reverse		7	A	451408	19	0	60	0	8	68	451563	3206	0	0	0	0	0	0	3206
TP1_synth_reverse		8	G	76	53	0	452722	1	42	613	453507	0	0	0	3214	0	0	1	3215
TP1_synth_reverse		9	G	77	97	0	453268	1	14	100	453557	0	0	0	3215	0	0	0	3215
TP1_synth_reverse		10	C	197	452962	0	18	291	18	92	453578	0	3213	0	0	2	0	0	3215
TP1_synth_reverse		11	T	236	93	25	25	314	37	452863	453593	0	0	0	0	6	0	3209	3215
TP1_synth_reverse		12	C	204	452431	827	14	0	51	76	453603	0	3208	7	0	0	0	0	3215
TP1_synth_reverse		13	C	263	453148	2	22	2	79	103	453619	0	3215	0	0	0	0	0	3215
TP1_synth_reverse		14	C	219	453240	0	29	1	31	99	453619	0	3215	0	0	0	0	0	3215
TP1_synth_reverse		15	C	181	452360	240	34	695	34	75	453619	0	3209	1	0	5	0	0	3215
TP1_synth_reverse		16	T	405	128	4955	28	1	16	448086	453619	0	2	24	0	0	0	3189	3215
TP1_synth_reverse		17	T	516	199	186	21	0	111	452596	453629	0	2	1	0	0	0	3212	3215
TP1_synth_reverse		18	T	359	401	39	12	121	81	452626	453639	0	1	1	0	2	0	3211	3215
TP1_synth_reverse		19	C	432	450230	805	21	2194	72	166	453920	1	3200	3	0	9	0	3	3216
TP1_synth_reverse		20	T	474	38	466	33	19	33	452857	453920	0	0	3	0	0	0	3213	3216
TP1_synth_reverse		21	T	1403	79	13	57	2560	97	449722	453931	0	0	0	0	22	0	3194	3216
TP1_synth_reverse		22	G	156	509	341	452604	14	60	256	453940	1	0	2	3213	0	0	0	3216
TP1_synth_reverse		23	C	586	446536	571	54	5401	59	744	453951	0	3185	3	0	26	0	2	3216
TP1_synth_reverse		24	G	154	132	438	452906	11	49	261	453951	0	0	4	3212	0	0	0	3216
TP1_synth_reverse		25	G	205	325	5	452779	429	45	178	453966	0	0	0	3213	3	0	0	3216
TP1_synth_reverse		26	A	452905	12	9	527	341	92	93	453979	3210	0	0	3	3	0	0	3216
TP1_synth_reverse		27	G	54	131	606	451730	524	59	875	453979	0	0	4	3209	2	0	1	3216
TP1_synth_reverse		28	A	453144	85	292	162	81	45	177	453986	3209	0	4	2	0	0	1	3216
TP1_synth_reverse		29	T	633	353	1100	53	1	7	451839	453986	0	1	7	0	0	0	3208	3216
TP1_synth_reverse		30	T	1996	61	97	9	0	48	451775	453986	0	0	1	0	0	0	3215	3216
TP1_synth_reverse		31	C	569	452285	349	19	449	17	299	453987	0	3210	3	0	2	0	1	3216
TP1_synth_reverse		32	T	777	58	804	33	7	48	452258	453985	0	0	1	0	0	0	3215	3216
TP1_synth_reverse		33	C	519	451954	627	31	770	17	61	453979	0	3209	3	0	4	0	0	3216
TP1_synth_reverse		34	T	1052	80	1179	31	5	18	451613	453978	0	0	9	0	0	0	3207	3216
TP1_synth_reverse		35	T	2308	127	107	49	246	36	451102	453975	0	2	1	0	3	0	3210	3216
TP1_synth_reverse		36	C	449	453158	209	38	0	43	74	453971	0	3214	2	0	0	0	0	3216
TP1_synth_reverse		37	C	474	452943	207	36	5	24	270	453959	0	3212	2	0	0	0	2	3216
TP1_synth_reverse		38	T	1114	178	251	26	519	63	451797	453948	0	2	3	0	3	0	3208	3216
TP1_synth_reverse		39	C	299	453297	221	24	13	25	70	453949	0	3214	2	0	0	0	0	3216
TP1_synth_reverse		40	T	1241	57	307	15	1541	32	450753	453946	0	0	3	0	4	0	3209	3216
TP1_synth_reverse		41	G	142	1085	205	451250	41	15	1208	453946	1	0	2	3213	0	0	0	3216
TP1_synth_reverse		42	T	1978	55	489	33	994	78	450318	453945	0	0	3	1	7	0	3205	3216
TP1_synth_reverse		43	G	79	982	160	451537	4	55	1134	453951	0	0	3	3211	0	0	2	3216
TP1_synth_reverse		44	C	600	449425	193	48	2831	71	780	453948	0	3201	1	0	10	0	4	3216
TP1_synth_reverse		45	G	129	310	3	450774	58	40	2628	453942	0	0	0	3212	1	0	3	3216
TP1_synth_reverse		46	C	938	452708	151	31	0	20	91	453939	0	3215	1	0	0	0	0	3216
TP1_synth_reverse		47	C	337	452657	57	32	661	6	196	453946	0	3210	0	0	6	0	0	3216
TP1_synth_reverse		48	G	128	1050	244	450691	4	6	1818	453941	0	0	1	3215	0	0	0	3216
TP1_synth_reverse		49	A	453527	51	56	38	178	23	100	453973	3214	0	0	0	1	0	0	3215
TP1_synth_reverse		50	T	2091	62	537	13	42	18	451205	453968	0	0	5	0	1	0	3209	3215
TP1_synth_reverse		51	A	453768	46	1	47	0	48	86	453996	3215	0	0	0	0	0	0	3215
TP1_synth_reverse		52	C	514	453143	170	28	1	27	110	453993	0	3214	1	0	0	0	0	3215
TP1_synth_reverse		53	A	453248	29	7	82	537	28	72	454003	3213	0	0	0	2	0	0	3215
TP1_synth_reverse		54	G	127	369	455	452531	90	8	419	453999	0	0	2	3213	0	0	0	3215
TP1_synth_reverse		55	A	452881	357	642	68	0	35	51	454034	3209	1	6	0	0	0	0	3216
TP1_synth_reverse		56	A	453343	5	1	68	483	40	94	454034	3214	0	0	0	2	0	0	3216
TP1_synth_reverse		57	T	2844	48	716	139	0	36	450239	454022	0	0	3	0	0	0	3213	3216
TP1_synth_reverse		58	A	453699	5	153	67	1	28	83	454036	3213	0	3	0	0	0	0	3216
TP1_synth_reverse		59	T	1699	40	411	80	619	9	451161	454019	0	0	1	0	1	0	3214	3216
TP1_synth_reverse		60	C	1235	452343	201	58	76	28	68	454009	0	3214	1	0	1	0	0	3216
TP1_synth_reverse		61	T	1454	50	13	214	993	12	451264	454000	0	0	0	0	3	0	3213	3216
TP1_synth_reverse		62	G	971	271	83	451951	103	75	543	453997	3	0	1	3211	1	0	0	3216
TP1_synth_reverse		63	T	3258	52	165	30	0	32	450456	453993	0	0	1	0	0	0	3215	3216
TP1_synth_reverse		64	T	1934	44	143	70	21	55	451716	453983	0	0	1	0	0	0	3215	3216
TP1_synth_reverse		65	C	525	451416	141	37	283	77	1499	453978	0	3208	1	0	3	0	4	3216
TP1_synth_reverse		66	G	435	297	104	452364	1	28	742	453971	0	0	1	3215	0	0	0	3216
TP1_synth_reverse		67	C	795	452915	103	12	0	91	71	453987	0	3215	1	0	0	0	0	3216
TP1_synth_reverse		68	A	453357	315	104	93	0	50	73	453992	3215	0	1	0	0	0	0	3216
TP1_synth_reverse		69	C	176	453554	23	20	47	48	122	453990	0	3216	0	0	0	0	0	3216
TP1_synth_reverse		70	T	1221	166	295	99	2	24	452173	453980	0	1	1	0	0	0	3214	3216
TP1_synth_reverse		71	C	282	453143	240	26	0	11	278	453980	0	3212	2	0	0	0	2	3216
TP1_synth_reverse		72	C	723	452677	20	50	317	29	159	453975	0	3214	0	0	2	0	0	3216
TP1_synth_reverse		73	G	422	308	43	452909	38	93	156	453969	1	0	0	3215	0	0	0	3216
TP1_synth_reverse		74	A	453683	90	16	70	28	63	17	453967	3216	0	0	0	0	0	0	3216
TP1_synth_reverse		75	G	217	245	23	453306	2	17	154	453964	2	0	0	3214	0	0	0	3216
TP1_synth_reverse		76	T	2538	55	635	35	534	17	450141	453955	0	0	2	0	2	0	3212	3216
TP1_synth_reverse		77	G	579	322	623	451795	1	25	599	453944	2	0	1	3213	0	0	0	3216
TP1_synth_reverse		78	C	365	451497	574	26	145	42	1293	453942	0	3207	1	0	2	0	6	3216
TP1_synth_reverse		79	G	408	673	529	451771	0	113	444	453938	0	0	2	3214	0	0	0	3216
TP1_synth_reverse		80	G	532	201	1	452850	2	124	212	453922	3	0	0	3213	0	0	0	3216
TP1_synth_reverse		81	C	202	451000	2448	54	4	99	97	453904	0	3206	10	0	0	0	0	3216
TP1_synth_reverse		82	A	452407	51	960	86	0	52	86	453642	3214	0	2	0	0	0	0	3216
TP1_synth_reverse		83	A	453350	65	1	67	0	114	41	453638	3216	0	0	0	0	0	0	3216
TP1_synth_reverse		84	A	452939	49	0	142	413	35	25	453603	3215	0	0	0	1	0	0	3216
TP1_synth_reverse		85	G	78	238	1	453037	4	43	142	453543	0	0	0	3215	0	0	1	3216
TP1_synth_reverse		86	C	277	452984	1	21	105	34	80	453502	0	3216	0	0	0	0	0	3216
TP1_synth_reverse		87	T	1135	56	0	91	1	61	452079	453423	0	0	0	0	0	0	3216	3216
TP1_synth_reverse		88	G	254	366	0	452583	4	64	122	453393	1	0	0	3215	0	0	0	3216
TP1_synth_reverse		89	T	792	63	62	36	0	152	452232	453337	0	0	1	0	0	0	3215	3216
TP1_synth_reverse		90	T	934	75	45	41	0	90	451986	453171	0	0	1	0	0	0	3215	3216
TP1_synth_reverse		91	C	426	452195	0	268	0	23	93	453005	0	3215	0	1	0	0	0	3216
TP1_synth_reverse		92	C	439	452031	0	267	0	19	156	452912	0	3216	0	0	0	0	0	3216
TP1_synth_reverse		93	G	273	172	0	451703	0	55	75	452278	0	0	0	3216	0	0	0	3216
TP1_synth_reverse		94	T	667	60	0	100	0	108	451018	451953	0	0	0	0	0	0	3216	3216
TP1_synth_reverse		95	C	0	451375	0	0	0	62	0	451437	0	3216	0	0	0	0	0	3216
TP1_synth_reverse		96	C	0	450923	0	0	0	49	0	450972	0	3216	0	0	0	0	0	3216
TP1_synth_reverse		97	C	0	449947	0	0	0	91	0	450038	0	3216	0	0	0	0	0	3216
TP1_synth_reverse		98	A	447892	0	0	0	0	0	0	447892	3216	0	0	0	0	0	0	3216
TP1_synth_reverse		99	G	0	0	0	446948	0	0	0	446948	0	0	0	3216	0	0	0	3216
