



























































































































































































































#AmpliconChromStart	Alias	Position	ProbableRef	rawA	rawC	rawD	rawG	rawI	rawN	rawT	rawDepth	consA	consC	consD	consG	consI	consN	consT	consDepth	
TP1_synth_forward		5	T	0	0	0	0	0	0	1287	1287	0	0	0	0	0	0	45	45
TP1_synth_forward		6	G	0	0	0	2351	0	0	0	2351	0	0	0	84	0	0	0	84
TP1_synth_forward		7	A	2983	0	0	0	0	0	0	2983	98	0	0	0	0	0	0	98
TP1_synth_forward		8	G	0	0	0	3771	0	1	0	3772	0	0	0	118	0	0	0	118
TP1_synth_forward		9	G	0	0	0	4056	0	0	0	4056	0	0	0	134	0	0	0	134
TP1_synth_forward		10	C	8	4047	0	0	0	0	1	4056	0	134	0	0	0	0	0	134
TP1_synth_forward		11	T	41	1	0	0	0	0	4014	4056	0	0	0	0	0	0	134	134
TP1_synth_forward		12	C	6	4050	0	0	0	0	0	4056	0	134	0	0	0	0	0	134
TP1_synth_forward		13	C	24	4032	0	0	0	0	0	4056	0	134	0	0	0	0	0	134
TP1_synth_forward		14	C	17	4039	0	0	0	0	0	4056	0	134	0	0	0	0	0	134
TP1_synth_forward		15	C	13	4038	0	0	1	2	2	4056	0	134	0	0	0	0	0	134
TP1_synth_forward		16	T	65	0	6	0	0	0	3985	4056	0	0	0	0	0	0	134	134
TP1_synth_forward		17	T	89	0	1	0	0	1	3965	4056	0	0	0	0	0	0	134	134
TP1_synth_forward		18	T	23	0	1	0	2	0	4030	4056	0	0	0	0	0	0	134	134
TP1_synth_forward		19	A	4053	0	2	0	0	0	1	4056	134	0	0	0	0	0	0	134
TP1_synth_forward		20	T	28	1	1	1	0	0	4025	4056	0	0	0	0	0	0	134	134
TP1_synth_forward		21	A	4051	0	1	1	0	0	3	4056	134	0	0	0	0	0	0	134
TP1_synth_forward		22	C	10	4041	2	2	0	0	1	4056	0	134	0	0	0	0	0	134
TP1_synth_forward		23	A	4052	0	3	1	0	0	0	4056	134	0	0	0	0	0	0	134
TP1_synth_forward		24	G	0	8	5	4033	0	1	9	4056	0	0	1	133	0	0	0	134
TP1_synth_forward		25	A	4041	0	10	2	0	2	1	4056	132	0	2	0	0	0	0	134
TP1_synth_forward		26	A	4047	0	6	1	0	1	1	4056	133	0	1	0	0	0	0	134
TP1_synth_forward		27	T	58	0	6	6	0	0	3986	4056	0	0	1	0	0	0	133	134
TP1_synth_forward		28	A	4049	0	6	0	1	0	0	4056	133	0	1	0	0	0	0	134
TP1_synth_forward		29	T	20	2	5	0	1	0	4028	4056	0	0	1	0	0	0	133	134
TP1_synth_forward		30	C	4	4047	4	0	0	0	1	4056	0	134	0	0	0	0	0	134
TP1_synth_forward		31	T	32	0	4	2	0	0	4018	4056	0	0	1	0	0	0	133	134
TP1_synth_forward		32	G	13	29	74	3926	0	0	14	4056	0	0	2	132	0	0	0	134
TP1_synth_forward		33	T	90	1	75	0	0	0	3890	4056	0	0	2	0	0	0	132	134
TP1_synth_forward		34	T	86	76	74	0	0	1	3819	4056	0	1	2	0	0	0	131	134
TP1_synth_forward		35	C	11	3962	79	1	0	0	2	4055	0	132	2	0	0	0	0	134
TP1_synth_forward		36	G	2	7	78	4110	0	1	118	4316	0	0	2	141	0	0	0	143
TP1_synth_forward		37	C	24	4282	8	0	1	1	0	4316	0	142	1	0	0	0	0	143
TP1_synth_forward		38	A	4458	3	7	0	0	0	2	4470	150	0	1	0	0	0	0	151
TP1_synth_forward		39	C	14	4586	10	1	1	1	0	4613	0	155	1	0	0	0	0	156
TP1_synth_forward		40	T	58	1	16	0	1	0	4768	4844	0	0	2	0	0	0	162	164
TP1_synth_forward		41	C	7	4651	179	0	4	1	1	4843	0	161	2	0	1	0	0	164
TP1_synth_forward		42	C	27	4800	14	0	0	0	1	4842	0	163	1	0	0	0	0	164
TP1_synth_forward		43	G	3	8	14	4732	1	1	82	4841	0	0	1	163	0	0	0	164
TP1_synth_forward		44	A	4826	1	9	1	0	1	1	4839	164	0	0	0	0	0	0	164
TP1_synth_forward		45	G	1	37	10	4755	2	0	34	4839	0	0	0	164	0	0	0	164
TP1_synth_forward		46	T	91	0	16	0	1	0	4888	4996	0	0	0	0	0	0	172	172
TP1_synth_forward		47	G	35	24	13	4902	1	1	16	4992	0	0	0	172	0	0	0	172
TP1_synth_forward		48	C	28	5371	13	1	0	0	1	5414	0	183	0	0	0	0	0	183
TP1_synth_forward		49	G	5	9	12	5523	0	0	64	5613	0	0	0	189	0	0	0	189
TP1_synth_forward		50	G	16	12	11	5824	0	0	44	5907	0	0	0	196	0	0	0	196
TP1_synth_forward		51	C	10	6574	12	5	0	1	1	6603	0	212	0	0	0	0	0	212
TP1_synth_forward		52	T	72	2	14	2	2	0	6511	6603	0	0	0	0	0	0	212	212
TP1_synth_forward		53	T	92	2	10	4	1	0	6786	6895	0	0	0	0	0	0	218	218
TP1_synth_forward		54	G	21	13	15	6995	1	2	15	7062	0	0	0	221	0	0	0	221
TP1_synth_forward		55	C	27	7721	16	1	0	1	13	7779	0	242	0	0	0	0	1	243
TP1_synth_forward		56	G	11	4	15	8274	0	0	36	8340	0	0	0	259	0	0	0	259
TP1_synth_forward		57	G	6	6	12	8602	1	1	27	8655	0	0	0	266	0	0	0	266
TP1_synth_forward		58	A	9619	2	15	2	0	1	3	9642	275	0	0	0	0	0	0	275
TP1_synth_forward		59	G	2	14	13	9600	0	0	12	9641	0	0	0	275	0	0	0	275
TP1_synth_forward		60	A	10314	2	83	3	0	1	4	10407	280	0	1	0	0	0	0	281
TP1_synth_forward		61	T	28	1	18	22	0	1	10483	10553	0	0	0	0	0	0	290	290
TP1_synth_forward		62	T	64	1	14	7	1	1	11048	11136	0	0	0	0	0	0	305	305
TP1_synth_forward		63	C	14	12016	17	0	0	2	1	12050	0	326	0	0	0	0	0	326
TP1_synth_forward		64	T	38	1	13	4	0	1	12356	12413	0	0	0	0	0	0	339	339
TP1_synth_forward		65	C	5	12893	11	3	0	3	2	12917	0	359	0	0	0	0	0	359
TP1_synth_forward		66	T	60	0	10	5	0	0	12841	12916	0	0	0	0	0	0	359	359
TP1_synth_forward		67	T	79	1	6	4	0	3	12951	13044	0	0	0	0	0	0	370	370
TP1_synth_forward		68	C	15	13702	172	0	0	1	3	13893	0	383	1	0	0	0	0	384
TP1_synth_forward		69	C	23	13814	168	1	0	1	2	14009	0	386	1	0	0	0	0	387
TP1_synth_forward		70	T	49	0	5	1	0	1	14386	14442	0	0	0	0	0	0	390	390
TP1_synth_forward		71	C	16	14772	6	1	0	1	1	14797	0	391	0	0	0	0	0	391
TP1_synth_forward		72	T	63	1	7	0	2	2	14718	14793	1	0	0	0	0	0	390	391
TP1_synth_forward		73	G	6	37	7	14722	0	2	19	14793	0	0	0	391	0	0	0	391
TP1_synth_forward		74	T	68	2	5	3	4	1	14710	14793	0	0	0	0	0	0	391	391
TP1_synth_forward		75	G	11	7	5	14758	0	0	12	14793	0	0	0	391	0	0	0	391
TP1_synth_forward		76	C	19	14746	5	4	1	5	11	14791	0	391	0	0	0	0	0	391
TP1_synth_forward		77	G	4	9	19	14723	0	3	32	14790	0	0	1	390	0	0	0	391
TP1_synth_forward		78	C	14	14749	21	3	0	0	3	14790	0	390	1	0	0	0	0	391
TP1_synth_forward		79	C	15	14739	23	2	2	3	6	14790	0	390	1	0	0	0	0	391
TP1_synth_forward		80	G	16	12	29	14704	0	0	29	14790	0	0	1	390	0	0	0	391
TP1_synth_forward		81	C	8	14749	26	2	1	1	1	14788	0	390	1	0	0	0	0	391
TP1_synth_forward		82	A	14752	2	25	5	0	1	3	14788	390	0	1	0	0	0	0	391
TP1_synth_forward		83	A	14765	5	9	6	0	1	2	14788	391	0	0	0	0	0	0	391
TP1_synth_forward		84	A	14768	4	6	5	0	3	1	14787	391	0	0	0	0	0	0	391
TP1_synth_forward		85	G	7	8	1	14751	0	0	15	14782	0	0	0	391	0	0	0	391
TP1_synth_forward		86	C	17	14752	1	5	0	2	1	14778	0	391	0	0	0	0	0	391
TP1_synth_forward		87	T	91	1	1	6	1	0	14672	14772	0	0	0	0	0	0	391	391
TP1_synth_forward		88	G	11	22	1	14724	0	1	7	14766	0	0	0	391	0	0	0	391
TP1_synth_forward		89	T	90	5	0	4	0	0	14662	14761	0	0	0	0	0	0	391	391
TP1_synth_forward		90	T	57	1	0	2	1	2	14692	14755	0	0	0	0	0	0	391	391
TP1_synth_forward		91	C	8	14734	1	3	0	1	4	14751	0	391	0	0	0	0	0	391
TP1_synth_forward		92	C	17	14720	0	4	0	0	4	14745	0	391	0	0	0	0	0	391
TP1_synth_forward		93	G	30	10	0	14690	0	0	7	14737	0	0	0	391	0	0	0	391
TP1_synth_forward		94	T	70	4	0	10	0	0	14646	14730	0	0	0	0	0	0	391	391
TP1_synth_forward		95	C	5	14717	0	0	0	4	3	14729	0	391	0	0	0	0	0	391
TP1_synth_forward		96	C	0	14693	0	0	0	1	0	14694	0	391	0	0	0	0	0	391
TP1_synth_forward		97	C	0	14665	0	0	0	2	0	14667	0	391	0	0	0	0	0	391
TP1_synth_forward		98	A	14570	0	0	0	0	0	0	14570	391	0	0	0	0	0	0	391
TP1_synth_forward		99	G	0	0	0	14528	0	0	0	14528	0	0	0	391	0	0	0	391
TP1_synth_forward		100	T	0	0	0	0	0	0	14383	14383	0	0	0	0	0	0	390	390
TP1_synth_forward	TP1_synth_forward	1	G	0	0	0	1082639	0	0	0	1082639	0	0	0	42135	0	0	0	42135
TP1_synth_forward	TP1_synth_forward	2	T	0	0	0	0	0	0	1084753	1084753	0	0	0	0	0	0	42187	42187
TP1_synth_forward	TP1_synth_forward	3	G	0	0	0	1089069	0	22	0	1089091	0	0	0	42329	0	0	0	42329
TP1_synth_forward	TP1_synth_forward	4	G	0	0	0	1091385	0	9	0	1091394	0	0	0	42407	0	0	0	42407
TP1_synth_forward	TP1_synth_forward	5	T	0	0	0	0	0	24	1091370	1091394	0	0	0	0	0	0	42407	42407
TP1_synth_forward	TP1_synth_forward	6	G	211	118	0	1090564	0	278	223	1091394	2	0	0	42401	0	1	3	42407
TP1_synth_forward	TP1_synth_forward	7	A	1090745	30	0	159	0	259	201	1091394	42405	0	0	0	0	2	0	42407
TP1_synth_forward	TP1_synth_forward	8	G	188	53	0	1090830	1	46	276	1091394	1	0	0	42402	0	0	4	42407
TP1_synth_forward	TP1_synth_forward	9	G	339	174	0	1090094	24	416	347	1091394	4	0	0	42394	1	4	4	42407
TP1_synth_forward	TP1_synth_forward	10	C	187	1090575	68	31	37	261	235	1091394	0	42404	1	0	0	1	1	42407
TP1_synth_forward	TP1_synth_forward	11	T	616	164	339	22	735	209	1089309	1091394	0	0	4	0	26	4	42373	42407
TP1_synth_forward	TP1_synth_forward	12	C	207	1085936	4880	32	1	72	266	1091394	0	42318	89	0	0	0	0	42407
TP1_synth_forward	TP1_synth_forward	13	C	437	1090563	7	23	1	156	207	1091394	0	42407	0	0	0	0	0	42407
TP1_synth_forward	TP1_synth_forward	14	C	381	1090691	0	51	33	49	189	1091394	0	42405	0	0	1	1	0	42407
TP1_synth_forward	TP1_synth_forward	15	C	244	1090512	70	15	233	143	177	1091394	0	42392	7	0	6	1	1	42407
TP1_synth_forward	TP1_synth_forward	16	T	684	839	2845	23	0	84	1086919	1091394	1	5	95	0	0	0	42306	42407
TP1_synth_forward	TP1_synth_forward	17	T	527	217	432	30	0	75	1090113	1091394	0	5	17	0	0	1	42384	42407
TP1_synth_forward	TP1_synth_forward	18	T	376	113	729	31	382	233	1089530	1091394	0	1	30	0	8	4	42364	42407
TP1_synth_forward	TP1_synth_forward	19	A	1088392	6	2400	127	53	117	299	1091394	42327	0	74	0	3	2	1	42407
TP1_synth_forward	TP1_synth_forward	20	T	487	220	1561	65	117	145	1088799	1091394	0	3	46	0	6	3	42349	42407
TP1_synth_forward	TP1_synth_forward	21	A	1089509	20	1172	139	2	145	407	1091394	42358	0	42	0	0	1	6	42407
TP1_synth_forward	TP1_synth_forward	22	C	331	1088543	1832	76	200	79	333	1091394	0	42347	55	0	3	0	2	42407
TP1_synth_forward	TP1_synth_forward	23	A	1088386	20	2130	190	134	285	249	1091394	42333	0	68	0	5	1	0	42407
TP1_synth_forward	TP1_synth_forward	24	G	250	69	2774	1087260	353	263	425	1091394	5	0	89	42299	10	1	3	42407
TP1_synth_forward	TP1_synth_forward	25	A	1087352	23	3526	194	1	152	146	1091394	42311	0	94	0	0	2	0	42407
TP1_synth_forward	TP1_synth_forward	26	A	1089518	17	1465	142	0	81	171	1091394	42342	0	64	0	0	1	0	42407
TP1_synth_forward	TP1_synth_forward	27	T	1294	179	1937	111	147	84	1087642	1091394	0	3	90	0	9	1	42304	42407
TP1_synth_forward	TP1_synth_forward	28	A	1088746	33	2007	86	205	128	189	1091394	42329	0	71	0	5	2	0	42407
TP1_synth_forward	TP1_synth_forward	29	T	698	113	1794	401	16	167	1088205	1091394	0	0	72	0	4	1	42330	42407
TP1_synth_forward	TP1_synth_forward	30	C	499	1088028	2465	62	45	71	224	1091394	0	42293	107	0	3	1	3	42407
TP1_synth_forward	TP1_synth_forward	31	T	2716	120	2380	25	23	25	1086041	1091330	1	1	87	0	1	0	42317	42407
TP1_synth_forward	TP1_synth_forward	32	G	514	428	3310	1085828	58	80	394	1090612	3	1	112	42282	5	1	1	42405
TP1_synth_forward	TP1_synth_forward	33	T	2402	351	4432	17	0	187	1081860	1089249	0	8	129	0	0	2	42260	42399
TP1_synth_forward	TP1_synth_forward	34	T	4080	226	2889	4	22	211	1080775	1088207	3	4	90	0	1	3	42291	42392
TP1_synth_forward	TP1_synth_forward	35	C	802	1082158	3919	45	565	60	290	1087839	0	42253	117	0	14	0	2	42386
TP1_synth_forward	TP1_synth_forward	36	G	445	327	4091	1079002	13	263	2099	1086240	4	1	124	42242	0	3	1	42375
TP1_synth_forward	TP1_synth_forward	37	C	411	1080708	3961	38	74	258	251	1085701	0	42249	113	0	5	2	1	42370
TP1_synth_forward	TP1_synth_forward	38	A	1080308	161	4231	167	9	103	214	1085193	42261	1	100	1	1	1	1	42366
TP1_synth_forward	TP1_synth_forward	39	C	308	1077455	5352	142	153	95	515	1084020	2	42215	128	0	1	1	6	42353
TP1_synth_forward	TP1_synth_forward	40	T	3121	224	8574	23	158	83	1069654	1081837	3	3	227	0	4	1	42099	42337
TP1_synth_forward	TP1_synth_forward	41	C	435	1074532	6255	23	194	152	215	1081806	0	42188	141	0	1	3	2	42335
TP1_synth_forward	TP1_synth_forward	42	C	505	1074420	5698	62	198	58	816	1081757	0	42200	120	0	3	2	8	42333
TP1_synth_forward	TP1_synth_forward	43	G	537	316	6575	1071634	216	79	1823	1081180	4	0	140	42173	6	0	1	42324
TP1_synth_forward	TP1_synth_forward	44	A	1073586	32	6279	97	265	170	92	1080521	42169	0	138	1	8	1	0	42317
TP1_synth_forward	TP1_synth_forward	45	G	275	524	7713	1069842	287	408	1075	1080124	4	0	171	42129	4	3	4	42315
TP1_synth_forward	TP1_synth_forward	46	T	2361	151	6695	50	366	151	1069949	1079723	0	2	152	0	6	1	42146	42307
TP1_synth_forward	TP1_synth_forward	47	G	631	345	6743	1068767	58	186	472	1077202	3	1	151	42140	2	0	0	42297
TP1_synth_forward	TP1_synth_forward	48	C	507	1067635	7399	47	485	409	599	1077081	0	42124	159	0	6	2	0	42291
TP1_synth_forward	TP1_synth_forward	49	G	332	241	6426	1068968	0	312	755	1077034	4	0	155	42129	0	2	0	42290
TP1_synth_forward	TP1_synth_forward	50	G	295	363	6142	1068973	301	169	479	1076722	0	1	143	42132	5	2	1	42284
TP1_synth_forward	TP1_synth_forward	51	C	388	1064802	9318	1406	12	312	438	1076676	1	42111	166	0	0	2	4	42284
TP1_synth_forward	TP1_synth_forward	52	T	2344	110	8612	289	521	233	1064519	1076628	4	1	175	0	4	2	42096	42282
TP1_synth_forward	TP1_synth_forward	53	T	2003	650	6428	102	304	92	1066733	1076312	2	14	142	2	9	1	42111	42281
TP1_synth_forward	TP1_synth_forward	54	G	318	275	7064	1066596	208	219	1123	1075803	0	0	143	42126	5	2	3	42279
TP1_synth_forward	TP1_synth_forward	55	C	432	1066790	6402	58	394	507	1086	1075669	1	42120	126	0	7	4	16	42274
TP1_synth_forward	TP1_synth_forward	56	G	428	207	7110	1066209	7	344	739	1075044	3	0	146	42121	0	1	1	42272
TP1_synth_forward	TP1_synth_forward	57	G	235	154	4996	1067833	201	151	454	1074024	4	0	106	42148	8	2	0	42268
TP1_synth_forward	TP1_synth_forward	58	A	1067025	47	6070	234	339	88	207	1074010	42137	0	124	0	5	1	1	42268
TP1_synth_forward	TP1_synth_forward	59	G	214	165	4567	1068028	239	56	556	1073825	0	0	117	42147	2	0	2	42268
TP1_synth_forward	TP1_synth_forward	60	A	1067879	86	5238	158	5	73	150	1073589	42157	0	109	0	0	2	0	42268
TP1_synth_forward	TP1_synth_forward	61	T	550	319	6134	588	5	135	1065238	1072969	0	1	124	0	0	1	42141	42267
TP1_synth_forward	TP1_synth_forward	62	T	1857	248	4244	544	470	122	1064828	1072313	2	2	85	0	3	2	42172	42266
TP1_synth_forward	TP1_synth_forward	63	C	651	1066653	4176	67	66	177	175	1071965	1	42174	87	0	1	2	0	42265
TP1_synth_forward	TP1_synth_forward	64	T	2769	214	4276	98	316	153	1064035	1071861	3	1	92	0	5	1	42163	42265
TP1_synth_forward	TP1_synth_forward	65	C	313	1067210	3835	51	68	195	164	1071836	0	42178	83	0	3	0	0	42264
TP1_synth_forward	TP1_synth_forward	66	T	2345	210	3537	64	63	99	1065346	1071664	5	4	78	0	0	2	42170	42259
TP1_synth_forward	TP1_synth_forward	67	T	2853	266	2633	106	294	125	1065096	1071373	3	1	50	0	11	3	42190	42258
TP1_synth_forward	TP1_synth_forward	68	C	609	1066629	3546	40	1	141	282	1071248	1	42186	63	0	0	0	1	42251
TP1_synth_forward	TP1_synth_forward	69	C	635	1067428	2265	88	247	193	361	1071217	0	42207	39	0	3	1	1	42251
TP1_synth_forward	TP1_synth_forward	70	T	2496	208	2074	186	314	297	1065598	1071173	0	3	40	1	9	1	42195	42249
TP1_synth_forward	TP1_synth_forward	71	C	612	1066901	2818	28	163	132	182	1070836	0	42203	40	0	2	2	0	42247
TP1_synth_forward	TP1_synth_forward	72	T	3189	116	2834	23	259	167	1064103	1070691	3	0	35	0	2	2	42204	42246
TP1_synth_forward	TP1_synth_forward	73	G	471	719	3579	1065266	28	160	445	1070668	0	3	46	42188	2	3	4	42246
TP1_synth_forward	TP1_synth_forward	74	T	2061	465	1793	44	357	163	1065745	1070628	1	0	18	0	7	2	42218	42246
TP1_synth_forward	TP1_synth_forward	75	G	435	226	1819	1067596	1	149	377	1070603	5	0	16	42220	0	3	2	42246
TP1_synth_forward	TP1_synth_forward	76	C	632	1064894	2159	95	367	260	2157	1070564	1	42196	26	1	2	1	19	42246
TP1_synth_forward	TP1_synth_forward	77	G	762	467	2147	1066039	17	152	900	1070484	5	0	29	42204	1	0	3	42242
TP1_synth_forward	TP1_synth_forward	78	C	301	1065986	2909	50	30	184	1017	1070477	1	42199	39	0	1	1	1	42242
TP1_synth_forward	TP1_synth_forward	79	C	330	1065891	1996	68	922	236	1015	1070458	1	42208	23	0	5	2	3	42242
TP1_synth_forward	TP1_synth_forward	80	G	1215	726	3368	1064262	31	80	721	1070403	4	3	40	42189	3	3	0	42242
TP1_synth_forward	TP1_synth_forward	81	C	317	1066077	3212	41	473	53	204	1070377	1	42209	24	0	7	1	0	42242
TP1_synth_forward	TP1_synth_forward	82	A	1066508	59	3063	275	5	60	393	1070363	42195	0	45	1	1	0	0	42242
TP1_synth_forward	TP1_synth_forward	83	A	1068168	120	1547	232	1	132	156	1070356	42229	0	13	0	0	0	0	42242
TP1_synth_forward	TP1_synth_forward	84	A	1069018	129	378	270	48	351	119	1070313	42234	0	5	1	0	2	0	42242
TP1_synth_forward	TP1_synth_forward	85	G	256	293	302	1068859	72	223	212	1070217	2	0	4	42234	2	0	0	42242
TP1_synth_forward	TP1_synth_forward	86	C	461	1068915	58	176	94	196	203	1070103	2	42236	0	1	0	1	2	42242
TP1_synth_forward	TP1_synth_forward	87	T	3891	117	628	449	128	195	1064552	1069960	16	0	8	1	0	0	42217	42242
TP1_synth_forward	TP1_synth_forward	88	G	483	302	150	1068119	68	100	374	1069596	2	0	3	42228	3	2	1	42239
TP1_synth_forward	TP1_synth_forward	89	T	1607	135	339	40	0	60	1067304	1069485	1	1	6	0	0	1	42229	42238
TP1_synth_forward	TP1_synth_forward	90	T	2481	182	146	46	943	69	1065415	1069282	1	1	3	0	12	0	42220	42237
TP1_synth_forward	TP1_synth_forward	91	C	812	1067185	488	80	0	19	449	1069033	3	42223	8	0	0	0	0	42234
TP1_synth_forward	TP1_synth_forward	92	C	562	1067896	0	58	0	55	321	1068892	1	42230	0	1	0	1	0	42233
TP1_synth_forward	TP1_synth_forward	93	G	873	533	0	1066775	0	85	195	1068461	1	3	0	42221	0	0	3	42228
TP1_synth_forward	TP1_synth_forward	94	T	2292	125	0	107	0	97	1065271	1067892	1	0	0	0	0	1	42222	42224
TP1_synth_forward	TP1_synth_forward	95	C	472	1066330	0	184	0	178	344	1067508	5	42211	0	0	0	1	0	42217
TP1_synth_forward	TP1_synth_forward	96	C	0	1066354	0	1	0	80	0	1066435	0	42215	0	0	0	1	0	42216
TP1_synth_forward	TP1_synth_forward	97	C	0	1063771	0	0	0	94	0	1063865	0	42197	0	0	0	0	0	42197
TP1_synth_forward	TP1_synth_forward	98	A	1058451	0	0	0	0	30	0	1058481	42146	0	0	0	0	1	0	42147
TP1_synth_forward	TP1_synth_forward	99	G	4	0	0	1056484	0	0	0	1056488	0	0	0	42139	0	0	0	42139
TP1_synth_forward	TP1_synth_forward	100	T	0	0	0	0	0	0	1053417	1053417	0	0	0	0	0	0	42127	42127
