



























































































































































































































#AmpliconChromStart	Alias	Position	ProbableRef	rawA	rawC	rawD	rawG	rawI	rawN	rawT	rawDepth	consA	consC	consD	consG	consI	consN	consT	consDepth	
TP1_synth_forward		5	T	0	0	0	0	0	0	1287	1287	0	0	0	0	0	0	978	978
TP1_synth_forward		6	G	0	0	0	2351	0	0	0	2351	0	0	0	1699	0	0	0	1699
TP1_synth_forward		7	A	2983	0	0	0	0	0	0	2983	1781	0	0	0	0	0	0	1781
TP1_synth_forward		8	G	0	0	0	3771	0	1	0	3772	0	0	0	1870	0	1	0	1871
TP1_synth_forward		9	G	0	0	0	4056	0	0	0	4056	0	0	0	1918	0	0	0	1918
TP1_synth_forward		10	C	8	4047	0	0	0	0	1	4056	5	1912	0	0	0	0	1	1918
TP1_synth_forward		11	T	41	1	0	0	0	0	4014	4056	30	1	0	0	0	0	1887	1918
TP1_synth_forward		12	C	6	4050	0	0	0	0	0	4056	1	1917	0	0	0	0	0	1918
TP1_synth_forward		13	C	24	4032	0	0	0	0	0	4056	13	1905	0	0	0	0	0	1918
TP1_synth_forward		14	C	17	4039	0	0	0	0	0	4056	12	1906	0	0	0	0	0	1918
TP1_synth_forward		15	C	13	4038	0	0	1	2	2	4056	10	1905	0	0	1	2	0	1918
TP1_synth_forward		16	T	65	0	6	0	0	0	3985	4056	46	0	5	0	0	0	1867	1918
TP1_synth_forward		17	T	89	0	1	0	0	1	3965	4056	49	0	1	0	0	0	1868	1918
TP1_synth_forward		18	T	23	0	1	0	2	0	4030	4056	10	0	1	0	2	0	1905	1918
TP1_synth_forward		19	A	4053	0	2	0	0	0	1	4056	1915	0	2	0	0	0	1	1918
TP1_synth_forward		20	T	28	1	1	1	0	0	4025	4056	19	1	1	0	0	0	1897	1918
TP1_synth_forward		21	A	4051	0	1	1	0	0	3	4056	1914	0	1	1	0	0	2	1918
TP1_synth_forward		22	C	10	4041	2	2	0	0	1	4056	6	1910	2	0	0	0	0	1918
TP1_synth_forward		23	A	4052	0	3	1	0	0	0	4056	1915	0	3	0	0	0	0	1918
TP1_synth_forward		24	G	0	8	5	4033	0	1	9	4056	0	3	4	1904	0	1	6	1918
TP1_synth_forward		25	A	4041	0	10	2	0	2	1	4056	1909	0	7	2	0	0	0	1918
TP1_synth_forward		26	A	4047	0	6	1	0	1	1	4056	1912	0	4	1	0	1	0	1918
TP1_synth_forward		27	T	58	0	6	6	0	0	3986	4056	26	0	4	1	0	0	1887	1918
TP1_synth_forward		28	A	4049	0	6	0	1	0	0	4056	1913	0	4	0	1	0	0	1918
TP1_synth_forward		29	T	20	2	5	0	1	0	4028	4056	13	2	3	0	1	0	1899	1918
TP1_synth_forward		30	C	4	4047	4	0	0	0	1	4056	2	1913	3	0	0	0	0	1918
TP1_synth_forward		31	T	32	0	4	2	0	0	4018	4056	21	0	2	1	0	0	1894	1918
TP1_synth_forward		32	G	13	29	74	3926	0	0	14	4056	7	13	5	1884	0	0	9	1918
TP1_synth_forward		33	T	90	1	75	0	0	0	3890	4056	55	1	6	0	0	0	1856	1918
TP1_synth_forward		34	T	86	76	74	0	0	1	3819	4056	62	3	5	0	0	1	1847	1918
TP1_synth_forward		35	C	11	3962	79	1	0	0	2	4055	6	1900	9	1	0	0	2	1918
TP1_synth_forward		36	G	2	7	78	4110	0	1	118	4316	1	4	8	1844	0	0	83	1940
TP1_synth_forward		37	C	24	4282	8	0	1	1	0	4316	14	1919	5	0	1	1	0	1940
TP1_synth_forward		38	A	4458	3	7	0	0	0	2	4470	1960	1	6	0	0	0	0	1967
TP1_synth_forward		39	C	14	4586	10	1	1	1	0	4613	9	1959	9	1	1	0	0	1979
TP1_synth_forward		40	T	58	1	16	0	1	0	4768	4844	39	1	14	0	1	0	1943	1998
TP1_synth_forward		41	C	7	4651	179	0	4	1	1	4843	3	1974	19	0	1	0	0	1997
TP1_synth_forward		42	C	27	4800	14	0	0	0	1	4842	11	1973	12	0	0	0	1	1997
TP1_synth_forward		43	G	3	8	14	4732	1	1	82	4841	2	5	11	1923	1	1	54	1997
TP1_synth_forward		44	A	4826	1	9	1	0	1	1	4839	1989	0	7	0	0	0	0	1996
TP1_synth_forward		45	G	1	37	10	4755	2	0	34	4839	0	22	9	1940	2	0	23	1996
TP1_synth_forward		46	T	91	0	16	0	1	0	4888	4996	40	0	14	0	1	0	1960	2015
TP1_synth_forward		47	G	35	24	13	4902	1	1	16	4992	23	16	10	1956	1	1	7	2014
TP1_synth_forward		48	C	28	5371	13	1	0	0	1	5414	13	2046	12	0	0	0	1	2072
TP1_synth_forward		49	G	5	9	12	5523	0	0	64	5613	2	5	11	2030	0	0	43	2091
TP1_synth_forward		50	G	16	12	11	5824	0	0	44	5907	9	5	10	2072	0	0	31	2127
TP1_synth_forward		51	C	10	6574	12	5	0	1	1	6603	5	2181	12	2	0	0	1	2201
TP1_synth_forward		52	T	72	2	14	2	2	0	6511	6603	46	0	14	1	2	0	2138	2201
TP1_synth_forward		53	T	92	2	10	4	1	0	6786	6895	51	2	10	3	0	0	2172	2238
TP1_synth_forward		54	G	21	13	15	6995	1	2	15	7062	13	8	13	2226	1	0	7	2268
TP1_synth_forward		55	C	27	7721	16	1	0	1	13	7779	17	2345	15	1	0	0	2	2380
TP1_synth_forward		56	G	11	4	15	8274	0	0	36	8340	4	2	13	2393	0	0	19	2431
TP1_synth_forward		57	G	6	6	12	8602	1	1	27	8655	3	2	11	2439	1	1	13	2470
TP1_synth_forward		58	A	9619	2	15	2	0	1	3	9642	2535	1	14	1	0	0	1	2552
TP1_synth_forward		59	G	2	14	13	9600	0	0	12	9641	0	10	11	2523	0	0	7	2551
TP1_synth_forward		60	A	10314	2	83	3	0	1	4	10407	2606	1	15	2	0	0	1	2625
TP1_synth_forward		61	T	28	1	18	22	0	1	10483	10553	8	1	15	15	0	0	2621	2660
TP1_synth_forward		62	T	64	1	14	7	1	1	11048	11136	35	0	9	2	1	0	2694	2741
TP1_synth_forward		63	C	14	12016	17	0	0	2	1	12050	4	2823	12	0	0	0	0	2839
TP1_synth_forward		64	T	38	1	13	4	0	1	12356	12413	20	0	8	2	0	0	2863	2893
TP1_synth_forward		65	C	5	12893	11	3	0	3	2	12917	1	2939	8	1	0	2	0	2951
TP1_synth_forward		66	T	60	0	10	5	0	0	12841	12916	31	0	8	0	0	0	2911	2950
TP1_synth_forward		67	T	79	1	6	4	0	3	12951	13044	39	1	5	1	0	1	2932	2979
TP1_synth_forward		68	C	15	13702	172	0	0	1	3	13893	10	3018	14	0	0	1	0	3043
TP1_synth_forward		69	C	23	13814	168	1	0	1	2	14009	12	3035	11	0	0	0	2	3060
TP1_synth_forward		70	T	49	0	5	1	0	1	14386	14442	22	0	5	1	0	0	3039	3067
TP1_synth_forward		71	C	16	14772	6	1	0	1	1	14797	8	3057	5	0	0	0	0	3070
TP1_synth_forward		72	T	63	1	7	0	2	2	14718	14793	32	0	6	0	2	0	3027	3067
TP1_synth_forward		73	G	6	37	7	14722	0	2	19	14793	5	18	6	3026	0	1	11	3067
TP1_synth_forward		74	T	68	2	5	3	4	1	14710	14793	34	1	3	3	4	0	3022	3067
TP1_synth_forward		75	G	11	7	5	14758	0	0	12	14793	6	4	3	3048	0	0	6	3067
TP1_synth_forward		76	C	19	14746	5	4	1	5	11	14791	8	3050	2	2	1	0	3	3066
TP1_synth_forward		77	G	4	9	19	14723	0	3	32	14790	2	4	6	3033	0	1	20	3066
TP1_synth_forward		78	C	14	14749	21	3	0	0	3	14790	10	3047	6	1	0	0	2	3066
TP1_synth_forward		79	C	15	14739	23	2	2	3	6	14790	7	3045	7	2	2	0	3	3066
TP1_synth_forward		80	G	16	12	29	14704	0	0	29	14790	8	5	9	3025	0	0	19	3066
TP1_synth_forward		81	C	8	14749	26	2	1	1	1	14788	4	3051	9	0	0	0	1	3065
TP1_synth_forward		82	A	14752	2	25	5	0	1	3	14788	3056	0	9	0	0	0	0	3065
TP1_synth_forward		83	A	14765	5	9	6	0	1	2	14788	3058	3	4	0	0	0	0	3065
TP1_synth_forward		84	A	14768	4	6	5	0	3	1	14787	3057	2	3	1	0	1	0	3064
TP1_synth_forward		85	G	7	8	1	14751	0	0	15	14782	5	4	1	3047	0	0	4	3061
TP1_synth_forward		86	C	17	14752	1	5	0	2	1	14778	6	3051	1	0	0	0	1	3059
TP1_synth_forward		87	T	91	1	1	6	1	0	14672	14772	38	0	1	3	0	0	3014	3056
TP1_synth_forward		88	G	11	22	1	14724	0	1	7	14766	9	12	0	3028	0	1	4	3054
TP1_synth_forward		89	T	90	5	0	4	0	0	14662	14761	54	1	0	1	0	0	2996	3052
TP1_synth_forward		90	T	57	1	0	2	1	2	14692	14755	28	0	0	0	0	0	3021	3049
TP1_synth_forward		91	C	8	14734	1	3	0	1	4	14751	3	3042	0	0	0	0	2	3047
TP1_synth_forward		92	C	17	14720	0	4	0	0	4	14745	6	3034	0	2	0	0	1	3043
TP1_synth_forward		93	G	30	10	0	14690	0	0	7	14737	19	5	0	3015	0	0	3	3042
TP1_synth_forward		94	T	70	4	0	10	0	0	14646	14730	22	1	0	3	0	0	3012	3038
TP1_synth_forward		95	C	5	14717	0	0	0	4	3	14729	4	3030	0	0	0	1	2	3037
TP1_synth_forward		96	C	0	14693	0	0	0	1	0	14694	0	3027	0	0	0	0	0	3027
TP1_synth_forward		97	C	0	14665	0	0	0	2	0	14667	0	3020	0	0	0	1	0	3021
TP1_synth_forward		98	A	14570	0	0	0	0	0	0	14570	3008	0	0	0	0	0	0	3008
TP1_synth_forward		99	G	0	0	0	14528	0	0	0	14528	0	0	0	2988	0	0	0	2988
TP1_synth_forward		100	T	0	0	0	0	0	0	14383	14383	0	0	0	0	0	0	2955	2955
TP1_synth_forward	TP1_synth_forward	1	G	0	0	0	1082639	0	0	0	1082639	0	0	0	96853	0	0	0	96853
TP1_synth_forward	TP1_synth_forward	2	T	0	0	0	0	0	0	1084753	1084753	0	0	0	0	0	0	97523	97523
TP1_synth_forward	TP1_synth_forward	3	G	0	0	0	1089069	0	22	0	1089091	0	0	0	99076	0	12	0	99088
TP1_synth_forward	TP1_synth_forward	4	G	0	0	0	1091385	0	9	0	1091394	0	0	0	100197	0	0	0	100197
TP1_synth_forward	TP1_synth_forward	5	T	0	0	0	0	0	24	1091370	1091394	0	0	0	0	0	1	100196	100197
TP1_synth_forward	TP1_synth_forward	6	G	211	118	0	1090564	0	278	223	1091394	13	10	0	100079	0	68	27	100197
TP1_synth_forward	TP1_synth_forward	7	A	1090745	30	0	159	0	259	201	1091394	100142	1	0	5	0	40	9	100197
TP1_synth_forward	TP1_synth_forward	8	G	188	53	0	1090830	1	46	276	1091394	13	2	0	100154	0	1	27	100197
TP1_synth_forward	TP1_synth_forward	9	G	339	174	0	1090094	24	416	347	1091394	13	52	0	100076	4	27	25	100197
TP1_synth_forward	TP1_synth_forward	10	C	187	1090575	68	31	37	261	235	1091394	22	100076	6	6	0	76	11	100197
TP1_synth_forward	TP1_synth_forward	11	T	616	164	339	22	735	209	1089309	1091394	127	10	18	1	53	54	99934	100197
TP1_synth_forward	TP1_synth_forward	12	C	207	1085936	4880	32	1	72	266	1091394	34	99908	202	3	0	31	19	100197
TP1_synth_forward	TP1_synth_forward	13	C	437	1090563	7	23	1	156	207	1091394	70	100093	1	1	0	25	7	100197
TP1_synth_forward	TP1_synth_forward	14	C	381	1090691	0	51	33	49	189	1091394	47	100113	0	0	4	15	18	100197
TP1_synth_forward	TP1_synth_forward	15	C	244	1090512	70	15	233	143	177	1091394	41	100090	11	0	28	15	12	100197
TP1_synth_forward	TP1_synth_forward	16	T	684	839	2845	23	0	84	1086919	1091394	156	30	270	2	0	7	99732	100197
TP1_synth_forward	TP1_synth_forward	17	T	527	217	432	30	0	75	1090113	1091394	131	18	39	1	0	45	99963	100197
TP1_synth_forward	TP1_synth_forward	18	T	376	113	729	31	382	233	1089530	1091394	82	5	67	2	28	60	99953	100197
TP1_synth_forward	TP1_synth_forward	19	A	1088392	6	2400	127	53	117	299	1091394	99983	0	171	5	8	17	13	100197
TP1_synth_forward	TP1_synth_forward	20	T	487	220	1561	65	117	145	1088799	1091394	130	11	101	8	12	38	99897	100197
TP1_synth_forward	TP1_synth_forward	21	A	1089509	20	1172	139	2	145	407	1091394	100034	3	99	9	2	23	27	100197
TP1_synth_forward	TP1_synth_forward	22	C	331	1088543	1832	76	200	79	333	1091394	57	99940	134	8	11	27	20	100197
TP1_synth_forward	TP1_synth_forward	23	A	1088386	20	2130	190	134	285	249	1091394	99894	5	173	19	19	70	17	100197
TP1_synth_forward	TP1_synth_forward	24	G	250	69	2774	1087260	353	263	425	1091394	21	13	220	99747	30	90	76	100197
TP1_synth_forward	TP1_synth_forward	25	A	1087352	23	3526	194	1	152	146	1091394	99836	4	258	7	1	83	8	100197
TP1_synth_forward	TP1_synth_forward	26	A	1089518	17	1465	142	0	81	171	1091394	99991	1	156	5	0	28	16	100197
TP1_synth_forward	TP1_synth_forward	27	T	1294	179	1937	111	147	84	1087642	1091394	303	13	211	3	15	4	99648	100197
TP1_synth_forward	TP1_synth_forward	28	A	1088746	33	2007	86	205	128	189	1091394	99981	3	177	5	12	9	10	100197
TP1_synth_forward	TP1_synth_forward	29	T	698	113	1794	401	16	167	1088205	1091394	171	5	179	30	8	95	99709	100197
TP1_synth_forward	TP1_synth_forward	30	C	499	1088028	2465	62	45	71	224	1091394	105	99811	243	5	10	9	14	100197
TP1_synth_forward	TP1_synth_forward	31	T	2716	120	2380	25	23	25	1086041	1091330	647	5	214	3	17	0	99276	100162
TP1_synth_forward	TP1_synth_forward	32	G	514	428	3310	1085828	58	80	394	1090612	65	76	301	99559	11	13	95	100120
TP1_synth_forward	TP1_synth_forward	33	T	2402	351	4432	17	0	187	1081860	1089249	425	15	358	1	0	80	99185	100064
TP1_synth_forward	TP1_synth_forward	34	T	4080	226	2889	4	22	211	1080775	1088207	717	16	247	0	5	65	98940	99990
TP1_synth_forward	TP1_synth_forward	35	C	802	1082158	3919	45	565	60	290	1087839	178	99361	336	2	44	12	28	99961
TP1_synth_forward	TP1_synth_forward	36	G	445	327	4091	1079002	13	263	2099	1086240	25	97	344	98948	2	97	371	99884
TP1_synth_forward	TP1_synth_forward	37	C	411	1080708	3961	38	74	258	251	1085701	85	99394	314	2	13	22	11	99841
TP1_synth_forward	TP1_synth_forward	38	A	1080308	161	4231	167	9	103	214	1085193	99432	17	293	10	4	25	18	99799
TP1_synth_forward	TP1_synth_forward	39	C	308	1077455	5352	142	153	95	515	1084020	67	99199	368	8	3	31	31	99707
TP1_synth_forward	TP1_synth_forward	40	T	3121	224	8574	23	158	83	1069654	1081837	682	16	624	5	14	12	98163	99516
TP1_synth_forward	TP1_synth_forward	41	C	435	1074532	6255	23	194	152	215	1081806	113	98845	423	0	2	101	18	99502
TP1_synth_forward	TP1_synth_forward	42	C	505	1074420	5698	62	198	58	816	1081757	117	98939	352	5	10	16	40	99479
TP1_synth_forward	TP1_synth_forward	43	G	537	316	6575	1071634	216	79	1823	1081180	38	110	417	98443	12	10	400	99430
TP1_synth_forward	TP1_synth_forward	44	A	1073586	32	6279	97	265	170	92	1080521	98962	6	385	6	17	16	3	99395
TP1_synth_forward	TP1_synth_forward	45	G	275	524	7713	1069842	287	408	1075	1080124	19	126	483	98346	18	103	255	99350
TP1_synth_forward	TP1_synth_forward	46	T	2361	151	6695	50	366	151	1069949	1079723	464	15	420	3	18	50	98325	99295
TP1_synth_forward	TP1_synth_forward	47	G	631	345	6743	1068767	58	186	472	1077202	110	105	422	98418	10	12	105	99182
TP1_synth_forward	TP1_synth_forward	48	C	507	1067635	7399	47	485	409	599	1077081	93	98477	437	2	29	80	38	99156
TP1_synth_forward	TP1_synth_forward	49	G	332	241	6426	1068968	0	312	755	1077034	25	95	415	98281	0	131	183	99130
TP1_synth_forward	TP1_synth_forward	50	G	295	363	6142	1068973	301	169	479	1076722	50	112	381	98398	18	33	102	99094
TP1_synth_forward	TP1_synth_forward	51	C	388	1064802	9318	1406	12	312	438	1076676	72	98370	514	59	6	17	32	99070
TP1_synth_forward	TP1_synth_forward	52	T	2344	110	8612	289	521	233	1064519	1076628	603	9	509	17	11	16	97880	99045
TP1_synth_forward	TP1_synth_forward	53	T	2003	650	6428	102	304	92	1066733	1076312	473	55	404	8	23	6	98051	99020
TP1_synth_forward	TP1_synth_forward	54	G	318	275	7064	1066596	208	219	1123	1075803	54	82	443	98208	18	68	117	98990
TP1_synth_forward	TP1_synth_forward	55	C	432	1066790	6402	58	394	507	1086	1075669	86	98254	386	4	25	145	69	98969
TP1_synth_forward	TP1_synth_forward	56	G	428	207	7110	1066209	7	344	739	1075044	32	80	435	98209	1	42	137	98936
TP1_synth_forward	TP1_synth_forward	57	G	235	154	4996	1067833	201	151	454	1074024	32	43	305	98376	19	9	88	98872
TP1_synth_forward	TP1_synth_forward	58	A	1067025	47	6070	234	339	88	207	1074010	98438	2	372	12	24	8	13	98869
TP1_synth_forward	TP1_synth_forward	59	G	214	165	4567	1068028	239	56	556	1073825	19	51	320	98319	10	15	111	98845
TP1_synth_forward	TP1_synth_forward	60	A	1067879	86	5238	158	5	73	150	1073589	98477	9	303	11	1	20	7	98828
TP1_synth_forward	TP1_synth_forward	61	T	550	319	6134	588	5	135	1065238	1072969	121	15	364	90	1	16	98178	98785
TP1_synth_forward	TP1_synth_forward	62	T	1857	248	4244	544	470	122	1064828	1072313	427	15	264	71	16	27	97877	98697
TP1_synth_forward	TP1_synth_forward	63	C	651	1066653	4176	67	66	177	175	1071965	134	98210	276	9	7	19	5	98660
TP1_synth_forward	TP1_synth_forward	64	T	2769	214	4276	98	316	153	1064035	1071861	568	12	273	6	16	37	97715	98627
TP1_synth_forward	TP1_synth_forward	65	C	313	1067210	3835	51	68	195	164	1071836	56	98276	244	2	11	16	8	98613
TP1_synth_forward	TP1_synth_forward	66	T	2345	210	3537	64	63	99	1065346	1071664	536	17	246	2	2	14	97776	98593
TP1_synth_forward	TP1_synth_forward	67	T	2853	266	2633	106	294	125	1065096	1071373	567	17	181	12	28	12	97746	98563
TP1_synth_forward	TP1_synth_forward	68	C	609	1066629	3546	40	1	141	282	1071248	103	98175	241	6	1	7	13	98546
TP1_synth_forward	TP1_synth_forward	69	C	635	1067428	2265	88	247	193	361	1071217	120	98143	155	12	11	76	11	98528
TP1_synth_forward	TP1_synth_forward	70	T	2496	208	2074	186	314	297	1065598	1071173	568	9	142	9	24	70	97689	98511
TP1_synth_forward	TP1_synth_forward	71	C	612	1066901	2818	28	163	132	182	1070836	122	98168	159	0	10	13	10	98482
TP1_synth_forward	TP1_synth_forward	72	T	3189	116	2834	23	259	167	1064103	1070691	650	6	137	3	10	53	97598	98457
TP1_synth_forward	TP1_synth_forward	73	G	471	719	3579	1065266	28	160	445	1070668	57	145	166	97948	2	20	102	98440
TP1_synth_forward	TP1_synth_forward	74	T	2061	465	1793	44	357	163	1065745	1070628	366	9	77	3	19	9	97950	98433
TP1_synth_forward	TP1_synth_forward	75	G	435	226	1819	1067596	1	149	377	1070603	52	68	76	98105	0	14	96	98411
TP1_synth_forward	TP1_synth_forward	76	C	632	1064894	2159	95	367	260	2157	1070564	113	98020	104	5	18	31	111	98402
TP1_synth_forward	TP1_synth_forward	77	G	762	467	2147	1066039	17	152	900	1070484	50	154	121	97882	7	8	148	98370
TP1_synth_forward	TP1_synth_forward	78	C	301	1065986	2909	50	30	184	1017	1070477	44	98132	146	4	5	10	27	98368
TP1_synth_forward	TP1_synth_forward	79	C	330	1065891	1996	68	922	236	1015	1070458	49	98087	84	3	34	75	29	98361
TP1_synth_forward	TP1_synth_forward	80	G	1215	726	3368	1064262	31	80	721	1070403	50	217	158	97707	8	13	176	98329
TP1_synth_forward	TP1_synth_forward	81	C	317	1066077	3212	41	473	53	204	1070377	65	98084	118	6	30	4	8	98315
TP1_synth_forward	TP1_synth_forward	82	A	1066508	59	3063	275	5	60	393	1070363	98112	8	149	14	2	4	21	98310
TP1_synth_forward	TP1_synth_forward	83	A	1068168	120	1547	232	1	132	156	1070356	98201	17	58	8	0	11	11	98306
TP1_synth_forward	TP1_synth_forward	84	A	1069018	129	378	270	48	351	119	1070313	98200	9	16	11	9	47	3	98295
TP1_synth_forward	TP1_synth_forward	85	G	256	293	302	1068859	72	223	212	1070217	65	80	19	98023	6	11	37	98241
TP1_synth_forward	TP1_synth_forward	86	C	461	1068915	58	176	94	196	203	1070103	91	98062	0	14	6	14	13	98200
TP1_synth_forward	TP1_synth_forward	87	T	3891	117	628	449	128	195	1064552	1069960	768	5	27	22	8	65	97266	98161
TP1_synth_forward	TP1_synth_forward	88	G	483	302	150	1068119	68	100	374	1069596	94	47	10	97865	4	15	70	98105
TP1_synth_forward	TP1_synth_forward	89	T	1607	135	339	40	0	60	1067304	1069485	216	6	25	1	0	25	97798	98071
TP1_synth_forward	TP1_synth_forward	90	T	2481	182	146	46	943	69	1065415	1069282	405	8	11	2	53	50	97487	98016
TP1_synth_forward	TP1_synth_forward	91	C	812	1067185	488	80	0	19	449	1069033	116	97809	31	6	0	6	18	97986
TP1_synth_forward	TP1_synth_forward	92	C	562	1067896	0	58	0	55	321	1068892	36	97904	0	4	0	2	15	97961
TP1_synth_forward	TP1_synth_forward	93	G	873	533	0	1066775	0	85	195	1068461	75	127	0	97672	0	9	21	97904
TP1_synth_forward	TP1_synth_forward	94	T	2292	125	0	107	0	97	1065271	1067892	338	8	0	13	0	50	97440	97849
TP1_synth_forward	TP1_synth_forward	95	C	472	1066330	0	184	0	178	344	1067508	47	97709	0	17	0	31	15	97819
TP1_synth_forward	TP1_synth_forward	96	C	0	1066354	0	1	0	80	0	1066435	0	97700	0	0	0	36	0	97736
TP1_synth_forward	TP1_synth_forward	97	C	0	1063771	0	0	0	94	0	1063865	0	97573	0	0	0	7	0	97580
TP1_synth_forward	TP1_synth_forward	98	A	1058451	0	0	0	0	30	0	1058481	97265	0	0	0	0	6	0	97271
TP1_synth_forward	TP1_synth_forward	99	G	4	0	0	1056484	0	0	0	1056488	1	0	0	96987	0	0	0	96988
TP1_synth_forward	TP1_synth_forward	100	T	0	0	0	0	0	0	1053417	1053417	0	0	0	0	0	0	96599	96599
