



























































































































































































































#AmpliconChromStart	Alias	Position	ProbableRef	rawA	rawC	rawD	rawG	rawI	rawN	rawT	rawDepth	consA	consC	consD	consG	consI	consN	consT	consDepth
TP1_synth_reverse		1	G	0	0	0	626425	0	0	0	626425	0	0	0	7349	0	0	0	7349
TP1_synth_reverse		2	T	0	0	0	0	0	0	628944	628944	0	0	0	0	0	0	7367	7367
TP1_synth_reverse		3	G	0	0	0	630674	0	16	0	630690	0	0	0	7377	0	0	0	7377
TP1_synth_reverse		4	G	0	0	0	631302	0	22	0	631324	0	0	0	7382	0	0	0	7382
TP1_synth_reverse		5	T	0	0	0	0	0	63	631908	631971	0	0	0	0	0	0	7387	7387
TP1_synth_reverse		6	G	145	51	0	632029	0	93	219	632537	1	0	0	7388	0	0	1	7390
TP1_synth_reverse		7	A	632785	13	0	70	0	54	77	632999	7393	0	0	0	0	0	0	7393
TP1_synth_reverse		8	G	82	45	0	632666	0	281	62	633136	0	0	0	7395	0	0	0	7395
TP1_synth_reverse		9	G	109	74	0	632866	0	37	106	633192	0	0	0	7396	0	0	0	7396
TP1_synth_reverse		10	C	184	632697	31	28	0	11	241	633192	0	7395	1	0	0	0	0	7396
TP1_synth_reverse		11	T	210	95	49	16	288	28	632506	633192	0	0	1	0	3	0	7392	7396
TP1_synth_reverse		12	C	176	631860	933	12	0	64	243	633288	0	7387	10	0	0	0	0	7397
TP1_synth_reverse		13	C	277	632564	3	13	0	238	193	633288	0	7396	0	0	0	0	1	7397
TP1_synth_reverse		14	C	237	632857	0	15	1	56	122	633288	0	7397	0	0	0	0	0	7397
TP1_synth_reverse		15	C	160	632164	0	18	801	9	136	633288	0	7393	0	0	4	0	0	7397
TP1_synth_reverse		16	T	434	73	1256	21	0	17	631496	633297	0	0	9	0	0	0	7388	7397
TP1_synth_reverse		17	T	411	85	1	12	1	5	632829	633344	0	0	0	0	0	0	7398	7398
TP1_synth_reverse		18	T	323	81	2	21	57	16	632918	633418	0	0	0	0	1	0	7398	7399
TP1_synth_reverse		19	C	358	657304	414	23	235	77	251	658662	0	7416	4	0	3	0	3	7426
TP1_synth_reverse		20	T	474	53	120	48	1	96	657870	658662	0	0	2	0	0	0	7424	7426
TP1_synth_reverse		21	T	1700	130	257	66	178	31	656315	658677	0	0	2	0	2	0	7422	7426
TP1_synth_reverse		22	G	180	642	577	656168	754	18	359	658698	1	0	4	7417	5	0	0	7427
TP1_synth_reverse		23	C	548	656608	425	322	267	50	478	658698	0	7416	4	2	2	0	3	7427
TP1_synth_reverse		24	G	183	157	1099	656809	1	25	424	658698	0	2	12	7413	0	0	0	7427
TP1_synth_reverse		25	G	154	399	36	657843	21	55	190	658698	0	0	1	7426	0	0	0	7427
TP1_synth_reverse		26	A	658435	11	9	94	2	11	169	658731	7427	0	0	0	0	0	1	7428
TP1_synth_reverse		27	G	75	217	47	657095	234	97	966	658731	0	0	1	7422	2	0	3	7428
TP1_synth_reverse		28	A	657555	91	628	52	292	29	84	658731	7422	0	3	0	3	0	0	7428
TP1_synth_reverse		29	T	517	74	296	707	0	112	657025	658731	0	0	2	0	0	0	7426	7428
TP1_synth_reverse		30	T	2612	99	387	75	3	44	655511	658731	0	0	2	0	0	0	7426	7428
TP1_synth_reverse		31	C	675	656954	576	41	0	64	422	658732	0	7423	4	0	0	0	2	7429
TP1_synth_reverse		32	T	904	74	279	110	1	13	657333	658714	0	0	3	0	0	0	7426	7429
TP1_synth_reverse		33	C	737	656977	363	212	93	35	286	658703	0	7419	5	1	2	0	2	7429
TP1_synth_reverse		34	T	2414	85	193	1684	1	75	654245	658697	0	0	2	0	0	0	7427	7429
TP1_synth_reverse		35	T	3175	137	7	306	1	40	655011	658677	0	2	0	0	0	0	7427	7429
TP1_synth_reverse		36	C	432	657441	361	62	0	94	284	658674	0	7424	3	0	0	0	2	7429
TP1_synth_reverse		37	C	420	657360	5	434	0	39	380	658638	0	7427	0	0	0	0	2	7429
TP1_synth_reverse		38	T	1751	35	223	77	2	17	656508	658613	0	0	1	0	0	0	7428	7429
TP1_synth_reverse		39	C	301	657573	482	124	1	32	90	658603	0	7422	7	0	0	0	0	7429
TP1_synth_reverse		40	T	1471	54	249	109	73	172	656462	658590	0	0	3	0	1	0	7425	7429
TP1_synth_reverse		41	G	144	1286	200	653340	2	39	3563	658574	0	0	2	7427	0	0	0	7429
TP1_synth_reverse		42	T	2984	80	677	139	36	47	654608	658571	0	0	3	0	0	0	7426	7429
TP1_synth_reverse		43	G	92	257	194	654275	0	86	3679	658583	0	0	2	7427	0	0	0	7429
TP1_synth_reverse		44	C	575	656679	280	43	24	13	985	658599	0	7424	2	0	0	0	3	7429
TP1_synth_reverse		45	G	166	165	441	654137	88	27	3567	658591	0	0	5	7420	2	0	2	7429
TP1_synth_reverse		46	C	1010	656059	1116	120	0	31	292	658628	0	7418	9	0	0	0	3	7430
TP1_synth_reverse		47	C	277	657716	0	158	211	10	254	658626	0	7426	0	1	2	0	1	7430
TP1_synth_reverse		48	G	233	1295	563	652412	178	23	3900	658604	1	0	5	7423	1	0	0	7430
TP1_synth_reverse		49	A	657496	50	129	45	1	12	143	657876	7553	0	2	0	0	0	0	7555
TP1_synth_reverse		50	T	2872	82	153	23	2	48	654949	658129	0	0	1	0	0	0	7556	7557
TP1_synth_reverse		51	A	657419	39	487	63	1	74	121	658204	7553	0	5	0	0	0	0	7558
TP1_synth_reverse		52	C	533	656081	999	47	1	65	463	658189	0	7548	6	0	0	0	4	7558
TP1_synth_reverse		53	A	657474	30	116	182	271	46	98	658217	7556	0	1	0	2	0	0	7559
TP1_synth_reverse		54	G	373	370	441	655393	326	67	1237	658207	0	0	2	7555	2	0	0	7559
TP1_synth_reverse		55	A	657724	130	447	78	0	81	91	658551	7558	0	2	0	0	0	0	7560
TP1_synth_reverse		56	A	658179	9	0	57	110	55	140	658550	7559	0	0	0	1	0	0	7560
TP1_synth_reverse		57	T	3262	36	232	157	676	13	654148	658524	1	0	1	0	2	0	7556	7560
TP1_synth_reverse		58	A	657623	18	624	136	2	68	130	658601	7558	0	3	0	0	0	0	7561
TP1_synth_reverse		59	T	1518	36	309	191	44	56	656409	658563	0	0	0	0	1	0	7560	7561
TP1_synth_reverse		60	C	2191	655859	53	93	94	122	149	658561	0	7560	1	0	0	0	1	7562
TP1_synth_reverse		61	T	990	138	170	790	0	102	656442	658632	0	1	1	0	0	0	7561	7563
TP1_synth_reverse		62	G	499	254	59	656177	5	90	1570	658654	0	0	1	7559	0	0	4	7564
TP1_synth_reverse		63	T	5355	76	326	51	0	29	652902	658739	0	0	2	0	0	0	7563	7565
TP1_synth_reverse		64	T	2199	91	2	183	211	60	656012	658758	0	1	0	0	1	0	7564	7566
TP1_synth_reverse		65	C	627	657093	524	23	144	51	318	658780	0	7561	4	0	1	0	1	7567
TP1_synth_reverse		66	G	1208	270	133	656275	6	49	832	658773	1	0	1	7565	0	0	0	7567
TP1_synth_reverse		67	C	920	657267	461	19	36	104	106	658913	0	7568	0	0	0	0	0	7568
TP1_synth_reverse		68	A	658118	483	7	182	0	95	56	658941	7569	0	0	0	0	0	0	7569
TP1_synth_reverse		69	C	100	657590	331	29	2	36	845	658933	0	7561	2	0	0	0	6	7569
TP1_synth_reverse		70	T	910	85	112	694	5	90	657021	658917	0	0	0	0	0	0	7569	7569
TP1_synth_reverse		71	C	282	657724	691	52	0	67	97	658913	0	7567	2	0	0	0	0	7569
TP1_synth_reverse		72	C	757	657884	3	40	1	99	120	658904	0	7569	0	0	0	0	0	7569
TP1_synth_reverse		73	G	794	291	345	656910	335	72	137	658884	0	0	3	7566	0	0	0	7569
TP1_synth_reverse		74	A	658242	184	148	74	126	80	29	658883	7567	0	1	0	1	0	0	7569
TP1_synth_reverse		75	G	429	168	940	657051	0	38	229	658855	0	0	4	7564	0	0	1	7569
TP1_synth_reverse		76	T	6166	73	431	76	47	116	651925	658834	0	0	1	0	0	0	7568	7569
TP1_synth_reverse		77	G	420	329	343	656673	1	57	992	658815	0	0	1	7568	0	0	0	7569
TP1_synth_reverse		78	C	302	656048	301	77	326	190	1559	658803	1	7554	5	0	3	0	6	7569
TP1_synth_reverse		79	G	519	1405	75	655289	1	74	1341	658704	3	2	0	7564	0	0	0	7569
TP1_synth_reverse		80	G	202	185	0	657157	111	135	835	658625	1	0	0	7567	1	0	0	7569
TP1_synth_reverse		81	C	164	656371	504	48	1126	213	157	658583	0	7565	3	0	1	0	0	7569
TP1_synth_reverse		82	A	630794	16	2025	85	2	78	207	633207	7412	0	3	0	0	0	0	7415
TP1_synth_reverse		83	A	632942	19	17	53	0	53	113	633197	7415	0	0	0	0	0	0	7415
TP1_synth_reverse		84	A	632817	26	41	91	1	58	109	633143	7415	0	0	0	0	0	0	7415
TP1_synth_reverse		85	G	232	181	43	631468	77	13	966	632980	0	0	0	7415	0	0	0	7415
TP1_synth_reverse		86	C	423	632341	0	28	9	25	109	632935	1	7414	0	0	0	0	0	7415
TP1_synth_reverse		87	T	1792	53	15	72	223	104	630598	632857	0	0	0	0	0	0	7415	7415
TP1_synth_reverse		88	G	240	252	14	632102	86	34	94	632822	0	0	0	7415	0	0	0	7415
TP1_synth_reverse		89	T	836	72	205	21	0	78	631512	632724	0	0	0	0	0	0	7415	7415
TP1_synth_reverse		90	T	970	84	0	27	1	127	631205	632414	0	0	0	0	0	0	7415	7415
TP1_synth_reverse		91	C	372	631777	0	44	0	22	157	632372	0	7414	0	0	0	0	1	7415
TP1_synth_reverse		92	C	293	631269	0	25	0	91	158	631836	0	7415	0	0	0	0	0	7415
TP1_synth_reverse		93	G	470	155	0	630386	0	17	58	631086	1	0	0	7414	0	0	0	7415
TP1_synth_reverse		94	T	930	84	0	38	0	63	628548	629663	0	0	0	0	0	0	7412	7412
TP1_synth_reverse		95	C	0	629249	0	0	0	71	0	629320	0	7412	0	0	0	0	0	7412
TP1_synth_reverse		96	C	0	628870	0	0	0	9	0	628879	0	7412	0	0	0	0	0	7412
TP1_synth_reverse		97	C	0	627842	0	0	0	8	0	627850	0	7412	0	0	0	0	0	7412
TP1_synth_reverse		98	A	625577	0	0	0	0	0	0	625577	7412	0	0	0	0	0	0	7412
TP1_synth_reverse		99	G	0	0	0	624450	0	0	0	624450	0	0	0	7409	0	0	0	7409
