



























































































































































































































#AmpliconChromStart	Alias	Position	ProbableRef	rawA	rawC	rawD	rawG	rawI	rawN	rawT	rawDepth	consA	consC	consD	consG	consI	consN	consT	consDepth	
TP1_synth_reverse		1	G	0	0	0	626425	0	0	0	626425	0	0	0	7726	0	0	0	7726
TP1_synth_reverse		2	T	0	0	0	0	0	0	628944	628944	0	0	0	0	0	0	7744	7744
TP1_synth_reverse		3	G	0	0	0	630674	0	16	0	630690	0	0	0	7754	0	0	0	7754
TP1_synth_reverse		4	G	0	0	0	631302	0	22	0	631324	0	0	0	7759	0	0	0	7759
TP1_synth_reverse		5	T	0	0	0	0	0	63	631908	631971	0	0	0	0	0	0	7764	7764
TP1_synth_reverse		6	G	145	51	0	632029	0	93	219	632537	1	0	0	7765	0	0	1	7767
TP1_synth_reverse		7	A	632785	13	0	70	0	54	77	632999	7770	0	0	0	0	0	0	7770
TP1_synth_reverse		8	G	82	45	0	632666	0	281	62	633136	0	0	0	7772	0	0	0	7772
TP1_synth_reverse		9	G	109	74	0	632866	0	37	106	633192	0	0	0	7773	0	0	0	7773
TP1_synth_reverse		10	C	184	632697	31	28	0	11	241	633192	0	7772	1	0	0	0	0	7773
TP1_synth_reverse		11	T	210	95	49	16	288	28	632506	633192	0	0	1	0	3	0	7769	7773
TP1_synth_reverse		12	C	176	631860	933	12	0	64	243	633288	0	7764	10	0	0	0	0	7774
TP1_synth_reverse		13	C	277	632564	3	13	0	238	193	633288	0	7773	0	0	0	0	1	7774
TP1_synth_reverse		14	C	237	632857	0	15	1	56	122	633288	0	7774	0	0	0	0	0	7774
TP1_synth_reverse		15	C	160	632164	0	18	801	9	136	633288	0	7770	0	0	4	0	0	7774
TP1_synth_reverse		16	T	434	73	1256	21	0	17	631496	633297	0	0	10	0	0	0	7764	7774
TP1_synth_reverse		17	T	411	85	1	12	1	5	632829	633344	0	0	0	0	0	0	7775	7775
TP1_synth_reverse		18	T	323	81	2	21	57	16	632918	633418	0	0	0	0	1	0	7775	7776
TP1_synth_reverse		19	C	358	657304	414	23	235	77	251	658662	0	7796	4	0	4	0	3	7807
TP1_synth_reverse		20	T	474	53	120	48	1	96	657870	658662	0	0	2	0	0	0	7805	7807
TP1_synth_reverse		21	T	1700	130	257	66	178	31	656315	658677	0	0	2	0	3	0	7802	7807
TP1_synth_reverse		22	G	180	642	577	656168	754	18	359	658698	1	0	4	7798	5	0	0	7808
TP1_synth_reverse		23	C	548	656608	425	322	267	50	478	658698	0	7795	5	2	3	0	3	7808
TP1_synth_reverse		24	G	183	157	1099	656809	1	25	424	658698	0	2	14	7792	0	0	0	7808
TP1_synth_reverse		25	G	154	399	36	657843	21	55	190	658698	0	0	1	7807	0	0	0	7808
TP1_synth_reverse		26	A	658435	11	9	94	2	11	169	658731	7808	0	0	0	0	0	1	7809
TP1_synth_reverse		27	G	75	217	47	657095	234	97	966	658731	0	0	1	7803	2	0	3	7809
TP1_synth_reverse		28	A	657595	91	628	52	292	29	84	658771	7804	0	3	0	3	0	0	7810
TP1_synth_reverse		29	T	517	74	296	707	0	112	657065	658771	0	0	2	0	0	0	7808	7810
TP1_synth_reverse		30	T	2612	99	387	75	3	44	655551	658771	0	0	2	0	0	0	7808	7810
TP1_synth_reverse		31	C	675	656970	576	41	0	64	422	658748	0	7803	5	0	0	0	2	7810
TP1_synth_reverse		32	T	904	74	279	110	1	13	657349	658730	0	0	3	0	0	0	7807	7810
TP1_synth_reverse		33	C	738	656992	363	212	93	35	286	658719	0	7800	5	1	2	0	2	7810
TP1_synth_reverse		34	T	2415	85	193	1684	1	75	654260	658713	0	0	3	0	0	0	7807	7810
TP1_synth_reverse		35	T	3175	137	7	306	1	40	655027	658693	0	2	0	0	0	0	7808	7810
TP1_synth_reverse		36	C	432	657457	361	62	0	94	284	658690	0	7805	3	0	0	0	2	7810
TP1_synth_reverse		37	C	419	657377	5	434	0	39	380	658654	0	7807	0	0	0	0	3	7810
TP1_synth_reverse		38	T	1750	35	223	77	2	17	656525	658629	0	0	1	0	0	0	7809	7810
TP1_synth_reverse		39	C	301	657589	482	124	1	32	90	658619	0	7803	7	0	0	0	0	7810
TP1_synth_reverse		40	T	1473	54	249	109	73	172	656476	658606	0	0	3	0	1	0	7806	7810
TP1_synth_reverse		41	G	144	1285	200	653355	2	39	3565	658590	0	0	2	7808	0	0	0	7810
TP1_synth_reverse		42	T	2984	80	677	139	36	47	654624	658587	0	0	3	0	0	0	7807	7810
TP1_synth_reverse		43	G	92	257	194	654280	0	86	3690	658599	0	0	3	7807	0	0	0	7810
TP1_synth_reverse		44	C	574	656696	280	43	24	13	985	658615	0	7805	2	0	0	0	3	7810
TP1_synth_reverse		45	G	166	165	441	654145	88	27	3575	658607	0	0	5	7801	2	0	2	7810
TP1_synth_reverse		46	C	1008	656077	1116	120	0	31	292	658644	0	7799	9	0	0	0	3	7811
TP1_synth_reverse		47	C	276	657733	0	158	211	10	254	658642	0	7807	0	1	2	0	1	7811
TP1_synth_reverse		48	G	233	1294	563	652410	178	23	3919	658620	1	0	5	7804	1	0	0	7811
TP1_synth_reverse		49	A	657512	50	129	45	1	12	143	657892	7937	0	2	0	0	0	0	7939
TP1_synth_reverse		50	T	2873	82	153	23	2	48	654964	658145	0	0	1	0	0	0	7940	7941
TP1_synth_reverse		51	A	657435	39	487	63	1	74	121	658220	7937	0	5	0	0	0	0	7942
TP1_synth_reverse		52	C	546	656083	999	48	1	65	463	658205	0	7932	6	0	0	0	4	7942
TP1_synth_reverse		53	A	657490	30	116	182	271	46	98	658233	7940	0	1	0	2	0	0	7943
TP1_synth_reverse		54	G	390	370	441	655392	326	67	1237	658223	0	0	2	7938	3	0	0	7943
TP1_synth_reverse		55	A	657740	130	447	78	0	81	91	658567	7941	0	3	0	0	0	0	7944
TP1_synth_reverse		56	A	658195	9	0	57	110	55	140	658566	7943	0	0	0	1	0	0	7944
TP1_synth_reverse		57	T	3259	36	232	158	676	13	654166	658540	1	0	2	0	2	0	7939	7944
TP1_synth_reverse		58	A	657639	18	624	136	2	68	130	658617	7942	0	3	0	0	0	0	7945
TP1_synth_reverse		59	T	1518	36	309	191	44	56	656425	658579	0	0	0	0	1	0	7944	7945
TP1_synth_reverse		60	C	2195	655871	53	93	94	122	149	658577	0	7944	1	0	0	0	1	7946
TP1_synth_reverse		61	T	990	138	170	790	0	102	656458	658648	0	1	1	0	0	0	7945	7947
TP1_synth_reverse		62	G	497	255	59	656194	5	90	1570	658670	1	0	1	7942	0	0	4	7948
TP1_synth_reverse		63	T	5352	76	326	51	0	29	652921	658755	0	0	2	0	0	0	7947	7949
TP1_synth_reverse		64	T	2200	91	2	183	211	60	656027	658774	0	1	0	0	1	0	7948	7950
TP1_synth_reverse		65	C	628	657108	524	23	144	51	318	658796	0	7945	4	0	1	0	1	7951
TP1_synth_reverse		66	G	1206	270	133	656295	6	49	830	658789	1	0	1	7949	0	0	0	7951
TP1_synth_reverse		67	C	920	657283	461	19	36	104	106	658929	0	7952	0	0	0	0	0	7952
TP1_synth_reverse		68	A	658134	483	7	182	0	95	56	658957	7953	0	0	0	0	0	0	7953
TP1_synth_reverse		69	C	100	657606	331	29	2	36	845	658949	0	7945	2	0	0	0	6	7953
TP1_synth_reverse		70	T	910	85	112	694	5	90	657037	658933	0	0	0	0	0	0	7953	7953
TP1_synth_reverse		71	C	282	657740	691	52	0	67	97	658929	0	7951	2	0	0	0	0	7953
TP1_synth_reverse		72	C	757	657900	3	40	1	99	120	658920	0	7953	0	0	0	0	0	7953
TP1_synth_reverse		73	G	794	291	345	656926	335	72	137	658900	0	0	3	7950	0	0	0	7953
TP1_synth_reverse		74	A	658258	184	148	74	126	80	29	658899	7951	0	1	0	1	0	0	7953
TP1_synth_reverse		75	G	429	168	940	657067	0	38	229	658871	0	0	4	7948	0	0	1	7953
TP1_synth_reverse		76	T	6165	73	431	77	47	116	651941	658850	0	0	1	0	0	0	7952	7953
TP1_synth_reverse		77	G	420	329	343	656689	1	57	992	658831	1	0	1	7951	0	0	0	7953
TP1_synth_reverse		78	C	302	656063	301	77	326	190	1559	658818	2	7937	5	0	3	0	6	7953
TP1_synth_reverse		79	G	519	1404	75	655304	1	74	1342	658719	3	2	0	7948	0	0	0	7953
TP1_synth_reverse		80	G	202	185	0	657172	111	135	835	658640	2	0	0	7950	1	0	0	7953
TP1_synth_reverse		81	C	163	656387	504	48	1126	213	157	658598	0	7949	3	0	1	0	0	7953
TP1_synth_reverse		82	A	630809	16	2025	85	2	78	207	633222	7788	0	4	0	0	0	0	7792
TP1_synth_reverse		83	A	632957	19	17	53	0	53	113	633212	7792	0	0	0	0	0	0	7792
TP1_synth_reverse		84	A	632832	26	41	91	1	58	109	633158	7792	0	0	0	0	0	0	7792
TP1_synth_reverse		85	G	232	181	43	631482	77	13	967	632995	0	0	0	7792	0	0	0	7792
TP1_synth_reverse		86	C	423	632356	0	28	9	25	109	632950	1	7791	0	0	0	0	0	7792
TP1_synth_reverse		87	T	1792	53	15	72	223	104	630613	632872	0	0	0	0	0	0	7792	7792
TP1_synth_reverse		88	G	240	253	14	632116	86	34	94	632837	0	0	0	7792	0	0	0	7792
TP1_synth_reverse		89	T	836	72	205	21	0	78	631527	632739	0	0	0	0	0	0	7792	7792
TP1_synth_reverse		90	T	970	84	0	28	1	127	631219	632429	0	0	0	0	0	0	7792	7792
TP1_synth_reverse		91	C	372	631792	0	44	0	22	157	632387	0	7790	0	0	0	0	2	7792
TP1_synth_reverse		92	C	293	631283	0	25	0	91	158	631850	0	7792	0	0	0	0	0	7792
TP1_synth_reverse		93	G	470	155	0	630400	0	17	58	631100	1	0	0	7791	0	0	0	7792
TP1_synth_reverse		94	T	930	84	0	38	0	63	628562	629677	0	0	0	0	0	0	7789	7789
TP1_synth_reverse		95	C	0	629263	0	0	0	71	0	629334	0	7789	0	0	0	0	0	7789
TP1_synth_reverse		96	C	0	628884	0	0	0	9	0	628893	0	7789	0	0	0	0	0	7789
TP1_synth_reverse		97	C	0	627855	0	0	0	8	0	627863	0	7789	0	0	0	0	0	7789
TP1_synth_reverse		98	A	625590	0	0	0	0	0	0	625590	7789	0	0	0	0	0	0	7789
TP1_synth_reverse		99	G	0	0	0	624463	0	0	0	624463	0	0	0	7786	0	0	0	7786
