



























































































































































































































#AmpliconChromStart	Alias	Position	ProbableRef	rawA	rawC	rawD	rawG	rawI	rawN	rawT	rawDepth	consA	consC	consD	consG	consI	consN	consT	consDepth	
TP1_synth_reverse		1	G	0	0	0	626425	0	0	0	626425	0	0	0	8763	0	0	0	8763
TP1_synth_reverse		2	T	0	0	0	0	0	0	628944	628944	0	0	0	0	0	0	8781	8781
TP1_synth_reverse		3	G	0	0	0	630674	0	16	0	630690	0	0	0	8795	0	0	0	8795
TP1_synth_reverse		4	G	0	0	0	631302	0	22	0	631324	0	0	0	8800	0	0	0	8800
TP1_synth_reverse		5	T	0	0	0	0	0	63	631908	631971	0	0	0	0	0	0	8806	8806
TP1_synth_reverse		6	G	145	51	0	632029	0	93	219	632537	1	0	0	8807	0	0	1	8809
TP1_synth_reverse		7	A	632785	13	0	70	0	54	77	632999	8812	0	0	0	0	0	0	8812
TP1_synth_reverse		8	G	82	45	0	632666	0	281	62	633136	0	0	0	8814	0	0	0	8814
TP1_synth_reverse		9	G	109	74	0	632866	0	37	106	633192	1	0	0	8814	0	0	0	8815
TP1_synth_reverse		10	C	184	632697	31	28	0	11	241	633192	0	8814	1	0	0	0	0	8815
TP1_synth_reverse		11	T	210	95	49	16	288	28	632506	633192	0	0	1	0	3	0	8811	8815
TP1_synth_reverse		12	C	176	631860	933	12	0	64	243	633288	0	8804	12	0	0	0	0	8816
TP1_synth_reverse		13	C	277	632564	3	13	0	238	193	633288	0	8815	0	0	0	0	1	8816
TP1_synth_reverse		14	C	237	632857	0	15	1	56	122	633288	0	8816	0	0	0	0	0	8816
TP1_synth_reverse		15	C	160	632164	0	18	801	9	136	633288	0	8812	0	0	4	0	0	8816
TP1_synth_reverse		16	T	434	73	1256	21	0	17	631496	633297	0	0	11	0	0	0	8805	8816
TP1_synth_reverse		17	T	411	85	1	12	1	5	632829	633344	0	0	0	0	0	0	8817	8817
TP1_synth_reverse		18	T	323	81	2	21	57	16	632918	633418	0	0	0	0	1	0	8817	8818
TP1_synth_reverse		19	C	358	657304	414	23	235	77	251	658662	0	8838	6	0	8	0	4	8856
TP1_synth_reverse		20	T	474	53	120	48	1	96	657870	658662	0	0	2	0	0	0	8854	8856
TP1_synth_reverse		21	T	1700	130	257	66	178	31	656300	658662	0	0	2	0	3	0	8851	8856
TP1_synth_reverse		22	G	180	642	577	656153	754	18	359	658683	1	0	4	8846	6	0	0	8857
TP1_synth_reverse		23	C	548	656593	425	322	267	50	478	658683	0	8843	6	2	3	0	3	8857
TP1_synth_reverse		24	G	183	157	1099	656794	1	25	424	658683	0	3	15	8839	0	0	0	8857
TP1_synth_reverse		25	G	154	399	36	657828	21	55	190	658683	0	0	1	8856	0	0	0	8857
TP1_synth_reverse		26	A	658420	11	9	94	2	11	169	658716	8857	0	0	0	0	0	1	8858
TP1_synth_reverse		27	G	75	216	47	657081	234	97	966	658716	0	0	3	8850	2	0	3	8858
TP1_synth_reverse		28	A	657580	91	628	52	292	29	84	658756	8853	0	3	0	3	0	0	8859
TP1_synth_reverse		29	T	517	74	296	707	0	112	657050	658756	0	0	3	0	0	0	8856	8859
TP1_synth_reverse		30	T	2611	99	387	75	3	44	655537	658756	0	0	2	0	0	0	8857	8859
TP1_synth_reverse		31	C	675	656979	576	41	0	64	422	658757	0	8853	5	0	0	0	2	8860
TP1_synth_reverse		32	T	904	74	279	110	1	13	657358	658739	0	0	4	0	0	0	8856	8860
TP1_synth_reverse		33	C	737	657002	363	212	93	35	286	658728	0	8850	5	1	2	0	2	8860
TP1_synth_reverse		34	T	2413	85	193	1683	1	75	654272	658722	0	0	5	0	0	0	8855	8860
TP1_synth_reverse		35	T	3175	137	7	306	1	40	655036	658702	0	2	0	0	0	0	8858	8860
TP1_synth_reverse		36	C	432	657466	361	62	0	94	284	658699	0	8855	3	0	0	0	2	8860
TP1_synth_reverse		37	C	421	657384	5	434	0	39	380	658663	0	8856	0	0	0	0	4	8860
TP1_synth_reverse		38	T	1751	35	223	77	2	17	656533	658638	0	0	1	0	0	0	8859	8860
TP1_synth_reverse		39	C	303	657596	482	124	1	32	90	658628	0	8850	10	0	0	0	0	8860
TP1_synth_reverse		40	T	1472	54	249	109	73	172	656486	658615	0	0	4	0	1	0	8855	8860
TP1_synth_reverse		41	G	143	1285	200	653362	2	39	3568	658599	0	0	2	8858	0	0	0	8860
TP1_synth_reverse		42	T	2984	80	677	139	36	47	654633	658596	0	0	3	0	0	0	8857	8860
TP1_synth_reverse		43	G	91	257	194	654292	0	86	3688	658608	0	0	3	8857	0	0	0	8860
TP1_synth_reverse		44	C	574	656705	280	43	24	13	985	658624	0	8852	4	0	1	0	3	8860
TP1_synth_reverse		45	G	166	164	441	654152	88	27	3578	658616	0	0	5	8851	2	0	2	8860
TP1_synth_reverse		46	C	1009	656086	1115	120	0	31	292	658653	0	8848	10	0	0	0	3	8861
TP1_synth_reverse		47	C	277	657741	0	158	211	10	254	658651	0	8857	0	1	2	0	1	8861
TP1_synth_reverse		48	G	233	1295	563	652418	178	23	3919	658629	1	0	6	8853	1	0	0	8861
TP1_synth_reverse		49	A	657521	50	129	45	1	12	143	657901	9000	0	3	0	0	0	0	9003
TP1_synth_reverse		50	T	2872	82	153	23	2	48	654974	658154	0	0	1	0	0	0	9004	9005
TP1_synth_reverse		51	A	657444	39	487	63	1	74	121	658229	8999	0	7	0	0	0	0	9006
TP1_synth_reverse		52	C	550	656088	999	48	1	65	463	658214	0	8996	6	0	0	0	4	9006
TP1_synth_reverse		53	A	657499	30	116	182	271	46	98	658242	9003	0	1	0	3	0	0	9007
TP1_synth_reverse		54	G	391	370	441	655397	326	67	1240	658232	0	0	2	9002	3	0	0	9007
TP1_synth_reverse		55	A	657749	130	447	78	0	81	91	658576	9005	0	3	0	0	0	0	9008
TP1_synth_reverse		56	A	658204	9	0	57	110	55	140	658575	9007	0	0	0	1	0	0	9008
TP1_synth_reverse		57	T	3264	36	231	158	676	13	654171	658549	1	0	2	0	2	0	9003	9008
TP1_synth_reverse		58	A	657648	18	624	136	2	68	130	658626	9006	0	3	0	0	0	0	9009
TP1_synth_reverse		59	T	1519	36	309	191	44	56	656433	658588	0	0	0	0	1	0	9008	9009
TP1_synth_reverse		60	C	2210	655865	53	93	94	122	149	658586	0	9006	3	0	0	0	1	9010
TP1_synth_reverse		61	T	993	138	170	790	0	102	656464	658657	0	1	3	0	0	0	9007	9011
TP1_synth_reverse		62	G	506	254	59	656195	5	90	1570	658679	0	0	1	9007	0	0	4	9012
TP1_synth_reverse		63	T	5355	76	326	51	0	29	652927	658764	0	0	3	0	0	0	9010	9013
TP1_synth_reverse		64	T	2199	91	2	183	211	60	656037	658783	0	1	0	0	1	0	9012	9014
TP1_synth_reverse		65	C	629	657116	524	23	144	51	318	658805	0	9009	4	0	1	0	1	9015
TP1_synth_reverse		66	G	1210	270	133	656298	6	49	832	658798	1	0	1	9013	0	0	0	9015
TP1_synth_reverse		67	C	920	657292	461	19	36	104	106	658938	0	9016	0	0	0	0	0	9016
TP1_synth_reverse		68	A	658143	483	7	182	0	95	56	658966	9017	0	0	0	0	0	0	9017
TP1_synth_reverse		69	C	100	657615	331	29	2	36	845	658958	0	9008	2	0	0	0	7	9017
TP1_synth_reverse		70	T	910	85	112	694	5	90	657046	658942	0	0	0	0	0	0	9017	9017
TP1_synth_reverse		71	C	282	657749	691	52	0	67	97	658938	0	9015	2	0	0	0	0	9017
TP1_synth_reverse		72	C	757	657909	3	40	1	99	120	658929	0	9017	0	0	0	0	0	9017
TP1_synth_reverse		73	G	792	291	345	656937	335	72	137	658909	1	0	3	9011	2	0	0	9017
TP1_synth_reverse		74	A	658267	184	148	74	126	80	29	658908	9015	0	1	0	1	0	0	9017
TP1_synth_reverse		75	G	429	168	940	657076	0	38	229	658880	0	0	6	9009	0	0	2	9017
TP1_synth_reverse		76	T	6165	73	431	77	47	116	651950	658859	0	0	1	0	0	0	9016	9017
TP1_synth_reverse		77	G	419	329	343	656699	1	57	992	658840	1	0	1	9015	0	0	0	9017
TP1_synth_reverse		78	C	302	656072	301	77	326	190	1559	658827	1	8999	6	0	4	0	7	9017
TP1_synth_reverse		79	G	519	1405	75	655312	1	74	1342	658728	3	2	0	9012	0	0	0	9017
TP1_synth_reverse		80	G	202	185	0	657180	111	135	836	658649	1	0	0	9015	1	0	0	9017
TP1_synth_reverse		81	C	164	656395	504	48	1126	213	157	658607	0	9013	3	0	1	0	0	9017
TP1_synth_reverse		82	A	630818	16	2025	85	2	78	207	633231	8829	0	6	0	0	0	0	8835
TP1_synth_reverse		83	A	632966	19	17	53	0	53	113	633221	8835	0	0	0	0	0	0	8835
TP1_synth_reverse		84	A	632841	26	41	91	1	58	109	633167	8835	0	0	0	0	0	0	8835
TP1_synth_reverse		85	G	232	181	43	631491	77	13	967	633004	0	0	0	8834	1	0	0	8835
TP1_synth_reverse		86	C	423	632365	0	28	9	25	109	632959	1	8833	0	0	1	0	0	8835
TP1_synth_reverse		87	T	1792	53	15	72	223	104	630622	632881	0	0	0	0	1	0	8834	8835
TP1_synth_reverse		88	G	240	253	14	632125	86	34	94	632846	0	0	0	8835	0	0	0	8835
TP1_synth_reverse		89	T	835	72	205	21	0	78	631537	632748	0	0	1	0	0	0	8834	8835
TP1_synth_reverse		90	T	970	84	0	28	1	127	631228	632438	0	0	0	0	0	0	8835	8835
TP1_synth_reverse		91	C	372	631801	0	44	0	22	157	632396	0	8833	0	0	0	0	2	8835
TP1_synth_reverse		92	C	293	631293	0	25	0	91	158	631860	0	8832	0	0	0	0	0	8832
TP1_synth_reverse		93	G	470	155	0	630411	0	17	58	631111	1	0	0	8831	0	0	0	8832
TP1_synth_reverse		94	T	930	84	0	38	0	63	628573	629688	0	0	0	0	0	0	8828	8828
TP1_synth_reverse		95	C	0	629274	0	0	0	71	0	629345	0	8828	0	0	0	0	0	8828
TP1_synth_reverse		96	C	0	628895	0	0	0	9	0	628904	0	8828	0	0	0	0	0	8828
TP1_synth_reverse		97	C	0	627866	0	0	0	8	0	627874	0	8828	0	0	0	0	0	8828
TP1_synth_reverse		98	A	625601	0	0	0	0	0	0	625601	8827	0	0	0	0	0	0	8827
TP1_synth_reverse		99	G	0	0	0	624475	0	0	0	624475	0	0	0	8824	0	0	0	8824
