



























































































































































































































#AmpliconChromStart	Alias	Position	ProbableRef	rawA	rawC	rawD	rawG	rawI	rawN	rawT	rawDepth	consA	consC	consD	consG	consI	consN	consT	consDepth
TP1_synth_reverse		1	G	0	0	0	419475	0	0	0	419475	0	0	0	5163	0	0	0	5163
TP1_synth_reverse		2	T	0	0	0	0	0	0	420637	420637	0	0	0	0	0	0	5171	5171
TP1_synth_reverse		3	G	0	0	0	422597	0	71	0	422668	0	0	0	5185	0	0	0	5185
TP1_synth_reverse		4	G	0	0	0	422915	0	43	0	422958	0	0	0	5187	0	0	0	5187
TP1_synth_reverse		5	T	0	0	0	0	0	131	423131	423262	0	0	0	0	0	0	5188	5188
TP1_synth_reverse		6	G	78	40	0	423943	0	18	236	424315	0	0	0	5191	0	0	1	5192
TP1_synth_reverse		7	A	424594	21	0	52	0	8	75	424750	5196	0	0	0	0	0	0	5196
TP1_synth_reverse		8	G	117	43	0	424565	1	49	61	424836	1	0	0	5197	0	0	0	5198
TP1_synth_reverse		9	G	91	65	0	424718	5	11	89	424979	0	0	0	5199	0	0	0	5199
TP1_synth_reverse		10	C	162	424345	365	13	1	10	114	425010	0	5195	2	0	0	0	2	5199
TP1_synth_reverse		11	T	219	82	236	17	61	38	424357	425010	0	0	3	0	3	0	5193	5199
TP1_synth_reverse		12	C	163	422397	2290	13	0	47	100	425010	0	5188	11	0	0	0	0	5199
TP1_synth_reverse		13	C	209	424561	1	21	0	80	153	425025	0	5199	0	0	0	0	0	5199
TP1_synth_reverse		14	C	175	424709	0	14	0	38	101	425037	0	5199	0	0	0	0	0	5199
TP1_synth_reverse		15	C	328	424512	12	34	4	39	108	425037	1	5197	0	0	0	0	1	5199
TP1_synth_reverse		16	T	342	45	966	28	0	19	423646	425046	0	0	8	0	0	0	5191	5199
TP1_synth_reverse		17	T	406	470	465	11	0	103	423591	425046	0	2	6	0	0	0	5191	5199
TP1_synth_reverse		18	T	293	113	489	16	0	66	424069	425046	0	1	8	0	0	0	5190	5199
TP1_synth_reverse		19	C	289	424752	575	19	152	59	77	425923	0	5190	9	0	1	0	0	5200
TP1_synth_reverse		20	T	393	307	353	31	0	26	424813	425923	0	1	3	0	0	0	5196	5200
TP1_synth_reverse		21	T	1237	83	155	58	223	98	424080	425934	0	0	1	0	4	0	5195	5200
TP1_synth_reverse		22	G	87	402	644	424571	0	77	153	425934	0	0	4	5196	0	0	0	5200
TP1_synth_reverse		23	C	520	424056	608	39	466	67	184	425940	0	5188	5	0	4	0	3	5200
TP1_synth_reverse		24	G	115	95	1143	424110	0	40	442	425945	0	0	9	5189	0	0	2	5200
TP1_synth_reverse		25	G	395	282	153	424769	136	38	172	425945	2	0	1	5196	1	0	0	5200
TP1_synth_reverse		26	A	425167	15	355	97	185	66	75	425960	5193	0	4	0	3	0	0	5200
TP1_synth_reverse		27	G	49	108	407	424915	2	51	428	425960	0	0	2	5198	0	0	0	5200
TP1_synth_reverse		28	A	424923	72	532	241	81	36	75	425960	5193	0	3	1	3	0	0	5200
TP1_synth_reverse		29	T	468	454	618	40	0	8	424372	425960	0	2	7	0	0	0	5191	5200
TP1_synth_reverse		30	T	1800	68	197	3	2	38	423859	425967	0	0	2	0	0	0	5198	5200
TP1_synth_reverse		31	C	498	424736	327	19	295	8	75	425958	0	5196	3	0	1	0	0	5200
TP1_synth_reverse		32	T	633	109	528	31	169	34	424488	425992	0	2	3	0	1	0	5196	5202
TP1_synth_reverse		33	C	530	425061	255	17	0	9	120	425992	0	5197	3	0	0	0	2	5202
TP1_synth_reverse		34	T	782	83	179	30	0	10	424902	425986	0	0	2	0	0	0	5200	5202
TP1_synth_reverse		35	T	1962	52	199	41	0	36	423691	425981	0	0	3	0	0	0	5199	5202
TP1_synth_reverse		36	C	402	425054	405	20	1	32	66	425980	0	5196	6	0	0	0	0	5202
TP1_synth_reverse		37	C	457	424399	210	47	47	19	795	425974	0	5191	2	0	1	0	8	5202
TP1_synth_reverse		38	T	918	41	219	33	0	39	424715	425965	0	0	3	0	0	0	5199	5202
TP1_synth_reverse		39	C	253	425136	458	25	2	24	63	425961	0	5197	5	0	0	0	0	5202
TP1_synth_reverse		40	T	1006	103	442	11	180	14	424203	425959	0	1	6	0	2	0	5193	5202
TP1_synth_reverse		41	G	255	881	241	423012	246	9	1310	425954	4	0	3	5189	3	0	3	5202
TP1_synth_reverse		42	T	1675	58	500	31	169	65	423454	425952	0	0	6	0	3	0	5193	5202
TP1_synth_reverse		43	G	292	913	27	424190	0	42	502	425966	2	0	1	5199	0	0	0	5202
TP1_synth_reverse		44	C	524	424021	707	32	0	66	623	425973	0	5194	3	0	0	0	5	5202
TP1_synth_reverse		45	G	162	344	568	422999	0	37	1862	425972	0	3	2	5197	0	0	0	5202
TP1_synth_reverse		46	C	840	423968	724	40	0	13	397	425982	0	5196	3	0	0	0	3	5202
TP1_synth_reverse		47	C	257	425311	41	35	168	6	170	425988	0	5197	1	0	3	0	1	5202
TP1_synth_reverse		48	G	123	771	220	423184	1	6	1680	425985	0	0	2	5199	0	0	1	5202
TP1_synth_reverse		49	A	425710	27	122	36	0	29	85	426009	5200	0	2	0	0	0	0	5202
TP1_synth_reverse		50	T	1716	139	43	18	127	16	423947	426006	0	1	1	0	1	0	5199	5202
TP1_synth_reverse		51	A	425765	36	66	53	0	43	73	426036	5201	0	1	0	0	0	0	5202
TP1_synth_reverse		52	C	418	424875	605	30	0	25	80	426033	0	5198	4	0	0	0	0	5202
TP1_synth_reverse		53	A	425512	39	179	86	93	31	91	426031	5197	0	3	0	2	0	0	5202
TP1_synth_reverse		54	G	284	282	194	424806	1	15	442	426024	1	0	2	5199	0	0	0	5202
TP1_synth_reverse		55	A	425635	97	195	84	0	23	58	426092	5200	0	3	0	0	0	0	5203
TP1_synth_reverse		56	A	425897	10	25	44	0	34	81	426091	5202	0	1	0	0	0	0	5203
TP1_synth_reverse		57	T	2307	42	172	114	0	23	423421	426079	0	0	2	0	0	0	5201	5203
TP1_synth_reverse		58	A	425834	22	131	37	0	22	84	426130	5202	0	2	0	0	0	0	5204
TP1_synth_reverse		59	T	1524	59	51	85	0	12	424386	426117	0	0	1	0	0	0	5203	5204
TP1_synth_reverse		60	C	1013	424580	366	75	0	22	62	426118	0	5203	2	0	0	0	0	5205
TP1_synth_reverse		61	T	1161	55	253	161	2	12	424494	426138	0	0	2	0	0	0	5204	5206
TP1_synth_reverse		62	G	1260	218	13	423833	0	72	744	426140	4	0	0	5201	0	0	2	5207
TP1_synth_reverse		63	T	2950	53	13	72	0	22	423049	426159	0	0	0	1	0	0	5207	5208
TP1_synth_reverse		64	T	1634	52	5	77	14	47	424338	426167	0	0	0	0	0	0	5209	5209
TP1_synth_reverse		65	C	418	424510	461	45	440	50	243	426167	0	5202	4	0	3	0	0	5209
TP1_synth_reverse		66	G	370	280	336	424648	1	33	495	426163	0	0	1	5208	0	0	0	5209
TP1_synth_reverse		67	C	697	424578	698	17	0	104	80	426174	0	5207	3	0	0	0	0	5210
TP1_synth_reverse		68	A	425094	260	606	85	0	69	55	426169	5204	0	6	0	0	0	0	5210
TP1_synth_reverse		69	C	134	424616	983	20	296	49	69	426167	0	5199	8	0	3	0	0	5210
TP1_synth_reverse		70	T	898	67	808	107	7	23	424252	426162	0	0	6	0	0	0	5204	5210
TP1_synth_reverse		71	C	238	424300	1497	22	0	7	88	426152	0	5203	7	0	0	0	0	5210
TP1_synth_reverse		72	C	642	424499	560	115	47	37	246	426146	0	5204	2	2	1	0	1	5210
TP1_synth_reverse		73	G	401	195	437	424883	0	104	112	426132	2	0	3	5205	0	0	0	5210
TP1_synth_reverse		74	A	424708	63	654	59	1	66	578	426129	5203	0	4	0	0	0	3	5210
TP1_synth_reverse		75	G	206	178	529	425044	0	11	149	426117	2	0	2	5206	0	0	0	5210
TP1_synth_reverse		76	T	2269	81	676	53	48	16	422740	425883	0	1	2	0	0	0	5207	5210
TP1_synth_reverse		77	G	546	257	74	424410	0	27	561	425875	4	0	1	5205	0	0	0	5210
TP1_synth_reverse		78	C	376	423868	485	28	0	38	1077	425872	1	5200	4	0	0	0	5	5210
TP1_synth_reverse		79	G	473	605	379	423795	0	89	523	425864	1	0	1	5208	0	0	0	5210
TP1_synth_reverse		80	G	777	165	0	424595	0	119	189	425845	4	0	0	5206	0	0	0	5210
TP1_synth_reverse		81	C	710	424107	801	41	1	84	91	425835	2	5205	3	0	0	0	0	5210
TP1_synth_reverse		82	A	423775	30	1014	79	0	51	81	425030	5204	0	6	0	0	0	0	5210
TP1_synth_reverse		83	A	424665	48	4	65	0	120	33	424935	5209	0	0	0	0	0	0	5209
TP1_synth_reverse		84	A	424635	32	0	157	0	53	25	424902	5209	0	0	0	0	0	0	5209
TP1_synth_reverse		85	G	76	162	40	424340	50	65	118	424851	0	0	0	5209	0	0	0	5209
TP1_synth_reverse		86	C	252	424312	88	53	0	29	79	424813	0	5208	1	0	0	0	0	5209
TP1_synth_reverse		87	T	942	72	115	43	1	54	423525	424752	0	0	1	0	0	0	5208	5209
TP1_synth_reverse		88	G	126	279	102	424016	42	64	94	424723	0	0	0	5209	0	0	0	5209
TP1_synth_reverse		89	T	708	63	478	31	0	141	423251	424672	0	0	2	0	0	0	5207	5209
TP1_synth_reverse		90	T	767	85	1	50	1	78	423543	424525	0	0	0	0	0	0	5209	5209
TP1_synth_reverse		91	C	329	423704	0	240	1	19	155	424448	0	5209	0	0	0	0	0	5209
TP1_synth_reverse		92	C	281	423060	0	251	0	30	282	423904	0	5207	0	0	0	0	1	5208
TP1_synth_reverse		93	G	274	97	0	422411	0	60	77	422919	0	0	0	5206	0	0	0	5206
TP1_synth_reverse		94	T	588	56	0	78	0	85	422024	422831	0	0	0	0	0	0	5206	5206
TP1_synth_reverse		95	C	0	422164	0	0	0	67	0	422231	0	5206	0	0	0	0	0	5206
TP1_synth_reverse		96	C	0	420997	0	0	0	43	0	421040	0	5206	0	0	0	0	0	5206
TP1_synth_reverse		97	C	0	420185	0	0	0	92	0	420277	0	5206	0	0	0	0	0	5206
TP1_synth_reverse		98	A	417986	0	0	0	0	0	0	417986	5206	0	0	0	0	0	0	5206
TP1_synth_reverse		99	G	0	0	0	417454	0	0	0	417454	0	0	0	5206	0	0	0	5206
