



























































































































































































































#AmpliconChromStart	Alias	Position	ProbableRef	rawA	rawC	rawD	rawG	rawI	rawN	rawT	rawDepth	consA	consC	consD	consG	consI	consN	consT	consDepth	
TP1_synth_reverse		1	G	0	0	0	419475	0	0	0	419475	0	0	0	10386	0	0	0	10386
TP1_synth_reverse		2	T	0	0	0	0	0	0	420637	420637	0	0	0	0	0	0	10401	10401
TP1_synth_reverse		3	G	0	0	0	422597	0	71	0	422668	0	0	0	10427	0	0	0	10427
TP1_synth_reverse		4	G	0	0	0	422915	0	43	0	422958	0	0	0	10430	0	0	0	10430
TP1_synth_reverse		5	T	0	0	0	0	0	131	423131	423262	0	0	0	0	0	0	10431	10431
TP1_synth_reverse		6	G	78	40	0	423943	0	18	236	424315	0	0	0	10438	0	0	1	10439
TP1_synth_reverse		7	A	424594	21	0	52	0	8	75	424750	10449	0	0	0	0	0	0	10449
TP1_synth_reverse		8	G	117	43	0	424565	1	49	61	424836	1	0	0	10454	0	0	0	10455
TP1_synth_reverse		9	G	91	65	0	424718	5	11	89	424979	1	0	0	10459	0	0	0	10460
TP1_synth_reverse		10	C	162	424345	365	13	1	10	114	425010	0	10457	2	0	0	0	2	10461
TP1_synth_reverse		11	T	219	82	236	17	61	38	424357	425010	0	0	4	0	5	0	10452	10461
TP1_synth_reverse		12	C	163	422397	2290	13	0	47	100	425010	0	10444	17	0	0	0	0	10461
TP1_synth_reverse		13	C	209	424561	1	21	0	80	153	425025	0	10461	0	0	0	0	0	10461
TP1_synth_reverse		14	C	175	424709	0	14	0	38	101	425037	0	10461	0	0	0	0	0	10461
TP1_synth_reverse		15	C	328	424512	12	34	4	39	108	425037	1	10459	0	0	0	0	1	10461
TP1_synth_reverse		16	T	342	45	966	28	0	19	423646	425046	0	0	15	0	0	0	10447	10462
TP1_synth_reverse		17	T	406	470	465	11	0	103	423591	425046	0	4	15	0	0	0	10443	10462
TP1_synth_reverse		18	T	293	113	489	16	0	66	424069	425046	0	1	17	0	0	0	10444	10462
TP1_synth_reverse		19	C	289	424752	575	19	152	59	77	425923	0	10442	18	0	3	0	0	10463
TP1_synth_reverse		20	T	393	307	353	31	0	26	424813	425923	0	2	18	0	0	0	10443	10463
TP1_synth_reverse		21	T	1237	83	155	58	223	98	424080	425934	0	0	1	0	14	0	10448	10463
TP1_synth_reverse		22	G	87	402	644	424571	0	77	153	425934	0	0	8	10455	0	0	0	10463
TP1_synth_reverse		23	C	520	424056	608	39	466	67	184	425940	0	10438	9	0	10	0	7	10464
TP1_synth_reverse		24	G	115	95	1143	424110	0	40	442	425945	0	0	14	10448	0	0	2	10464
TP1_synth_reverse		25	G	395	282	153	424780	136	38	172	425956	3	0	1	10459	2	0	0	10465
TP1_synth_reverse		26	A	425178	15	355	97	185	66	75	425971	10452	0	5	0	9	0	0	10466
TP1_synth_reverse		27	G	49	108	407	424926	2	51	428	425971	0	0	3	10463	0	0	0	10466
TP1_synth_reverse		28	A	424934	72	532	241	81	36	75	425971	10456	0	6	1	3	0	0	10466
TP1_synth_reverse		29	T	468	454	618	40	0	8	424383	425971	0	2	13	0	0	0	10451	10466
TP1_synth_reverse		30	T	1800	68	197	3	2	38	423870	425978	0	1	4	0	0	0	10462	10467
TP1_synth_reverse		31	C	498	424747	327	19	295	8	75	425969	0	10459	6	0	1	0	1	10467
TP1_synth_reverse		32	T	633	109	528	31	169	34	424499	426003	0	2	8	0	1	0	10459	10470
TP1_synth_reverse		33	C	530	425072	255	17	0	9	120	426003	0	10461	7	0	0	0	2	10470
TP1_synth_reverse		34	T	782	83	179	30	0	10	424913	425997	0	1	8	0	0	0	10461	10470
TP1_synth_reverse		35	T	1964	52	199	41	0	36	423700	425992	0	0	7	0	0	0	10463	10470
TP1_synth_reverse		36	C	404	425063	405	20	1	32	66	425991	0	10459	11	0	0	0	0	10470
TP1_synth_reverse		37	C	459	424408	210	47	47	19	795	425985	0	10452	5	0	2	0	11	10470
TP1_synth_reverse		38	T	918	41	219	33	0	39	424726	425976	0	0	7	0	0	0	10463	10470
TP1_synth_reverse		39	C	254	425146	458	25	2	24	63	425972	0	10461	9	0	0	0	0	10470
TP1_synth_reverse		40	T	1007	103	442	11	180	14	424213	425970	0	3	12	0	4	0	10451	10470
TP1_synth_reverse		41	G	255	881	241	423023	246	9	1310	425965	8	0	7	10447	4	0	4	10470
TP1_synth_reverse		42	T	1675	58	500	31	169	65	423465	425963	0	0	9	0	3	0	10458	10470
TP1_synth_reverse		43	G	292	913	27	424201	0	42	502	425977	6	0	1	10463	0	0	0	10470
TP1_synth_reverse		44	C	525	424031	707	32	0	66	623	425984	0	10455	4	0	0	0	11	10470
TP1_synth_reverse		45	G	162	344	568	423006	0	37	1866	425983	1	4	2	10463	0	0	0	10470
TP1_synth_reverse		46	C	840	423979	724	40	0	13	397	425993	0	10463	3	0	0	0	4	10470
TP1_synth_reverse		47	C	258	425313	41	35	169	6	170	425992	0	10454	4	0	10	0	2	10470
TP1_synth_reverse		48	G	123	771	220	423186	1	6	1682	425989	1	0	6	10462	0	0	1	10470
TP1_synth_reverse		49	A	425714	27	122	36	0	29	85	426013	10463	0	11	0	0	0	0	10474
TP1_synth_reverse		50	T	1716	139	43	18	127	16	423951	426010	0	2	4	0	1	0	10467	10474
TP1_synth_reverse		51	A	425769	36	66	53	0	43	73	426040	10468	0	7	0	0	0	0	10475
TP1_synth_reverse		52	C	419	424878	605	30	0	25	80	426037	0	10465	10	0	0	0	0	10475
TP1_synth_reverse		53	A	425530	39	179	86	93	31	91	426049	10464	1	7	0	4	0	0	10476
TP1_synth_reverse		54	G	285	282	194	424821	1	15	444	426042	2	0	8	10466	0	0	0	10476
TP1_synth_reverse		55	A	425653	97	195	84	0	23	58	426110	10469	0	8	0	0	0	0	10477
TP1_synth_reverse		56	A	425916	10	25	44	0	34	80	426109	10476	0	1	0	0	0	0	10477
TP1_synth_reverse		57	T	2308	42	172	114	0	23	423438	426097	0	0	2	0	0	0	10475	10477
TP1_synth_reverse		58	A	425852	22	131	37	0	22	84	426148	10475	1	2	0	0	0	0	10478
TP1_synth_reverse		59	T	1527	59	51	85	0	12	424401	426135	0	2	2	0	0	0	10474	10478
TP1_synth_reverse		60	C	1019	424581	366	75	0	22	62	426125	0	10473	5	0	0	0	0	10478
TP1_synth_reverse		61	T	1161	55	253	161	2	12	424501	426145	0	0	5	0	0	0	10474	10479
TP1_synth_reverse		62	G	1260	218	13	423840	0	72	744	426147	6	0	2	10468	0	0	4	10480
TP1_synth_reverse		63	T	2949	53	13	72	0	22	423057	426166	0	0	0	1	0	0	10480	10481
TP1_synth_reverse		64	T	1635	52	5	77	14	47	424344	426174	0	0	0	0	2	0	10480	10482
TP1_synth_reverse		65	C	418	424517	461	45	440	50	243	426174	1	10473	5	0	3	0	0	10482
TP1_synth_reverse		66	G	372	280	336	424655	1	33	493	426170	0	0	3	10479	0	0	1	10483
TP1_synth_reverse		67	C	698	424584	698	17	0	104	80	426181	0	10477	7	0	0	0	0	10484
TP1_synth_reverse		68	A	425101	260	606	85	0	69	55	426176	10470	0	14	0	0	0	0	10484
TP1_synth_reverse		69	C	134	424624	983	19	296	49	69	426174	0	10461	16	0	7	0	0	10484
TP1_synth_reverse		70	T	899	67	808	107	7	23	424258	426169	0	0	15	0	0	0	10469	10484
TP1_synth_reverse		71	C	238	424307	1497	22	0	7	88	426159	0	10466	18	0	0	0	0	10484
TP1_synth_reverse		72	C	641	424506	560	115	48	37	246	426153	0	10468	8	3	4	0	1	10484
TP1_synth_reverse		73	G	401	196	437	424889	0	104	112	426139	5	0	17	10462	0	0	0	10484
TP1_synth_reverse		74	A	424715	63	654	59	1	66	578	426136	10464	0	14	0	0	0	6	10484
TP1_synth_reverse		75	G	206	178	529	425051	0	11	149	426124	3	0	8	10472	0	0	1	10484
TP1_synth_reverse		76	T	2269	81	676	53	48	16	422747	425890	0	1	4	0	1	0	10478	10484
TP1_synth_reverse		77	G	546	256	74	424417	0	27	561	425881	3	0	3	10478	0	0	0	10484
TP1_synth_reverse		78	C	377	423873	485	28	0	38	1077	425878	1	10472	4	0	0	0	7	10484
TP1_synth_reverse		79	G	474	605	379	423798	0	89	525	425870	5	0	1	10476	0	0	2	10484
TP1_synth_reverse		80	G	777	165	0	424601	0	119	189	425851	8	0	0	10476	0	0	0	10484
TP1_synth_reverse		81	C	710	424113	801	41	1	84	91	425841	3	10475	6	0	0	0	0	10484
TP1_synth_reverse		82	A	423780	30	1014	79	0	51	82	425036	10467	0	16	0	0	0	0	10483
TP1_synth_reverse		83	A	424671	48	4	65	0	120	33	424941	10479	0	0	0	0	0	0	10479
TP1_synth_reverse		84	A	424642	32	0	156	0	53	25	424908	10478	0	0	1	0	0	0	10479
TP1_synth_reverse		85	G	76	162	40	424346	50	65	118	424857	0	0	2	10477	0	0	0	10479
TP1_synth_reverse		86	C	252	424318	88	53	0	29	79	424819	0	10478	1	0	0	0	0	10479
TP1_synth_reverse		87	T	942	72	115	43	1	54	423531	424758	1	0	2	0	0	0	10476	10479
TP1_synth_reverse		88	G	127	279	102	424021	42	64	94	424729	0	0	1	10478	0	0	0	10479
TP1_synth_reverse		89	T	708	63	478	31	0	141	423255	424676	0	0	2	0	0	0	10477	10479
TP1_synth_reverse		90	T	767	85	1	50	1	78	423547	424529	0	0	0	1	0	0	10478	10479
TP1_synth_reverse		91	C	329	423708	0	240	1	19	155	424452	0	10479	0	0	0	0	0	10479
TP1_synth_reverse		92	C	281	423064	0	251	0	30	282	423908	0	10475	0	0	0	0	2	10477
TP1_synth_reverse		93	G	274	97	0	422415	0	60	77	422923	0	0	0	10473	0	0	0	10473
TP1_synth_reverse		94	T	588	56	0	78	0	85	422028	422835	0	0	0	0	0	0	10473	10473
TP1_synth_reverse		95	C	0	422168	0	0	0	67	0	422235	0	10470	0	0	0	0	0	10470
TP1_synth_reverse		96	C	0	421000	0	0	0	43	0	421043	0	10469	0	0	0	0	0	10469
TP1_synth_reverse		97	C	0	420188	0	0	0	92	0	420280	0	10461	0	0	0	0	0	10461
TP1_synth_reverse		98	A	417988	0	0	0	0	0	0	417988	10450	0	0	0	0	0	0	10450
TP1_synth_reverse		99	G	0	0	0	417456	0	0	0	417456	0	0	0	10448	0	0	0	10448
