



























































































































































































































#AmpliconChromStart	Alias	Position	ProbableRef	rawA	rawC	rawD	rawG	rawI	rawN	rawT	rawDepth	consA	consC	consD	consG	consI	consN	consT	consDepth	
TP1_synth_reverse		1	G	0	0	0	419475	0	0	0	419475	0	0	0	6913	0	0	0	6913
TP1_synth_reverse		2	T	0	0	0	0	0	0	420637	420637	0	0	0	0	0	0	6924	6924
TP1_synth_reverse		3	G	0	0	0	422597	0	71	0	422668	0	0	0	6940	0	0	0	6940
TP1_synth_reverse		4	G	0	0	0	422915	0	43	0	422958	0	0	0	6942	0	0	0	6942
TP1_synth_reverse		5	T	0	0	0	0	0	131	423131	423262	0	0	0	0	0	0	6943	6943
TP1_synth_reverse		6	G	78	40	0	423943	0	18	236	424315	0	0	0	6947	0	0	1	6948
TP1_synth_reverse		7	A	424594	21	0	52	0	8	75	424750	6956	0	0	0	0	0	0	6956
TP1_synth_reverse		8	G	117	43	0	424565	1	49	61	424836	1	0	0	6959	0	0	0	6960
TP1_synth_reverse		9	G	91	65	0	424718	5	11	89	424979	0	0	0	6963	0	0	0	6963
TP1_synth_reverse		10	C	162	424345	365	13	1	10	114	425010	0	6960	2	0	0	0	2	6964
TP1_synth_reverse		11	T	219	82	236	17	61	38	424357	425010	0	0	3	0	4	0	6957	6964
TP1_synth_reverse		12	C	163	422397	2290	13	0	47	100	425010	0	6952	12	0	0	0	0	6964
TP1_synth_reverse		13	C	209	424546	1	21	0	80	153	425010	0	6964	0	0	0	0	0	6964
TP1_synth_reverse		14	C	175	424682	0	14	0	38	101	425010	0	6964	0	0	0	0	0	6964
TP1_synth_reverse		15	C	328	424485	12	34	4	39	108	425010	1	6962	0	0	0	0	1	6964
TP1_synth_reverse		16	T	342	45	966	28	0	19	423619	425019	0	0	8	0	0	0	6956	6964
TP1_synth_reverse		17	T	406	470	465	11	0	103	423564	425019	0	2	7	0	0	0	6955	6964
TP1_synth_reverse		18	T	293	113	489	16	0	66	424042	425019	0	1	9	0	0	0	6954	6964
TP1_synth_reverse		19	C	288	424726	575	19	152	59	77	425896	0	6954	10	0	1	0	0	6965
TP1_synth_reverse		20	T	392	307	353	31	0	26	424791	425900	0	2	5	0	0	0	6958	6965
TP1_synth_reverse		21	T	1234	83	155	58	223	98	424060	425911	0	0	1	0	5	0	6959	6965
TP1_synth_reverse		22	G	87	402	644	424549	0	77	152	425911	0	0	5	6960	0	0	0	6965
TP1_synth_reverse		23	C	520	424033	608	39	466	67	184	425917	0	6951	7	0	4	0	3	6965
TP1_synth_reverse		24	G	115	95	1143	424088	0	40	441	425922	0	0	11	6952	0	0	2	6965
TP1_synth_reverse		25	G	395	281	153	424758	136	38	172	425933	3	0	1	6961	1	0	0	6966
TP1_synth_reverse		26	A	425155	15	355	97	185	66	75	425948	6958	0	4	0	5	0	0	6967
TP1_synth_reverse		27	G	49	108	407	424904	2	51	427	425948	0	0	3	6964	0	0	0	6967
TP1_synth_reverse		28	A	424911	72	532	241	81	36	75	425948	6959	0	4	1	3	0	0	6967
TP1_synth_reverse		29	T	467	454	618	40	0	8	424361	425948	0	2	9	0	0	0	6956	6967
TP1_synth_reverse		30	T	1799	68	197	3	2	39	423847	425955	0	0	3	0	0	0	6965	6968
TP1_synth_reverse		31	C	497	424726	327	19	294	8	75	425946	0	6963	4	0	1	0	0	6968
TP1_synth_reverse		32	T	632	109	528	31	169	34	424477	425980	0	2	4	0	1	0	6963	6970
TP1_synth_reverse		33	C	530	425049	255	17	0	9	120	425980	0	6964	4	0	0	0	2	6970
TP1_synth_reverse		34	T	778	83	179	30	0	10	424894	425974	0	0	4	0	0	0	6966	6970
TP1_synth_reverse		35	T	1963	52	199	41	0	36	423678	425969	0	0	4	0	0	0	6966	6970
TP1_synth_reverse		36	C	403	425041	405	20	1	32	66	425968	0	6962	8	0	0	0	0	6970
TP1_synth_reverse		37	C	458	424386	210	47	47	19	795	425962	0	6955	4	0	1	0	10	6970
TP1_synth_reverse		38	T	917	41	219	32	0	39	424705	425953	0	0	6	0	0	0	6964	6970
TP1_synth_reverse		39	C	252	425125	458	25	2	24	63	425949	0	6963	7	0	0	0	0	6970
TP1_synth_reverse		40	T	1005	103	442	11	180	14	424192	425947	0	2	9	0	4	0	6955	6970
TP1_synth_reverse		41	G	255	880	241	423004	246	9	1307	425942	4	0	5	6955	3	0	3	6970
TP1_synth_reverse		42	T	1675	58	500	30	169	65	423443	425940	0	0	8	0	3	0	6959	6970
TP1_synth_reverse		43	G	292	912	27	424181	0	42	500	425954	3	0	1	6966	0	0	0	6970
TP1_synth_reverse		44	C	524	424009	707	32	0	66	623	425961	0	6958	4	0	0	0	8	6970
TP1_synth_reverse		45	G	162	343	568	422989	0	37	1861	425960	0	4	2	6964	0	0	0	6970
TP1_synth_reverse		46	C	839	423958	724	39	0	13	397	425970	0	6964	3	0	0	0	3	6970
TP1_synth_reverse		47	C	258	425297	41	35	169	6	170	425976	0	6960	1	0	7	0	2	6970
TP1_synth_reverse		48	G	122	770	220	423175	1	6	1679	425973	1	0	3	6965	0	0	1	6970
TP1_synth_reverse		49	A	425698	27	122	36	0	29	85	425997	6966	0	5	0	0	0	0	6971
TP1_synth_reverse		50	T	1715	139	43	18	127	16	423936	425994	0	1	1	0	1	0	6968	6971
TP1_synth_reverse		51	A	425753	36	66	53	0	43	73	426024	6970	0	2	0	0	0	0	6972
TP1_synth_reverse		52	C	418	424867	601	30	0	25	80	426021	0	6968	4	0	0	0	0	6972
TP1_synth_reverse		53	A	425514	39	179	86	93	31	91	426033	6966	1	3	0	3	0	0	6973
TP1_synth_reverse		54	G	285	282	194	424805	1	15	444	426026	1	0	4	6968	0	0	0	6973
TP1_synth_reverse		55	A	425637	97	195	84	0	23	58	426094	6969	0	5	0	0	0	0	6974
TP1_synth_reverse		56	A	425899	10	25	44	0	34	81	426093	6973	0	1	0	0	0	0	6974
TP1_synth_reverse		57	T	2307	42	172	114	0	23	423423	426081	0	0	2	0	0	0	6972	6974
TP1_synth_reverse		58	A	425836	22	131	37	0	22	84	426132	6972	1	2	0	0	0	0	6975
TP1_synth_reverse		59	T	1526	59	51	85	0	12	424386	426119	0	1	1	0	0	0	6973	6975
TP1_synth_reverse		60	C	1019	424565	366	75	0	22	62	426109	0	6973	2	0	0	0	0	6975
TP1_synth_reverse		61	T	1160	55	253	161	2	12	424486	426129	0	0	3	0	0	0	6973	6976
TP1_synth_reverse		62	G	1260	218	13	423824	0	72	744	426131	5	0	0	6969	0	0	3	6977
TP1_synth_reverse		63	T	2952	53	13	72	0	22	423038	426150	0	0	0	1	0	0	6977	6978
TP1_synth_reverse		64	T	1634	52	5	77	14	47	424329	426158	0	0	0	0	1	0	6978	6979
TP1_synth_reverse		65	C	418	424501	461	45	440	50	243	426158	0	6972	4	0	3	0	0	6979
TP1_synth_reverse		66	G	372	279	336	424636	1	34	496	426154	0	0	1	6977	0	0	1	6979
TP1_synth_reverse		67	C	698	424568	698	17	0	104	80	426165	0	6977	3	0	0	0	0	6980
TP1_synth_reverse		68	A	425086	260	606	85	0	69	55	426161	6972	0	8	0	0	0	0	6980
TP1_synth_reverse		69	C	134	424607	983	20	296	50	69	426159	0	6967	10	0	3	0	0	6980
TP1_synth_reverse		70	T	900	67	808	107	7	23	424242	426154	0	0	8	0	0	0	6972	6980
TP1_synth_reverse		71	C	237	424293	1497	22	0	7	88	426144	0	6971	9	0	0	0	0	6980
TP1_synth_reverse		72	C	645	424487	560	115	48	37	246	426138	0	6972	4	2	1	0	1	6980
TP1_synth_reverse		73	G	401	196	437	424873	0	105	112	426124	3	0	6	6971	0	0	0	6980
TP1_synth_reverse		74	A	424700	63	654	59	1	66	578	426121	6971	0	6	0	0	0	3	6980
TP1_synth_reverse		75	G	205	178	529	425039	0	11	147	426109	2	0	2	6976	0	0	0	6980
TP1_synth_reverse		76	T	2272	81	676	53	48	16	422729	425875	0	1	2	0	0	0	6977	6980
TP1_synth_reverse		77	G	546	257	74	424401	0	28	560	425866	3	0	1	6976	0	0	0	6980
TP1_synth_reverse		78	C	375	423860	485	28	0	38	1077	425863	1	6970	4	0	0	0	5	6980
TP1_synth_reverse		79	G	474	603	379	423787	0	89	523	425855	2	0	1	6977	0	0	0	6980
TP1_synth_reverse		80	G	777	165	0	424587	0	119	188	425836	4	0	0	6976	0	0	0	6980
TP1_synth_reverse		81	C	710	424098	801	41	1	84	91	425826	2	6975	3	0	0	0	0	6980
TP1_synth_reverse		82	A	423765	30	1014	79	0	51	82	425021	6973	0	7	0	0	0	0	6980
TP1_synth_reverse		83	A	424656	48	4	65	0	120	33	424926	6978	0	0	0	0	0	0	6978
TP1_synth_reverse		84	A	424627	32	0	156	0	53	25	424893	6978	0	0	0	0	0	0	6978
TP1_synth_reverse		85	G	76	162	40	424331	50	65	118	424842	0	0	0	6978	0	0	0	6978
TP1_synth_reverse		86	C	252	424303	88	53	0	29	79	424804	0	6977	1	0	0	0	0	6978
TP1_synth_reverse		87	T	940	72	115	43	1	54	423518	424743	0	0	2	0	0	0	6976	6978
TP1_synth_reverse		88	G	127	278	102	424007	42	64	94	424714	0	0	1	6977	0	0	0	6978
TP1_synth_reverse		89	T	708	63	478	31	0	141	423240	424661	0	0	2	0	0	0	6976	6978
TP1_synth_reverse		90	T	767	85	1	50	1	78	423532	424514	0	0	0	0	0	0	6978	6978
TP1_synth_reverse		91	C	329	423693	0	240	1	19	155	424437	0	6978	0	0	0	0	0	6978
TP1_synth_reverse		92	C	281	423049	0	251	0	30	282	423893	0	6976	0	0	0	0	1	6977
TP1_synth_reverse		93	G	274	97	0	422400	0	60	77	422908	0	0	0	6974	0	0	0	6974
TP1_synth_reverse		94	T	588	56	0	78	0	85	422013	422820	0	0	0	0	0	0	6974	6974
TP1_synth_reverse		95	C	0	422154	0	0	0	67	0	422221	0	6973	0	0	0	0	0	6973
TP1_synth_reverse		96	C	0	420986	0	0	0	43	0	421029	0	6973	0	0	0	0	0	6973
TP1_synth_reverse		97	C	0	420174	0	0	0	92	0	420266	0	6971	0	0	0	0	0	6971
TP1_synth_reverse		98	A	417974	0	0	0	0	0	0	417974	6968	0	0	0	0	0	0	6968
TP1_synth_reverse		99	G	0	0	0	417442	0	0	0	417442	0	0	0	6967	0	0	0	6967
