



























































































































































































































#AmpliconChromStart	Alias	Position	ProbableRef	rawA	rawC	rawD	rawG	rawI	rawN	rawT	rawDepth	consA	consC	consD	consG	consI	consN	consT	consDepth	
TP1_synth_reverse		1	G	0	0	0	456351	0	0	0	456351	0	0	0	8050	0	0	0	8050
TP1_synth_reverse		2	T	0	0	0	0	0	0	457867	457867	0	0	0	0	0	0	8066	8066
TP1_synth_reverse		3	G	0	0	0	459550	0	16	0	459566	0	0	0	8084	0	0	0	8084
TP1_synth_reverse		4	G	0	0	0	460505	0	16	0	460521	0	0	0	8096	0	0	0	8096
TP1_synth_reverse		5	T	0	0	0	0	0	43	460855	460898	0	0	0	0	0	0	8098	8098
TP1_synth_reverse		6	G	91	46	0	461116	0	60	129	461442	0	0	0	8101	0	0	2	8103
TP1_synth_reverse		7	A	461500	7	0	54	0	25	76	461662	8106	0	0	0	0	0	0	8106
TP1_synth_reverse		8	G	64	22	0	461579	0	200	72	461937	0	0	0	8113	0	0	2	8115
TP1_synth_reverse		9	G	126	57	0	461769	1	16	124	462093	1	0	0	8115	0	0	1	8117
TP1_synth_reverse		10	C	114	461829	14	25	1	10	113	462106	0	8117	1	0	0	0	0	8118
TP1_synth_reverse		11	T	149	87	216	9	9	24	461612	462106	0	1	3	0	1	0	8113	8118
TP1_synth_reverse		12	C	154	460106	1704	7	0	39	98	462108	0	8107	11	0	0	0	0	8118
TP1_synth_reverse		13	C	204	461626	1	12	0	147	118	462108	0	8117	0	0	0	0	1	8118
TP1_synth_reverse		14	C	156	461789	0	20	0	64	79	462108	0	8118	0	0	0	0	0	8118
TP1_synth_reverse		15	C	118	461049	96	6	89	12	738	462108	0	8112	1	0	2	0	3	8118
TP1_synth_reverse		16	T	319	51	2174	14	0	16	459534	462108	0	0	26	0	0	0	8092	8118
TP1_synth_reverse		17	T	295	50	396	15	1	8	461368	462133	0	0	2	0	0	0	8117	8119
TP1_synth_reverse		18	T	224	76	162	8	168	17	461527	462182	0	0	1	0	4	0	8115	8120
TP1_synth_reverse		19	C	299	523176	688	19	0	52	194	524428	2	8265	8	0	0	0	3	8278
TP1_synth_reverse		20	T	374	43	237	41	0	65	523668	524428	0	0	2	0	0	0	8276	8278
TP1_synth_reverse		21	T	1240	80	1	53	1	33	523036	524444	0	0	0	0	0	0	8279	8279
TP1_synth_reverse		22	G	96	450	296	523158	115	18	311	524444	0	0	9	8268	1	0	1	8279
TP1_synth_reverse		23	C	397	522891	801	35	3	30	287	524444	0	8261	16	0	0	0	2	8279
TP1_synth_reverse		24	G	140	92	1187	522763	0	25	240	524447	0	1	18	8260	0	0	0	8279
TP1_synth_reverse		25	G	85	251	5	523887	2	47	180	524457	0	0	0	8278	0	0	2	8280
TP1_synth_reverse		26	A	523826	8	488	62	0	5	68	524457	8273	0	7	0	0	0	0	8280
TP1_synth_reverse		27	G	55	154	350	522740	735	68	355	524457	0	0	8	8262	10	0	0	8280
TP1_synth_reverse		28	A	524051	74	125	44	78	19	72	524463	8276	0	3	0	2	0	0	8281
TP1_synth_reverse		29	T	437	39	338	511	1	77	523060	524463	0	0	3	0	0	0	8278	8281
TP1_synth_reverse		30	T	1912	70	20	41	2	44	522374	524463	0	0	1	0	0	0	8280	8281
TP1_synth_reverse		31	C	494	523478	361	27	0	38	58	524456	0	8277	4	0	0	0	0	8281
TP1_synth_reverse		32	T	611	55	81	67	0	18	523617	524449	0	0	3	0	0	0	8278	8281
TP1_synth_reverse		33	C	513	523120	255	14	422	27	95	524446	0	8273	3	0	4	0	1	8281
TP1_synth_reverse		34	T	1898	69	253	1311	4	36	520870	524441	0	0	8	0	0	0	8273	8281
TP1_synth_reverse		35	T	2192	51	0	239	57	30	521864	524433	0	0	0	0	1	0	8280	8281
TP1_synth_reverse		36	C	317	523333	591	61	1	62	65	524430	0	8279	2	0	0	0	0	8281
TP1_synth_reverse		37	C	279	523014	1	326	264	21	510	524415	0	8271	0	0	6	0	4	8281
TP1_synth_reverse		38	T	1262	35	85	61	0	8	522953	524404	0	0	3	0	0	0	8278	8281
TP1_synth_reverse		39	C	195	523471	483	97	57	24	73	524400	0	8272	8	0	1	0	0	8281
TP1_synth_reverse		40	T	1154	44	5	74	161	105	522854	524397	0	0	0	0	3	0	8278	8281
TP1_synth_reverse		41	G	106	860	464	520660	0	21	2279	524390	0	0	7	8271	0	0	3	8281
TP1_synth_reverse		42	T	2075	38	297	108	53	39	521778	524388	0	0	2	0	2	0	8277	8281
TP1_synth_reverse		43	G	69	202	628	520997	1	60	2441	524398	0	0	7	8271	0	0	3	8281
TP1_synth_reverse		44	C	376	522764	430	33	0	13	779	524395	1	8266	4	0	0	0	10	8281
TP1_synth_reverse		45	G	317	114	50	521579	38	19	2276	524393	1	0	2	8276	2	0	0	8281
TP1_synth_reverse		46	C	670	522471	1073	91	0	22	78	524405	0	8269	12	0	0	0	0	8281
TP1_synth_reverse		47	C	175	523840	31	34	43	6	276	524405	0	8278	2	0	0	0	1	8281
TP1_synth_reverse		48	G	646	857	125	520063	225	17	2459	524392	4	0	3	8270	3	0	1	8281
TP1_synth_reverse		49	A	525865	33	18	75	0	5	105	526101	8994	0	1	1	0	0	0	8996
TP1_synth_reverse		50	T	2239	47	20	21	536	29	523227	526119	0	0	2	0	7	0	8987	8996
TP1_synth_reverse		51	A	525836	32	3	50	164	51	94	526230	8997	0	0	0	2	0	0	8999
TP1_synth_reverse		52	C	356	524483	133	79	122	48	1019	526240	0	8985	2	2	3	0	8	9000
TP1_synth_reverse		53	A	525440	21	569	101	14	31	62	526238	8994	0	5	0	1	0	0	9000
TP1_synth_reverse		54	G	236	323	395	524097	89	55	1031	526226	0	1	2	8994	3	0	0	9000
TP1_synth_reverse		55	A	525485	101	465	49	0	63	63	526226	8994	1	5	0	0	0	0	9000
TP1_synth_reverse		56	A	525631	371	49	52	0	35	88	526226	8994	4	2	0	0	0	0	9000
TP1_synth_reverse		57	T	2608	38	10	143	62	10	523340	526211	0	0	0	0	1	0	8999	9000
TP1_synth_reverse		58	A	525643	6	199	84	156	47	75	526210	8997	0	2	0	1	0	0	9000
TP1_synth_reverse		59	T	1169	47	25	115	2	39	524797	526194	0	0	1	0	0	0	8999	9000
TP1_synth_reverse		60	C	1590	524105	84	63	0	68	268	526178	0	8996	3	0	0	0	1	9000
TP1_synth_reverse		61	T	822	59	0	619	0	73	524597	526170	0	0	0	0	0	0	9000	9000
TP1_synth_reverse		62	G	336	207	1	524599	0	55	963	526161	0	0	0	8995	0	0	5	9000
TP1_synth_reverse		63	T	3822	42	13	50	0	25	522216	526168	0	0	0	0	0	0	9001	9001
TP1_synth_reverse		64	T	1647	40	4	128	0	43	524305	526167	0	0	0	0	0	0	9001	9001
TP1_synth_reverse		65	C	545	524260	1168	25	0	36	130	526164	0	8994	5	0	0	0	2	9001
TP1_synth_reverse		66	G	881	252	16	523782	0	30	1197	526158	2	0	0	8996	0	0	3	9001
TP1_synth_reverse		67	C	752	525195	78	10	0	66	70	526171	0	9000	2	0	0	0	0	9002
TP1_synth_reverse		68	A	525401	373	206	103	0	55	34	526172	9001	0	1	0	0	0	0	9002
TP1_synth_reverse		69	C	68	525969	1	21	0	27	85	526171	0	9002	0	0	0	0	0	9002
TP1_synth_reverse		70	T	788	58	244	338	0	70	524665	526163	0	0	6	0	0	0	8996	9002
TP1_synth_reverse		71	C	195	524678	397	35	0	39	817	526161	1	8994	3	0	0	0	4	9002
TP1_synth_reverse		72	C	580	525362	3	37	0	56	115	526153	0	9002	0	0	0	0	0	9002
TP1_synth_reverse		73	G	573	218	327	524877	8	54	87	526144	3	0	6	8993	0	0	0	9002
TP1_synth_reverse		74	A	525868	147	4	43	0	57	24	526143	9002	0	0	0	0	0	0	9002
TP1_synth_reverse		75	G	299	145	476	524999	76	17	121	526133	1	0	5	8993	2	0	1	9002
TP1_synth_reverse		76	T	4349	55	282	48	1	74	521308	526117	0	0	2	0	0	0	9000	9002
TP1_synth_reverse		77	G	120	230	262	524853	1	44	592	526102	0	0	3	8999	0	0	0	9002
TP1_synth_reverse		78	C	170	525129	275	25	0	115	383	526097	0	8996	2	0	0	0	4	9002
TP1_synth_reverse		79	G	481	770	213	523439	0	50	958	525911	2	0	3	8996	0	0	1	9002
TP1_synth_reverse		80	G	1056	141	0	523671	109	104	742	525823	8	0	0	8990	0	0	4	9002
TP1_synth_reverse		81	C	122	524419	381	44	593	120	95	525774	0	8998	2	0	2	0	0	9002
TP1_synth_reverse		82	A	459904	6	467	55	0	55	154	460641	8125	0	2	0	0	0	0	8127
TP1_synth_reverse		83	A	460279	11	183	35	0	40	89	460637	8127	0	0	0	0	0	0	8127
TP1_synth_reverse		84	A	460035	12	0	72	383	45	63	460610	8124	0	0	0	3	0	0	8127
TP1_synth_reverse		85	G	109	128	0	459487	4	7	755	460490	2	0	0	8124	0	0	1	8127
TP1_synth_reverse		86	C	177	460025	0	35	4	23	188	460452	0	8126	0	1	0	0	0	8127
TP1_synth_reverse		87	T	1363	64	0	26	0	70	458881	460404	0	0	0	0	0	0	8127	8127
TP1_synth_reverse		88	G	164	297	0	459823	3	17	79	460383	1	0	0	8126	0	0	0	8127
TP1_synth_reverse		89	T	609	54	361	23	0	43	459255	460345	0	0	3	0	0	0	8124	8127
TP1_synth_reverse		90	T	751	60	0	18	0	79	459221	460129	0	0	0	0	0	0	8127	8127
TP1_synth_reverse		91	C	285	459689	0	23	1	15	68	460081	0	8126	0	1	0	0	0	8127
TP1_synth_reverse		92	C	188	459257	0	21	0	55	120	459641	0	8126	0	0	0	0	0	8126
TP1_synth_reverse		93	G	342	131	0	458595	0	5	49	459122	1	0	0	8125	0	0	0	8126
TP1_synth_reverse		94	T	691	175	0	25	0	56	458108	459055	0	0	0	0	0	0	8126	8126
TP1_synth_reverse		95	C	0	458626	0	0	0	66	0	458692	0	8125	0	0	0	0	0	8125
TP1_synth_reverse		96	C	0	458394	0	0	0	10	0	458404	0	8123	0	0	0	0	0	8123
TP1_synth_reverse		97	C	0	457255	0	0	0	1	0	457256	0	8122	0	0	0	0	0	8122
TP1_synth_reverse		98	A	455489	0	0	0	0	0	0	455489	8113	0	0	0	0	0	0	8113
TP1_synth_reverse		99	G	0	0	0	455001	0	0	0	455001	0	0	0	8112	0	0	0	8112
