



























































































































































































































#AmpliconChromStart	Alias	Position	ProbableRef	rawA	rawC	rawD	rawG	rawI	rawN	rawT	rawDepth	consA	consC	consD	consG	consI	consN	consT	consDepth	
TP1_synth_reverse		1	G	0	0	0	844529	0	0	0	844529	0	0	0	59105	0	0	0	59105
TP1_synth_reverse		2	T	0	0	0	0	0	0	846026	846026	0	0	0	0	0	0	59589	59589
TP1_synth_reverse		3	G	0	0	0	847776	0	71	0	847847	0	0	0	60121	0	28	0	60149
TP1_synth_reverse		4	G	0	0	0	848644	0	37	0	848681	0	0	0	60541	0	13	0	60554
TP1_synth_reverse		5	T	0	0	0	0	0	19	849155	849174	0	0	0	0	0	13	60807	60820
TP1_synth_reverse		6	G	104	74	0	850025	0	15	164	850382	9	4	0	61177	0	7	21	61218
TP1_synth_reverse		7	A	850573	29	0	94	0	56	131	850883	61241	1	0	4	0	21	7	61274
TP1_synth_reverse		8	G	104	73	0	853121	0	83	113	853494	4	9	0	61331	0	18	18	61380
TP1_synth_reverse		9	G	103	147	0	852937	190	29	134	853540	6	33	0	61339	3	1	25	61407
TP1_synth_reverse		10	C	237	853157	5	24	9	19	112	853563	48	61366	0	1	2	4	2	61423
TP1_synth_reverse		11	T	154	139	169	18	648	25	852421	853574	37	5	11	0	47	1	61332	61433
TP1_synth_reverse		12	C	329	850632	2359	26	2	72	166	853586	61	61243	107	1	0	23	4	61439
TP1_synth_reverse		13	C	440	852862	80	23	0	73	131	853609	73	61340	7	0	0	29	7	61456
TP1_synth_reverse		14	C	379	853038	0	19	1	46	126	853609	43	61398	0	1	0	11	3	61456
TP1_synth_reverse		15	C	252	851892	318	30	822	49	256	853619	50	61331	11	3	36	18	15	61464
TP1_synth_reverse		16	T	331	91	2808	13	0	198	850178	853619	77	2	148	0	0	48	61189	61464
TP1_synth_reverse		17	T	329	222	70	13	0	66	852919	853619	80	11	5	2	0	26	61340	61464
TP1_synth_reverse		18	T	338	141	70	3	355	62	852657	853626	75	8	5	0	30	11	61337	61466
TP1_synth_reverse		19	C	462	852681	95	14	339	67	96	853754	124	61267	18	3	46	20	7	61485
TP1_synth_reverse		20	T	243	95	879	16	3	28	852490	853754	66	4	64	0	0	9	61342	61485
TP1_synth_reverse		21	T	437	149	19	57	2066	90	850936	853754	146	6	12	6	147	3	61165	61485
TP1_synth_reverse		22	G	248	640	823	850948	124	31	947	853761	14	148	54	61153	10	3	106	61488
TP1_synth_reverse		23	C	526	847184	789	52	4816	33	387	853787	129	60982	59	3	290	6	27	61496
TP1_synth_reverse		24	G	201	183	1111	851500	11	50	731	853787	16	54	64	61238	2	10	112	61496
TP1_synth_reverse		25	G	105	570	399	851849	92	116	656	853787	14	139	22	61194	13	25	89	61496
TP1_synth_reverse		26	A	850316	28	1109	183	1949	47	155	853787	61266	3	69	7	123	19	9	61496
TP1_synth_reverse		27	G	291	671	75	851756	170	23	801	853787	27	141	17	61174	19	9	109	61496
TP1_synth_reverse		28	A	852156	44	335	103	1019	31	99	853787	61404	1	24	7	49	8	3	61496
TP1_synth_reverse		29	T	290	101	1107	137	1	143	852008	853787	74	10	64	18	0	35	61295	61496
TP1_synth_reverse		30	T	913	108	416	50	37	139	852130	853793	274	2	23	9	5	14	61173	61500
TP1_synth_reverse		31	C	511	852464	597	44	12	62	84	853774	142	61275	49	3	1	11	3	61484
TP1_synth_reverse		32	T	595	233	393	48	220	326	851955	853770	126	13	43	6	15	31	61248	61482
TP1_synth_reverse		33	C	408	851582	1117	42	87	134	395	853765	153	61195	81	3	8	25	16	61481
TP1_synth_reverse		34	T	672	139	1018	57	1	65	851809	853761	156	3	63	5	0	9	61242	61478
TP1_synth_reverse		35	T	1367	123	265	67	218	80	851631	853751	382	5	20	8	23	21	61012	61471
TP1_synth_reverse		36	C	517	852719	342	33	1	49	89	853750	108	61294	54	2	0	7	6	61471
TP1_synth_reverse		37	C	551	851960	145	75	490	82	436	853739	106	61257	10	6	35	14	39	61467
TP1_synth_reverse		38	T	665	111	825	221	243	25	851637	853727	194	6	67	17	24	11	61141	61460
TP1_synth_reverse		39	C	410	851935	1085	38	6	53	195	853722	119	61261	54	1	1	11	8	61455
TP1_synth_reverse		40	T	1244	160	959	25	2379	145	848802	853714	300	8	78	3	137	13	60910	61449
TP1_synth_reverse		41	G	546	553	621	850795	498	28	669	853710	67	153	50	61029	27	3	116	61445
TP1_synth_reverse		42	T	2029	90	667	44	2189	60	848626	853705	464	4	61	6	109	11	60789	61444
TP1_synth_reverse		43	G	414	434	673	850410	993	358	430	853712	65	123	49	61012	52	43	101	61445
TP1_synth_reverse		44	C	469	847402	613	85	3076	148	1913	853706	104	61007	39	7	174	29	82	61442
TP1_synth_reverse		45	G	529	356	426	850285	716	49	1325	853686	44	118	27	60956	35	27	219	61426
TP1_synth_reverse		46	C	781	851062	1466	46	0	11	327	853693	222	61103	82	5	0	4	14	61430
TP1_synth_reverse		47	C	335	851344	220	49	1385	26	333	853692	73	61199	12	3	106	15	21	61429
TP1_synth_reverse		48	G	567	658	1316	849348	481	37	1249	853656	45	210	65	60857	30	13	176	61396
TP1_synth_reverse		49	A	851711	65	1233	73	254	189	137	853662	61403	3	51	7	11	24	4	61503
TP1_synth_reverse		50	T	1057	82	478	145	227	103	851555	853647	259	3	28	17	15	22	61145	61489
TP1_synth_reverse		51	A	852631	43	605	114	7	114	149	853663	61414	6	31	4	3	29	8	61495
TP1_synth_reverse		52	C	519	851317	841	114	270	270	325	853656	141	61202	50	22	28	21	25	61489
TP1_synth_reverse		53	A	851306	25	863	228	826	280	139	853667	61319	1	60	11	51	39	14	61495
TP1_synth_reverse		54	G	376	245	1430	849774	958	105	766	853654	43	60	82	61139	46	24	88	61482
TP1_synth_reverse		55	A	851998	80	1235	126	0	123	86	853648	61351	15	96	5	0	6	3	61476
TP1_synth_reverse		56	A	852328	45	318	159	543	102	145	853640	61374	8	31	6	26	17	10	61472
TP1_synth_reverse		57	T	1841	82	288	202	48	230	850912	853603	372	5	47	26	5	43	60948	61446
TP1_synth_reverse		58	A	852781	18	294	96	0	298	115	853602	61244	3	21	7	0	166	4	61445
TP1_synth_reverse		59	T	957	53	878	79	2	344	851249	853562	230	2	54	14	2	60	61059	61421
TP1_synth_reverse		60	C	889	851867	385	55	37	237	73	853543	229	61094	40	3	2	32	7	61407
TP1_synth_reverse		61	T	1154	96	755	46	1130	213	850148	853542	245	6	62	6	73	59	60955	61406
TP1_synth_reverse		62	G	530	461	434	851141	205	330	428	853529	72	67	43	60890	15	166	143	61396
TP1_synth_reverse		63	T	1951	89	1117	21	2	164	850180	853524	468	3	63	2	0	59	60800	61395
TP1_synth_reverse		64	T	1845	73	1213	21	248	46	850076	853522	334	7	64	3	12	5	60963	61388
TP1_synth_reverse		65	C	1238	848521	2795	34	558	130	238	853514	269	60911	143	6	24	22	11	61386
TP1_synth_reverse		66	G	576	432	1516	850169	4	63	736	853496	47	134	82	60982	3	10	113	61371
TP1_synth_reverse		67	C	859	850598	1625	33	66	190	122	853493	242	61007	72	4	3	32	8	61368
TP1_synth_reverse		68	A	851954	243	989	147	1	94	75	853503	61261	30	53	3	0	20	2	61369
TP1_synth_reverse		69	C	290	852139	795	34	0	66	171	853495	63	61240	49	2	0	4	6	61364
TP1_synth_reverse		70	T	1120	231	621	52	185	82	851193	853484	258	14	40	9	8	12	61015	61356
TP1_synth_reverse		71	C	384	851100	1346	37	0	303	307	853477	83	61113	77	2	0	65	12	61352
TP1_synth_reverse		72	C	698	851669	401	65	106	118	411	853468	220	61018	34	4	10	52	11	61349
TP1_synth_reverse		73	G	298	503	694	850457	211	306	992	853461	27	117	64	60863	11	188	75	61345
TP1_synth_reverse		74	A	851252	47	1596	120	274	120	44	853453	61179	11	78	10	12	44	6	61340
TP1_synth_reverse		75	G	755	422	1169	850657	13	48	373	853437	43	94	61	61049	6	10	67	61330
TP1_synth_reverse		76	T	896	353	1471	47	348	51	850259	853425	274	15	91	10	10	4	60918	61322
TP1_synth_reverse		77	G	158	375	572	850906	33	60	1301	853405	26	77	43	61043	4	10	107	61310
TP1_synth_reverse		78	C	425	850200	1234	35	3	437	1054	853388	68	61009	81	3	1	62	79	61303
TP1_synth_reverse		79	G	316	564	1693	850193	0	127	479	853372	23	237	107	60829	0	16	84	61296
TP1_synth_reverse		80	G	627	300	668	851290	0	124	335	853344	45	90	51	61007	0	24	67	61284
TP1_synth_reverse		81	C	254	850659	1553	84	542	79	155	853326	40	61061	110	3	31	20	8	61273
TP1_synth_reverse		82	A	851009	51	1740	210	0	74	127	853211	61012	9	120	10	0	8	8	61167
TP1_synth_reverse		83	A	851765	53	1000	92	0	210	87	853207	61058	5	58	5	0	34	6	61166
TP1_synth_reverse		84	A	852171	48	494	153	24	224	62	853176	61078	0	29	7	8	31	6	61159
TP1_synth_reverse		85	G	183	357	42	852221	46	81	154	853084	27	88	5	60953	1	24	25	61123
TP1_synth_reverse		86	C	643	851560	1	22	372	94	338	853030	110	60974	0	2	15	6	8	61115
TP1_synth_reverse		87	T	1143	252	108	24	1	275	850980	852783	273	12	5	0	0	28	60752	61070
TP1_synth_reverse		88	G	252	665	22	851176	158	136	304	852713	25	72	3	60852	14	19	66	61051
TP1_synth_reverse		89	T	687	98	980	21	0	52	850840	852678	90	4	37	0	0	15	60898	61044
TP1_synth_reverse		90	T	570	133	114	338	0	78	851136	852369	84	3	9	16	0	8	60894	61014
TP1_synth_reverse		91	C	919	850594	0	200	0	263	311	852287	106	60812	0	15	0	40	14	60987
TP1_synth_reverse		92	C	707	850545	0	43	0	354	219	851868	56	60809	0	3	0	57	17	60942
TP1_synth_reverse		93	G	413	419	0	849493	0	159	199	850683	26	112	0	60656	0	40	36	60870
TP1_synth_reverse		94	T	517	107	0	34	0	75	849835	850568	74	3	0	3	0	11	60755	60846
TP1_synth_reverse		95	C	0	849573	0	0	0	152	0	849725	0	60771	0	0	0	20	0	60791
TP1_synth_reverse		96	C	0	848801	0	0	0	116	0	848917	0	60695	0	0	0	23	0	60718
TP1_synth_reverse		97	C	0	847436	0	0	0	136	0	847572	0	60554	0	0	0	45	0	60599
TP1_synth_reverse		98	A	844311	0	0	0	0	0	0	844311	60422	0	0	0	0	0	0	60422
TP1_synth_reverse		99	G	0	0	0	842979	0	0	0	842979	0	0	0	60225	0	0	0	60225
