



























































































































































































































#AmpliconChromStart	Alias	Position	ProbableRef	rawA	rawC	rawD	rawG	rawI	rawN	rawT	rawDepth	consA	consC	consD	consG	consI	consN	consT	consDepth	
TP1_synth_reverse		1	G	0	0	0	811260	0	0	0	811260	0	0	0	11810	0	0	0	11810
TP1_synth_reverse		2	T	0	0	0	0	0	0	813224	813224	0	0	0	0	0	0	11823	11823
TP1_synth_reverse		3	G	0	0	0	815143	0	90	0	815233	0	0	0	11850	0	0	0	11850
TP1_synth_reverse		4	G	0	0	0	815670	0	45	0	815715	0	0	0	11857	0	0	0	11857
TP1_synth_reverse		5	T	1	0	0	0	0	13	816259	816273	0	0	0	0	0	0	11864	11864
TP1_synth_reverse		6	G	103	73	0	817046	0	26	175	817423	0	0	0	11868	0	0	1	11869
TP1_synth_reverse		7	A	817701	26	0	129	0	51	120	818027	11872	0	0	0	0	0	0	11872
TP1_synth_reverse		8	G	98	89	0	817995	0	96	168	818446	0	0	0	11877	0	0	1	11878
TP1_synth_reverse		9	G	97	137	0	817819	1	29	406	818489	0	0	0	11876	0	0	3	11879
TP1_synth_reverse		10	C	254	818069	0	25	0	35	130	818513	0	11880	0	0	0	0	0	11880
TP1_synth_reverse		11	T	178	157	79	11	38	26	818197	818686	0	0	1	0	2	0	11878	11881
TP1_synth_reverse		12	C	285	815117	3071	18	0	80	125	818696	0	11839	43	0	0	0	0	11882
TP1_synth_reverse		13	C	393	818095	2	26	0	91	98	818705	0	11882	0	0	0	0	0	11882
TP1_synth_reverse		14	C	370	818167	0	18	0	47	110	818712	0	11882	0	0	0	0	0	11882
TP1_synth_reverse		15	C	264	817834	5	32	446	49	82	818712	0	11879	0	0	3	0	0	11882
TP1_synth_reverse		16	T	342	65	1064	10	1	173	817057	818712	0	0	18	0	0	0	11864	11882
TP1_synth_reverse		17	T	338	395	1	7	1	57	817913	818712	0	1	0	0	0	0	11881	11882
TP1_synth_reverse		18	T	353	123	2	4	6	48	818180	818716	0	0	0	0	0	0	11882	11882
TP1_synth_reverse		19	C	323	817057	826	67	3	60	399	818735	0	11869	8	1	0	0	5	11883
TP1_synth_reverse		20	T	252	88	711	19	0	26	817639	818735	0	0	10	0	0	0	11873	11883
TP1_synth_reverse		21	T	496	142	0	49	372	87	817599	818745	1	0	0	0	1	0	11881	11883
TP1_synth_reverse		22	G	154	420	363	817307	2	14	485	818745	1	0	3	11874	0	0	5	11883
TP1_synth_reverse		23	C	572	816247	696	45	598	24	572	818754	0	11871	6	0	6	0	1	11884
TP1_synth_reverse		24	G	199	174	1306	815485	1	36	1556	818757	1	0	17	11861	0	0	5	11884
TP1_synth_reverse		25	G	79	657	4	816982	112	118	821	818773	0	0	0	11882	1	0	2	11885
TP1_synth_reverse		26	A	818014	18	400	160	2	41	169	818804	11876	0	8	0	0	0	2	11886
TP1_synth_reverse		27	G	392	712	242	816104	324	17	1013	818804	1	0	2	11873	4	0	6	11886
TP1_synth_reverse		28	A	818521	43	41	70	12	36	98	818821	11885	0	1	0	1	0	0	11887
TP1_synth_reverse		29	T	301	81	464	143	0	107	817725	818821	0	0	6	0	0	0	11881	11887
TP1_synth_reverse		30	T	1217	99	2	53	0	116	817334	818821	6	0	0	0	0	0	11881	11887
TP1_synth_reverse		31	C	479	817567	461	42	44	72	147	818812	0	11875	8	0	1	0	3	11887
TP1_synth_reverse		32	T	568	102	687	40	0	320	817092	818809	1	0	5	0	0	0	11881	11887
TP1_synth_reverse		33	C	430	818027	105	40	0	127	80	818809	0	11884	3	0	0	0	0	11887
TP1_synth_reverse		34	T	729	121	51	81	1	92	817732	818807	0	0	1	0	0	0	11886	11887
TP1_synth_reverse		35	T	1422	103	1	57	33	74	817109	818799	0	0	0	0	1	0	11886	11887
TP1_synth_reverse		36	C	515	817961	103	24	0	53	145	818801	0	11880	4	0	0	0	3	11887
TP1_synth_reverse		37	C	538	817879	107	53	5	63	143	818788	0	11884	2	0	1	0	0	11887
TP1_synth_reverse		38	T	661	74	119	220	6	23	817673	818776	0	1	2	0	0	0	11884	11887
TP1_synth_reverse		39	C	379	817063	1021	41	105	65	90	818764	1	11877	8	0	1	0	0	11887
TP1_synth_reverse		40	T	1226	85	433	32	192	120	816673	818761	0	0	4	0	1	0	11882	11887
TP1_synth_reverse		41	G	474	576	883	815174	1	24	1625	818757	0	0	5	11862	0	0	20	11887
TP1_synth_reverse		42	T	2034	94	1604	31	2	49	814938	818752	0	0	9	0	0	0	11878	11887
TP1_synth_reverse		43	G	400	451	231	816605	311	404	356	818758	1	0	3	11881	2	0	1	11888
TP1_synth_reverse		44	C	449	816687	277	45	628	167	504	818757	1	11880	2	0	3	0	2	11888
TP1_synth_reverse		45	G	495	341	4	816043	226	55	1588	818752	1	0	0	11881	2	0	4	11888
TP1_synth_reverse		46	C	625	816245	977	47	0	17	846	818757	1	11875	8	0	0	0	5	11889
TP1_synth_reverse		47	C	345	818121	1	39	0	25	233	818764	0	11888	0	0	0	0	1	11889
TP1_synth_reverse		48	G	396	1327	791	814891	281	35	1024	818745	4	2	4	11872	3	0	4	11889
TP1_synth_reverse		49	A	818188	40	65	100	1	207	160	818761	11888	0	2	0	0	0	0	11890
TP1_synth_reverse		50	T	962	295	92	152	565	113	816579	818758	0	2	3	0	6	0	11879	11890
TP1_synth_reverse		51	A	817798	52	303	281	127	108	108	818777	11879	0	5	1	6	0	0	11891
TP1_synth_reverse		52	C	518	816707	243	128	728	259	185	818768	0	11883	4	0	3	0	1	11891
TP1_synth_reverse		53	A	818031	31	8	161	0	299	253	818783	11890	0	0	0	0	0	2	11892
TP1_synth_reverse		54	G	270	237	308	817558	77	92	228	818770	2	0	3	11885	1	0	1	11892
TP1_synth_reverse		55	A	817758	82	657	120	0	99	82	818798	11884	0	9	0	0	0	0	11893
TP1_synth_reverse		56	A	817546	792	1	156	71	85	142	818793	11888	3	0	0	2	0	0	11893
TP1_synth_reverse		57	T	1746	50	25	210	80	198	816465	818774	0	0	1	0	2	0	11890	11893
TP1_synth_reverse		58	A	818112	14	172	94	2	272	119	818785	11889	0	4	1	0	0	0	11894
TP1_synth_reverse		59	T	908	43	128	84	0	384	817215	818762	0	0	2	0	0	0	11892	11894
TP1_synth_reverse		60	C	805	816913	283	459	0	238	57	818755	0	11887	2	5	0	0	0	11894
TP1_synth_reverse		61	T	1363	1317	22	476	0	201	815373	818752	1	11	0	4	0	0	11878	11894
TP1_synth_reverse		62	G	766	244	1	816447	1	285	1005	818749	2	1	0	11887	0	0	4	11894
TP1_synth_reverse		63	T	2830	90	137	153	0	162	815386	818758	3	0	1	2	0	0	11889	11895
TP1_synth_reverse		64	T	1742	62	0	18	188	44	816694	818748	0	0	0	0	2	0	11893	11895
TP1_synth_reverse		65	C	1132	817014	177	28	16	151	223	818741	1	11889	3	0	0	0	2	11895
TP1_synth_reverse		66	G	560	377	20	816260	219	63	1235	818734	2	0	0	11888	0	0	5	11895
TP1_synth_reverse		67	C	770	817485	141	41	0	199	92	818728	0	11892	3	0	0	0	0	11895
TP1_synth_reverse		68	A	818239	188	1	138	6	72	82	818726	11895	0	0	0	0	0	0	11895
TP1_synth_reverse		69	C	294	817363	462	33	200	72	298	818722	0	11888	4	0	1	0	2	11895
TP1_synth_reverse		70	T	1020	126	221	28	709	100	816513	818717	0	0	3	0	3	0	11889	11895
TP1_synth_reverse		71	C	377	815182	2703	27	1	292	129	818711	0	11880	13	0	0	0	2	11895
TP1_synth_reverse		72	C	670	817308	4	64	354	112	188	818700	0	11892	0	0	1	0	2	11895
TP1_synth_reverse		73	G	186	528	822	815523	400	297	931	818687	0	0	8	11879	2	0	6	11895
TP1_synth_reverse		74	A	817814	32	25	284	377	110	39	818681	11892	0	1	0	2	0	0	11895
TP1_synth_reverse		75	G	583	376	62	816740	130	56	725	818672	4	0	0	11886	2	0	3	11895
TP1_synth_reverse		76	T	886	108	11	54	2	54	817548	818663	0	1	0	0	0	0	11894	11895
TP1_synth_reverse		77	G	80	318	674	816613	317	38	602	818642	0	1	4	11880	5	0	5	11895
TP1_synth_reverse		78	C	468	815804	633	40	274	468	950	818637	0	11881	3	0	3	1	7	11895
TP1_synth_reverse		79	G	247	506	673	816231	0	125	851	818633	2	0	5	11884	0	0	4	11895
TP1_synth_reverse		80	G	216	246	1	816980	127	147	898	818615	1	0	0	11890	1	0	3	11895
TP1_synth_reverse		81	C	483	817186	104	85	537	84	124	818603	2	11890	1	0	2	0	0	11895
TP1_synth_reverse		82	A	817259	34	1001	129	0	45	121	818589	11886	0	9	0	0	0	0	11895
TP1_synth_reverse		83	A	818135	57	10	95	0	206	85	818588	11895	0	0	0	0	0	0	11895
TP1_synth_reverse		84	A	817812	45	0	148	111	196	238	818550	11891	0	0	0	2	0	2	11895
TP1_synth_reverse		85	G	117	313	8	817724	2	116	179	818459	0	0	0	11894	0	0	1	11895
TP1_synth_reverse		86	C	594	817579	1	43	0	75	119	818411	3	11889	0	1	0	0	2	11895
TP1_synth_reverse		87	T	1147	75	176	20	2	285	816588	818293	0	0	3	0	0	0	11892	11895
TP1_synth_reverse		88	G	174	503	167	817070	8	120	195	818237	0	0	3	11891	1	0	0	11895
TP1_synth_reverse		89	T	641	90	500	15	0	35	816885	818166	0	0	3	0	0	0	11892	11895
TP1_synth_reverse		90	T	600	110	1	31	1	76	817119	817938	0	0	0	1	0	0	11893	11894
TP1_synth_reverse		91	C	479	816908	0	60	1	287	110	817845	0	11892	0	1	0	0	1	11894
TP1_synth_reverse		92	C	367	816135	0	131	0	377	584	817594	0	11891	0	0	0	0	2	11893
TP1_synth_reverse		93	G	444	395	0	814804	0	155	164	815962	3	0	0	11885	0	0	0	11888
TP1_synth_reverse		94	T	525	91	0	357	0	61	814659	815693	0	0	0	0	0	0	11888	11888
TP1_synth_reverse		95	C	0	815161	0	0	0	166	0	815327	0	11888	0	0	0	0	0	11888
TP1_synth_reverse		96	C	0	814619	0	0	0	92	0	814711	0	11887	0	0	0	0	0	11887
TP1_synth_reverse		97	C	0	813665	0	0	0	151	0	813816	0	11883	0	0	0	0	0	11883
TP1_synth_reverse		98	A	809953	0	0	0	0	0	0	809953	11874	0	0	0	0	0	0	11874
TP1_synth_reverse		99	G	0	0	0	808670	1	0	0	808671	0	0	0	11870	0	0	0	11870
