



























































































































































































































#AmpliconChromStart	Alias	Position	ProbableRef	rawA	rawC	rawD	rawG	rawI	rawN	rawT	rawDepth	consA	consC	consD	consG	consI	consN	consT	consDepth	
TP1_synth_reverse		1	G	0	0	0	811260	0	0	0	811260	0	0	0	8965	0	0	0	8965
TP1_synth_reverse		2	T	0	0	0	0	0	0	813224	813224	0	0	0	0	0	0	8976	8976
TP1_synth_reverse		3	G	0	0	0	815143	0	90	0	815233	0	0	0	9000	0	0	0	9000
TP1_synth_reverse		4	G	0	0	0	815670	0	45	0	815715	0	0	0	9006	0	0	0	9006
TP1_synth_reverse		5	T	1	0	0	0	0	13	816259	816273	0	0	0	0	0	0	9011	9011
TP1_synth_reverse		6	G	103	73	0	817046	0	26	175	817423	0	0	0	9014	0	0	1	9015
TP1_synth_reverse		7	A	817701	26	0	129	0	51	120	818027	9018	0	0	0	0	0	0	9018
TP1_synth_reverse		8	G	98	89	0	817995	0	96	168	818446	0	0	0	9022	0	0	1	9023
TP1_synth_reverse		9	G	97	137	0	817819	1	29	406	818489	0	0	0	9022	0	0	2	9024
TP1_synth_reverse		10	C	254	818069	0	25	0	35	130	818513	0	9025	0	0	0	0	0	9025
TP1_synth_reverse		11	T	178	157	79	11	38	26	818197	818686	0	0	1	0	1	0	9024	9026
TP1_synth_reverse		12	C	285	815117	3071	18	0	80	125	818696	0	8994	32	0	0	0	0	9026
TP1_synth_reverse		13	C	393	818095	2	26	0	91	98	818705	0	9026	0	0	0	0	0	9026
TP1_synth_reverse		14	C	370	818167	0	18	0	47	110	818712	0	9026	0	0	0	0	0	9026
TP1_synth_reverse		15	C	264	817842	5	32	446	49	82	818720	0	9023	0	0	3	0	0	9026
TP1_synth_reverse		16	T	342	65	1064	10	1	173	817065	818720	0	0	16	0	0	0	9010	9026
TP1_synth_reverse		17	T	338	395	1	7	1	57	817921	818720	0	1	0	0	0	0	9025	9026
TP1_synth_reverse		18	T	353	123	2	4	6	48	818188	818724	0	0	0	0	0	0	9026	9026
TP1_synth_reverse		19	C	323	817065	826	67	3	60	399	818743	0	9014	7	1	0	0	5	9027
TP1_synth_reverse		20	T	252	88	711	19	0	26	817647	818743	0	0	9	0	0	0	9018	9027
TP1_synth_reverse		21	T	498	142	0	49	372	87	817605	818753	1	0	0	0	1	0	9025	9027
TP1_synth_reverse		22	G	154	420	363	817315	2	14	485	818753	1	0	2	9022	0	0	2	9027
TP1_synth_reverse		23	C	572	816255	696	45	598	24	572	818762	0	9019	4	0	4	0	1	9028
TP1_synth_reverse		24	G	199	174	1306	815493	1	36	1556	818765	1	0	14	9008	0	0	5	9028
TP1_synth_reverse		25	G	79	657	4	816990	112	118	821	818781	0	0	0	9026	1	0	2	9029
TP1_synth_reverse		26	A	818022	18	400	160	2	41	169	818812	9020	0	8	0	0	0	2	9030
TP1_synth_reverse		27	G	392	712	242	816112	324	17	1013	818812	1	0	2	9021	3	0	3	9030
TP1_synth_reverse		28	A	818529	43	41	70	12	36	98	818829	9031	0	0	0	0	0	0	9031
TP1_synth_reverse		29	T	302	81	464	143	0	107	817732	818829	0	0	3	0	0	0	9028	9031
TP1_synth_reverse		30	T	1217	99	2	53	0	116	817342	818829	3	0	0	0	0	0	9028	9031
TP1_synth_reverse		31	C	479	817581	461	42	44	72	147	818826	0	9021	6	0	1	0	3	9031
TP1_synth_reverse		32	T	568	102	687	40	0	320	817106	818823	0	0	3	0	0	0	9028	9031
TP1_synth_reverse		33	C	431	818040	105	40	0	127	80	818823	0	9028	3	0	0	0	0	9031
TP1_synth_reverse		34	T	730	121	51	81	1	92	817747	818823	0	0	1	0	0	0	9030	9031
TP1_synth_reverse		35	T	1422	103	1	57	33	74	817125	818815	0	1	0	0	1	0	9029	9031
TP1_synth_reverse		36	C	515	817977	103	24	0	53	145	818817	0	9024	4	0	0	0	3	9031
TP1_synth_reverse		37	C	538	817895	107	53	5	63	143	818804	0	9029	2	0	0	0	0	9031
TP1_synth_reverse		38	T	662	74	119	220	6	23	817688	818792	0	1	2	0	0	0	9028	9031
TP1_synth_reverse		39	C	380	817078	1021	41	105	65	90	818780	0	9024	6	0	1	0	0	9031
TP1_synth_reverse		40	T	1226	85	433	34	192	120	816687	818777	0	0	2	0	1	0	9028	9031
TP1_synth_reverse		41	G	474	576	883	815182	1	24	1625	818765	0	0	5	9009	0	0	17	9031
TP1_synth_reverse		42	T	2036	94	1604	31	2	49	814944	818760	0	0	7	0	0	0	9024	9031
TP1_synth_reverse		43	G	400	453	231	816610	311	404	357	818766	0	0	3	9027	1	0	1	9032
TP1_synth_reverse		44	C	449	816695	277	45	628	167	504	818765	1	9026	1	0	3	0	1	9032
TP1_synth_reverse		45	G	495	341	4	816049	226	55	1590	818760	1	0	0	9026	2	0	3	9032
TP1_synth_reverse		46	C	627	816251	977	47	0	17	846	818765	0	9023	6	0	0	0	3	9032
TP1_synth_reverse		47	C	346	818128	1	39	0	25	233	818772	0	9031	0	0	0	0	1	9032
TP1_synth_reverse		48	G	397	1327	791	814896	281	35	1026	818753	4	2	2	9017	3	0	4	9032
TP1_synth_reverse		49	A	818197	39	65	100	1	207	160	818769	9030	0	2	0	0	0	0	9032
TP1_synth_reverse		50	T	963	295	92	152	565	113	816586	818766	0	2	2	0	6	0	9022	9032
TP1_synth_reverse		51	A	817805	52	303	282	127	108	108	818785	9025	0	3	1	4	0	0	9033
TP1_synth_reverse		52	C	519	816714	243	128	728	259	185	818776	0	9026	3	0	3	0	1	9033
TP1_synth_reverse		53	A	818039	31	8	161	0	299	253	818791	9032	0	0	0	0	0	2	9034
TP1_synth_reverse		54	G	272	237	308	817564	77	92	228	818778	2	0	3	9027	1	0	1	9034
TP1_synth_reverse		55	A	817766	82	657	120	0	99	82	818806	9026	0	9	0	0	0	0	9035
TP1_synth_reverse		56	A	817553	792	1	157	71	85	142	818801	9031	2	0	0	2	0	0	9035
TP1_synth_reverse		57	T	1747	50	25	210	80	198	816472	818782	0	0	1	0	2	0	9032	9035
TP1_synth_reverse		58	A	818108	14	172	95	2	272	119	818782	9032	0	3	0	0	0	0	9035
TP1_synth_reverse		59	T	908	43	128	85	0	384	817211	818759	0	0	1	0	0	0	9034	9035
TP1_synth_reverse		60	C	806	816909	283	459	0	238	57	818752	0	9028	2	5	0	0	0	9035
TP1_synth_reverse		61	T	1360	1317	22	476	0	201	815373	818749	1	9	0	4	0	0	9021	9035
TP1_synth_reverse		62	G	766	245	1	816442	1	285	1006	818746	2	0	0	9030	0	0	3	9035
TP1_synth_reverse		63	T	2831	90	137	153	0	162	815382	818755	3	0	1	2	0	0	9030	9036
TP1_synth_reverse		64	T	1742	62	0	18	188	44	816691	818745	0	0	0	0	1	0	9035	9036
TP1_synth_reverse		65	C	1132	817011	177	28	16	151	223	818738	1	9031	2	0	0	0	2	9036
TP1_synth_reverse		66	G	560	375	20	816257	219	63	1237	818731	1	0	0	9031	0	0	4	9036
TP1_synth_reverse		67	C	769	817483	141	41	0	199	92	818725	0	9033	3	0	0	0	0	9036
TP1_synth_reverse		68	A	818236	188	1	138	6	72	82	818723	9036	0	0	0	0	0	0	9036
TP1_synth_reverse		69	C	296	817357	462	33	200	72	298	818718	0	9031	2	0	1	0	2	9036
TP1_synth_reverse		70	T	1020	126	221	28	709	100	816504	818708	0	0	2	0	3	0	9031	9036
TP1_synth_reverse		71	C	377	815173	2703	27	1	292	129	818702	0	9022	12	0	0	0	2	9036
TP1_synth_reverse		72	C	670	817299	4	64	354	112	188	818691	0	9035	0	0	1	0	0	9036
TP1_synth_reverse		73	G	186	528	822	815514	400	297	931	818678	0	0	6	9024	1	0	5	9036
TP1_synth_reverse		74	A	817805	32	25	284	377	110	39	818672	9034	0	0	0	2	0	0	9036
TP1_synth_reverse		75	G	583	376	62	816731	130	56	725	818663	3	0	0	9028	2	0	3	9036
TP1_synth_reverse		76	T	887	108	11	54	2	54	817538	818654	0	0	0	0	0	0	9036	9036
TP1_synth_reverse		77	G	80	318	674	816603	317	38	603	818633	0	0	4	9024	3	0	5	9036
TP1_synth_reverse		78	C	471	815792	633	40	274	468	950	818628	0	9024	3	0	3	1	5	9036
TP1_synth_reverse		79	G	247	506	673	816222	0	125	851	818624	1	0	4	9028	0	0	3	9036
TP1_synth_reverse		80	G	216	246	1	816971	127	147	898	818606	1	0	0	9031	1	0	3	9036
TP1_synth_reverse		81	C	483	817178	104	84	537	84	124	818594	2	9031	1	0	2	0	0	9036
TP1_synth_reverse		82	A	817250	34	1001	129	0	45	121	818580	9029	0	7	0	0	0	0	9036
TP1_synth_reverse		83	A	818126	57	10	95	0	206	85	818579	9036	0	0	0	0	0	0	9036
TP1_synth_reverse		84	A	817803	45	0	148	111	196	238	818541	9032	0	0	0	2	0	2	9036
TP1_synth_reverse		85	G	117	313	8	817716	2	116	178	818450	0	0	0	9035	0	0	1	9036
TP1_synth_reverse		86	C	593	817571	1	43	0	75	119	818402	3	9032	0	0	0	0	1	9036
TP1_synth_reverse		87	T	1145	75	176	20	2	285	816580	818283	0	0	1	0	0	0	9035	9036
TP1_synth_reverse		88	G	174	503	167	817059	8	120	195	818226	0	0	1	9035	0	0	0	9036
TP1_synth_reverse		89	T	643	90	500	15	0	35	816872	818155	0	0	3	0	0	0	9033	9036
TP1_synth_reverse		90	T	601	110	1	31	1	76	817107	817927	0	0	0	1	0	0	9034	9035
TP1_synth_reverse		91	C	479	816896	0	60	1	287	110	817833	0	9035	0	0	0	0	0	9035
TP1_synth_reverse		92	C	369	816120	0	131	0	377	584	817581	0	9032	0	0	0	0	2	9034
TP1_synth_reverse		93	G	444	395	0	814791	0	155	164	815949	1	0	0	9029	0	0	0	9030
TP1_synth_reverse		94	T	525	91	0	357	0	61	814646	815680	0	0	0	0	0	0	9030	9030
TP1_synth_reverse		95	C	0	815148	0	0	0	166	0	815314	0	9030	0	0	0	0	0	9030
TP1_synth_reverse		96	C	0	814605	0	0	0	92	0	814697	0	9030	0	0	0	0	0	9030
TP1_synth_reverse		97	C	0	813651	0	0	0	151	0	813802	0	9027	0	0	0	0	0	9027
TP1_synth_reverse		98	A	809939	0	0	0	0	0	0	809939	9022	0	0	0	0	0	0	9022
TP1_synth_reverse		99	G	0	0	0	808656	1	0	0	808657	0	0	0	9021	0	0	0	9021
