



























































































































































































































#AmpliconChromStart	Alias	Position	ProbableRef	rawA	rawC	rawD	rawG	rawI	rawN	rawT	rawDepth	consA	consC	consD	consG	consI	consN	consT	consDepth	
TP1_synth_reverse		1	G	0	0	0	811260	0	0	0	811260	0	0	0	18385	0	0	0	18385
TP1_synth_reverse		2	T	0	0	0	0	0	0	813224	813224	0	0	0	0	0	0	18420	18420
TP1_synth_reverse		3	G	0	0	0	815143	0	90	0	815233	0	0	0	18479	0	1	0	18480
TP1_synth_reverse		4	G	0	0	0	815670	0	45	0	815715	0	0	0	18506	0	1	0	18507
TP1_synth_reverse		5	T	1	0	0	0	0	13	816259	816273	0	0	0	0	0	0	18518	18518
TP1_synth_reverse		6	G	103	73	0	817046	0	26	175	817423	0	0	0	18539	0	1	3	18543
TP1_synth_reverse		7	A	817701	26	0	129	0	51	120	818027	18548	1	0	0	0	0	0	18549
TP1_synth_reverse		8	G	98	89	0	817995	0	96	168	818446	0	0	0	18554	0	2	2	18558
TP1_synth_reverse		9	G	97	137	0	817819	1	29	406	818489	0	0	0	18555	0	0	4	18559
TP1_synth_reverse		10	C	254	818069	0	25	0	35	130	818513	0	18560	0	0	0	0	0	18560
TP1_synth_reverse		11	T	178	157	79	11	38	26	818197	818686	0	0	2	0	3	0	18557	18562
TP1_synth_reverse		12	C	285	815117	3071	18	0	80	125	818696	0	18508	53	0	0	1	1	18563
TP1_synth_reverse		13	C	393	818095	2	26	0	91	98	818705	0	18563	0	0	0	0	0	18563
TP1_synth_reverse		14	C	370	818167	0	18	0	47	110	818712	0	18563	0	0	0	1	0	18564
TP1_synth_reverse		15	C	264	817834	5	32	446	49	82	818712	0	18556	1	0	6	1	0	18564
TP1_synth_reverse		16	T	342	65	1064	10	1	173	817057	818712	0	0	35	0	0	0	18529	18564
TP1_synth_reverse		17	T	338	395	1	7	1	57	817913	818712	0	2	0	0	0	0	18562	18564
TP1_synth_reverse		18	T	353	123	2	4	6	48	818176	818712	1	0	0	0	0	1	18562	18564
TP1_synth_reverse		19	C	323	817053	826	67	3	60	399	818731	0	18540	15	1	1	0	8	18565
TP1_synth_reverse		20	T	252	88	711	19	0	26	817635	818731	0	0	16	0	0	0	18549	18565
TP1_synth_reverse		21	T	496	142	0	49	372	87	817595	818741	1	0	0	0	6	1	18558	18566
TP1_synth_reverse		22	G	154	420	363	817303	2	14	485	818741	1	0	3	18551	0	0	11	18566
TP1_synth_reverse		23	C	572	816243	696	45	598	24	572	818750	0	18544	7	0	8	1	7	18567
TP1_synth_reverse		24	G	199	174	1306	815481	1	36	1556	818753	2	0	23	18536	0	0	6	18567
TP1_synth_reverse		25	G	79	657	4	816978	112	118	821	818769	0	0	0	18560	1	2	5	18568
TP1_synth_reverse		26	A	818010	18	400	160	2	41	169	818800	18555	0	12	0	0	0	2	18569
TP1_synth_reverse		27	G	392	712	242	816100	324	17	1013	818800	1	0	3	18548	8	0	9	18569
TP1_synth_reverse		28	A	818517	43	41	70	12	36	98	818817	18566	0	2	0	2	0	0	18570
TP1_synth_reverse		29	T	301	81	464	143	0	107	817721	818817	0	0	11	0	0	1	18558	18570
TP1_synth_reverse		30	T	1217	99	2	53	0	116	817330	818817	8	0	0	0	0	3	18559	18570
TP1_synth_reverse		31	C	479	817569	461	42	44	72	147	818814	0	18550	10	0	1	1	9	18571
TP1_synth_reverse		32	T	568	102	687	40	0	320	817094	818811	1	0	6	0	0	1	18563	18571
TP1_synth_reverse		33	C	430	818029	105	40	0	127	80	818811	1	18566	3	0	0	1	0	18571
TP1_synth_reverse		34	T	728	121	51	81	1	92	817737	818811	0	0	1	0	0	2	18568	18571
TP1_synth_reverse		35	T	1421	103	1	57	33	74	817114	818803	0	0	0	0	1	0	18570	18571
TP1_synth_reverse		36	C	515	817965	103	24	0	53	145	818805	0	18563	5	0	0	0	4	18572
TP1_synth_reverse		37	C	538	817883	107	53	5	63	143	818792	1	18565	4	0	1	1	0	18572
TP1_synth_reverse		38	T	662	74	119	220	6	23	817676	818780	0	1	5	0	0	0	18566	18572
TP1_synth_reverse		39	C	380	817066	1021	41	105	65	90	818768	1	18558	12	0	1	0	0	18572
TP1_synth_reverse		40	T	1225	85	433	34	192	120	816676	818765	1	0	6	0	1	1	18563	18572
TP1_synth_reverse		41	G	474	576	883	815178	1	24	1625	818761	1	0	8	18535	0	0	29	18573
TP1_synth_reverse		42	T	2035	94	1604	31	2	49	814941	818756	0	0	14	0	0	1	18558	18573
TP1_synth_reverse		43	G	400	453	231	816607	311	404	356	818762	2	0	3	18554	9	4	2	18574
TP1_synth_reverse		44	C	449	816691	277	45	628	167	504	818761	1	18555	4	0	4	2	8	18574
TP1_synth_reverse		45	G	495	341	4	816046	226	55	1589	818756	3	0	0	18563	3	0	5	18574
TP1_synth_reverse		46	C	627	816247	977	47	0	17	846	818761	1	18553	13	0	0	0	8	18575
TP1_synth_reverse		47	C	345	818125	1	39	0	25	233	818768	0	18574	0	0	0	0	1	18575
TP1_synth_reverse		48	G	397	1327	791	814892	281	35	1026	818749	4	7	5	18550	3	1	5	18575
TP1_synth_reverse		49	A	818165	40	65	100	1	207	160	818738	18572	0	2	0	0	1	0	18575
TP1_synth_reverse		50	T	963	295	92	152	565	113	816555	818735	1	2	3	0	9	2	18558	18575
TP1_synth_reverse		51	A	817774	52	303	282	127	108	108	818754	18555	0	8	1	11	1	0	18576
TP1_synth_reverse		52	C	519	816683	243	128	728	259	185	818745	0	18566	4	0	3	2	1	18576
TP1_synth_reverse		53	A	818008	31	8	161	0	299	253	818760	18572	0	0	0	0	3	2	18577
TP1_synth_reverse		54	G	270	237	308	817536	77	92	227	818747	2	0	4	18566	2	1	2	18577
TP1_synth_reverse		55	A	817736	81	657	120	0	99	82	818775	18562	0	14	0	0	2	0	18578
TP1_synth_reverse		56	A	817522	792	1	157	71	85	142	818770	18567	7	0	0	2	2	0	18578
TP1_synth_reverse		57	T	1748	50	25	210	80	198	816440	818751	4	0	2	1	3	2	18566	18578
TP1_synth_reverse		58	A	818088	14	172	95	2	272	119	818762	18565	0	8	1	0	5	0	18579
TP1_synth_reverse		59	T	908	43	128	85	0	384	817191	818739	1	0	3	0	0	2	18573	18579
TP1_synth_reverse		60	C	805	816891	283	458	0	238	57	818732	4	18561	4	8	0	2	0	18579
TP1_synth_reverse		61	T	1362	1317	22	476	0	201	815351	818729	5	18	6	7	0	0	18543	18579
TP1_synth_reverse		62	G	766	245	1	816423	1	285	1005	818726	2	1	0	18562	0	3	11	18579
TP1_synth_reverse		63	T	2826	90	137	153	0	162	815367	818735	5	0	1	3	0	1	18570	18580
TP1_synth_reverse		64	T	1742	62	0	18	188	44	816671	818725	1	0	0	0	2	0	18577	18580
TP1_synth_reverse		65	C	1132	816991	177	28	16	151	223	818718	1	18568	7	0	1	0	3	18580
TP1_synth_reverse		66	G	560	377	20	816236	219	63	1236	818711	3	0	0	18568	0	2	7	18580
TP1_synth_reverse		67	C	767	817465	141	41	0	199	92	818705	0	18575	4	0	0	1	0	18580
TP1_synth_reverse		68	A	818217	188	1	137	6	72	82	818703	18579	0	0	0	1	0	0	18580
TP1_synth_reverse		69	C	294	817340	462	33	200	72	298	818699	1	18568	5	0	1	0	5	18580
TP1_synth_reverse		70	T	1019	126	221	28	709	100	816491	818694	1	0	4	0	3	1	18572	18581
TP1_synth_reverse		71	C	377	815159	2703	27	1	292	129	818688	0	18550	21	0	0	4	6	18581
TP1_synth_reverse		72	C	667	817288	4	64	354	112	188	818677	0	18573	0	0	4	2	2	18581
TP1_synth_reverse		73	G	186	527	822	815501	400	297	931	818664	0	0	12	18551	4	2	12	18581
TP1_synth_reverse		74	A	817791	32	25	284	377	110	39	818658	18570	0	4	2	3	2	0	18581
TP1_synth_reverse		75	G	583	375	62	816718	130	56	725	818649	5	0	1	18567	2	0	6	18581
TP1_synth_reverse		76	T	882	108	11	54	2	54	817529	818640	0	2	1	0	1	1	18576	18581
TP1_synth_reverse		77	G	80	318	674	816590	317	38	602	818619	0	2	7	18557	8	0	7	18581
TP1_synth_reverse		78	C	466	815784	633	40	274	468	949	818614	1	18552	5	0	7	5	11	18581
TP1_synth_reverse		79	G	247	504	673	816211	0	125	850	818610	7	1	15	18550	0	2	6	18581
TP1_synth_reverse		80	G	215	246	1	816958	127	147	898	818592	2	1	0	18568	1	4	5	18581
TP1_synth_reverse		81	C	483	817163	104	85	537	84	124	818580	3	18566	2	0	9	1	0	18581
TP1_synth_reverse		82	A	817246	34	1001	129	0	45	121	818576	18562	0	17	0	0	2	0	18581
TP1_synth_reverse		83	A	818122	57	10	95	0	206	85	818575	18577	0	0	0	0	4	0	18581
TP1_synth_reverse		84	A	817799	45	0	148	111	196	238	818537	18574	0	0	0	4	1	2	18581
TP1_synth_reverse		85	G	117	312	8	817712	2	116	179	818446	0	0	0	18576	1	0	4	18581
TP1_synth_reverse		86	C	593	817567	1	43	0	75	119	818398	4	18571	0	2	0	1	3	18581
TP1_synth_reverse		87	T	1145	75	176	20	2	285	816576	818279	1	0	6	0	0	2	18569	18578
TP1_synth_reverse		88	G	174	503	167	817055	8	120	195	818222	0	0	3	18571	1	3	0	18578
TP1_synth_reverse		89	T	642	90	500	15	0	35	816869	818151	0	0	8	0	0	0	18570	18578
TP1_synth_reverse		90	T	600	110	1	31	1	76	817104	817923	0	0	0	1	0	0	18576	18577
TP1_synth_reverse		91	C	479	816893	0	60	1	287	110	817830	1	18574	0	1	0	0	1	18577
TP1_synth_reverse		92	C	367	816121	0	131	0	377	584	817580	1	18562	0	1	0	5	3	18572
TP1_synth_reverse		93	G	444	395	0	814790	0	155	164	815948	4	0	0	18560	0	1	0	18565
TP1_synth_reverse		94	T	524	91	0	357	0	61	814646	815679	0	0	0	0	0	2	18562	18564
TP1_synth_reverse		95	C	0	815147	0	0	0	166	0	815313	0	18564	0	0	0	0	0	18564
TP1_synth_reverse		96	C	0	814605	0	0	0	92	0	814697	0	18562	0	0	0	0	0	18562
TP1_synth_reverse		97	C	0	813651	0	0	0	151	0	813802	0	18553	0	0	0	2	0	18555
TP1_synth_reverse		98	A	809939	0	0	0	0	0	0	809939	18532	0	0	0	0	0	0	18532
TP1_synth_reverse		99	G	0	0	0	808656	1	0	0	808657	0	0	0	18525	0	0	0	18525
