



























































































































































































































#AmpliconChromStart	Alias	Position	ProbableRef	rawA	rawC	rawD	rawG	rawI	rawN	rawT	rawDepth	consA	consC	consD	consG	consI	consN	consT	consDepth	
TP1_synth_reverse		1	G	0	0	0	811260	0	0	0	811260	0	0	0	8422	0	0	0	8422
TP1_synth_reverse		2	T	0	0	0	0	0	0	813224	813224	0	0	0	0	0	0	8433	8433
TP1_synth_reverse		3	G	0	0	0	815143	0	90	0	815233	0	0	0	8454	0	0	0	8454
TP1_synth_reverse		4	G	0	0	0	815670	0	45	0	815715	0	0	0	8460	0	0	0	8460
TP1_synth_reverse		5	T	1	0	0	0	0	13	816259	816273	0	0	0	0	0	0	8465	8465
TP1_synth_reverse		6	G	103	73	0	817046	0	26	175	817423	0	0	0	8467	0	0	1	8468
TP1_synth_reverse		7	A	817701	26	0	129	0	51	120	818027	8471	0	0	0	0	0	0	8471
TP1_synth_reverse		8	G	98	89	0	817995	0	96	168	818446	0	0	0	8475	0	0	1	8476
TP1_synth_reverse		9	G	97	137	0	817819	1	29	406	818489	0	0	0	8475	0	0	2	8477
TP1_synth_reverse		10	C	254	818069	0	25	0	35	130	818513	0	8478	0	0	0	0	0	8478
TP1_synth_reverse		11	T	178	157	79	11	38	26	818197	818686	0	0	1	0	1	0	8477	8479
TP1_synth_reverse		12	C	285	815117	3071	18	0	80	125	818696	0	8449	30	0	0	0	0	8479
TP1_synth_reverse		13	C	393	818095	2	26	0	91	98	818705	0	8479	0	0	0	0	0	8479
TP1_synth_reverse		14	C	370	818167	0	18	0	47	110	818712	0	8479	0	0	0	0	0	8479
TP1_synth_reverse		15	C	264	817842	5	32	446	49	82	818720	0	8476	0	0	3	0	0	8479
TP1_synth_reverse		16	T	342	65	1064	10	1	173	817065	818720	0	0	14	0	0	0	8465	8479
TP1_synth_reverse		17	T	338	395	1	7	1	57	817921	818720	0	1	0	0	0	0	8478	8479
TP1_synth_reverse		18	T	353	123	2	4	6	48	818188	818724	0	0	0	0	0	0	8479	8479
TP1_synth_reverse		19	C	323	817065	826	67	3	60	399	818743	0	8467	7	1	0	0	5	8480
TP1_synth_reverse		20	T	252	88	711	19	0	26	817647	818743	0	0	9	0	0	0	8471	8480
TP1_synth_reverse		21	T	498	142	0	49	372	87	817605	818753	1	0	0	0	1	0	8478	8480
TP1_synth_reverse		22	G	154	420	363	817315	2	14	485	818753	1	0	2	8475	0	0	2	8480
TP1_synth_reverse		23	C	572	816255	696	45	598	24	572	818762	0	8473	4	0	3	0	1	8481
TP1_synth_reverse		24	G	199	174	1306	815490	1	36	1556	818762	1	0	14	8461	0	0	5	8481
TP1_synth_reverse		25	G	79	657	4	816987	112	118	821	818778	0	0	0	8479	1	0	2	8482
TP1_synth_reverse		26	A	818019	18	400	160	2	41	169	818809	8473	0	8	0	0	0	2	8483
TP1_synth_reverse		27	G	392	712	242	816109	324	17	1013	818809	1	0	2	8474	3	0	3	8483
TP1_synth_reverse		28	A	818526	43	41	70	12	36	98	818826	8484	0	0	0	0	0	0	8484
TP1_synth_reverse		29	T	302	81	464	143	0	107	817729	818826	0	0	2	0	0	0	8482	8484
TP1_synth_reverse		30	T	1217	99	2	53	0	116	817339	818826	3	0	0	0	0	0	8481	8484
TP1_synth_reverse		31	C	479	817578	461	42	44	72	147	818823	0	8475	5	0	1	0	3	8484
TP1_synth_reverse		32	T	567	102	687	40	0	320	817104	818820	0	0	3	0	0	0	8481	8484
TP1_synth_reverse		33	C	431	818037	105	40	0	127	80	818820	0	8481	3	0	0	0	0	8484
TP1_synth_reverse		34	T	730	121	51	81	1	92	817742	818818	0	0	1	0	0	0	8483	8484
TP1_synth_reverse		35	T	1421	103	1	57	33	74	817121	818810	0	0	0	0	0	0	8484	8484
TP1_synth_reverse		36	C	515	817972	103	24	0	53	145	818812	0	8478	3	0	0	0	3	8484
TP1_synth_reverse		37	C	538	817890	107	53	5	63	143	818799	0	8482	2	0	0	0	0	8484
TP1_synth_reverse		38	T	662	74	119	220	6	23	817683	818787	0	1	2	0	0	0	8481	8484
TP1_synth_reverse		39	C	380	817073	1021	41	105	65	90	818775	0	8477	6	0	1	0	0	8484
TP1_synth_reverse		40	T	1226	85	433	32	192	120	816684	818772	0	0	2	0	1	0	8481	8484
TP1_synth_reverse		41	G	474	575	883	815186	1	24	1625	818768	0	0	5	8462	0	0	17	8484
TP1_synth_reverse		42	T	2036	94	1604	31	2	49	814947	818763	0	0	7	0	0	0	8477	8484
TP1_synth_reverse		43	G	399	453	231	816614	311	404	357	818769	0	0	3	8481	1	0	0	8485
TP1_synth_reverse		44	C	449	816698	277	45	628	167	504	818768	0	8480	1	0	3	0	1	8485
TP1_synth_reverse		45	G	495	341	4	816052	226	55	1590	818763	1	0	0	8479	2	0	3	8485
TP1_synth_reverse		46	C	626	816255	977	47	0	17	846	818768	0	8477	5	0	0	0	3	8485
TP1_synth_reverse		47	C	345	818132	1	39	0	25	233	818775	0	8484	0	0	0	0	1	8485
TP1_synth_reverse		48	G	396	1327	791	814901	281	35	1025	818756	3	2	2	8471	3	0	4	8485
TP1_synth_reverse		49	A	818199	40	65	100	1	207	160	818772	8483	0	2	0	0	0	0	8485
TP1_synth_reverse		50	T	963	295	92	152	565	113	816587	818767	0	2	2	0	6	0	8475	8485
TP1_synth_reverse		51	A	817807	52	303	281	127	108	108	818786	8478	0	3	1	4	0	0	8486
TP1_synth_reverse		52	C	519	816715	243	128	728	259	185	818777	0	8479	3	0	3	0	1	8486
TP1_synth_reverse		53	A	818040	31	8	161	0	299	253	818792	8485	0	0	0	0	0	2	8487
TP1_synth_reverse		54	G	270	237	308	817567	77	92	228	818779	2	0	3	8480	1	0	1	8487
TP1_synth_reverse		55	A	817767	82	657	120	0	99	82	818807	8481	0	7	0	0	0	0	8488
TP1_synth_reverse		56	A	817555	792	1	156	71	85	142	818802	8484	2	0	0	2	0	0	8488
TP1_synth_reverse		57	T	1749	50	25	210	80	198	816471	818783	0	0	1	0	2	0	8485	8488
TP1_synth_reverse		58	A	818121	14	172	94	2	272	119	818794	8486	0	3	0	0	0	0	8489
TP1_synth_reverse		59	T	908	43	128	85	0	384	817223	818771	0	0	1	0	0	0	8488	8489
TP1_synth_reverse		60	C	805	816922	283	459	0	238	57	818764	0	8483	1	5	0	0	0	8489
TP1_synth_reverse		61	T	1364	1317	22	476	0	201	815381	818761	1	9	0	4	0	0	8475	8489
TP1_synth_reverse		62	G	767	245	1	816453	1	285	1006	818758	1	0	0	8485	0	0	3	8489
TP1_synth_reverse		63	T	2832	90	137	153	0	162	815393	818767	3	0	1	2	0	0	8484	8490
TP1_synth_reverse		64	T	1742	62	0	18	188	44	816703	818757	0	0	0	0	1	0	8489	8490
TP1_synth_reverse		65	C	1133	817022	177	28	16	151	223	818750	1	8485	2	0	0	0	2	8490
TP1_synth_reverse		66	G	560	377	20	816267	219	63	1237	818743	1	0	0	8485	0	0	4	8490
TP1_synth_reverse		67	C	770	817495	141	40	0	199	92	818737	0	8487	3	0	0	0	0	8490
TP1_synth_reverse		68	A	818248	188	1	138	6	72	82	818735	8490	0	0	0	0	0	0	8490
TP1_synth_reverse		69	C	296	817369	462	33	200	72	298	818730	0	8485	2	0	1	0	2	8490
TP1_synth_reverse		70	T	1020	126	221	28	709	100	816521	818725	0	0	2	0	3	0	8485	8490
TP1_synth_reverse		71	C	376	815191	2703	27	1	292	129	818719	0	8477	12	0	0	0	1	8490
TP1_synth_reverse		72	C	670	817317	4	63	354	112	188	818708	0	8489	0	0	1	0	0	8490
TP1_synth_reverse		73	G	186	528	822	815531	400	297	931	818695	0	0	6	8478	1	0	5	8490
TP1_synth_reverse		74	A	817823	32	25	284	377	110	38	818689	8488	0	0	0	2	0	0	8490
TP1_synth_reverse		75	G	583	376	62	816748	130	56	725	818680	3	0	0	8482	2	0	3	8490
TP1_synth_reverse		76	T	885	108	11	54	2	54	817557	818671	0	0	0	0	0	0	8490	8490
TP1_synth_reverse		77	G	80	318	674	816620	317	38	603	818650	0	0	3	8480	2	0	5	8490
TP1_synth_reverse		78	C	469	815811	633	40	274	468	950	818645	0	8479	2	0	3	1	5	8490
TP1_synth_reverse		79	G	247	504	673	816242	0	125	850	818641	0	0	4	8483	0	0	3	8490
TP1_synth_reverse		80	G	216	246	1	816988	127	147	898	818623	1	0	0	8485	1	0	3	8490
TP1_synth_reverse		81	C	483	817194	104	85	537	84	124	818611	2	8485	1	0	2	0	0	8490
TP1_synth_reverse		82	A	817267	34	1001	129	0	45	121	818597	8483	0	7	0	0	0	0	8490
TP1_synth_reverse		83	A	818143	57	10	95	0	206	85	818596	8490	0	0	0	0	0	0	8490
TP1_synth_reverse		84	A	817820	45	0	148	111	196	238	818558	8486	0	0	0	2	0	2	8490
TP1_synth_reverse		85	G	117	313	8	817732	2	116	179	818467	0	0	0	8489	0	0	1	8490
TP1_synth_reverse		86	C	594	817587	1	43	0	75	119	818419	2	8487	0	0	0	0	1	8490
TP1_synth_reverse		87	T	1147	75	176	20	2	285	816595	818300	0	0	1	0	0	0	8489	8490
TP1_synth_reverse		88	G	174	502	167	817077	8	120	195	818243	0	0	1	8489	0	0	0	8490
TP1_synth_reverse		89	T	643	90	500	15	0	35	816889	818172	0	0	2	0	0	0	8488	8490
TP1_synth_reverse		90	T	601	110	1	31	1	76	817124	817944	0	0	0	1	0	0	8488	8489
TP1_synth_reverse		91	C	479	816913	0	60	1	287	110	817850	0	8489	0	0	0	0	0	8489
TP1_synth_reverse		92	C	368	816138	0	131	0	377	584	817598	0	8486	0	0	0	0	2	8488
TP1_synth_reverse		93	G	444	395	0	814808	0	155	164	815966	1	0	0	8486	0	0	0	8487
TP1_synth_reverse		94	T	525	91	0	357	0	61	814663	815697	0	0	0	0	0	0	8487	8487
TP1_synth_reverse		95	C	0	815165	0	0	0	166	0	815331	0	8487	0	0	0	0	0	8487
TP1_synth_reverse		96	C	0	814622	0	0	0	92	0	814714	0	8487	0	0	0	0	0	8487
TP1_synth_reverse		97	C	0	813668	0	0	0	151	0	813819	0	8484	0	0	0	0	0	8484
TP1_synth_reverse		98	A	809956	0	0	0	0	0	0	809956	8481	0	0	0	0	0	0	8481
TP1_synth_reverse		99	G	0	0	0	808673	1	0	0	808674	0	0	0	8481	0	0	0	8481
