



























































































































































































































#AmpliconChromStart	Alias	Position	ProbableRef	rawA	rawC	rawD	rawG	rawI	rawN	rawT	rawDepth	consA	consC	consD	consG	consI	consN	consT	consDepth	
TP1_synth_reverse		1	G	0	0	0	811260	0	0	0	811260	0	0	0	7898	0	0	0	7898
TP1_synth_reverse		2	T	0	0	0	0	0	0	813224	813224	0	0	0	0	0	0	7909	7909
TP1_synth_reverse		3	G	0	0	0	815143	0	90	0	815233	0	0	0	7929	0	0	0	7929
TP1_synth_reverse		4	G	0	0	0	815670	0	45	0	815715	0	0	0	7933	0	0	0	7933
TP1_synth_reverse		5	T	1	0	0	0	0	13	816259	816273	0	0	0	0	0	0	7938	7938
TP1_synth_reverse		6	G	103	73	0	817046	0	26	175	817423	0	0	0	7940	0	0	1	7941
TP1_synth_reverse		7	A	817701	26	0	129	0	51	120	818027	7944	0	0	0	0	0	0	7944
TP1_synth_reverse		8	G	98	89	0	817995	0	96	168	818446	0	0	0	7948	0	0	1	7949
TP1_synth_reverse		9	G	97	137	0	817819	1	29	406	818489	0	0	0	7948	0	0	2	7950
TP1_synth_reverse		10	C	254	818069	0	25	0	35	130	818513	0	7951	0	0	0	0	0	7951
TP1_synth_reverse		11	T	178	157	79	11	38	26	818197	818686	0	0	1	0	1	0	7950	7952
TP1_synth_reverse		12	C	285	815117	3071	18	0	80	125	818696	0	7925	27	0	0	0	0	7952
TP1_synth_reverse		13	C	393	818095	2	26	0	91	98	818705	0	7952	0	0	0	0	0	7952
TP1_synth_reverse		14	C	370	818167	0	18	0	47	110	818712	0	7952	0	0	0	0	0	7952
TP1_synth_reverse		15	C	264	817842	5	32	446	49	82	818720	0	7949	0	0	3	0	0	7952
TP1_synth_reverse		16	T	342	65	1064	10	1	173	817065	818720	0	0	13	0	0	0	7939	7952
TP1_synth_reverse		17	T	338	395	1	7	1	57	817921	818720	0	1	0	0	0	0	7951	7952
TP1_synth_reverse		18	T	353	123	2	4	6	48	818188	818724	0	0	0	0	0	0	7952	7952
TP1_synth_reverse		19	C	323	817065	826	67	3	60	399	818743	0	7941	7	1	0	0	4	7953
TP1_synth_reverse		20	T	252	88	711	19	0	26	817647	818743	0	0	8	0	0	0	7945	7953
TP1_synth_reverse		21	T	498	142	0	49	372	87	817595	818743	1	0	0	0	1	0	7951	7953
TP1_synth_reverse		22	G	154	420	363	817305	2	14	485	818743	1	0	2	7948	0	0	2	7953
TP1_synth_reverse		23	C	572	816245	696	45	598	24	572	818752	0	7945	4	0	3	0	1	7953
TP1_synth_reverse		24	G	199	174	1306	815483	1	36	1556	818755	1	0	14	7933	0	0	5	7953
TP1_synth_reverse		25	G	79	657	4	816980	112	118	821	818771	0	0	0	7951	1	0	2	7954
TP1_synth_reverse		26	A	818012	18	400	160	2	41	169	818802	7946	0	7	0	0	0	2	7955
TP1_synth_reverse		27	G	392	711	242	816103	324	17	1013	818802	1	0	2	7946	3	0	3	7955
TP1_synth_reverse		28	A	818519	43	41	70	12	36	98	818819	7956	0	0	0	0	0	0	7956
TP1_synth_reverse		29	T	301	81	464	143	0	107	817723	818819	0	0	2	0	0	0	7954	7956
TP1_synth_reverse		30	T	1217	99	2	53	0	116	817332	818819	3	0	0	0	0	0	7953	7956
TP1_synth_reverse		31	C	479	817571	461	42	44	72	147	818816	0	7947	5	0	1	0	3	7956
TP1_synth_reverse		32	T	567	102	687	40	0	320	817097	818813	0	0	3	0	0	0	7953	7956
TP1_synth_reverse		33	C	431	818030	105	40	0	127	80	818813	0	7954	2	0	0	0	0	7956
TP1_synth_reverse		34	T	729	121	51	81	1	92	817738	818813	0	0	1	0	0	0	7955	7956
TP1_synth_reverse		35	T	1420	103	1	57	33	74	817117	818805	0	1	0	0	0	0	7955	7956
TP1_synth_reverse		36	C	515	817967	103	24	0	53	145	818807	0	7950	3	0	0	0	3	7956
TP1_synth_reverse		37	C	537	817886	107	53	5	63	143	818794	0	7954	2	0	0	0	0	7956
TP1_synth_reverse		38	T	662	74	119	220	6	23	817678	818782	0	1	2	0	0	0	7953	7956
TP1_synth_reverse		39	C	379	817069	1021	41	105	65	90	818770	1	7948	6	0	1	0	0	7956
TP1_synth_reverse		40	T	1224	85	433	34	192	120	816679	818767	0	0	2	0	1	0	7953	7956
TP1_synth_reverse		41	G	474	576	883	815180	1	24	1625	818763	0	0	5	7935	0	0	16	7956
TP1_synth_reverse		42	T	2035	94	1604	31	2	49	814943	818758	0	0	6	0	0	0	7950	7956
TP1_synth_reverse		43	G	399	453	231	816609	311	404	357	818764	0	0	3	7953	1	0	0	7957
TP1_synth_reverse		44	C	449	816693	277	45	628	167	504	818763	0	7952	1	0	3	0	1	7957
TP1_synth_reverse		45	G	495	341	4	816048	226	55	1589	818758	1	0	0	7951	2	0	3	7957
TP1_synth_reverse		46	C	627	816249	977	47	0	17	846	818763	0	7949	5	0	0	0	3	7957
TP1_synth_reverse		47	C	345	818127	1	39	0	25	233	818770	0	7957	0	0	0	0	0	7957
TP1_synth_reverse		48	G	397	1327	791	814895	281	35	1025	818751	3	2	2	7944	2	0	4	7957
TP1_synth_reverse		49	A	818194	40	65	100	1	207	160	818767	7955	0	2	0	0	0	0	7957
TP1_synth_reverse		50	T	963	295	92	152	565	113	816584	818764	0	1	2	0	6	0	7948	7957
TP1_synth_reverse		51	A	817803	52	303	282	127	108	108	818783	7950	0	3	1	4	0	0	7958
TP1_synth_reverse		52	C	519	816712	243	128	728	259	185	818774	0	7951	3	0	3	0	1	7958
TP1_synth_reverse		53	A	818037	31	8	161	0	299	253	818789	7957	0	0	0	0	0	2	7959
TP1_synth_reverse		54	G	272	237	308	817562	77	92	228	818776	2	0	2	7953	1	0	1	7959
TP1_synth_reverse		55	A	817764	82	657	120	0	99	82	818804	7954	0	6	0	0	0	0	7960
TP1_synth_reverse		56	A	817551	792	1	157	71	85	142	818799	7956	2	0	0	2	0	0	7960
TP1_synth_reverse		57	T	1748	50	25	210	80	198	816469	818780	0	0	1	0	2	0	7957	7960
TP1_synth_reverse		58	A	818106	14	172	95	2	272	119	818780	7958	0	2	0	0	0	0	7960
TP1_synth_reverse		59	T	908	43	128	85	0	384	817209	818757	0	0	1	0	0	0	7959	7960
TP1_synth_reverse		60	C	806	816907	283	459	0	238	57	818750	0	7955	1	4	0	0	0	7960
TP1_synth_reverse		61	T	1361	1317	22	476	0	201	815370	818747	1	9	0	4	0	0	7946	7960
TP1_synth_reverse		62	G	766	244	1	816441	1	285	1006	818744	1	0	0	7956	0	0	3	7960
TP1_synth_reverse		63	T	2832	90	137	153	0	162	815379	818753	3	0	1	2	0	0	7955	7961
TP1_synth_reverse		64	T	1744	62	0	18	188	44	816687	818743	0	0	0	0	1	0	7960	7961
TP1_synth_reverse		65	C	1132	817009	177	28	16	151	223	818736	1	7957	2	0	0	0	1	7961
TP1_synth_reverse		66	G	559	377	20	816254	219	63	1237	818729	1	0	0	7956	0	0	4	7961
TP1_synth_reverse		67	C	770	817480	141	41	0	199	92	818723	0	7958	3	0	0	0	0	7961
TP1_synth_reverse		68	A	818234	188	1	138	6	72	82	818721	7961	0	0	0	0	0	0	7961
TP1_synth_reverse		69	C	296	817355	462	33	200	72	298	818716	0	7956	2	0	1	0	2	7961
TP1_synth_reverse		70	T	1019	126	221	28	709	100	816503	818706	0	0	2	0	2	0	7957	7961
TP1_synth_reverse		71	C	376	815172	2703	27	1	292	129	818700	0	7949	11	0	0	0	1	7961
TP1_synth_reverse		72	C	670	817297	4	64	354	112	188	818689	0	7960	0	0	1	0	0	7961
TP1_synth_reverse		73	G	186	528	822	815512	400	297	931	818676	0	0	6	7949	1	0	5	7961
TP1_synth_reverse		74	A	817803	32	25	284	377	110	39	818670	7959	0	0	0	2	0	0	7961
TP1_synth_reverse		75	G	583	375	62	816730	130	56	725	818661	2	0	0	7954	2	0	3	7961
TP1_synth_reverse		76	T	887	108	11	54	2	54	817536	818652	0	0	0	0	0	0	7961	7961
TP1_synth_reverse		77	G	80	318	674	816601	317	38	603	818631	0	0	3	7951	2	0	5	7961
TP1_synth_reverse		78	C	471	815790	633	40	274	468	950	818626	0	7950	2	0	3	1	5	7961
TP1_synth_reverse		79	G	247	505	673	816221	0	125	851	818622	0	0	4	7954	0	0	3	7961
TP1_synth_reverse		80	G	216	246	1	816969	127	147	898	818604	1	0	0	7956	1	0	3	7961
TP1_synth_reverse		81	C	483	817175	104	85	537	84	124	818592	1	7957	1	0	2	0	0	7961
TP1_synth_reverse		82	A	817248	34	1001	129	0	45	121	818578	7954	0	7	0	0	0	0	7961
TP1_synth_reverse		83	A	818124	57	10	95	0	206	85	818577	7961	0	0	0	0	0	0	7961
TP1_synth_reverse		84	A	817801	45	0	148	111	196	238	818539	7957	0	0	0	2	0	2	7961
TP1_synth_reverse		85	G	117	313	8	817714	2	116	178	818448	0	0	0	7960	0	0	1	7961
TP1_synth_reverse		86	C	593	817569	1	43	0	75	119	818400	2	7958	0	0	0	0	1	7961
TP1_synth_reverse		87	T	1146	75	176	20	2	285	816578	818282	0	0	1	0	0	0	7960	7961
TP1_synth_reverse		88	G	174	503	167	817058	8	120	195	818225	0	0	1	7960	0	0	0	7961
TP1_synth_reverse		89	T	643	90	500	15	0	35	816871	818154	0	0	2	0	0	0	7959	7961
TP1_synth_reverse		90	T	601	110	1	31	1	76	817106	817926	0	0	0	0	0	0	7960	7960
TP1_synth_reverse		91	C	478	816896	0	60	1	287	110	817832	0	7960	0	0	0	0	0	7960
TP1_synth_reverse		92	C	369	816119	0	131	0	377	584	817580	0	7957	0	0	0	0	2	7959
TP1_synth_reverse		93	G	444	395	0	814790	0	155	164	815948	1	0	0	7957	0	0	0	7958
TP1_synth_reverse		94	T	525	91	0	357	0	61	814647	815681	0	0	0	0	0	0	7958	7958
TP1_synth_reverse		95	C	0	815149	0	0	0	166	0	815315	0	7958	0	0	0	0	0	7958
TP1_synth_reverse		96	C	0	814606	0	0	0	92	0	814698	0	7958	0	0	0	0	0	7958
TP1_synth_reverse		97	C	0	813652	0	0	0	151	0	813803	0	7955	0	0	0	0	0	7955
TP1_synth_reverse		98	A	809940	0	0	0	0	0	0	809940	7953	0	0	0	0	0	0	7953
TP1_synth_reverse		99	G	0	0	0	808658	1	0	0	808659	0	0	0	7953	0	0	0	7953
