



























































































































































































































#AmpliconChromStart	Alias	Position	ProbableRef	rawA	rawC	rawD	rawG	rawI	rawN	rawT	rawDepth	consA	consC	consD	consG	consI	consN	consT	consDepth
TP1_synth_reverse		1	G	0	0	0	811260	0	0	0	811260	0	0	0	7517	0	0	0	7517
TP1_synth_reverse		2	T	0	0	0	0	0	0	813224	813224	0	0	0	0	0	0	7527	7527
TP1_synth_reverse		3	G	0	0	0	815143	0	90	0	815233	0	0	0	7546	0	0	0	7546
TP1_synth_reverse		4	G	0	0	0	815670	0	45	0	815715	0	0	0	7549	0	0	0	7549
TP1_synth_reverse		5	T	1	0	0	0	0	13	816259	816273	0	0	0	0	0	0	7554	7554
TP1_synth_reverse		6	G	103	73	0	817046	0	26	175	817423	0	0	0	7556	0	0	1	7557
TP1_synth_reverse		7	A	817701	26	0	129	0	51	120	818027	7560	0	0	0	0	0	0	7560
TP1_synth_reverse		8	G	98	89	0	817995	0	96	168	818446	0	0	0	7564	0	0	1	7565
TP1_synth_reverse		9	G	97	137	0	817819	1	29	406	818489	0	0	0	7564	0	0	2	7566
TP1_synth_reverse		10	C	254	818069	0	25	0	35	130	818513	0	7567	0	0	0	0	0	7567
TP1_synth_reverse		11	T	178	157	79	11	38	26	818197	818686	0	0	1	0	0	0	7567	7568
TP1_synth_reverse		12	C	285	815117	3071	18	0	80	125	818696	0	7542	26	0	0	0	0	7568
TP1_synth_reverse		13	C	393	818095	2	26	0	91	98	818705	0	7568	0	0	0	0	0	7568
TP1_synth_reverse		14	C	370	818167	0	18	0	47	110	818712	0	7568	0	0	0	0	0	7568
TP1_synth_reverse		15	C	264	817834	5	32	446	49	82	818712	0	7565	0	0	3	0	0	7568
TP1_synth_reverse		16	T	342	65	1064	10	1	173	817057	818712	0	0	13	0	0	0	7555	7568
TP1_synth_reverse		17	T	338	395	1	7	1	57	817913	818712	0	1	0	0	0	0	7567	7568
TP1_synth_reverse		18	T	353	123	2	4	6	48	818180	818716	0	0	0	0	0	0	7568	7568
TP1_synth_reverse		19	C	323	817057	826	67	3	60	399	818735	0	7557	7	1	0	0	4	7569
TP1_synth_reverse		20	T	252	88	711	19	0	26	817639	818735	0	0	7	0	0	0	7562	7569
TP1_synth_reverse		21	T	496	142	0	49	372	87	817599	818745	1	0	0	0	1	0	7567	7569
TP1_synth_reverse		22	G	154	420	363	817307	2	14	485	818745	1	0	2	7564	0	0	2	7569
TP1_synth_reverse		23	C	572	816238	696	45	598	24	572	818745	0	7562	3	0	3	0	1	7569
TP1_synth_reverse		24	G	199	174	1306	815476	1	36	1556	818748	1	0	14	7549	0	0	5	7569
TP1_synth_reverse		25	G	79	657	4	816973	112	118	821	818764	0	0	0	7567	1	0	2	7570
TP1_synth_reverse		26	A	818005	18	400	160	2	41	169	818795	7563	0	6	0	0	0	2	7571
TP1_synth_reverse		27	G	392	712	242	816095	324	17	1013	818795	1	0	2	7562	3	0	3	7571
TP1_synth_reverse		28	A	818512	43	41	70	12	36	98	818812	7572	0	0	0	0	0	0	7572
TP1_synth_reverse		29	T	299	81	464	143	0	107	817718	818812	0	0	2	0	0	0	7570	7572
TP1_synth_reverse		30	T	1216	99	2	53	0	116	817326	818812	2	0	0	0	0	0	7570	7572
TP1_synth_reverse		31	C	476	817561	461	42	44	72	147	818803	0	7563	5	0	1	0	3	7572
TP1_synth_reverse		32	T	567	102	687	40	0	320	817084	818800	0	0	3	0	0	0	7569	7572
TP1_synth_reverse		33	C	430	818018	105	40	0	127	80	818800	0	7571	1	0	0	0	0	7572
TP1_synth_reverse		34	T	727	121	51	81	1	92	817727	818800	0	0	1	0	0	0	7571	7572
TP1_synth_reverse		35	T	1420	103	1	57	33	74	817104	818792	0	0	0	0	0	0	7572	7572
TP1_synth_reverse		36	C	515	817954	103	24	0	53	145	818794	0	7566	3	0	0	0	3	7572
TP1_synth_reverse		37	C	538	817872	107	53	5	63	143	818781	0	7570	2	0	0	0	0	7572
TP1_synth_reverse		38	T	661	74	119	220	6	23	817666	818769	0	1	2	0	0	0	7569	7572
TP1_synth_reverse		39	C	379	817056	1021	41	105	65	90	818757	1	7564	6	0	1	0	0	7572
TP1_synth_reverse		40	T	1225	85	433	34	192	120	816665	818754	0	0	2	0	1	0	7569	7572
TP1_synth_reverse		41	G	473	576	883	815168	1	24	1625	818750	0	0	5	7551	0	0	16	7572
TP1_synth_reverse		42	T	2033	94	1604	31	2	49	814932	818745	0	0	6	0	0	0	7566	7572
TP1_synth_reverse		43	G	399	449	231	816601	311	404	356	818751	0	0	3	7569	1	0	0	7573
TP1_synth_reverse		44	C	449	816680	277	45	628	167	504	818750	0	7568	1	0	3	0	1	7573
TP1_synth_reverse		45	G	495	340	4	816037	226	55	1588	818745	1	0	0	7567	2	0	3	7573
TP1_synth_reverse		46	C	624	816239	977	47	0	17	846	818750	0	7566	5	0	0	0	2	7573
TP1_synth_reverse		47	C	345	818114	1	39	0	25	233	818757	0	7573	0	0	0	0	0	7573
TP1_synth_reverse		48	G	396	1327	791	814883	281	35	1025	818738	3	1	2	7562	2	0	3	7573
TP1_synth_reverse		49	A	818181	40	65	100	1	207	160	818754	7571	0	2	0	0	0	0	7573
TP1_synth_reverse		50	T	960	295	92	152	565	113	816574	818751	0	1	2	0	6	0	7564	7573
TP1_synth_reverse		51	A	817790	52	303	282	127	108	108	818770	7566	0	3	1	4	0	0	7574
TP1_synth_reverse		52	C	516	816702	243	128	728	259	185	818761	0	7567	3	0	3	0	1	7574
TP1_synth_reverse		53	A	818024	31	8	161	0	299	253	818776	7573	0	0	0	0	0	2	7575
TP1_synth_reverse		54	G	268	236	308	817554	77	92	228	818763	2	0	2	7569	1	0	1	7575
TP1_synth_reverse		55	A	817751	82	657	120	0	99	82	818791	7570	0	6	0	0	0	0	7576
TP1_synth_reverse		56	A	817538	792	1	157	71	85	142	818786	7572	2	0	0	2	0	0	7576
TP1_synth_reverse		57	T	1744	50	25	210	80	198	816460	818767	0	0	1	0	2	0	7573	7576
TP1_synth_reverse		58	A	818104	14	172	95	2	272	119	818778	7575	0	2	0	0	0	0	7577
TP1_synth_reverse		59	T	908	43	128	84	0	384	817208	818755	0	0	1	0	0	0	7576	7577
TP1_synth_reverse		60	C	805	816906	283	459	0	238	57	818748	0	7572	1	4	0	0	0	7577
TP1_synth_reverse		61	T	1363	1317	22	476	0	201	815366	818745	1	8	0	4	0	0	7564	7577
TP1_synth_reverse		62	G	766	243	1	816441	1	285	1005	818742	1	0	0	7573	0	0	3	7577
TP1_synth_reverse		63	T	2828	90	137	153	0	162	815381	818751	3	0	1	2	0	0	7572	7578
TP1_synth_reverse		64	T	1743	62	0	18	188	44	816686	818741	0	0	0	0	1	0	7577	7578
TP1_synth_reverse		65	C	1131	817008	177	28	16	151	223	818734	1	7574	2	0	0	0	1	7578
TP1_synth_reverse		66	G	560	377	20	816253	219	63	1235	818727	1	0	0	7573	0	0	4	7578
TP1_synth_reverse		67	C	770	817478	141	41	0	199	92	818721	0	7575	3	0	0	0	0	7578
TP1_synth_reverse		68	A	818232	188	1	138	6	72	82	818719	7578	0	0	0	0	0	0	7578
TP1_synth_reverse		69	C	294	817356	462	33	200	72	298	818715	0	7573	2	0	1	0	2	7578
TP1_synth_reverse		70	T	1020	126	221	28	709	100	816506	818710	0	0	2	0	2	0	7574	7578
TP1_synth_reverse		71	C	377	815175	2703	27	1	292	129	818704	0	7567	10	0	0	0	1	7578
TP1_synth_reverse		72	C	670	817301	4	64	354	112	188	818693	0	7577	0	0	1	0	0	7578
TP1_synth_reverse		73	G	186	528	822	815516	400	297	931	818680	0	0	6	7566	1	0	5	7578
TP1_synth_reverse		74	A	817807	32	25	284	377	110	39	818674	7577	0	0	0	1	0	0	7578
TP1_synth_reverse		75	G	583	376	62	816733	130	56	725	818665	2	0	0	7572	2	0	2	7578
TP1_synth_reverse		76	T	885	108	11	54	2	54	817542	818656	0	0	0	0	0	0	7578	7578
TP1_synth_reverse		77	G	80	318	674	816606	317	38	602	818635	0	0	3	7569	2	0	4	7578
TP1_synth_reverse		78	C	467	815798	633	40	274	468	950	818630	0	7567	2	0	3	1	5	7578
TP1_synth_reverse		79	G	247	506	673	816224	0	125	851	818626	0	0	4	7571	0	0	3	7578
TP1_synth_reverse		80	G	216	246	1	816973	127	147	898	818608	1	0	0	7573	1	0	3	7578
TP1_synth_reverse		81	C	483	817179	104	85	537	84	124	818596	0	7575	1	0	2	0	0	7578
TP1_synth_reverse		82	A	817252	34	1001	129	0	45	121	818582	7571	0	7	0	0	0	0	7578
TP1_synth_reverse		83	A	818128	57	10	95	0	206	85	818581	7578	0	0	0	0	0	0	7578
TP1_synth_reverse		84	A	817805	45	0	148	111	196	238	818543	7575	0	0	0	2	0	1	7578
TP1_synth_reverse		85	G	117	313	8	817718	2	116	179	818453	0	0	0	7577	0	0	1	7578
TP1_synth_reverse		86	C	594	817573	1	43	0	75	119	818405	2	7575	0	0	0	0	1	7578
TP1_synth_reverse		87	T	1147	75	176	20	2	285	816582	818287	0	0	1	0	0	0	7577	7578
TP1_synth_reverse		88	G	174	503	167	817064	8	120	195	818231	0	0	1	7577	0	0	0	7578
TP1_synth_reverse		89	T	640	90	500	15	0	35	816880	818160	0	0	2	0	0	0	7576	7578
TP1_synth_reverse		90	T	600	110	1	31	1	76	817114	817933	0	0	0	0	0	0	7577	7577
TP1_synth_reverse		91	C	479	816903	0	60	1	287	110	817840	0	7577	0	0	0	0	0	7577
TP1_synth_reverse		92	C	367	816130	0	131	0	377	584	817589	0	7574	0	0	0	0	2	7576
TP1_synth_reverse		93	G	444	394	0	814800	0	155	164	815957	1	0	0	7574	0	0	0	7575
TP1_synth_reverse		94	T	525	91	0	357	0	61	814654	815688	0	0	0	0	0	0	7575	7575
TP1_synth_reverse		95	C	0	815156	0	0	0	166	0	815322	0	7575	0	0	0	0	0	7575
TP1_synth_reverse		96	C	0	814614	0	0	0	92	0	814706	0	7575	0	0	0	0	0	7575
TP1_synth_reverse		97	C	0	813660	0	0	0	151	0	813811	0	7572	0	0	0	0	0	7572
TP1_synth_reverse		98	A	809948	0	0	0	0	0	0	809948	7570	0	0	0	0	0	0	7570
TP1_synth_reverse		99	G	0	0	0	808666	1	0	0	808667	0	0	0	7570	0	0	0	7570
