



























































































































































































































#AmpliconChromStart	Alias	Position	ProbableRef	rawA	rawC	rawD	rawG	rawI	rawN	rawT	rawDepth	consA	consC	consD	consG	consI	consN	consT	consDepth	
TP1_synth_reverse		1	G	0	0	0	811260	0	0	0	811260	0	0	0	4322	0	0	0	4322
TP1_synth_reverse		2	T	0	0	0	0	0	0	813224	813224	0	0	0	0	0	0	4329	4329
TP1_synth_reverse		3	G	0	0	0	815143	0	90	0	815233	0	0	0	4338	0	0	0	4338
TP1_synth_reverse		4	G	0	0	0	815670	0	45	0	815715	0	0	0	4339	0	0	0	4339
TP1_synth_reverse		5	T	1	0	0	0	0	13	816259	816273	0	0	0	0	0	0	4342	4342
TP1_synth_reverse		6	G	103	73	0	817046	0	26	175	817423	0	0	0	4342	0	0	1	4343
TP1_synth_reverse		7	A	817701	26	0	129	0	51	120	818027	4346	0	0	0	0	0	0	4346
TP1_synth_reverse		8	G	98	89	0	817995	0	96	168	818446	0	0	0	4348	0	0	1	4349
TP1_synth_reverse		9	G	97	137	0	817819	1	29	406	818489	0	0	0	4348	0	0	1	4349
TP1_synth_reverse		10	C	254	818069	0	25	0	35	130	818513	0	4349	0	0	0	0	0	4349
TP1_synth_reverse		11	T	178	157	79	11	38	26	818197	818686	0	0	1	0	0	0	4349	4350
TP1_synth_reverse		12	C	285	815117	3071	18	0	80	125	818696	0	4336	14	0	0	0	0	4350
TP1_synth_reverse		13	C	393	818095	2	26	0	91	98	818705	0	4350	0	0	0	0	0	4350
TP1_synth_reverse		14	C	370	818167	0	18	0	47	110	818712	0	4350	0	0	0	0	0	4350
TP1_synth_reverse		15	C	264	817842	5	32	446	49	82	818720	0	4347	0	0	3	0	0	4350
TP1_synth_reverse		16	T	342	65	1064	10	1	173	817065	818720	0	0	9	0	0	0	4341	4350
TP1_synth_reverse		17	T	338	395	1	7	1	57	817921	818720	0	1	0	0	0	0	4349	4350
TP1_synth_reverse		18	T	353	123	2	4	6	48	818188	818724	0	0	0	0	0	0	4350	4350
TP1_synth_reverse		19	C	323	817065	826	67	3	60	399	818743	0	4340	6	1	0	0	3	4350
TP1_synth_reverse		20	T	252	88	711	19	0	26	817647	818743	0	0	4	0	0	0	4346	4350
TP1_synth_reverse		21	T	498	142	0	49	372	87	817605	818753	0	0	0	0	1	0	4349	4350
TP1_synth_reverse		22	G	154	420	363	817315	2	14	485	818753	0	0	2	4347	0	0	1	4350
TP1_synth_reverse		23	C	572	816255	696	45	598	24	572	818762	0	4345	2	0	2	0	1	4350
TP1_synth_reverse		24	G	199	174	1306	815493	1	36	1556	818765	0	0	10	4337	0	0	3	4350
TP1_synth_reverse		25	G	79	657	4	816990	112	118	821	818781	0	0	0	4347	1	0	2	4350
TP1_synth_reverse		26	A	818022	18	400	160	2	41	169	818812	4347	0	3	0	0	0	0	4350
TP1_synth_reverse		27	G	392	712	242	816112	324	17	1013	818812	1	0	1	4344	1	0	3	4350
TP1_synth_reverse		28	A	818529	43	41	70	12	36	98	818829	4350	0	0	0	0	0	0	4350
TP1_synth_reverse		29	T	302	81	464	143	0	107	817732	818829	0	0	2	0	0	0	4348	4350
TP1_synth_reverse		30	T	1217	99	2	53	0	116	817342	818829	2	0	0	0	0	0	4348	4350
TP1_synth_reverse		31	C	479	817575	461	42	44	72	147	818820	0	4346	3	0	1	0	0	4350
TP1_synth_reverse		32	T	568	102	687	40	0	320	817100	818817	0	0	3	0	0	0	4347	4350
TP1_synth_reverse		33	C	431	818034	105	40	0	127	80	818817	0	4349	1	0	0	0	0	4350
TP1_synth_reverse		34	T	730	121	51	81	1	92	817741	818817	0	0	0	0	0	0	4350	4350
TP1_synth_reverse		35	T	1422	103	1	57	33	74	817119	818809	0	0	0	0	0	0	4350	4350
TP1_synth_reverse		36	C	515	817971	103	24	0	53	145	818811	0	4349	1	0	0	0	0	4350
TP1_synth_reverse		37	C	538	817889	107	53	5	63	143	818798	0	4349	1	0	0	0	0	4350
TP1_synth_reverse		38	T	661	74	119	220	6	23	817683	818786	0	0	1	0	0	0	4349	4350
TP1_synth_reverse		39	C	379	817073	1021	41	105	65	90	818774	0	4345	4	0	1	0	0	4350
TP1_synth_reverse		40	T	1226	85	433	34	192	120	816681	818771	0	0	2	0	1	0	4347	4350
TP1_synth_reverse		41	G	474	576	883	815184	1	24	1625	818767	0	0	5	4335	0	0	10	4350
TP1_synth_reverse		42	T	2035	94	1604	31	2	49	814947	818762	0	0	5	0	0	0	4345	4350
TP1_synth_reverse		43	G	400	451	231	816614	311	404	357	818768	0	0	1	4348	1	0	0	4350
TP1_synth_reverse		44	C	449	816697	277	45	628	167	504	818767	0	4345	1	0	3	0	1	4350
TP1_synth_reverse		45	G	495	341	4	816052	226	55	1589	818762	1	0	0	4346	2	0	1	4350
TP1_synth_reverse		46	C	625	816255	977	47	0	17	846	818767	0	4344	4	0	0	0	2	4350
TP1_synth_reverse		47	C	346	818130	1	39	0	25	233	818774	0	4350	0	0	0	0	0	4350
TP1_synth_reverse		48	G	396	1327	791	814900	281	35	1025	818755	2	1	2	4343	2	0	0	4350
TP1_synth_reverse		49	A	818198	40	65	100	1	207	160	818771	4349	0	1	0	0	0	0	4350
TP1_synth_reverse		50	T	962	295	92	152	565	113	816587	818766	0	1	1	0	2	0	4346	4350
TP1_synth_reverse		51	A	817805	52	303	282	127	108	108	818785	4344	0	3	1	2	0	0	4350
TP1_synth_reverse		52	C	518	816715	243	128	728	259	185	818776	0	4345	2	0	3	0	0	4350
TP1_synth_reverse		53	A	818039	31	8	161	0	299	253	818791	4349	0	0	0	0	0	1	4350
TP1_synth_reverse		54	G	270	237	308	817566	77	92	228	818778	2	0	2	4345	1	0	0	4350
TP1_synth_reverse		55	A	817766	82	657	120	0	99	82	818806	4346	0	4	0	0	0	0	4350
TP1_synth_reverse		56	A	817553	792	1	157	71	85	142	818801	4348	1	0	0	1	0	0	4350
TP1_synth_reverse		57	T	1746	50	25	210	80	198	816473	818782	0	0	0	0	1	0	4349	4350
TP1_synth_reverse		58	A	818119	14	172	95	2	272	119	818793	4348	0	2	0	0	0	0	4350
TP1_synth_reverse		59	T	908	43	128	84	0	384	817223	818770	0	0	1	0	0	0	4349	4350
TP1_synth_reverse		60	C	806	816920	283	459	0	238	57	818763	0	4346	1	3	0	0	0	4350
TP1_synth_reverse		61	T	1364	1317	22	476	0	201	815380	818760	1	5	0	2	0	0	4342	4350
TP1_synth_reverse		62	G	766	244	1	816455	1	285	1005	818757	1	0	0	4347	0	0	2	4350
TP1_synth_reverse		63	T	2830	90	137	153	0	162	815394	818766	3	0	1	1	0	0	4345	4350
TP1_synth_reverse		64	T	1744	62	0	18	188	44	816700	818756	0	0	0	0	1	0	4349	4350
TP1_synth_reverse		65	C	1133	817021	177	28	16	151	223	818749	0	4347	2	0	0	0	1	4350
TP1_synth_reverse		66	G	560	377	20	816267	219	63	1236	818742	1	0	0	4346	0	0	3	4350
TP1_synth_reverse		67	C	770	817494	141	40	0	199	92	818736	0	4348	2	0	0	0	0	4350
TP1_synth_reverse		68	A	818247	188	1	138	6	72	82	818734	4350	0	0	0	0	0	0	4350
TP1_synth_reverse		69	C	295	817369	462	33	200	72	298	818729	0	4345	2	0	1	0	2	4350
TP1_synth_reverse		70	T	1020	126	221	28	709	100	816515	818719	0	0	2	0	2	0	4346	4350
TP1_synth_reverse		71	C	377	815184	2703	27	1	292	129	818713	0	4341	9	0	0	0	0	4350
TP1_synth_reverse		72	C	670	817311	4	63	354	112	188	818702	0	4349	0	0	1	0	0	4350
TP1_synth_reverse		73	G	186	528	822	815525	400	297	931	818689	0	0	2	4343	1	0	4	4350
TP1_synth_reverse		74	A	817817	32	25	284	377	110	38	818683	4349	0	0	0	1	0	0	4350
TP1_synth_reverse		75	G	583	376	62	816742	130	56	725	818674	2	0	0	4345	1	0	2	4350
TP1_synth_reverse		76	T	886	108	11	54	2	54	817550	818665	0	0	0	0	0	0	4350	4350
TP1_synth_reverse		77	G	80	318	674	816614	317	38	603	818644	0	0	3	4343	1	0	3	4350
TP1_synth_reverse		78	C	470	815804	633	40	274	468	950	818639	0	4341	2	0	3	0	4	4350
TP1_synth_reverse		79	G	247	504	673	816235	0	125	851	818635	0	0	3	4347	0	0	0	4350
TP1_synth_reverse		80	G	216	246	1	816982	127	147	898	818617	0	0	0	4346	1	0	3	4350
TP1_synth_reverse		81	C	483	817188	104	85	537	84	124	818605	0	4348	0	0	2	0	0	4350
TP1_synth_reverse		82	A	817261	34	1001	129	0	45	121	818591	4344	0	6	0	0	0	0	4350
TP1_synth_reverse		83	A	818137	57	10	95	0	206	85	818590	4350	0	0	0	0	0	0	4350
TP1_synth_reverse		84	A	817814	45	0	148	111	196	238	818552	4349	0	0	0	0	0	1	4350
TP1_synth_reverse		85	G	117	313	8	817726	2	116	179	818461	0	0	0	4349	0	0	1	4350
TP1_synth_reverse		86	C	594	817581	1	43	0	75	119	818413	1	4348	0	0	0	0	1	4350
TP1_synth_reverse		87	T	1148	75	176	20	2	285	816589	818295	0	0	1	0	0	0	4349	4350
TP1_synth_reverse		88	G	174	503	167	817072	8	120	195	818239	0	0	1	4349	0	0	0	4350
TP1_synth_reverse		89	T	642	90	500	15	0	35	816886	818168	0	0	2	0	0	0	4348	4350
TP1_synth_reverse		90	T	601	110	1	31	1	76	817120	817940	0	0	0	0	0	0	4350	4350
TP1_synth_reverse		91	C	479	816909	0	60	1	287	110	817846	0	4350	0	0	0	0	0	4350
TP1_synth_reverse		92	C	369	816133	0	131	0	377	584	817594	0	4348	0	0	0	0	1	4349
TP1_synth_reverse		93	G	444	395	0	814804	0	155	164	815962	1	0	0	4348	0	0	0	4349
TP1_synth_reverse		94	T	525	91	0	357	0	61	814659	815693	0	0	0	0	0	0	4349	4349
TP1_synth_reverse		95	C	0	815161	0	0	0	166	0	815327	0	4349	0	0	0	0	0	4349
TP1_synth_reverse		96	C	0	814618	0	0	0	92	0	814710	0	4349	0	0	0	0	0	4349
TP1_synth_reverse		97	C	0	813664	0	0	0	151	0	813815	0	4349	0	0	0	0	0	4349
TP1_synth_reverse		98	A	809952	0	0	0	0	0	0	809952	4349	0	0	0	0	0	0	4349
TP1_synth_reverse		99	G	0	0	0	808669	1	0	0	808670	0	0	0	4349	0	0	0	4349
