



























































































































































































































#AmpliconChromStart	Alias	Position	ProbableRef	rawA	rawC	rawD	rawG	rawI	rawN	rawT	rawDepth	consA	consC	consD	consG	consI	consN	consT	consDepth	
TP1_synth_reverse		1	G	0	0	0	784566	0	0	0	784566	0	0	0	64692	0	0	0	64692
TP1_synth_reverse		2	T	0	0	0	0	0	0	785794	785794	0	0	0	0	0	0	65134	65134
TP1_synth_reverse		3	G	0	0	0	788256	0	96	0	788352	0	0	0	65617	0	31	0	65648
TP1_synth_reverse		4	G	0	0	0	788894	0	58	0	788952	0	0	0	65996	0	35	0	66031
TP1_synth_reverse		5	T	0	0	0	0	0	23	789631	789654	0	0	0	0	0	21	66233	66254
TP1_synth_reverse		6	G	109	66	0	789701	0	11	170	790057	8	9	0	66528	0	6	28	66579
TP1_synth_reverse		7	A	790016	19	0	92	0	58	129	790314	66592	3	0	6	0	22	9	66632
TP1_synth_reverse		8	G	167	74	0	790172	0	108	185	790706	9	8	0	66601	0	35	16	66669
TP1_synth_reverse		9	G	227	112	0	790266	9	27	172	790813	10	18	0	66637	1	6	21	66693
TP1_synth_reverse		10	C	215	790292	146	25	0	29	133	790840	47	66646	2	1	0	1	5	66702
TP1_synth_reverse		11	T	177	145	189	12	24	25	790288	790860	32	9	7	1	3	1	66663	66716
TP1_synth_reverse		12	C	255	790111	165	25	0	69	235	790860	49	66612	14	1	0	29	11	66716
TP1_synth_reverse		13	C	383	790224	2	29	0	96	126	790860	56	66611	2	1	0	38	8	66716
TP1_synth_reverse		14	C	356	790342	0	24	0	41	103	790866	51	66644	0	0	0	18	7	66720
TP1_synth_reverse		15	C	207	790460	0	24	0	60	130	790881	43	66655	0	0	0	25	7	66730
TP1_synth_reverse		16	T	270	100	189	13	0	180	790129	790881	73	6	15	1	0	52	66583	66730
TP1_synth_reverse		17	T	262	95	2	20	0	64	790438	790881	67	8	1	3	0	35	66616	66730
TP1_synth_reverse		18	T	273	124	2	10	0	67	790413	790889	56	7	1	0	0	19	66653	66736
TP1_synth_reverse		19	C	291	790566	3	19	1	55	75	791010	103	66633	1	1	1	17	3	66759
TP1_synth_reverse		20	T	212	72	10	17	0	32	790667	791010	50	1	0	2	0	12	66694	66759
TP1_synth_reverse		21	T	385	236	0	50	4	92	790249	791016	115	15	0	7	4	4	66617	66762
TP1_synth_reverse		22	G	114	354	116	789856	0	11	575	791026	7	135	7	66518	0	0	99	66766
TP1_synth_reverse		23	C	802	789611	76	59	6	24	448	791026	133	66580	6	8	6	3	30	66766
TP1_synth_reverse		24	G	321	143	42	789598	0	47	875	791026	18	36	7	66578	0	25	102	66766
TP1_synth_reverse		25	G	241	496	6	789621	2	109	575	791050	19	139	1	66513	1	24	73	66770
TP1_synth_reverse		26	A	790688	12	8	178	1	38	136	791061	66736	1	1	13	1	19	5	66776
TP1_synth_reverse		27	G	77	607	0	789793	0	23	561	791061	8	120	0	66552	0	12	84	66776
TP1_synth_reverse		28	A	790825	25	0	83	1	18	121	791073	66752	3	0	10	1	8	7	66781
TP1_synth_reverse		29	T	247	81	744	129	0	131	789741	791073	55	3	31	12	0	31	66649	66781
TP1_synth_reverse		30	T	788	94	7	44	0	92	790048	791073	248	5	1	6	0	13	66508	66781
TP1_synth_reverse		31	C	451	790196	212	23	0	64	121	791067	143	66587	11	1	0	25	12	66779
TP1_synth_reverse		32	T	518	79	14	44	1	342	790060	791058	117	2	4	5	1	37	66606	66772
TP1_synth_reverse		33	C	491	790303	14	34	1	101	116	791060	153	66574	4	2	1	24	15	66773
TP1_synth_reverse		34	T	603	138	42	65	0	78	790132	791058	155	6	5	7	0	15	66584	66772
TP1_synth_reverse		35	T	1183	107	7	53	1	88	789611	791050	339	7	1	5	1	42	66375	66770
TP1_synth_reverse		36	C	930	789942	13	17	0	47	103	791052	144	66612	3	1	0	9	4	66773
TP1_synth_reverse		37	C	709	790105	13	49	0	62	103	791041	116	66620	1	5	0	17	7	66766
TP1_synth_reverse		38	T	557	105	13	218	0	25	790118	791036	145	9	1	24	0	19	66565	66763
TP1_synth_reverse		39	C	384	790427	7	46	0	85	87	791036	114	66622	1	8	0	15	5	66765
TP1_synth_reverse		40	T	1089	278	115	37	4	135	789374	791032	246	14	8	3	4	14	66473	66762
TP1_synth_reverse		41	G	592	456	17	789124	1	13	828	791031	70	136	2	66450	1	1	101	66761
TP1_synth_reverse		42	T	1864	389	5	24	2	58	788686	791028	429	20	4	4	2	11	66289	66759
TP1_synth_reverse		43	G	383	373	1	789471	2	350	456	791036	53	95	1	66467	2	58	85	66761
TP1_synth_reverse		44	C	471	789127	2	61	3	160	1222	791046	98	66534	2	7	2	44	77	66764
TP1_synth_reverse		45	G	806	260	57	788050	1	55	1808	791037	47	75	8	66347	1	29	248	66755
TP1_synth_reverse		46	C	1474	788930	105	46	0	8	483	791046	274	66441	14	5	0	3	22	66759
TP1_synth_reverse		47	C	284	790452	1	42	4	28	234	791045	64	66655	0	6	4	17	13	66759
TP1_synth_reverse		48	G	412	477	10	789147	0	28	958	791032	34	174	4	66370	0	15	156	66753
TP1_synth_reverse		49	A	790599	44	0	65	0	211	135	791054	66803	4	0	3	0	33	6	66849
TP1_synth_reverse		50	T	784	76	0	120	0	108	789961	791049	189	7	0	13	0	34	66601	66844
TP1_synth_reverse		51	A	790666	41	1	121	1	128	112	791070	66795	6	0	10	1	41	3	66856
TP1_synth_reverse		52	C	587	789992	0	96	1	271	117	791064	124	66674	0	22	1	20	12	66853
TP1_synth_reverse		53	A	790289	21	3	333	1	314	119	791080	66795	4	0	10	1	38	11	66859
TP1_synth_reverse		54	G	113	169	10	790263	21	96	400	791072	28	28	2	66697	1	26	70	66852
TP1_synth_reverse		55	A	790713	65	14	115	1	104	78	791090	66825	10	3	5	0	9	3	66855
TP1_synth_reverse		56	A	790701	12	2	148	0	105	119	791087	66821	1	2	8	0	17	4	66853
TP1_synth_reverse		57	T	1307	58	5	166	2	210	789314	791062	266	0	3	16	1	36	66518	66840
TP1_synth_reverse		58	A	790584	13	4	93	0	264	100	791058	66672	1	4	1	0	153	8	66839
TP1_synth_reverse		59	T	785	60	5	82	2	381	789735	791050	168	4	4	9	1	66	66584	66836
TP1_synth_reverse		60	C	800	789825	4	59	0	267	76	791031	183	66580	4	6	0	43	6	66822
TP1_synth_reverse		61	T	1054	92	5	32	0	211	789632	791026	229	8	4	3	0	53	66520	66817
TP1_synth_reverse		62	G	366	184	5	789185	0	292	986	791018	54	30	5	66432	0	163	128	66812
TP1_synth_reverse		63	T	1740	75	28	19	0	170	788984	791016	426	8	9	3	0	55	66309	66810
TP1_synth_reverse		64	T	1562	243	5	15	0	33	789148	791006	257	21	4	4	0	4	66515	66805
TP1_synth_reverse		65	C	1168	789112	30	29	1	165	497	791002	212	66526	6	2	1	26	30	66803
TP1_synth_reverse		66	G	654	321	20	788481	0	54	1468	790998	69	93	5	66457	0	10	167	66801
TP1_synth_reverse		67	C	794	789586	6	31	0	224	355	790996	204	66535	4	5	0	30	22	66800
TP1_synth_reverse		68	A	790416	273	7	148	0	84	68	790996	66737	24	3	9	0	23	4	66800
TP1_synth_reverse		69	C	274	790479	16	34	0	61	128	790992	57	66717	6	0	0	3	13	66796
TP1_synth_reverse		70	T	1034	134	8	42	0	83	789683	790984	225	22	2	2	0	13	66525	66789
TP1_synth_reverse		71	C	478	790044	23	31	0	301	101	790978	82	66620	4	2	0	70	6	66784
TP1_synth_reverse		72	C	984	789370	3	150	0	112	351	790970	210	66484	1	15	0	49	21	66780
TP1_synth_reverse		73	G	166	355	12	789803	0	336	291	790963	15	105	2	66403	0	205	46	66776
TP1_synth_reverse		74	A	790456	40	5	98	0	127	237	790963	66703	5	1	7	0	53	7	66776
TP1_synth_reverse		75	G	136	331	12	789238	0	44	1197	790958	13	60	6	66577	0	7	110	66773
TP1_synth_reverse		76	T	763	96	281	150	0	50	789611	790951	225	9	12	18	0	2	66502	66768
TP1_synth_reverse		77	G	113	307	420	789203	0	44	849	790936	19	77	17	66550	0	9	86	66758
TP1_synth_reverse		78	C	507	788525	29	40	0	460	1366	790927	70	66500	4	1	0	84	95	66754
TP1_synth_reverse		79	G	500	414	8	778873	0	105	11027	790927	57	170	0	65694	0	22	811	66754
TP1_synth_reverse		80	G	527	199	3	787025	0	143	3017	790914	42	54	0	66325	0	39	285	66745
TP1_synth_reverse		81	C	487	790113	13	67	0	86	136	790902	70	66636	0	5	0	21	9	66741
TP1_synth_reverse		82	A	790365	33	85	133	0	63	123	790802	66612	4	8	4	0	12	4	66644
TP1_synth_reverse		83	A	790292	107	5	82	0	213	101	790800	66569	11	0	2	0	54	8	66644
TP1_synth_reverse		84	A	790275	36	0	150	0	193	121	790775	66586	7	0	8	0	35	3	66639
TP1_synth_reverse		85	G	462	247	1	789548	182	107	147	790694	27	74	0	66431	13	33	30	66608
TP1_synth_reverse		86	C	822	789610	8	59	5	58	94	790656	111	66466	2	4	1	9	7	66600
TP1_synth_reverse		87	T	951	75	137	22	0	292	789123	790600	197	5	10	1	0	29	66336	66578
TP1_synth_reverse		88	G	141	489	25	789475	130	117	184	790561	13	48	1	66406	19	28	50	66565
TP1_synth_reverse		89	T	614	108	403	14	0	39	789335	790513	87	8	25	0	0	16	66414	66550
TP1_synth_reverse		90	T	504	91	1	68	0	59	789706	790429	80	3	0	5	0	6	66430	66524
TP1_synth_reverse		91	C	445	789008	0	321	0	304	143	790221	86	66349	0	18	0	35	10	66498
TP1_synth_reverse		92	C	343	788556	0	214	0	386	192	789691	47	66296	0	11	0	82	14	66450
TP1_synth_reverse		93	G	571	279	0	787880	0	144	149	789023	31	62	0	66223	0	34	28	66378
TP1_synth_reverse		94	T	434	138	0	35	0	63	788264	788934	67	3	0	4	0	12	66276	66362
TP1_synth_reverse		95	C	0	787994	0	0	0	171	0	788165	0	66274	0	0	0	13	0	66287
TP1_synth_reverse		96	C	0	787456	0	0	0	98	0	787554	0	66173	0	0	0	32	0	66205
TP1_synth_reverse		97	C	0	785844	0	0	0	167	0	786011	0	66017	0	0	0	59	0	66076
TP1_synth_reverse		98	A	782995	0	0	0	0	0	0	782995	65900	0	0	0	0	0	0	65900
TP1_synth_reverse		99	G	0	0	0	782097	0	0	0	782097	0	0	0	65767	0	0	0	65767
