



























































































































































































































#AmpliconChromStart	Alias	Position	ProbableRef	rawA	rawC	rawD	rawG	rawI	rawN	rawT	rawDepth	consA	consC	consD	consG	consI	consN	consT	consDepth	
TP1_synth_reverse		1	G	0	0	0	769968	0	0	0	769968	0	0	0	60194	0	0	0	60194
TP1_synth_reverse		2	T	0	0	0	0	0	0	771410	771410	0	0	0	0	0	0	60627	60627
TP1_synth_reverse		3	G	0	0	0	774474	0	72	0	774546	0	0	0	61098	0	32	0	61130
TP1_synth_reverse		4	G	0	0	0	775309	0	33	0	775342	0	0	0	61437	0	16	0	61453
TP1_synth_reverse		5	T	0	0	0	0	0	28	775671	775699	0	0	0	0	0	21	61667	61688
TP1_synth_reverse		6	G	87	71	0	775585	0	11	338	776092	5	5	0	61969	0	8	33	62020
TP1_synth_reverse		7	A	776192	21	0	89	0	49	124	776475	62047	2	0	7	0	10	9	62075
TP1_synth_reverse		8	G	84	66	0	776851	0	104	230	777335	8	8	0	62051	0	32	28	62127
TP1_synth_reverse		9	G	92	119	0	777415	10	29	157	777822	9	31	0	62110	1	4	18	62173
TP1_synth_reverse		10	C	214	777132	346	20	1	27	103	777843	44	62123	8	1	0	3	5	62184
TP1_synth_reverse		11	T	163	123	145	16	312	22	777086	777867	26	7	7	0	28	1	62135	62204
TP1_synth_reverse		12	C	285	774409	2894	19	0	51	233	777891	64	61974	145	2	0	14	11	62210
TP1_synth_reverse		13	C	386	777049	196	28	0	94	138	777891	52	62101	5	1	0	44	7	62210
TP1_synth_reverse		14	C	599	776986	17	22	0	46	221	777891	65	62108	4	1	0	24	8	62210
TP1_synth_reverse		15	C	273	777021	19	27	379	60	112	777891	54	62105	4	1	19	19	8	62210
TP1_synth_reverse		16	T	320	88	1143	13	0	171	776156	777891	76	5	76	1	0	41	62011	62210
TP1_synth_reverse		17	T	296	115	187	6	0	63	777322	777989	64	9	28	1	0	28	62094	62224
TP1_synth_reverse		18	T	267	135	148	10	237	58	777134	777989	63	7	29	0	13	11	62101	62224
TP1_synth_reverse		19	C	315	776822	667	19	99	48	139	778109	117	62048	53	3	4	7	11	62243
TP1_synth_reverse		20	T	221	81	1048	16	0	20	776723	778109	58	8	90	1	0	12	62074	62243
TP1_synth_reverse		21	T	416	142	121	43	268	85	777034	778109	120	5	32	5	21	4	62056	62243
TP1_synth_reverse		22	G	123	334	1286	775996	27	21	322	778109	5	118	108	61930	10	1	71	62243
TP1_synth_reverse		23	C	534	776094	1035	44	82	26	294	778109	124	61984	83	2	21	2	27	62243
TP1_synth_reverse		24	G	200	163	1165	775924	0	37	620	778109	19	41	63	62013	0	14	93	62243
TP1_synth_reverse		25	G	95	556	213	776505	217	132	558	778276	19	132	24	61965	12	28	75	62255
TP1_synth_reverse		26	A	777133	60	688	149	202	18	117	778367	62193	7	57	6	4	6	2	62275
TP1_synth_reverse		27	G	66	667	283	777038	20	22	271	778367	3	156	42	61979	2	12	81	62275
TP1_synth_reverse		28	A	777020	36	1020	90	66	31	104	778367	62160	2	79	5	10	11	8	62275
TP1_synth_reverse		29	T	251	99	927	111	16	114	776882	778400	61	7	93	13	6	19	62084	62283
TP1_synth_reverse		30	T	823	86	727	138	21	125	776480	778400	265	5	70	17	2	18	61906	62283
TP1_synth_reverse		31	C	435	775498	1856	41	214	58	88	778190	160	61931	142	7	8	21	3	62272
TP1_synth_reverse		32	T	483	72	972	180	867	329	775277	778180	107	3	84	11	46	37	61978	62266
TP1_synth_reverse		33	C	366	776594	799	44	164	114	87	778168	125	62011	78	5	11	20	5	62255
TP1_synth_reverse		34	T	614	323	1073	57	0	77	776016	778160	138	15	91	10	0	8	61985	62247
TP1_synth_reverse		35	T	1224	96	850	68	241	77	775149	777705	347	2	76	6	18	29	61743	62221
TP1_synth_reverse		36	C	462	774913	1766	37	2	42	470	777692	138	61904	131	5	0	9	31	62218
TP1_synth_reverse		37	C	514	775600	1248	124	1	71	118	777676	122	61959	96	10	1	10	9	62207
TP1_synth_reverse		38	T	559	71	1286	186	16	24	775529	777671	157	7	104	17	0	15	61905	62205
TP1_synth_reverse		39	C	429	775521	1712	45	3	45	69	777824	96	61964	131	7	0	4	3	62205
TP1_synth_reverse		40	T	1158	154	2184	23	12	143	774134	777808	248	7	146	2	7	21	61768	62199
TP1_synth_reverse		41	G	625	463	2256	774139	6	28	277	777794	106	138	165	61690	1	4	82	62186
TP1_synth_reverse		42	T	1787	87	1908	34	401	36	773485	777738	427	4	145	4	24	3	61579	62186
TP1_synth_reverse		43	G	380	381	2079	774479	40	361	331	778051	65	104	163	61732	8	38	90	62200
TP1_synth_reverse		44	C	444	774499	2062	301	92	155	710	778263	111	61832	171	12	3	31	57	62217
TP1_synth_reverse		45	G	178	296	1555	774620	15	50	1197	777911	7	97	109	61734	5	26	217	62195
TP1_synth_reverse		46	C	691	775008	1853	118	0	11	229	777910	264	61759	140	8	0	3	20	62194
TP1_synth_reverse		47	C	281	775712	1093	41	333	13	275	777748	51	61971	105	6	18	5	23	62179
TP1_synth_reverse		48	G	192	561	1192	774427	218	43	1100	777733	14	202	111	61618	11	15	195	62166
TP1_synth_reverse		49	A	775922	32	1373	98	18	181	147	777771	62097	5	132	5	4	19	11	62273
TP1_synth_reverse		50	T	786	85	1028	112	0	99	775644	777754	192	4	109	15	0	22	61915	62257
TP1_synth_reverse		51	A	775463	75	1743	96	147	123	139	777786	62058	13	137	1	10	38	8	62265
TP1_synth_reverse		52	C	436	775345	1165	84	32	240	475	777777	141	61938	120	14	3	16	28	62260
TP1_synth_reverse		53	A	774700	31	1594	174	964	307	219	777989	62015	3	148	10	46	40	19	62281
TP1_synth_reverse		54	G	370	199	1782	775068	250	96	203	777968	28	42	148	61959	15	21	48	62261
TP1_synth_reverse		55	A	776398	53	1406	98	1	112	79	778147	62116	7	122	2	0	11	7	62265
TP1_synth_reverse		56	A	776543	13	1037	140	179	116	117	778145	62103	4	110	7	12	23	5	62264
TP1_synth_reverse		57	T	1443	63	1013	201	404	198	775215	778537	308	2	132	16	22	38	61754	62272
TP1_synth_reverse		58	A	777004	16	743	92	232	250	93	778430	62005	3	92	6	10	141	5	62262
TP1_synth_reverse		59	T	776	109	865	139	3	371	776127	778390	160	5	91	9	1	59	61915	62240
TP1_synth_reverse		60	C	701	776025	1209	45	29	238	124	778371	207	61865	111	7	2	33	5	62230
TP1_synth_reverse		61	T	1056	75	796	39	0	204	775873	778043	223	5	77	3	0	43	61865	62216
TP1_synth_reverse		62	G	523	229	1335	775182	69	291	337	777966	54	47	93	61710	10	152	135	62201
TP1_synth_reverse		63	T	1713	260	618	23	0	173	775402	778189	436	14	69	5	0	63	61620	62207
TP1_synth_reverse		64	T	1595	64	609	18	16	41	775854	778197	297	4	42	1	9	3	61848	62204
TP1_synth_reverse		65	C	994	774912	1880	33	199	155	145	778318	222	61806	137	5	11	22	9	62212
TP1_synth_reverse		66	G	317	336	849	776346	66	52	329	778295	56	108	79	61859	3	6	81	62192
TP1_synth_reverse		67	C	769	776220	1043	39	0	217	67	778355	240	61803	105	6	0	33	4	62191
TP1_synth_reverse		68	A	777566	198	618	164	10	80	78	778714	62061	27	63	19	6	10	10	62196
TP1_synth_reverse		69	C	293	777275	832	34	43	51	72	778600	77	62025	70	2	2	8	7	62191
TP1_synth_reverse		70	T	939	109	357	40	40	103	777108	778696	231	7	22	2	3	13	61909	62187
TP1_synth_reverse		71	C	340	776202	1705	20	0	287	140	778694	70	61896	119	1	0	88	11	62185
TP1_synth_reverse		72	C	628	777273	413	89	8	120	150	778681	205	61881	38	5	0	43	7	62179
TP1_synth_reverse		73	G	184	417	1741	775283	232	304	493	778654	20	97	121	61691	18	166	49	62162
TP1_synth_reverse		74	A	775956	37	2376	112	17	116	36	778650	61946	4	150	9	3	45	1	62158
TP1_synth_reverse		75	G	105	335	381	777528	1	48	230	778628	18	78	34	61974	0	7	33	62144
TP1_synth_reverse		76	T	750	74	706	29	0	63	776993	778615	218	5	52	6	0	3	61855	62139
TP1_synth_reverse		77	G	298	299	524	776962	277	44	196	778600	14	92	35	61912	20	6	49	62128
TP1_synth_reverse		78	C	447	775878	1096	37	249	447	438	778592	78	61839	65	4	33	62	41	62122
TP1_synth_reverse		79	G	245	457	1872	775529	1	128	347	778579	22	187	97	61736	0	13	62	62117
TP1_synth_reverse		80	G	770	231	208	776827	0	127	387	778550	42	63	16	61888	0	37	50	62096
TP1_synth_reverse		81	C	252	775994	1533	83	434	85	151	778532	51	61890	79	6	29	16	11	62082
TP1_synth_reverse		82	A	776592	38	1473	154	0	55	118	778430	61870	5	88	10	0	5	6	61984
TP1_synth_reverse		83	A	777663	58	350	87	0	204	68	778430	61921	10	12	1	0	38	2	61984
TP1_synth_reverse		84	A	777631	38	211	156	126	202	58	778422	61922	1	7	10	12	28	3	61983
TP1_synth_reverse		85	G	133	255	2	777556	105	111	150	778312	28	79	0	61751	5	37	28	61928
TP1_synth_reverse		86	C	585	777391	9	115	2	69	100	778271	98	61785	3	10	1	11	7	61915
TP1_synth_reverse		87	T	950	76	38	43	0	283	776806	778196	180	3	7	2	0	30	61663	61885
TP1_synth_reverse		88	G	220	422	61	777017	71	117	234	778142	30	48	12	61686	5	19	61	61861
TP1_synth_reverse		89	T	600	99	229	16	1	45	777121	778111	81	5	10	1	0	14	61741	61852
TP1_synth_reverse		90	T	496	103	0	506	1	72	776830	778008	81	2	0	31	0	8	61696	61818
TP1_synth_reverse		91	C	840	776165	0	216	0	252	99	777572	95	61634	0	17	0	21	7	61774
TP1_synth_reverse		92	C	353	775877	0	149	0	373	227	776979	52	61598	0	17	0	56	17	61740
TP1_synth_reverse		93	G	275	332	0	775117	0	163	123	776010	25	83	0	61482	0	35	24	61649
TP1_synth_reverse		94	T	450	109	0	392	0	76	774372	775399	58	3	0	13	0	8	61531	61613
TP1_synth_reverse		95	C	0	774713	0	0	0	167	0	774880	0	61521	0	0	0	19	0	61540
TP1_synth_reverse		96	C	0	774084	0	0	0	80	0	774164	0	61455	0	0	0	19	0	61474
TP1_synth_reverse		97	C	0	772420	0	0	0	164	0	772584	0	61273	0	0	0	68	0	61341
TP1_synth_reverse		98	A	769700	0	0	0	0	0	0	769700	61168	0	0	0	0	0	0	61168
TP1_synth_reverse		99	G	0	0	0	768375	0	0	0	768375	0	0	0	61002	0	0	0	61002
