



























































































































































































































#AmpliconChromStart	Alias	Position	ProbableRef	rawA	rawC	rawD	rawG	rawI	rawN	rawT	rawDepth	consA	consC	consD	consG	consI	consN	consT	consDepth	
TP1_synth_reverse		1	G	0	0	0	769968	0	0	0	769968	0	0	0	6536	0	0	0	6536
TP1_synth_reverse		2	T	0	0	0	0	0	0	771410	771410	0	0	0	0	0	0	6545	6545
TP1_synth_reverse		3	G	0	0	0	774474	0	72	0	774546	0	0	0	6564	0	0	0	6564
TP1_synth_reverse		4	G	0	0	0	775309	0	33	0	775342	0	0	0	6568	0	0	0	6568
TP1_synth_reverse		5	T	0	0	0	0	0	28	775671	775699	0	0	0	0	0	0	6570	6570
TP1_synth_reverse		6	G	87	71	0	775585	0	11	338	776092	0	0	0	6569	0	0	2	6571
TP1_synth_reverse		7	A	776192	21	0	89	0	49	124	776475	6576	0	0	0	0	0	0	6576
TP1_synth_reverse		8	G	84	66	0	776851	0	104	230	777335	0	0	0	6581	0	0	1	6582
TP1_synth_reverse		9	G	92	119	0	777415	10	29	157	777822	0	0	0	6585	0	0	0	6585
TP1_synth_reverse		10	C	214	777132	346	20	1	27	103	777843	0	6583	2	0	0	0	0	6585
TP1_synth_reverse		11	T	163	123	145	16	312	22	777062	777843	0	0	1	0	3	0	6581	6585
TP1_synth_reverse		12	C	285	774385	2894	19	0	51	233	777867	0	6563	21	0	0	0	1	6585
TP1_synth_reverse		13	C	386	777025	196	28	0	94	138	777867	0	6583	1	0	0	0	1	6585
TP1_synth_reverse		14	C	599	776962	17	22	0	46	221	777867	1	6583	0	0	0	0	1	6585
TP1_synth_reverse		15	C	273	776997	19	27	379	60	112	777867	0	6584	0	0	1	0	0	6585
TP1_synth_reverse		16	T	319	88	1143	13	0	171	776133	777867	0	0	6	0	0	0	6579	6585
TP1_synth_reverse		17	T	295	115	187	6	0	63	777299	777965	0	0	2	0	0	0	6584	6586
TP1_synth_reverse		18	T	265	135	148	10	237	58	777112	777965	0	0	2	0	2	0	6582	6586
TP1_synth_reverse		19	C	313	776800	667	19	99	48	139	778085	0	6577	7	0	2	0	1	6587
TP1_synth_reverse		20	T	220	81	1048	16	0	20	776700	778085	0	0	6	0	0	0	6581	6587
TP1_synth_reverse		21	T	416	142	121	43	268	85	777010	778085	0	0	1	0	3	0	6583	6587
TP1_synth_reverse		22	G	123	334	1286	775973	27	21	321	778085	0	0	7	6579	0	0	1	6587
TP1_synth_reverse		23	C	533	776071	1035	44	82	26	294	778085	1	6577	7	0	1	0	1	6587
TP1_synth_reverse		24	G	200	163	1165	775900	0	37	620	778085	0	0	12	6575	0	0	0	6587
TP1_synth_reverse		25	G	95	555	213	776482	217	132	558	778252	0	0	1	6585	1	0	2	6589
TP1_synth_reverse		26	A	777109	60	688	149	202	18	117	778343	6585	1	5	0	0	0	0	6591
TP1_synth_reverse		27	G	66	667	283	777014	20	22	271	778343	0	0	3	6587	0	0	1	6591
TP1_synth_reverse		28	A	776996	36	1020	90	66	31	104	778343	6583	0	6	0	2	0	0	6591
TP1_synth_reverse		29	T	251	99	927	111	16	114	776858	778376	0	0	6	0	0	0	6585	6591
TP1_synth_reverse		30	T	822	86	727	137	21	125	776458	778376	0	0	5	1	0	0	6585	6591
TP1_synth_reverse		31	C	435	775474	1856	41	214	58	88	778166	0	6577	13	0	1	0	0	6591
TP1_synth_reverse		32	T	480	72	972	180	867	329	775256	778156	0	0	8	1	5	0	6577	6591
TP1_synth_reverse		33	C	366	776570	799	44	164	114	87	778144	0	6584	6	0	1	0	0	6591
TP1_synth_reverse		34	T	614	323	1073	57	0	77	775992	778136	0	2	6	0	0	0	6583	6591
TP1_synth_reverse		35	T	1220	96	850	68	241	77	775129	777681	0	0	7	0	3	0	6580	6590
TP1_synth_reverse		36	C	461	774890	1766	37	2	42	470	777668	0	6573	15	0	0	0	2	6590
TP1_synth_reverse		37	C	511	775579	1248	124	1	71	118	777652	0	6579	10	1	0	0	0	6590
TP1_synth_reverse		38	T	559	71	1286	186	16	24	775505	777647	0	0	10	0	0	0	6581	6591
TP1_synth_reverse		39	C	427	775499	1712	45	3	45	69	777800	0	6579	13	0	0	0	0	6592
TP1_synth_reverse		40	T	1157	154	2184	23	12	143	774111	777784	0	0	19	0	0	0	6573	6592
TP1_synth_reverse		41	G	621	462	2256	774120	6	28	277	777770	0	0	19	6573	0	0	0	6592
TP1_synth_reverse		42	T	1786	87	1908	34	401	36	773462	777714	0	0	18	0	3	0	6572	6593
TP1_synth_reverse		43	G	377	381	2079	774460	40	361	329	778027	0	0	18	6576	1	0	0	6595
TP1_synth_reverse		44	C	443	774477	2062	301	92	155	709	778239	0	6571	18	1	2	0	4	6596
TP1_synth_reverse		45	G	178	294	1555	774599	15	50	1196	777887	0	0	14	6581	0	0	1	6596
TP1_synth_reverse		46	C	690	774985	1853	118	0	11	229	777886	0	6575	19	1	0	0	1	6596
TP1_synth_reverse		47	C	278	775691	1093	41	333	13	275	777724	0	6582	12	0	2	0	0	6596
TP1_synth_reverse		48	G	192	561	1192	774406	218	43	1097	777709	0	0	12	6579	4	0	1	6596
TP1_synth_reverse		49	A	775898	32	1373	98	18	181	147	777747	6581	0	16	0	0	0	0	6597
TP1_synth_reverse		50	T	784	85	1028	112	0	99	775622	777730	0	0	10	0	0	0	6587	6597
TP1_synth_reverse		51	A	775439	75	1743	96	147	123	139	777762	6579	0	17	0	1	0	0	6597
TP1_synth_reverse		52	C	435	775341	1165	84	32	240	475	777772	0	6582	12	0	1	0	2	6597
TP1_synth_reverse		53	A	774695	31	1594	174	964	307	219	777984	6577	0	16	0	5	0	1	6599
TP1_synth_reverse		54	G	370	198	1782	775064	250	96	203	777963	2	0	16	6580	1	0	0	6599
TP1_synth_reverse		55	A	776393	53	1406	98	1	112	79	778142	6589	0	12	0	0	0	0	6601
TP1_synth_reverse		56	A	776538	13	1037	140	179	116	117	778140	6591	0	9	0	1	0	0	6601
TP1_synth_reverse		57	T	1440	63	1013	201	404	198	775213	778532	0	0	10	0	2	0	6592	6604
TP1_synth_reverse		58	A	776999	16	743	92	232	250	93	778425	6597	0	5	0	2	0	0	6604
TP1_synth_reverse		59	T	774	109	865	139	3	371	776124	778385	0	1	6	1	0	0	6596	6604
TP1_synth_reverse		60	C	700	776021	1209	45	29	238	124	778366	0	6593	9	0	1	0	1	6604
TP1_synth_reverse		61	T	1055	75	796	39	0	204	775869	778038	0	0	4	0	0	0	6600	6604
TP1_synth_reverse		62	G	521	228	1335	775181	69	291	336	777961	0	0	8	6595	1	0	0	6604
TP1_synth_reverse		63	T	1711	260	618	23	0	173	775399	778184	0	1	6	0	0	0	6599	6606
TP1_synth_reverse		64	T	1592	64	608	18	16	41	775853	778192	0	0	3	0	0	0	6603	6606
TP1_synth_reverse		65	C	993	774909	1879	33	199	155	145	778313	0	6590	15	0	2	0	0	6607
TP1_synth_reverse		66	G	316	336	849	776343	66	52	328	778290	0	0	7	6599	1	0	0	6607
TP1_synth_reverse		67	C	767	776217	1043	39	0	217	67	778350	0	6602	7	0	0	0	0	6609
TP1_synth_reverse		68	A	777561	198	618	164	10	80	78	778709	6604	0	6	0	0	0	0	6610
TP1_synth_reverse		69	C	292	777271	832	34	43	51	72	778595	0	6599	10	0	1	0	0	6610
TP1_synth_reverse		70	T	936	109	357	40	40	103	777106	778691	0	0	4	0	1	0	6607	6612
TP1_synth_reverse		71	C	339	776198	1705	20	0	287	140	778689	0	6597	14	0	0	0	1	6612
TP1_synth_reverse		72	C	628	777267	413	89	8	121	150	778676	0	6608	4	0	0	0	0	6612
TP1_synth_reverse		73	G	184	417	1741	775278	232	304	493	778649	0	0	12	6597	2	0	1	6612
TP1_synth_reverse		74	A	775951	37	2376	112	17	116	36	778645	6591	0	21	0	0	0	0	6612
TP1_synth_reverse		75	G	105	334	381	777525	1	48	229	778623	0	0	2	6609	0	0	1	6612
TP1_synth_reverse		76	T	747	74	706	29	0	63	776991	778610	0	0	6	0	0	0	6606	6612
TP1_synth_reverse		77	G	298	298	524	776959	277	44	195	778595	2	0	6	6601	3	0	0	6612
TP1_synth_reverse		78	C	446	775874	1096	37	249	447	438	778587	0	6601	7	0	2	0	2	6612
TP1_synth_reverse		79	G	245	457	1872	775527	1	128	344	778574	0	0	14	6598	0	0	0	6612
TP1_synth_reverse		80	G	770	231	208	776821	0	128	387	778545	5	0	2	6604	0	0	1	6612
TP1_synth_reverse		81	C	252	775988	1533	83	434	86	151	778527	0	6601	9	0	2	0	0	6612
TP1_synth_reverse		82	A	776587	38	1473	154	0	55	118	778425	6601	0	11	0	0	0	0	6612
TP1_synth_reverse		83	A	777658	58	350	87	0	204	68	778425	6610	0	2	0	0	0	0	6612
TP1_synth_reverse		84	A	777626	38	211	156	126	202	58	778417	6610	0	1	0	1	0	0	6612
TP1_synth_reverse		85	G	133	255	2	777552	105	111	150	778308	0	0	0	6611	1	0	0	6612
TP1_synth_reverse		86	C	583	777389	9	115	2	69	100	778267	0	6610	0	2	0	0	0	6612
TP1_synth_reverse		87	T	949	76	38	43	0	283	776803	778192	0	0	0	0	0	0	6612	6612
TP1_synth_reverse		88	G	220	420	61	777015	71	117	234	778138	1	0	0	6609	1	0	1	6612
TP1_synth_reverse		89	T	599	99	229	16	1	45	777118	778107	0	0	0	0	0	0	6612	6612
TP1_synth_reverse		90	T	496	103	0	506	1	72	776826	778004	0	0	0	3	0	0	6609	6612
TP1_synth_reverse		91	C	840	776161	0	216	0	252	99	777568	1	6611	0	0	0	0	0	6612
TP1_synth_reverse		92	C	352	775875	0	149	0	373	227	776976	0	6609	0	2	0	0	0	6611
TP1_synth_reverse		93	G	275	331	0	775115	0	163	123	776007	1	0	0	6610	0	0	0	6611
TP1_synth_reverse		94	T	449	109	0	390	0	76	774372	775396	0	0	0	0	0	0	6611	6611
TP1_synth_reverse		95	C	0	774710	0	0	0	167	0	774877	0	6611	0	0	0	0	0	6611
TP1_synth_reverse		96	C	0	774080	0	0	0	81	0	774161	0	6611	0	0	0	0	0	6611
TP1_synth_reverse		97	C	0	772418	0	0	0	164	0	772582	0	6611	0	0	0	0	0	6611
TP1_synth_reverse		98	A	769698	0	0	0	0	0	0	769698	6611	0	0	0	0	0	0	6611
TP1_synth_reverse		99	G	0	0	0	768373	0	0	0	768373	0	0	0	6611	0	0	0	6611
