



























































































































































































































#AmpliconChromStart	Alias	Position	ProbableRef	rawA	rawC	rawD	rawG	rawI	rawN	rawT	rawDepth	consA	consC	consD	consG	consI	consN	consT	consDepth	
TP1_synth_reverse		1	G	0	0	0	608655	0	0	0	608655	0	0	0	8248	0	0	0	8248
TP1_synth_reverse		2	T	0	0	0	0	0	0	609747	609747	0	0	0	0	0	0	8252	8252
TP1_synth_reverse		3	G	0	0	0	612150	0	12	0	612162	0	0	0	8269	0	0	0	8269
TP1_synth_reverse		4	G	0	0	0	612859	0	21	0	612880	0	0	0	8276	0	0	0	8276
TP1_synth_reverse		5	T	0	0	0	0	0	76	613166	613242	0	0	0	0	0	0	8280	8280
TP1_synth_reverse		6	G	105	51	0	613127	0	66	287	613636	0	0	0	8282	0	0	2	8284
TP1_synth_reverse		7	A	613477	19	0	73	0	59	84	613712	8287	0	0	0	0	0	0	8287
TP1_synth_reverse		8	G	92	33	0	613528	0	251	78	613982	0	0	0	8291	0	0	0	8291
TP1_synth_reverse		9	G	82	68	0	613735	0	33	308	614226	0	1	0	8294	0	0	0	8295
TP1_synth_reverse		10	C	153	613655	2	16	1	11	402	614240	0	8294	0	0	0	0	1	8295
TP1_synth_reverse		11	T	170	94	38	17	802	21	613098	614240	0	0	2	0	11	0	8282	8295
TP1_synth_reverse		12	C	181	611334	2531	13	1	61	119	614240	0	8282	13	0	0	0	0	8295
TP1_synth_reverse		13	C	247	613659	5	25	0	189	115	614240	0	8295	0	0	0	0	0	8295
TP1_synth_reverse		14	C	184	613891	0	13	1	69	93	614251	0	8295	0	0	0	0	0	8295
TP1_synth_reverse		15	C	142	612903	322	13	741	16	114	614251	0	8286	1	0	6	0	2	8295
TP1_synth_reverse		16	T	305	318	2504	35	0	18	611071	614251	0	1	20	0	0	0	8274	8295
TP1_synth_reverse		17	T	337	84	1	15	0	5	613809	614251	0	0	0	0	0	0	8295	8295
TP1_synth_reverse		18	T	245	894	2	14	2	16	613100	614273	0	2	0	0	0	0	8294	8296
TP1_synth_reverse		19	C	258	628842	517	32	0	81	85	629815	0	8311	6	0	0	0	0	8317
TP1_synth_reverse		20	T	391	62	658	60	2	81	628561	629815	0	0	6	0	0	0	8311	8317
TP1_synth_reverse		21	T	1294	99	3	67	277	26	628049	629815	0	0	0	0	1	0	8316	8317
TP1_synth_reverse		22	G	91	463	668	628277	0	18	310	629827	0	0	4	8313	0	0	1	8318
TP1_synth_reverse		23	C	486	627505	1283	49	315	45	144	629827	0	8303	11	0	4	0	0	8318
TP1_synth_reverse		24	G	155	82	1634	627626	0	27	303	629827	0	0	13	8305	0	0	0	8318
TP1_synth_reverse		25	G	119	269	1056	627435	734	47	167	629827	0	0	8	8307	3	0	0	8318
TP1_synth_reverse		26	A	628310	13	1268	101	21	19	109	629841	8310	0	8	0	1	0	0	8319
TP1_synth_reverse		27	G	49	170	557	628547	6	83	429	629841	0	0	7	8312	0	0	0	8319
TP1_synth_reverse		28	A	629193	227	265	64	1	24	77	629851	8307	4	9	0	0	0	0	8320
TP1_synth_reverse		29	T	474	73	759	698	2	98	627747	629851	0	0	10	0	0	0	8310	8320
TP1_synth_reverse		30	T	2032	53	491	56	0	51	627168	629851	0	0	5	0	0	0	8315	8320
TP1_synth_reverse		31	C	519	627032	1452	37	7	62	176	629285	0	8298	17	0	0	0	3	8318
TP1_synth_reverse		32	T	731	74	1372	94	0	6	626451	628728	0	0	16	0	0	0	8298	8314
TP1_synth_reverse		33	C	583	626712	1322	27	0	26	55	628725	0	8298	16	0	0	0	0	8314
TP1_synth_reverse		34	T	2150	196	1903	1487	0	54	622328	628118	0	2	23	0	0	0	8287	8312
TP1_synth_reverse		35	T	2302	58	399	276	1	31	624390	627457	0	0	12	0	0	0	8295	8307
TP1_synth_reverse		36	C	448	581539	44939	72	5	67	86	627156	3	7836	468	0	0	0	0	8307
TP1_synth_reverse		37	C	362	623154	2519	880	2	27	114	627058	0	8276	29	2	0	0	0	8307
TP1_synth_reverse		38	T	1384	41	2689	68	134	18	622566	626900	0	0	34	0	1	0	8271	8306
TP1_synth_reverse		39	C	292	624837	993	136	4	23	609	626894	0	8284	19	0	0	0	3	8306
TP1_synth_reverse		40	T	1260	59	1464	103	456	120	623445	626907	0	0	23	0	3	0	8283	8309
TP1_synth_reverse		41	G	126	957	1486	621668	2	38	2625	626902	0	0	24	8283	0	0	2	8309
TP1_synth_reverse		42	T	2353	69	1735	427	2	37	622271	626894	0	0	18	2	0	0	8289	8309
TP1_synth_reverse		43	G	95	253	645	623175	0	82	2638	626888	0	0	15	8294	0	0	0	8309
TP1_synth_reverse		44	C	434	625530	1041	43	0	17	720	627785	0	8295	21	0	0	0	3	8319
TP1_synth_reverse		45	G	210	137	898	623318	0	12	3207	627782	2	0	16	8300	0	0	1	8319
TP1_synth_reverse		46	C	744	625298	1520	104	0	22	113	627801	0	8296	22	0	0	0	2	8320
TP1_synth_reverse		47	C	241	626281	977	31	62	15	193	627800	0	8301	18	0	1	0	0	8320
TP1_synth_reverse		48	G	133	901	1000	622752	31	13	2957	627787	0	0	21	8299	0	0	0	8320
TP1_synth_reverse		49	A	625206	48	1024	36	1	16	128	626459	8388	0	20	0	0	0	0	8408
TP1_synth_reverse		50	T	2793	62	1461	27	79	33	621858	626313	0	0	22	0	4	0	8381	8407
TP1_synth_reverse		51	A	624785	33	1078	48	177	74	152	626347	8389	0	16	0	2	0	1	8408
TP1_synth_reverse		52	C	453	624463	1002	59	64	79	223	626343	0	8390	13	0	1	0	4	8408
TP1_synth_reverse		53	A	624939	23	1082	160	2	42	91	626339	8389	0	19	0	0	0	0	8408
TP1_synth_reverse		54	G	402	346	990	623143	337	86	1050	626354	2	0	12	8389	4	0	2	8409
TP1_synth_reverse		55	A	622834	113	2801	72	0	58	84	625962	8386	0	24	0	0	0	0	8410
TP1_synth_reverse		56	A	625032	8	627	108	0	57	126	625958	8403	0	6	1	0	0	0	8410
TP1_synth_reverse		57	T	3545	41	1033	138	1	23	621149	625930	0	0	9	0	0	0	8401	8410
TP1_synth_reverse		58	A	624441	3	1045	116	179	51	102	625937	8402	0	8	0	1	0	0	8411
TP1_synth_reverse		59	T	1388	136	723	120	414	66	623158	626005	1	2	7	0	3	0	8400	8413
TP1_synth_reverse		60	C	1873	620864	2257	60	732	104	93	625983	0	8392	20	0	0	0	1	8413
TP1_synth_reverse		61	T	994	436	1280	814	302	108	622017	625951	0	1	12	0	0	0	8400	8413
TP1_synth_reverse		62	G	388	252	945	623235	567	88	731	626206	0	0	10	8404	1	0	0	8415
TP1_synth_reverse		63	T	4261	95	2302	54	1	24	619475	626212	0	2	20	0	0	0	8394	8416
TP1_synth_reverse		64	T	2036	56	1736	158	261	48	621867	626162	0	0	14	0	1	0	8399	8414
TP1_synth_reverse		65	C	643	623311	1997	21	38	44	123	626177	1	8393	20	0	1	0	0	8415
TP1_synth_reverse		66	G	866	333	2305	621923	0	45	715	626187	0	0	19	8397	0	0	0	8416
TP1_synth_reverse		67	C	767	623661	1965	27	25	71	242	626758	0	8402	19	0	1	0	1	8423
TP1_synth_reverse		68	A	623892	552	2035	156	0	70	49	626754	8400	0	23	0	0	0	0	8423
TP1_synth_reverse		69	C	89	625993	1798	39	0	42	112	628073	0	8417	19	0	0	0	1	8437
TP1_synth_reverse		70	T	1018	68	2577	561	0	100	625397	629721	0	0	21	0	0	0	8424	8445
TP1_synth_reverse		71	C	245	625620	3596	70	0	71	116	629718	0	8414	31	0	0	0	0	8445
TP1_synth_reverse		72	C	721	626830	1873	38	0	90	162	629714	0	8428	17	0	0	0	0	8445
TP1_synth_reverse		73	G	550	292	2463	626157	26	65	138	629691	0	0	23	8420	2	0	0	8445
TP1_synth_reverse		74	A	626886	207	2305	71	144	47	27	629687	8421	0	20	0	4	0	0	8445
TP1_synth_reverse		75	G	383	188	2085	626910	1	31	74	629672	1	0	17	8427	0	0	0	8445
TP1_synth_reverse		76	T	5046	59	1295	75	2	76	623094	629647	0	0	10	0	0	0	8435	8445
TP1_synth_reverse		77	G	184	288	1720	626601	58	65	713	629629	1	0	4	8437	2	0	1	8445
TP1_synth_reverse		78	C	212	625951	1626	411	550	148	716	629614	0	8427	13	0	4	0	1	8445
TP1_synth_reverse		79	G	370	878	976	626036	1	59	1258	629578	1	0	9	8433	0	0	2	8445
TP1_synth_reverse		80	G	137	329	68	627977	203	110	722	629546	1	2	0	8441	1	0	0	8445
TP1_synth_reverse		81	C	137	627527	853	47	651	173	143	629531	0	8436	4	0	5	0	0	8445
TP1_synth_reverse		82	A	612755	8	1613	192	0	78	177	614823	8330	0	4	1	0	0	0	8335
TP1_synth_reverse		83	A	614579	15	24	49	1	56	98	614822	8335	0	0	0	0	0	0	8335
TP1_synth_reverse		84	A	613998	23	0	110	516	52	81	614780	8334	0	0	0	1	0	0	8335
TP1_synth_reverse		85	G	103	159	262	613175	3	17	913	614632	0	0	1	8334	0	0	0	8335
TP1_synth_reverse		86	C	246	614135	0	30	4	36	140	614591	0	8335	0	0	0	0	0	8335
TP1_synth_reverse		87	T	1956	60	13	51	2	87	612347	614516	0	0	0	0	0	0	8335	8335
TP1_synth_reverse		88	G	214	325	2	613779	39	35	101	614495	0	0	0	8335	0	0	0	8335
TP1_synth_reverse		89	T	869	85	90	16	0	46	613352	614458	0	0	1	0	0	0	8334	8335
TP1_synth_reverse		90	T	955	84	0	57	0	101	612966	614163	2	0	0	0	0	0	8333	8335
TP1_synth_reverse		91	C	404	613104	0	33	1	28	95	613665	0	8334	0	0	0	0	0	8334
TP1_synth_reverse		92	C	472	612680	0	33	0	61	370	613616	0	8334	0	0	0	0	0	8334
TP1_synth_reverse		93	G	715	177	0	612082	0	15	68	613057	0	0	0	8334	0	0	0	8334
TP1_synth_reverse		94	T	967	71	0	44	0	77	611721	612880	0	0	0	0	0	0	8333	8333
TP1_synth_reverse		95	C	0	612519	0	0	0	75	0	612594	0	8333	0	0	0	0	0	8333
TP1_synth_reverse		96	C	0	611795	0	0	0	13	0	611808	0	8332	0	0	0	0	0	8332
TP1_synth_reverse		97	C	0	610320	0	0	0	10	0	610330	0	8328	0	0	0	0	0	8328
TP1_synth_reverse		98	A	607768	0	0	0	0	0	0	607768	8323	0	0	0	0	0	0	8323
TP1_synth_reverse		99	G	0	0	0	606080	0	0	0	606080	0	0	0	8322	0	0	0	8322
