



























































































































































































































#AmpliconChromStart	Alias	Position	ProbableRef	rawA	rawC	rawD	rawG	rawI	rawN	rawT	rawDepth	consA	consC	consD	consG	consI	consN	consT	consDepth	
TP1_synth_reverse		1	G	0	0	0	608655	0	0	0	608655	0	0	0	42809	0	0	0	42809
TP1_synth_reverse		2	T	0	0	0	0	0	0	609747	609747	0	0	0	0	0	0	43158	43158
TP1_synth_reverse		3	G	0	0	0	612150	0	12	0	612162	0	0	0	43608	0	0	0	43608
TP1_synth_reverse		4	G	0	0	0	612859	0	21	0	612880	0	0	0	43905	0	3	0	43908
TP1_synth_reverse		5	T	0	0	0	0	0	76	613166	613242	0	0	0	0	0	10	44139	44149
TP1_synth_reverse		6	G	105	51	0	613127	0	66	287	613636	8	2	0	44412	0	32	15	44469
TP1_synth_reverse		7	A	613477	19	0	73	0	59	84	613712	44454	1	0	8	0	33	4	44500
TP1_synth_reverse		8	G	92	33	0	613528	0	251	78	613982	9	6	0	44431	0	69	13	44528
TP1_synth_reverse		9	G	82	68	0	613735	0	33	308	614226	8	14	0	44516	0	3	14	44555
TP1_synth_reverse		10	C	153	613655	2	16	1	11	402	614240	31	44523	0	1	0	1	11	44567
TP1_synth_reverse		11	T	170	94	38	17	802	21	613098	614240	31	8	6	1	54	4	44463	44567
TP1_synth_reverse		12	C	181	611334	2531	13	1	61	119	614240	31	44442	61	1	0	28	4	44567
TP1_synth_reverse		13	C	247	613659	5	25	0	189	115	614240	37	44484	0	1	0	40	5	44567
TP1_synth_reverse		14	C	184	613891	0	13	1	69	93	614251	27	44531	0	0	0	16	2	44576
TP1_synth_reverse		15	C	142	612903	322	13	741	16	114	614251	20	44484	7	0	57	4	4	44576
TP1_synth_reverse		16	T	305	318	2504	35	0	18	611071	614251	78	10	107	1	0	10	44370	44576
TP1_synth_reverse		17	T	337	84	1	15	0	5	613818	614260	72	0	0	0	0	5	44507	44584
TP1_synth_reverse		18	T	245	894	2	14	2	16	613109	614282	40	19	1	4	1	5	44527	44597
TP1_synth_reverse		19	C	258	628851	517	32	0	81	85	629824	82	44674	38	2	0	15	3	44814
TP1_synth_reverse		20	T	391	62	658	60	2	81	628570	629824	87	2	24	5	0	11	44685	44814
TP1_synth_reverse		21	T	1294	99	3	67	277	26	628058	629824	437	4	1	6	7	2	44357	44814
TP1_synth_reverse		22	G	91	463	668	628286	0	18	310	629836	9	218	36	44524	0	1	33	44821
TP1_synth_reverse		23	C	486	627514	1283	49	315	45	144	629836	144	44556	75	4	20	12	10	44821
TP1_synth_reverse		24	G	155	82	1634	627635	0	27	303	629836	12	14	100	44641	0	8	46	44821
TP1_synth_reverse		25	G	119	269	1056	627455	734	47	167	629847	18	112	59	44558	31	10	36	44824
TP1_synth_reverse		26	A	628330	13	1268	101	21	19	109	629861	44737	1	65	3	11	8	4	44829
TP1_synth_reverse		27	G	49	170	557	628567	6	83	429	629861	3	36	36	44535	4	49	166	44829
TP1_synth_reverse		28	A	629203	227	265	64	1	24	77	629861	44748	21	44	1	0	13	2	44829
TP1_synth_reverse		29	T	474	73	759	698	2	98	627757	629861	95	5	67	74	0	40	44548	44829
TP1_synth_reverse		30	T	2033	53	491	56	0	51	627177	629861	674	1	29	8	0	5	44112	44829
TP1_synth_reverse		31	C	520	627041	1452	37	7	62	176	629295	171	44480	96	5	4	22	25	44803
TP1_synth_reverse		32	T	732	74	1372	94	0	6	626460	628738	123	3	103	8	0	3	44517	44757
TP1_synth_reverse		33	C	582	626723	1322	27	0	26	55	628735	208	44409	114	4	0	16	5	44756
TP1_synth_reverse		34	T	2150	196	1903	1487	0	54	622338	628128	264	9	178	152	0	24	44080	44707
TP1_synth_reverse		35	T	2305	58	399	276	1	31	624397	627467	721	4	82	38	1	8	43800	44654
TP1_synth_reverse		36	C	449	581548	44939	72	5	67	86	627166	78	41611	2904	6	4	34	5	44642
TP1_synth_reverse		37	C	363	623163	2519	880	2	27	114	627068	60	44257	197	49	1	3	7	44574
TP1_synth_reverse		38	T	1384	41	2689	68	134	18	622576	626910	365	2	202	6	12	6	43956	44549
TP1_synth_reverse		39	C	292	624847	993	136	4	23	609	626904	43	44339	112	12	1	17	23	44547
TP1_synth_reverse		40	T	1261	59	1464	103	456	120	623454	626917	228	1	163	11	26	55	44063	44547
TP1_synth_reverse		41	G	126	957	1486	621683	2	38	2620	626912	12	398	145	43561	1	21	407	44545
TP1_synth_reverse		42	T	2353	69	1735	427	2	37	622281	626904	761	5	137	28	1	13	43595	44540
TP1_synth_reverse		43	G	95	254	645	623182	0	82	2640	626898	3	82	105	43949	0	8	392	44539
TP1_synth_reverse		44	C	435	625539	1041	43	0	17	720	627795	143	44299	138	3	0	3	48	44634
TP1_synth_reverse		45	G	210	137	898	623327	0	12	3208	627792	22	26	122	43982	0	0	481	44633
TP1_synth_reverse		46	C	745	625307	1520	104	0	22	113	627811	314	44125	167	21	0	10	11	44648
TP1_synth_reverse		47	C	241	626291	977	31	62	15	193	627810	69	44416	127	3	7	8	18	44648
TP1_synth_reverse		48	G	133	902	1000	622763	31	13	2955	627797	4	383	132	43701	6	0	423	44649
TP1_synth_reverse		49	A	625210	48	1024	36	1	16	128	626463	45636	6	141	2	0	8	7	45800
TP1_synth_reverse		50	T	2795	62	1461	27	79	33	621860	626317	390	5	147	0	11	11	45237	45801
TP1_synth_reverse		51	A	624789	33	1078	48	177	74	152	626351	45631	7	108	1	16	53	12	45828
TP1_synth_reverse		52	C	450	624470	1002	59	64	79	223	626347	129	45510	91	6	14	56	20	45826
TP1_synth_reverse		53	A	624943	23	1082	160	2	42	91	626343	45655	2	125	10	1	25	6	45824
TP1_synth_reverse		54	G	404	347	990	623142	337	86	1052	626358	59	50	88	45437	23	35	136	45828
TP1_synth_reverse		55	A	622838	113	2801	72	0	58	84	625966	45602	22	181	1	0	10	4	45820
TP1_synth_reverse		56	A	625036	8	627	108	0	57	126	625962	45711	2	79	10	0	9	7	45818
TP1_synth_reverse		57	T	3545	41	1033	138	1	23	621153	625934	403	4	99	19	1	3	45279	45808
TP1_synth_reverse		58	A	624435	3	1045	116	179	51	102	625931	45677	0	96	9	10	6	8	45806
TP1_synth_reverse		59	T	1390	136	723	120	414	66	623150	625999	194	8	80	23	24	32	45453	45814
TP1_synth_reverse		60	C	1872	620859	2257	60	732	104	93	625977	404	45163	170	9	20	29	11	45806
TP1_synth_reverse		61	T	996	436	1280	814	302	108	622009	625945	142	16	109	88	3	11	45430	45799
TP1_synth_reverse		62	G	386	252	945	623231	567	88	731	626200	66	41	98	45334	22	29	226	45816
TP1_synth_reverse		63	T	4262	95	2302	54	1	24	619468	626206	1060	9	153	10	1	5	44579	45817
TP1_synth_reverse		64	T	2039	56	1736	158	261	48	621858	626156	322	3	144	19	8	36	45274	45806
TP1_synth_reverse		65	C	643	623305	1997	21	38	44	123	626171	96	45531	160	1	11	16	6	45821
TP1_synth_reverse		66	G	867	333	2305	621916	0	45	715	626181	149	53	153	45210	0	9	249	45823
TP1_synth_reverse		67	C	767	623655	1965	27	25	71	242	626752	277	45350	145	5	7	51	15	45850
TP1_synth_reverse		68	A	623888	551	2034	156	0	70	49	626748	45587	63	149	8	0	38	3	45848
TP1_synth_reverse		69	C	89	625987	1798	39	0	42	112	628067	13	45795	124	4	0	10	13	45959
TP1_synth_reverse		70	T	1019	68	2577	561	0	100	625390	629715	172	2	160	64	0	38	45635	46071
TP1_synth_reverse		71	C	245	625614	3596	70	0	71	116	629712	45	45763	231	3	0	18	9	46069
TP1_synth_reverse		72	C	721	626824	1873	38	0	90	162	629708	257	45625	114	4	0	56	11	46067
TP1_synth_reverse		73	G	550	293	2463	626150	26	65	138	629685	77	40	167	45739	7	16	14	46060
TP1_synth_reverse		74	A	626880	207	2305	71	144	47	27	629681	45845	21	139	1	37	14	2	46059
TP1_synth_reverse		75	G	383	188	2085	626904	1	31	74	629666	63	31	122	45809	0	14	15	46054
TP1_synth_reverse		76	T	5047	59	1295	75	2	76	623087	629641	1168	4	77	10	2	11	44773	46045
TP1_synth_reverse		77	G	184	288	1720	626595	58	65	713	629623	23	69	74	45735	5	16	115	46037
TP1_synth_reverse		78	C	212	625945	1626	411	550	148	716	629608	35	45754	105	16	32	59	34	46035
TP1_synth_reverse		79	G	370	878	976	626030	1	59	1258	629572	18	382	78	45294	1	31	228	46032
TP1_synth_reverse		80	G	137	329	68	627972	203	110	721	629540	15	61	15	45771	14	30	117	46023
TP1_synth_reverse		81	C	137	627521	853	47	651	173	143	629525	26	45848	61	2	38	40	3	46018
TP1_synth_reverse		82	A	612750	8	1613	192	0	78	176	614817	44436	0	98	9	0	38	15	44596
TP1_synth_reverse		83	A	614573	15	24	49	1	56	98	614816	44575	2	1	2	0	10	5	44595
TP1_synth_reverse		84	A	613992	23	0	110	516	52	81	614774	44556	5	0	4	17	4	7	44593
TP1_synth_reverse		85	G	103	159	262	613169	3	17	912	614625	15	37	21	44322	1	5	152	44553
TP1_synth_reverse		86	C	246	614128	0	30	4	36	140	614584	30	44498	0	2	1	8	11	44550
TP1_synth_reverse		87	T	1957	60	13	51	2	87	612339	614509	266	3	0	6	0	46	44214	44535
TP1_synth_reverse		88	G	214	325	2	613772	39	35	101	614488	28	26	0	44452	0	19	7	44532
TP1_synth_reverse		89	T	869	85	90	16	0	46	613345	614451	88	5	7	2	0	28	44393	44523
TP1_synth_reverse		90	T	954	84	0	57	0	101	612960	614156	129	4	0	2	0	45	44294	44474
TP1_synth_reverse		91	C	406	613095	0	33	1	28	95	613658	40	44383	0	2	0	8	4	44437
TP1_synth_reverse		92	C	472	612671	0	33	0	61	370	613607	29	44352	0	0	0	38	13	44432
TP1_synth_reverse		93	G	715	177	0	612073	0	15	68	613048	51	38	0	44299	0	5	13	44406
TP1_synth_reverse		94	T	967	71	0	44	0	77	611712	612871	112	5	0	5	0	52	44206	44380
TP1_synth_reverse		95	C	0	612510	0	0	0	75	0	612585	0	44316	0	0	0	45	0	44361
TP1_synth_reverse		96	C	0	611786	0	0	0	13	0	611799	0	44297	0	0	0	5	0	44302
TP1_synth_reverse		97	C	0	610311	0	0	0	10	0	610321	0	44234	0	0	0	4	0	44238
TP1_synth_reverse		98	A	607760	0	0	0	0	0	0	607760	44079	0	0	0	0	0	0	44079
TP1_synth_reverse		99	G	0	0	0	606072	0	0	0	606072	0	0	0	43966	0	0	0	43966
