



























































































































































































































#AmpliconChromStart	Alias	Position	ProbableRef	rawA	rawC	rawD	rawG	rawI	rawN	rawT	rawDepth	consA	consC	consD	consG	consI	consN	consT	consDepth	
TP1_synth_reverse		1	G	0	0	0	608655	0	0	0	608655	0	0	0	9337	0	0	0	9337
TP1_synth_reverse		2	T	0	0	0	0	0	0	609747	609747	0	0	0	0	0	0	9342	9342
TP1_synth_reverse		3	G	0	0	0	612150	0	12	0	612162	0	0	0	9360	0	0	0	9360
TP1_synth_reverse		4	G	0	0	0	612859	0	21	0	612880	0	0	0	9368	0	0	0	9368
TP1_synth_reverse		5	T	0	0	0	0	0	76	613166	613242	0	0	0	0	0	0	9372	9372
TP1_synth_reverse		6	G	105	51	0	613127	0	66	287	613636	0	0	0	9373	0	0	3	9376
TP1_synth_reverse		7	A	613477	19	0	73	0	59	84	613712	9379	0	0	0	0	0	0	9379
TP1_synth_reverse		8	G	92	33	0	613528	0	251	78	613982	0	0	0	9383	0	0	0	9383
TP1_synth_reverse		9	G	82	68	0	613735	0	33	308	614226	0	1	0	9386	0	0	0	9387
TP1_synth_reverse		10	C	153	613655	2	16	1	11	402	614240	0	9386	0	0	0	0	1	9387
TP1_synth_reverse		11	T	170	94	38	17	802	21	613098	614240	0	0	2	0	13	0	9372	9387
TP1_synth_reverse		12	C	181	611334	2531	13	1	61	119	614240	0	9374	13	0	0	0	0	9387
TP1_synth_reverse		13	C	247	613659	5	25	0	189	115	614240	0	9387	0	0	0	0	0	9387
TP1_synth_reverse		14	C	184	613891	0	13	1	69	93	614251	0	9387	0	0	0	0	0	9387
TP1_synth_reverse		15	C	142	612903	322	13	741	16	114	614251	0	9377	1	0	7	0	2	9387
TP1_synth_reverse		16	T	305	318	2504	35	0	18	611071	614251	0	1	20	0	0	0	9366	9387
TP1_synth_reverse		17	T	337	84	1	15	0	5	613809	614251	0	0	0	0	0	0	9387	9387
TP1_synth_reverse		18	T	245	894	2	14	2	16	613100	614273	0	2	0	0	0	0	9386	9388
TP1_synth_reverse		19	C	258	628842	517	32	0	81	85	629815	0	9405	7	0	0	0	0	9412
TP1_synth_reverse		20	T	391	62	658	60	2	81	628561	629815	0	0	7	0	0	0	9405	9412
TP1_synth_reverse		21	T	1294	99	3	67	277	26	628049	629815	0	0	0	0	1	0	9411	9412
TP1_synth_reverse		22	G	91	463	668	628277	0	18	310	629827	0	0	6	9406	0	0	1	9413
TP1_synth_reverse		23	C	486	627505	1283	49	315	45	144	629827	0	9395	12	0	5	0	1	9413
TP1_synth_reverse		24	G	155	82	1634	627626	0	27	303	629827	0	0	14	9399	0	0	0	9413
TP1_synth_reverse		25	G	119	269	1056	627446	734	47	167	629838	0	0	8	9403	3	0	0	9414
TP1_synth_reverse		26	A	628321	13	1268	101	21	19	109	629852	9405	0	9	0	1	0	0	9415
TP1_synth_reverse		27	G	49	170	557	628558	6	83	429	629852	0	0	7	9408	0	0	0	9415
TP1_synth_reverse		28	A	629204	227	265	64	1	24	77	629862	9399	7	10	0	0	0	0	9416
TP1_synth_reverse		29	T	474	73	759	698	2	98	627758	629862	0	0	10	0	0	0	9406	9416
TP1_synth_reverse		30	T	2033	53	491	56	0	51	627178	629862	0	0	5	0	0	0	9411	9416
TP1_synth_reverse		31	C	520	627042	1452	37	7	62	176	629296	0	9393	17	0	0	0	4	9414
TP1_synth_reverse		32	T	732	74	1372	94	0	6	626461	628739	0	0	16	0	0	0	9392	9408
TP1_synth_reverse		33	C	583	626723	1322	27	0	26	55	628736	0	9392	16	0	0	0	0	9408
TP1_synth_reverse		34	T	2150	196	1903	1487	0	54	622339	628129	0	2	23	0	0	0	9381	9406
TP1_synth_reverse		35	T	2305	58	399	276	1	31	624398	627468	0	0	13	0	0	0	9388	9401
TP1_synth_reverse		36	C	449	581549	44939	72	5	67	86	627167	3	8869	529	0	0	0	0	9401
TP1_synth_reverse		37	C	362	623165	2519	880	2	27	114	627069	0	9366	33	2	0	0	0	9401
TP1_synth_reverse		38	T	1385	41	2689	68	134	18	622576	626911	0	0	36	0	2	0	9361	9399
TP1_synth_reverse		39	C	292	624848	993	136	4	23	609	626905	0	9376	20	0	0	0	3	9399
TP1_synth_reverse		40	T	1262	59	1464	103	456	120	623454	626918	0	0	23	0	3	0	9376	9402
TP1_synth_reverse		41	G	126	957	1486	621678	2	38	2626	626913	0	0	25	9375	0	0	2	9402
TP1_synth_reverse		42	T	2353	69	1735	427	2	37	622282	626905	0	0	18	2	0	0	9382	9402
TP1_synth_reverse		43	G	95	254	645	623184	0	82	2639	626899	0	0	15	9387	0	0	0	9402
TP1_synth_reverse		44	C	434	625541	1041	43	0	17	720	627796	0	9388	22	0	0	0	3	9413
TP1_synth_reverse		45	G	210	137	898	623327	0	12	3209	627793	2	0	17	9393	0	0	1	9413
TP1_synth_reverse		46	C	745	625308	1520	104	0	22	113	627812	0	9385	27	0	0	0	2	9414
TP1_synth_reverse		47	C	241	626292	977	31	62	15	193	627811	0	9393	20	0	1	0	0	9414
TP1_synth_reverse		48	G	133	902	1000	622759	31	13	2960	627798	0	0	23	9391	0	0	0	9414
TP1_synth_reverse		49	A	625217	48	1024	36	1	16	128	626470	9486	0	23	0	0	0	0	9509
TP1_synth_reverse		50	T	2796	62	1461	27	79	33	621866	626324	0	0	24	0	5	0	9479	9508
TP1_synth_reverse		51	A	624796	33	1078	48	177	74	152	626358	9487	0	18	0	3	0	1	9509
TP1_synth_reverse		52	C	454	624473	1002	59	64	79	223	626354	0	9489	15	0	1	0	4	9509
TP1_synth_reverse		53	A	624950	23	1082	160	2	42	91	626350	9487	0	22	0	0	0	0	9509
TP1_synth_reverse		54	G	406	347	990	623147	337	86	1052	626365	3	0	15	9486	4	0	2	9510
TP1_synth_reverse		55	A	622845	113	2801	72	0	58	84	625973	9482	0	28	0	0	0	0	9510
TP1_synth_reverse		56	A	625043	8	627	108	0	57	126	625969	9501	0	8	1	0	0	0	9510
TP1_synth_reverse		57	T	3546	41	1033	138	1	23	621159	625941	0	0	11	0	0	0	9499	9510
TP1_synth_reverse		58	A	624442	3	1045	116	179	51	102	625938	9499	0	10	0	1	0	0	9510
TP1_synth_reverse		59	T	1390	136	723	120	414	66	623157	626006	1	3	9	0	4	0	9496	9513
TP1_synth_reverse		60	C	1876	620862	2257	60	732	104	93	625984	0	9488	23	0	0	0	2	9513
TP1_synth_reverse		61	T	996	436	1280	814	302	108	622016	625952	0	1	15	0	0	0	9497	9513
TP1_synth_reverse		62	G	388	252	945	623236	567	88	731	626207	0	0	14	9499	1	0	1	9515
TP1_synth_reverse		63	T	4262	95	2302	54	1	24	619475	626213	0	3	26	0	0	0	9487	9516
TP1_synth_reverse		64	T	2038	56	1736	158	261	48	621866	626163	0	0	20	0	1	0	9493	9514
TP1_synth_reverse		65	C	643	623312	1997	21	38	44	123	626178	1	9486	27	0	1	0	0	9515
TP1_synth_reverse		66	G	869	333	2305	621921	0	45	715	626188	0	0	26	9490	0	0	0	9516
TP1_synth_reverse		67	C	767	623662	1965	27	25	71	242	626759	0	9496	25	0	1	0	1	9523
TP1_synth_reverse		68	A	623894	551	2035	156	0	70	49	626755	9492	0	31	0	0	0	0	9523
TP1_synth_reverse		69	C	89	625994	1798	39	0	42	112	628074	0	9510	26	0	0	0	1	9537
TP1_synth_reverse		70	T	1018	68	2577	561	0	100	625398	629722	0	0	28	0	0	0	9518	9546
TP1_synth_reverse		71	C	245	625621	3596	70	0	71	116	629719	0	9510	36	0	0	0	0	9546
TP1_synth_reverse		72	C	721	626831	1873	38	0	90	162	629715	0	9526	20	0	0	0	0	9546
TP1_synth_reverse		73	G	550	292	2463	626158	26	65	138	629692	0	0	28	9516	2	0	0	9546
TP1_synth_reverse		74	A	626887	207	2305	71	144	47	27	629688	9519	0	23	0	4	0	0	9546
TP1_synth_reverse		75	G	383	188	2085	626911	1	31	74	629673	1	0	19	9526	0	0	0	9546
TP1_synth_reverse		76	T	5046	59	1295	75	2	76	623095	629648	0	0	12	0	0	0	9534	9546
TP1_synth_reverse		77	G	184	288	1720	626602	58	65	713	629630	0	0	4	9539	2	0	1	9546
TP1_synth_reverse		78	C	212	625952	1626	411	550	148	716	629615	0	9528	13	0	4	0	1	9546
TP1_synth_reverse		79	G	370	878	976	626037	1	59	1258	629579	1	0	10	9533	0	0	2	9546
TP1_synth_reverse		80	G	137	329	68	627979	203	110	721	629547	3	3	0	9539	1	0	0	9546
TP1_synth_reverse		81	C	137	627528	853	47	651	173	143	629532	0	9536	5	0	5	0	0	9546
TP1_synth_reverse		82	A	612757	8	1613	192	0	78	176	614824	9418	0	7	1	0	0	0	9426
TP1_synth_reverse		83	A	614580	15	24	49	1	56	98	614823	9426	0	0	0	0	0	0	9426
TP1_synth_reverse		84	A	613999	23	0	110	516	52	81	614781	9425	0	0	0	1	0	0	9426
TP1_synth_reverse		85	G	103	159	262	613177	3	17	912	614633	0	0	1	9425	0	0	0	9426
TP1_synth_reverse		86	C	246	614136	0	30	4	36	140	614592	0	9426	0	0	0	0	0	9426
TP1_synth_reverse		87	T	1957	60	13	51	2	87	612347	614517	0	0	0	0	0	0	9426	9426
TP1_synth_reverse		88	G	215	325	2	613779	39	35	101	614496	0	0	0	9426	0	0	0	9426
TP1_synth_reverse		89	T	869	85	90	16	0	46	613353	614459	0	0	1	0	0	0	9425	9426
TP1_synth_reverse		90	T	955	84	0	57	0	101	612967	614164	2	0	0	0	0	0	9424	9426
TP1_synth_reverse		91	C	405	613104	0	33	1	28	95	613666	0	9425	0	0	0	0	0	9425
TP1_synth_reverse		92	C	472	612680	0	33	0	61	370	613616	0	9425	0	0	0	0	0	9425
TP1_synth_reverse		93	G	715	177	0	612082	0	15	68	613057	1	0	0	9423	0	0	0	9424
TP1_synth_reverse		94	T	967	71	0	44	0	77	611721	612880	0	0	0	0	0	0	9422	9422
TP1_synth_reverse		95	C	0	612519	0	0	0	75	0	612594	0	9422	0	0	0	0	0	9422
TP1_synth_reverse		96	C	0	611795	0	0	0	13	0	611808	0	9421	0	0	0	0	0	9421
TP1_synth_reverse		97	C	0	610320	0	0	0	10	0	610330	0	9417	0	0	0	0	0	9417
TP1_synth_reverse		98	A	607768	0	0	0	0	0	0	607768	9407	0	0	0	0	0	0	9407
TP1_synth_reverse		99	G	0	0	0	606080	0	0	0	606080	0	0	0	9405	0	0	0	9405
