



























































































































































































































#AmpliconChromStart	Alias	Position	ProbableRef	rawA	rawC	rawD	rawG	rawI	rawN	rawT	rawDepth	consA	consC	consD	consG	consI	consN	consT	consDepth	
TP1_synth_reverse		1	G	0	0	0	608655	0	0	0	608655	0	0	0	5997	0	0	0	5997
TP1_synth_reverse		2	T	0	0	0	0	0	0	609747	609747	0	0	0	0	0	0	6001	6001
TP1_synth_reverse		3	G	0	0	0	612150	0	12	0	612162	0	0	0	6014	0	0	0	6014
TP1_synth_reverse		4	G	0	0	0	612859	0	21	0	612880	0	0	0	6018	0	0	0	6018
TP1_synth_reverse		5	T	0	0	0	0	0	76	613166	613242	0	0	0	0	0	0	6021	6021
TP1_synth_reverse		6	G	105	51	0	613127	0	66	287	613636	0	0	0	6023	0	0	1	6024
TP1_synth_reverse		7	A	613477	19	0	73	0	59	84	613712	6027	0	0	0	0	0	0	6027
TP1_synth_reverse		8	G	92	33	0	613528	0	251	78	613982	0	0	0	6029	0	0	0	6029
TP1_synth_reverse		9	G	82	68	0	613735	0	33	308	614226	0	0	0	6032	0	0	0	6032
TP1_synth_reverse		10	C	153	613655	2	16	1	11	402	614240	0	6031	0	0	0	0	1	6032
TP1_synth_reverse		11	T	170	94	38	17	802	21	613098	614240	0	0	1	0	9	0	6022	6032
TP1_synth_reverse		12	C	181	611334	2531	13	1	61	119	614240	0	6021	11	0	0	0	0	6032
TP1_synth_reverse		13	C	247	613659	5	25	0	189	115	614240	0	6032	0	0	0	0	0	6032
TP1_synth_reverse		14	C	184	613891	0	13	1	69	93	614251	0	6032	0	0	0	0	0	6032
TP1_synth_reverse		15	C	142	612903	322	13	741	16	114	614251	0	6024	1	0	6	0	1	6032
TP1_synth_reverse		16	T	305	318	2504	35	0	18	611071	614251	0	1	16	0	0	0	6015	6032
TP1_synth_reverse		17	T	337	84	1	15	0	5	613809	614251	0	0	0	0	0	0	6032	6032
TP1_synth_reverse		18	T	245	894	2	14	2	16	613100	614273	0	1	0	0	0	0	6032	6033
TP1_synth_reverse		19	C	258	628842	517	32	0	81	85	629815	0	6045	5	0	0	0	0	6050
TP1_synth_reverse		20	T	391	62	658	60	2	81	628561	629815	0	0	6	0	0	0	6044	6050
TP1_synth_reverse		21	T	1294	99	3	67	277	26	628049	629815	0	0	0	0	1	0	6049	6050
TP1_synth_reverse		22	G	91	463	668	628277	0	18	310	629827	0	0	4	6045	0	0	1	6050
TP1_synth_reverse		23	C	486	627505	1283	49	315	45	144	629827	0	6035	11	0	4	0	0	6050
TP1_synth_reverse		24	G	155	82	1634	627626	0	27	303	629827	0	0	11	6039	0	0	0	6050
TP1_synth_reverse		25	G	119	269	1056	627446	734	47	167	629838	0	0	6	6042	3	0	0	6051
TP1_synth_reverse		26	A	628321	13	1268	101	21	19	109	629852	6046	0	6	0	0	0	0	6052
TP1_synth_reverse		27	G	49	170	557	628558	6	83	429	629852	0	0	5	6047	0	0	0	6052
TP1_synth_reverse		28	A	629194	227	265	64	1	24	77	629852	6045	2	5	0	0	0	0	6052
TP1_synth_reverse		29	T	474	73	759	698	2	98	627748	629852	0	0	7	0	0	0	6045	6052
TP1_synth_reverse		30	T	2033	53	491	56	0	51	627168	629852	0	0	3	0	0	0	6049	6052
TP1_synth_reverse		31	C	520	627032	1452	37	7	62	176	629286	0	6037	12	0	0	0	1	6050
TP1_synth_reverse		32	T	732	74	1372	94	0	6	626451	628729	0	0	10	0	0	0	6037	6047
TP1_synth_reverse		33	C	582	626714	1322	27	0	26	55	628726	0	6036	11	0	0	0	0	6047
TP1_synth_reverse		34	T	2149	196	1903	1487	0	54	622330	628119	0	2	15	0	0	0	6030	6047
TP1_synth_reverse		35	T	2305	58	399	276	1	31	624388	627458	0	0	7	0	0	0	6038	6045
TP1_synth_reverse		36	C	448	581540	44939	72	5	67	86	627157	2	5689	353	1	0	0	0	6045
TP1_synth_reverse		37	C	362	623155	2519	880	2	27	114	627059	0	6024	19	2	0	0	0	6045
TP1_synth_reverse		38	T	1384	41	2689	68	134	18	622567	626901	0	0	26	0	1	0	6017	6044
TP1_synth_reverse		39	C	292	624838	993	136	4	23	609	626895	0	6030	12	0	0	0	2	6044
TP1_synth_reverse		40	T	1261	59	1464	103	456	120	623445	626908	0	0	15	0	3	0	6027	6045
TP1_synth_reverse		41	G	126	957	1486	621674	2	38	2620	626903	0	0	16	6027	0	0	2	6045
TP1_synth_reverse		42	T	2353	69	1735	427	2	37	622272	626895	0	0	12	2	0	0	6031	6045
TP1_synth_reverse		43	G	95	254	645	623174	0	82	2639	626889	0	0	9	6036	0	0	0	6045
TP1_synth_reverse		44	C	434	625531	1041	43	0	17	720	627786	0	6038	13	0	0	0	3	6054
TP1_synth_reverse		45	G	210	137	898	623318	0	12	3208	627783	1	0	10	6042	0	0	1	6054
TP1_synth_reverse		46	C	745	625298	1520	104	0	22	113	627802	0	6038	15	0	0	0	1	6054
TP1_synth_reverse		47	C	241	626282	977	31	62	15	193	627801	0	6041	12	0	1	0	0	6054
TP1_synth_reverse		48	G	133	902	1000	622755	31	13	2954	627788	0	0	13	6041	0	0	0	6054
TP1_synth_reverse		49	A	625207	48	1024	36	1	16	128	626460	6098	0	14	0	0	0	0	6112
TP1_synth_reverse		50	T	2794	62	1461	27	79	33	621858	626314	0	0	16	0	2	0	6094	6112
TP1_synth_reverse		51	A	624786	33	1078	48	177	74	152	626348	6097	0	12	0	2	0	1	6112
TP1_synth_reverse		52	C	450	624467	1002	59	64	79	223	626344	0	6097	11	0	1	0	3	6112
TP1_synth_reverse		53	A	624940	23	1082	160	2	42	91	626340	6101	0	11	0	0	0	0	6112
TP1_synth_reverse		54	G	403	347	990	623140	337	86	1052	626355	1	0	10	6098	3	0	1	6113
TP1_synth_reverse		55	A	622835	113	2801	72	0	58	84	625963	6095	0	19	0	0	0	0	6114
TP1_synth_reverse		56	A	625033	8	627	108	0	57	126	625959	6109	0	4	1	0	0	0	6114
TP1_synth_reverse		57	T	3545	41	1033	138	1	23	621150	625931	0	0	6	0	0	0	6108	6114
TP1_synth_reverse		58	A	624442	3	1045	116	179	51	102	625938	6107	0	6	0	1	0	0	6114
TP1_synth_reverse		59	T	1389	136	723	120	414	66	623158	626006	0	2	5	0	3	0	6106	6116
TP1_synth_reverse		60	C	1872	620866	2257	60	732	104	93	625984	0	6099	17	0	0	0	0	6116
TP1_synth_reverse		61	T	996	436	1280	814	302	108	622016	625952	0	1	9	0	0	0	6106	6116
TP1_synth_reverse		62	G	386	252	945	623238	567	88	731	626207	0	0	8	6108	1	0	0	6117
TP1_synth_reverse		63	T	4262	95	2302	54	1	24	619475	626213	0	1	15	0	0	0	6102	6118
TP1_synth_reverse		64	T	2038	56	1736	158	261	48	621866	626163	0	0	11	0	1	0	6105	6117
TP1_synth_reverse		65	C	643	623312	1997	21	38	44	123	626178	1	6101	15	0	0	0	0	6117
TP1_synth_reverse		66	G	867	333	2305	621923	0	45	715	626188	0	0	13	6105	0	0	0	6118
TP1_synth_reverse		67	C	767	623662	1965	27	25	71	242	626759	0	6106	13	0	1	0	1	6121
TP1_synth_reverse		68	A	623894	552	2034	156	0	70	49	626755	6102	0	19	0	0	0	0	6121
TP1_synth_reverse		69	C	89	625994	1798	39	0	42	112	628074	0	6116	15	0	0	0	0	6131
TP1_synth_reverse		70	T	1018	68	2577	561	0	100	625398	629722	0	0	16	0	0	0	6123	6139
TP1_synth_reverse		71	C	245	625621	3596	70	0	71	116	629719	0	6117	22	0	0	0	0	6139
TP1_synth_reverse		72	C	721	626831	1873	38	0	90	162	629715	0	6126	13	0	0	0	0	6139
TP1_synth_reverse		73	G	550	292	2463	626158	26	65	138	629692	0	0	16	6123	0	0	0	6139
TP1_synth_reverse		74	A	626887	207	2305	71	144	47	27	629688	6122	0	15	0	2	0	0	6139
TP1_synth_reverse		75	G	383	188	2085	626911	1	31	74	629673	1	0	11	6127	0	0	0	6139
TP1_synth_reverse		76	T	5046	59	1295	75	2	76	623095	629648	0	0	5	0	0	0	6134	6139
TP1_synth_reverse		77	G	184	288	1720	626602	58	65	713	629630	0	0	3	6135	0	0	1	6139
TP1_synth_reverse		78	C	212	625952	1626	411	550	148	716	629615	0	6126	11	0	2	0	0	6139
TP1_synth_reverse		79	G	370	878	976	626037	1	59	1258	629579	0	0	7	6131	0	0	1	6139
TP1_synth_reverse		80	G	137	329	68	627978	203	110	722	629547	1	1	0	6136	1	0	0	6139
TP1_synth_reverse		81	C	137	627528	853	47	651	173	143	629532	0	6133	2	0	4	0	0	6139
TP1_synth_reverse		82	A	612756	8	1613	192	0	78	177	614824	6059	0	4	1	0	0	0	6064
TP1_synth_reverse		83	A	614580	15	24	49	1	56	98	614823	6064	0	0	0	0	0	0	6064
TP1_synth_reverse		84	A	613999	23	0	110	516	52	81	614781	6063	0	0	0	1	0	0	6064
TP1_synth_reverse		85	G	103	159	262	613176	3	17	913	614633	0	0	1	6063	0	0	0	6064
TP1_synth_reverse		86	C	246	614136	0	30	4	36	140	614592	0	6064	0	0	0	0	0	6064
TP1_synth_reverse		87	T	1957	60	13	51	2	87	612347	614517	0	0	0	0	0	0	6064	6064
TP1_synth_reverse		88	G	214	325	2	613780	39	35	101	614496	0	0	0	6064	0	0	0	6064
TP1_synth_reverse		89	T	869	85	90	16	0	46	613353	614459	0	0	1	0	0	0	6063	6064
TP1_synth_reverse		90	T	954	84	0	57	0	101	612968	614164	0	0	0	0	0	0	6064	6064
TP1_synth_reverse		91	C	405	613104	0	33	1	28	95	613666	0	6064	0	0	0	0	0	6064
TP1_synth_reverse		92	C	472	612680	0	33	0	61	370	613616	0	6064	0	0	0	0	0	6064
TP1_synth_reverse		93	G	715	177	0	612082	0	15	68	613057	0	0	0	6064	0	0	0	6064
TP1_synth_reverse		94	T	967	71	0	44	0	77	611721	612880	0	0	0	0	0	0	6064	6064
TP1_synth_reverse		95	C	0	612519	0	0	0	75	0	612594	0	6064	0	0	0	0	0	6064
TP1_synth_reverse		96	C	0	611795	0	0	0	13	0	611808	0	6064	0	0	0	0	0	6064
TP1_synth_reverse		97	C	0	610320	0	0	0	10	0	610330	0	6063	0	0	0	0	0	6063
TP1_synth_reverse		98	A	607769	0	0	0	0	0	0	607769	6063	0	0	0	0	0	0	6063
TP1_synth_reverse		99	G	0	0	0	606081	0	0	0	606081	0	0	0	6063	0	0	0	6063
