



























































































































































































































#AmpliconChromStart	Alias	Position	ProbableRef	rawA	rawC	rawD	rawG	rawI	rawN	rawT	rawDepth	consA	consC	consD	consG	consI	consN	consT	consDepth	
TP1_synth_reverse		1	G	0	0	0	460661	0	0	0	460661	0	0	0	43790	0	0	0	43790
TP1_synth_reverse		2	T	0	0	0	0	0	0	461870	461870	0	0	0	0	0	0	44080	44080
TP1_synth_reverse		3	G	0	0	0	463709	0	6	0	463715	0	0	0	44457	0	0	0	44457
TP1_synth_reverse		4	G	0	0	0	464386	0	13	0	464399	0	0	0	44676	0	0	0	44676
TP1_synth_reverse		5	T	0	0	0	0	0	43	464734	464777	0	0	0	0	0	5	44896	44901
TP1_synth_reverse		6	G	80	41	0	464992	0	62	86	465261	7	7	0	45129	0	32	13	45188
TP1_synth_reverse		7	A	465126	13	0	56	0	37	80	465312	45187	2	0	6	0	21	6	45222
TP1_synth_reverse		8	G	60	38	0	465105	0	189	171	465563	4	5	0	45173	0	60	21	45263
TP1_synth_reverse		9	G	75	62	0	465023	99	23	302	465584	6	21	0	45226	4	6	16	45279
TP1_synth_reverse		10	C	134	465345	5	16	1	5	92	465598	31	45248	3	0	0	1	8	45291
TP1_synth_reverse		11	T	163	62	15	9	73	21	465255	465598	48	4	4	0	29	4	45202	45291
TP1_synth_reverse		12	C	121	464386	749	13	0	36	293	465598	22	45204	45	0	0	12	8	45291
TP1_synth_reverse		13	C	229	465132	4	16	0	145	72	465598	37	45214	0	1	0	38	1	45291
TP1_synth_reverse		14	C	177	465189	0	16	0	45	171	465598	22	45239	0	3	0	13	14	45291
TP1_synth_reverse		15	C	134	465345	0	10	27	6	76	465598	22	45259	0	0	7	3	0	45291
TP1_synth_reverse		16	T	309	48	1549	10	0	11	463671	465598	101	3	124	1	0	6	45056	45291
TP1_synth_reverse		17	T	312	71	101	13	0	7	465113	465617	89	4	9	0	0	3	45203	45308
TP1_synth_reverse		18	T	249	56	2	11	108	19	465209	465654	58	2	2	2	10	2	45253	45329
TP1_synth_reverse		19	C	254	487011	457	19	90	61	78	487970	89	45573	52	0	4	16	6	45740
TP1_synth_reverse		20	T	305	35	292	43	0	72	487223	487970	90	0	22	1	0	9	45618	45740
TP1_synth_reverse		21	T	1298	265	2	48	242	34	486093	487982	541	9	2	7	14	1	45175	45749
TP1_synth_reverse		22	G	80	463	99	487018	29	14	292	487995	5	285	22	45366	7	6	62	45753
TP1_synth_reverse		23	C	357	486578	374	36	116	25	509	487995	120	45527	43	2	20	10	31	45753
TP1_synth_reverse		24	G	166	107	884	486527	0	25	286	487995	16	29	71	45584	0	9	44	45753
TP1_synth_reverse		25	G	170	285	5	487243	108	52	146	488009	27	162	1	45495	21	12	37	45755
TP1_synth_reverse		26	A	487654	5	5	62	211	6	92	488035	45728	0	1	2	25	2	3	45761
TP1_synth_reverse		27	G	125	153	277	486653	176	64	587	488035	4	51	43	45417	34	42	170	45761
TP1_synth_reverse		28	A	487189	62	508	54	178	16	57	488064	45689	4	41	1	16	11	2	45764
TP1_synth_reverse		29	T	378	54	748	484	1	85	486314	488064	113	4	62	60	0	34	45491	45764
TP1_synth_reverse		30	T	1955	74	79	39	0	41	485889	488077	822	5	15	8	0	16	44901	45767
TP1_synth_reverse		31	C	506	487017	411	26	0	39	64	488063	194	45508	46	2	0	13	1	45764
TP1_synth_reverse		32	T	684	44	359	78	0	5	486874	488044	157	1	23	10	0	3	45561	45755
TP1_synth_reverse		33	C	527	487184	234	17	0	16	58	488036	240	45467	27	3	0	9	4	45750
TP1_synth_reverse		34	T	1759	58	781	1271	1	51	484110	488031	318	3	78	160	1	14	45176	45750
TP1_synth_reverse		35	T	2367	53	185	205	0	29	485182	488021	920	6	21	36	0	9	44755	45747
TP1_synth_reverse		36	C	290	486831	610	52	1	62	171	488017	67	45516	111	7	1	24	19	45745
TP1_synth_reverse		37	C	323	486749	200	331	1	26	321	487951	87	45509	26	38	0	6	24	45690
TP1_synth_reverse		38	T	1260	43	24	64	0	11	486532	487934	475	4	7	4	0	5	45186	45681
TP1_synth_reverse		39	C	219	487454	67	84	7	12	88	487931	48	45586	24	8	3	7	3	45679
TP1_synth_reverse		40	T	1046	43	211	84	1	109	486435	487929	265	3	24	15	1	50	45319	45677
TP1_synth_reverse		41	G	101	932	351	483925	0	25	2590	487924	5	505	30	44550	0	14	570	45674
TP1_synth_reverse		42	T	2176	57	30	114	0	43	485505	487925	911	6	6	29	0	8	44714	45674
TP1_synth_reverse		43	G	67	209	273	484674	3	63	2661	487950	5	80	28	45001	2	14	569	45699
TP1_synth_reverse		44	C	389	486544	51	34	1	15	926	487960	128	45482	11	3	0	3	84	45711
TP1_synth_reverse		45	G	215	148	522	484567	84	14	2403	487953	18	45	31	45065	16	2	530	45707
TP1_synth_reverse		46	C	734	486059	695	95	0	17	352	487952	338	45270	37	33	0	8	20	45706
TP1_synth_reverse		47	C	205	486809	356	121	204	13	239	487947	49	45586	18	7	15	9	21	45705
TP1_synth_reverse		48	G	400	954	215	483206	339	10	2805	487929	34	513	13	44559	36	1	537	45693
TP1_synth_reverse		49	A	487358	25	11	29	0	9	115	487547	47900	4	10	1	0	6	14	47935
TP1_synth_reverse		50	T	2128	42	27	30	23	43	485263	487556	414	5	7	3	9	13	47494	47945
TP1_synth_reverse		51	A	487136	34	35	40	228	50	93	487616	47909	11	11	6	13	36	5	47991
TP1_synth_reverse		52	C	413	486448	1	45	57	47	604	487615	122	47796	1	3	17	37	14	47990
TP1_synth_reverse		53	A	487277	12	15	112	81	33	95	487625	47938	3	11	8	10	26	4	48000
TP1_synth_reverse		54	G	270	288	114	485755	22	72	1095	487616	56	70	8	47687	6	32	136	47995
TP1_synth_reverse		55	A	487349	124	158	47	1	50	62	487791	47932	36	25	3	0	9	3	48008
TP1_synth_reverse		56	A	487613	7	1	50	0	40	79	487790	47979	3	1	3	0	11	11	48008
TP1_synth_reverse		57	T	2369	25	12	124	36	11	485196	487773	391	4	4	18	14	1	47571	48003
TP1_synth_reverse		58	A	487603	3	2	77	1	45	81	487812	47981	1	2	13	1	4	8	48010
TP1_synth_reverse		59	T	1146	41	282	121	82	46	486085	487803	232	1	25	24	2	27	47693	48004
TP1_synth_reverse		60	C	1678	485819	8	56	1	69	165	487796	464	47494	3	7	1	15	17	48001
TP1_synth_reverse		61	T	734	43	104	577	0	77	486299	487834	129	2	8	69	0	12	47784	48004
TP1_synth_reverse		62	G	424	165	479	486050	50	62	591	487821	103	55	21	47525	11	27	252	47994
TP1_synth_reverse		63	T	3883	45	315	36	0	20	483559	487858	1211	2	42	10	0	6	46722	47993
TP1_synth_reverse		64	T	1559	38	4	128	0	34	486086	487849	294	2	4	12	0	25	47650	47987
TP1_synth_reverse		65	C	452	486757	403	24	0	41	169	487846	71	47846	41	2	0	14	12	47986
TP1_synth_reverse		66	G	791	221	230	485947	0	34	617	487840	166	51	26	47484	0	12	242	47981
TP1_synth_reverse		67	C	673	486628	444	17	0	68	85	487915	298	47596	38	1	0	44	9	47986
TP1_synth_reverse		68	A	487278	324	87	121	0	62	54	487926	47869	49	19	9	0	34	4	47984
TP1_synth_reverse		69	C	68	487217	29	25	17	33	534	487923	15	47907	14	4	6	9	27	47982
TP1_synth_reverse		70	T	673	67	162	504	403	85	486023	487917	143	5	15	66	15	38	47697	47979
TP1_synth_reverse		71	C	220	487245	275	31	1	52	91	487915	35	47865	34	4	0	21	19	47978
TP1_synth_reverse		72	C	582	486754	23	39	81	78	357	487914	261	47623	13	3	1	48	29	47978
TP1_synth_reverse		73	G	495	216	58	486684	307	50	89	487899	90	54	26	47762	21	7	11	47971
TP1_synth_reverse		74	A	487185	135	455	53	0	54	15	487897	47898	19	39	3	0	10	0	47969
TP1_synth_reverse		75	G	319	118	292	486728	1	26	396	487880	67	33	14	47814	0	12	21	47961
TP1_synth_reverse		76	T	4427	45	4	51	217	84	483037	487865	1322	2	4	9	31	12	46573	47953
TP1_synth_reverse		77	G	159	226	15	486677	3	43	721	487844	32	67	3	47671	1	9	157	47940
TP1_synth_reverse		78	C	187	486595	85	28	143	125	678	487841	47	47756	13	0	9	66	48	47939
TP1_synth_reverse		79	G	150	844	109	485652	0	55	963	487773	13	451	11	47208	0	25	214	47922
TP1_synth_reverse		80	G	291	140	10	486194	249	101	752	487737	14	47	1	47668	10	27	150	47917
TP1_synth_reverse		81	C	162	486083	374	86	770	129	109	487713	44	47746	36	6	23	39	8	47902
TP1_synth_reverse		82	A	464422	12	518	67	0	55	156	465230	45103	0	37	7	0	29	11	45187
TP1_synth_reverse		83	A	465015	24	8	44	0	39	98	465228	45168	2	0	2	0	6	9	45187
TP1_synth_reverse		84	A	464997	13	0	73	0	44	73	465200	45165	1	0	9	0	5	3	45183
TP1_synth_reverse		85	G	81	110	1	464107	18	13	743	465073	21	28	0	44928	10	2	151	45140
TP1_synth_reverse		86	C	185	464697	11	34	0	28	73	465028	44	45060	5	6	0	3	10	45128
TP1_synth_reverse		87	T	1366	48	90	36	2	99	463338	464979	220	1	10	4	1	58	44822	45116
TP1_synth_reverse		88	G	155	204	157	464163	164	26	88	464957	27	21	6	45017	7	15	14	45107
TP1_synth_reverse		89	T	635	61	257	19	0	54	463894	464920	76	6	20	1	0	31	44965	45099
TP1_synth_reverse		90	T	703	53	0	21	1	88	463878	464744	112	4	0	3	0	36	44910	45065
TP1_synth_reverse		91	C	223	464249	0	22	0	15	70	464579	32	45011	0	2	0	7	1	45053
TP1_synth_reverse		92	C	274	463352	0	47	0	64	269	464006	15	44959	0	4	0	30	14	45022
TP1_synth_reverse		93	G	322	118	0	463038	0	17	52	463547	31	27	0	44896	0	12	10	44976
TP1_synth_reverse		94	T	656	47	0	26	0	61	462575	463365	104	0	0	3	0	39	44807	44953
TP1_synth_reverse		95	C	0	463016	0	0	0	48	0	463064	0	44891	0	0	0	29	0	44920
TP1_synth_reverse		96	C	0	462666	0	0	0	6	0	462672	0	44881	0	0	0	6	0	44887
TP1_synth_reverse		97	C	0	461641	0	0	0	2	0	461643	0	44821	0	0	0	0	0	44821
TP1_synth_reverse		98	A	459272	0	0	0	0	0	0	459272	44656	0	0	0	0	0	0	44656
TP1_synth_reverse		99	G	0	0	0	458745	0	0	0	458745	0	0	0	44565	0	0	0	44565
