



























































































































































































































#AmpliconChromStart	Alias	Position	ProbableRef	rawA	rawC	rawD	rawG	rawI	rawN	rawT	rawDepth	consA	consC	consD	consG	consI	consN	consT	consDepth	
TP1_synth_reverse		1	G	0	0	0	460661	0	0	0	460661	0	0	0	6573	0	0	0	6573
TP1_synth_reverse		2	T	0	0	0	0	0	0	461870	461870	0	0	0	0	0	0	6579	6579
TP1_synth_reverse		3	G	0	0	0	463709	0	6	0	463715	0	0	0	6599	0	0	0	6599
TP1_synth_reverse		4	G	0	0	0	464386	0	13	0	464399	0	0	0	6606	0	0	0	6606
TP1_synth_reverse		5	T	0	0	0	0	0	43	464734	464777	0	0	0	0	0	0	6611	6611
TP1_synth_reverse		6	G	80	41	0	464992	0	62	86	465261	0	0	0	6614	0	0	0	6614
TP1_synth_reverse		7	A	465126	13	0	56	0	37	80	465312	6616	0	0	0	0	0	0	6616
TP1_synth_reverse		8	G	60	38	0	465105	0	189	171	465563	0	0	0	6619	0	0	2	6621
TP1_synth_reverse		9	G	75	62	0	465023	99	23	302	465584	0	0	0	6619	1	0	1	6621
TP1_synth_reverse		10	C	134	465345	5	16	1	5	92	465598	0	6621	0	0	0	0	0	6621
TP1_synth_reverse		11	T	163	62	15	9	73	21	465255	465598	0	0	0	0	2	0	6619	6621
TP1_synth_reverse		12	C	121	464386	749	13	0	36	293	465598	0	6615	5	0	0	0	1	6621
TP1_synth_reverse		13	C	229	465132	4	16	0	145	72	465598	0	6621	0	0	0	0	0	6621
TP1_synth_reverse		14	C	177	465189	0	16	0	45	171	465598	0	6620	0	0	0	0	1	6621
TP1_synth_reverse		15	C	134	465345	0	10	27	6	76	465598	0	6620	0	0	1	0	0	6621
TP1_synth_reverse		16	T	309	48	1549	10	0	11	463671	465598	0	0	22	0	0	0	6599	6621
TP1_synth_reverse		17	T	312	71	101	13	0	7	465113	465617	0	0	1	0	0	0	6620	6621
TP1_synth_reverse		18	T	249	56	2	11	108	19	465209	465654	0	0	0	0	2	0	6620	6622
TP1_synth_reverse		19	C	254	487011	457	19	90	61	78	487970	0	6642	6	0	1	0	0	6649
TP1_synth_reverse		20	T	305	35	292	43	0	72	487223	487970	0	0	4	0	0	0	6645	6649
TP1_synth_reverse		21	T	1298	265	2	48	242	34	486093	487982	0	1	0	0	2	0	6646	6649
TP1_synth_reverse		22	G	80	463	99	487018	29	14	292	487995	0	0	1	6648	0	0	1	6650
TP1_synth_reverse		23	C	357	486578	374	36	116	25	509	487995	0	6641	3	0	1	0	5	6650
TP1_synth_reverse		24	G	166	107	884	486527	0	25	286	487995	0	1	11	6637	0	0	1	6650
TP1_synth_reverse		25	G	170	285	5	487243	108	52	146	488009	1	0	0	6648	2	0	0	6651
TP1_synth_reverse		26	A	487654	5	5	62	211	6	92	488035	6648	0	0	0	4	0	0	6652
TP1_synth_reverse		27	G	125	153	277	486653	176	64	587	488035	1	0	6	6642	2	0	1	6652
TP1_synth_reverse		28	A	487189	62	508	54	178	16	57	488064	6646	0	5	0	2	0	0	6653
TP1_synth_reverse		29	T	378	54	748	484	1	85	486314	488064	0	0	10	0	0	0	6643	6653
TP1_synth_reverse		30	T	1955	74	79	39	0	41	485889	488077	0	0	2	0	0	0	6652	6654
TP1_synth_reverse		31	C	506	487017	411	26	0	39	64	488063	0	6649	5	0	0	0	0	6654
TP1_synth_reverse		32	T	684	44	359	78	0	5	486874	488044	0	0	3	0	0	0	6651	6654
TP1_synth_reverse		33	C	527	487184	234	17	0	16	58	488036	0	6649	5	0	0	0	0	6654
TP1_synth_reverse		34	T	1759	58	781	1271	1	51	484110	488031	1	0	11	0	0	0	6642	6654
TP1_synth_reverse		35	T	2367	53	185	205	0	29	485182	488021	0	0	4	0	0	0	6650	6654
TP1_synth_reverse		36	C	290	486831	610	52	1	62	171	488017	1	6645	7	0	0	0	1	6654
TP1_synth_reverse		37	C	323	486749	200	331	1	26	321	487951	0	6643	4	2	0	0	5	6654
TP1_synth_reverse		38	T	1260	43	24	64	0	11	486532	487934	0	0	0	0	0	0	6654	6654
TP1_synth_reverse		39	C	219	487454	67	84	7	12	88	487931	0	6654	0	0	0	0	0	6654
TP1_synth_reverse		40	T	1046	43	211	84	1	109	486435	487929	0	0	1	0	0	0	6653	6654
TP1_synth_reverse		41	G	101	932	351	483925	0	25	2590	487924	0	0	2	6652	0	0	0	6654
TP1_synth_reverse		42	T	2176	57	30	114	0	43	485505	487925	0	1	0	0	0	0	6653	6654
TP1_synth_reverse		43	G	67	209	273	484674	3	63	2661	487950	0	0	3	6650	0	0	1	6654
TP1_synth_reverse		44	C	389	486544	51	34	1	15	926	487960	0	6646	2	0	0	0	6	6654
TP1_synth_reverse		45	G	215	148	522	484567	84	14	2403	487953	1	0	5	6647	1	0	0	6654
TP1_synth_reverse		46	C	734	486074	695	95	0	17	352	487967	0	6648	3	0	0	0	3	6654
TP1_synth_reverse		47	C	205	486824	356	121	204	13	239	487962	0	6648	2	1	2	0	1	6654
TP1_synth_reverse		48	G	400	954	215	483221	339	10	2805	487944	5	0	1	6644	3	0	1	6654
TP1_synth_reverse		49	A	487373	25	11	29	0	9	115	487562	6792	0	0	0	0	0	0	6792
TP1_synth_reverse		50	T	2128	42	27	30	23	43	485278	487571	0	0	1	0	0	0	6791	6792
TP1_synth_reverse		51	A	487151	34	35	40	228	50	93	487631	6791	0	0	0	2	0	0	6793
TP1_synth_reverse		52	C	414	486462	1	45	57	47	604	487630	0	6790	0	0	2	0	1	6793
TP1_synth_reverse		53	A	487292	12	15	112	81	33	95	487640	6791	0	0	0	2	0	0	6793
TP1_synth_reverse		54	G	273	288	114	485767	22	72	1095	487631	0	1	1	6789	0	0	2	6793
TP1_synth_reverse		55	A	487364	124	158	47	1	50	62	487806	6794	0	0	0	0	0	0	6794
TP1_synth_reverse		56	A	487628	7	1	50	0	40	79	487805	6794	0	0	0	0	0	0	6794
TP1_synth_reverse		57	T	2371	25	12	124	36	11	485209	487788	0	0	0	0	0	0	6794	6794
TP1_synth_reverse		58	A	487618	3	2	77	1	45	81	487827	6795	0	0	0	0	0	0	6795
TP1_synth_reverse		59	T	1148	41	282	121	82	46	486098	487818	0	0	2	0	0	0	6793	6795
TP1_synth_reverse		60	C	1682	485819	8	56	1	69	165	487800	0	6794	0	0	0	0	1	6795
TP1_synth_reverse		61	T	735	43	104	577	0	77	486302	487838	0	0	1	0	0	0	6795	6796
TP1_synth_reverse		62	G	426	165	479	486052	50	62	591	487825	0	0	1	6794	1	0	0	6796
TP1_synth_reverse		63	T	3885	45	315	36	0	20	483561	487862	0	0	2	0	0	0	6795	6797
TP1_synth_reverse		64	T	1560	38	4	128	0	34	486089	487853	0	0	0	0	0	0	6797	6797
TP1_synth_reverse		65	C	452	486761	403	24	0	41	169	487850	0	6794	2	0	0	0	1	6797
TP1_synth_reverse		66	G	791	221	230	485950	0	34	618	487844	0	0	1	6796	0	0	0	6797
TP1_synth_reverse		67	C	674	486631	444	17	0	68	85	487919	0	6794	3	0	0	0	1	6798
TP1_synth_reverse		68	A	487282	324	87	121	0	62	54	487930	6798	0	1	0	0	0	0	6799
TP1_synth_reverse		69	C	68	487221	29	25	17	33	534	487927	0	6796	0	0	0	0	3	6799
TP1_synth_reverse		70	T	674	67	162	504	403	85	486026	487921	0	0	1	0	1	0	6797	6799
TP1_synth_reverse		71	C	220	487249	275	31	1	52	91	487919	0	6797	2	0	0	0	0	6799
TP1_synth_reverse		72	C	582	486758	23	39	81	78	357	487918	0	6797	0	0	1	0	1	6799
TP1_synth_reverse		73	G	497	216	58	486686	307	50	89	487903	0	0	0	6798	1	0	0	6799
TP1_synth_reverse		74	A	487189	135	455	53	0	54	15	487901	6795	0	4	0	0	0	0	6799
TP1_synth_reverse		75	G	321	118	292	486730	1	26	396	487884	0	0	1	6797	0	0	1	6799
TP1_synth_reverse		76	T	4430	45	4	51	217	84	483038	487869	0	0	0	0	1	0	6798	6799
TP1_synth_reverse		77	G	161	226	15	486678	3	43	721	487847	0	0	0	6797	0	0	2	6799
TP1_synth_reverse		78	C	187	486598	85	28	143	125	678	487844	1	6795	1	0	1	0	1	6799
TP1_synth_reverse		79	G	150	845	109	485651	0	55	966	487776	0	0	1	6798	0	0	0	6799
TP1_synth_reverse		80	G	291	140	10	486197	249	101	752	487740	0	0	0	6798	1	0	0	6799
TP1_synth_reverse		81	C	162	486086	374	86	770	129	109	487716	0	6790	3	2	4	0	0	6799
TP1_synth_reverse		82	A	464425	12	518	67	0	55	156	465233	6631	0	3	0	0	0	0	6634
TP1_synth_reverse		83	A	465018	24	8	44	0	39	98	465231	6634	0	0	0	0	0	0	6634
TP1_synth_reverse		84	A	465000	13	0	73	0	44	73	465203	6634	0	0	0	0	0	0	6634
TP1_synth_reverse		85	G	80	110	1	464111	18	13	743	465076	0	0	0	6634	0	0	0	6634
TP1_synth_reverse		86	C	185	464700	11	34	0	28	73	465031	0	6634	0	0	0	0	0	6634
TP1_synth_reverse		87	T	1366	48	90	36	2	99	463341	464982	0	0	0	0	0	0	6634	6634
TP1_synth_reverse		88	G	155	204	157	464166	164	26	88	464960	0	0	0	6634	0	0	0	6634
TP1_synth_reverse		89	T	634	61	257	19	0	54	463898	464923	0	0	2	0	0	0	6632	6634
TP1_synth_reverse		90	T	703	53	0	21	1	88	463881	464747	0	0	0	0	0	0	6634	6634
TP1_synth_reverse		91	C	223	464252	0	22	0	15	70	464582	0	6634	0	0	0	0	0	6634
TP1_synth_reverse		92	C	274	463355	0	47	0	64	269	464009	0	6633	0	0	0	0	0	6633
TP1_synth_reverse		93	G	322	118	0	463041	0	17	52	463550	0	0	0	6633	0	0	0	6633
TP1_synth_reverse		94	T	657	47	0	26	0	61	462577	463368	0	0	0	0	0	0	6633	6633
TP1_synth_reverse		95	C	0	463019	0	0	0	48	0	463067	0	6633	0	0	0	0	0	6633
TP1_synth_reverse		96	C	0	462669	0	0	0	6	0	462675	0	6633	0	0	0	0	0	6633
TP1_synth_reverse		97	C	0	461644	0	0	0	2	0	461646	0	6632	0	0	0	0	0	6632
TP1_synth_reverse		98	A	459275	0	0	0	0	0	0	459275	6631	0	0	0	0	0	0	6631
TP1_synth_reverse		99	G	0	0	0	458748	0	0	0	458748	0	0	0	6631	0	0	0	6631
