



























































































































































































































#AmpliconChromStart	Alias	Position	ProbableRef	rawA	rawC	rawD	rawG	rawI	rawN	rawT	rawDepth	consA	consC	consD	consG	consI	consN	consT	consDepth	
TP1_synth_reverse		1	G	0	0	0	460661	0	0	0	460661	0	0	0	4424	0	0	0	4424
TP1_synth_reverse		2	T	0	0	0	0	0	0	461870	461870	0	0	0	0	0	0	4430	4430
TP1_synth_reverse		3	G	0	0	0	463709	0	6	0	463715	0	0	0	4441	0	0	0	4441
TP1_synth_reverse		4	G	0	0	0	464386	0	13	0	464399	0	0	0	4445	0	0	0	4445
TP1_synth_reverse		5	T	0	0	0	0	0	43	464734	464777	0	0	0	0	0	0	4447	4447
TP1_synth_reverse		6	G	80	41	0	464992	0	62	86	465261	0	0	0	4450	0	0	0	4450
TP1_synth_reverse		7	A	465126	13	0	56	0	37	80	465312	4450	0	0	0	0	0	0	4450
TP1_synth_reverse		8	G	60	38	0	465105	0	189	171	465563	0	0	0	4451	0	0	1	4452
TP1_synth_reverse		9	G	75	62	0	465023	99	23	302	465584	0	0	0	4450	1	0	1	4452
TP1_synth_reverse		10	C	134	465345	5	16	1	5	92	465598	0	4452	0	0	0	0	0	4452
TP1_synth_reverse		11	T	163	62	15	9	73	21	465255	465598	0	0	0	0	0	0	4452	4452
TP1_synth_reverse		12	C	121	464386	749	13	0	36	293	465598	0	4447	4	0	0	0	1	4452
TP1_synth_reverse		13	C	229	465132	4	16	0	145	72	465598	0	4452	0	0	0	0	0	4452
TP1_synth_reverse		14	C	177	465189	0	16	0	45	171	465598	0	4451	0	0	0	0	1	4452
TP1_synth_reverse		15	C	134	465345	0	10	27	6	76	465598	0	4452	0	0	0	0	0	4452
TP1_synth_reverse		16	T	309	48	1549	10	0	11	463671	465598	0	0	14	0	0	0	4438	4452
TP1_synth_reverse		17	T	312	71	101	13	0	7	465113	465617	0	0	1	0	0	0	4451	4452
TP1_synth_reverse		18	T	249	56	2	11	108	19	465209	465654	0	0	0	0	2	0	4450	4452
TP1_synth_reverse		19	C	254	487011	457	19	90	61	78	487970	0	4448	5	0	1	0	0	4454
TP1_synth_reverse		20	T	305	35	292	43	0	72	487223	487970	0	0	4	0	0	0	4450	4454
TP1_synth_reverse		21	T	1298	265	2	48	242	34	486093	487982	0	1	0	0	2	0	4451	4454
TP1_synth_reverse		22	G	80	463	99	487018	29	14	292	487995	0	0	1	4452	0	0	1	4454
TP1_synth_reverse		23	C	357	486578	374	36	116	25	509	487995	0	4447	3	0	1	0	3	4454
TP1_synth_reverse		24	G	166	107	884	486527	0	25	286	487995	0	1	8	4444	0	0	1	4454
TP1_synth_reverse		25	G	170	285	5	487243	108	52	146	488009	1	0	0	4451	2	0	0	4454
TP1_synth_reverse		26	A	487654	5	5	62	211	6	92	488035	4452	0	0	0	3	0	0	4455
TP1_synth_reverse		27	G	125	153	277	486653	176	64	587	488035	1	0	6	4445	2	0	1	4455
TP1_synth_reverse		28	A	487189	62	508	54	178	16	57	488064	4450	0	4	0	2	0	0	4456
TP1_synth_reverse		29	T	378	54	748	484	1	85	486314	488064	0	0	8	0	0	0	4448	4456
TP1_synth_reverse		30	T	1955	74	79	39	0	41	485889	488077	0	0	1	0	0	0	4455	4456
TP1_synth_reverse		31	C	506	487017	411	26	0	39	64	488063	0	4452	4	0	0	0	0	4456
TP1_synth_reverse		32	T	684	44	359	78	0	5	486874	488044	0	0	2	0	0	0	4454	4456
TP1_synth_reverse		33	C	527	487184	234	17	0	16	58	488036	0	4453	3	0	0	0	0	4456
TP1_synth_reverse		34	T	1759	58	781	1271	1	51	484110	488031	0	0	6	0	0	0	4450	4456
TP1_synth_reverse		35	T	2367	53	185	205	0	29	485182	488021	0	0	3	0	0	0	4453	4456
TP1_synth_reverse		36	C	290	486831	610	52	1	62	171	488017	1	4449	5	0	0	0	1	4456
TP1_synth_reverse		37	C	323	486749	200	331	1	26	321	487951	0	4449	3	0	0	0	4	4456
TP1_synth_reverse		38	T	1260	43	24	64	0	11	486532	487934	0	0	0	0	0	0	4456	4456
TP1_synth_reverse		39	C	219	487454	67	84	7	12	88	487931	0	4456	0	0	0	0	0	4456
TP1_synth_reverse		40	T	1046	43	211	84	1	109	486435	487929	0	0	1	0	0	0	4455	4456
TP1_synth_reverse		41	G	101	932	351	483925	0	25	2590	487924	0	0	2	4454	0	0	0	4456
TP1_synth_reverse		42	T	2176	57	30	114	0	43	485505	487925	0	0	0	0	0	0	4456	4456
TP1_synth_reverse		43	G	67	209	273	484674	3	63	2661	487950	0	0	3	4452	0	0	1	4456
TP1_synth_reverse		44	C	389	486544	51	34	1	15	926	487960	0	4451	0	0	0	0	5	4456
TP1_synth_reverse		45	G	215	148	522	484567	84	14	2403	487953	1	0	4	4451	0	0	0	4456
TP1_synth_reverse		46	C	734	486059	695	95	0	17	352	487952	0	4450	3	0	0	0	3	4456
TP1_synth_reverse		47	C	205	486809	356	121	204	13	239	487947	0	4450	2	1	2	0	1	4456
TP1_synth_reverse		48	G	400	954	215	483206	339	10	2805	487929	4	0	1	4447	3	0	1	4456
TP1_synth_reverse		49	A	487358	25	11	29	0	9	115	487547	4586	0	0	0	0	0	0	4586
TP1_synth_reverse		50	T	2128	42	27	30	23	43	485263	487556	0	0	0	0	0	0	4586	4586
TP1_synth_reverse		51	A	487136	34	35	40	228	50	93	487616	4584	0	0	0	2	0	0	4586
TP1_synth_reverse		52	C	413	486448	1	45	57	47	604	487615	0	4585	0	0	0	0	1	4586
TP1_synth_reverse		53	A	487277	12	15	112	81	33	95	487625	4585	0	0	0	1	0	0	4586
TP1_synth_reverse		54	G	270	288	114	485755	22	72	1095	487616	0	0	1	4584	0	0	1	4586
TP1_synth_reverse		55	A	487349	124	158	47	1	50	62	487791	4587	0	0	0	0	0	0	4587
TP1_synth_reverse		56	A	487613	7	1	50	0	40	79	487790	4587	0	0	0	0	0	0	4587
TP1_synth_reverse		57	T	2369	25	12	124	36	11	485196	487773	0	0	0	0	0	0	4587	4587
TP1_synth_reverse		58	A	487603	3	2	77	1	45	81	487812	4588	0	0	0	0	0	0	4588
TP1_synth_reverse		59	T	1146	41	282	121	82	46	486085	487803	0	0	1	0	0	0	4587	4588
TP1_synth_reverse		60	C	1678	485819	8	56	1	69	165	487796	0	4587	0	0	0	0	1	4588
TP1_synth_reverse		61	T	734	43	104	577	0	77	486299	487834	0	0	1	0	0	0	4588	4589
TP1_synth_reverse		62	G	424	165	479	486050	50	62	591	487821	0	0	1	4588	0	0	0	4589
TP1_synth_reverse		63	T	3883	45	315	36	0	20	483559	487858	0	0	1	0	0	0	4589	4590
TP1_synth_reverse		64	T	1559	38	4	128	0	34	486086	487849	0	0	0	0	0	0	4590	4590
TP1_synth_reverse		65	C	452	486757	403	24	0	41	169	487846	0	4587	2	0	0	0	1	4590
TP1_synth_reverse		66	G	791	221	230	485947	0	34	617	487840	0	0	1	4589	0	0	0	4590
TP1_synth_reverse		67	C	673	486628	444	17	0	68	85	487915	0	4587	3	0	0	0	1	4591
TP1_synth_reverse		68	A	487278	324	87	121	0	62	54	487926	4591	0	0	0	0	0	0	4591
TP1_synth_reverse		69	C	68	487217	29	25	17	33	534	487923	0	4588	0	0	0	0	3	4591
TP1_synth_reverse		70	T	673	67	162	504	403	85	486023	487917	0	0	1	0	0	0	4590	4591
TP1_synth_reverse		71	C	220	487245	275	31	1	52	91	487915	0	4589	2	0	0	0	0	4591
TP1_synth_reverse		72	C	582	486754	23	39	81	78	357	487914	0	4589	0	0	1	0	1	4591
TP1_synth_reverse		73	G	495	216	58	486684	307	50	89	487899	0	0	0	4590	1	0	0	4591
TP1_synth_reverse		74	A	487185	135	455	53	0	54	15	487897	4587	0	4	0	0	0	0	4591
TP1_synth_reverse		75	G	319	118	292	486728	1	26	396	487880	0	0	1	4589	0	0	1	4591
TP1_synth_reverse		76	T	4427	45	4	51	217	84	483037	487865	0	0	0	0	1	0	4590	4591
TP1_synth_reverse		77	G	159	226	15	486677	3	43	721	487844	0	0	0	4590	0	0	1	4591
TP1_synth_reverse		78	C	187	486595	85	28	143	125	678	487841	0	4588	1	0	1	0	1	4591
TP1_synth_reverse		79	G	150	844	109	485652	0	55	963	487773	0	0	1	4590	0	0	0	4591
TP1_synth_reverse		80	G	291	140	10	486194	249	101	752	487737	0	0	0	4590	1	0	0	4591
TP1_synth_reverse		81	C	162	486083	374	86	770	129	109	487713	0	4584	2	1	4	0	0	4591
TP1_synth_reverse		82	A	464422	12	518	67	0	55	156	465230	4457	0	2	0	0	0	0	4459
TP1_synth_reverse		83	A	465015	24	8	44	0	39	98	465228	4459	0	0	0	0	0	0	4459
TP1_synth_reverse		84	A	464997	13	0	73	0	44	73	465200	4459	0	0	0	0	0	0	4459
TP1_synth_reverse		85	G	81	110	1	464107	18	13	743	465073	0	0	0	4459	0	0	0	4459
TP1_synth_reverse		86	C	185	464697	11	34	0	28	73	465028	0	4459	0	0	0	0	0	4459
TP1_synth_reverse		87	T	1366	48	90	36	2	99	463338	464979	0	0	0	0	0	0	4459	4459
TP1_synth_reverse		88	G	155	204	157	464163	164	26	88	464957	0	0	0	4459	0	0	0	4459
TP1_synth_reverse		89	T	635	61	257	19	0	54	463894	464920	0	0	1	0	0	0	4458	4459
TP1_synth_reverse		90	T	703	53	0	21	1	88	463878	464744	0	0	0	0	0	0	4459	4459
TP1_synth_reverse		91	C	223	464249	0	22	0	15	70	464579	0	4459	0	0	0	0	0	4459
TP1_synth_reverse		92	C	274	463352	0	47	0	64	269	464006	0	4459	0	0	0	0	0	4459
TP1_synth_reverse		93	G	322	118	0	463038	0	17	52	463547	0	0	0	4459	0	0	0	4459
TP1_synth_reverse		94	T	656	47	0	26	0	61	462575	463365	0	0	0	0	0	0	4459	4459
TP1_synth_reverse		95	C	0	463016	0	0	0	48	0	463064	0	4459	0	0	0	0	0	4459
TP1_synth_reverse		96	C	0	462666	0	0	0	6	0	462672	0	4459	0	0	0	0	0	4459
TP1_synth_reverse		97	C	0	461641	0	0	0	2	0	461643	0	4459	0	0	0	0	0	4459
TP1_synth_reverse		98	A	459272	0	0	0	0	0	0	459272	4459	0	0	0	0	0	0	4459
TP1_synth_reverse		99	G	0	0	0	458745	0	0	0	458745	0	0	0	4459	0	0	0	4459
