



























































































































































































































#AmpliconChromStart	Alias	Position	ProbableRef	rawA	rawC	rawD	rawG	rawI	rawN	rawT	rawDepth	consA	consC	consD	consG	consI	consN	consT	consDepth	
TP1_synth_reverse		1	G	0	0	0	460661	0	0	0	460661	0	0	0	12388	0	0	0	12388
TP1_synth_reverse		2	T	0	0	0	0	0	0	461870	461870	0	0	0	0	0	0	12394	12394
TP1_synth_reverse		3	G	0	0	0	463709	0	6	0	463715	0	0	0	12432	0	0	0	12432
TP1_synth_reverse		4	G	0	0	0	464386	0	13	0	464399	0	0	0	12443	0	0	0	12443
TP1_synth_reverse		5	T	0	0	0	0	0	43	464734	464777	0	0	0	0	0	0	12455	12455
TP1_synth_reverse		6	G	80	41	0	464992	0	62	86	465261	0	0	0	12460	0	0	1	12461
TP1_synth_reverse		7	A	465126	13	0	56	0	37	80	465312	12463	0	0	0	0	0	0	12463
TP1_synth_reverse		8	G	60	38	0	465105	0	189	171	465563	0	0	0	12470	0	0	3	12473
TP1_synth_reverse		9	G	75	62	0	465023	99	23	302	465584	0	0	0	12471	2	0	1	12474
TP1_synth_reverse		10	C	134	465345	5	16	1	5	92	465598	0	12472	1	0	0	0	1	12474
TP1_synth_reverse		11	T	163	62	15	9	73	21	465255	465598	0	0	0	0	7	0	12467	12474
TP1_synth_reverse		12	C	121	464386	749	13	0	36	293	465598	0	12462	11	0	0	0	1	12474
TP1_synth_reverse		13	C	229	465132	4	16	0	145	72	465598	0	12474	0	0	0	0	0	12474
TP1_synth_reverse		14	C	177	465189	0	16	0	45	171	465598	0	12473	0	0	0	0	1	12474
TP1_synth_reverse		15	C	134	465345	0	10	27	6	76	465598	0	12472	0	0	2	0	0	12474
TP1_synth_reverse		16	T	309	48	1549	10	0	11	463671	465598	0	0	33	0	0	0	12441	12474
TP1_synth_reverse		17	T	312	71	101	13	0	7	465113	465617	0	0	1	0	0	0	12474	12475
TP1_synth_reverse		18	T	249	56	2	11	108	19	465209	465654	0	0	0	0	2	0	12474	12476
TP1_synth_reverse		19	C	254	487011	457	19	90	61	78	487970	0	12538	9	0	1	0	1	12549
TP1_synth_reverse		20	T	305	35	292	43	0	72	487223	487970	0	0	6	0	0	0	12543	12549
TP1_synth_reverse		21	T	1298	265	2	48	242	34	486093	487982	0	1	0	0	2	0	12547	12550
TP1_synth_reverse		22	G	80	463	99	487018	29	14	292	487995	0	0	1	12545	3	0	2	12551
TP1_synth_reverse		23	C	357	486578	374	36	116	25	509	487995	0	12534	5	0	5	0	7	12551
TP1_synth_reverse		24	G	166	107	884	486527	0	25	286	487995	0	1	16	12532	0	0	2	12551
TP1_synth_reverse		25	G	170	285	5	487229	108	52	146	487995	1	0	0	12546	4	0	0	12551
TP1_synth_reverse		26	A	487640	5	5	62	211	6	92	488021	12547	0	0	0	5	0	0	12552
TP1_synth_reverse		27	G	125	153	277	486639	176	64	587	488021	1	0	12	12527	10	0	2	12552
TP1_synth_reverse		28	A	487175	62	508	54	178	16	57	488050	12538	0	11	0	4	0	0	12553
TP1_synth_reverse		29	T	378	54	748	484	1	85	486300	488050	0	0	13	0	0	0	12540	12553
TP1_synth_reverse		30	T	1953	74	79	39	0	41	485877	488063	0	0	4	0	0	0	12550	12554
TP1_synth_reverse		31	C	504	487005	411	26	0	39	64	488049	0	12546	9	0	0	0	0	12555
TP1_synth_reverse		32	T	683	44	359	78	0	5	486861	488030	0	0	6	0	0	0	12549	12555
TP1_synth_reverse		33	C	525	487172	234	17	0	16	58	488022	0	12548	7	0	0	0	0	12555
TP1_synth_reverse		34	T	1759	58	781	1271	1	51	484096	488017	2	0	18	0	0	0	12535	12555
TP1_synth_reverse		35	T	2367	53	185	205	0	29	485168	488007	0	0	6	0	0	0	12549	12555
TP1_synth_reverse		36	C	290	486817	610	52	1	62	171	488003	1	12534	15	0	0	0	5	12555
TP1_synth_reverse		37	C	323	486735	200	331	1	26	321	487937	0	12538	7	4	0	0	6	12555
TP1_synth_reverse		38	T	1260	43	24	64	0	11	486518	487920	0	0	2	0	0	0	12553	12555
TP1_synth_reverse		39	C	219	487440	67	84	7	12	88	487917	0	12546	7	0	1	0	1	12555
TP1_synth_reverse		40	T	1046	43	211	84	1	109	486421	487915	1	0	6	0	0	0	12548	12555
TP1_synth_reverse		41	G	101	932	351	483915	0	25	2586	487910	0	0	5	12551	0	0	0	12556
TP1_synth_reverse		42	T	2175	57	30	114	0	43	485492	487911	1	1	0	0	0	0	12554	12556
TP1_synth_reverse		43	G	67	209	273	484663	3	63	2658	487936	1	0	6	12549	0	0	1	12557
TP1_synth_reverse		44	C	388	486531	51	34	1	15	926	487946	0	12541	2	0	0	0	14	12557
TP1_synth_reverse		45	G	215	148	522	484556	84	14	2400	487939	3	2	6	12543	3	0	0	12557
TP1_synth_reverse		46	C	734	486045	695	95	0	17	352	487938	0	12544	8	0	0	0	5	12557
TP1_synth_reverse		47	C	204	486796	356	121	204	13	239	487933	0	12549	2	2	2	0	2	12557
TP1_synth_reverse		48	G	400	954	215	483201	339	10	2796	487915	5	0	2	12538	10	0	2	12557
TP1_synth_reverse		49	A	487344	25	11	29	0	9	115	487533	12765	0	0	0	0	0	0	12765
TP1_synth_reverse		50	T	2124	42	27	30	23	43	485253	487542	1	0	3	0	1	0	12760	12765
TP1_synth_reverse		51	A	487122	34	35	40	228	50	93	487602	12762	0	2	0	2	0	0	12766
TP1_synth_reverse		52	C	407	486440	1	45	57	47	604	487601	1	12759	0	0	5	0	1	12766
TP1_synth_reverse		53	A	487263	12	15	112	81	33	95	487611	12764	0	0	0	3	0	0	12767
TP1_synth_reverse		54	G	263	287	114	485752	22	72	1092	487602	0	2	4	12759	1	0	1	12767
TP1_synth_reverse		55	A	487335	124	158	47	1	50	62	487777	12759	4	5	0	0	0	0	12768
TP1_synth_reverse		56	A	487599	7	1	50	0	40	79	487776	12768	0	0	0	0	0	0	12768
TP1_synth_reverse		57	T	2366	25	12	124	36	11	485185	487759	0	0	0	0	2	0	12766	12768
TP1_synth_reverse		58	A	487589	3	2	77	1	45	81	487798	12769	0	0	0	0	0	0	12769
TP1_synth_reverse		59	T	1145	41	282	121	82	46	486072	487789	0	0	5	0	0	0	12764	12769
TP1_synth_reverse		60	C	1676	485796	8	56	1	69	165	487771	1	12766	0	0	0	0	2	12769
TP1_synth_reverse		61	T	734	43	104	577	0	77	486274	487809	0	0	1	0	0	0	12769	12770
TP1_synth_reverse		62	G	424	165	479	486025	50	62	591	487796	1	0	2	12764	3	0	0	12770
TP1_synth_reverse		63	T	3883	45	315	36	0	20	483534	487833	0	0	6	0	0	0	12765	12771
TP1_synth_reverse		64	T	1559	38	4	128	0	34	486061	487824	0	0	0	0	0	0	12771	12771
TP1_synth_reverse		65	C	452	486732	403	24	0	41	169	487821	0	12762	8	0	0	0	1	12771
TP1_synth_reverse		66	G	790	221	230	485933	0	34	617	487825	0	0	3	12769	0	0	0	12772
TP1_synth_reverse		67	C	673	486613	444	17	0	68	85	487900	0	12765	7	0	0	0	1	12773
TP1_synth_reverse		68	A	487263	324	87	121	0	62	54	487911	12771	0	3	0	0	0	0	12774
TP1_synth_reverse		69	C	68	487202	29	25	17	33	534	487908	0	12765	3	0	0	0	6	12774
TP1_synth_reverse		70	T	673	67	162	504	403	85	486012	487906	1	0	3	0	1	0	12770	12775
TP1_synth_reverse		71	C	220	487234	275	31	1	52	91	487904	0	12767	6	1	0	0	1	12775
TP1_synth_reverse		72	C	582	486743	23	39	81	78	357	487903	0	12770	2	0	1	0	2	12775
TP1_synth_reverse		73	G	495	216	58	486673	307	50	89	487888	2	0	2	12764	7	0	0	12775
TP1_synth_reverse		74	A	487174	135	455	53	0	54	15	487886	12769	0	6	0	0	0	0	12775
TP1_synth_reverse		75	G	319	118	292	486717	1	26	396	487869	1	0	3	12770	0	0	1	12775
TP1_synth_reverse		76	T	4426	45	4	51	217	84	483027	487854	2	0	0	0	2	0	12771	12775
TP1_synth_reverse		77	G	159	226	15	486667	3	43	720	487833	0	0	0	12772	0	0	3	12775
TP1_synth_reverse		78	C	187	486584	85	28	143	125	678	487830	2	12768	1	0	2	0	2	12775
TP1_synth_reverse		79	G	150	844	109	485641	0	55	963	487762	0	0	3	12771	0	0	1	12775
TP1_synth_reverse		80	G	291	140	10	486183	249	101	752	487726	0	0	1	12772	2	0	0	12775
TP1_synth_reverse		81	C	162	486072	374	86	770	129	109	487702	3	12755	8	3	6	0	0	12775
TP1_synth_reverse		82	A	464411	12	518	67	0	55	156	465219	12486	0	8	0	0	0	0	12494
TP1_synth_reverse		83	A	465004	24	8	44	0	39	98	465217	12493	1	0	0	0	0	0	12494
TP1_synth_reverse		84	A	464987	13	0	73	0	44	72	465189	12494	0	0	0	0	0	0	12494
TP1_synth_reverse		85	G	80	110	1	464097	18	13	743	465062	0	0	0	12491	1	0	2	12494
TP1_synth_reverse		86	C	185	464686	11	34	0	28	73	465017	1	12492	1	0	0	0	0	12494
TP1_synth_reverse		87	T	1366	48	90	36	2	99	463327	464968	0	0	1	0	0	0	12493	12494
TP1_synth_reverse		88	G	154	204	157	464153	164	26	88	464946	1	0	0	12492	1	0	0	12494
TP1_synth_reverse		89	T	634	61	257	19	0	54	463884	464909	0	0	3	0	0	0	12491	12494
TP1_synth_reverse		90	T	703	53	0	21	1	88	463867	464733	0	0	0	0	0	0	12494	12494
TP1_synth_reverse		91	C	223	464238	0	22	0	15	70	464568	0	12494	0	0	0	0	0	12494
TP1_synth_reverse		92	C	274	463341	0	47	0	64	269	463995	0	12492	0	0	0	0	1	12493
TP1_synth_reverse		93	G	322	118	0	463027	0	17	52	463536	0	0	0	12490	0	0	0	12490
TP1_synth_reverse		94	T	655	47	0	26	0	61	462565	463354	0	0	0	0	0	0	12489	12489
TP1_synth_reverse		95	C	0	463005	0	0	0	48	0	463053	0	12489	0	0	0	0	0	12489
TP1_synth_reverse		96	C	0	462655	0	0	0	6	0	462661	0	12488	0	0	0	0	0	12488
TP1_synth_reverse		97	C	0	461630	0	0	0	2	0	461632	0	12482	0	0	0	0	0	12482
TP1_synth_reverse		98	A	459261	0	0	0	0	0	0	459261	12472	0	0	0	0	0	0	12472
TP1_synth_reverse		99	G	0	0	0	458734	0	0	0	458734	0	0	0	12471	0	0	0	12471
