



























































































































































































































#AmpliconChromStart	Alias	Position	ProbableRef	rawA	rawC	rawD	rawG	rawI	rawN	rawT	rawDepth	consA	consC	consD	consG	consI	consN	consT	consDepth	
TP1_synth_reverse		1	G	0	0	0	460661	0	0	0	460661	0	0	0	10409	0	0	0	10409
TP1_synth_reverse		2	T	0	0	0	0	0	0	461870	461870	0	0	0	0	0	0	10415	10415
TP1_synth_reverse		3	G	0	0	0	463709	0	6	0	463715	0	0	0	10446	0	0	0	10446
TP1_synth_reverse		4	G	0	0	0	464386	0	13	0	464399	0	0	0	10457	0	0	0	10457
TP1_synth_reverse		5	T	0	0	0	0	0	43	464734	464777	0	0	0	0	0	0	10466	10466
TP1_synth_reverse		6	G	80	41	0	464992	0	62	86	465261	0	0	0	10470	0	0	1	10471
TP1_synth_reverse		7	A	465126	13	0	56	0	37	80	465312	10473	0	0	0	0	0	0	10473
TP1_synth_reverse		8	G	60	38	0	465105	0	189	171	465563	0	0	0	10479	0	0	2	10481
TP1_synth_reverse		9	G	75	62	0	465023	99	23	302	465584	0	0	0	10479	2	0	1	10482
TP1_synth_reverse		10	C	134	465345	5	16	1	5	92	465598	0	10482	0	0	0	0	0	10482
TP1_synth_reverse		11	T	163	62	15	9	73	21	465255	465598	0	0	0	0	4	0	10478	10482
TP1_synth_reverse		12	C	121	464386	749	13	0	36	293	465598	0	10471	10	0	0	0	1	10482
TP1_synth_reverse		13	C	229	465132	4	16	0	145	72	465598	0	10482	0	0	0	0	0	10482
TP1_synth_reverse		14	C	177	465189	0	16	0	45	171	465598	0	10481	0	0	0	0	1	10482
TP1_synth_reverse		15	C	134	465345	0	10	27	6	76	465598	0	10480	0	0	2	0	0	10482
TP1_synth_reverse		16	T	309	48	1549	10	0	11	463671	465598	0	0	29	0	0	0	10453	10482
TP1_synth_reverse		17	T	312	71	101	13	0	7	465113	465617	0	0	1	0	0	0	10481	10482
TP1_synth_reverse		18	T	249	56	2	11	108	19	465209	465654	0	0	0	0	2	0	10481	10483
TP1_synth_reverse		19	C	254	487011	457	19	90	61	78	487970	0	10533	7	0	1	0	1	10542
TP1_synth_reverse		20	T	305	35	292	43	0	72	487223	487970	0	0	5	0	0	0	10537	10542
TP1_synth_reverse		21	T	1298	265	2	48	242	34	486093	487982	0	1	0	0	2	0	10540	10543
TP1_synth_reverse		22	G	80	463	99	487018	29	14	292	487995	0	0	1	10538	3	0	2	10544
TP1_synth_reverse		23	C	357	486578	374	36	116	25	509	487995	0	10531	5	0	2	0	6	10544
TP1_synth_reverse		24	G	166	107	884	486527	0	25	286	487995	0	1	15	10527	0	0	1	10544
TP1_synth_reverse		25	G	170	285	5	487229	108	52	146	487995	1	0	0	10539	4	0	0	10544
TP1_synth_reverse		26	A	487640	5	5	62	211	6	92	488021	10540	0	0	0	5	0	0	10545
TP1_synth_reverse		27	G	125	153	277	486639	176	64	587	488021	1	0	9	10526	7	0	2	10545
TP1_synth_reverse		28	A	487175	62	508	54	178	16	57	488050	10532	0	10	0	4	0	0	10546
TP1_synth_reverse		29	T	378	54	748	484	1	85	486300	488050	0	0	12	0	0	0	10534	10546
TP1_synth_reverse		30	T	1953	74	79	39	0	41	485877	488063	0	0	4	0	0	0	10543	10547
TP1_synth_reverse		31	C	504	487005	411	26	0	39	64	488049	0	10540	8	0	0	0	0	10548
TP1_synth_reverse		32	T	683	44	359	78	0	5	486861	488030	0	0	6	0	0	0	10542	10548
TP1_synth_reverse		33	C	525	487172	234	17	0	16	58	488022	0	10541	7	0	0	0	0	10548
TP1_synth_reverse		34	T	1759	58	781	1271	1	51	484096	488017	0	0	15	0	0	0	10533	10548
TP1_synth_reverse		35	T	2367	53	185	205	0	29	485168	488007	0	0	6	0	0	0	10542	10548
TP1_synth_reverse		36	C	290	486817	610	52	1	62	171	488003	2	10528	14	0	0	0	4	10548
TP1_synth_reverse		37	C	323	486735	200	331	1	26	321	487937	0	10532	7	3	0	0	6	10548
TP1_synth_reverse		38	T	1260	43	24	64	0	11	486518	487920	0	0	2	0	0	0	10546	10548
TP1_synth_reverse		39	C	219	487440	67	84	7	12	88	487917	0	10540	6	0	1	0	1	10548
TP1_synth_reverse		40	T	1046	43	211	84	1	109	486421	487915	0	0	5	0	0	0	10543	10548
TP1_synth_reverse		41	G	101	932	351	483915	0	25	2586	487910	0	0	5	10543	0	0	0	10548
TP1_synth_reverse		42	T	2175	57	30	114	0	43	485492	487911	0	1	0	0	0	0	10547	10548
TP1_synth_reverse		43	G	67	209	273	484663	3	63	2658	487936	0	0	5	10542	0	0	1	10548
TP1_synth_reverse		44	C	388	486531	51	34	1	15	926	487946	0	10533	2	0	0	0	13	10548
TP1_synth_reverse		45	G	215	148	522	484556	84	14	2400	487939	2	2	6	10535	3	0	0	10548
TP1_synth_reverse		46	C	734	486045	695	95	0	17	352	487938	0	10539	4	0	0	0	5	10548
TP1_synth_reverse		47	C	204	486798	356	121	204	13	239	487935	0	10541	2	1	2	0	2	10548
TP1_synth_reverse		48	G	400	954	215	483203	339	10	2796	487917	5	0	1	10533	8	0	1	10548
TP1_synth_reverse		49	A	487346	25	11	29	0	9	115	487535	10725	0	0	0	0	0	0	10725
TP1_synth_reverse		50	T	2124	42	27	30	23	43	485255	487544	1	0	3	0	1	0	10720	10725
TP1_synth_reverse		51	A	487124	34	35	40	228	50	93	487604	10722	0	2	0	2	0	0	10726
TP1_synth_reverse		52	C	407	486442	1	45	57	47	604	487603	1	10720	0	0	4	0	1	10726
TP1_synth_reverse		53	A	487265	12	15	112	81	33	95	487613	10724	0	0	0	2	0	0	10726
TP1_synth_reverse		54	G	263	287	114	485754	22	72	1092	487604	0	2	1	10721	1	0	1	10726
TP1_synth_reverse		55	A	487337	124	158	47	1	50	62	487779	10720	4	3	0	0	0	0	10727
TP1_synth_reverse		56	A	487601	7	1	50	0	40	79	487778	10727	0	0	0	0	0	0	10727
TP1_synth_reverse		57	T	2366	25	12	124	36	11	485187	487761	0	0	0	0	0	0	10727	10727
TP1_synth_reverse		58	A	487591	3	2	77	1	45	81	487800	10728	0	0	0	0	0	0	10728
TP1_synth_reverse		59	T	1145	41	282	121	82	46	486074	487791	0	0	5	0	0	0	10723	10728
TP1_synth_reverse		60	C	1676	485798	8	56	1	69	165	487773	0	10726	0	0	0	0	2	10728
TP1_synth_reverse		61	T	734	43	104	577	0	77	486276	487811	0	0	1	0	0	0	10728	10729
TP1_synth_reverse		62	G	426	165	479	486025	50	62	591	487798	0	0	1	10725	3	0	0	10729
TP1_synth_reverse		63	T	3883	45	315	36	0	20	483536	487835	0	0	4	0	0	0	10726	10730
TP1_synth_reverse		64	T	1559	38	4	128	0	34	486063	487826	0	0	0	0	0	0	10730	10730
TP1_synth_reverse		65	C	452	486734	403	24	0	41	169	487823	0	10725	4	0	0	0	1	10730
TP1_synth_reverse		66	G	791	221	230	485924	0	34	617	487817	0	0	1	10729	0	0	0	10730
TP1_synth_reverse		67	C	673	486605	444	17	0	68	85	487892	0	10726	4	0	0	0	1	10731
TP1_synth_reverse		68	A	487255	324	87	121	0	62	54	487903	10731	0	1	0	0	0	0	10732
TP1_synth_reverse		69	C	68	487194	29	25	17	33	534	487900	0	10726	1	0	0	0	5	10732
TP1_synth_reverse		70	T	673	67	162	504	403	85	486004	487898	0	0	1	0	1	0	10730	10732
TP1_synth_reverse		71	C	220	487226	275	31	1	52	91	487896	0	10727	3	1	0	0	1	10732
TP1_synth_reverse		72	C	582	486735	23	39	81	78	357	487895	0	10729	0	0	1	0	2	10732
TP1_synth_reverse		73	G	495	216	58	486665	307	50	89	487880	1	0	0	10729	2	0	0	10732
TP1_synth_reverse		74	A	487166	135	455	53	0	54	15	487878	10727	0	5	0	0	0	0	10732
TP1_synth_reverse		75	G	319	118	292	486709	1	26	396	487861	0	0	2	10729	0	0	1	10732
TP1_synth_reverse		76	T	4427	45	4	51	217	84	483018	487846	0	0	0	0	2	0	10730	10732
TP1_synth_reverse		77	G	159	226	15	486659	3	43	720	487825	0	0	0	10729	0	0	3	10732
TP1_synth_reverse		78	C	187	486576	85	28	143	125	678	487822	1	10727	1	0	1	0	2	10732
TP1_synth_reverse		79	G	150	845	109	485632	0	55	963	487754	1	0	2	10728	0	0	1	10732
TP1_synth_reverse		80	G	291	140	10	486175	249	101	752	487718	0	0	1	10729	2	0	0	10732
TP1_synth_reverse		81	C	162	486064	374	86	770	129	109	487694	3	10715	7	2	5	0	0	10732
TP1_synth_reverse		82	A	464403	12	518	67	0	55	156	465211	10490	0	6	0	0	0	0	10496
TP1_synth_reverse		83	A	464996	24	8	44	0	39	98	465209	10495	1	0	0	0	0	0	10496
TP1_synth_reverse		84	A	464979	13	0	73	0	44	72	465181	10496	0	0	0	0	0	0	10496
TP1_synth_reverse		85	G	80	110	1	464089	18	13	743	465054	0	0	0	10494	0	0	2	10496
TP1_synth_reverse		86	C	185	464678	11	34	0	28	73	465009	1	10495	0	0	0	0	0	10496
TP1_synth_reverse		87	T	1366	48	90	36	2	99	463319	464960	0	0	1	0	0	0	10495	10496
TP1_synth_reverse		88	G	154	204	157	464145	164	26	88	464938	0	0	0	10496	0	0	0	10496
TP1_synth_reverse		89	T	634	61	257	19	0	54	463876	464901	0	0	3	0	0	0	10493	10496
TP1_synth_reverse		90	T	703	53	0	21	1	88	463859	464725	0	0	0	0	0	0	10496	10496
TP1_synth_reverse		91	C	223	464230	0	22	0	15	70	464560	0	10496	0	0	0	0	0	10496
TP1_synth_reverse		92	C	274	463333	0	47	0	64	269	463987	0	10495	0	0	0	0	0	10495
TP1_synth_reverse		93	G	322	118	0	463019	0	17	52	463528	0	0	0	10493	0	0	0	10493
TP1_synth_reverse		94	T	655	47	0	26	0	61	462557	463346	0	0	0	0	0	0	10493	10493
TP1_synth_reverse		95	C	0	462997	0	0	0	48	0	463045	0	10493	0	0	0	0	0	10493
TP1_synth_reverse		96	C	0	462647	0	0	0	6	0	462653	0	10493	0	0	0	0	0	10493
TP1_synth_reverse		97	C	0	461622	0	0	0	2	0	461624	0	10489	0	0	0	0	0	10489
TP1_synth_reverse		98	A	459253	0	0	0	0	0	0	459253	10485	0	0	0	0	0	0	10485
TP1_synth_reverse		99	G	0	0	0	458726	0	0	0	458726	0	0	0	10485	0	0	0	10485
