



























































































































































































































#AmpliconChromStart	Alias	Position	ProbableRef	rawA	rawC	rawD	rawG	rawI	rawN	rawT	rawDepth	consA	consC	consD	consG	consI	consN	consT	consDepth	
TP1_synth_reverse		1	G	0	0	0	460661	0	0	0	460661	0	0	0	8248	0	0	0	8248
TP1_synth_reverse		2	T	0	0	0	0	0	0	461870	461870	0	0	0	0	0	0	8254	8254
TP1_synth_reverse		3	G	0	0	0	463709	0	6	0	463715	0	0	0	8280	0	0	0	8280
TP1_synth_reverse		4	G	0	0	0	464386	0	13	0	464399	0	0	0	8289	0	0	0	8289
TP1_synth_reverse		5	T	0	0	0	0	0	43	464734	464777	0	0	0	0	0	0	8295	8295
TP1_synth_reverse		6	G	80	41	0	464992	0	62	86	465261	0	0	0	8297	0	0	1	8298
TP1_synth_reverse		7	A	465126	13	0	56	0	37	80	465312	8300	0	0	0	0	0	0	8300
TP1_synth_reverse		8	G	60	38	0	465105	0	189	171	465563	0	0	0	8304	0	0	2	8306
TP1_synth_reverse		9	G	75	62	0	465023	99	23	302	465584	0	0	0	8303	2	0	1	8306
TP1_synth_reverse		10	C	134	465345	5	16	1	5	92	465598	0	8306	0	0	0	0	0	8306
TP1_synth_reverse		11	T	163	62	15	9	73	21	465263	465606	0	0	0	0	2	0	8304	8306
TP1_synth_reverse		12	C	121	464394	749	13	0	36	293	465606	0	8297	8	0	0	0	1	8306
TP1_synth_reverse		13	C	229	465140	4	16	0	145	72	465606	0	8306	0	0	0	0	0	8306
TP1_synth_reverse		14	C	177	465197	0	16	0	45	171	465606	0	8305	0	0	0	0	1	8306
TP1_synth_reverse		15	C	134	465353	0	10	27	6	76	465606	0	8304	0	0	2	0	0	8306
TP1_synth_reverse		16	T	309	48	1549	10	0	11	463679	465606	0	0	25	0	0	0	8281	8306
TP1_synth_reverse		17	T	314	71	101	13	0	7	465119	465625	0	0	1	0	0	0	8305	8306
TP1_synth_reverse		18	T	249	56	2	11	108	19	465217	465662	0	0	0	0	2	0	8305	8307
TP1_synth_reverse		19	C	254	487019	457	19	90	61	78	487978	0	8338	6	0	1	0	1	8346
TP1_synth_reverse		20	T	307	35	292	43	0	72	487229	487978	0	0	4	0	0	0	8342	8346
TP1_synth_reverse		21	T	1299	265	2	48	242	34	486100	487990	0	1	0	0	2	0	8343	8346
TP1_synth_reverse		22	G	80	464	99	487024	29	14	293	488003	0	0	1	8343	2	0	1	8347
TP1_synth_reverse		23	C	357	486586	374	36	116	25	509	488003	0	8336	4	0	1	0	6	8347
TP1_synth_reverse		24	G	166	108	884	486534	0	25	286	488003	0	1	15	8330	0	0	1	8347
TP1_synth_reverse		25	G	170	285	5	487237	108	52	146	488003	1	0	0	8344	2	0	0	8347
TP1_synth_reverse		26	A	487648	5	5	62	211	6	92	488029	8343	0	0	0	5	0	0	8348
TP1_synth_reverse		27	G	125	153	277	486647	176	64	587	488029	1	0	7	8335	4	0	1	8348
TP1_synth_reverse		28	A	487183	62	508	54	178	16	57	488058	8339	0	8	0	2	0	0	8349
TP1_synth_reverse		29	T	380	54	748	485	1	85	486305	488058	0	0	11	0	0	0	8338	8349
TP1_synth_reverse		30	T	1953	74	79	39	0	41	485885	488071	0	0	3	0	0	0	8347	8350
TP1_synth_reverse		31	C	504	487013	411	26	0	39	64	488057	0	8345	6	0	0	0	0	8351
TP1_synth_reverse		32	T	683	44	359	78	0	5	486869	488038	0	0	4	0	0	0	8347	8351
TP1_synth_reverse		33	C	525	487180	234	17	0	16	58	488030	0	8345	6	0	0	0	0	8351
TP1_synth_reverse		34	T	1761	58	781	1271	1	51	484102	488025	1	0	13	0	0	0	8337	8351
TP1_synth_reverse		35	T	2367	53	185	205	0	29	485176	488015	0	0	5	0	0	0	8346	8351
TP1_synth_reverse		36	C	290	486825	610	52	1	62	171	488011	2	8335	11	0	0	0	3	8351
TP1_synth_reverse		37	C	323	486742	200	332	1	26	321	487945	0	8337	6	2	0	0	6	8351
TP1_synth_reverse		38	T	1260	43	24	64	0	11	486526	487928	0	0	1	0	0	0	8350	8351
TP1_synth_reverse		39	C	219	487448	67	84	7	12	88	487925	0	8348	2	0	0	0	1	8351
TP1_synth_reverse		40	T	1046	43	211	84	1	109	486429	487923	0	0	2	0	0	0	8349	8351
TP1_synth_reverse		41	G	101	932	351	483922	0	25	2587	487918	0	0	3	8348	0	0	0	8351
TP1_synth_reverse		42	T	2176	57	30	114	0	43	485499	487919	0	1	0	0	0	0	8350	8351
TP1_synth_reverse		43	G	67	210	273	484667	3	63	2661	487944	0	0	3	8347	0	0	1	8351
TP1_synth_reverse		44	C	388	486539	51	34	1	15	926	487954	0	8338	2	0	0	0	11	8351
TP1_synth_reverse		45	G	215	148	522	484563	84	14	2401	487947	2	0	6	8340	3	0	0	8351
TP1_synth_reverse		46	C	734	486053	695	95	0	17	352	487946	0	8344	4	0	0	0	3	8351
TP1_synth_reverse		47	C	204	486804	356	121	204	13	239	487941	0	8345	2	1	2	0	1	8351
TP1_synth_reverse		48	G	400	954	215	483214	339	10	2799	487931	5	0	1	8338	6	0	1	8351
TP1_synth_reverse		49	A	487360	25	11	29	0	9	115	487549	8510	0	0	0	0	0	0	8510
TP1_synth_reverse		50	T	2127	42	27	30	23	43	485266	487558	0	0	2	0	0	0	8508	8510
TP1_synth_reverse		51	A	487138	34	35	40	228	50	93	487618	8509	0	0	0	2	0	0	8511
TP1_synth_reverse		52	C	407	486456	1	45	57	47	604	487617	1	8506	0	0	3	0	1	8511
TP1_synth_reverse		53	A	487279	12	15	112	81	33	95	487627	8509	0	0	0	2	0	0	8511
TP1_synth_reverse		54	G	266	287	114	485765	22	72	1092	487618	0	1	1	8507	1	0	1	8511
TP1_synth_reverse		55	A	487351	124	158	47	1	50	62	487793	8510	1	1	0	0	0	0	8512
TP1_synth_reverse		56	A	487615	7	1	50	0	40	79	487792	8512	0	0	0	0	0	0	8512
TP1_synth_reverse		57	T	2367	25	12	124	36	11	485200	487775	0	0	0	0	0	0	8512	8512
TP1_synth_reverse		58	A	487605	3	2	77	1	45	81	487814	8513	0	0	0	0	0	0	8513
TP1_synth_reverse		59	T	1146	41	282	121	82	46	486087	487805	0	0	3	0	0	0	8510	8513
TP1_synth_reverse		60	C	1678	485810	8	56	1	69	165	487787	0	8511	0	0	0	0	2	8513
TP1_synth_reverse		61	T	736	43	104	578	0	77	486287	487825	0	0	1	0	0	0	8513	8514
TP1_synth_reverse		62	G	425	165	479	486040	50	62	591	487812	0	0	1	8511	2	0	0	8514
TP1_synth_reverse		63	T	3884	45	315	36	0	20	483549	487849	0	0	3	0	0	0	8512	8515
TP1_synth_reverse		64	T	1562	38	4	128	0	34	486074	487840	0	0	0	0	0	0	8515	8515
TP1_synth_reverse		65	C	452	486748	403	24	0	41	169	487837	0	8510	4	0	0	0	1	8515
TP1_synth_reverse		66	G	793	221	230	485936	0	34	617	487831	0	0	1	8514	0	0	0	8515
TP1_synth_reverse		67	C	674	486618	444	17	0	68	85	487906	0	8512	3	0	0	0	1	8516
TP1_synth_reverse		68	A	487269	324	87	121	0	62	54	487917	8516	0	1	0	0	0	0	8517
TP1_synth_reverse		69	C	68	487208	29	25	17	33	534	487914	0	8514	0	0	0	0	3	8517
TP1_synth_reverse		70	T	674	67	162	504	403	85	486013	487908	0	0	1	0	1	0	8515	8517
TP1_synth_reverse		71	C	220	487236	275	31	1	52	91	487906	0	8515	2	0	0	0	0	8517
TP1_synth_reverse		72	C	582	486745	23	39	81	78	357	487905	0	8514	0	0	1	0	2	8517
TP1_synth_reverse		73	G	495	216	58	486674	307	50	90	487890	0	0	0	8515	2	0	0	8517
TP1_synth_reverse		74	A	487176	135	455	53	0	54	15	487888	8513	0	4	0	0	0	0	8517
TP1_synth_reverse		75	G	320	119	292	486717	1	26	396	487871	0	0	1	8515	0	0	1	8517
TP1_synth_reverse		76	T	4427	45	4	51	217	84	483028	487856	0	0	0	0	1	0	8516	8517
TP1_synth_reverse		77	G	160	226	15	486664	3	43	724	487835	0	0	0	8514	0	0	3	8517
TP1_synth_reverse		78	C	189	486584	85	28	143	125	678	487832	1	8513	1	0	1	0	1	8517
TP1_synth_reverse		79	G	150	844	109	485639	0	55	967	487764	1	0	2	8513	0	0	1	8517
TP1_synth_reverse		80	G	291	140	10	486183	249	101	754	487728	0	0	1	8515	1	0	0	8517
TP1_synth_reverse		81	C	162	486074	374	86	770	129	109	487704	0	8506	5	2	4	0	0	8517
TP1_synth_reverse		82	A	464413	12	518	67	0	55	156	465221	8315	0	4	0	0	0	0	8319
TP1_synth_reverse		83	A	465006	24	8	44	0	39	98	465219	8318	1	0	0	0	0	0	8319
TP1_synth_reverse		84	A	464989	13	0	73	0	44	72	465191	8319	0	0	0	0	0	0	8319
TP1_synth_reverse		85	G	80	110	1	464099	18	13	743	465064	0	0	0	8317	0	0	2	8319
TP1_synth_reverse		86	C	185	464688	11	34	0	28	73	465019	0	8319	0	0	0	0	0	8319
TP1_synth_reverse		87	T	1366	48	90	36	2	99	463329	464970	0	0	1	0	0	0	8318	8319
TP1_synth_reverse		88	G	154	204	157	464154	164	26	89	464948	0	0	0	8319	0	0	0	8319
TP1_synth_reverse		89	T	635	61	257	19	0	54	463885	464911	0	0	3	0	0	0	8316	8319
TP1_synth_reverse		90	T	704	53	0	21	1	88	463868	464735	0	0	0	0	0	0	8319	8319
TP1_synth_reverse		91	C	223	464240	0	22	0	15	70	464570	0	8319	0	0	0	0	0	8319
TP1_synth_reverse		92	C	274	463343	0	47	0	64	269	463997	0	8318	0	0	0	0	0	8318
TP1_synth_reverse		93	G	322	118	0	463029	0	17	52	463538	0	0	0	8317	0	0	0	8317
TP1_synth_reverse		94	T	655	47	0	26	0	61	462567	463356	0	0	0	0	0	0	8317	8317
TP1_synth_reverse		95	C	0	463007	0	0	0	48	0	463055	0	8317	0	0	0	0	0	8317
TP1_synth_reverse		96	C	0	462657	0	0	0	6	0	462663	0	8317	0	0	0	0	0	8317
TP1_synth_reverse		97	C	0	461632	0	0	0	2	0	461634	0	8316	0	0	0	0	0	8316
TP1_synth_reverse		98	A	459263	0	0	0	0	0	0	459263	8314	0	0	0	0	0	0	8314
TP1_synth_reverse		99	G	0	0	0	458736	0	0	0	458736	0	0	0	8314	0	0	0	8314
