



























































































































































































































#AmpliconChromStart	Alias	Position	ProbableRef	rawA	rawC	rawD	rawG	rawI	rawN	rawT	rawDepth	consA	consC	consD	consG	consI	consN	consT	consDepth
TP1_synth_reverse		1	G	0	0	0	959520	0	0	0	959520	0	0	0	3143	0	0	0	3143
TP1_synth_reverse		2	T	0	0	0	0	0	0	960806	960806	0	0	0	0	0	0	3146	3146
TP1_synth_reverse		3	G	0	0	0	966733	0	122	0	966855	0	0	0	3157	0	0	0	3157
TP1_synth_reverse		4	G	0	0	0	968782	0	58	0	968840	0	0	0	3159	0	0	0	3159
TP1_synth_reverse		5	T	0	0	0	0	0	20	969163	969183	0	0	0	0	0	0	3161	3161
TP1_synth_reverse		6	G	127	85	0	967907	0	9	1506	969634	0	0	0	3161	0	0	1	3162
TP1_synth_reverse		7	A	969309	22	0	132	0	91	148	969702	3163	0	0	0	0	0	0	3163
TP1_synth_reverse		8	G	106	89	0	969318	0	121	109	969743	0	0	0	3165	0	0	0	3165
TP1_synth_reverse		9	G	105	159	0	970163	0	28	117	970572	0	0	0	3167	0	0	0	3167
TP1_synth_reverse		10	C	271	970108	2	31	0	41	119	970572	1	3166	0	0	0	0	0	3167
TP1_synth_reverse		11	T	196	146	543	16	20	28	969640	970589	0	0	1	0	0	0	3166	3167
TP1_synth_reverse		12	C	305	969800	186	29	0	100	187	970607	0	3167	0	0	0	0	0	3167
TP1_synth_reverse		13	C	461	969872	3	25	0	126	120	970607	0	3167	0	0	0	0	0	3167
TP1_synth_reverse		14	C	441	969980	0	23	0	48	115	970607	0	3167	0	0	0	0	0	3167
TP1_synth_reverse		15	C	317	970086	0	35	2	79	105	970624	0	3167	0	0	0	0	0	3167
TP1_synth_reverse		16	T	362	80	4065	18	0	232	965882	970639	0	0	8	0	0	0	3159	3167
TP1_synth_reverse		17	T	368	125	21	7	0	75	970054	970650	0	0	0	0	0	0	3167	3167
TP1_synth_reverse		18	T	353	131	21	13	0	72	970060	970650	0	0	0	0	0	0	3167	3167
TP1_synth_reverse		19	C	381	970036	107	18	0	68	101	970711	0	3166	2	0	0	0	0	3168
TP1_synth_reverse		20	T	267	91	73	20	0	27	970233	970711	0	0	1	0	0	0	3167	3168
TP1_synth_reverse		21	T	570	195	56	56	2	138	969694	970711	0	1	1	0	0	0	3166	3168
TP1_synth_reverse		22	G	618	465	137	969206	0	20	272	970718	5	0	1	3162	0	0	0	3168
TP1_synth_reverse		23	C	564	968202	1633	51	3	25	245	970723	0	3166	2	0	0	0	0	3168
TP1_synth_reverse		24	G	269	180	693	968825	0	50	706	970723	1	0	4	3163	0	0	0	3168
TP1_synth_reverse		25	G	141	702	5	969416	0	137	334	970735	0	0	0	3168	0	0	0	3168
TP1_synth_reverse		26	A	968807	19	1401	192	132	47	167	970765	3167	0	1	0	1	0	0	3169
TP1_synth_reverse		27	G	922	872	1172	967376	154	17	252	970765	1	0	2	3165	1	0	0	3169
TP1_synth_reverse		28	A	970327	55	55	91	65	43	136	970772	3167	0	1	0	1	0	0	3169
TP1_synth_reverse		29	T	302	102	3308	174	0	155	966731	970772	0	0	9	0	0	0	3160	3169
TP1_synth_reverse		30	T	1112	133	51	73	1	133	969276	970779	0	0	1	0	0	0	3168	3169
TP1_synth_reverse		31	C	495	969840	139	38	0	85	176	970773	0	3165	3	0	0	0	1	3169
TP1_synth_reverse		32	T	664	87	108	50	0	406	969456	970771	0	0	3	0	0	0	3166	3169
TP1_synth_reverse		33	C	406	968091	1996	44	3	143	81	970764	0	3165	4	0	0	0	0	3169
TP1_synth_reverse		34	T	740	158	782	79	5	101	968902	970767	0	0	2	0	0	0	3167	3169
TP1_synth_reverse		35	T	1638	144	416	78	1632	101	966741	970750	0	0	1	0	2	0	3166	3169
TP1_synth_reverse		36	C	534	968706	1310	45	4	59	95	970753	0	3158	11	0	0	0	0	3169
TP1_synth_reverse		37	C	566	969664	243	63	7	90	112	970745	0	3166	3	0	0	0	0	3169
TP1_synth_reverse		38	T	756	90	251	265	0	34	969339	970735	0	0	3	0	0	0	3166	3169
TP1_synth_reverse		39	C	407	968252	1870	34	0	75	91	970729	0	3154	15	0	0	0	0	3169
TP1_synth_reverse		40	T	1367	114	38	24	1	192	968990	970726	0	0	0	0	0	0	3169	3169
TP1_synth_reverse		41	G	548	605	2219	966986	0	27	332	970717	0	0	8	3160	0	0	1	3169
TP1_synth_reverse		42	T	2355	104	272	34	1	74	967874	970714	0	0	4	0	0	0	3165	3169
TP1_synth_reverse		43	G	1081	490	30	968342	1	442	363	970749	1	0	0	3169	0	0	0	3170
TP1_synth_reverse		44	C	526	968789	705	63	91	182	410	970766	0	3165	4	0	2	0	0	3171
TP1_synth_reverse		45	G	1626	312	29	967286	0	82	1421	970756	5	0	0	3166	0	0	0	3171
TP1_synth_reverse		46	C	797	966499	3312	34	0	23	98	970763	0	3166	5	0	0	0	0	3171
TP1_synth_reverse		47	C	375	969875	27	43	2	39	411	970772	0	3170	0	0	0	0	1	3171
TP1_synth_reverse		48	G	246	674	266	968450	1443	53	1076	972208	1	0	2	3166	3	0	0	3172
TP1_synth_reverse		49	A	969890	45	1812	110	0	234	135	972226	3170	0	3	0	0	0	0	3173
TP1_synth_reverse		50	T	1057	94	9	197	0	115	970740	972212	0	0	0	0	0	0	3173	3173
TP1_synth_reverse		51	A	970834	53	934	137	0	129	135	972222	3169	0	4	0	0	0	0	3173
TP1_synth_reverse		52	C	568	971079	4	113	0	323	132	972219	0	3173	0	0	0	0	0	3173
TP1_synth_reverse		53	A	971373	39	6	212	98	353	146	972227	3172	0	0	0	1	0	0	3173
TP1_synth_reverse		54	G	526	254	11	970847	3	93	488	972222	3	1	0	3168	0	0	1	3173
TP1_synth_reverse		55	A	971638	115	119	138	0	135	94	972239	3173	0	1	0	0	0	0	3174
TP1_synth_reverse		56	A	971339	10	442	199	2	95	150	972237	3170	0	4	0	0	0	0	3174
TP1_synth_reverse		57	T	1777	73	666	257	0	251	969183	972207	0	0	8	0	0	0	3166	3174
TP1_synth_reverse		58	A	971534	21	86	91	0	303	172	972207	3172	0	2	0	0	0	0	3174
TP1_synth_reverse		59	T	947	61	4	123	1	452	970599	972187	0	0	0	0	0	0	3174	3174
TP1_synth_reverse		60	C	807	970485	469	83	1	270	55	972170	0	3172	2	0	0	0	0	3174
TP1_synth_reverse		61	T	1347	88	3	56	0	220	970449	972163	0	0	0	0	0	0	3174	3174
TP1_synth_reverse		62	G	390	261	308	969029	24	343	1797	972152	0	0	5	3168	0	0	1	3174
TP1_synth_reverse		63	T	2287	87	51	24	18	192	969549	972208	0	0	0	0	0	0	3175	3175
TP1_synth_reverse		64	T	2090	70	157	30	22	51	969223	971643	0	0	1	0	1	0	3172	3174
TP1_synth_reverse		65	C	1151	969559	458	40	96	177	155	971636	0	3170	2	0	2	0	0	3174
TP1_synth_reverse		66	G	557	400	628	969627	0	63	356	971631	2	0	5	3167	0	0	0	3174
TP1_synth_reverse		67	C	933	970163	161	33	1	226	112	971629	0	3173	1	0	0	0	0	3174
TP1_synth_reverse		68	A	970697	238	309	179	0	103	99	971625	3171	0	3	0	0	0	0	3174
TP1_synth_reverse		69	C	311	969217	2189	61	0	64	87	971929	0	3171	4	0	0	0	0	3175
TP1_synth_reverse		70	T	1030	111	73	59	0	128	970515	971916	0	0	2	0	0	0	3173	3175
TP1_synth_reverse		71	C	397	970628	393	24	0	377	93	971912	0	3172	3	0	0	0	0	3175
TP1_synth_reverse		72	C	718	970569	194	62	34	140	191	971908	0	3172	2	0	1	0	0	3175
TP1_synth_reverse		73	G	974	539	365	969090	66	364	503	971901	6	0	1	3164	1	0	3	3175
TP1_synth_reverse		74	A	971509	46	2	148	0	156	38	971899	3175	0	0	0	0	0	0	3175
TP1_synth_reverse		75	G	891	456	2	970383	0	53	108	971893	7	0	0	3168	0	0	0	3175
TP1_synth_reverse		76	T	1002	107	19	61	0	61	970635	971885	0	0	0	0	0	0	3175	3175
TP1_synth_reverse		77	G	3207	370	490	967496	1	66	237	971867	6	0	2	3167	0	0	0	3175
TP1_synth_reverse		78	C	534	967476	3041	33	4	501	271	971860	0	3172	3	0	0	0	0	3175
TP1_synth_reverse		79	G	1466	573	588	968382	0	140	707	971856	2	0	6	3165	0	0	2	3175
TP1_synth_reverse		80	G	1384	235	2	969617	0	160	434	971832	5	0	0	3168	0	0	2	3175
TP1_synth_reverse		81	C	295	971181	15	91	1	94	141	971818	0	3175	0	0	0	0	0	3175
TP1_synth_reverse		82	A	969773	45	1545	169	0	80	159	971771	3167	0	8	0	0	0	0	3175
TP1_synth_reverse		83	A	971019	73	236	101	0	232	104	971765	3171	0	4	0	0	0	0	3175
TP1_synth_reverse		84	A	971209	51	0	168	0	253	55	971736	3175	0	0	0	0	0	0	3175
TP1_synth_reverse		85	G	122	325	44	970841	0	144	172	971648	0	0	1	3174	0	0	0	3175
TP1_synth_reverse		86	C	563	970828	0	22	0	88	94	971595	0	3175	0	0	0	0	0	3175
TP1_synth_reverse		87	T	1230	96	4	32	0	337	969810	971509	0	0	0	0	0	0	3175	3175
TP1_synth_reverse		88	G	147	889	4	968492	776	138	218	970664	0	0	0	3174	1	0	0	3175
TP1_synth_reverse		89	T	692	149	1432	33	1	54	968260	970621	0	0	0	0	0	0	3175	3175
TP1_synth_reverse		90	T	749	118	0	24	2	83	969520	970496	0	0	0	0	0	0	3175	3175
TP1_synth_reverse		91	C	471	969435	0	45	1	355	94	970401	0	3175	0	0	0	0	0	3175
TP1_synth_reverse		92	C	425	968872	0	287	0	413	234	970231	0	3174	0	1	0	0	0	3175
TP1_synth_reverse		93	G	264	403	0	967250	0	163	166	968246	0	0	0	3175	0	0	0	3175
TP1_synth_reverse		94	T	566	121	0	42	0	88	967318	968135	0	0	0	0	0	0	3175	3175
TP1_synth_reverse		95	C	0	967459	0	0	0	191	0	967650	0	3175	0	0	0	0	0	3175
TP1_synth_reverse		96	C	0	965701	0	0	0	108	0	965809	0	3175	0	0	0	0	0	3175
TP1_synth_reverse		97	C	0	964905	0	0	0	187	0	965092	0	3175	0	0	0	0	0	3175
TP1_synth_reverse		98	A	962497	0	0	0	0	0	0	962497	3175	0	0	0	0	0	0	3175
TP1_synth_reverse		99	G	0	0	0	961680	0	0	0	961680	0	0	0	3175	0	0	0	3175
