



























































































































































































































#AmpliconChromStart	Alias	Position	ProbableRef	rawA	rawC	rawD	rawG	rawI	rawN	rawT	rawDepth	consA	consC	consD	consG	consI	consN	consT	consDepth	
TP1_synth_reverse		1	G	0	0	0	959520	0	0	0	959520	0	0	0	9066	0	0	0	9066
TP1_synth_reverse		2	T	0	0	0	0	0	0	960806	960806	0	0	0	0	0	0	9136	9136
TP1_synth_reverse		3	G	0	0	0	966733	0	122	0	966855	0	0	0	9238	0	2	0	9240
TP1_synth_reverse		4	G	0	0	0	968782	0	58	0	968840	0	0	0	9293	0	2	0	9295
TP1_synth_reverse		5	T	0	0	0	0	0	20	969163	969183	0	0	0	0	0	0	9332	9332
TP1_synth_reverse		6	G	127	85	0	967907	0	9	1506	969634	0	0	0	9387	0	0	4	9391
TP1_synth_reverse		7	A	969309	22	0	132	0	91	148	969702	9395	0	0	0	0	0	0	9395
TP1_synth_reverse		8	G	106	89	0	969318	0	121	109	969743	0	0	0	9390	0	4	3	9397
TP1_synth_reverse		9	G	105	159	0	970163	0	28	117	970572	1	1	0	9399	0	0	0	9401
TP1_synth_reverse		10	C	271	970141	2	31	0	41	119	970605	1	9401	0	0	0	0	0	9402
TP1_synth_reverse		11	T	196	146	543	16	20	28	969673	970622	0	0	2	0	0	0	9401	9403
TP1_synth_reverse		12	C	305	969833	186	29	0	100	187	970640	0	9405	0	0	0	0	0	9405
TP1_synth_reverse		13	C	461	969905	3	25	0	126	120	970640	0	9405	0	0	0	0	0	9405
TP1_synth_reverse		14	C	441	970013	0	23	0	48	115	970640	0	9404	0	0	0	1	0	9405
TP1_synth_reverse		15	C	317	970119	0	35	2	79	105	970657	0	9405	0	0	0	1	0	9406
TP1_synth_reverse		16	T	365	80	4065	18	0	232	965912	970672	1	0	20	0	0	1	9385	9407
TP1_synth_reverse		17	T	369	125	21	7	0	75	970086	970683	0	0	4	0	0	4	9400	9408
TP1_synth_reverse		18	T	357	131	21	13	0	72	970089	970683	0	0	4	0	0	3	9401	9408
TP1_synth_reverse		19	C	381	970069	107	18	0	68	101	970744	0	9401	8	0	0	0	0	9409
TP1_synth_reverse		20	T	267	91	73	20	0	27	970266	970744	0	0	1	0	0	0	9408	9409
TP1_synth_reverse		21	T	571	195	56	56	2	138	969726	970744	0	1	1	0	0	0	9407	9409
TP1_synth_reverse		22	G	618	466	137	969238	0	20	272	970751	6	0	2	9400	0	0	2	9410
TP1_synth_reverse		23	C	564	968235	1633	51	3	25	245	970756	0	9405	5	0	0	0	0	9410
TP1_synth_reverse		24	G	269	181	693	968855	0	50	708	970756	2	0	11	9394	0	2	1	9410
TP1_synth_reverse		25	G	141	703	5	969447	0	137	335	970768	0	1	0	9408	0	2	0	9411
TP1_synth_reverse		26	A	968840	19	1401	192	132	47	167	970798	9403	0	5	0	2	2	0	9412
TP1_synth_reverse		27	G	922	875	1172	967406	154	17	252	970798	4	0	6	9393	9	0	0	9412
TP1_synth_reverse		28	A	970360	55	55	91	65	43	136	970805	9406	0	4	0	3	0	0	9413
TP1_synth_reverse		29	T	302	102	3308	174	0	155	966764	970805	0	0	20	0	0	0	9393	9413
TP1_synth_reverse		30	T	1113	133	51	73	1	133	969308	970812	0	0	4	0	0	0	9410	9414
TP1_synth_reverse		31	C	495	969873	139	38	0	85	176	970806	0	9402	10	0	0	1	1	9414
TP1_synth_reverse		32	T	666	87	108	50	0	406	969487	970804	0	0	7	0	0	2	9405	9414
TP1_synth_reverse		33	C	406	968124	1996	44	3	143	81	970797	0	9398	15	0	0	1	0	9414
TP1_synth_reverse		34	T	742	158	782	79	5	101	968933	970800	0	2	4	0	0	1	9408	9415
TP1_synth_reverse		35	T	1642	144	416	78	1632	101	966770	970783	1	1	2	0	7	2	9402	9415
TP1_synth_reverse		36	C	537	968736	1310	45	4	59	95	970786	0	9388	28	0	0	0	0	9416
TP1_synth_reverse		37	C	568	969695	243	63	7	90	112	970778	1	9409	6	0	0	0	0	9416
TP1_synth_reverse		38	T	757	90	251	266	0	34	969370	970768	1	0	6	0	0	1	9408	9416
TP1_synth_reverse		39	C	408	968284	1870	34	0	75	91	970762	1	9376	39	0	0	0	0	9416
TP1_synth_reverse		40	T	1368	114	38	24	1	192	969022	970759	1	0	1	0	0	1	9413	9416
TP1_synth_reverse		41	G	548	606	2219	967017	0	27	333	970750	0	0	14	9400	0	0	2	9416
TP1_synth_reverse		42	T	2356	104	272	34	1	74	967899	970740	3	0	10	0	0	0	9402	9415
TP1_synth_reverse		43	G	1082	493	30	968363	1	442	364	970775	4	0	1	9409	0	2	0	9416
TP1_synth_reverse		44	C	527	968814	705	63	91	182	410	970792	0	9401	7	0	5	2	2	9417
TP1_synth_reverse		45	G	1626	314	29	967308	0	82	1423	970782	17	0	1	9399	0	0	0	9417
TP1_synth_reverse		46	C	798	966524	3312	34	0	23	98	970789	0	9401	17	0	0	0	0	9418
TP1_synth_reverse		47	C	375	969901	27	43	2	39	411	970798	1	9416	1	0	0	0	1	9419
TP1_synth_reverse		48	G	245	677	266	968471	1443	53	1079	972234	7	1	7	9403	6	2	0	9426
TP1_synth_reverse		49	A	969916	45	1812	110	0	234	135	972252	9414	0	14	0	0	0	0	9428
TP1_synth_reverse		50	T	1062	94	9	197	0	115	970761	972238	3	0	0	0	0	3	9422	9428
TP1_synth_reverse		51	A	970860	53	934	137	0	129	135	972248	9420	0	6	0	0	3	0	9429
TP1_synth_reverse		52	C	570	971102	4	114	0	323	132	972245	1	9426	0	0	0	2	0	9429
TP1_synth_reverse		53	A	971399	39	6	212	98	353	146	972253	9422	0	0	0	4	4	0	9430
TP1_synth_reverse		54	G	526	255	11	970873	3	93	487	972248	4	3	0	9415	0	3	5	9430
TP1_synth_reverse		55	A	971664	115	119	138	0	135	94	972265	9427	0	4	0	0	0	0	9431
TP1_synth_reverse		56	A	971365	10	442	199	2	95	150	972263	9422	0	6	0	0	3	0	9431
TP1_synth_reverse		57	T	1782	73	666	257	0	251	969204	972233	2	0	16	0	0	4	9409	9431
TP1_synth_reverse		58	A	971560	21	86	91	0	303	172	972233	9411	0	5	0	0	12	3	9431
TP1_synth_reverse		59	T	950	61	4	123	1	452	970622	972213	0	0	0	0	0	5	9426	9431
TP1_synth_reverse		60	C	808	970510	469	83	1	270	55	972196	0	9426	4	0	0	1	0	9431
TP1_synth_reverse		61	T	1348	88	3	56	0	220	970474	972189	1	0	0	0	0	5	9425	9431
TP1_synth_reverse		62	G	391	261	308	969053	24	343	1798	972178	1	0	8	9399	4	13	6	9431
TP1_synth_reverse		63	T	2286	87	51	24	18	192	969576	972234	2	0	6	0	0	7	9426	9441
TP1_synth_reverse		64	T	2098	70	157	30	22	51	969241	971669	2	0	1	0	1	0	9431	9435
TP1_synth_reverse		65	C	1151	969585	458	40	96	177	155	971662	0	9423	7	0	5	0	0	9435
TP1_synth_reverse		66	G	557	402	628	969651	0	63	356	971657	8	2	11	9414	0	0	0	9435
TP1_synth_reverse		67	C	934	970188	161	33	1	226	112	971655	0	9431	1	0	0	3	0	9435
TP1_synth_reverse		68	A	970723	238	309	179	0	103	99	971651	9427	0	3	0	0	5	0	9435
TP1_synth_reverse		69	C	313	969241	2189	61	0	64	87	971955	1	9419	16	0	0	0	0	9436
TP1_synth_reverse		70	T	1033	111	73	59	0	128	970538	971942	1	0	4	0	0	0	9431	9436
TP1_synth_reverse		71	C	397	970654	393	24	0	377	93	971938	1	9420	9	0	0	6	0	9436
TP1_synth_reverse		72	C	718	970595	194	62	34	140	191	971934	0	9427	3	0	1	5	0	9436
TP1_synth_reverse		73	G	974	540	365	969114	66	364	504	971927	11	2	1	9397	3	15	7	9436
TP1_synth_reverse		74	A	971535	47	2	147	0	156	38	971925	9431	0	0	0	0	5	0	9436
TP1_synth_reverse		75	G	891	456	2	970408	0	53	109	971919	18	1	0	9416	0	1	0	9436
TP1_synth_reverse		76	T	1004	107	19	61	0	61	970659	971911	1	0	3	0	0	1	9431	9436
TP1_synth_reverse		77	G	3207	371	490	967521	1	66	237	971893	25	2	3	9405	0	0	1	9436
TP1_synth_reverse		78	C	533	967503	3041	33	4	501	271	971886	0	9415	12	0	1	8	0	9436
TP1_synth_reverse		79	G	1466	573	588	968409	0	140	706	971882	5	1	13	9411	0	3	3	9436
TP1_synth_reverse		80	G	1384	236	2	969642	0	160	434	971858	16	1	0	9412	0	4	3	9436
TP1_synth_reverse		81	C	294	971208	15	91	1	94	141	971844	0	9434	0	0	0	2	0	9436
TP1_synth_reverse		82	A	969799	45	1545	169	0	80	159	971797	9420	0	15	0	0	1	0	9436
TP1_synth_reverse		83	A	971045	73	236	101	0	232	104	971791	9422	0	9	0	0	5	0	9436
TP1_synth_reverse		84	A	971235	51	0	168	0	253	55	971762	9435	0	0	0	0	1	0	9436
TP1_synth_reverse		85	G	123	326	44	970864	0	144	172	971673	0	1	6	9428	0	1	0	9436
TP1_synth_reverse		86	C	565	970851	0	22	0	88	94	971620	0	9436	0	0	0	0	0	9436
TP1_synth_reverse		87	T	1230	96	4	32	0	337	969835	971534	1	0	0	0	0	3	9432	9436
TP1_synth_reverse		88	G	147	890	4	968516	776	138	218	970689	0	0	0	9423	5	5	0	9433
TP1_synth_reverse		89	T	692	149	1432	33	1	54	968285	970646	0	0	0	0	0	2	9430	9432
TP1_synth_reverse		90	T	752	118	0	23	2	83	969543	970521	1	0	0	0	0	0	9429	9430
TP1_synth_reverse		91	C	471	969460	0	45	1	355	94	970426	0	9429	0	0	0	1	0	9430
TP1_synth_reverse		92	C	425	968897	0	287	0	413	234	970256	0	9421	0	2	0	7	0	9430
TP1_synth_reverse		93	G	264	403	0	967275	0	163	166	968271	1	1	0	9415	0	4	1	9422
TP1_synth_reverse		94	T	567	121	0	43	0	88	967341	968160	0	0	0	0	0	0	9420	9420
TP1_synth_reverse		95	C	0	967484	0	0	0	191	0	967675	0	9419	0	0	0	0	0	9419
TP1_synth_reverse		96	C	0	965726	0	0	0	108	0	965834	0	9416	0	0	0	2	0	9418
TP1_synth_reverse		97	C	0	964930	0	0	0	187	0	965117	0	9411	0	0	0	5	0	9416
TP1_synth_reverse		98	A	962522	0	0	0	0	0	0	962522	9408	0	0	0	0	0	0	9408
TP1_synth_reverse		99	G	0	0	0	961705	0	0	0	961705	0	0	0	9405	0	0	0	9405
