



























































































































































































































#AmpliconChromStart	Alias	Position	ProbableRef	rawA	rawC	rawD	rawG	rawI	rawN	rawT	rawDepth	consA	consC	consD	consG	consI	consN	consT	consDepth	
TP1_synth_reverse		1	G	0	0	0	959520	0	0	0	959520	0	0	0	2340	0	0	0	2340
TP1_synth_reverse		2	T	0	0	0	0	0	0	960806	960806	0	0	0	0	0	0	2342	2342
TP1_synth_reverse		3	G	0	0	0	966733	0	122	0	966855	0	0	0	2351	0	0	0	2351
TP1_synth_reverse		4	G	0	0	0	968782	0	58	0	968840	0	0	0	2353	0	0	0	2353
TP1_synth_reverse		5	T	0	0	0	0	0	20	969163	969183	0	0	0	0	0	0	2355	2355
TP1_synth_reverse		6	G	127	85	0	967907	0	9	1506	969634	0	0	0	2355	0	0	1	2356
TP1_synth_reverse		7	A	969309	22	0	132	0	91	148	969702	2356	0	0	0	0	0	0	2356
TP1_synth_reverse		8	G	106	89	0	969318	0	121	109	969743	0	0	0	2356	0	0	0	2356
TP1_synth_reverse		9	G	105	159	0	970163	0	28	117	970572	0	0	0	2357	0	0	0	2357
TP1_synth_reverse		10	C	271	970141	2	31	0	41	119	970605	1	2356	0	0	0	0	0	2357
TP1_synth_reverse		11	T	196	146	543	16	20	28	969673	970622	0	0	1	0	0	0	2356	2357
TP1_synth_reverse		12	C	305	969815	186	29	0	100	187	970622	0	2357	0	0	0	0	0	2357
TP1_synth_reverse		13	C	461	969887	3	25	0	126	120	970622	0	2357	0	0	0	0	0	2357
TP1_synth_reverse		14	C	441	969995	0	23	0	48	115	970622	0	2357	0	0	0	0	0	2357
TP1_synth_reverse		15	C	317	970101	0	35	2	79	105	970639	0	2357	0	0	0	0	0	2357
TP1_synth_reverse		16	T	365	80	4065	18	0	232	965894	970654	0	0	6	0	0	0	2351	2357
TP1_synth_reverse		17	T	366	125	21	7	0	75	970071	970665	0	0	0	0	0	0	2357	2357
TP1_synth_reverse		18	T	355	131	21	13	0	72	970073	970665	0	0	0	0	0	0	2357	2357
TP1_synth_reverse		19	C	381	970051	107	18	0	68	101	970726	0	2356	2	0	0	0	0	2358
TP1_synth_reverse		20	T	266	91	73	20	0	27	970249	970726	0	0	1	0	0	0	2357	2358
TP1_synth_reverse		21	T	570	195	56	56	2	138	969709	970726	0	1	1	0	0	0	2356	2358
TP1_synth_reverse		22	G	618	465	137	969221	0	20	272	970733	4	0	1	2353	0	0	0	2358
TP1_synth_reverse		23	C	563	968218	1633	51	3	25	245	970738	0	2356	2	0	0	0	0	2358
TP1_synth_reverse		24	G	269	180	693	968838	0	50	708	970738	1	0	4	2353	0	0	0	2358
TP1_synth_reverse		25	G	141	701	5	969431	0	137	335	970750	0	0	0	2358	0	0	0	2358
TP1_synth_reverse		26	A	968822	19	1401	192	132	47	167	970780	2356	0	1	0	1	0	0	2358
TP1_synth_reverse		27	G	922	874	1172	967390	154	17	251	970780	1	0	2	2354	1	0	0	2358
TP1_synth_reverse		28	A	970342	55	55	91	65	43	136	970787	2357	0	0	0	1	0	0	2358
TP1_synth_reverse		29	T	302	102	3308	172	0	155	966748	970787	0	0	7	0	0	0	2351	2358
TP1_synth_reverse		30	T	1111	133	51	73	1	133	969292	970794	0	0	0	0	0	0	2358	2358
TP1_synth_reverse		31	C	495	969855	139	38	0	85	176	970788	0	2356	1	0	0	0	1	2358
TP1_synth_reverse		32	T	666	87	108	50	0	406	969469	970786	0	0	1	0	0	0	2357	2358
TP1_synth_reverse		33	C	406	968106	1996	44	3	143	81	970779	0	2355	3	0	0	0	0	2358
TP1_synth_reverse		34	T	742	158	782	79	5	101	968915	970782	0	0	2	0	0	0	2356	2358
TP1_synth_reverse		35	T	1641	144	416	78	1632	101	966753	970765	0	0	1	0	2	0	2355	2358
TP1_synth_reverse		36	C	537	968718	1310	45	4	59	95	970768	0	2349	9	0	0	0	0	2358
TP1_synth_reverse		37	C	568	969677	243	63	7	90	112	970760	0	2356	2	0	0	0	0	2358
TP1_synth_reverse		38	T	756	90	251	264	0	34	969355	970750	0	0	2	0	0	0	2356	2358
TP1_synth_reverse		39	C	408	968266	1870	34	0	75	91	970744	0	2346	12	0	0	0	0	2358
TP1_synth_reverse		40	T	1367	114	38	24	1	192	969005	970741	0	0	0	0	0	0	2358	2358
TP1_synth_reverse		41	G	548	605	2219	967000	0	27	333	970732	0	0	5	2353	0	0	0	2358
TP1_synth_reverse		42	T	2353	104	272	34	1	74	967891	970729	0	0	3	0	0	0	2355	2358
TP1_synth_reverse		43	G	1082	493	30	968352	1	442	364	970764	1	0	0	2358	0	0	0	2359
TP1_synth_reverse		44	C	527	968803	705	63	91	182	410	970781	0	2355	2	0	2	0	0	2359
TP1_synth_reverse		45	G	1626	314	29	967298	0	82	1422	970771	4	0	0	2355	0	0	0	2359
TP1_synth_reverse		46	C	798	966513	3312	34	0	23	98	970778	0	2354	5	0	0	0	0	2359
TP1_synth_reverse		47	C	376	969889	27	43	2	39	411	970787	0	2358	0	0	0	0	1	2359
TP1_synth_reverse		48	G	246	677	266	968458	1443	53	1080	972223	0	0	1	2356	3	0	0	2360
TP1_synth_reverse		49	A	969909	45	1809	110	0	234	135	972242	2357	0	3	0	0	0	0	2360
TP1_synth_reverse		50	T	1062	94	9	197	0	115	970751	972228	0	0	0	0	0	0	2360	2360
TP1_synth_reverse		51	A	970850	53	934	137	0	129	135	972238	2356	0	4	0	0	0	0	2360
TP1_synth_reverse		52	C	569	971093	4	114	0	323	132	972235	0	2360	0	0	0	0	0	2360
TP1_synth_reverse		53	A	971389	39	6	212	98	353	146	972243	2359	0	0	0	1	0	0	2360
TP1_synth_reverse		54	G	526	255	11	970862	3	93	488	972238	3	0	0	2356	0	0	1	2360
TP1_synth_reverse		55	A	971654	115	119	138	0	135	94	972255	2359	0	1	0	0	0	0	2360
TP1_synth_reverse		56	A	971355	10	442	199	2	95	150	972253	2357	0	3	0	0	0	0	2360
TP1_synth_reverse		57	T	1782	73	666	257	0	251	969194	972223	0	0	6	0	0	0	2354	2360
TP1_synth_reverse		58	A	971550	21	86	91	0	303	172	972223	2358	0	2	0	0	0	0	2360
TP1_synth_reverse		59	T	949	61	4	123	1	452	970613	972203	0	0	0	0	0	0	2360	2360
TP1_synth_reverse		60	C	809	970499	469	83	1	270	55	972186	0	2358	2	0	0	0	0	2360
TP1_synth_reverse		61	T	1346	88	3	56	0	220	970466	972179	0	0	0	0	0	0	2360	2360
TP1_synth_reverse		62	G	391	260	308	969045	24	343	1797	972168	0	0	5	2354	0	0	1	2360
TP1_synth_reverse		63	T	2288	87	51	24	18	192	969564	972224	0	0	0	0	0	0	2360	2360
TP1_synth_reverse		64	T	2099	70	157	30	22	51	969230	971659	0	0	1	0	1	0	2357	2359
TP1_synth_reverse		65	C	1151	969575	458	40	96	177	155	971652	0	2355	2	0	2	0	0	2359
TP1_synth_reverse		66	G	556	401	628	969643	0	63	356	971647	2	0	4	2353	0	0	0	2359
TP1_synth_reverse		67	C	933	970179	161	33	1	226	112	971645	0	2358	1	0	0	0	0	2359
TP1_synth_reverse		68	A	970713	238	309	179	0	103	99	971641	2356	0	3	0	0	0	0	2359
TP1_synth_reverse		69	C	313	969231	2189	61	0	64	87	971945	0	2356	4	0	0	0	0	2360
TP1_synth_reverse		70	T	1031	111	73	59	0	128	970530	971932	0	0	1	0	0	0	2359	2360
TP1_synth_reverse		71	C	397	970644	393	24	0	377	93	971928	0	2357	3	0	0	0	0	2360
TP1_synth_reverse		72	C	718	970585	194	62	34	140	191	971924	0	2357	2	0	1	0	0	2360
TP1_synth_reverse		73	G	974	540	365	969105	66	364	503	971917	5	0	1	2351	1	0	2	2360
TP1_synth_reverse		74	A	971524	47	2	148	0	156	38	971915	2360	0	0	0	0	0	0	2360
TP1_synth_reverse		75	G	891	456	2	970398	0	53	109	971909	6	0	0	2354	0	0	0	2360
TP1_synth_reverse		76	T	1005	107	19	61	0	61	970648	971901	0	0	0	0	0	0	2360	2360
TP1_synth_reverse		77	G	3207	370	490	967512	1	66	237	971883	4	0	2	2354	0	0	0	2360
TP1_synth_reverse		78	C	534	967492	3041	33	4	501	271	971876	0	2357	3	0	0	0	0	2360
TP1_synth_reverse		79	G	1466	573	588	968398	0	140	707	971872	1	0	5	2352	0	0	2	2360
TP1_synth_reverse		80	G	1384	236	2	969634	0	160	432	971848	4	0	0	2354	0	0	2	2360
TP1_synth_reverse		81	C	294	971198	15	91	1	94	141	971834	0	2360	0	0	0	0	0	2360
TP1_synth_reverse		82	A	969789	45	1545	169	0	80	159	971787	2354	0	6	0	0	0	0	2360
TP1_synth_reverse		83	A	971035	73	236	101	0	232	104	971781	2357	0	3	0	0	0	0	2360
TP1_synth_reverse		84	A	971225	51	0	168	0	253	55	971752	2360	0	0	0	0	0	0	2360
TP1_synth_reverse		85	G	122	326	44	970855	0	144	172	971663	0	0	0	2360	0	0	0	2360
TP1_synth_reverse		86	C	565	970842	0	22	0	88	93	971610	0	2360	0	0	0	0	0	2360
TP1_synth_reverse		87	T	1229	96	4	32	0	337	969826	971524	0	0	0	0	0	0	2360	2360
TP1_synth_reverse		88	G	147	890	4	968507	776	138	217	970679	0	0	0	2359	1	0	0	2360
TP1_synth_reverse		89	T	692	149	1432	33	1	54	968275	970636	0	0	0	0	0	0	2360	2360
TP1_synth_reverse		90	T	752	118	0	24	2	83	969532	970511	0	0	0	0	0	0	2360	2360
TP1_synth_reverse		91	C	471	969450	0	45	1	355	94	970416	0	2360	0	0	0	0	0	2360
TP1_synth_reverse		92	C	425	968887	0	287	0	413	234	970246	0	2359	0	1	0	0	0	2360
TP1_synth_reverse		93	G	264	403	0	967266	0	163	166	968262	0	0	0	2360	0	0	0	2360
TP1_synth_reverse		94	T	567	121	0	43	0	88	967332	968151	0	0	0	0	0	0	2360	2360
TP1_synth_reverse		95	C	0	967475	0	0	0	191	0	967666	0	2360	0	0	0	0	0	2360
TP1_synth_reverse		96	C	0	965718	0	0	0	108	0	965826	0	2360	0	0	0	0	0	2360
TP1_synth_reverse		97	C	0	964923	0	0	0	187	0	965110	0	2360	0	0	0	0	0	2360
TP1_synth_reverse		98	A	962515	0	0	0	0	0	0	962515	2360	0	0	0	0	0	0	2360
TP1_synth_reverse		99	G	0	0	0	961697	0	0	0	961697	0	0	0	2360	0	0	0	2360
