



























































































































































































































#AmpliconChromStart	Alias	Position	ProbableRef	rawA	rawC	rawD	rawG	rawI	rawN	rawT	rawDepth	consA	consC	consD	consG	consI	consN	consT	consDepth	
TP1_synth_reverse		1	G	0	0	0	959520	0	0	0	959520	0	0	0	4480	0	0	0	4480
TP1_synth_reverse		2	T	0	0	0	0	0	0	960806	960806	0	0	0	0	0	0	4490	4490
TP1_synth_reverse		3	G	0	0	0	966733	0	122	0	966855	0	0	0	4505	0	0	0	4505
TP1_synth_reverse		4	G	0	0	0	968782	0	58	0	968840	0	0	0	4511	0	0	0	4511
TP1_synth_reverse		5	T	0	0	0	0	0	20	969163	969183	0	0	0	0	0	0	4513	4513
TP1_synth_reverse		6	G	127	85	0	967907	0	9	1506	969634	0	0	0	4512	0	0	2	4514
TP1_synth_reverse		7	A	969309	22	0	132	0	91	148	969702	4515	0	0	0	0	0	0	4515
TP1_synth_reverse		8	G	106	89	0	969318	0	121	109	969743	0	0	0	4517	0	0	0	4517
TP1_synth_reverse		9	G	105	159	0	970163	0	28	117	970572	0	0	0	4519	0	0	0	4519
TP1_synth_reverse		10	C	271	970141	2	31	0	41	119	970605	1	4519	0	0	0	0	0	4520
TP1_synth_reverse		11	T	196	146	543	16	20	28	969673	970622	0	0	1	0	0	0	4519	4520
TP1_synth_reverse		12	C	305	969833	186	29	0	100	187	970640	0	4521	0	0	0	0	0	4521
TP1_synth_reverse		13	C	461	969905	3	25	0	126	120	970640	0	4521	0	0	0	0	0	4521
TP1_synth_reverse		14	C	441	970013	0	23	0	48	115	970640	0	4521	0	0	0	0	0	4521
TP1_synth_reverse		15	C	317	970119	0	35	2	79	105	970657	0	4522	0	0	0	0	0	4522
TP1_synth_reverse		16	T	365	80	4065	18	0	232	965912	970672	0	0	11	0	0	0	4511	4522
TP1_synth_reverse		17	T	369	125	21	7	0	75	970086	970683	0	0	1	0	0	0	4521	4522
TP1_synth_reverse		18	T	357	131	21	13	0	72	970089	970683	0	0	1	0	0	0	4521	4522
TP1_synth_reverse		19	C	381	970069	107	18	0	68	101	970744	0	4520	3	0	0	0	0	4523
TP1_synth_reverse		20	T	267	91	73	20	0	27	970266	970744	0	0	1	0	0	0	4522	4523
TP1_synth_reverse		21	T	571	195	56	56	2	138	969726	970744	0	1	1	0	0	0	4521	4523
TP1_synth_reverse		22	G	618	466	137	969238	0	20	272	970751	5	0	1	4516	0	0	1	4523
TP1_synth_reverse		23	C	564	968235	1633	51	3	25	245	970756	0	4521	2	0	0	0	0	4523
TP1_synth_reverse		24	G	269	181	693	968855	0	50	708	970756	1	0	5	4517	0	0	0	4523
TP1_synth_reverse		25	G	141	703	5	969447	0	137	335	970768	0	0	0	4524	0	0	0	4524
TP1_synth_reverse		26	A	968810	19	1401	192	132	47	167	970768	4520	0	3	0	1	0	0	4524
TP1_synth_reverse		27	G	922	875	1172	967376	154	17	252	970768	2	0	2	4516	4	0	0	4524
TP1_synth_reverse		28	A	970330	55	55	91	65	43	136	970775	4521	0	2	0	2	0	0	4525
TP1_synth_reverse		29	T	302	102	3308	174	0	155	966734	970775	0	0	12	0	0	0	4513	4525
TP1_synth_reverse		30	T	1113	133	51	73	1	133	969278	970782	0	0	3	0	0	0	4522	4525
TP1_synth_reverse		31	C	494	969844	139	38	0	85	176	970776	0	4517	7	0	0	0	1	4525
TP1_synth_reverse		32	T	666	87	108	50	0	406	969457	970774	0	0	4	0	0	0	4521	4525
TP1_synth_reverse		33	C	403	968097	1996	44	3	143	81	970767	0	4518	7	0	0	0	0	4525
TP1_synth_reverse		34	T	739	158	782	79	5	101	968906	970770	0	1	2	0	0	0	4522	4525
TP1_synth_reverse		35	T	1637	144	416	78	1632	101	966745	970753	0	0	1	0	2	0	4522	4525
TP1_synth_reverse		36	C	536	968707	1310	45	4	59	95	970756	0	4512	13	0	0	0	0	4525
TP1_synth_reverse		37	C	565	969668	243	63	7	90	112	970748	0	4521	4	0	0	0	0	4525
TP1_synth_reverse		38	T	756	90	251	264	0	34	969343	970738	0	0	4	0	0	0	4521	4525
TP1_synth_reverse		39	C	408	968254	1870	34	0	75	91	970732	1	4505	19	0	0	0	0	4525
TP1_synth_reverse		40	T	1366	114	38	24	1	192	968994	970729	0	0	0	0	0	0	4525	4525
TP1_synth_reverse		41	G	547	605	2219	966991	0	27	331	970720	0	0	8	4516	0	0	1	4525
TP1_synth_reverse		42	T	2354	104	271	34	1	74	967879	970717	0	0	8	0	0	0	4517	4525
TP1_synth_reverse		43	G	1082	492	30	968341	1	442	364	970752	1	0	0	4525	0	0	0	4526
TP1_synth_reverse		44	C	525	968793	705	63	91	182	410	970769	0	4520	4	0	3	0	0	4527
TP1_synth_reverse		45	G	1626	312	29	967290	0	82	1420	970759	6	0	0	4521	0	0	0	4527
TP1_synth_reverse		46	C	797	966502	3312	34	0	23	98	970766	0	4521	6	0	0	0	0	4527
TP1_synth_reverse		47	C	375	969878	27	43	2	39	411	970775	0	4526	0	0	0	0	1	4527
TP1_synth_reverse		48	G	246	677	266	968454	1443	53	1072	972211	1	0	4	4522	3	0	0	4530
TP1_synth_reverse		49	A	969893	45	1812	110	0	234	135	972229	4524	0	7	0	0	0	0	4531
TP1_synth_reverse		50	T	1057	94	9	197	0	115	970743	972215	0	0	0	0	0	0	4531	4531
TP1_synth_reverse		51	A	970837	53	934	137	0	129	135	972225	4528	0	4	0	0	0	0	4532
TP1_synth_reverse		52	C	562	971087	4	114	0	323	132	972222	0	4532	0	0	0	0	0	4532
TP1_synth_reverse		53	A	971376	39	6	212	98	353	146	972230	4531	0	0	0	2	0	0	4533
TP1_synth_reverse		54	G	522	253	11	970856	3	93	487	972225	3	1	0	4526	0	0	3	4533
TP1_synth_reverse		55	A	971641	115	119	138	0	135	94	972242	4533	0	1	0	0	0	0	4534
TP1_synth_reverse		56	A	971342	10	442	199	2	95	150	972240	4530	0	4	0	0	0	0	4534
TP1_synth_reverse		57	T	1776	73	666	257	0	251	969188	972211	0	0	10	0	0	0	4524	4534
TP1_synth_reverse		58	A	971538	21	86	91	0	303	172	972211	4530	0	2	0	0	0	2	4534
TP1_synth_reverse		59	T	950	61	4	123	1	452	970600	972191	0	0	0	0	0	0	4534	4534
TP1_synth_reverse		60	C	808	970488	469	83	1	270	55	972174	0	4532	2	0	0	0	0	4534
TP1_synth_reverse		61	T	1347	88	3	56	0	220	970453	972167	0	0	0	0	0	0	4534	4534
TP1_synth_reverse		62	G	388	260	308	969035	24	343	1798	972156	0	0	5	4527	1	0	1	4534
TP1_synth_reverse		63	T	2286	87	51	24	18	192	969554	972212	0	0	3	0	0	0	4536	4539
TP1_synth_reverse		64	T	2097	70	157	30	22	51	969220	971647	0	0	1	0	1	0	4534	4536
TP1_synth_reverse		65	C	1151	969563	458	40	96	177	155	971640	0	4532	2	0	2	0	0	4536
TP1_synth_reverse		66	G	557	401	628	969630	0	63	356	971635	3	0	6	4527	0	0	0	4536
TP1_synth_reverse		67	C	934	970166	161	33	1	226	112	971633	0	4535	1	0	0	0	0	4536
TP1_synth_reverse		68	A	970701	238	309	179	0	103	99	971629	4533	0	3	0	0	0	0	4536
TP1_synth_reverse		69	C	312	969220	2189	61	0	64	87	971933	0	4532	5	0	0	0	0	4537
TP1_synth_reverse		70	T	1032	111	73	59	0	128	970517	971920	0	0	2	0	0	0	4535	4537
TP1_synth_reverse		71	C	397	970632	393	24	0	377	93	971916	0	4533	4	0	0	0	0	4537
TP1_synth_reverse		72	C	717	970574	194	62	34	140	191	971912	0	4534	2	0	1	0	0	4537
TP1_synth_reverse		73	G	974	540	365	969092	66	364	504	971905	7	0	1	4523	2	0	4	4537
TP1_synth_reverse		74	A	971512	47	2	148	0	156	38	971903	4537	0	0	0	0	0	0	4537
TP1_synth_reverse		75	G	891	456	2	970386	0	53	109	971897	9	0	0	4528	0	0	0	4537
TP1_synth_reverse		76	T	1004	107	19	61	0	61	970637	971889	0	0	1	0	0	0	4536	4537
TP1_synth_reverse		77	G	3207	371	490	967499	1	66	237	971871	9	0	2	4526	0	0	0	4537
TP1_synth_reverse		78	C	532	967482	3041	33	4	501	271	971864	0	4532	5	0	0	0	0	4537
TP1_synth_reverse		79	G	1466	573	588	968387	0	140	706	971860	2	0	8	4525	0	0	2	4537
TP1_synth_reverse		80	G	1384	236	2	969620	0	160	434	971836	7	0	0	4528	0	0	2	4537
TP1_synth_reverse		81	C	295	971185	15	91	1	94	141	971822	0	4537	0	0	0	0	0	4537
TP1_synth_reverse		82	A	969777	45	1545	169	0	80	159	971775	4527	0	10	0	0	0	0	4537
TP1_synth_reverse		83	A	971023	73	236	101	0	232	104	971769	4532	0	5	0	0	0	0	4537
TP1_synth_reverse		84	A	971213	51	0	168	0	253	55	971740	4537	0	0	0	0	0	0	4537
TP1_synth_reverse		85	G	123	326	44	970843	0	144	172	971652	0	0	2	4535	0	0	0	4537
TP1_synth_reverse		86	C	564	970831	0	22	0	88	94	971599	0	4537	0	0	0	0	0	4537
TP1_synth_reverse		87	T	1228	96	4	32	0	337	969817	971514	0	0	0	0	0	0	4537	4537
TP1_synth_reverse		88	G	147	889	4	968497	776	138	218	970669	0	0	0	4536	1	0	0	4537
TP1_synth_reverse		89	T	691	149	1432	33	1	54	968266	970626	0	0	0	0	0	0	4537	4537
TP1_synth_reverse		90	T	752	118	0	24	2	83	969522	970501	0	0	0	0	0	0	4537	4537
TP1_synth_reverse		91	C	471	969440	0	45	1	355	94	970406	0	4537	0	0	0	0	0	4537
TP1_synth_reverse		92	C	425	968877	0	287	0	413	234	970236	0	4536	0	1	0	0	0	4537
TP1_synth_reverse		93	G	264	403	0	967256	0	163	165	968251	1	0	0	4536	0	0	0	4537
TP1_synth_reverse		94	T	566	121	0	43	0	88	967322	968140	0	0	0	0	0	0	4537	4537
TP1_synth_reverse		95	C	0	967464	0	0	0	191	0	967655	0	4537	0	0	0	0	0	4537
TP1_synth_reverse		96	C	0	965706	0	0	0	108	0	965814	0	4537	0	0	0	0	0	4537
TP1_synth_reverse		97	C	0	964910	0	0	0	187	0	965097	0	4537	0	0	0	0	0	4537
TP1_synth_reverse		98	A	962502	0	0	0	0	0	0	962502	4535	0	0	0	0	0	0	4535
TP1_synth_reverse		99	G	0	0	0	961684	0	0	0	961684	0	0	0	4535	0	0	0	4535
