



























































































































































































































#AmpliconChromStart	Alias	Position	ProbableRef	rawA	rawC	rawD	rawG	rawI	rawN	rawT	rawDepth	consA	consC	consD	consG	consI	consN	consT	consDepth	
TP1_synth_reverse		1	G	0	0	0	959520	0	0	0	959520	0	0	0	36028	0	0	0	36028
TP1_synth_reverse		2	T	0	0	0	0	0	0	960806	960806	0	0	0	0	0	0	36413	36413
TP1_synth_reverse		3	G	0	0	0	966733	0	122	0	966855	0	0	0	36818	0	54	0	36872
TP1_synth_reverse		4	G	0	0	0	968782	0	58	0	968840	0	0	0	37174	0	32	0	37206
TP1_synth_reverse		5	T	0	0	0	0	0	20	969163	969183	0	0	0	0	0	14	37429	37443
TP1_synth_reverse		6	G	127	85	0	967907	0	9	1506	969634	5	7	0	37741	0	5	28	37786
TP1_synth_reverse		7	A	969309	22	0	132	0	91	148	969702	37794	1	0	5	0	29	5	37834
TP1_synth_reverse		8	G	106	89	0	969318	0	121	109	969743	3	12	0	37785	0	28	19	37847
TP1_synth_reverse		9	G	105	159	0	970163	0	28	117	970572	8	32	0	37828	0	1	16	37885
TP1_synth_reverse		10	C	271	970141	2	31	0	41	119	970605	40	37861	1	0	0	0	6	37908
TP1_synth_reverse		11	T	196	146	543	16	20	28	969673	970622	27	5	5	2	1	2	37882	37924
TP1_synth_reverse		12	C	305	969833	186	29	0	100	187	970640	45	37838	9	1	0	34	5	37932
TP1_synth_reverse		13	C	461	969905	3	25	0	126	120	970640	62	37804	0	1	0	60	5	37932
TP1_synth_reverse		14	C	441	970013	0	23	0	48	115	970640	42	37870	0	0	0	19	1	37932
TP1_synth_reverse		15	C	317	970119	0	35	2	79	105	970657	38	37866	0	1	0	35	4	37944
TP1_synth_reverse		16	T	365	80	4065	18	0	232	965897	970657	67	4	122	0	0	63	37688	37944
TP1_synth_reverse		17	T	369	125	21	7	0	75	970071	970668	61	0	8	0	0	26	37857	37952
TP1_synth_reverse		18	T	357	131	21	13	0	72	970074	970668	60	2	8	0	0	11	37871	37952
TP1_synth_reverse		19	C	381	970054	107	18	0	68	101	970729	115	37812	16	1	0	22	2	37968
TP1_synth_reverse		20	T	267	91	73	20	0	27	970251	970729	52	4	5	1	0	10	37896	37968
TP1_synth_reverse		21	T	571	195	56	56	2	138	969711	970729	131	6	3	4	2	3	37819	37968
TP1_synth_reverse		22	G	618	465	137	969224	0	20	272	970736	28	137	6	37761	0	0	41	37973
TP1_synth_reverse		23	C	564	968220	1633	51	3	25	245	970741	90	37844	31	1	3	2	7	37978
TP1_synth_reverse		24	G	269	181	693	968843	0	50	705	970741	16	47	27	37790	0	15	83	37978
TP1_synth_reverse		25	G	141	703	5	969433	0	137	334	970753	15	141	0	37753	0	27	50	37986
TP1_synth_reverse		26	A	968825	19	1401	192	132	47	167	970783	37936	4	21	1	9	24	3	37998
TP1_synth_reverse		27	G	921	875	1172	967392	154	17	252	970783	24	109	26	37742	15	7	75	37998
TP1_synth_reverse		28	A	970345	55	55	91	65	43	136	970790	37960	4	11	2	5	15	4	38001
TP1_synth_reverse		29	T	301	102	3307	174	0	155	966751	970790	56	5	121	15	0	38	37766	38001
TP1_synth_reverse		30	T	1112	133	51	73	1	133	969294	970797	269	8	10	13	1	15	37691	38007
TP1_synth_reverse		31	C	494	969859	139	38	0	85	176	970791	151	37786	30	2	0	27	8	38004
TP1_synth_reverse		32	T	666	87	108	50	0	406	969472	970789	97	0	21	1	0	31	37854	38004
TP1_synth_reverse		33	C	406	968109	1996	44	3	143	81	970782	138	37762	77	1	0	18	3	37999
TP1_synth_reverse		34	T	741	158	782	79	5	101	968919	970785	117	13	34	3	1	7	37826	38001
TP1_synth_reverse		35	T	1642	144	416	78	1632	101	966755	970768	397	10	16	3	41	35	37493	37995
TP1_synth_reverse		36	C	537	968721	1310	45	4	59	95	970771	80	37820	77	5	2	12	0	37996
TP1_synth_reverse		37	C	566	969682	243	63	7	90	112	970763	87	37880	15	2	0	8	3	37995
TP1_synth_reverse		38	T	757	90	251	266	0	34	969355	970753	155	0	16	17	0	15	37786	37989
TP1_synth_reverse		39	C	406	968271	1870	34	0	75	91	970747	66	37797	106	1	0	13	3	37986
TP1_synth_reverse		40	T	1367	114	38	24	1	192	969008	970744	207	6	7	1	1	14	37747	37983
TP1_synth_reverse		41	G	547	606	2219	967003	0	27	333	970735	58	125	76	37638	0	1	77	37975
TP1_synth_reverse		42	T	2353	104	272	34	1	74	967894	970732	445	3	36	5	1	13	37469	37972
TP1_synth_reverse		43	G	1082	493	30	968356	1	442	363	970767	70	82	6	37719	0	48	51	37976
TP1_synth_reverse		44	C	525	968808	705	63	91	182	410	970784	93	37790	29	5	14	35	16	37982
TP1_synth_reverse		45	G	1626	314	29	967302	0	82	1421	970774	79	77	5	37612	0	46	157	37976
TP1_synth_reverse		46	C	797	966517	3312	34	0	23	98	970781	223	37629	113	3	0	7	6	37981
TP1_synth_reverse		47	C	374	969894	27	43	2	39	411	970790	67	37880	6	4	0	20	13	37990
TP1_synth_reverse		48	G	246	677	266	968463	1443	53	1078	972226	26	197	37	37578	40	18	142	38038
TP1_synth_reverse		49	A	969908	45	1812	110	0	234	135	972244	37983	9	54	6	0	28	6	38086
TP1_synth_reverse		50	T	1062	94	9	197	0	115	970753	972230	171	3	3	27	0	22	37851	38077
TP1_synth_reverse		51	A	970852	53	934	137	0	129	135	972240	37999	7	24	7	0	41	4	38082
TP1_synth_reverse		52	C	569	971095	4	114	0	323	132	972237	155	37884	0	23	0	14	3	38079
TP1_synth_reverse		53	A	971391	39	6	212	98	353	146	972245	38046	2	0	6	6	18	6	38084
TP1_synth_reverse		54	G	526	255	11	970864	3	93	488	972240	31	37	0	37945	0	14	55	38082
TP1_synth_reverse		55	A	971656	115	119	138	0	135	94	972257	38051	16	11	1	0	5	0	38084
TP1_synth_reverse		56	A	971358	10	442	199	2	95	149	972255	38028	2	24	11	1	14	4	38084
TP1_synth_reverse		57	T	1783	72	666	257	0	251	969196	972225	256	4	45	22	0	27	37719	38073
TP1_synth_reverse		58	A	971552	21	86	91	0	303	172	972225	37909	2	10	2	0	143	7	38073
TP1_synth_reverse		59	T	950	61	4	123	1	452	970614	972205	131	4	1	8	1	60	37857	38062
TP1_synth_reverse		60	C	807	970503	469	83	1	270	55	972188	180	37829	16	5	1	23	2	38056
TP1_synth_reverse		61	T	1347	88	3	56	0	220	970467	972181	207	2	1	7	0	37	37799	38053
TP1_synth_reverse		62	G	391	261	308	969045	24	343	1798	972170	44	27	25	37627	7	153	163	38046
TP1_synth_reverse		63	T	2289	87	51	24	18	192	969565	972226	417	4	14	2	1	81	37541	38060
TP1_synth_reverse		64	T	2097	70	157	30	22	51	969234	971661	264	1	4	1	1	7	37760	38038
TP1_synth_reverse		65	C	1150	969578	458	40	96	177	155	971654	174	37811	26	1	5	11	5	38033
TP1_synth_reverse		66	G	557	402	628	969644	0	63	355	971649	65	87	41	37752	0	7	77	38029
TP1_synth_reverse		67	C	933	970181	161	33	1	226	112	971647	241	37760	5	3	0	16	3	38028
TP1_synth_reverse		68	A	970715	238	309	179	0	103	99	971643	37975	21	9	1	0	16	5	38027
TP1_synth_reverse		69	C	313	969233	2189	61	0	64	87	971947	59	37889	65	3	0	3	3	38022
TP1_synth_reverse		70	T	1033	111	73	59	0	128	970530	971934	185	0	7	7	0	16	37804	38019
TP1_synth_reverse		71	C	396	970647	393	24	0	377	93	971930	78	37839	21	1	0	75	4	38018
TP1_synth_reverse		72	C	718	970587	194	62	34	140	191	971926	181	37764	8	3	2	53	7	38018
TP1_synth_reverse		73	G	974	540	365	969107	66	364	503	971919	37	111	11	37606	14	177	58	38014
TP1_synth_reverse		74	A	971526	47	2	148	0	156	38	971917	37958	0	0	5	0	49	2	38014
TP1_synth_reverse		75	G	891	456	2	970400	0	53	109	971911	56	76	2	37847	0	13	17	38011
TP1_synth_reverse		76	T	1005	107	19	61	0	61	970650	971903	244	7	10	8	0	2	37736	38007
TP1_synth_reverse		77	G	3207	371	490	967514	1	66	236	971885	133	76	18	37709	1	9	49	37995
TP1_synth_reverse		78	C	534	967494	3041	33	4	501	271	971878	56	37751	111	2	2	61	10	37993
TP1_synth_reverse		79	G	1466	573	588	968401	0	140	706	971874	55	189	41	37629	0	11	65	37990
TP1_synth_reverse		80	G	1384	236	2	969635	0	160	433	971850	59	39	1	37793	0	32	56	37980
TP1_synth_reverse		81	C	295	971199	15	91	1	94	141	971836	48	37900	2	6	1	14	4	37975
TP1_synth_reverse		82	A	969792	45	1545	169	0	80	158	971789	37845	5	54	7	0	13	5	37929
TP1_synth_reverse		83	A	971037	73	236	101	0	232	104	971783	37853	3	24	3	0	44	2	37929
TP1_synth_reverse		84	A	971227	51	0	168	0	253	55	971754	37882	6	0	1	0	33	3	37925
TP1_synth_reverse		85	G	123	326	44	970856	0	144	172	971665	18	66	22	37728	0	40	26	37900
TP1_synth_reverse		86	C	565	970844	0	22	0	88	94	971613	85	37791	0	2	0	9	3	37890
TP1_synth_reverse		87	T	1229	96	4	32	0	337	969829	971527	187	6	1	2	0	22	37644	37862
TP1_synth_reverse		88	G	147	890	4	968509	776	138	218	970682	8	48	0	37688	20	27	32	37823
TP1_synth_reverse		89	T	692	148	1432	33	1	54	968279	970639	67	3	27	1	0	15	37697	37810
TP1_synth_reverse		90	T	752	118	0	24	2	83	969535	970514	82	5	0	4	0	7	37685	37783
TP1_synth_reverse		91	C	471	969453	0	45	1	355	94	970419	65	37654	0	6	0	32	2	37759
TP1_synth_reverse		92	C	425	968890	0	287	0	413	234	970249	39	37637	0	12	0	54	4	37746
TP1_synth_reverse		93	G	264	403	0	967268	0	163	166	968264	9	64	0	37538	0	30	20	37661
TP1_synth_reverse		94	T	567	121	0	43	0	88	967334	968153	44	1	0	1	0	3	37592	37641
TP1_synth_reverse		95	C	0	967478	0	0	0	191	0	967669	0	37598	0	0	0	8	0	37606
TP1_synth_reverse		96	C	0	965720	0	0	0	108	0	965828	0	37494	0	0	0	23	0	37517
TP1_synth_reverse		97	C	0	964924	0	0	0	187	0	965111	0	37388	0	0	0	62	0	37450
TP1_synth_reverse		98	A	962516	0	0	0	0	0	0	962516	37360	0	0	0	0	0	0	37360
TP1_synth_reverse		99	G	0	0	0	961698	0	0	0	961698	0	0	0	37269	0	0	0	37269
