



























































































































































































































#AmpliconChromStart	Alias	Position	ProbableRef	rawA	rawC	rawD	rawG	rawI	rawN	rawT	rawDepth	consA	consC	consD	consG	consI	consN	consT	consDepth	
TP1_synth_reverse		1	G	0	0	0	456351	0	0	0	456351	0	0	0	35476	0	0	0	35476
TP1_synth_reverse		2	T	0	0	0	0	0	0	457867	457867	0	0	0	0	0	0	35782	35782
TP1_synth_reverse		3	G	0	0	0	459550	0	16	0	459566	0	0	0	36191	0	1	0	36192
TP1_synth_reverse		4	G	0	0	0	460505	0	16	0	460521	0	0	0	36430	0	2	0	36432
TP1_synth_reverse		5	T	0	0	0	0	0	43	460855	460898	0	0	0	0	0	4	36604	36608
TP1_synth_reverse		6	G	91	46	0	461116	0	60	129	461442	5	4	0	36821	0	21	11	36862
TP1_synth_reverse		7	A	461500	7	0	54	0	25	76	461662	36874	0	0	2	0	11	2	36889
TP1_synth_reverse		8	G	64	22	0	461579	0	200	72	461937	4	4	0	36857	0	48	14	36927
TP1_synth_reverse		9	G	126	57	0	461769	1	16	124	462093	7	12	0	36905	1	2	13	36940
TP1_synth_reverse		10	C	114	461829	14	25	1	10	113	462106	24	36909	3	2	1	0	10	36949
TP1_synth_reverse		11	T	149	87	216	9	9	24	461612	462106	37	2	9	1	3	5	36892	36949
TP1_synth_reverse		12	C	154	460106	1704	7	0	39	98	462108	21	36842	66	1	0	15	5	36950
TP1_synth_reverse		13	C	204	461626	1	12	0	147	118	462108	35	36874	0	1	0	30	10	36950
TP1_synth_reverse		14	C	156	461789	0	20	0	64	79	462108	23	36906	0	0	0	18	3	36950
TP1_synth_reverse		15	C	118	461049	96	6	89	12	738	462108	17	36892	4	3	10	4	20	36950
TP1_synth_reverse		16	T	319	51	2174	14	0	16	459534	462108	79	3	133	1	0	4	36730	36950
TP1_synth_reverse		17	T	295	50	396	15	1	8	461368	462133	94	3	13	1	0	2	36858	36971
TP1_synth_reverse		18	T	224	76	162	8	168	17	461527	462182	46	3	5	0	9	2	36933	36998
TP1_synth_reverse		19	C	299	523176	688	19	0	52	194	524428	84	37596	50	1	0	6	12	37749
TP1_synth_reverse		20	T	374	43	237	41	0	65	523668	524428	91	4	7	6	0	9	37632	37749
TP1_synth_reverse		21	T	1240	80	1	53	1	33	523036	524444	449	4	0	6	0	3	37300	37762
TP1_synth_reverse		22	G	96	450	296	523158	115	18	311	524444	13	212	27	37445	18	2	45	37762
TP1_synth_reverse		23	C	397	522891	801	35	3	30	287	524444	113	37561	53	5	1	8	21	37762
TP1_synth_reverse		24	G	140	92	1187	522763	0	25	240	524447	12	22	71	37602	0	12	46	37765
TP1_synth_reverse		25	G	85	251	5	523887	2	47	180	524457	18	126	0	37582	2	11	31	37770
TP1_synth_reverse		26	A	523826	8	488	62	0	5	68	524457	37715	0	46	3	0	2	4	37770
TP1_synth_reverse		27	G	55	154	350	522740	735	68	355	524457	5	46	30	37446	58	45	140	37770
TP1_synth_reverse		28	A	524051	74	125	44	78	19	72	524463	37727	6	19	3	3	10	3	37771
TP1_synth_reverse		29	T	437	39	338	511	1	77	523060	524463	102	5	31	41	1	41	37550	37771
TP1_synth_reverse		30	T	1912	70	20	41	2	44	522374	524463	676	6	11	9	1	15	37053	37771
TP1_synth_reverse		31	C	494	523478	361	27	0	38	58	524456	169	37543	33	7	0	15	2	37769
TP1_synth_reverse		32	T	611	55	81	67	0	18	523617	524449	124	3	19	7	0	8	37606	37767
TP1_synth_reverse		33	C	513	523120	255	14	422	27	95	524446	192	37500	11	2	30	16	15	37766
TP1_synth_reverse		34	T	1898	69	253	1311	4	36	520870	524441	278	2	20	151	0	14	37297	37762
TP1_synth_reverse		35	T	2192	51	0	239	57	30	521864	524433	772	5	0	35	2	12	36934	37760
TP1_synth_reverse		36	C	317	523333	591	61	1	62	65	524430	41	37662	16	7	0	23	10	37759
TP1_synth_reverse		37	C	279	523014	1	326	264	21	510	524415	53	37600	0	42	32	2	20	37749
TP1_synth_reverse		38	T	1262	35	85	61	0	8	522953	524404	364	3	7	4	0	4	37359	37741
TP1_synth_reverse		39	C	195	523471	483	97	57	24	73	524400	33	37626	40	17	3	16	3	37738
TP1_synth_reverse		40	T	1154	44	5	74	161	105	522854	524397	213	1	1	11	15	39	37457	37737
TP1_synth_reverse		41	G	106	860	464	520660	0	21	2279	524390	14	403	29	36897	0	11	378	37732
TP1_synth_reverse		42	T	2075	38	297	108	53	39	521778	524388	699	2	17	25	4	12	36972	37731
TP1_synth_reverse		43	G	69	202	628	520997	1	60	2441	524398	5	65	36	37242	1	8	385	37742
TP1_synth_reverse		44	C	376	522764	430	33	0	13	779	524395	123	37540	27	1	0	0	50	37741
TP1_synth_reverse		45	G	317	114	50	521579	38	19	2276	524393	13	26	9	37315	18	3	361	37745
TP1_synth_reverse		46	C	670	522471	1073	91	0	22	78	524405	294	37388	36	28	0	6	5	37757
TP1_synth_reverse		47	C	175	523840	31	34	43	6	276	524405	51	37672	3	6	6	4	15	37757
TP1_synth_reverse		48	G	646	857	125	520063	225	17	2459	524392	33	389	14	36914	21	3	376	37750
TP1_synth_reverse		49	A	525865	33	18	75	0	5	105	526101	42530	9	9	6	0	3	7	42564
TP1_synth_reverse		50	T	2239	47	20	21	536	29	523227	526119	398	3	9	0	29	7	42140	42586
TP1_synth_reverse		51	A	525836	32	3	50	164	51	94	526230	42562	7	0	5	23	29	4	42630
TP1_synth_reverse		52	C	356	524483	133	79	122	48	1019	526240	92	42412	7	14	21	35	58	42639
TP1_synth_reverse		53	A	525440	21	569	101	14	31	62	526238	42561	1	44	1	6	18	7	42638
TP1_synth_reverse		54	G	236	323	395	524097	89	55	1031	526226	38	58	16	42351	18	22	128	42631
TP1_synth_reverse		55	A	525485	101	465	49	0	63	63	526226	42561	27	28	0	0	13	2	42631
TP1_synth_reverse		56	A	525631	371	49	52	0	35	88	526226	42580	21	11	2	0	7	10	42631
TP1_synth_reverse		57	T	2608	38	10	143	62	10	523340	526211	313	2	2	16	1	0	42292	42626
TP1_synth_reverse		58	A	525643	6	199	84	156	47	75	526210	42584	0	13	8	14	3	4	42626
TP1_synth_reverse		59	T	1169	47	25	115	2	39	524797	526194	191	2	7	21	1	24	42372	42618
TP1_synth_reverse		60	C	1590	524105	84	63	0	68	268	526178	362	42208	8	7	0	19	11	42615
TP1_synth_reverse		61	T	822	59	0	619	0	73	524597	526170	147	2	0	79	0	5	42378	42611
TP1_synth_reverse		62	G	336	207	1	524599	0	55	963	526161	60	40	1	42258	0	15	232	42606
TP1_synth_reverse		63	T	3822	42	13	50	0	25	522216	526168	1023	3	3	7	0	5	41566	42607
TP1_synth_reverse		64	T	1647	40	4	128	0	43	524305	526167	303	4	0	10	0	24	42267	42608
TP1_synth_reverse		65	C	545	524260	1168	25	0	36	130	526164	78	42452	45	3	0	12	18	42608
TP1_synth_reverse		66	G	881	252	16	523782	0	30	1197	526158	150	53	5	42153	0	6	237	42604
TP1_synth_reverse		67	C	752	525195	78	10	0	66	70	526171	266	42292	9	0	0	37	2	42606
TP1_synth_reverse		68	A	525401	373	206	103	0	55	34	526172	42525	39	10	5	0	24	4	42607
TP1_synth_reverse		69	C	68	525969	1	21	0	27	85	526171	8	42590	0	1	0	4	4	42607
TP1_synth_reverse		70	T	788	58	244	338	0	70	524665	526163	151	6	29	40	0	24	42354	42604
TP1_synth_reverse		71	C	195	524678	397	35	0	39	817	526161	41	42492	25	1	0	13	32	42604
TP1_synth_reverse		72	C	580	525362	3	37	0	56	115	526153	244	42310	1	3	0	36	7	42601
TP1_synth_reverse		73	G	573	218	327	524877	8	54	87	526144	85	38	28	42422	5	12	8	42598
TP1_synth_reverse		74	A	525868	147	4	43	0	57	24	526143	42577	11	1	2	0	6	0	42597
TP1_synth_reverse		75	G	299	145	476	524999	76	17	121	526133	47	26	30	42455	10	10	14	42592
TP1_synth_reverse		76	T	4349	55	282	48	1	74	521308	526117	1129	5	14	10	0	9	41421	42588
TP1_synth_reverse		77	G	120	230	262	524853	1	44	592	526102	27	78	14	42348	0	6	105	42578
TP1_synth_reverse		78	C	170	525129	275	25	0	115	383	526097	38	42426	18	4	0	65	24	42575
TP1_synth_reverse		79	G	481	770	213	523439	0	50	958	525911	35	350	20	41946	0	21	179	42551
TP1_synth_reverse		80	G	1056	141	0	523671	109	104	742	525823	77	36	0	42257	5	25	131	42531
TP1_synth_reverse		81	C	122	524419	381	44	593	120	95	525774	24	42419	13	4	27	28	4	42519
TP1_synth_reverse		82	A	459904	6	467	55	0	55	154	460641	36775	1	30	0	0	24	9	36839
TP1_synth_reverse		83	A	460279	11	183	35	0	40	89	460637	36824	1	3	3	0	1	7	36839
TP1_synth_reverse		84	A	460035	12	0	72	383	45	63	460610	36805	2	0	4	14	2	7	36834
TP1_synth_reverse		85	G	109	128	0	459487	4	7	755	460490	19	29	0	36634	1	2	120	36805
TP1_synth_reverse		86	C	177	460025	0	35	4	23	188	460452	26	36757	0	4	0	1	8	36796
TP1_synth_reverse		87	T	1363	64	0	26	0	70	458881	460404	201	2	0	2	0	28	36551	36784
TP1_synth_reverse		88	G	164	297	0	459823	3	17	79	460383	19	26	0	36715	0	10	9	36779
TP1_synth_reverse		89	T	609	54	361	23	0	43	459255	460345	60	3	19	1	0	23	36670	36776
TP1_synth_reverse		90	T	751	60	0	18	0	79	459221	460129	111	4	0	1	0	32	36584	36732
TP1_synth_reverse		91	C	285	459689	0	23	1	15	68	460081	30	36681	0	2	1	5	3	36722
TP1_synth_reverse		92	C	188	459257	0	21	0	55	120	459641	10	36641	0	2	0	29	10	36692
TP1_synth_reverse		93	G	342	131	0	458595	0	5	49	459122	24	29	0	36595	0	1	4	36653
TP1_synth_reverse		94	T	691	175	0	25	0	56	458108	459055	80	5	0	5	0	32	36517	36639
TP1_synth_reverse		95	C	0	458626	0	0	0	66	0	458692	0	36572	0	0	0	38	0	36610
TP1_synth_reverse		96	C	0	458394	0	0	0	10	0	458404	0	36574	0	0	0	7	0	36581
TP1_synth_reverse		97	C	0	457255	0	0	0	1	0	457256	0	36520	0	0	0	1	0	36521
TP1_synth_reverse		98	A	455489	0	0	0	0	0	0	455489	36417	0	0	0	0	0	0	36417
TP1_synth_reverse		99	G	0	0	0	455001	0	0	0	455001	0	0	0	36355	0	0	0	36355
