



























































































































































































































#AmpliconChromStart	Alias	Position	ProbableRef	rawA	rawC	rawD	rawG	rawI	rawN	rawT	rawDepth	consA	consC	consD	consG	consI	consN	consT	consDepth	
TP1_synth_reverse		1	G	0	0	0	608655	0	0	0	608655	0	0	0	7476	0	0	0	7476
TP1_synth_reverse		2	T	0	0	0	0	0	0	609747	609747	0	0	0	0	0	0	7480	7480
TP1_synth_reverse		3	G	0	0	0	612150	0	12	0	612162	0	0	0	7495	0	0	0	7495
TP1_synth_reverse		4	G	0	0	0	612859	0	21	0	612880	0	0	0	7500	0	0	0	7500
TP1_synth_reverse		5	T	0	0	0	0	0	76	613166	613242	0	0	0	0	0	0	7504	7504
TP1_synth_reverse		6	G	105	51	0	613127	0	66	287	613636	0	0	0	7507	0	0	1	7508
TP1_synth_reverse		7	A	613477	19	0	73	0	59	84	613712	7511	0	0	0	0	0	0	7511
TP1_synth_reverse		8	G	92	33	0	613528	0	251	78	613982	0	0	0	7515	0	0	0	7515
TP1_synth_reverse		9	G	82	68	0	613735	0	33	308	614226	0	1	0	7517	0	0	0	7518
TP1_synth_reverse		10	C	153	613655	2	16	1	11	402	614240	0	7517	0	0	0	0	1	7518
TP1_synth_reverse		11	T	170	94	38	17	802	21	613098	614240	0	0	2	0	10	0	7506	7518
TP1_synth_reverse		12	C	181	611334	2531	13	1	61	119	614240	0	7506	12	0	0	0	0	7518
TP1_synth_reverse		13	C	247	613659	5	25	0	189	115	614240	0	7518	0	0	0	0	0	7518
TP1_synth_reverse		14	C	184	613891	0	13	1	69	93	614251	0	7518	0	0	0	0	0	7518
TP1_synth_reverse		15	C	142	612903	322	13	741	16	114	614251	0	7509	1	0	6	0	2	7518
TP1_synth_reverse		16	T	305	318	2504	35	0	18	611073	614253	0	1	20	0	0	0	7497	7518
TP1_synth_reverse		17	T	337	84	1	15	0	5	613811	614253	0	0	0	0	0	0	7518	7518
TP1_synth_reverse		18	T	245	894	2	14	2	16	613102	614275	0	2	0	0	0	0	7517	7519
TP1_synth_reverse		19	C	258	628844	517	32	0	81	85	629817	0	7532	6	0	0	0	0	7538
TP1_synth_reverse		20	T	391	62	658	60	2	81	628563	629817	0	0	6	0	0	0	7532	7538
TP1_synth_reverse		21	T	1295	99	3	67	277	26	628050	629817	0	0	0	0	1	0	7537	7538
TP1_synth_reverse		22	G	91	463	668	628279	0	18	310	629829	0	0	4	7534	0	0	1	7539
TP1_synth_reverse		23	C	486	627507	1283	49	315	45	144	629829	0	7524	11	0	4	0	0	7539
TP1_synth_reverse		24	G	155	82	1634	627628	0	27	303	629829	0	0	13	7526	0	0	0	7539
TP1_synth_reverse		25	G	119	269	1056	627437	734	47	167	629829	0	0	6	7530	3	0	0	7539
TP1_synth_reverse		26	A	628312	13	1268	101	21	19	109	629843	7533	0	6	0	1	0	0	7540
TP1_synth_reverse		27	G	49	170	557	628549	6	83	429	629843	0	0	5	7535	0	0	0	7540
TP1_synth_reverse		28	A	629185	227	265	64	1	24	77	629843	7532	2	6	0	0	0	0	7540
TP1_synth_reverse		29	T	474	73	759	698	2	98	627739	629843	0	0	8	0	0	0	7532	7540
TP1_synth_reverse		30	T	2033	53	491	56	0	51	627159	629843	0	0	3	0	0	0	7537	7540
TP1_synth_reverse		31	C	519	627024	1452	37	7	62	176	629277	0	7520	15	0	0	0	3	7538
TP1_synth_reverse		32	T	731	74	1372	94	0	6	626443	628720	0	0	14	0	0	0	7521	7535
TP1_synth_reverse		33	C	582	626705	1322	27	0	26	55	628717	0	7521	14	0	0	0	0	7535
TP1_synth_reverse		34	T	2149	196	1903	1487	0	54	622321	628110	0	2	20	0	0	0	7512	7534
TP1_synth_reverse		35	T	2302	58	399	276	1	31	624382	627449	0	0	10	0	0	0	7520	7530
TP1_synth_reverse		36	C	447	581532	44939	72	5	67	86	627148	2	7100	428	0	0	0	0	7530
TP1_synth_reverse		37	C	362	623146	2519	880	2	27	114	627050	0	7501	27	2	0	0	0	7530
TP1_synth_reverse		38	T	1383	41	2689	68	134	18	622559	626892	0	0	33	0	1	0	7495	7529
TP1_synth_reverse		39	C	292	624829	993	136	4	23	609	626886	0	7509	17	0	0	0	3	7529
TP1_synth_reverse		40	T	1259	59	1464	103	456	120	623438	626899	0	0	23	0	3	0	7505	7531
TP1_synth_reverse		41	G	126	957	1486	621665	2	38	2620	626894	0	0	23	7506	0	0	2	7531
TP1_synth_reverse		42	T	2353	69	1735	427	2	37	622263	626886	0	0	17	2	0	0	7512	7531
TP1_synth_reverse		43	G	95	253	645	623167	0	82	2638	626880	0	0	15	7516	0	0	0	7531
TP1_synth_reverse		44	C	434	625522	1041	43	0	17	720	627777	0	7518	20	0	0	0	3	7541
TP1_synth_reverse		45	G	210	137	898	623310	0	12	3207	627774	2	0	15	7523	0	0	1	7541
TP1_synth_reverse		46	C	744	625290	1520	104	0	22	113	627793	0	7520	19	0	0	0	2	7541
TP1_synth_reverse		47	C	241	626273	977	31	62	15	193	627792	0	7526	14	0	1	0	0	7541
TP1_synth_reverse		48	G	133	901	1000	622750	31	13	2951	627779	0	0	16	7525	0	0	0	7541
TP1_synth_reverse		49	A	625198	48	1024	36	1	16	128	626451	7602	0	16	0	0	0	0	7618
TP1_synth_reverse		50	T	2792	62	1461	27	79	33	621851	626305	0	0	18	0	3	0	7597	7618
TP1_synth_reverse		51	A	624777	33	1078	48	177	74	152	626339	7603	0	13	0	2	0	1	7619
TP1_synth_reverse		52	C	449	624459	1002	59	64	79	223	626335	0	7603	11	0	1	0	4	7619
TP1_synth_reverse		53	A	624931	23	1082	160	2	42	91	626331	7605	0	14	0	0	0	0	7619
TP1_synth_reverse		54	G	399	346	990	623138	337	86	1050	626346	2	0	10	7603	4	0	1	7620
TP1_synth_reverse		55	A	622826	113	2801	72	0	58	84	625954	7600	0	21	0	0	0	0	7621
TP1_synth_reverse		56	A	625024	8	627	108	0	57	126	625950	7615	0	5	1	0	0	0	7621
TP1_synth_reverse		57	T	3545	41	1033	138	1	23	621141	625922	0	0	7	0	0	0	7614	7621
TP1_synth_reverse		58	A	624433	3	1045	116	179	51	102	625929	7614	0	7	0	1	0	0	7622
TP1_synth_reverse		59	T	1387	136	723	120	414	66	623151	625997	0	2	6	0	3	0	7613	7624
TP1_synth_reverse		60	C	1869	620860	2257	60	732	104	93	625975	0	7604	19	0	0	0	1	7624
TP1_synth_reverse		61	T	994	436	1280	814	302	108	622009	625943	0	1	10	0	0	0	7613	7624
TP1_synth_reverse		62	G	386	252	945	623229	567	88	731	626198	0	0	8	7617	1	0	0	7626
TP1_synth_reverse		63	T	4261	95	2302	54	1	24	619467	626204	0	3	17	0	0	0	7607	7627
TP1_synth_reverse		64	T	2037	56	1736	158	261	48	621858	626154	0	0	12	0	1	0	7612	7625
TP1_synth_reverse		65	C	643	623303	1997	21	38	44	123	626169	1	7606	18	0	1	0	0	7626
TP1_synth_reverse		66	G	865	333	2305	621916	0	45	715	626179	0	0	17	7610	0	0	0	7627
TP1_synth_reverse		67	C	767	623653	1965	27	25	71	242	626750	0	7611	18	0	1	0	1	7631
TP1_synth_reverse		68	A	623885	552	2034	156	0	70	49	626746	7610	0	21	0	0	0	0	7631
TP1_synth_reverse		69	C	89	625985	1798	39	0	42	112	628065	0	7626	17	0	0	0	1	7644
TP1_synth_reverse		70	T	1018	68	2577	561	0	100	625389	629713	0	0	19	0	0	0	7633	7652
TP1_synth_reverse		71	C	245	625612	3596	70	0	71	116	629710	0	7624	28	0	0	0	0	7652
TP1_synth_reverse		72	C	721	626822	1873	38	0	90	162	629706	0	7637	15	0	0	0	0	7652
TP1_synth_reverse		73	G	550	292	2463	626149	26	65	138	629683	0	0	19	7631	2	0	0	7652
TP1_synth_reverse		74	A	626878	207	2305	71	144	47	27	629679	7632	0	17	0	3	0	0	7652
TP1_synth_reverse		75	G	383	188	2085	626902	1	31	74	629664	1	0	14	7637	0	0	0	7652
TP1_synth_reverse		76	T	5046	59	1295	75	2	76	623086	629639	0	0	7	0	0	0	7645	7652
TP1_synth_reverse		77	G	184	288	1720	626593	58	65	713	629621	1	0	4	7645	1	0	1	7652
TP1_synth_reverse		78	C	212	625943	1626	411	550	148	716	629606	0	7637	12	0	3	0	0	7652
TP1_synth_reverse		79	G	370	878	976	626028	1	59	1258	629570	1	0	8	7641	0	0	2	7652
TP1_synth_reverse		80	G	137	329	68	627969	203	110	722	629538	1	2	0	7648	1	0	0	7652
TP1_synth_reverse		81	C	137	627519	853	47	651	173	143	629523	0	7646	2	0	4	0	0	7652
TP1_synth_reverse		82	A	612747	8	1613	192	0	78	177	614815	7550	0	4	1	0	0	0	7555
TP1_synth_reverse		83	A	614571	15	24	49	1	56	98	614814	7555	0	0	0	0	0	0	7555
TP1_synth_reverse		84	A	613990	23	0	110	516	52	81	614772	7554	0	0	0	1	0	0	7555
TP1_synth_reverse		85	G	103	159	262	613166	3	17	913	614623	0	0	1	7554	0	0	0	7555
TP1_synth_reverse		86	C	246	614126	0	30	4	36	140	614582	0	7555	0	0	0	0	0	7555
TP1_synth_reverse		87	T	1956	60	13	51	2	87	612338	614507	0	0	0	0	0	0	7555	7555
TP1_synth_reverse		88	G	213	325	2	613771	39	35	101	614486	0	0	0	7555	0	0	0	7555
TP1_synth_reverse		89	T	869	85	90	16	0	46	613343	614449	0	0	1	0	0	0	7554	7555
TP1_synth_reverse		90	T	954	84	0	57	0	101	612958	614154	1	0	0	0	0	0	7554	7555
TP1_synth_reverse		91	C	404	613095	0	33	1	28	95	613656	0	7554	0	0	0	0	0	7554
TP1_synth_reverse		92	C	472	612671	0	33	0	61	370	613607	0	7554	0	0	0	0	0	7554
TP1_synth_reverse		93	G	715	177	0	612073	0	15	68	613048	0	0	0	7554	0	0	0	7554
TP1_synth_reverse		94	T	967	71	0	44	0	77	611712	612871	0	0	0	0	0	0	7553	7553
TP1_synth_reverse		95	C	0	612510	0	0	0	75	0	612585	0	7553	0	0	0	0	0	7553
TP1_synth_reverse		96	C	0	611786	0	0	0	13	0	611799	0	7552	0	0	0	0	0	7552
TP1_synth_reverse		97	C	0	610311	0	0	0	10	0	610321	0	7549	0	0	0	0	0	7549
TP1_synth_reverse		98	A	607760	0	0	0	0	0	0	607760	7545	0	0	0	0	0	0	7545
TP1_synth_reverse		99	G	0	0	0	606072	0	0	0	606072	0	0	0	7545	0	0	0	7545
