



























































































































































































































#AmpliconChromStart	Alias	Position	ProbableRef	rawA	rawC	rawD	rawG	rawI	rawN	rawT	rawDepth	consA	consC	consD	consG	consI	consN	consT	consDepth	
TP1_synth_reverse		1	G	0	0	0	608655	0	0	0	608655	0	0	0	6876	0	0	0	6876
TP1_synth_reverse		2	T	0	0	0	0	0	0	609747	609747	0	0	0	0	0	0	6880	6880
TP1_synth_reverse		3	G	0	0	0	612150	0	12	0	612162	0	0	0	6895	0	0	0	6895
TP1_synth_reverse		4	G	0	0	0	612859	0	21	0	612880	0	0	0	6900	0	0	0	6900
TP1_synth_reverse		5	T	0	0	0	0	0	76	613166	613242	0	0	0	0	0	0	6904	6904
TP1_synth_reverse		6	G	105	51	0	613127	0	66	287	613636	0	0	0	6906	0	0	1	6907
TP1_synth_reverse		7	A	613477	19	0	73	0	59	84	613712	6910	0	0	0	0	0	0	6910
TP1_synth_reverse		8	G	92	33	0	613528	0	251	78	613982	0	0	0	6913	0	0	0	6913
TP1_synth_reverse		9	G	82	68	0	613735	0	33	308	614226	0	0	0	6916	0	0	0	6916
TP1_synth_reverse		10	C	153	613655	2	16	1	11	402	614240	0	6915	0	0	0	0	1	6916
TP1_synth_reverse		11	T	170	94	38	17	802	21	613098	614240	0	0	2	0	10	0	6904	6916
TP1_synth_reverse		12	C	181	611334	2531	13	1	61	119	614240	0	6904	12	0	0	0	0	6916
TP1_synth_reverse		13	C	247	613659	5	25	0	189	115	614240	0	6916	0	0	0	0	0	6916
TP1_synth_reverse		14	C	184	613891	0	13	1	69	93	614251	0	6916	0	0	0	0	0	6916
TP1_synth_reverse		15	C	142	612903	322	13	741	16	114	614251	0	6908	1	0	6	0	1	6916
TP1_synth_reverse		16	T	305	318	2504	35	0	18	611073	614253	0	1	19	0	0	0	6896	6916
TP1_synth_reverse		17	T	337	84	1	15	0	5	613820	614262	0	0	0	0	0	0	6916	6916
TP1_synth_reverse		18	T	245	894	2	14	2	16	613111	614284	0	2	0	0	0	0	6915	6917
TP1_synth_reverse		19	C	258	628853	517	32	0	81	85	629826	0	6929	6	0	0	0	0	6935
TP1_synth_reverse		20	T	391	62	658	60	2	81	628572	629826	0	0	6	0	0	0	6929	6935
TP1_synth_reverse		21	T	1295	99	3	67	277	26	628059	629826	0	0	0	0	1	0	6934	6935
TP1_synth_reverse		22	G	91	463	668	628288	0	18	310	629838	0	0	4	6930	0	0	1	6935
TP1_synth_reverse		23	C	486	627516	1283	49	315	45	144	629838	0	6920	11	0	4	0	0	6935
TP1_synth_reverse		24	G	155	82	1634	627637	0	27	303	629838	0	0	12	6923	0	0	0	6935
TP1_synth_reverse		25	G	119	269	1056	627446	734	47	167	629838	0	0	6	6926	3	0	0	6935
TP1_synth_reverse		26	A	628321	13	1268	101	21	19	109	629852	6929	0	6	0	1	0	0	6936
TP1_synth_reverse		27	G	49	170	557	628558	6	83	429	629852	0	0	5	6931	0	0	0	6936
TP1_synth_reverse		28	A	629194	227	265	64	1	24	77	629852	6928	2	6	0	0	0	0	6936
TP1_synth_reverse		29	T	474	73	759	698	2	98	627748	629852	0	0	8	0	0	0	6928	6936
TP1_synth_reverse		30	T	2033	53	491	56	0	51	627168	629852	0	0	3	0	0	0	6933	6936
TP1_synth_reverse		31	C	519	627033	1452	37	7	62	176	629286	0	6917	15	0	0	0	2	6934
TP1_synth_reverse		32	T	731	74	1372	94	0	6	626452	628729	0	0	13	0	0	0	6918	6931
TP1_synth_reverse		33	C	582	626714	1322	27	0	26	55	628726	0	6918	13	0	0	0	0	6931
TP1_synth_reverse		34	T	2150	196	1903	1487	0	54	622329	628119	0	2	18	0	0	0	6910	6930
TP1_synth_reverse		35	T	2302	58	399	276	1	31	624391	627458	0	0	9	0	0	0	6918	6927
TP1_synth_reverse		36	C	448	581540	44939	72	5	67	86	627157	2	6525	400	0	0	0	0	6927
TP1_synth_reverse		37	C	363	623154	2519	880	2	27	114	627059	0	6902	23	2	0	0	0	6927
TP1_synth_reverse		38	T	1383	41	2689	68	134	18	622568	626901	0	0	28	0	1	0	6897	6926
TP1_synth_reverse		39	C	292	624838	993	136	4	23	609	626895	0	6910	14	0	0	0	2	6926
TP1_synth_reverse		40	T	1259	59	1464	103	456	120	623447	626908	0	0	20	0	3	0	6905	6928
TP1_synth_reverse		41	G	126	957	1486	621674	2	38	2620	626903	0	0	19	6907	0	0	2	6928
TP1_synth_reverse		42	T	2353	69	1735	427	2	37	622272	626895	0	0	14	2	0	0	6912	6928
TP1_synth_reverse		43	G	95	253	645	623175	0	82	2639	626889	0	0	12	6916	0	0	0	6928
TP1_synth_reverse		44	C	435	625530	1041	43	0	17	720	627786	0	6919	16	0	0	0	3	6938
TP1_synth_reverse		45	G	210	137	898	623319	0	12	3207	627783	2	0	12	6923	0	0	1	6938
TP1_synth_reverse		46	C	744	625299	1520	104	0	22	113	627802	0	6918	18	0	0	0	2	6938
TP1_synth_reverse		47	C	241	626282	977	31	62	15	193	627801	0	6924	13	0	1	0	0	6938
TP1_synth_reverse		48	G	133	901	1000	622758	31	13	2952	627788	0	0	14	6924	0	0	0	6938
TP1_synth_reverse		49	A	625201	48	1024	36	1	16	128	626454	6994	0	15	0	0	0	0	7009
TP1_synth_reverse		50	T	2793	62	1461	27	79	33	621853	626308	0	0	17	0	3	0	6989	7009
TP1_synth_reverse		51	A	624780	33	1078	48	177	74	152	626342	6994	0	13	0	2	0	1	7010
TP1_synth_reverse		52	C	449	624462	1002	59	64	79	223	626338	0	6994	11	0	1	0	4	7010
TP1_synth_reverse		53	A	624934	23	1082	160	2	42	91	626334	6997	0	13	0	0	0	0	7010
TP1_synth_reverse		54	G	400	346	990	623140	337	86	1050	626349	2	0	10	6995	3	0	1	7011
TP1_synth_reverse		55	A	622829	113	2801	72	0	58	84	625957	6993	0	19	0	0	0	0	7012
TP1_synth_reverse		56	A	625027	8	627	108	0	57	126	625953	7007	0	4	1	0	0	0	7012
TP1_synth_reverse		57	T	3545	41	1033	138	1	23	621144	625925	0	0	6	0	0	0	7006	7012
TP1_synth_reverse		58	A	624426	3	1045	116	179	51	102	625922	7005	0	6	0	1	0	0	7012
TP1_synth_reverse		59	T	1388	136	723	120	414	66	623143	625990	0	2	5	0	3	0	7004	7014
TP1_synth_reverse		60	C	1869	620853	2257	60	732	104	93	625968	0	6996	17	0	0	0	1	7014
TP1_synth_reverse		61	T	994	436	1280	814	302	108	622002	625936	0	1	9	0	0	0	7004	7014
TP1_synth_reverse		62	G	386	252	945	623222	567	88	731	626191	0	0	8	7006	1	0	0	7015
TP1_synth_reverse		63	T	4261	95	2302	54	1	24	619460	626197	0	3	16	0	0	0	6997	7016
TP1_synth_reverse		64	T	2038	56	1736	158	261	48	621850	626147	0	0	12	0	1	0	7001	7014
TP1_synth_reverse		65	C	643	623296	1997	21	38	44	123	626162	1	6995	17	0	1	0	0	7014
TP1_synth_reverse		66	G	865	333	2305	621909	0	45	715	626172	0	0	16	6999	0	0	0	7015
TP1_synth_reverse		67	C	767	623646	1965	27	25	71	242	626743	0	7001	16	0	1	0	1	7019
TP1_synth_reverse		68	A	623879	551	2034	156	0	70	49	626739	6999	0	20	0	0	0	0	7019
TP1_synth_reverse		69	C	89	625978	1798	39	0	42	112	628058	0	7012	16	0	0	0	1	7029
TP1_synth_reverse		70	T	1019	68	2577	561	0	100	625381	629706	0	0	17	0	0	0	7020	7037
TP1_synth_reverse		71	C	245	625605	3596	70	0	71	116	629703	0	7012	25	0	0	0	0	7037
TP1_synth_reverse		72	C	721	626815	1873	38	0	90	162	629699	0	7024	13	0	0	0	0	7037
TP1_synth_reverse		73	G	550	293	2463	626141	26	65	138	629676	0	0	17	7019	1	0	0	7037
TP1_synth_reverse		74	A	626871	207	2305	71	144	47	27	629672	7019	0	15	0	3	0	0	7037
TP1_synth_reverse		75	G	383	188	2085	626895	1	31	74	629657	1	0	12	7024	0	0	0	7037
TP1_synth_reverse		76	T	5047	59	1295	75	2	76	623078	629632	0	0	6	0	0	0	7031	7037
TP1_synth_reverse		77	G	184	288	1720	626586	58	65	713	629614	0	0	3	7032	1	0	1	7037
TP1_synth_reverse		78	C	212	625936	1626	411	550	148	716	629599	0	7023	12	0	2	0	0	7037
TP1_synth_reverse		79	G	370	878	976	626021	1	59	1258	629563	1	0	8	7026	0	0	2	7037
TP1_synth_reverse		80	G	137	329	68	627963	203	110	721	629531	1	1	0	7034	1	0	0	7037
TP1_synth_reverse		81	C	137	627512	853	47	651	173	143	629516	0	7031	2	0	4	0	0	7037
TP1_synth_reverse		82	A	612741	8	1613	192	0	78	176	614808	6942	0	4	1	0	0	0	6947
TP1_synth_reverse		83	A	614564	15	24	49	1	56	98	614807	6947	0	0	0	0	0	0	6947
TP1_synth_reverse		84	A	613983	23	0	110	516	52	81	614765	6946	0	0	0	1	0	0	6947
TP1_synth_reverse		85	G	103	159	262	613159	3	17	912	614615	0	0	1	6946	0	0	0	6947
TP1_synth_reverse		86	C	246	614118	0	30	4	36	140	614574	0	6947	0	0	0	0	0	6947
TP1_synth_reverse		87	T	1956	60	13	51	2	87	612330	614499	0	0	0	0	0	0	6947	6947
TP1_synth_reverse		88	G	213	325	2	613763	39	35	101	614478	0	0	0	6947	0	0	0	6947
TP1_synth_reverse		89	T	869	85	90	16	0	46	613335	614441	0	0	1	0	0	0	6946	6947
TP1_synth_reverse		90	T	954	84	0	57	0	101	612950	614146	0	0	0	0	0	0	6947	6947
TP1_synth_reverse		91	C	405	613086	0	33	1	28	95	613648	0	6946	0	0	0	0	0	6946
TP1_synth_reverse		92	C	472	612662	0	33	0	61	370	613598	0	6946	0	0	0	0	0	6946
TP1_synth_reverse		93	G	715	177	0	612064	0	15	68	613039	0	0	0	6946	0	0	0	6946
TP1_synth_reverse		94	T	967	71	0	44	0	77	611703	612862	0	0	0	0	0	0	6945	6945
TP1_synth_reverse		95	C	0	612501	0	0	0	75	0	612576	0	6945	0	0	0	0	0	6945
TP1_synth_reverse		96	C	0	611777	0	0	0	13	0	611790	0	6944	0	0	0	0	0	6944
TP1_synth_reverse		97	C	0	610302	0	0	0	10	0	610312	0	6942	0	0	0	0	0	6942
TP1_synth_reverse		98	A	607751	0	0	0	0	0	0	607751	6940	0	0	0	0	0	0	6940
TP1_synth_reverse		99	G	0	0	0	606063	0	0	0	606063	0	0	0	6940	0	0	0	6940
