



























































































































































































































#AmpliconChromStart	Alias	Position	ProbableRef	rawA	rawC	rawD	rawG	rawI	rawN	rawT	rawDepth	consA	consC	consD	consG	consI	consN	consT	consDepth	
TP1_synth_reverse		1	G	0	0	0	608655	0	0	0	608655	0	0	0	15047	0	0	0	15047
TP1_synth_reverse		2	T	0	0	0	0	0	0	609747	609747	0	0	0	0	0	0	15077	15077
TP1_synth_reverse		3	G	0	0	0	612150	0	12	0	612162	0	0	0	15130	0	0	0	15130
TP1_synth_reverse		4	G	0	0	0	612859	0	21	0	612880	0	0	0	15158	0	0	0	15158
TP1_synth_reverse		5	T	0	0	0	0	0	76	613166	613242	0	0	0	0	0	1	15170	15171
TP1_synth_reverse		6	G	105	51	0	613127	0	66	287	613636	0	0	0	15187	0	1	4	15192
TP1_synth_reverse		7	A	613477	19	0	73	0	59	84	613712	15196	0	0	1	0	1	0	15198
TP1_synth_reverse		8	G	92	33	0	613528	0	251	78	613982	0	0	0	15201	0	2	1	15204
TP1_synth_reverse		9	G	82	68	0	613735	0	33	308	614226	0	1	0	15210	0	0	0	15211
TP1_synth_reverse		10	C	153	613655	2	16	1	11	402	614240	0	15211	0	0	0	0	1	15212
TP1_synth_reverse		11	T	170	94	38	17	802	21	613098	614240	0	0	2	0	16	0	15194	15212
TP1_synth_reverse		12	C	181	611334	2531	13	1	61	119	614240	0	15187	22	0	0	3	0	15212
TP1_synth_reverse		13	C	247	613673	5	25	0	189	115	614254	0	15209	0	0	0	4	0	15213
TP1_synth_reverse		14	C	184	613905	0	13	1	69	93	614265	0	15214	0	0	0	0	0	15214
TP1_synth_reverse		15	C	142	612917	322	13	741	16	114	614265	0	15196	1	0	15	0	2	15214
TP1_synth_reverse		16	T	305	318	2504	35	0	18	611085	614265	0	2	32	0	0	0	15180	15214
TP1_synth_reverse		17	T	337	84	1	15	0	5	613823	614265	0	0	0	0	0	0	15214	15214
TP1_synth_reverse		18	T	245	894	2	14	2	16	613114	614287	0	3	0	0	0	0	15212	15215
TP1_synth_reverse		19	C	258	628856	517	32	0	81	85	629829	0	15241	12	0	0	2	0	15255
TP1_synth_reverse		20	T	392	62	658	60	2	81	628574	629829	0	0	11	0	0	0	15244	15255
TP1_synth_reverse		21	T	1297	99	3	68	277	26	628059	629829	4	0	0	0	1	0	15250	15255
TP1_synth_reverse		22	G	91	463	668	628290	0	18	311	629841	0	1	7	15247	0	0	1	15256
TP1_synth_reverse		23	C	486	627519	1283	49	315	45	144	629841	0	15231	15	0	9	0	1	15256
TP1_synth_reverse		24	G	155	82	1634	627640	0	27	303	629841	0	0	23	15233	0	0	0	15256
TP1_synth_reverse		25	G	119	270	1056	627447	734	47	168	629841	0	0	12	15239	4	1	0	15256
TP1_synth_reverse		26	A	628324	13	1268	101	21	19	109	629855	15241	0	13	0	3	0	0	15257
TP1_synth_reverse		27	G	49	170	557	628559	6	83	431	629855	0	0	11	15244	1	1	0	15257
TP1_synth_reverse		28	A	629197	227	265	64	1	24	77	629855	15233	10	14	0	0	0	0	15257
TP1_synth_reverse		29	T	475	73	759	698	2	98	627750	629855	0	0	17	0	0	0	15240	15257
TP1_synth_reverse		30	T	2033	53	491	56	0	51	627171	629855	3	0	8	0	0	0	15246	15257
TP1_synth_reverse		31	C	520	627035	1452	37	7	62	176	629289	0	15222	24	0	2	0	7	15255
TP1_synth_reverse		32	T	731	74	1372	94	0	6	626455	628732	0	0	28	0	0	0	15216	15244
TP1_synth_reverse		33	C	582	626721	1322	27	0	26	55	628733	0	15213	31	1	0	0	0	15245
TP1_synth_reverse		34	T	2151	196	1903	1487	0	54	622335	628126	2	2	46	0	0	3	15183	15236
TP1_synth_reverse		35	T	2303	58	399	276	1	31	624397	627465	5	0	23	0	0	0	15196	15224
TP1_synth_reverse		36	C	447	581548	44939	72	5	67	86	627164	4	14328	892	0	0	0	0	15224
TP1_synth_reverse		37	C	364	623160	2519	880	2	27	114	627066	0	15166	54	4	0	0	0	15224
TP1_synth_reverse		38	T	1384	41	2689	68	134	18	622574	626908	1	0	52	0	4	0	15162	15219
TP1_synth_reverse		39	C	295	624842	993	136	4	23	609	626902	0	15180	35	0	0	1	3	15219
TP1_synth_reverse		40	T	1259	59	1464	104	456	120	623453	626915	2	0	46	0	5	2	15167	15222
TP1_synth_reverse		41	G	126	957	1486	621680	2	38	2621	626910	1	2	38	15174	0	1	6	15222
TP1_synth_reverse		42	T	2354	69	1735	427	2	37	622278	626902	3	0	34	2	0	0	15183	15222
TP1_synth_reverse		43	G	95	254	645	623180	0	82	2640	626896	0	0	28	15193	0	0	1	15222
TP1_synth_reverse		44	C	435	625537	1041	43	0	17	720	627793	0	15187	41	0	0	0	8	15236
TP1_synth_reverse		45	G	210	137	898	623324	0	12	3209	627790	4	0	38	15186	0	0	8	15236
TP1_synth_reverse		46	C	745	625305	1520	104	0	22	113	627809	1	15179	54	0	0	0	3	15237
TP1_synth_reverse		47	C	241	626289	977	31	62	15	193	627808	0	15199	36	0	2	0	0	15237
TP1_synth_reverse		48	G	133	901	1000	622762	31	13	2955	627795	0	0	39	15196	1	0	1	15237
TP1_synth_reverse		49	A	625214	48	1024	36	1	16	128	626467	15397	0	43	0	0	0	0	15440
TP1_synth_reverse		50	T	2796	62	1461	27	79	33	621863	626321	2	0	41	0	7	0	15389	15439
TP1_synth_reverse		51	A	624793	33	1078	48	177	74	152	626355	15401	0	35	0	4	0	1	15441
TP1_synth_reverse		52	C	449	624475	1002	59	64	79	223	626351	0	15407	27	0	2	0	5	15441
TP1_synth_reverse		53	A	624947	23	1082	160	2	42	91	626347	15397	0	44	0	0	0	0	15441
TP1_synth_reverse		54	G	399	346	990	623154	337	86	1050	626362	9	0	27	15392	7	0	7	15442
TP1_synth_reverse		55	A	622842	113	2801	72	0	58	84	625970	15380	0	59	0	0	0	0	15439
TP1_synth_reverse		56	A	625040	8	627	108	0	57	126	625966	15409	0	26	4	0	0	0	15439
TP1_synth_reverse		57	T	3546	41	1033	138	1	23	621156	625938	10	1	30	0	0	0	15398	15439
TP1_synth_reverse		58	A	624439	3	1045	116	179	51	102	625935	15406	0	29	0	3	1	0	15439
TP1_synth_reverse		59	T	1389	136	723	120	414	66	623155	626003	3	4	26	0	4	1	15404	15442
TP1_synth_reverse		60	C	1871	620864	2257	60	732	104	93	625981	1	15382	53	0	3	1	2	15442
TP1_synth_reverse		61	T	995	436	1280	814	302	108	622014	625949	2	1	33	2	0	0	15404	15442
TP1_synth_reverse		62	G	389	253	945	623231	567	88	731	626204	1	1	31	15406	1	1	3	15444
TP1_synth_reverse		63	T	4262	95	2302	54	1	24	619472	626210	11	3	50	0	0	0	15381	15445
TP1_synth_reverse		64	T	2036	56	1736	158	261	48	621865	626160	3	0	42	0	2	0	15396	15443
TP1_synth_reverse		65	C	643	623309	1997	21	38	44	123	626175	1	15388	53	0	3	0	1	15446
TP1_synth_reverse		66	G	865	333	2306	621921	0	45	715	626185	0	0	48	15400	0	0	0	15448
TP1_synth_reverse		67	C	768	623658	1965	27	25	71	242	626756	1	15408	46	0	2	1	1	15459
TP1_synth_reverse		68	A	623892	551	2034	156	0	70	49	626752	15406	0	52	0	0	1	0	15459
TP1_synth_reverse		69	C	89	625991	1798	39	0	42	112	628071	0	15431	44	0	0	0	2	15477
TP1_synth_reverse		70	T	1018	68	2577	561	0	100	625395	629719	2	0	49	1	0	0	15437	15489
TP1_synth_reverse		71	C	246	625617	3596	70	0	71	116	629716	1	15424	63	0	0	1	0	15489
TP1_synth_reverse		72	C	721	626828	1873	38	0	90	162	629712	1	15459	28	0	0	0	1	15489
TP1_synth_reverse		73	G	552	292	2463	626153	26	65	138	629689	1	0	41	15444	2	1	0	15489
TP1_synth_reverse		74	A	626884	207	2305	71	144	47	27	629685	15441	0	33	0	15	0	0	15489
TP1_synth_reverse		75	G	383	188	2085	626907	1	31	74	629669	1	0	28	15458	0	1	1	15489
TP1_synth_reverse		76	T	5047	59	1295	76	2	76	623089	629644	21	0	16	0	0	1	15451	15489
TP1_synth_reverse		77	G	184	288	1720	626595	58	65	716	629626	0	0	10	15474	2	0	3	15489
TP1_synth_reverse		78	C	214	625946	1626	411	550	148	716	629611	0	15443	33	0	6	4	3	15489
TP1_synth_reverse		79	G	370	878	976	626031	1	59	1260	629575	1	2	22	15460	0	0	4	15489
TP1_synth_reverse		80	G	137	329	68	627973	203	110	723	629543	3	6	5	15471	2	1	0	15488
TP1_synth_reverse		81	C	137	627524	853	47	651	173	143	629528	0	15463	13	0	8	4	0	15488
TP1_synth_reverse		82	A	612753	8	1613	192	0	78	176	614820	15213	0	29	1	0	0	0	15243
TP1_synth_reverse		83	A	614575	16	24	49	1	56	98	614819	15241	0	1	0	0	1	0	15243
TP1_synth_reverse		84	A	613994	23	0	110	516	52	82	614777	15241	0	0	0	2	0	0	15243
TP1_synth_reverse		85	G	103	159	262	613172	3	17	913	614629	0	0	1	15241	0	0	1	15243
TP1_synth_reverse		86	C	246	614132	0	30	4	36	140	614588	0	15240	0	0	0	0	3	15243
TP1_synth_reverse		87	T	1956	60	13	51	2	87	612344	614513	3	0	0	0	0	2	15238	15243
TP1_synth_reverse		88	G	213	326	2	613776	39	35	101	614492	1	0	0	15242	0	0	0	15243
TP1_synth_reverse		89	T	869	85	90	16	0	46	613349	614455	0	0	3	0	0	1	15238	15242
TP1_synth_reverse		90	T	954	84	0	57	0	101	612964	614160	4	0	0	0	0	1	15234	15239
TP1_synth_reverse		91	C	404	613101	0	33	1	28	95	613662	1	15234	0	0	0	0	0	15235
TP1_synth_reverse		92	C	473	612676	0	33	0	61	370	613613	0	15233	0	0	0	0	2	15235
TP1_synth_reverse		93	G	715	177	0	612079	0	15	68	613054	2	1	0	15231	0	0	0	15234
TP1_synth_reverse		94	T	967	71	0	44	0	77	611718	612877	0	0	0	0	0	0	15232	15232
TP1_synth_reverse		95	C	0	612516	0	0	0	75	0	612591	0	15232	0	0	0	0	0	15232
TP1_synth_reverse		96	C	0	611792	0	0	0	13	0	611805	0	15228	0	0	0	0	0	15228
TP1_synth_reverse		97	C	0	610317	0	0	0	10	0	610327	0	15219	0	0	0	0	0	15219
TP1_synth_reverse		98	A	607766	0	0	0	0	0	0	607766	15196	0	0	0	0	0	0	15196
TP1_synth_reverse		99	G	0	0	0	606078	0	0	0	606078	0	0	0	15191	0	0	0	15191
