



























































































































































































































#AmpliconChromStart	Alias	Position	ProbableRef	rawA	rawC	rawD	rawG	rawI	rawN	rawT	rawDepth	consA	consC	consD	consG	consI	consN	consT	consDepth	
TP1_synth_reverse		1	G	0	0	0	608655	0	0	0	608655	0	0	0	3996	0	0	0	3996
TP1_synth_reverse		2	T	0	0	0	0	0	0	609747	609747	0	0	0	0	0	0	4000	4000
TP1_synth_reverse		3	G	0	0	0	612150	0	12	0	612162	0	0	0	4011	0	0	0	4011
TP1_synth_reverse		4	G	0	0	0	612859	0	21	0	612880	0	0	0	4013	0	0	0	4013
TP1_synth_reverse		5	T	0	0	0	0	0	76	613166	613242	0	0	0	0	0	0	4015	4015
TP1_synth_reverse		6	G	105	51	0	613127	0	66	287	613636	0	0	0	4015	0	0	1	4016
TP1_synth_reverse		7	A	613477	19	0	73	0	59	84	613712	4017	0	0	0	0	0	0	4017
TP1_synth_reverse		8	G	92	33	0	613528	0	251	78	613982	0	0	0	4019	0	0	0	4019
TP1_synth_reverse		9	G	82	68	0	613735	0	33	308	614226	0	0	0	4020	0	0	0	4020
TP1_synth_reverse		10	C	153	613655	2	16	1	11	402	614240	0	4019	0	0	0	0	1	4020
TP1_synth_reverse		11	T	170	94	38	17	802	21	613098	614240	0	0	0	0	8	0	4012	4020
TP1_synth_reverse		12	C	181	611334	2531	13	1	61	119	614240	0	4011	9	0	0	0	0	4020
TP1_synth_reverse		13	C	247	613659	5	25	0	189	115	614240	0	4020	0	0	0	0	0	4020
TP1_synth_reverse		14	C	184	613891	0	13	1	69	93	614251	0	4020	0	0	0	0	0	4020
TP1_synth_reverse		15	C	142	612903	322	13	741	16	114	614251	0	4013	1	0	6	0	0	4020
TP1_synth_reverse		16	T	305	318	2504	35	0	18	611071	614251	0	1	13	0	0	0	4006	4020
TP1_synth_reverse		17	T	337	84	1	15	0	5	613809	614251	0	0	0	0	0	0	4020	4020
TP1_synth_reverse		18	T	245	894	2	14	2	16	613100	614273	0	1	0	0	0	0	4019	4020
TP1_synth_reverse		19	C	258	628842	517	32	0	81	85	629815	0	4020	4	0	0	0	0	4024
TP1_synth_reverse		20	T	391	62	658	60	2	81	628561	629815	0	0	5	0	0	0	4019	4024
TP1_synth_reverse		21	T	1294	99	3	67	277	26	628049	629815	0	0	0	0	1	0	4023	4024
TP1_synth_reverse		22	G	91	463	668	628277	0	18	310	629827	0	0	4	4019	0	0	1	4024
TP1_synth_reverse		23	C	486	627505	1283	49	315	45	144	629827	0	4010	11	0	3	0	0	4024
TP1_synth_reverse		24	G	155	82	1634	627626	0	27	303	629827	0	0	10	4014	0	0	0	4024
TP1_synth_reverse		25	G	119	269	1056	627435	734	47	167	629827	0	0	6	4015	3	0	0	4024
TP1_synth_reverse		26	A	628310	13	1268	101	21	19	109	629841	4018	0	6	0	0	0	0	4024
TP1_synth_reverse		27	G	49	170	557	628547	6	83	429	629841	0	0	3	4021	0	0	0	4024
TP1_synth_reverse		28	A	629193	227	265	64	1	24	77	629851	4020	2	2	0	0	0	0	4024
TP1_synth_reverse		29	T	474	73	759	698	2	98	627747	629851	0	0	6	0	0	0	4018	4024
TP1_synth_reverse		30	T	2032	53	491	56	0	51	627168	629851	0	0	2	0	0	0	4022	4024
TP1_synth_reverse		31	C	519	627032	1452	37	7	62	176	629285	0	4014	8	0	0	0	1	4023
TP1_synth_reverse		32	T	731	74	1372	94	0	6	626451	628728	0	0	5	0	0	0	4017	4022
TP1_synth_reverse		33	C	583	626716	1322	27	0	26	55	628729	0	4016	6	0	0	0	0	4022
TP1_synth_reverse		34	T	2150	196	1903	1487	0	54	622332	628122	0	2	10	0	0	0	4010	4022
TP1_synth_reverse		35	T	2302	58	399	276	1	31	624394	627461	0	0	3	0	0	0	4018	4021
TP1_synth_reverse		36	C	448	581543	44939	72	5	67	86	627160	0	3749	272	0	0	0	0	4021
TP1_synth_reverse		37	C	362	623158	2519	880	2	27	114	627062	0	4005	14	2	0	0	0	4021
TP1_synth_reverse		38	T	1384	41	2689	68	134	18	622570	626904	0	0	17	0	1	0	4003	4021
TP1_synth_reverse		39	C	292	624841	993	136	4	23	609	626898	0	4012	7	0	0	0	2	4021
TP1_synth_reverse		40	T	1260	59	1464	103	456	120	623449	626911	0	0	10	0	3	0	4008	4021
TP1_synth_reverse		41	G	126	957	1486	621672	2	38	2625	626906	0	0	10	4009	0	0	2	4021
TP1_synth_reverse		42	T	2353	69	1735	427	2	37	622275	626898	0	0	6	2	0	0	4013	4021
TP1_synth_reverse		43	G	95	254	645	623178	0	82	2638	626892	0	0	4	4017	0	0	0	4021
TP1_synth_reverse		44	C	434	625534	1041	43	0	17	720	627789	0	4014	7	0	0	0	3	4024
TP1_synth_reverse		45	G	210	137	898	623321	0	12	3208	627786	1	0	6	4016	0	0	1	4024
TP1_synth_reverse		46	C	744	625302	1520	104	0	22	113	627805	0	4015	9	0	0	0	0	4024
TP1_synth_reverse		47	C	241	626285	977	31	62	15	193	627804	0	4016	7	0	1	0	0	4024
TP1_synth_reverse		48	G	133	901	1000	622756	31	13	2957	627791	0	0	8	4016	0	0	0	4024
TP1_synth_reverse		49	A	625210	48	1024	36	1	16	128	626463	4066	0	8	0	0	0	0	4074
TP1_synth_reverse		50	T	2794	62	1461	27	79	33	621861	626317	0	0	10	0	1	0	4063	4074
TP1_synth_reverse		51	A	624789	33	1078	48	177	74	152	626351	4064	0	8	0	2	0	0	4074
TP1_synth_reverse		52	C	453	624467	1002	59	64	79	223	626347	0	4064	7	0	0	0	3	4074
TP1_synth_reverse		53	A	624943	23	1082	160	2	42	91	626343	4068	0	6	0	0	0	0	4074
TP1_synth_reverse		54	G	402	346	990	623147	337	86	1050	626358	1	0	6	4063	3	0	1	4074
TP1_synth_reverse		55	A	622838	113	2801	72	0	58	84	625966	4060	0	15	0	0	0	0	4075
TP1_synth_reverse		56	A	625036	8	627	108	0	57	126	625962	4071	0	3	1	0	0	0	4075
TP1_synth_reverse		57	T	3546	41	1033	138	1	23	621152	625934	0	0	5	0	0	0	4070	4075
TP1_synth_reverse		58	A	624435	3	1045	116	179	51	102	625931	4069	0	5	0	1	0	0	4075
TP1_synth_reverse		59	T	1390	136	723	120	414	66	623150	625999	0	1	3	0	3	0	4069	4076
TP1_synth_reverse		60	C	1874	620857	2257	60	732	104	93	625977	0	4062	14	0	0	0	0	4076
TP1_synth_reverse		61	T	995	436	1280	814	302	108	622010	625945	0	1	8	0	0	0	4067	4076
TP1_synth_reverse		62	G	390	253	945	623226	567	88	731	626200	0	0	7	4069	1	0	0	4077
TP1_synth_reverse		63	T	4262	95	2302	54	1	24	619468	626206	0	0	14	0	0	0	4063	4077
TP1_synth_reverse		64	T	2036	56	1736	158	261	48	621861	626156	0	0	10	0	1	0	4066	4077
TP1_synth_reverse		65	C	643	623305	1997	21	38	44	123	626171	0	4066	11	0	0	0	0	4077
TP1_synth_reverse		66	G	867	333	2305	621916	0	45	715	626181	0	0	11	4066	0	0	0	4077
TP1_synth_reverse		67	C	767	623655	1965	27	25	71	242	626752	0	4068	11	0	0	0	1	4080
TP1_synth_reverse		68	A	623887	551	2035	156	0	70	49	626748	4067	0	13	0	0	0	0	4080
TP1_synth_reverse		69	C	89	625987	1798	39	0	42	112	628067	0	4078	10	0	0	0	0	4088
TP1_synth_reverse		70	T	1018	68	2577	561	0	100	625391	629715	0	0	12	0	0	0	4082	4094
TP1_synth_reverse		71	C	245	625614	3596	70	0	71	116	629712	0	4078	16	0	0	0	0	4094
TP1_synth_reverse		72	C	721	626824	1873	38	0	90	162	629708	0	4085	9	0	0	0	0	4094
TP1_synth_reverse		73	G	550	292	2463	626151	26	65	138	629685	0	0	11	4083	0	0	0	4094
TP1_synth_reverse		74	A	626880	207	2305	71	144	47	27	629681	4082	0	11	0	1	0	0	4094
TP1_synth_reverse		75	G	383	188	2085	626904	1	31	74	629666	1	0	7	4086	0	0	0	4094
TP1_synth_reverse		76	T	5046	59	1295	75	2	76	623088	629641	0	0	2	0	0	0	4092	4094
TP1_synth_reverse		77	G	184	288	1720	626595	58	65	713	629623	0	0	3	4090	0	0	1	4094
TP1_synth_reverse		78	C	212	625945	1626	411	550	148	716	629608	0	4084	9	0	1	0	0	4094
TP1_synth_reverse		79	G	370	878	976	626030	1	59	1258	629572	0	0	6	4087	0	0	1	4094
TP1_synth_reverse		80	G	137	329	68	627972	203	110	721	629540	0	1	0	4092	1	0	0	4094
TP1_synth_reverse		81	C	137	627521	853	47	651	173	143	629525	0	4090	1	0	3	0	0	4094
TP1_synth_reverse		82	A	612750	8	1613	192	0	78	176	614817	4035	0	4	1	0	0	0	4040
TP1_synth_reverse		83	A	614573	15	24	49	1	56	98	614816	4040	0	0	0	0	0	0	4040
TP1_synth_reverse		84	A	613991	23	0	110	516	52	82	614774	4040	0	0	0	0	0	0	4040
TP1_synth_reverse		85	G	103	159	262	613170	3	17	912	614626	0	0	1	4039	0	0	0	4040
TP1_synth_reverse		86	C	246	614129	0	30	4	36	140	614585	0	4040	0	0	0	0	0	4040
TP1_synth_reverse		87	T	1956	60	13	51	2	87	612341	614510	0	0	0	0	0	0	4040	4040
TP1_synth_reverse		88	G	214	325	2	613773	39	35	101	614489	0	0	0	4040	0	0	0	4040
TP1_synth_reverse		89	T	869	85	90	16	0	46	613346	614452	0	0	1	0	0	0	4039	4040
TP1_synth_reverse		90	T	955	84	0	57	0	101	612960	614157	0	0	0	0	0	0	4040	4040
TP1_synth_reverse		91	C	404	613098	0	33	1	28	95	613659	0	4040	0	0	0	0	0	4040
TP1_synth_reverse		92	C	472	612674	0	33	0	61	370	613610	0	4040	0	0	0	0	0	4040
TP1_synth_reverse		93	G	715	177	0	612076	0	15	68	613051	0	0	0	4040	0	0	0	4040
TP1_synth_reverse		94	T	967	71	0	44	0	77	611715	612874	0	0	0	0	0	0	4040	4040
TP1_synth_reverse		95	C	0	612513	0	0	0	75	0	612588	0	4040	0	0	0	0	0	4040
TP1_synth_reverse		96	C	0	611789	0	0	0	13	0	611802	0	4040	0	0	0	0	0	4040
TP1_synth_reverse		97	C	0	610314	0	0	0	10	0	610324	0	4039	0	0	0	0	0	4039
TP1_synth_reverse		98	A	607762	0	0	0	0	0	0	607762	4039	0	0	0	0	0	0	4039
TP1_synth_reverse		99	G	0	0	0	606074	0	0	0	606074	0	0	0	4039	0	0	0	4039
