



























































































































































































































#AmpliconChromStart	Alias	Position	ProbableRef	rawA	rawC	rawD	rawG	rawI	rawN	rawT	rawDepth	consA	consC	consD	consG	consI	consN	consT	consDepth	
TP1_synth_reverse		1	G	0	0	0	608655	0	0	0	608655	0	0	0	11186	0	0	0	11186
TP1_synth_reverse		2	T	0	0	0	0	0	0	609747	609747	0	0	0	0	0	0	11194	11194
TP1_synth_reverse		3	G	0	0	0	612150	0	12	0	612162	0	0	0	11216	0	0	0	11216
TP1_synth_reverse		4	G	0	0	0	612859	0	21	0	612880	0	0	0	11224	0	0	0	11224
TP1_synth_reverse		5	T	0	0	0	0	0	76	613166	613242	0	0	0	0	0	0	11228	11228
TP1_synth_reverse		6	G	105	51	0	613127	0	66	287	613636	0	0	0	11231	0	0	4	11235
TP1_synth_reverse		7	A	613477	19	0	73	0	59	84	613712	11238	0	0	0	0	0	0	11238
TP1_synth_reverse		8	G	92	33	0	613528	0	251	78	613982	0	0	0	11242	0	0	0	11242
TP1_synth_reverse		9	G	82	68	0	613735	0	33	308	614226	0	1	0	11245	0	0	0	11246
TP1_synth_reverse		10	C	153	613655	2	16	1	11	402	614240	0	11246	0	0	0	0	1	11247
TP1_synth_reverse		11	T	170	94	38	17	802	21	613098	614240	0	0	2	0	15	0	11230	11247
TP1_synth_reverse		12	C	181	611334	2531	13	1	61	119	614240	0	11231	16	0	0	0	0	11247
TP1_synth_reverse		13	C	247	613659	5	25	0	189	115	614240	0	11247	0	0	0	0	0	11247
TP1_synth_reverse		14	C	184	613891	0	13	1	69	93	614251	0	11248	0	0	0	0	0	11248
TP1_synth_reverse		15	C	142	612903	322	13	741	16	114	614251	0	11236	1	0	9	0	2	11248
TP1_synth_reverse		16	T	305	318	2504	35	0	18	611071	614251	0	1	23	0	0	0	11224	11248
TP1_synth_reverse		17	T	337	84	1	15	0	5	613809	614251	0	0	0	0	0	0	11248	11248
TP1_synth_reverse		18	T	245	894	2	14	2	16	613100	614273	0	2	0	0	0	0	11247	11249
TP1_synth_reverse		19	C	258	628842	517	32	0	81	85	629815	0	11269	8	0	0	0	0	11277
TP1_synth_reverse		20	T	391	62	658	60	2	81	628561	629815	0	0	8	0	0	0	11269	11277
TP1_synth_reverse		21	T	1294	99	3	67	277	26	628049	629815	0	0	0	0	1	0	11276	11277
TP1_synth_reverse		22	G	91	463	668	628277	0	18	310	629827	0	0	6	11271	0	0	1	11278
TP1_synth_reverse		23	C	486	627505	1283	49	315	45	144	629827	0	11257	13	0	7	0	1	11278
TP1_synth_reverse		24	G	155	82	1634	627626	0	27	303	629827	0	0	16	11262	0	0	0	11278
TP1_synth_reverse		25	G	119	269	1056	627446	734	47	167	629838	0	0	9	11266	4	0	0	11279
TP1_synth_reverse		26	A	628321	13	1268	101	21	19	109	629852	11269	0	10	0	1	0	0	11280
TP1_synth_reverse		27	G	49	170	557	628558	6	83	429	629852	0	0	8	11271	1	0	0	11280
TP1_synth_reverse		28	A	629194	227	265	64	1	24	77	629852	11260	9	11	0	0	0	0	11280
TP1_synth_reverse		29	T	474	73	759	698	2	98	627748	629852	0	0	12	0	0	0	11268	11280
TP1_synth_reverse		30	T	2033	53	491	56	0	51	627168	629852	0	0	6	0	0	0	11274	11280
TP1_synth_reverse		31	C	520	627032	1452	37	7	62	176	629286	0	11251	21	0	1	0	5	11278
TP1_synth_reverse		32	T	732	74	1372	94	0	6	626451	628729	0	0	20	0	0	0	11251	11271
TP1_synth_reverse		33	C	582	626714	1322	27	0	26	55	628726	0	11249	22	0	0	0	0	11271
TP1_synth_reverse		34	T	2149	196	1903	1487	0	54	622330	628119	0	2	29	0	0	0	11238	11269
TP1_synth_reverse		35	T	2305	58	399	276	1	31	624388	627458	0	0	16	0	0	0	11247	11263
TP1_synth_reverse		36	C	448	581540	44939	72	5	67	86	627157	4	10635	624	0	0	0	0	11263
TP1_synth_reverse		37	C	362	623155	2519	880	2	27	114	627059	0	11220	41	2	0	0	0	11263
TP1_synth_reverse		38	T	1384	41	2689	68	134	18	622567	626901	0	0	41	0	3	0	11216	11260
TP1_synth_reverse		39	C	292	624838	993	136	4	23	609	626895	0	11231	26	0	0	0	3	11260
TP1_synth_reverse		40	T	1261	59	1464	103	456	120	623445	626908	0	0	31	0	3	0	11229	11263
TP1_synth_reverse		41	G	126	957	1486	621674	2	38	2620	626903	0	1	29	11231	0	0	2	11263
TP1_synth_reverse		42	T	2353	69	1735	427	2	37	622272	626895	0	0	22	2	0	0	11239	11263
TP1_synth_reverse		43	G	95	254	645	623181	0	82	2639	626896	0	0	19	11244	0	0	0	11263
TP1_synth_reverse		44	C	434	625538	1041	43	0	17	720	627793	0	11242	28	0	0	0	4	11274
TP1_synth_reverse		45	G	210	137	898	623325	0	12	3208	627790	4	0	25	11244	0	0	1	11274
TP1_synth_reverse		46	C	745	625305	1520	104	0	22	113	627809	0	11234	39	0	0	0	2	11275
TP1_synth_reverse		47	C	241	626289	977	31	62	15	193	627808	0	11248	26	0	1	0	0	11275
TP1_synth_reverse		48	G	133	906	1000	622758	31	13	2954	627795	0	0	29	11246	0	0	0	11275
TP1_synth_reverse		49	A	625214	48	1024	36	1	16	128	626467	11359	0	29	0	0	0	0	11388
TP1_synth_reverse		50	T	2794	62	1461	27	79	33	621865	626321	0	0	30	0	5	0	11352	11387
TP1_synth_reverse		51	A	624793	33	1078	48	177	74	152	626355	11360	0	25	0	3	0	1	11389
TP1_synth_reverse		52	C	450	624474	1002	59	64	79	223	626351	0	11363	20	0	1	0	5	11389
TP1_synth_reverse		53	A	624947	23	1082	160	2	42	91	626347	11362	0	27	0	0	0	0	11389
TP1_synth_reverse		54	G	403	347	990	623147	337	86	1052	626362	4	1	18	11359	4	0	4	11390
TP1_synth_reverse		55	A	622842	113	2801	72	0	58	84	625970	11354	0	35	0	0	0	0	11389
TP1_synth_reverse		56	A	625040	8	627	108	0	57	126	625966	11377	0	11	1	0	0	0	11389
TP1_synth_reverse		57	T	3546	41	1033	138	1	23	621156	625938	2	0	14	0	0	0	11373	11389
TP1_synth_reverse		58	A	624439	3	1045	116	179	51	102	625935	11374	0	13	0	2	0	0	11389
TP1_synth_reverse		59	T	1389	136	723	120	414	66	623155	626003	1	3	12	0	4	0	11372	11392
TP1_synth_reverse		60	C	1872	620862	2257	60	732	105	93	625981	1	11359	30	0	0	0	2	11392
TP1_synth_reverse		61	T	997	436	1280	814	302	108	622012	625949	0	1	18	0	0	0	11373	11392
TP1_synth_reverse		62	G	386	253	945	623233	567	88	732	626204	0	0	16	11375	1	0	2	11394
TP1_synth_reverse		63	T	4267	95	2302	54	1	24	619467	626210	0	2	32	0	0	0	11361	11395
TP1_synth_reverse		64	T	2038	56	1736	158	261	48	621863	626160	0	0	25	0	1	0	11367	11393
TP1_synth_reverse		65	C	644	623308	1997	21	38	44	123	626175	1	11361	32	0	1	0	0	11395
TP1_synth_reverse		66	G	867	333	2305	621920	0	45	715	626185	1	0	30	11366	0	0	0	11397
TP1_synth_reverse		67	C	768	623658	1965	27	25	71	242	626756	0	11372	30	0	1	0	1	11404
TP1_synth_reverse		68	A	623892	551	2034	156	0	70	49	626752	11368	0	36	0	0	0	0	11404
TP1_synth_reverse		69	C	89	625991	1798	39	0	42	112	628071	0	11387	31	0	0	0	1	11419
TP1_synth_reverse		70	T	1018	68	2577	561	0	100	625395	629719	0	0	34	0	0	0	11395	11429
TP1_synth_reverse		71	C	245	625618	3596	70	0	71	116	629716	0	11385	44	0	0	0	0	11429
TP1_synth_reverse		72	C	721	626828	1873	38	0	90	162	629712	0	11408	21	0	0	0	0	11429
TP1_synth_reverse		73	G	550	292	2463	626154	26	65	139	629689	0	0	31	11396	2	0	0	11429
TP1_synth_reverse		74	A	626884	207	2305	71	144	47	27	629685	11397	0	25	0	7	0	0	11429
TP1_synth_reverse		75	G	384	188	2085	626907	1	31	74	629670	1	0	21	11407	0	0	0	11429
TP1_synth_reverse		76	T	5049	59	1295	75	2	76	623089	629645	0	0	14	0	0	0	11415	11429
TP1_synth_reverse		77	G	185	288	1720	626597	58	65	714	629627	0	0	7	11418	2	0	2	11429
TP1_synth_reverse		78	C	212	625949	1626	411	550	148	716	629612	0	11405	18	0	5	0	1	11429
TP1_synth_reverse		79	G	370	879	976	626030	1	59	1261	629576	1	0	15	11410	0	0	3	11429
TP1_synth_reverse		80	G	137	329	68	627975	203	110	722	629544	3	5	3	11416	2	0	0	11429
TP1_synth_reverse		81	C	137	627525	853	47	651	173	143	629529	0	11414	8	0	7	0	0	11429
TP1_synth_reverse		82	A	612754	8	1613	192	0	78	176	614821	11272	0	13	1	0	0	0	11286
TP1_synth_reverse		83	A	614577	15	24	49	1	56	98	614820	11285	0	1	0	0	0	0	11286
TP1_synth_reverse		84	A	613996	23	0	110	516	52	81	614778	11285	0	0	0	1	0	0	11286
TP1_synth_reverse		85	G	103	159	262	613174	3	17	912	614630	0	0	1	11285	0	0	0	11286
TP1_synth_reverse		86	C	246	614133	0	30	4	36	140	614589	0	11284	0	0	0	0	2	11286
TP1_synth_reverse		87	T	1957	60	13	51	2	87	612344	614514	0	0	0	0	0	0	11286	11286
TP1_synth_reverse		88	G	214	325	2	613777	39	35	101	614493	0	0	0	11286	0	0	0	11286
TP1_synth_reverse		89	T	869	85	90	16	0	46	613350	614456	0	0	2	0	0	0	11284	11286
TP1_synth_reverse		90	T	954	84	0	57	0	101	612965	614161	2	0	0	0	0	0	11282	11284
TP1_synth_reverse		91	C	405	613101	0	33	1	28	95	613663	0	11281	0	0	0	0	0	11281
TP1_synth_reverse		92	C	472	612677	0	33	0	61	370	613613	0	11280	0	0	0	0	1	11281
TP1_synth_reverse		93	G	715	177	0	612079	0	15	68	613054	1	0	0	11279	0	0	0	11280
TP1_synth_reverse		94	T	967	71	0	44	0	77	611718	612877	0	0	0	0	0	0	11278	11278
TP1_synth_reverse		95	C	0	612516	0	0	0	75	0	612591	0	11278	0	0	0	0	0	11278
TP1_synth_reverse		96	C	0	611792	0	0	0	13	0	611805	0	11277	0	0	0	0	0	11277
TP1_synth_reverse		97	C	0	610317	0	0	0	10	0	610327	0	11273	0	0	0	0	0	11273
TP1_synth_reverse		98	A	607766	0	0	0	0	0	0	607766	11259	0	0	0	0	0	0	11259
TP1_synth_reverse		99	G	0	0	0	606077	0	0	0	606077	0	0	0	11256	0	0	0	11256
