



























































































































































































































#AmpliconChromStart	Alias	Position	ProbableRef	rawA	rawC	rawD	rawG	rawI	rawN	rawT	rawDepth	consA	consC	consD	consG	consI	consN	consT	consDepth	
TP1_synth_reverse		1	G	0	0	0	916512	0	0	0	916512	0	0	0	19745	0	0	0	19745
TP1_synth_reverse		2	T	0	0	0	0	0	0	919666	919666	0	0	0	0	0	0	19768	19768
TP1_synth_reverse		3	G	0	0	0	922582	0	108	0	922690	0	0	0	19805	0	0	0	19805
TP1_synth_reverse		4	G	0	0	0	923774	0	59	0	923833	0	0	0	19816	0	0	0	19816
TP1_synth_reverse		5	T	0	0	0	0	0	23	924293	924316	0	0	0	0	0	0	19823	19823
TP1_synth_reverse		6	G	151	94	0	924441	0	12	269	924967	2	0	0	19824	0	0	3	19829
TP1_synth_reverse		7	A	925171	26	0	115	0	60	138	925510	19838	0	0	0	0	0	0	19838
TP1_synth_reverse		8	G	121	78	0	925290	0	128	160	925777	0	0	0	19843	0	0	2	19845
TP1_synth_reverse		9	G	121	155	0	925778	0	28	418	926500	0	0	0	19850	0	0	2	19852
TP1_synth_reverse		10	C	239	925882	40	28	106	35	194	926524	0	19850	1	0	1	0	1	19853
TP1_synth_reverse		11	T	188	141	515	12	113	20	925535	926524	0	0	2	0	3	0	19848	19853
TP1_synth_reverse		12	C	304	922983	2704	22	0	79	444	926536	0	19813	40	0	0	0	1	19854
TP1_synth_reverse		13	C	463	925803	4	31	0	113	122	926536	0	19854	0	0	0	0	0	19854
TP1_synth_reverse		14	C	401	925948	0	31	0	41	115	926536	0	19854	0	0	0	0	0	19854
TP1_synth_reverse		15	C	329	925659	1	52	298	79	118	926536	1	19847	0	0	6	0	0	19854
TP1_synth_reverse		16	T	370	234	2453	25	0	225	923229	926536	0	0	51	0	0	0	19803	19854
TP1_synth_reverse		17	T	352	110	193	7	0	65	925809	926536	0	0	3	0	0	0	19851	19854
TP1_synth_reverse		18	T	337	132	189	9	8	69	925792	926536	0	0	2	0	1	0	19851	19854
TP1_synth_reverse		19	C	331	925787	387	23	520	82	111	927241	0	19835	11	0	8	0	1	19855
TP1_synth_reverse		20	T	268	151	1815	15	0	15	924977	927241	0	1	32	0	0	0	19822	19855
TP1_synth_reverse		21	T	482	153	203	57	329	108	925909	927241	0	0	3	0	7	0	19845	19855
TP1_synth_reverse		22	G	129	668	924	925144	23	16	337	927241	0	1	8	19843	1	0	2	19855
TP1_synth_reverse		23	C	583	923489	1105	209	642	35	1185	927248	1	19820	15	3	4	0	12	19855
TP1_synth_reverse		24	G	214	195	2026	924068	2	43	700	927248	0	0	30	19825	0	0	0	19855
TP1_synth_reverse		25	G	128	659	404	925471	46	130	432	927270	0	0	6	19848	2	0	1	19857
TP1_synth_reverse		26	A	926159	21	562	198	124	53	153	927270	19840	0	12	0	5	0	0	19857
TP1_synth_reverse		27	G	64	751	358	925613	179	21	284	927270	0	0	10	19839	6	0	2	19857
TP1_synth_reverse		28	A	925353	41	1382	109	226	41	133	927285	19837	0	18	0	3	0	0	19858
TP1_synth_reverse		29	T	299	111	1468	152	1	169	925317	927517	0	1	23	0	0	0	19840	19864
TP1_synth_reverse		30	T	951	115	446	63	229	136	925577	927517	0	0	12	0	1	0	19851	19864
TP1_synth_reverse		31	C	541	924999	1353	46	251	64	250	927504	0	19830	31	0	2	0	1	19864
TP1_synth_reverse		32	T	565	109	1812	129	63	410	923890	926978	0	0	42	1	4	0	19814	19861
TP1_synth_reverse		33	C	453	924124	1695	55	217	142	278	926964	0	19821	35	0	2	0	3	19861
TP1_synth_reverse		34	T	694	251	2113	73	2	90	923425	926648	0	1	46	0	0	0	19814	19861
TP1_synth_reverse		35	T	1516	131	968	63	334	119	923502	926633	0	1	25	0	3	0	19832	19861
TP1_synth_reverse		36	C	756	924093	1582	26	1	60	111	926629	1	19819	39	0	0	0	2	19861
TP1_synth_reverse		37	C	586	923923	1311	61	1	90	669	926641	2	19827	30	0	0	0	3	19862
TP1_synth_reverse		38	T	705	83	1623	277	272	30	923298	926288	0	1	37	2	7	0	19814	19861
TP1_synth_reverse		39	C	470	924027	1295	47	12	67	248	926166	3	19822	32	0	2	0	2	19861
TP1_synth_reverse		40	T	1314	136	1888	54	487	168	922390	926437	0	2	34	1	7	0	19821	19865
TP1_synth_reverse		41	G	707	599	2092	922687	0	23	317	926425	2	0	37	19826	0	0	0	19865
TP1_synth_reverse		42	T	2229	112	1925	41	84	51	921981	926423	0	0	32	0	5	0	19828	19865
TP1_synth_reverse		43	G	428	496	2157	922554	1	424	344	926404	0	0	37	19828	0	0	0	19865
TP1_synth_reverse		44	C	533	920427	3237	256	22	187	1734	926396	1	19803	44	2	2	0	13	19865
TP1_synth_reverse		45	G	394	339	3383	920574	196	61	1346	926293	10	0	46	19804	2	0	2	19864
TP1_synth_reverse		46	C	850	920748	4392	50	0	18	229	926287	0	19797	64	0	0	0	2	19863
TP1_synth_reverse		47	C	362	922461	3052	51	71	32	243	926272	0	19821	38	0	3	0	1	19863
TP1_synth_reverse		48	G	219	727	3277	920740	68	43	1163	926237	1	1	44	19810	7	0	3	19866
TP1_synth_reverse		49	A	921584	53	3870	94	210	251	167	926229	19805	0	57	0	3	0	1	19866
TP1_synth_reverse		50	T	1026	161	3349	213	0	157	921308	926214	0	2	49	1	0	0	19814	19866
TP1_synth_reverse		51	A	922734	55	2943	125	109	146	159	926271	19822	0	45	1	1	0	0	19869
TP1_synth_reverse		52	C	544	921056	3331	133	579	316	392	926351	0	19816	49	0	4	0	3	19872
TP1_synth_reverse		53	A	921358	36	3425	445	555	362	163	926344	19815	0	50	4	3	0	0	19872
TP1_synth_reverse		54	G	600	243	2362	922460	215	100	352	926332	3	0	39	19824	4	0	2	19872
TP1_synth_reverse		55	A	922681	85	3264	147	0	125	98	926400	19827	0	47	0	0	0	1	19875
TP1_synth_reverse		56	A	924434	16	2256	170	2	108	122	927108	19847	0	32	0	0	0	0	19879
TP1_synth_reverse		57	T	1671	253	2041	237	237	242	922685	927366	0	1	31	0	5	0	19849	19886
TP1_synth_reverse		58	A	924580	14	2063	111	66	314	117	927265	19855	0	28	0	2	0	0	19885
TP1_synth_reverse		59	T	954	67	2049	91	185	454	923474	927274	0	0	33	0	3	0	19851	19887
TP1_synth_reverse		60	C	888	923838	2080	65	21	274	88	927254	2	19846	37	0	2	0	0	19887
TP1_synth_reverse		61	T	1208	115	1463	45	376	253	924036	927496	0	1	20	0	4	0	19865	19890
TP1_synth_reverse		62	G	427	253	1568	924557	89	351	401	927646	3	0	25	19863	3	0	0	19894
TP1_synth_reverse		63	T	1933	68	2949	83	0	176	922251	927460	0	0	46	1	0	0	19851	19898
TP1_synth_reverse		64	T	1910	80	1222	20	63	54	924241	927590	0	0	17	0	1	0	19884	19902
TP1_synth_reverse		65	C	1169	922422	3384	44	204	182	168	927573	0	19855	45	0	2	0	0	19902
TP1_synth_reverse		66	G	598	405	2376	923244	2	66	670	927361	6	0	33	19860	0	0	3	19902
TP1_synth_reverse		67	C	911	924499	1462	49	79	241	269	927510	0	19879	24	0	1	0	1	19905
TP1_synth_reverse		68	A	925721	246	1378	149	1	101	93	927689	19883	3	26	0	0	0	0	19912
TP1_synth_reverse		69	C	381	925819	603	57	208	77	550	927695	0	19890	15	0	2	0	7	19914
TP1_synth_reverse		70	T	1125	136	829	47	131	101	925307	927676	0	0	20	0	1	0	19893	19914
TP1_synth_reverse		71	C	379	923621	3070	23	2	345	231	927671	0	19873	40	0	0	0	1	19914
TP1_synth_reverse		72	C	731	925170	750	56	373	129	456	927665	0	19891	12	0	6	0	5	19914
TP1_synth_reverse		73	G	177	547	1712	924327	199	359	330	927651	1	0	28	19882	1	0	2	19914
TP1_synth_reverse		74	A	923556	41	3221	142	491	134	47	927632	19855	0	53	0	5	0	0	19913
TP1_synth_reverse		75	G	105	421	975	925907	0	71	123	927602	0	1	15	19897	0	0	0	19913
TP1_synth_reverse		76	T	937	97	494	76	202	64	925461	927331	0	0	12	1	1	0	19897	19911
TP1_synth_reverse		77	G	127	391	1218	925256	4	57	259	927312	2	0	15	19892	0	0	2	19911
TP1_synth_reverse		78	C	487	922561	1662	66	331	493	1705	927305	0	19871	18	3	4	0	15	19911
TP1_synth_reverse		79	G	306	582	573	924844	0	141	845	927291	5	1	11	19891	0	0	2	19910
TP1_synth_reverse		80	G	474	356	77	925548	0	177	551	927183	7	0	2	19896	0	0	4	19909
TP1_synth_reverse		81	C	696	924650	1216	98	251	96	160	927167	2	19884	17	0	6	0	0	19909
TP1_synth_reverse		82	A	923035	50	2970	190	0	73	151	926469	19872	0	36	0	0	0	0	19908
TP1_synth_reverse		83	A	925757	67	166	105	0	257	115	926467	19906	0	2	0	0	0	0	19908
TP1_synth_reverse		84	A	925567	87	114	160	218	219	50	926415	19902	1	1	0	3	0	0	19907
TP1_synth_reverse		85	G	124	325	8	924912	604	157	180	926310	2	0	0	19902	3	0	0	19907
TP1_synth_reverse		86	C	509	925380	107	24	15	66	153	926254	0	19904	0	0	1	0	2	19907
TP1_synth_reverse		87	T	1183	103	38	39	27	341	924454	926185	0	0	2	1	0	0	19904	19907
TP1_synth_reverse		88	G	331	529	118	924715	44	144	245	926126	2	0	1	19903	1	0	0	19907
TP1_synth_reverse		89	T	702	112	613	15	0	54	924455	925951	0	0	3	0	0	0	19902	19905
TP1_synth_reverse		90	T	639	169	105	51	1	99	924707	925771	0	0	1	2	0	0	19900	19903
TP1_synth_reverse		91	C	592	924338	0	55	0	332	105	925422	1	19901	0	1	0	0	0	19903
TP1_synth_reverse		92	C	442	923081	0	111	0	408	361	924403	0	19896	0	3	0	0	1	19900
TP1_synth_reverse		93	G	394	405	0	921716	0	173	188	922876	2	0	0	19888	0	0	1	19891
TP1_synth_reverse		94	T	547	260	0	45	0	87	921331	922270	0	1	0	0	0	0	19887	19888
TP1_synth_reverse		95	C	0	921463	0	0	0	209	0	921672	0	19885	0	0	0	0	0	19885
TP1_synth_reverse		96	C	0	920494	0	0	0	104	0	920598	0	19884	0	0	0	0	0	19884
TP1_synth_reverse		97	C	0	918028	0	0	0	189	0	918217	0	19871	0	0	0	0	0	19871
TP1_synth_reverse		98	A	915928	0	0	0	0	0	0	915928	19851	0	0	0	0	0	0	19851
TP1_synth_reverse		99	G	0	0	0	914297	0	0	0	914297	0	0	0	19849	0	0	0	19849
