



























































































































































































































#AmpliconChromStart	Alias	Position	ProbableRef	rawA	rawC	rawD	rawG	rawI	rawN	rawT	rawDepth	consA	consC	consD	consG	consI	consN	consT	consDepth	
TP1_synth_reverse		1	G	0	0	0	916512	0	0	0	916512	0	0	0	7655	0	0	0	7655
TP1_synth_reverse		2	T	0	0	0	0	0	0	919666	919666	0	0	0	0	0	0	7666	7666
TP1_synth_reverse		3	G	0	0	0	922582	0	108	0	922690	0	0	0	7684	0	0	0	7684
TP1_synth_reverse		4	G	0	0	0	923774	0	59	0	923833	0	0	0	7688	0	0	0	7688
TP1_synth_reverse		5	T	0	0	0	0	0	23	924293	924316	0	0	0	0	0	0	7690	7690
TP1_synth_reverse		6	G	151	94	0	924441	0	12	269	924967	1	0	0	7690	0	0	2	7693
TP1_synth_reverse		7	A	925171	26	0	115	0	60	138	925510	7696	0	0	0	0	0	0	7696
TP1_synth_reverse		8	G	121	78	0	925290	0	128	160	925777	0	0	0	7697	0	0	1	7698
TP1_synth_reverse		9	G	121	155	0	925778	0	28	418	926500	0	0	0	7700	0	0	2	7702
TP1_synth_reverse		10	C	239	925882	40	28	106	35	194	926524	0	7699	1	0	1	0	1	7702
TP1_synth_reverse		11	T	188	141	515	12	113	20	925535	926524	0	0	1	0	1	0	7700	7702
TP1_synth_reverse		12	C	304	922971	2704	22	0	79	444	926524	0	7679	22	0	0	0	1	7702
TP1_synth_reverse		13	C	463	925791	4	31	0	113	122	926524	0	7702	0	0	0	0	0	7702
TP1_synth_reverse		14	C	401	925936	0	31	0	41	115	926524	0	7702	0	0	0	0	0	7702
TP1_synth_reverse		15	C	329	925647	1	52	298	79	118	926524	1	7698	0	0	3	0	0	7702
TP1_synth_reverse		16	T	370	234	2453	25	0	225	923217	926524	0	0	23	0	0	0	7679	7702
TP1_synth_reverse		17	T	351	110	193	7	0	65	925798	926524	0	0	2	0	0	0	7700	7702
TP1_synth_reverse		18	T	334	132	189	9	8	69	925783	926524	0	0	2	0	0	0	7700	7702
TP1_synth_reverse		19	C	331	925775	387	23	520	82	111	927229	0	7694	5	0	3	0	1	7703
TP1_synth_reverse		20	T	266	151	1815	15	0	15	924967	927229	0	1	15	0	0	0	7687	7703
TP1_synth_reverse		21	T	481	153	203	57	329	108	925909	927240	0	0	2	0	3	0	7698	7703
TP1_synth_reverse		22	G	129	667	924	925145	23	16	336	927240	0	1	5	7695	0	0	2	7703
TP1_synth_reverse		23	C	583	923488	1105	209	642	35	1185	927247	0	7685	7	2	4	0	5	7703
TP1_synth_reverse		24	G	214	192	2026	924070	2	43	700	927247	0	0	15	7688	0	0	0	7703
TP1_synth_reverse		25	G	128	657	404	925472	46	130	432	927269	0	0	4	7697	1	0	1	7703
TP1_synth_reverse		26	A	926158	21	562	198	124	53	153	927269	7695	0	6	0	2	0	0	7703
TP1_synth_reverse		27	G	64	751	358	925613	179	21	283	927269	0	0	4	7696	2	0	1	7703
TP1_synth_reverse		28	A	925352	41	1382	109	226	41	133	927284	7692	0	9	0	2	0	0	7703
TP1_synth_reverse		29	T	298	111	1468	152	1	169	925317	927516	0	0	12	0	0	0	7694	7706
TP1_synth_reverse		30	T	952	115	446	63	229	136	925575	927516	0	0	4	0	1	0	7701	7706
TP1_synth_reverse		31	C	542	924997	1353	46	251	64	250	927503	0	7693	11	0	1	0	1	7706
TP1_synth_reverse		32	T	565	109	1812	129	63	410	923883	926971	0	0	14	1	0	0	7690	7705
TP1_synth_reverse		33	C	452	924118	1695	55	217	142	278	926957	0	7690	11	0	2	0	2	7705
TP1_synth_reverse		34	T	693	251	2113	73	2	90	923419	926641	0	1	15	0	0	0	7689	7705
TP1_synth_reverse		35	T	1517	131	968	63	334	119	923494	926626	0	0	7	0	1	0	7697	7705
TP1_synth_reverse		36	C	754	924088	1582	26	1	60	111	926622	1	7691	13	0	0	0	0	7705
TP1_synth_reverse		37	C	586	923916	1311	61	1	90	669	926634	0	7694	9	0	0	0	2	7705
TP1_synth_reverse		38	T	705	83	1623	278	272	30	923290	926281	0	0	11	0	2	0	7692	7705
TP1_synth_reverse		39	C	470	924020	1295	47	12	67	248	926159	0	7694	9	0	0	0	2	7705
TP1_synth_reverse		40	T	1314	136	1888	54	487	168	922383	926430	0	0	14	0	5	0	7687	7706
TP1_synth_reverse		41	G	708	601	2092	922678	0	23	316	926418	1	0	14	7691	0	0	0	7706
TP1_synth_reverse		42	T	2227	112	1925	41	84	51	921976	926416	0	0	13	0	1	0	7692	7706
TP1_synth_reverse		43	G	428	498	2157	922565	1	424	346	926419	0	0	15	7691	0	0	0	7706
TP1_synth_reverse		44	C	534	920441	3237	256	22	187	1734	926411	0	7678	21	1	0	0	6	7706
TP1_synth_reverse		45	G	394	339	3383	920588	196	61	1347	926308	3	0	21	7679	1	0	0	7704
TP1_synth_reverse		46	C	851	920762	4392	50	0	18	229	926302	0	7675	28	0	0	0	1	7704
TP1_synth_reverse		47	C	360	922478	3052	51	71	32	243	926287	0	7685	18	0	1	0	0	7704
TP1_synth_reverse		48	G	218	729	3277	920751	68	43	1166	926252	0	1	20	7683	0	0	2	7706
TP1_synth_reverse		49	A	921599	53	3870	94	210	251	167	926244	7677	0	27	0	2	0	0	7706
TP1_synth_reverse		50	T	1026	161	3349	215	0	157	921321	926229	0	1	22	1	0	0	7682	7706
TP1_synth_reverse		51	A	922749	55	2943	125	109	146	159	926286	7685	0	21	0	1	0	0	7707
TP1_synth_reverse		52	C	545	921070	3331	133	579	316	392	926366	0	7677	27	0	3	0	2	7709
TP1_synth_reverse		53	A	921373	36	3425	445	555	362	163	926359	7682	0	24	2	1	0	0	7709
TP1_synth_reverse		54	G	599	244	2362	922475	215	100	352	926347	1	0	17	7688	2	0	1	7709
TP1_synth_reverse		55	A	922696	85	3264	147	0	125	98	926415	7689	0	22	0	0	0	0	7711
TP1_synth_reverse		56	A	924450	16	2256	169	2	108	122	927123	7698	0	15	0	0	0	0	7713
TP1_synth_reverse		57	T	1670	253	2041	238	237	242	922700	927381	0	1	15	0	2	0	7698	7716
TP1_synth_reverse		58	A	924595	14	2063	111	66	314	117	927280	7700	0	15	0	1	0	0	7716
TP1_synth_reverse		59	T	954	67	2049	92	185	454	923488	927289	0	0	17	0	1	0	7698	7716
TP1_synth_reverse		60	C	895	923846	2080	65	21	274	88	927269	0	7701	15	0	0	0	0	7716
TP1_synth_reverse		61	T	1208	115	1463	46	376	253	924050	927511	0	0	11	0	3	0	7704	7718
TP1_synth_reverse		62	G	429	253	1568	924570	89	351	401	927661	1	0	11	7706	1	0	0	7719
TP1_synth_reverse		63	T	1944	68	2949	83	0	176	922255	927475	0	0	23	0	0	0	7696	7719
TP1_synth_reverse		64	T	1920	80	1222	20	63	54	924246	927605	0	0	9	0	1	0	7710	7720
TP1_synth_reverse		65	C	1169	922436	3384	44	205	182	168	927588	0	7696	23	0	1	0	0	7720
TP1_synth_reverse		66	G	598	405	2376	923259	2	66	670	927376	2	0	16	7700	0	0	2	7720
TP1_synth_reverse		67	C	912	924513	1462	49	79	241	269	927525	0	7709	11	0	1	0	1	7722
TP1_synth_reverse		68	A	925736	246	1378	149	1	101	93	927704	7713	0	11	0	0	0	0	7724
TP1_synth_reverse		69	C	381	925834	603	57	208	77	550	927710	0	7716	3	0	1	0	4	7724
TP1_synth_reverse		70	T	1125	136	829	47	131	101	925322	927691	0	0	10	0	1	0	7713	7724
TP1_synth_reverse		71	C	379	923636	3070	23	2	345	231	927686	0	7703	21	0	0	0	0	7724
TP1_synth_reverse		72	C	731	925185	750	56	373	129	456	927680	0	7710	9	0	2	0	3	7724
TP1_synth_reverse		73	G	177	547	1712	924342	199	359	330	927666	0	0	13	7709	1	0	1	7724
TP1_synth_reverse		74	A	923571	41	3221	142	491	134	47	927647	7697	0	25	0	2	0	0	7724
TP1_synth_reverse		75	G	105	421	975	925922	0	71	123	927617	0	0	10	7714	0	0	0	7724
TP1_synth_reverse		76	T	942	97	494	76	202	64	925471	927346	0	0	6	0	1	0	7717	7724
TP1_synth_reverse		77	G	127	389	1218	925273	4	57	259	927327	0	0	10	7714	0	0	0	7724
TP1_synth_reverse		78	C	487	922576	1662	66	331	493	1705	927320	0	7703	10	0	3	0	8	7724
TP1_synth_reverse		79	G	306	585	573	924856	0	141	845	927306	1	0	6	7715	0	0	2	7724
TP1_synth_reverse		80	G	474	357	77	925562	0	177	551	927198	3	0	1	7717	0	0	2	7723
TP1_synth_reverse		81	C	697	924664	1216	98	251	96	160	927182	2	7713	6	0	2	0	0	7723
TP1_synth_reverse		82	A	923050	50	2970	190	0	73	151	926484	7709	0	13	0	0	0	0	7722
TP1_synth_reverse		83	A	925772	67	166	105	0	257	115	926482	7721	0	1	0	0	0	0	7722
TP1_synth_reverse		84	A	925582	87	114	160	218	219	50	926430	7720	1	0	0	1	0	0	7722
TP1_synth_reverse		85	G	124	325	8	924926	604	157	180	926324	0	0	0	7719	3	0	0	7722
TP1_synth_reverse		86	C	509	925394	107	24	15	66	153	926268	0	7721	0	0	0	0	1	7722
TP1_synth_reverse		87	T	1183	103	38	39	27	341	924468	926199	0	0	0	0	0	0	7722	7722
TP1_synth_reverse		88	G	331	529	118	924730	44	144	244	926140	1	0	1	7720	0	0	0	7722
TP1_synth_reverse		89	T	702	112	613	15	0	54	924469	925965	0	0	1	0	0	0	7720	7721
TP1_synth_reverse		90	T	639	169	105	51	1	99	924722	925786	0	0	1	0	0	0	7719	7720
TP1_synth_reverse		91	C	592	924353	0	55	0	332	105	925437	0	7720	0	0	0	0	0	7720
TP1_synth_reverse		92	C	441	923097	0	111	0	408	361	924418	0	7719	0	0	0	0	1	7720
TP1_synth_reverse		93	G	395	405	0	921730	0	173	188	922891	0	0	0	7720	0	0	0	7720
TP1_synth_reverse		94	T	547	260	0	45	0	87	921345	922284	0	1	0	0	0	0	7719	7720
TP1_synth_reverse		95	C	0	921477	0	0	0	209	0	921686	0	7720	0	0	0	0	0	7720
TP1_synth_reverse		96	C	0	920507	0	0	0	104	0	920611	0	7720	0	0	0	0	0	7720
TP1_synth_reverse		97	C	0	918042	0	0	0	189	0	918231	0	7720	0	0	0	0	0	7720
TP1_synth_reverse		98	A	915942	0	0	0	0	0	0	915942	7720	0	0	0	0	0	0	7720
TP1_synth_reverse		99	G	0	0	0	914312	0	0	0	914312	0	0	0	7720	0	0	0	7720
