



























































































































































































































#AmpliconChromStart	Alias	Position	ProbableRef	rawA	rawC	rawD	rawG	rawI	rawN	rawT	rawDepth	consA	consC	consD	consG	consI	consN	consT	consDepth	
TP1_synth_reverse		1	G	0	0	0	916512	0	0	0	916512	0	0	0	16782	0	0	0	16782
TP1_synth_reverse		2	T	0	0	0	0	0	0	919666	919666	0	0	0	0	0	0	16800	16800
TP1_synth_reverse		3	G	0	0	0	922582	0	108	0	922690	0	0	0	16832	0	0	0	16832
TP1_synth_reverse		4	G	0	0	0	923774	0	59	0	923833	0	0	0	16841	0	0	0	16841
TP1_synth_reverse		5	T	0	0	0	0	0	23	924293	924316	0	0	0	0	0	0	16847	16847
TP1_synth_reverse		6	G	151	94	0	924441	0	12	269	924967	2	0	0	16847	0	0	2	16851
TP1_synth_reverse		7	A	925171	26	0	115	0	60	138	925510	16859	0	0	0	0	0	0	16859
TP1_synth_reverse		8	G	121	78	0	925290	0	128	160	925777	0	0	0	16864	0	0	1	16865
TP1_synth_reverse		9	G	121	155	0	925778	0	28	418	926500	0	0	0	16869	0	0	2	16871
TP1_synth_reverse		10	C	239	925882	40	28	106	35	194	926524	0	16869	1	0	1	0	1	16872
TP1_synth_reverse		11	T	188	141	515	12	113	20	925553	926542	0	0	2	0	2	0	16868	16872
TP1_synth_reverse		12	C	304	922989	2704	22	0	79	444	926542	0	16835	36	0	0	0	1	16872
TP1_synth_reverse		13	C	463	925809	4	31	0	113	122	926542	0	16872	0	0	0	0	0	16872
TP1_synth_reverse		14	C	401	925954	0	31	0	41	115	926542	0	16872	0	0	0	0	0	16872
TP1_synth_reverse		15	C	329	925665	1	52	298	79	118	926542	1	16866	0	0	5	0	0	16872
TP1_synth_reverse		16	T	370	234	2453	25	0	225	923235	926542	0	0	42	0	0	0	16830	16872
TP1_synth_reverse		17	T	351	110	193	7	0	65	925816	926542	0	0	2	0	0	0	16870	16872
TP1_synth_reverse		18	T	335	132	189	9	8	69	925800	926542	0	0	2	0	0	0	16870	16872
TP1_synth_reverse		19	C	333	925791	387	23	520	82	111	927247	0	16856	9	0	7	0	1	16873
TP1_synth_reverse		20	T	266	151	1815	15	0	15	924985	927247	0	1	27	0	0	0	16845	16873
TP1_synth_reverse		21	T	483	153	203	57	329	108	925925	927258	0	0	3	0	4	0	16867	16874
TP1_synth_reverse		22	G	129	667	924	925162	23	16	337	927258	0	1	7	16863	1	0	2	16874
TP1_synth_reverse		23	C	583	923506	1105	209	642	35	1185	927265	1	16847	12	3	4	0	7	16874
TP1_synth_reverse		24	G	214	193	2026	924086	2	43	701	927265	0	0	28	16846	0	0	0	16874
TP1_synth_reverse		25	G	128	659	404	925487	46	130	433	927287	0	0	6	16867	2	0	1	16876
TP1_synth_reverse		26	A	926176	21	562	198	124	53	153	927287	16860	0	12	0	4	0	0	16876
TP1_synth_reverse		27	G	64	752	358	925630	179	21	283	927287	0	0	9	16859	6	0	2	16876
TP1_synth_reverse		28	A	925355	41	1382	109	226	41	133	927287	16859	0	15	0	2	0	0	16876
TP1_synth_reverse		29	T	300	111	1468	152	1	169	925318	927519	0	1	19	0	0	0	16860	16880
TP1_synth_reverse		30	T	954	115	446	63	229	136	925576	927519	0	0	9	0	1	0	16870	16880
TP1_synth_reverse		31	C	542	925000	1353	46	251	64	250	927506	0	16851	26	0	2	0	1	16880
TP1_synth_reverse		32	T	567	109	1812	129	63	410	923890	926980	0	0	36	1	4	0	16837	16878
TP1_synth_reverse		33	C	449	924130	1695	55	217	142	278	926966	0	16844	29	0	2	0	3	16878
TP1_synth_reverse		34	T	693	251	2113	73	2	90	923428	926650	0	1	33	0	0	0	16844	16878
TP1_synth_reverse		35	T	1516	131	968	63	334	119	923504	926635	0	0	16	0	1	0	16861	16878
TP1_synth_reverse		36	C	755	924096	1582	26	1	60	111	926631	1	16847	30	0	0	0	0	16878
TP1_synth_reverse		37	C	584	923927	1311	61	1	90	669	926643	2	16853	21	0	0	0	3	16879
TP1_synth_reverse		38	T	706	83	1623	277	272	30	923299	926290	0	1	25	1	6	0	16845	16878
TP1_synth_reverse		39	C	470	924029	1295	47	12	67	248	926168	2	16852	21	0	1	0	2	16878
TP1_synth_reverse		40	T	1313	136	1888	54	487	168	922393	926439	0	1	25	1	7	0	16846	16880
TP1_synth_reverse		41	G	709	602	2092	922685	0	23	316	926427	2	0	24	16854	0	0	0	16880
TP1_synth_reverse		42	T	2229	112	1925	41	84	51	921983	926425	0	0	24	0	5	0	16851	16880
TP1_synth_reverse		43	G	428	498	2157	922549	1	424	349	926406	0	0	27	16853	0	0	0	16880
TP1_synth_reverse		44	C	534	920428	3237	256	22	187	1734	926398	0	16832	34	2	1	0	11	16880
TP1_synth_reverse		45	G	395	340	3383	920571	196	61	1349	926295	7	0	35	16834	1	0	2	16879
TP1_synth_reverse		46	C	853	920747	4392	50	0	18	229	926289	0	16823	53	0	0	0	2	16878
TP1_synth_reverse		47	C	361	922464	3052	51	71	32	243	926274	0	16847	29	0	2	0	0	16878
TP1_synth_reverse		48	G	218	725	3277	920745	68	43	1163	926239	1	1	35	16835	5	0	3	16880
TP1_synth_reverse		49	A	921586	53	3870	94	210	251	167	926231	16831	0	45	0	3	0	1	16880
TP1_synth_reverse		50	T	1021	161	3349	212	0	157	921316	926216	0	2	37	1	0	0	16840	16880
TP1_synth_reverse		51	A	922736	55	2943	125	109	146	159	926273	16846	0	35	1	1	0	0	16883
TP1_synth_reverse		52	C	543	921059	3331	133	579	316	392	926353	0	16841	38	0	4	0	3	16886
TP1_synth_reverse		53	A	921360	36	3425	445	555	362	163	926346	16841	0	39	3	3	0	0	16886
TP1_synth_reverse		54	G	595	243	2362	922467	215	100	352	926334	1	0	31	16849	3	0	2	16886
TP1_synth_reverse		55	A	922683	85	3264	147	0	125	98	926402	16850	0	37	0	0	0	1	16888
TP1_synth_reverse		56	A	924437	16	2256	169	2	108	122	927110	16865	0	26	0	0	0	0	16891
TP1_synth_reverse		57	T	1669	253	2041	237	237	242	922689	927368	0	1	26	0	4	0	16867	16898
TP1_synth_reverse		58	A	924582	14	2063	111	66	314	117	927267	16874	0	22	0	2	0	0	16898
TP1_synth_reverse		59	T	955	67	2049	91	185	454	923475	927276	0	0	24	0	3	0	16873	16900
TP1_synth_reverse		60	C	886	923842	2080	65	21	274	88	927256	0	16869	29	0	2	0	0	16900
TP1_synth_reverse		61	T	1206	115	1463	45	376	253	924040	927498	0	1	14	0	4	0	16883	16902
TP1_synth_reverse		62	G	427	253	1568	924559	89	351	401	927648	2	0	17	16886	1	0	0	16906
TP1_synth_reverse		63	T	1932	68	2949	83	0	176	922254	927462	0	0	36	1	0	0	16871	16908
TP1_synth_reverse		64	T	1913	80	1222	20	63	54	924240	927592	0	0	12	0	1	0	16899	16912
TP1_synth_reverse		65	C	1170	922423	3384	44	204	182	168	927575	0	16874	37	0	1	0	0	16912
TP1_synth_reverse		66	G	596	405	2376	923247	2	66	671	927363	3	0	29	16877	0	0	3	16912
TP1_synth_reverse		67	C	911	924501	1462	49	79	241	269	927512	0	16894	19	0	1	0	1	16915
TP1_synth_reverse		68	A	925723	246	1378	149	1	101	93	927691	16897	3	21	0	0	0	0	16921
TP1_synth_reverse		69	C	382	925820	603	57	208	77	550	927697	0	16902	11	0	2	0	6	16921
TP1_synth_reverse		70	T	1126	136	829	47	131	101	925308	927678	0	0	16	0	1	0	16904	16921
TP1_synth_reverse		71	C	379	923623	3070	23	2	345	231	927673	0	16884	37	0	0	0	0	16921
TP1_synth_reverse		72	C	732	925171	750	56	373	129	456	927667	0	16899	11	0	6	0	5	16921
TP1_synth_reverse		73	G	177	548	1712	924328	199	359	330	927653	0	0	23	16895	1	0	2	16921
TP1_synth_reverse		74	A	923558	41	3221	142	491	134	47	927634	16871	0	45	0	4	0	0	16920
TP1_synth_reverse		75	G	105	422	975	925908	0	71	123	927604	0	0	13	16907	0	0	0	16920
TP1_synth_reverse		76	T	937	97	494	76	202	64	925463	927333	0	0	9	0	1	0	16909	16919
TP1_synth_reverse		77	G	127	390	1218	925258	4	57	260	927314	1	0	13	16905	0	0	0	16919
TP1_synth_reverse		78	C	488	922562	1662	66	331	493	1705	927307	0	16883	16	2	4	0	14	16919
TP1_synth_reverse		79	G	306	581	573	924847	0	141	845	927293	3	1	10	16902	0	0	2	16918
TP1_synth_reverse		80	G	474	358	77	925547	0	177	552	927185	7	0	2	16906	0	0	2	16917
TP1_synth_reverse		81	C	697	924651	1216	98	251	96	160	927169	2	16894	16	0	5	0	0	16917
TP1_synth_reverse		82	A	923037	50	2970	190	0	73	151	926471	16883	0	33	0	0	0	0	16916
TP1_synth_reverse		83	A	925759	67	166	105	0	257	115	926469	16914	0	2	0	0	0	0	16916
TP1_synth_reverse		84	A	925569	87	114	160	218	219	50	926417	16911	1	1	0	2	0	0	16915
TP1_synth_reverse		85	G	124	325	8	924912	604	157	180	926310	1	0	0	16911	3	0	0	16915
TP1_synth_reverse		86	C	510	925378	107	24	15	66	153	926253	0	16912	0	0	1	0	2	16915
TP1_synth_reverse		87	T	1182	103	38	39	27	341	924454	926184	0	0	1	1	0	0	16913	16915
TP1_synth_reverse		88	G	331	529	118	924715	44	144	244	926125	1	0	1	16912	1	0	0	16915
TP1_synth_reverse		89	T	702	112	613	15	0	54	924454	925950	0	0	2	0	0	0	16912	16914
TP1_synth_reverse		90	T	639	169	105	51	1	99	924707	925771	0	0	1	2	0	0	16909	16912
TP1_synth_reverse		91	C	592	924338	0	55	0	332	105	925422	1	16910	0	1	0	0	0	16912
TP1_synth_reverse		92	C	441	923082	0	111	0	408	361	924403	0	16907	0	2	0	0	1	16910
TP1_synth_reverse		93	G	395	405	0	921714	0	173	189	922876	1	0	0	16902	0	0	1	16904
TP1_synth_reverse		94	T	548	260	0	45	0	87	921329	922269	0	1	0	0	0	0	16903	16904
TP1_synth_reverse		95	C	0	921462	0	0	0	209	0	921671	0	16901	0	0	0	0	0	16901
TP1_synth_reverse		96	C	0	920491	0	0	0	104	0	920595	0	16900	0	0	0	0	0	16900
TP1_synth_reverse		97	C	0	918025	0	0	0	189	0	918214	0	16893	0	0	0	0	0	16893
TP1_synth_reverse		98	A	915925	0	0	0	0	0	0	915925	16883	0	0	0	0	0	0	16883
TP1_synth_reverse		99	G	0	0	0	914295	0	0	0	914295	0	0	0	16881	0	0	0	16881
