



























































































































































































































#AmpliconChromStart	Alias	Position	ProbableRef	rawA	rawC	rawD	rawG	rawI	rawN	rawT	rawDepth	consA	consC	consD	consG	consI	consN	consT	consDepth	
TP1_synth_reverse		1	G	0	0	0	916512	0	0	0	916512	0	0	0	70940	0	0	0	70940
TP1_synth_reverse		2	T	0	0	0	0	0	0	919666	919666	0	0	0	0	0	0	71469	71469
TP1_synth_reverse		3	G	0	0	0	922582	0	108	0	922690	0	0	0	72105	0	35	0	72140
TP1_synth_reverse		4	G	0	0	0	923774	0	59	0	923833	0	0	0	72492	0	34	0	72526
TP1_synth_reverse		5	T	0	0	0	0	0	23	924293	924316	0	0	0	0	0	18	72839	72857
TP1_synth_reverse		6	G	151	94	0	924441	0	12	269	924967	12	10	0	73224	0	7	30	73283
TP1_synth_reverse		7	A	925171	26	0	115	0	60	138	925510	73324	2	0	6	0	20	2	73354
TP1_synth_reverse		8	G	121	78	0	925290	0	128	160	925777	5	11	0	73327	0	45	16	73404
TP1_synth_reverse		9	G	121	155	0	925778	0	28	418	926500	6	44	0	73393	0	4	18	73465
TP1_synth_reverse		10	C	239	925882	40	28	106	35	194	926524	50	73409	2	1	4	1	13	73480
TP1_synth_reverse		11	T	188	141	515	12	113	20	925535	926524	34	8	18	1	8	4	73407	73480
TP1_synth_reverse		12	C	304	922971	2704	22	0	79	444	926524	61	73247	125	1	0	30	16	73480
TP1_synth_reverse		13	C	463	925791	4	31	0	113	122	926524	69	73355	0	1	0	48	7	73480
TP1_synth_reverse		14	C	401	925936	0	31	0	41	115	926524	56	73407	0	0	0	15	2	73480
TP1_synth_reverse		15	C	329	925647	1	52	298	79	118	926524	64	73357	0	6	22	22	9	73480
TP1_synth_reverse		16	T	370	234	2453	25	0	225	923217	926524	100	7	205	3	0	49	73116	73480
TP1_synth_reverse		17	T	351	110	193	7	0	65	925798	926524	91	6	13	0	0	27	73343	73480
TP1_synth_reverse		18	T	334	132	189	9	8	69	925783	926524	75	6	11	1	6	20	73361	73480
TP1_synth_reverse		19	C	331	925775	387	23	520	82	111	927229	137	73327	44	1	27	20	6	73562
TP1_synth_reverse		20	T	266	151	1815	15	0	15	924967	927229	73	11	120	2	0	11	73345	73562
TP1_synth_reverse		21	T	481	153	203	57	329	108	925898	927229	160	5	17	1	20	6	73353	73562
TP1_synth_reverse		22	G	129	667	924	925134	23	16	336	927229	7	190	61	73234	7	0	63	73562
TP1_synth_reverse		23	C	583	923477	1105	209	642	35	1185	927236	161	73235	69	20	20	2	61	73568
TP1_synth_reverse		24	G	214	192	2026	924059	2	43	700	927236	11	50	123	73250	0	16	118	73568
TP1_synth_reverse		25	G	128	657	404	925461	46	130	432	927258	24	170	26	73251	3	29	72	73575
TP1_synth_reverse		26	A	926147	21	562	198	124	53	153	927258	73486	3	43	3	17	17	6	73575
TP1_synth_reverse		27	G	64	750	358	925603	179	21	283	927258	8	163	33	73254	14	14	89	73575
TP1_synth_reverse		28	A	925341	41	1382	109	226	41	133	927273	73466	6	72	5	16	13	6	73584
TP1_synth_reverse		29	T	298	111	1468	152	1	169	925306	927505	55	7	111	15	0	39	73383	73610
TP1_synth_reverse		30	T	951	115	446	63	229	136	925565	927505	313	13	45	14	11	20	73194	73610
TP1_synth_reverse		31	C	541	924987	1353	46	251	64	250	927492	185	73271	102	4	14	18	8	73602
TP1_synth_reverse		32	T	564	109	1812	129	63	410	923879	926966	114	9	141	8	12	50	73240	73574
TP1_synth_reverse		33	C	452	924113	1695	55	217	142	278	926952	182	73206	123	8	9	26	12	73566
TP1_synth_reverse		34	T	693	251	2113	73	2	90	923414	926636	158	10	145	10	2	15	73215	73555
TP1_synth_reverse		35	T	1516	131	968	63	334	119	923490	926621	466	9	75	3	11	47	72937	73548
TP1_synth_reverse		36	C	754	924083	1582	26	1	60	111	926617	136	73258	125	3	0	13	12	73547
TP1_synth_reverse		37	C	586	923911	1311	61	1	90	669	926629	128	73293	94	5	0	15	19	73554
TP1_synth_reverse		38	T	705	83	1623	277	272	30	923286	926276	195	5	123	33	24	13	73141	73534
TP1_synth_reverse		39	C	469	924016	1295	47	12	67	248	926154	120	73278	94	4	4	11	18	73529
TP1_synth_reverse		40	T	1312	136	1888	54	487	168	922380	926425	277	5	122	7	17	25	73089	73542
TP1_synth_reverse		41	G	707	599	2092	922676	0	23	316	926413	99	186	135	73009	0	3	102	73534
TP1_synth_reverse		42	T	2228	112	1925	41	84	51	921970	926411	582	5	130	4	13	12	72787	73533
TP1_synth_reverse		43	G	428	496	2157	922542	1	424	344	926392	70	139	144	73006	1	71	88	73519
TP1_synth_reverse		44	C	533	920415	3237	256	22	187	1734	926384	122	73062	176	11	9	53	81	73514
TP1_synth_reverse		45	G	394	339	3383	920563	196	61	1345	926281	42	103	187	72882	12	27	245	73498
TP1_synth_reverse		46	C	849	920737	4392	50	0	18	229	926275	334	72867	263	10	0	6	17	73497
TP1_synth_reverse		47	C	361	922450	3052	51	71	32	243	926260	90	73180	165	5	12	15	18	73485
TP1_synth_reverse		48	G	219	725	3277	920730	68	43	1163	926225	25	235	187	72798	28	21	200	73494
TP1_synth_reverse		49	A	921572	53	3870	94	210	251	167	926217	73755	7	228	11	11	33	13	74058
TP1_synth_reverse		50	T	1023	161	3349	213	0	157	921299	926202	227	21	197	27	0	41	73538	74051
TP1_synth_reverse		51	A	922722	55	2943	125	109	146	159	926259	73782	14	193	10	7	44	12	74062
TP1_synth_reverse		52	C	544	921044	3331	133	579	316	392	926339	182	73585	204	22	27	23	22	74065
TP1_synth_reverse		53	A	921379	36	3425	445	555	362	163	926365	73761	1	207	27	23	46	9	74074
TP1_synth_reverse		54	G	599	243	2362	922482	215	100	352	926353	46	47	153	73725	13	29	51	74064
TP1_synth_reverse		55	A	922702	85	3264	147	0	125	98	926421	73845	17	195	7	0	10	3	74077
TP1_synth_reverse		56	A	924456	16	2256	169	2	108	122	927129	73935	6	137	12	0	19	7	74116
TP1_synth_reverse		57	T	1669	253	2041	237	237	242	922708	927387	327	8	134	26	19	40	73569	74123
TP1_synth_reverse		58	A	924601	14	2063	111	66	314	117	927286	73791	1	139	6	10	165	5	74117
TP1_synth_reverse		59	T	953	67	2049	91	185	454	923496	927295	197	1	138	13	18	85	73669	74121
TP1_synth_reverse		60	C	887	923860	2080	65	21	274	88	927275	218	73682	159	2	8	33	5	74107
TP1_synth_reverse		61	T	1208	115	1463	45	376	253	924057	927517	228	2	91	10	25	58	73699	74113
TP1_synth_reverse		62	G	427	253	1568	924576	89	351	403	927667	72	45	113	73539	10	186	156	74121
TP1_synth_reverse		63	T	1934	68	2949	83	0	176	922271	927481	525	3	174	13	0	61	73341	74117
TP1_synth_reverse		64	T	1909	80	1222	20	63	54	924263	927611	373	7	83	2	4	6	73652	74127
TP1_synth_reverse		65	C	1168	922444	3384	44	204	182	168	927594	229	73620	211	4	11	22	19	74116
TP1_synth_reverse		66	G	598	405	2376	923265	2	66	670	927382	80	108	164	73621	1	10	107	74091
TP1_synth_reverse		67	C	914	924517	1462	49	79	241	269	927531	303	73623	115	5	4	30	11	74091
TP1_synth_reverse		68	A	925741	247	1378	149	1	101	93	927710	73928	36	104	18	0	22	8	74116
TP1_synth_reverse		69	C	381	925840	603	57	208	77	550	927716	74	73926	68	2	7	6	35	74118
TP1_synth_reverse		70	T	1123	136	830	48	131	101	925328	927697	248	5	53	6	3	12	73779	74106
TP1_synth_reverse		71	C	379	923641	3071	23	2	345	231	927692	92	73732	172	0	0	93	13	74102
TP1_synth_reverse		72	C	731	925190	751	56	373	129	456	927686	248	73672	57	9	29	61	24	74100
TP1_synth_reverse		73	G	177	547	1713	924347	199	359	330	927672	11	145	136	73527	8	211	53	74091
TP1_synth_reverse		74	A	923577	41	3221	142	491	134	47	927653	73745	6	234	6	30	56	4	74081
TP1_synth_reverse		75	G	105	421	975	925928	0	71	123	927623	9	89	98	73818	0	10	33	74057
TP1_synth_reverse		76	T	939	97	494	76	202	64	925480	927352	300	4	63	18	7	9	73644	74045
TP1_synth_reverse		77	G	127	389	1218	925279	4	57	259	927333	25	113	85	73738	3	10	59	74033
TP1_synth_reverse		78	C	487	922582	1662	66	331	493	1705	927326	107	73600	98	20	31	86	86	74028
TP1_synth_reverse		79	G	306	584	573	924863	0	141	845	927312	26	255	37	73605	0	20	78	74021
TP1_synth_reverse		80	G	474	356	77	925569	0	177	551	927204	43	88	5	73741	0	49	73	73999
TP1_synth_reverse		81	C	696	924671	1216	98	251	96	160	927188	68	73784	81	8	26	19	2	73988
TP1_synth_reverse		82	A	923054	50	2971	191	0	73	151	926490	73132	10	174	5	0	19	5	73345
TP1_synth_reverse		83	A	925777	67	166	106	0	257	115	926488	73263	6	8	4	0	58	5	73344
TP1_synth_reverse		84	A	925588	87	114	160	218	219	50	926436	73266	8	5	8	5	36	1	73329
TP1_synth_reverse		85	G	124	325	8	924933	604	157	180	926331	17	72	5	73089	30	44	32	73289
TP1_synth_reverse		86	C	509	925401	107	24	15	66	153	926275	107	73135	3	2	3	14	7	73271
TP1_synth_reverse		87	T	1183	103	38	39	27	341	924475	926206	251	5	7	1	4	31	72946	73245
TP1_synth_reverse		88	G	331	529	118	924737	44	144	244	926147	28	64	8	73027	5	39	55	73226
TP1_synth_reverse		89	T	701	112	613	15	0	54	924477	925972	96	4	24	1	0	14	73067	73206
TP1_synth_reverse		90	T	638	169	105	51	1	99	924730	925793	99	2	1	3	0	13	73049	73167
TP1_synth_reverse		91	C	592	924360	0	55	0	332	105	925444	100	72976	0	7	0	43	7	73133
TP1_synth_reverse		92	C	441	923104	0	111	0	408	361	924425	50	72898	0	12	0	87	15	73062
TP1_synth_reverse		93	G	394	405	0	921738	0	173	188	922898	14	99	0	72767	0	37	36	72953
TP1_synth_reverse		94	T	547	260	0	45	0	87	921353	922292	75	14	0	2	0	9	72818	72918
TP1_synth_reverse		95	C	0	921485	0	0	0	209	0	921694	0	72829	0	0	0	15	0	72844
TP1_synth_reverse		96	C	0	920516	0	0	0	104	0	920620	0	72719	0	0	0	26	0	72745
TP1_synth_reverse		97	C	0	918050	0	0	0	189	0	918239	0	72516	0	0	0	63	0	72579
TP1_synth_reverse		98	A	915950	0	0	0	0	0	0	915950	72402	0	0	0	0	0	0	72402
TP1_synth_reverse		99	G	0	0	0	914320	0	0	0	914320	0	0	0	72217	0	0	0	72217
