



























































































































































































































#AmpliconChromStart	Alias	Position	ProbableRef	rawA	rawC	rawD	rawG	rawI	rawN	rawT	rawDepth	consA	consC	consD	consG	consI	consN	consT	consDepth	
TP1_synth_reverse		1	G	0	0	0	682832	0	0	0	682832	0	0	0	3816	0	0	0	3816
TP1_synth_reverse		2	T	0	0	0	0	0	0	684821	684821	0	0	0	0	0	0	3821	3821
TP1_synth_reverse		3	G	0	0	0	687284	0	140	0	687424	0	0	0	3829	0	0	0	3829
TP1_synth_reverse		4	G	0	0	0	689369	0	60	0	689429	0	0	0	3838	0	0	0	3838
TP1_synth_reverse		5	T	0	0	0	0	0	193	689691	689884	0	0	0	0	0	0	3840	3840
TP1_synth_reverse		6	G	115	74	0	690244	0	34	143	690610	0	0	0	3842	0	0	0	3842
TP1_synth_reverse		7	A	691297	25	0	98	0	11	105	691536	3846	0	0	0	0	0	0	3846
TP1_synth_reverse		8	G	104	72	0	690821	0	86	564	691647	0	0	0	3845	0	0	3	3848
TP1_synth_reverse		9	G	137	127	0	691620	0	11	131	692026	0	0	0	3849	0	0	0	3849
TP1_synth_reverse		10	C	291	691121	470	21	1	14	150	692068	0	3849	0	0	0	0	0	3849
TP1_synth_reverse		11	T	326	99	619	20	23	38	690943	692068	0	0	0	0	0	0	3849	3849
TP1_synth_reverse		12	C	327	689461	2053	25	0	73	146	692085	0	3843	6	0	0	0	0	3849
TP1_synth_reverse		13	C	405	691426	1	25	0	129	125	692111	0	3849	0	0	0	0	0	3849
TP1_synth_reverse		14	C	325	691577	0	25	0	62	122	692111	0	3849	0	0	0	0	0	3849
TP1_synth_reverse		15	C	276	691591	0	57	4	60	123	692111	0	3849	0	0	0	0	0	3849
TP1_synth_reverse		16	T	578	84	43	35	0	39	691332	692111	0	0	0	0	0	0	3849	3849
TP1_synth_reverse		17	T	688	89	1	34	0	161	691149	692122	0	0	0	0	0	0	3849	3849
TP1_synth_reverse		18	T	528	105	0	23	0	121	691354	692131	0	0	0	0	0	0	3849	3849
TP1_synth_reverse		19	C	505	691027	523	40	2	94	621	692812	0	3846	2	0	0	0	2	3850
TP1_synth_reverse		20	T	613	77	776	42	0	42	691262	692812	0	0	4	0	0	0	3846	3850
TP1_synth_reverse		21	T	2097	121	0	87	0	183	690324	692812	0	0	0	0	0	0	3850	3850
TP1_synth_reverse		22	G	163	730	45	691484	0	126	282	692830	0	0	0	3849	0	0	1	3850
TP1_synth_reverse		23	C	917	687244	1522	1501	376	107	1163	692830	1	3832	10	2	3	0	2	3850
TP1_synth_reverse		24	G	325	143	882	690960	2	69	455	692836	2	0	1	3846	0	0	1	3850
TP1_synth_reverse		25	G	232	458	3	691261	147	69	676	692846	0	0	0	3844	2	0	4	3850
TP1_synth_reverse		26	A	691988	18	9	132	475	115	109	692846	3848	0	0	0	2	0	0	3850
TP1_synth_reverse		27	G	76	178	1	691010	1	71	1509	692846	0	0	0	3845	0	0	5	3850
TP1_synth_reverse		28	A	692068	90	489	71	1	47	92	692858	3848	0	2	0	0	0	0	3850
TP1_synth_reverse		29	T	803	101	330	49	0	10	691565	692858	0	0	4	0	0	0	3846	3850
TP1_synth_reverse		30	T	2856	107	179	12	0	53	689651	692858	0	0	2	0	0	0	3848	3850
TP1_synth_reverse		31	C	822	689055	2744	48	0	18	155	692842	0	3834	15	0	0	0	1	3850
TP1_synth_reverse		32	T	1034	79	209	44	9	57	691398	692830	0	0	1	0	0	0	3849	3850
TP1_synth_reverse		33	C	846	690947	819	38	54	24	94	692822	0	3847	2	0	1	0	0	3850
TP1_synth_reverse		34	T	1313	326	449	478	0	21	690234	692821	0	1	3	3	0	0	3843	3850
TP1_synth_reverse		35	T	3239	82	0	84	724	54	688622	692805	0	0	0	0	5	0	3845	3850
TP1_synth_reverse		36	C	659	691742	209	34	4	48	104	692800	0	3848	2	0	0	0	0	3850
TP1_synth_reverse		37	C	1053	690927	4	57	0	42	708	692791	1	3845	0	0	0	0	4	3850
TP1_synth_reverse		38	T	1599	62	681	41	0	95	690302	692780	0	0	3	0	0	0	3847	3850
TP1_synth_reverse		39	C	442	692082	47	42	23	30	110	692776	0	3850	0	0	0	0	0	3850
TP1_synth_reverse		40	T	1612	194	449	51	26	28	690411	692771	0	1	1	0	1	0	3847	3850
TP1_synth_reverse		41	G	135	1448	9	689001	2	17	2146	692758	0	0	0	3849	0	0	1	3850
TP1_synth_reverse		42	T	2791	124	199	34	277	124	689204	692753	0	0	2	0	2	0	3846	3850
TP1_synth_reverse		43	G	186	1464	368	689879	3	80	783	692763	0	0	3	3847	0	0	0	3850
TP1_synth_reverse		44	C	969	690216	536	68	0	100	892	692781	1	3842	5	0	0	0	2	3850
TP1_synth_reverse		45	G	427	397	928	687881	0	68	3075	692776	5	0	4	3841	0	0	0	3850
TP1_synth_reverse		46	C	1286	690344	700	245	0	35	188	692798	0	3844	2	2	0	0	2	3850
TP1_synth_reverse		47	C	551	691522	0	47	1	12	676	692809	2	3846	0	0	0	0	2	3850
TP1_synth_reverse		48	G	175	1349	529	688024	0	2	2726	692805	0	0	3	3847	0	0	0	3850
TP1_synth_reverse		49	A	692508	52	13	46	37	37	147	692840	3849	0	0	0	1	0	0	3850
TP1_synth_reverse		50	T	2827	94	2	29	337	32	689516	692837	0	0	0	0	2	0	3848	3850
TP1_synth_reverse		51	A	692326	58	214	87	2	49	99	692835	3848	0	2	0	0	0	0	3850
TP1_synth_reverse		52	C	660	690846	644	46	308	47	274	692825	0	3841	4	0	4	0	1	3850
TP1_synth_reverse		53	A	692469	35	60	134	1	37	112	692848	3849	0	1	0	0	0	0	3850
TP1_synth_reverse		54	G	205	438	255	690970	456	17	498	692839	0	0	3	3844	3	0	0	3850
TP1_synth_reverse		55	A	692443	179	68	111	0	32	88	692921	3850	0	1	0	0	0	0	3851
TP1_synth_reverse		56	A	692555	23	72	105	1	42	121	692919	3851	0	0	0	0	0	0	3851
TP1_synth_reverse		57	T	3712	45	688	148	1296	39	686967	692895	0	0	1	0	2	0	3848	3851
TP1_synth_reverse		58	A	692711	17	11	63	0	46	110	692958	3852	0	0	0	0	0	0	3852
TP1_synth_reverse		59	T	2382	52	1	98	406	16	689983	692938	0	0	0	0	2	0	3850	3852
TP1_synth_reverse		60	C	1674	690688	306	91	28	47	84	692918	0	3848	4	0	0	0	0	3852
TP1_synth_reverse		61	T	1877	90	846	268	72	20	689750	692923	0	0	5	0	1	0	3847	3853
TP1_synth_reverse		62	G	816	334	569	690312	0	98	802	692931	1	0	3	3849	0	0	0	3853
TP1_synth_reverse		63	T	4596	60	1034	38	0	38	687211	692977	0	0	4	0	0	0	3850	3854
TP1_synth_reverse		64	T	2778	60	1	95	0	89	689969	692992	0	0	0	0	0	0	3854	3854
TP1_synth_reverse		65	C	710	690483	1130	62	0	104	513	693002	0	3849	4	0	0	0	1	3854
TP1_synth_reverse		66	G	605	419	805	690108	269	46	744	692996	0	0	1	3851	2	0	0	3854
TP1_synth_reverse		67	C	1132	691198	117	25	0	156	401	693029	0	3854	1	0	0	0	0	3855
TP1_synth_reverse		68	A	691657	469	437	150	100	122	92	693027	3854	0	1	0	0	0	0	3855
TP1_synth_reverse		69	C	232	692208	325	42	0	62	152	693021	0	3854	1	0	0	0	0	3855
TP1_synth_reverse		70	T	1328	107	6	200	352	33	690983	693009	0	0	0	0	2	0	3853	3855
TP1_synth_reverse		71	C	381	691476	974	48	0	11	117	693007	0	3853	2	0	0	0	0	3855
TP1_synth_reverse		72	C	1018	690978	2	80	539	53	330	693000	0	3852	0	0	2	0	1	3855
TP1_synth_reverse		73	G	663	360	701	690891	4	174	187	692980	0	0	1	3854	0	0	0	3855
TP1_synth_reverse		74	A	692309	124	313	94	14	99	26	692979	3855	0	0	0	0	0	0	3855
TP1_synth_reverse		75	G	179	312	609	691624	0	23	219	692966	0	0	4	3851	0	0	0	3855
TP1_synth_reverse		76	T	3564	93	23	60	29	25	689157	692951	0	0	0	0	0	0	3855	3855
TP1_synth_reverse		77	G	130	459	9	690311	1091	35	903	692938	0	0	0	3853	2	0	0	3855
TP1_synth_reverse		78	C	486	690677	849	45	59	57	757	692930	0	3851	1	0	1	0	2	3855
TP1_synth_reverse		79	G	895	981	700	689597	1	168	579	692921	1	0	1	3853	0	0	0	3855
TP1_synth_reverse		80	G	994	253	1	691156	4	202	298	692908	2	0	0	3853	0	0	0	3855
TP1_synth_reverse		81	C	759	690024	781	82	854	156	244	692900	1	3846	3	0	4	0	1	3855
TP1_synth_reverse		82	A	691297	58	554	133	0	87	131	692260	3854	0	1	0	0	0	0	3855
TP1_synth_reverse		83	A	691717	88	30	134	0	203	80	692252	3855	0	0	0	0	0	0	3855
TP1_synth_reverse		84	A	691781	55	22	224	18	62	45	692207	3855	0	0	0	0	0	0	3855
TP1_synth_reverse		85	G	130	320	22	691196	133	107	193	692101	0	0	0	3855	0	0	0	3855
TP1_synth_reverse		86	C	354	691477	1	29	0	57	119	692037	0	3855	0	0	0	0	0	3855
TP1_synth_reverse		87	T	1512	96	0	97	0	71	690155	691931	0	0	0	0	0	0	3855	3855
TP1_synth_reverse		88	G	535	419	155	690449	75	93	158	691884	0	0	1	3854	0	0	0	3855
TP1_synth_reverse		89	T	1107	93	1226	42	0	273	689081	691822	0	0	2	0	0	0	3853	3855
TP1_synth_reverse		90	T	1250	105	4	41	0	156	690018	691574	0	0	0	0	0	0	3855	3855
TP1_synth_reverse		91	C	658	690540	0	84	0	28	171	691481	0	3855	0	0	0	0	0	3855
TP1_synth_reverse		92	C	374	689497	0	419	0	63	232	690585	0	3855	0	0	0	0	0	3855
TP1_synth_reverse		93	G	491	194	0	688924	0	93	126	689828	0	0	0	3855	0	0	0	3855
TP1_synth_reverse		94	T	920	81	0	106	0	177	688315	689599	0	0	0	0	0	0	3855	3855
TP1_synth_reverse		95	C	0	689016	0	0	0	105	0	689121	0	3855	0	0	0	0	0	3855
TP1_synth_reverse		96	C	0	688429	0	0	0	49	0	688478	0	3855	0	0	0	0	0	3855
TP1_synth_reverse		97	C	0	686538	0	0	0	143	0	686681	0	3854	0	0	0	0	0	3854
TP1_synth_reverse		98	A	684463	0	0	0	0	0	0	684463	3854	0	0	0	0	0	0	3854
TP1_synth_reverse		99	G	0	0	0	683628	1	0	0	683629	0	0	0	3854	0	0	0	3854
