



























































































































































































































#AmpliconChromStart	Alias	Position	ProbableRef	rawA	rawC	rawD	rawG	rawI	rawN	rawT	rawDepth	consA	consC	consD	consG	consI	consN	consT	consDepth	
TP1_synth_reverse		1	G	0	0	0	682832	0	0	0	682832	0	0	0	5898	0	0	0	5898
TP1_synth_reverse		2	T	0	0	0	0	0	0	684821	684821	0	0	0	0	0	0	5904	5904
TP1_synth_reverse		3	G	0	0	0	687284	0	140	0	687424	0	0	0	5919	0	0	0	5919
TP1_synth_reverse		4	G	0	0	0	689369	0	60	0	689429	0	0	0	5931	0	0	0	5931
TP1_synth_reverse		5	T	0	0	0	0	0	193	689691	689884	0	0	0	0	0	0	5933	5933
TP1_synth_reverse		6	G	115	74	0	690244	0	34	143	690610	0	0	0	5935	0	0	1	5936
TP1_synth_reverse		7	A	691297	25	0	98	0	11	105	691536	5940	0	0	0	0	0	0	5940
TP1_synth_reverse		8	G	104	72	0	690821	0	86	564	691647	0	0	0	5939	0	0	3	5942
TP1_synth_reverse		9	G	137	127	0	691620	0	11	131	692026	1	0	0	5943	0	0	0	5944
TP1_synth_reverse		10	C	291	691121	470	21	1	14	150	692068	0	5943	0	0	0	0	1	5944
TP1_synth_reverse		11	T	326	99	619	20	23	38	690943	692068	0	0	1	0	0	0	5943	5944
TP1_synth_reverse		12	C	327	689461	2053	25	0	73	146	692085	0	5934	10	0	0	0	0	5944
TP1_synth_reverse		13	C	405	691426	1	25	0	129	125	692111	0	5944	0	0	0	0	0	5944
TP1_synth_reverse		14	C	325	691577	0	25	0	62	122	692111	0	5944	0	0	0	0	0	5944
TP1_synth_reverse		15	C	276	691591	0	57	4	60	123	692111	0	5944	0	0	0	0	0	5944
TP1_synth_reverse		16	T	578	84	43	35	0	39	691332	692111	0	0	0	0	0	0	5944	5944
TP1_synth_reverse		17	T	688	89	1	34	0	161	691149	692122	0	0	0	0	0	0	5944	5944
TP1_synth_reverse		18	T	528	105	0	23	0	121	691354	692131	0	0	0	0	0	0	5944	5944
TP1_synth_reverse		19	C	505	691027	523	40	2	94	621	692812	0	5939	4	0	0	0	2	5945
TP1_synth_reverse		20	T	613	77	776	42	0	42	691262	692812	0	0	4	0	0	0	5941	5945
TP1_synth_reverse		21	T	2097	121	0	87	0	183	690324	692812	0	0	0	0	0	0	5945	5945
TP1_synth_reverse		22	G	163	730	45	691466	0	126	282	692812	0	0	0	5944	0	0	1	5945
TP1_synth_reverse		23	C	917	687241	1522	1501	376	107	1163	692827	1	5924	10	4	3	0	3	5945
TP1_synth_reverse		24	G	325	143	882	690957	2	69	455	692833	2	0	2	5939	0	0	2	5945
TP1_synth_reverse		25	G	232	458	3	691258	147	69	676	692843	0	0	0	5937	3	0	5	5945
TP1_synth_reverse		26	A	691985	18	9	132	475	115	109	692843	5943	0	0	0	2	0	0	5945
TP1_synth_reverse		27	G	76	175	1	691010	1	71	1509	692843	0	0	0	5940	0	0	5	5945
TP1_synth_reverse		28	A	692065	90	489	71	1	47	92	692855	5942	0	3	0	0	0	0	5945
TP1_synth_reverse		29	T	801	101	330	49	0	10	691564	692855	0	0	4	0	0	0	5941	5945
TP1_synth_reverse		30	T	2856	107	179	12	0	53	689648	692855	0	0	2	0	0	0	5943	5945
TP1_synth_reverse		31	C	823	689051	2744	48	0	18	155	692839	1	5924	19	0	0	0	1	5945
TP1_synth_reverse		32	T	1033	79	209	44	9	57	691396	692827	0	0	2	0	0	0	5943	5945
TP1_synth_reverse		33	C	846	690944	819	38	54	24	94	692819	0	5939	5	0	1	0	0	5945
TP1_synth_reverse		34	T	1311	326	449	478	0	21	690233	692818	0	1	4	3	0	0	5937	5945
TP1_synth_reverse		35	T	3239	82	0	84	724	54	688619	692802	0	0	0	0	5	0	5940	5945
TP1_synth_reverse		36	C	657	691741	209	34	4	48	104	692797	0	5942	3	0	0	0	0	5945
TP1_synth_reverse		37	C	1056	690921	4	57	0	42	708	692788	2	5939	0	0	0	0	4	5945
TP1_synth_reverse		38	T	1596	62	681	41	0	95	690302	692777	0	0	3	0	0	0	5942	5945
TP1_synth_reverse		39	C	442	692079	47	42	23	30	110	692773	0	5943	2	0	0	0	0	5945
TP1_synth_reverse		40	T	1610	194	449	51	26	28	690410	692768	0	1	1	0	1	0	5942	5945
TP1_synth_reverse		41	G	135	1447	9	689000	2	17	2145	692755	0	0	0	5944	0	0	1	5945
TP1_synth_reverse		42	T	2791	124	199	34	277	124	689201	692750	0	0	4	0	4	0	5937	5945
TP1_synth_reverse		43	G	186	1464	368	689878	3	80	781	692760	1	0	7	5937	0	0	0	5945
TP1_synth_reverse		44	C	969	690212	537	68	0	100	892	692778	2	5932	8	1	0	0	2	5945
TP1_synth_reverse		45	G	427	397	928	687876	0	68	3077	692773	6	0	4	5935	0	0	0	5945
TP1_synth_reverse		46	C	1287	690340	700	245	0	35	188	692795	0	5937	3	3	0	0	2	5945
TP1_synth_reverse		47	C	550	691508	0	47	1	12	676	692794	2	5941	0	0	0	0	2	5945
TP1_synth_reverse		48	G	175	1349	529	688006	0	2	2729	692790	0	0	3	5942	0	0	0	5945
TP1_synth_reverse		49	A	692493	52	13	46	37	37	147	692825	5944	0	0	0	1	0	0	5945
TP1_synth_reverse		50	T	2825	94	2	28	337	32	689504	692822	0	0	0	0	2	0	5943	5945
TP1_synth_reverse		51	A	692311	58	214	87	2	49	99	692820	5943	0	2	0	0	0	0	5945
TP1_synth_reverse		52	C	659	690833	645	46	308	47	274	692812	0	5932	6	0	5	0	2	5945
TP1_synth_reverse		53	A	692456	35	60	134	1	37	112	692835	5944	0	1	0	0	0	0	5945
TP1_synth_reverse		54	G	208	439	255	690954	456	17	497	692826	0	0	5	5937	3	0	0	5945
TP1_synth_reverse		55	A	692430	179	68	111	0	32	88	692908	5945	0	1	0	0	0	0	5946
TP1_synth_reverse		56	A	692542	23	72	105	1	42	121	692906	5946	0	0	0	0	0	0	5946
TP1_synth_reverse		57	T	3710	45	688	148	1296	39	686956	692882	0	0	1	0	2	0	5943	5946
TP1_synth_reverse		58	A	692698	17	11	63	0	46	110	692945	5947	0	0	0	0	0	0	5947
TP1_synth_reverse		59	T	2381	52	1	98	406	16	689971	692925	0	0	0	0	2	0	5945	5947
TP1_synth_reverse		60	C	1670	690679	306	91	28	47	84	692905	0	5938	9	0	0	0	0	5947
TP1_synth_reverse		61	T	1875	90	846	268	72	20	689739	692910	0	1	6	0	3	0	5938	5948
TP1_synth_reverse		62	G	817	333	569	690301	0	98	800	692918	1	0	4	5944	0	0	0	5949
TP1_synth_reverse		63	T	4590	60	1034	38	0	38	687204	692964	1	0	4	0	0	0	5945	5950
TP1_synth_reverse		64	T	2778	60	1	95	0	89	689956	692979	0	0	0	0	0	0	5951	5951
TP1_synth_reverse		65	C	710	690470	1130	62	0	104	513	692989	0	5947	4	0	0	0	1	5952
TP1_synth_reverse		66	G	605	418	805	690098	269	46	742	692983	0	0	1	5949	2	0	0	5952
TP1_synth_reverse		67	C	1129	691188	117	25	0	156	401	693016	0	5952	1	0	0	0	0	5953
TP1_synth_reverse		68	A	691643	469	438	150	100	122	92	693014	5951	0	1	0	1	0	0	5953
TP1_synth_reverse		69	C	231	692196	325	42	0	62	152	693008	0	5950	1	0	0	0	2	5953
TP1_synth_reverse		70	T	1328	107	6	201	352	33	690969	692996	0	0	0	0	2	0	5951	5953
TP1_synth_reverse		71	C	381	691463	974	48	0	11	117	692994	0	5950	3	0	0	0	0	5953
TP1_synth_reverse		72	C	1015	690968	2	80	539	53	330	692987	0	5946	0	0	2	0	5	5953
TP1_synth_reverse		73	G	662	359	701	690880	4	174	187	692967	0	0	1	5952	0	0	0	5953
TP1_synth_reverse		74	A	692296	124	313	94	14	99	26	692966	5953	0	0	0	0	0	0	5953
TP1_synth_reverse		75	G	179	312	609	691612	0	23	218	692953	0	0	5	5948	0	0	0	5953
TP1_synth_reverse		76	T	3562	93	23	60	29	25	689146	692938	0	0	0	0	0	0	5953	5953
TP1_synth_reverse		77	G	130	459	9	690299	1091	35	902	692925	0	0	0	5950	3	0	0	5953
TP1_synth_reverse		78	C	486	690664	849	45	59	57	757	692917	0	5949	1	0	1	0	2	5953
TP1_synth_reverse		79	G	895	979	700	689586	1	168	579	692908	1	0	1	5951	0	0	0	5953
TP1_synth_reverse		80	G	994	253	1	691143	4	202	298	692895	3	0	0	5950	0	0	0	5953
TP1_synth_reverse		81	C	759	690011	781	82	854	156	244	692887	3	5940	5	0	4	0	1	5953
TP1_synth_reverse		82	A	691282	58	554	133	0	87	131	692245	5951	0	2	0	0	0	0	5953
TP1_synth_reverse		83	A	691702	88	30	134	0	203	80	692237	5953	0	0	0	0	0	0	5953
TP1_synth_reverse		84	A	691766	55	22	224	18	62	45	692192	5953	0	0	0	0	0	0	5953
TP1_synth_reverse		85	G	130	319	22	691182	133	107	193	692086	0	0	0	5953	0	0	0	5953
TP1_synth_reverse		86	C	353	691463	1	29	0	57	119	692022	0	5953	0	0	0	0	0	5953
TP1_synth_reverse		87	T	1511	96	0	97	0	71	690141	691916	0	0	0	0	0	0	5953	5953
TP1_synth_reverse		88	G	535	418	155	690435	75	93	158	691869	0	0	2	5951	0	0	0	5953
TP1_synth_reverse		89	T	1106	93	1226	42	0	273	689067	691807	0	0	2	0	0	0	5951	5953
TP1_synth_reverse		90	T	1248	105	4	41	0	156	690005	691559	0	0	0	0	0	0	5953	5953
TP1_synth_reverse		91	C	658	690525	0	84	0	28	171	691466	1	5952	0	0	0	0	0	5953
TP1_synth_reverse		92	C	373	689484	0	419	0	63	232	690571	0	5952	0	0	0	0	0	5952
TP1_synth_reverse		93	G	491	194	0	688910	0	93	126	689814	1	0	0	5951	0	0	0	5952
TP1_synth_reverse		94	T	921	81	0	106	0	177	688300	689585	0	0	0	0	0	0	5952	5952
TP1_synth_reverse		95	C	0	689002	0	0	0	105	0	689107	0	5952	0	0	0	0	0	5952
TP1_synth_reverse		96	C	0	688417	0	0	0	49	0	688466	0	5952	0	0	0	0	0	5952
TP1_synth_reverse		97	C	0	686528	0	0	0	143	0	686671	0	5950	0	0	0	0	0	5950
TP1_synth_reverse		98	A	684454	0	0	0	0	0	0	684454	5949	0	0	0	0	0	0	5949
TP1_synth_reverse		99	G	0	0	0	683620	1	0	0	683621	0	0	0	5949	0	0	0	5949
