



























































































































































































































#AmpliconChromStart	Alias	Position	ProbableRef	rawA	rawC	rawD	rawG	rawI	rawN	rawT	rawDepth	consA	consC	consD	consG	consI	consN	consT	consDepth	
TP1_synth_reverse		1	G	0	0	0	682832	0	0	0	682832	0	0	0	8081	0	0	0	8081
TP1_synth_reverse		2	T	0	0	0	0	0	0	684821	684821	0	0	0	0	0	0	8089	8089
TP1_synth_reverse		3	G	0	0	0	687284	0	140	0	687424	0	0	0	8111	0	0	0	8111
TP1_synth_reverse		4	G	0	0	0	689369	0	60	0	689429	0	0	0	8127	0	0	0	8127
TP1_synth_reverse		5	T	0	0	0	0	0	193	689691	689884	0	0	0	0	0	0	8129	8129
TP1_synth_reverse		6	G	115	74	0	690244	0	34	143	690610	0	0	0	8132	0	0	2	8134
TP1_synth_reverse		7	A	691297	25	0	98	0	11	105	691536	8139	0	0	0	0	0	0	8139
TP1_synth_reverse		8	G	104	72	0	690821	0	86	564	691647	0	0	0	8139	0	0	4	8143
TP1_synth_reverse		9	G	137	127	0	691620	0	11	131	692026	1	0	0	8144	0	0	0	8145
TP1_synth_reverse		10	C	291	691121	470	21	1	14	150	692068	0	8144	0	0	0	0	1	8145
TP1_synth_reverse		11	T	326	99	619	20	23	38	690943	692068	0	0	1	0	1	0	8143	8145
TP1_synth_reverse		12	C	327	689444	2053	25	0	73	146	692068	0	8133	12	0	0	0	0	8145
TP1_synth_reverse		13	C	405	691409	1	25	0	129	125	692094	0	8146	0	0	0	0	0	8146
TP1_synth_reverse		14	C	325	691560	0	25	0	62	122	692094	0	8146	0	0	0	0	0	8146
TP1_synth_reverse		15	C	276	691574	0	57	4	60	123	692094	0	8146	0	0	0	0	0	8146
TP1_synth_reverse		16	T	578	84	43	35	0	39	691315	692094	0	0	0	0	0	0	8146	8146
TP1_synth_reverse		17	T	687	89	1	34	0	161	691133	692105	0	0	0	0	0	0	8146	8146
TP1_synth_reverse		18	T	528	105	0	23	0	121	691337	692114	0	0	0	0	0	0	8146	8146
TP1_synth_reverse		19	C	505	691010	523	40	2	94	621	692795	0	8140	4	0	0	0	3	8147
TP1_synth_reverse		20	T	612	77	776	42	0	42	691246	692795	0	0	4	0	0	0	8143	8147
TP1_synth_reverse		21	T	2094	121	0	87	0	183	690310	692795	0	0	0	0	0	0	8147	8147
TP1_synth_reverse		22	G	163	728	45	691470	0	126	281	692813	0	0	0	8147	0	0	1	8148
TP1_synth_reverse		23	C	917	687242	1522	1501	376	107	1163	692828	2	8122	12	5	4	0	4	8149
TP1_synth_reverse		24	G	325	141	882	690960	2	69	455	692834	3	0	3	8140	0	0	3	8149
TP1_synth_reverse		25	G	231	457	3	691251	147	69	676	692834	1	0	0	8136	4	0	8	8149
TP1_synth_reverse		26	A	691976	18	9	132	475	115	109	692834	8145	0	0	0	4	0	0	8149
TP1_synth_reverse		27	G	76	178	1	690998	1	71	1509	692834	0	0	0	8144	0	0	5	8149
TP1_synth_reverse		28	A	692056	90	489	71	1	47	92	692846	8145	0	5	0	0	0	0	8150
TP1_synth_reverse		29	T	803	101	330	49	0	10	691553	692846	0	0	4	0	0	0	8146	8150
TP1_synth_reverse		30	T	2855	107	179	12	0	53	689640	692846	0	0	2	0	0	0	8148	8150
TP1_synth_reverse		31	C	822	689043	2744	48	0	18	155	692830	1	8119	29	0	0	0	1	8150
TP1_synth_reverse		32	T	1032	79	209	44	9	57	691388	692818	0	0	2	0	0	0	8148	8150
TP1_synth_reverse		33	C	846	690935	819	38	54	24	94	692810	0	8143	6	0	1	0	0	8150
TP1_synth_reverse		34	T	1312	326	449	478	0	21	690223	692809	0	1	4	5	0	0	8140	8150
TP1_synth_reverse		35	T	3238	82	0	84	724	54	688611	692793	0	0	0	0	9	0	8141	8150
TP1_synth_reverse		36	C	655	691734	209	34	4	48	104	692788	1	8146	3	0	0	0	0	8150
TP1_synth_reverse		37	C	1056	690912	4	57	0	42	708	692779	2	8144	0	0	0	0	4	8150
TP1_synth_reverse		38	T	1598	62	681	41	0	95	690291	692768	0	0	7	0	0	0	8143	8150
TP1_synth_reverse		39	C	439	692073	47	42	23	30	110	692764	0	8148	2	0	0	0	0	8150
TP1_synth_reverse		40	T	1606	194	449	51	26	28	690405	692759	0	2	1	0	1	0	8146	8150
TP1_synth_reverse		41	G	135	1446	9	688992	2	17	2145	692746	0	0	0	8149	0	0	1	8150
TP1_synth_reverse		42	T	2790	124	199	34	277	124	689193	692741	0	2	6	0	4	0	8138	8150
TP1_synth_reverse		43	G	186	1461	368	689871	3	80	782	692751	2	0	9	8139	0	0	0	8150
TP1_synth_reverse		44	C	969	690203	537	68	0	100	892	692769	2	8134	9	1	0	0	4	8150
TP1_synth_reverse		45	G	427	396	928	687862	0	68	3076	692757	7	0	4	8139	0	0	0	8150
TP1_synth_reverse		46	C	1287	690324	700	245	0	35	188	692779	0	8143	3	3	0	0	2	8151
TP1_synth_reverse		47	C	547	691507	0	47	1	12	676	692790	3	8145	0	0	0	0	3	8151
TP1_synth_reverse		48	G	174	1347	529	688015	0	2	2727	692794	0	0	3	8148	0	0	0	8151
TP1_synth_reverse		49	A	692497	52	13	46	37	37	147	692829	8150	0	0	0	1	0	0	8151
TP1_synth_reverse		50	T	2829	94	2	29	337	32	689503	692826	0	0	0	0	2	0	8149	8151
TP1_synth_reverse		51	A	692342	58	214	87	2	49	99	692851	8150	0	2	0	0	0	0	8152
TP1_synth_reverse		52	C	662	690859	645	46	308	47	274	692841	1	8133	9	0	6	0	3	8152
TP1_synth_reverse		53	A	692485	35	60	134	1	37	112	692864	8152	0	1	0	0	0	0	8153
TP1_synth_reverse		54	G	207	439	255	690983	456	17	498	692855	0	0	7	8142	4	0	0	8153
TP1_synth_reverse		55	A	692459	179	68	111	0	32	88	692937	8152	0	2	0	0	0	0	8154
TP1_synth_reverse		56	A	692571	23	72	105	1	42	121	692935	8154	0	0	0	0	0	0	8154
TP1_synth_reverse		57	T	3715	45	688	147	1296	39	686981	692911	0	0	2	0	2	0	8150	8154
TP1_synth_reverse		58	A	692727	17	11	63	0	46	110	692974	8155	0	0	0	0	0	0	8155
TP1_synth_reverse		59	T	2385	52	1	98	406	16	689996	692954	0	0	0	0	2	0	8153	8155
TP1_synth_reverse		60	C	1674	690704	306	91	28	47	84	692934	0	8144	11	0	0	0	0	8155
TP1_synth_reverse		61	T	1876	90	847	267	72	20	689767	692939	0	1	9	0	3	0	8143	8156
TP1_synth_reverse		62	G	821	335	569	690321	0	98	803	692947	1	0	8	8148	0	0	0	8157
TP1_synth_reverse		63	T	4594	60	1033	38	0	38	687230	692993	1	0	5	0	0	0	8152	8158
TP1_synth_reverse		64	T	2776	60	1	95	0	89	689987	693008	0	0	0	0	0	0	8159	8159
TP1_synth_reverse		65	C	711	690498	1130	62	0	104	513	693018	0	8152	5	0	0	0	3	8160
TP1_synth_reverse		66	G	608	418	805	690120	269	46	746	693012	0	0	1	8158	2	0	0	8161
TP1_synth_reverse		67	C	1131	691215	117	25	0	156	401	693045	0	8161	1	0	0	0	0	8162
TP1_synth_reverse		68	A	691672	469	438	150	100	122	92	693043	8157	0	3	0	2	0	0	8162
TP1_synth_reverse		69	C	232	692224	325	42	0	62	152	693037	0	8159	1	0	0	0	2	8162
TP1_synth_reverse		70	T	1328	107	6	201	352	33	690998	693025	0	0	0	0	3	0	8159	8162
TP1_synth_reverse		71	C	383	691489	974	49	0	11	117	693023	0	8155	7	0	0	0	0	8162
TP1_synth_reverse		72	C	1020	690992	2	80	539	53	330	693016	0	8154	0	0	3	0	5	8162
TP1_synth_reverse		73	G	663	360	701	690908	4	174	186	692996	0	0	2	8160	0	0	0	8162
TP1_synth_reverse		74	A	692325	124	313	94	14	99	26	692995	8162	0	0	0	0	0	0	8162
TP1_synth_reverse		75	G	179	312	609	691641	0	23	218	692982	2	0	7	8153	0	0	0	8162
TP1_synth_reverse		76	T	3564	93	23	60	29	25	689173	692967	0	0	1	0	0	0	8161	8162
TP1_synth_reverse		77	G	131	458	9	690327	1091	35	903	692954	0	0	0	8156	6	0	0	8162
TP1_synth_reverse		78	C	484	690695	849	45	59	57	757	692946	0	8158	1	0	1	0	2	8162
TP1_synth_reverse		79	G	894	981	700	689613	1	168	580	692937	2	0	1	8159	0	0	0	8162
TP1_synth_reverse		80	G	993	251	1	691175	4	202	298	692924	4	0	0	8157	0	0	1	8162
TP1_synth_reverse		81	C	759	690040	781	82	854	156	244	692916	4	8144	7	0	5	0	2	8162
TP1_synth_reverse		82	A	691312	58	554	133	0	87	131	692275	8159	0	3	0	0	0	0	8162
TP1_synth_reverse		83	A	691732	88	30	134	0	203	80	692267	8162	0	0	0	0	0	0	8162
TP1_synth_reverse		84	A	691797	55	22	223	18	62	45	692222	8162	0	0	0	0	0	0	8162
TP1_synth_reverse		85	G	131	319	22	691211	133	107	193	692116	0	0	0	8162	0	0	0	8162
TP1_synth_reverse		86	C	354	691492	1	29	0	57	119	692052	0	8162	0	0	0	0	0	8162
TP1_synth_reverse		87	T	1514	96	0	96	0	71	690169	691946	0	0	0	1	0	0	8161	8162
TP1_synth_reverse		88	G	536	419	155	690463	75	93	158	691899	0	0	3	8158	0	0	0	8161
TP1_synth_reverse		89	T	1107	93	1226	42	0	273	689096	691837	0	0	2	0	0	0	8159	8161
TP1_synth_reverse		90	T	1251	105	4	41	0	156	690032	691589	0	0	0	0	0	0	8161	8161
TP1_synth_reverse		91	C	658	690555	0	84	0	28	171	691496	1	8160	0	0	0	0	0	8161
TP1_synth_reverse		92	C	374	689511	0	420	0	63	232	690600	0	8159	0	0	0	0	1	8160
TP1_synth_reverse		93	G	491	194	0	688940	0	93	125	689843	1	0	0	8158	0	0	0	8159
TP1_synth_reverse		94	T	920	81	0	105	0	177	688331	689614	0	0	0	0	0	0	8159	8159
TP1_synth_reverse		95	C	0	689031	0	0	0	105	0	689136	0	8159	0	0	0	0	0	8159
TP1_synth_reverse		96	C	0	688444	0	0	0	49	0	688493	0	8158	0	0	0	0	0	8158
TP1_synth_reverse		97	C	0	686553	0	0	0	143	0	686696	0	8156	0	0	0	0	0	8156
TP1_synth_reverse		98	A	684477	0	0	0	0	0	0	684477	8150	0	0	0	0	0	0	8150
TP1_synth_reverse		99	G	0	0	0	683642	1	0	0	683643	0	0	0	8149	0	0	0	8149
