



























































































































































































































#AmpliconChromStart	Alias	Position	ProbableRef	rawA	rawC	rawD	rawG	rawI	rawN	rawT	rawDepth	consA	consC	consD	consG	consI	consN	consT	consDepth	
TP1_synth_reverse		1	G	0	0	0	682832	0	0	0	682832	0	0	0	3104	0	0	0	3104
TP1_synth_reverse		2	T	0	0	0	0	0	0	684821	684821	0	0	0	0	0	0	3109	3109
TP1_synth_reverse		3	G	0	0	0	687284	0	140	0	687424	0	0	0	3114	0	0	0	3114
TP1_synth_reverse		4	G	0	0	0	689369	0	60	0	689429	0	0	0	3122	0	0	0	3122
TP1_synth_reverse		5	T	0	0	0	0	0	193	689691	689884	0	0	0	0	0	0	3124	3124
TP1_synth_reverse		6	G	115	74	0	690244	0	34	143	690610	0	0	0	3126	0	0	0	3126
TP1_synth_reverse		7	A	691297	25	0	98	0	11	105	691536	3130	0	0	0	0	0	0	3130
TP1_synth_reverse		8	G	104	72	0	690821	0	86	564	691647	0	0	0	3128	0	0	3	3131
TP1_synth_reverse		9	G	137	127	0	691620	0	11	131	692026	0	0	0	3132	0	0	0	3132
TP1_synth_reverse		10	C	291	691121	470	21	1	14	150	692068	0	3132	0	0	0	0	0	3132
TP1_synth_reverse		11	T	326	99	619	20	23	38	690943	692068	0	0	0	0	0	0	3132	3132
TP1_synth_reverse		12	C	327	689461	2053	25	0	73	146	692085	0	3126	6	0	0	0	0	3132
TP1_synth_reverse		13	C	405	691426	1	25	0	129	125	692111	0	3132	0	0	0	0	0	3132
TP1_synth_reverse		14	C	325	691577	0	25	0	62	122	692111	0	3132	0	0	0	0	0	3132
TP1_synth_reverse		15	C	276	691591	0	57	4	60	123	692111	0	3132	0	0	0	0	0	3132
TP1_synth_reverse		16	T	578	84	43	35	0	39	691332	692111	0	0	0	0	0	0	3132	3132
TP1_synth_reverse		17	T	688	89	1	34	0	161	691149	692122	0	0	0	0	0	0	3132	3132
TP1_synth_reverse		18	T	528	105	0	23	0	121	691354	692131	0	0	0	0	0	0	3132	3132
TP1_synth_reverse		19	C	505	691027	523	40	2	94	621	692812	0	3130	1	0	0	0	2	3133
TP1_synth_reverse		20	T	613	77	776	42	0	42	691262	692812	0	0	4	0	0	0	3129	3133
TP1_synth_reverse		21	T	2097	121	0	87	0	183	690324	692812	0	0	0	0	0	0	3133	3133
TP1_synth_reverse		22	G	163	730	45	691466	0	126	282	692812	0	0	0	3133	0	0	0	3133
TP1_synth_reverse		23	C	917	687226	1522	1501	376	107	1163	692812	1	3120	6	2	2	0	2	3133
TP1_synth_reverse		24	G	325	143	882	690942	2	69	455	692818	1	0	1	3131	0	0	0	3133
TP1_synth_reverse		25	G	232	458	3	691243	147	69	676	692828	0	0	0	3127	2	0	4	3133
TP1_synth_reverse		26	A	691970	18	9	132	475	115	109	692828	3131	0	0	0	2	0	0	3133
TP1_synth_reverse		27	G	76	175	1	690995	1	71	1509	692828	0	0	0	3129	0	0	4	3133
TP1_synth_reverse		28	A	692050	90	489	71	1	47	92	692840	3131	0	2	0	0	0	0	3133
TP1_synth_reverse		29	T	800	101	330	49	0	10	691550	692840	0	0	4	0	0	0	3129	3133
TP1_synth_reverse		30	T	2855	107	179	12	0	53	689634	692840	0	0	2	0	0	0	3131	3133
TP1_synth_reverse		31	C	822	689037	2744	48	0	18	155	692824	0	3119	14	0	0	0	0	3133
TP1_synth_reverse		32	T	1033	79	209	44	9	57	691381	692812	0	0	1	0	0	0	3132	3133
TP1_synth_reverse		33	C	846	690929	819	38	54	24	94	692804	0	3130	2	0	1	0	0	3133
TP1_synth_reverse		34	T	1311	326	449	478	0	21	690218	692803	0	1	3	1	0	0	3128	3133
TP1_synth_reverse		35	T	3238	82	0	84	724	54	688605	692787	0	0	0	0	4	0	3129	3133
TP1_synth_reverse		36	C	657	691726	209	34	4	48	104	692782	0	3131	2	0	0	0	0	3133
TP1_synth_reverse		37	C	1053	690909	4	57	0	42	708	692773	1	3129	0	0	0	0	3	3133
TP1_synth_reverse		38	T	1596	62	681	41	0	95	690287	692762	0	0	3	0	0	0	3130	3133
TP1_synth_reverse		39	C	442	692064	47	42	23	30	110	692758	0	3133	0	0	0	0	0	3133
TP1_synth_reverse		40	T	1608	194	449	51	26	28	690397	692753	0	1	1	0	0	0	3131	3133
TP1_synth_reverse		41	G	135	1446	9	688987	2	17	2144	692740	0	0	0	3132	0	0	1	3133
TP1_synth_reverse		42	T	2789	124	199	34	277	124	689188	692735	0	0	2	0	2	0	3129	3133
TP1_synth_reverse		43	G	186	1462	368	689866	3	80	780	692745	0	0	3	3130	0	0	0	3133
TP1_synth_reverse		44	C	968	690199	536	68	0	100	892	692763	1	3125	5	0	0	0	2	3133
TP1_synth_reverse		45	G	427	397	928	687857	0	68	3074	692751	1	0	4	3128	0	0	0	3133
TP1_synth_reverse		46	C	1285	690320	700	245	0	35	188	692773	0	3129	2	2	0	0	0	3133
TP1_synth_reverse		47	C	550	691486	0	47	1	12	676	692772	1	3131	0	0	0	0	1	3133
TP1_synth_reverse		48	G	175	1349	529	687989	0	2	2724	692768	0	0	3	3130	0	0	0	3133
TP1_synth_reverse		49	A	692471	52	13	46	37	37	147	692803	3133	0	0	0	0	0	0	3133
TP1_synth_reverse		50	T	2822	94	2	28	337	32	689485	692800	0	0	0	0	2	0	3131	3133
TP1_synth_reverse		51	A	692289	58	214	87	2	49	99	692798	3131	0	2	0	0	0	0	3133
TP1_synth_reverse		52	C	656	690815	644	46	308	47	274	692790	0	3125	4	0	3	0	1	3133
TP1_synth_reverse		53	A	692434	35	60	134	1	37	112	692813	3132	0	1	0	0	0	0	3133
TP1_synth_reverse		54	G	204	438	255	690937	456	17	497	692804	0	0	2	3128	3	0	0	3133
TP1_synth_reverse		55	A	692408	179	68	111	0	32	88	692886	3133	0	1	0	0	0	0	3134
TP1_synth_reverse		56	A	692520	23	72	105	1	42	121	692884	3134	0	0	0	0	0	0	3134
TP1_synth_reverse		57	T	3706	45	688	148	1296	39	686939	692861	0	0	1	0	2	0	3131	3134
TP1_synth_reverse		58	A	692677	17	11	63	0	46	110	692924	3135	0	0	0	0	0	0	3135
TP1_synth_reverse		59	T	2378	52	1	98	406	16	689953	692904	0	0	0	0	2	0	3133	3135
TP1_synth_reverse		60	C	1669	690659	306	91	28	47	84	692884	0	3132	3	0	0	0	0	3135
TP1_synth_reverse		61	T	1874	90	846	267	72	20	689720	692889	0	0	5	0	1	0	3129	3135
TP1_synth_reverse		62	G	814	332	569	690285	0	98	799	692897	1	0	3	3131	0	0	0	3135
TP1_synth_reverse		63	T	4588	60	1034	38	0	38	687185	692943	0	0	4	0	0	0	3132	3136
TP1_synth_reverse		64	T	2777	60	1	95	0	89	689936	692958	0	0	0	0	0	0	3136	3136
TP1_synth_reverse		65	C	710	690449	1130	62	0	104	513	692968	0	3132	4	0	0	0	0	3136
TP1_synth_reverse		66	G	604	418	805	690078	269	46	742	692962	0	0	1	3133	2	0	0	3136
TP1_synth_reverse		67	C	1127	691169	117	25	0	156	401	692995	0	3136	1	0	0	0	0	3137
TP1_synth_reverse		68	A	691631	470	437	150	100	122	92	693002	3136	0	1	0	0	0	0	3137
TP1_synth_reverse		69	C	231	692184	325	42	0	62	152	692996	0	3136	1	0	0	0	0	3137
TP1_synth_reverse		70	T	1328	107	6	200	352	33	690958	692984	0	0	0	0	2	0	3135	3137
TP1_synth_reverse		71	C	381	691451	974	48	0	11	117	692982	0	3135	2	0	0	0	0	3137
TP1_synth_reverse		72	C	1013	690958	2	80	539	53	330	692975	0	3135	0	0	2	0	0	3137
TP1_synth_reverse		73	G	662	359	701	690868	4	174	187	692955	0	0	1	3136	0	0	0	3137
TP1_synth_reverse		74	A	692284	124	313	94	14	99	26	692954	3137	0	0	0	0	0	0	3137
TP1_synth_reverse		75	G	179	312	609	691601	0	23	217	692941	0	0	4	3133	0	0	0	3137
TP1_synth_reverse		76	T	3558	93	23	60	29	25	689138	692926	0	0	0	0	0	0	3137	3137
TP1_synth_reverse		77	G	130	459	9	690288	1091	35	901	692913	0	0	0	3135	2	0	0	3137
TP1_synth_reverse		78	C	485	690653	849	45	59	57	757	692905	0	3133	1	0	1	0	2	3137
TP1_synth_reverse		79	G	894	979	700	689575	1	168	579	692896	1	0	1	3135	0	0	0	3137
TP1_synth_reverse		80	G	992	253	1	691133	4	202	298	692883	2	0	0	3135	0	0	0	3137
TP1_synth_reverse		81	C	759	689999	781	82	854	156	244	692875	1	3132	1	0	3	0	0	3137
TP1_synth_reverse		82	A	691270	58	554	133	0	87	131	692233	3137	0	0	0	0	0	0	3137
TP1_synth_reverse		83	A	691690	88	30	134	0	203	80	692225	3137	0	0	0	0	0	0	3137
TP1_synth_reverse		84	A	691754	55	22	224	18	62	45	692180	3137	0	0	0	0	0	0	3137
TP1_synth_reverse		85	G	130	319	22	691170	133	107	193	692074	0	0	0	3137	0	0	0	3137
TP1_synth_reverse		86	C	353	691451	1	29	0	57	119	692010	0	3137	0	0	0	0	0	3137
TP1_synth_reverse		87	T	1511	96	0	97	0	71	690129	691904	0	0	0	0	0	0	3137	3137
TP1_synth_reverse		88	G	535	418	155	690423	75	93	158	691857	0	0	1	3136	0	0	0	3137
TP1_synth_reverse		89	T	1106	93	1226	42	0	273	689055	691795	0	0	1	0	0	0	3136	3137
TP1_synth_reverse		90	T	1249	105	4	41	0	156	689992	691547	0	0	0	0	0	0	3137	3137
TP1_synth_reverse		91	C	658	690513	0	84	0	28	171	691454	0	3137	0	0	0	0	0	3137
TP1_synth_reverse		92	C	373	689472	0	419	0	63	232	690559	0	3137	0	0	0	0	0	3137
TP1_synth_reverse		93	G	491	194	0	688898	0	93	126	689802	0	0	0	3137	0	0	0	3137
TP1_synth_reverse		94	T	920	81	0	105	0	177	688290	689573	0	0	0	0	0	0	3137	3137
TP1_synth_reverse		95	C	0	688990	0	0	0	105	0	689095	0	3137	0	0	0	0	0	3137
TP1_synth_reverse		96	C	0	688405	0	0	0	49	0	688454	0	3137	0	0	0	0	0	3137
TP1_synth_reverse		97	C	0	686516	0	0	0	143	0	686659	0	3136	0	0	0	0	0	3136
TP1_synth_reverse		98	A	684442	0	0	0	0	0	0	684442	3136	0	0	0	0	0	0	3136
TP1_synth_reverse		99	G	0	0	0	683608	1	0	0	683609	0	0	0	3136	0	0	0	3136
