



























































































































































































































#AmpliconChromStart	Alias	Position	ProbableRef	rawA	rawC	rawD	rawG	rawI	rawN	rawT	rawDepth	consA	consC	consD	consG	consI	consN	consT	consDepth	
TP1_synth_reverse		1	G	0	0	0	682832	0	0	0	682832	0	0	0	9138	0	0	0	9138
TP1_synth_reverse		2	T	0	0	0	0	0	0	684821	684821	0	0	0	0	0	0	9150	9150
TP1_synth_reverse		3	G	0	0	0	687284	0	140	0	687424	0	0	0	9175	0	0	0	9175
TP1_synth_reverse		4	G	0	0	0	689369	0	60	0	689429	0	0	0	9195	0	0	0	9195
TP1_synth_reverse		5	T	0	0	0	0	0	193	689691	689884	0	0	0	0	0	0	9198	9198
TP1_synth_reverse		6	G	115	74	0	690244	0	34	143	690610	0	0	0	9202	0	0	2	9204
TP1_synth_reverse		7	A	691297	25	0	98	0	11	105	691536	9210	0	0	0	0	0	0	9210
TP1_synth_reverse		8	G	104	72	0	690821	0	86	564	691647	0	0	0	9209	0	0	5	9214
TP1_synth_reverse		9	G	137	127	0	691620	0	11	131	692026	1	0	0	9215	0	0	0	9216
TP1_synth_reverse		10	C	291	691121	470	21	1	14	150	692068	0	9214	1	0	0	0	1	9216
TP1_synth_reverse		11	T	326	99	619	20	23	38	690943	692068	0	0	2	0	1	0	9213	9216
TP1_synth_reverse		12	C	327	689444	2053	25	0	73	146	692068	0	9203	13	0	0	0	0	9216
TP1_synth_reverse		13	C	405	691409	1	25	0	129	125	692094	0	9217	0	0	0	0	0	9217
TP1_synth_reverse		14	C	325	691560	0	25	0	62	122	692094	0	9217	0	0	0	0	0	9217
TP1_synth_reverse		15	C	276	691574	0	57	4	60	123	692094	0	9216	0	0	0	0	1	9217
TP1_synth_reverse		16	T	578	84	43	35	0	39	691315	692094	0	0	0	0	0	0	9217	9217
TP1_synth_reverse		17	T	687	89	1	34	0	161	691133	692105	0	0	0	0	0	0	9217	9217
TP1_synth_reverse		18	T	528	105	0	23	0	121	691337	692114	0	0	0	0	0	0	9217	9217
TP1_synth_reverse		19	C	505	691010	523	40	2	94	621	692795	0	9211	4	0	0	0	3	9218
TP1_synth_reverse		20	T	612	77	776	42	0	42	691246	692795	0	0	5	0	0	0	9213	9218
TP1_synth_reverse		21	T	2094	121	0	87	0	183	690310	692795	0	0	0	0	0	0	9218	9218
TP1_synth_reverse		22	G	163	728	45	691470	0	126	281	692813	0	0	0	9218	0	0	1	9219
TP1_synth_reverse		23	C	917	687227	1522	1501	376	107	1163	692813	2	9189	13	6	4	0	5	9219
TP1_synth_reverse		24	G	325	141	882	690939	2	69	455	692813	3	0	3	9210	0	0	3	9219
TP1_synth_reverse		25	G	231	457	3	691240	147	69	676	692823	1	0	0	9205	4	0	10	9220
TP1_synth_reverse		26	A	691965	18	9	132	475	115	109	692823	9215	0	0	0	5	0	0	9220
TP1_synth_reverse		27	G	76	178	1	690987	1	71	1509	692823	0	0	0	9214	0	0	6	9220
TP1_synth_reverse		28	A	692045	90	489	71	1	47	92	692835	9216	0	5	0	0	0	0	9221
TP1_synth_reverse		29	T	802	101	330	49	0	10	691543	692835	0	0	5	0	0	0	9216	9221
TP1_synth_reverse		30	T	2855	107	179	12	0	53	689629	692835	0	0	3	0	0	0	9218	9221
TP1_synth_reverse		31	C	821	689033	2744	48	0	18	155	692819	1	9184	35	0	0	0	1	9221
TP1_synth_reverse		32	T	1032	79	209	44	9	57	691377	692807	0	0	3	0	1	0	9217	9221
TP1_synth_reverse		33	C	845	690925	819	38	54	24	94	692799	0	9213	7	0	1	0	0	9221
TP1_synth_reverse		34	T	1312	326	449	478	0	21	690212	692798	0	1	6	5	0	0	9209	9221
TP1_synth_reverse		35	T	3236	82	0	84	724	54	688602	692782	0	0	0	0	10	0	9211	9221
TP1_synth_reverse		36	C	655	691734	209	34	4	48	104	692788	1	9217	3	0	0	0	0	9221
TP1_synth_reverse		37	C	1053	690915	4	57	0	42	708	692779	2	9215	0	0	0	0	4	9221
TP1_synth_reverse		38	T	1598	62	681	41	0	95	690291	692768	0	0	7	0	0	0	9214	9221
TP1_synth_reverse		39	C	440	692072	47	42	23	30	110	692764	1	9218	2	0	0	0	0	9221
TP1_synth_reverse		40	T	1609	194	449	51	26	28	690402	692759	0	2	2	0	1	0	9216	9221
TP1_synth_reverse		41	G	135	1446	9	688993	2	17	2144	692746	0	0	0	9219	0	0	2	9221
TP1_synth_reverse		42	T	2790	124	199	34	277	124	689193	692741	0	3	7	0	5	0	9206	9221
TP1_synth_reverse		43	G	186	1462	368	689869	3	80	783	692751	3	0	12	9206	0	0	0	9221
TP1_synth_reverse		44	C	969	690183	536	69	0	100	892	692749	3	9201	11	1	0	0	5	9221
TP1_synth_reverse		45	G	427	397	928	687844	0	68	3073	692737	8	0	4	9209	0	0	0	9221
TP1_synth_reverse		46	C	1289	690302	700	245	0	35	188	692759	0	9213	3	4	0	0	2	9222
TP1_synth_reverse		47	C	549	691485	0	47	1	12	676	692770	4	9215	0	0	0	0	3	9222
TP1_synth_reverse		48	G	175	1350	529	687998	0	2	2720	692774	0	0	3	9220	0	0	0	9223
TP1_synth_reverse		49	A	692477	52	13	46	37	37	147	692809	9222	0	0	0	1	0	0	9223
TP1_synth_reverse		50	T	2822	94	2	29	337	32	689490	692806	0	0	0	0	2	0	9221	9223
TP1_synth_reverse		51	A	692295	58	214	87	2	49	99	692804	9221	0	2	0	0	0	0	9223
TP1_synth_reverse		52	C	660	690817	644	46	308	47	274	692796	1	9203	9	0	7	0	3	9223
TP1_synth_reverse		53	A	692440	35	60	134	1	37	112	692819	9223	0	1	0	0	0	0	9224
TP1_synth_reverse		54	G	204	436	255	690945	456	17	497	692810	1	0	9	9207	7	0	0	9224
TP1_synth_reverse		55	A	692413	180	68	111	0	32	88	692892	9223	0	2	0	0	0	0	9225
TP1_synth_reverse		56	A	692526	23	72	105	1	42	121	692890	9225	0	0	0	0	0	0	9225
TP1_synth_reverse		57	T	3707	45	688	148	1296	39	686943	692866	0	0	2	0	2	0	9221	9225
TP1_synth_reverse		58	A	692682	17	11	63	0	46	110	692929	9226	0	0	0	0	0	0	9226
TP1_synth_reverse		59	T	2375	52	1	97	406	16	689962	692909	0	0	0	0	2	0	9224	9226
TP1_synth_reverse		60	C	1670	690674	306	91	28	47	84	692900	0	9214	13	0	0	0	0	9227
TP1_synth_reverse		61	T	1867	90	846	267	72	20	689743	692905	0	1	14	0	3	0	9210	9228
TP1_synth_reverse		62	G	816	332	569	690294	0	98	804	692913	1	0	14	9214	0	0	0	9229
TP1_synth_reverse		63	T	4597	60	1034	38	0	38	687192	692959	1	0	7	0	0	0	9222	9230
TP1_synth_reverse		64	T	2774	60	1	95	0	89	689955	692974	0	0	0	0	0	0	9231	9231
TP1_synth_reverse		65	C	710	690465	1130	62	0	104	513	692984	1	9223	5	0	0	0	3	9232
TP1_synth_reverse		66	G	605	417	805	690090	269	46	746	692978	0	0	1	9230	2	0	0	9233
TP1_synth_reverse		67	C	1132	691180	117	25	0	156	401	693011	0	9232	2	0	0	0	0	9234
TP1_synth_reverse		68	A	691639	469	437	150	100	122	92	693009	9227	0	4	0	3	0	0	9234
TP1_synth_reverse		69	C	232	692190	325	42	0	62	152	693003	0	9231	1	0	0	0	2	9234
TP1_synth_reverse		70	T	1326	107	6	200	352	33	690967	692991	0	0	0	0	3	0	9231	9234
TP1_synth_reverse		71	C	381	691459	974	47	0	11	117	692989	0	9227	7	0	0	0	0	9234
TP1_synth_reverse		72	C	1018	690960	2	80	539	53	330	692982	0	9224	0	0	3	0	7	9234
TP1_synth_reverse		73	G	663	360	701	690874	4	174	186	692962	0	0	2	9232	0	0	0	9234
TP1_synth_reverse		74	A	692291	124	313	94	14	99	26	692961	9234	0	0	0	0	0	0	9234
TP1_synth_reverse		75	G	179	311	609	691608	0	23	218	692948	2	0	7	9225	0	0	0	9234
TP1_synth_reverse		76	T	3561	93	23	60	29	25	689142	692933	0	0	1	0	0	0	9233	9234
TP1_synth_reverse		77	G	129	459	9	690298	1091	35	899	692920	1	0	0	9226	7	0	0	9234
TP1_synth_reverse		78	C	483	690662	849	45	59	57	757	692912	0	9230	1	0	1	0	2	9234
TP1_synth_reverse		79	G	894	982	700	689584	1	168	574	692903	2	0	1	9231	0	0	0	9234
TP1_synth_reverse		80	G	991	252	1	691143	4	202	297	692890	4	0	0	9229	0	0	1	9234
TP1_synth_reverse		81	C	758	690007	781	82	854	156	244	692882	4	9215	7	0	6	0	2	9234
TP1_synth_reverse		82	A	691277	58	554	133	0	87	131	692240	9231	0	3	0	0	0	0	9234
TP1_synth_reverse		83	A	691696	88	30	134	0	203	81	692232	9234	0	0	0	0	0	0	9234
TP1_synth_reverse		84	A	691761	55	22	224	18	62	45	692187	9234	0	0	0	0	0	0	9234
TP1_synth_reverse		85	G	130	319	22	691177	133	107	193	692081	0	0	0	9234	0	0	0	9234
TP1_synth_reverse		86	C	354	691457	1	29	0	57	119	692017	0	9234	0	0	0	0	0	9234
TP1_synth_reverse		87	T	1510	96	0	97	0	71	690137	691911	0	0	0	1	0	0	9233	9234
TP1_synth_reverse		88	G	535	419	155	690429	75	93	158	691864	0	0	3	9230	0	0	0	9233
TP1_synth_reverse		89	T	1107	93	1226	42	0	273	689061	691802	0	0	4	0	0	0	9229	9233
TP1_synth_reverse		90	T	1250	105	4	41	0	157	689997	691554	0	0	1	0	0	0	9232	9233
TP1_synth_reverse		91	C	658	690520	0	84	0	28	171	691461	1	9232	0	0	0	0	0	9233
TP1_synth_reverse		92	C	374	689478	0	418	0	63	232	690565	0	9228	0	0	0	0	1	9229
TP1_synth_reverse		93	G	491	194	0	688905	0	93	125	689808	2	0	0	9225	0	0	0	9227
TP1_synth_reverse		94	T	919	81	0	106	0	177	688296	689579	0	0	0	0	0	0	9227	9227
TP1_synth_reverse		95	C	0	688995	0	0	0	105	0	689100	0	9227	0	0	0	0	0	9227
TP1_synth_reverse		96	C	0	688409	0	0	0	49	0	688458	0	9225	0	0	0	0	0	9225
TP1_synth_reverse		97	C	0	686520	0	0	0	143	0	686663	0	9223	0	0	0	0	0	9223
TP1_synth_reverse		98	A	684445	0	0	0	0	0	0	684445	9217	0	0	0	0	0	0	9217
TP1_synth_reverse		99	G	0	0	0	683611	1	0	0	683612	0	0	0	9216	0	0	0	9216
