



























































































































































































































#AmpliconChromStart	Alias	Position	ProbableRef	rawA	rawC	rawD	rawG	rawI	rawN	rawT	rawDepth	consA	consC	consD	consG	consI	consN	consT	consDepth	
TP1_synth_forward		5	T	0	0	0	0	0	0	674	674	0	0	0	0	0	0	425	425
TP1_synth_forward		6	G	0	0	0	1285	0	0	0	1285	0	0	0	742	0	0	0	742
TP1_synth_forward		7	A	1547	0	0	0	0	0	0	1547	785	0	0	0	0	0	0	785
TP1_synth_forward		8	G	0	0	0	3772	0	0	0	3772	0	0	0	972	0	0	0	972
TP1_synth_forward		9	G	0	0	0	4031	0	0	0	4031	0	0	0	1020	0	0	0	1020
TP1_synth_forward		10	C	0	4044	0	0	0	1	0	4045	0	1031	0	0	0	0	0	1031
TP1_synth_forward		11	T	14	0	0	0	0	0	4037	4051	10	0	0	0	0	0	1027	1037
TP1_synth_forward		12	C	1	4082	0	0	0	1	0	4084	1	1050	0	0	0	0	0	1051
TP1_synth_forward		13	C	11	4080	0	0	0	1	1	4093	9	1051	0	0	0	0	0	1060
TP1_synth_forward		14	C	7	4084	0	0	0	1	1	4093	4	1056	0	0	0	0	0	1060
TP1_synth_forward		15	C	1	4044	0	0	46	1	1	4093	1	1057	0	0	1	1	0	1060
TP1_synth_forward		16	T	18	0	4	0	0	0	4071	4093	11	0	1	0	0	0	1048	1060
TP1_synth_forward		17	T	42	0	0	0	1	1	4049	4093	23	0	0	0	0	0	1037	1060
TP1_synth_forward		18	T	22	0	0	2	0	0	4078	4102	11	0	0	0	0	0	1053	1064
TP1_synth_forward		19	A	4108	1	1	0	1	2	2	4115	1065	1	1	0	1	1	1	1070
TP1_synth_forward		20	T	15	0	1	0	41	0	4084	4141	9	0	1	0	5	0	1058	1073
TP1_synth_forward		21	A	4147	0	0	0	0	1	1	4149	1077	0	0	0	0	1	0	1078
TP1_synth_forward		22	C	4	4179	0	0	1	0	1	4185	2	1077	0	0	1	0	1	1081
TP1_synth_forward		23	A	4156	0	0	1	24	1	3	4185	1068	0	0	0	11	1	1	1081
TP1_synth_forward		24	G	0	3	4	4167	5	0	6	4185	0	1	4	1071	1	0	4	1081
TP1_synth_forward		25	A	4183	0	1	0	0	0	1	4185	1081	0	0	0	0	0	0	1081
TP1_synth_forward		26	A	4179	1	2	0	0	2	1	4185	1079	0	1	0	0	0	1	1081
TP1_synth_forward		27	T	38	2	3	2	1	0	4139	4185	25	2	1	0	1	0	1052	1081
TP1_synth_forward		28	A	4182	0	1	0	0	2	0	4185	1080	0	1	0	0	0	0	1081
TP1_synth_forward		29	T	14	1	0	0	0	1	4173	4189	7	0	0	0	0	0	1078	1085
TP1_synth_forward		30	C	4	4183	0	0	2	0	0	4189	0	1084	0	0	1	0	0	1085
TP1_synth_forward		31	T	27	1	0	2	170	1	3990	4191	22	0	0	1	14	0	1050	1087
TP1_synth_forward		32	G	2	10	0	4165	5	0	9	4191	2	6	0	1071	4	0	4	1087
TP1_synth_forward		33	T	54	1	0	0	0	0	4136	4191	33	0	0	0	0	0	1054	1087
TP1_synth_forward		34	T	58	1	0	0	5	1	4126	4191	33	0	0	0	0	0	1054	1087
TP1_synth_forward		35	C	8	4096	0	0	91	0	0	4195	5	1078	0	0	8	0	0	1091
TP1_synth_forward		36	G	5	7	0	4125	0	0	58	4195	1	4	0	1043	0	0	43	1091
TP1_synth_forward		37	C	7	4186	1	0	0	1	0	4195	3	1087	0	0	0	1	0	1091
TP1_synth_forward		38	A	4190	0	1	2	0	1	1	4195	1089	0	0	1	0	1	0	1091
TP1_synth_forward		39	C	6	4187	0	1	1	0	0	4195	2	1087	0	1	1	0	0	1091
TP1_synth_forward		40	T	41	3	0	0	43	2	4106	4195	27	1	0	0	5	0	1058	1091
TP1_synth_forward		41	C	4	4154	1	0	0	1	35	4195	2	1089	0	0	0	0	0	1091
TP1_synth_forward		42	C	17	4154	0	0	21	0	3	4195	6	1080	0	0	4	0	1	1091
TP1_synth_forward		43	G	3	3	0	4139	15	1	34	4195	0	0	0	1074	1	0	16	1091
TP1_synth_forward		44	A	4194	0	0	0	4	1	0	4199	1090	0	0	0	2	1	0	1093
TP1_synth_forward		45	G	3	16	0	4169	2	0	9	4199	2	9	0	1075	1	0	6	1093
TP1_synth_forward		46	T	44	1	0	0	2	1	4152	4200	28	1	0	0	1	0	1064	1094
TP1_synth_forward		47	G	11	12	1	4166	2	1	6	4199	6	11	0	1070	1	1	4	1093
TP1_synth_forward		48	C	8	4088	7	3	87	5	0	4198	4	1072	1	1	12	2	0	1092
TP1_synth_forward		49	G	4	5	0	4157	0	0	32	4198	0	3	0	1063	0	0	26	1092
TP1_synth_forward		50	G	14	7	0	4163	0	1	13	4198	4	2	0	1078	0	1	7	1092
TP1_synth_forward		51	C	5	4183	0	1	3	1	4	4197	3	1086	0	0	2	0	0	1091
TP1_synth_forward		52	T	44	1	24	2	0	2	4124	4197	27	0	2	1	0	1	1060	1091
TP1_synth_forward		53	T	59	0	0	3	6	0	4128	4196	29	0	0	1	4	0	1057	1091
TP1_synth_forward		54	G	15	14	0	4159	0	1	7	4196	3	8	0	1077	0	0	3	1091
TP1_synth_forward		55	C	8	4048	1	0	104	1	34	4196	3	1078	1	0	6	1	2	1091
TP1_synth_forward		56	G	2	2	0	4177	0	0	15	4196	0	0	0	1081	0	0	10	1091
TP1_synth_forward		57	G	0	7	1	4171	1	0	16	4196	0	3	1	1079	1	0	7	1091
TP1_synth_forward		58	A	4199	0	1	1	1	0	0	4202	1092	0	1	0	1	0	0	1094
TP1_synth_forward		59	G	1	4	1	4187	0	0	9	4202	1	2	1	1084	0	0	6	1094
TP1_synth_forward		60	A	4206	1	1	0	0	0	0	4208	1097	0	0	0	0	0	0	1097
TP1_synth_forward		61	T	9	0	36	8	0	0	4155	4208	3	0	1	4	0	0	1089	1097
TP1_synth_forward		62	T	33	2	0	3	0	1	4167	4206	23	0	0	2	0	1	1070	1096
TP1_synth_forward		63	C	5	4199	0	1	0	1	0	4206	2	1093	0	1	0	0	0	1096
TP1_synth_forward		64	T	29	0	0	3	0	0	4173	4205	15	0	0	2	0	0	1078	1095
TP1_synth_forward		65	C	2	4201	0	0	0	2	0	4205	1	1093	0	0	0	1	0	1095
TP1_synth_forward		66	T	27	2	1	1	0	0	4174	4205	20	0	1	1	0	0	1073	1095
TP1_synth_forward		67	T	37	0	0	0	0	0	4167	4204	21	0	0	0	0	0	1073	1094
TP1_synth_forward		68	C	3	4200	0	0	0	1	0	4204	1	1092	0	0	0	1	0	1094
TP1_synth_forward		69	C	12	4186	0	1	0	3	1	4203	7	1083	0	1	0	1	1	1093
TP1_synth_forward		70	T	16	1	2	0	0	0	4184	4203	7	0	1	0	0	0	1085	1093
TP1_synth_forward		71	C	7	4192	0	0	1	1	2	4203	4	1087	0	0	1	0	1	1093
TP1_synth_forward		72	T	25	1	2	1	11	0	4162	4202	14	1	1	0	5	0	1071	1092
TP1_synth_forward		73	G	4	7	0	4189	0	0	2	4202	1	3	0	1087	0	0	1	1092
TP1_synth_forward		74	T	42	0	2	0	0	0	4158	4202	20	0	1	0	0	0	1071	1092
TP1_synth_forward		75	G	4	3	1	4189	0	1	4	4202	1	2	1	1087	0	0	1	1092
TP1_synth_forward		76	C	5	4189	1	1	1	2	3	4202	3	1085	1	1	0	1	1	1092
TP1_synth_forward		77	G	1	4	1	4179	0	1	16	4202	0	3	0	1078	0	1	10	1092
TP1_synth_forward		78	C	2	4193	4	0	0	3	0	4202	0	1088	2	0	0	2	0	1092
TP1_synth_forward		79	C	6	4194	0	0	1	0	0	4201	3	1087	0	0	1	0	0	1091
TP1_synth_forward		80	G	3	5	2	4180	0	0	11	4201	1	3	0	1082	0	0	5	1091
TP1_synth_forward		81	C	2	4193	1	3	1	0	0	4200	0	1088	1	2	0	0	0	1091
TP1_synth_forward		82	A	4196	0	1	2	0	1	0	4200	1091	0	0	0	0	0	0	1091
TP1_synth_forward		83	A	4196	1	0	1	0	1	1	4200	1090	0	0	0	0	1	0	1091
TP1_synth_forward		84	A	4195	2	0	2	0	1	0	4200	1088	1	0	1	0	1	0	1091
TP1_synth_forward		85	G	2	4	0	4188	0	2	3	4199	0	0	0	1087	0	1	2	1090
TP1_synth_forward		86	C	3	4191	0	2	0	1	1	4198	0	1089	0	0	0	0	0	1089
TP1_synth_forward		87	T	32	0	0	0	0	1	4158	4191	13	0	0	0	0	1	1070	1084
TP1_synth_forward		88	G	5	8	0	4170	0	1	5	4189	1	4	0	1073	0	1	4	1083
TP1_synth_forward		89	T	21	2	0	1	0	1	4160	4185	10	1	0	1	0	1	1066	1079
TP1_synth_forward		90	T	34	0	0	0	3	0	4147	4184	17	0	0	0	0	0	1061	1078
TP1_synth_forward		91	C	5	4174	0	1	0	0	2	4182	1	1073	0	1	0	0	1	1076
TP1_synth_forward		92	C	23	4155	0	1	0	0	1	4180	3	1071	0	0	0	0	0	1074
TP1_synth_forward		93	G	6	4	0	4162	0	0	2	4174	5	1	0	1065	0	0	0	1071
TP1_synth_forward		94	T	36	0	0	1	0	0	4137	4174	22	0	0	1	0	0	1048	1071
TP1_synth_forward		95	C	2	4165	0	0	0	1	2	4170	0	1068	0	0	0	1	1	1070
TP1_synth_forward		96	C	0	4155	0	0	0	0	0	4155	0	1063	0	0	0	0	0	1063
TP1_synth_forward		97	C	0	4145	0	0	0	0	0	4145	0	1059	0	0	0	0	0	1059
TP1_synth_forward		98	A	4135	0	0	0	0	1	0	4136	1053	0	0	0	0	1	0	1054
TP1_synth_forward		99	G	0	0	0	4125	0	0	0	4125	0	0	0	1048	0	0	0	1048
TP1_synth_forward		100	T	0	0	0	0	0	0	4093	4093	0	0	0	0	0	0	1036	1036
TP1_synth_forward	TP1_synth_forward	1	G	0	0	0	458204	0	0	0	458204	0	0	0	76680	0	0	0	76680
TP1_synth_forward	TP1_synth_forward	2	T	0	0	0	0	0	0	459357	459357	0	0	0	0	0	0	77000	77000
TP1_synth_forward	TP1_synth_forward	3	G	0	0	0	461189	0	6	0	461195	0	0	0	77736	0	4	0	77740
TP1_synth_forward	TP1_synth_forward	4	G	0	0	0	462041	0	6	0	462047	0	0	0	78235	0	3	0	78238
TP1_synth_forward	TP1_synth_forward	5	T	0	0	0	0	0	19	462028	462047	0	0	0	0	0	4	78234	78238
TP1_synth_forward	TP1_synth_forward	6	G	89	38	0	461668	0	116	136	462047	6	4	0	78178	0	29	21	78238
TP1_synth_forward	TP1_synth_forward	7	A	461780	19	0	60	0	99	89	462047	78204	1	0	8	0	22	3	78238
TP1_synth_forward	TP1_synth_forward	8	G	113	18	0	461724	4	21	167	462047	5	3	0	78196	1	2	31	78238
TP1_synth_forward	TP1_synth_forward	9	G	123	80	0	461387	122	192	143	462047	6	33	0	78153	12	24	10	78238
TP1_synth_forward	TP1_synth_forward	10	C	70	461262	259	24	207	116	109	462047	14	78167	10	1	5	30	11	78238
TP1_synth_forward	TP1_synth_forward	11	T	220	71	324	13	851	72	460496	462047	56	9	19	4	126	18	78006	78238
TP1_synth_forward	TP1_synth_forward	12	C	118	460467	1276	8	1	33	144	462047	8	78052	149	1	1	14	13	78238
TP1_synth_forward	TP1_synth_forward	13	C	181	461673	10	9	0	68	106	462047	27	78184	2	1	0	18	6	78238
TP1_synth_forward	TP1_synth_forward	14	C	153	461755	1	21	1	16	100	462047	28	78194	1	2	0	2	11	78238
TP1_synth_forward	TP1_synth_forward	15	C	119	460129	165	5	1239	54	336	462047	11	77989	19	0	180	9	30	78238
TP1_synth_forward	TP1_synth_forward	16	T	269	114	1589	6	1	29	460039	462047	86	12	231	1	1	3	77904	78238
TP1_synth_forward	TP1_synth_forward	17	T	208	119	88	17	0	40	461575	462047	56	12	19	2	0	19	78130	78238
TP1_synth_forward	TP1_synth_forward	18	T	122	57	199	16	519	77	461057	462047	25	7	21	2	79	23	78081	78238
TP1_synth_forward	TP1_synth_forward	19	A	460836	8	426	72	496	51	158	462047	78049	2	75	6	82	13	11	78238
TP1_synth_forward	TP1_synth_forward	20	T	207	186	162	21	480	57	460934	462047	50	9	20	4	77	15	78063	78238
TP1_synth_forward	TP1_synth_forward	21	A	461347	28	160	52	308	50	102	462047	78120	6	34	10	41	14	13	78238
TP1_synth_forward	TP1_synth_forward	22	C	225	460702	406	20	474	41	179	462047	34	78053	45	1	76	9	20	78238
TP1_synth_forward	TP1_synth_forward	23	A	457979	9	433	108	3325	96	97	462047	77638	2	79	9	469	26	15	78238
TP1_synth_forward	TP1_synth_forward	24	G	140	27	275	460395	813	98	299	462047	17	5	32	77988	113	36	47	78238
TP1_synth_forward	TP1_synth_forward	25	A	461579	28	269	60	0	60	51	462047	78150	3	36	8	0	40	1	78238
TP1_synth_forward	TP1_synth_forward	26	A	461369	3	109	68	350	40	108	462047	78154	0	12	5	43	16	8	78238
TP1_synth_forward	TP1_synth_forward	27	T	518	138	340	45	440	41	460525	462047	145	7	43	5	55	5	77978	78238
TP1_synth_forward	TP1_synth_forward	28	A	461478	7	186	34	213	59	70	462047	78161	1	31	2	28	9	6	78238
TP1_synth_forward	TP1_synth_forward	29	T	304	51	267	164	247	53	460961	462047	84	5	41	14	37	33	78024	78238
TP1_synth_forward	TP1_synth_forward	30	C	182	460615	393	34	702	23	98	462047	37	78057	45	5	78	5	11	78238
TP1_synth_forward	TP1_synth_forward	31	T	1056	46	258	19	3356	11	457287	462033	284	4	33	3	384	2	77520	78230
TP1_synth_forward	TP1_synth_forward	32	G	233	116	168	460311	724	32	440	462024	30	26	27	77981	85	5	69	78223
TP1_synth_forward	TP1_synth_forward	33	T	1033	93	398	55	4	88	460346	462017	221	8	36	3	3	41	77909	78221
TP1_synth_forward	TP1_synth_forward	34	T	1675	87	51	2	534	93	459567	462009	337	20	2	0	66	24	77767	78216
TP1_synth_forward	TP1_synth_forward	35	C	368	459084	403	23	1816	30	268	461992	83	77746	41	7	295	8	21	78201
TP1_synth_forward	TP1_synth_forward	36	G	230	153	54	460056	333	112	1052	461990	20	39	5	77890	38	46	163	78201
TP1_synth_forward	TP1_synth_forward	37	C	141	461041	222	17	357	111	99	461988	27	78084	17	3	42	16	11	78200
TP1_synth_forward	TP1_synth_forward	38	A	461548	45	55	69	152	49	65	461983	78125	9	18	8	17	13	5	78195
TP1_synth_forward	TP1_synth_forward	39	C	106	461136	76	59	287	48	264	461976	23	78080	8	12	34	13	19	78189
TP1_synth_forward	TP1_synth_forward	40	T	1269	97	140	13	287	30	460129	461965	337	8	27	1	35	9	77764	78181
TP1_synth_forward	TP1_synth_forward	41	C	174	461301	260	8	2	68	152	461965	49	78044	32	0	0	48	8	78181
TP1_synth_forward	TP1_synth_forward	42	C	221	459210	40	28	2036	28	400	461963	57	77859	2	1	225	8	28	78180
TP1_synth_forward	TP1_synth_forward	43	G	406	124	145	460020	255	27	978	461955	34	41	14	77865	33	3	187	78177
TP1_synth_forward	TP1_synth_forward	44	A	460275	35	221	87	1210	71	49	461948	77998	4	26	8	120	13	6	78175
TP1_synth_forward	TP1_synth_forward	45	G	262	220	188	460332	182	160	597	461941	27	72	22	77873	22	47	107	78170
TP1_synth_forward	TP1_synth_forward	46	T	960	71	566	20	1516	64	458738	461935	223	3	45	0	181	18	77695	78165
TP1_synth_forward	TP1_synth_forward	47	G	266	153	150	460655	174	82	441	461921	55	54	17	77921	15	13	76	78151
TP1_synth_forward	TP1_synth_forward	48	C	224	458874	455	42	1929	162	235	461921	38	77753	47	2	246	38	27	78151
TP1_synth_forward	TP1_synth_forward	49	G	243	99	710	460190	4	128	544	461918	26	33	74	77845	0	49	121	78148
TP1_synth_forward	TP1_synth_forward	50	G	372	163	45	460670	36	69	557	461912	32	57	5	77967	7	10	65	78143
TP1_synth_forward	TP1_synth_forward	51	C	149	459977	171	574	630	130	277	461908	40	77929	21	46	58	15	31	78140
TP1_synth_forward	TP1_synth_forward	52	T	1001	67	332	81	2	98	460323	461904	295	7	38	2	0	14	77780	78136
TP1_synth_forward	TP1_synth_forward	53	T	874	130	51	98	1319	45	459381	461898	207	18	4	9	141	6	77748	78133
TP1_synth_forward	TP1_synth_forward	54	G	156	121	260	460556	94	103	597	461887	31	46	39	77878	22	42	69	78127
TP1_synth_forward	TP1_synth_forward	55	C	186	458801	367	46	1989	202	293	461884	36	77709	51	7	216	65	42	78126
TP1_synth_forward	TP1_synth_forward	56	G	285	60	463	460404	4	129	531	461876	37	21	61	77897	0	26	78	78120
TP1_synth_forward	TP1_synth_forward	57	G	190	48	190	460964	128	60	283	461863	22	15	25	77978	21	5	47	78113
TP1_synth_forward	TP1_synth_forward	58	A	460777	17	394	104	449	34	80	461855	77982	3	53	10	53	3	3	78107
TP1_synth_forward	TP1_synth_forward	59	G	254	64	260	460668	87	13	487	461833	21	21	29	77927	20	5	72	78095
TP1_synth_forward	TP1_synth_forward	60	A	461351	39	186	70	100	25	58	461829	78036	5	21	6	10	9	5	78092
TP1_synth_forward	TP1_synth_forward	61	T	229	82	295	226	0	40	460953	461825	51	4	37	44	0	4	77949	78089
TP1_synth_forward	TP1_synth_forward	62	T	882	95	91	239	37	50	460354	461748	212	16	16	26	6	12	77768	78056
TP1_synth_forward	TP1_synth_forward	63	C	236	461017	160	33	139	78	77	461740	43	77958	17	3	3	15	14	78053
TP1_synth_forward	TP1_synth_forward	64	T	1113	89	124	36	32	73	460248	461715	269	8	16	2	0	22	77727	78044
TP1_synth_forward	TP1_synth_forward	65	C	104	461245	117	13	20	67	142	461708	21	77976	7	2	7	11	15	78039
TP1_synth_forward	TP1_synth_forward	66	T	1027	67	299	23	1	48	460241	461706	260	1	27	5	1	7	77736	78037
TP1_synth_forward	TP1_synth_forward	67	T	1144	75	144	29	42	43	460208	461685	260	11	6	4	3	4	77741	78029
TP1_synth_forward	TP1_synth_forward	68	C	192	460676	547	21	0	60	187	461683	29	77932	36	4	0	12	14	78027
TP1_synth_forward	TP1_synth_forward	69	C	270	460883	226	27	35	88	148	461677	59	77884	8	2	5	37	29	78024
TP1_synth_forward	TP1_synth_forward	70	T	1049	44	300	19	78	123	460053	461666	264	5	17	5	8	31	77688	78018
TP1_synth_forward	TP1_synth_forward	71	C	277	460686	376	15	122	57	130	461663	55	77915	17	4	2	11	12	78016
TP1_synth_forward	TP1_synth_forward	72	T	1267	82	464	17	211	59	459555	461655	312	11	37	2	29	18	77603	78012
TP1_synth_forward	TP1_synth_forward	73	G	390	206	284	460199	64	80	428	461651	42	46	10	77815	7	11	79	78010
TP1_synth_forward	TP1_synth_forward	74	T	881	78	359	16	444	61	459809	461648	188	8	30	3	36	8	77736	78009
TP1_synth_forward	TP1_synth_forward	75	G	239	132	551	460232	178	55	250	461637	35	36	65	77808	15	5	41	78005
TP1_synth_forward	TP1_synth_forward	76	C	224	459592	468	53	494	119	685	461635	35	77800	40	5	38	22	63	78003
TP1_synth_forward	TP1_synth_forward	77	G	363	232	497	459551	91	57	832	461623	27	74	43	77701	13	12	123	77993
TP1_synth_forward	TP1_synth_forward	78	C	122	460189	811	70	0	90	340	461622	16	77844	91	2	0	12	28	77993
TP1_synth_forward	TP1_synth_forward	79	C	157	460607	15	20	195	94	531	461619	29	77866	6	4	14	32	42	77993
TP1_synth_forward	TP1_synth_forward	80	G	738	477	247	459526	1	26	591	461606	66	99	18	77687	1	6	110	77987
TP1_synth_forward	TP1_synth_forward	81	C	212	460785	261	22	86	17	219	461602	35	77893	17	2	14	0	23	77984
TP1_synth_forward	TP1_synth_forward	82	A	460645	42	697	118	0	22	76	461600	77895	4	70	9	0	2	4	77984
TP1_synth_forward	TP1_synth_forward	83	A	461326	39	61	65	0	56	52	461599	77960	4	2	6	0	8	4	77984
TP1_synth_forward	TP1_synth_forward	84	A	461154	65	0	151	35	132	53	461590	77939	6	0	9	0	23	7	77984
TP1_synth_forward	TP1_synth_forward	85	G	133	140	89	460950	32	96	117	461557	37	45	7	77825	4	18	29	77965
TP1_synth_forward	TP1_synth_forward	86	C	246	460863	45	128	9	86	127	461504	37	77876	3	7	3	11	10	77947
TP1_synth_forward	TP1_synth_forward	87	T	1504	51	18	186	21	85	459589	461454	325	1	5	26	1	35	77536	77929
TP1_synth_forward	TP1_synth_forward	88	G	227	97	63	460691	107	36	187	461408	35	15	9	77793	5	5	49	77911
TP1_synth_forward	TP1_synth_forward	89	T	688	53	205	20	0	19	460249	461234	95	2	20	2	0	9	77769	77897
TP1_synth_forward	TP1_synth_forward	90	T	1152	84	28	28	327	27	459440	461086	200	6	1	5	34	21	77595	77862
TP1_synth_forward	TP1_synth_forward	91	C	320	460090	375	111	0	3	122	461021	49	77746	29	13	0	0	11	77848
TP1_synth_forward	TP1_synth_forward	92	C	217	460337	0	38	0	16	137	460745	28	77783	0	8	0	1	12	77832
TP1_synth_forward	TP1_synth_forward	93	G	383	233	0	459644	0	33	111	460404	48	45	0	77682	0	2	21	77798
TP1_synth_forward	TP1_synth_forward	94	T	868	44	0	54	0	48	459165	460179	138	3	0	9	0	27	77585	77762
TP1_synth_forward	TP1_synth_forward	95	C	112	459727	0	27	0	68	113	460047	17	77694	0	5	0	24	9	77749
TP1_synth_forward	TP1_synth_forward	96	C	0	459501	0	0	0	35	0	459536	0	77682	0	0	0	21	0	77703
TP1_synth_forward	TP1_synth_forward	97	C	0	458357	0	0	0	30	0	458387	0	77577	0	0	0	6	0	77583
TP1_synth_forward	TP1_synth_forward	98	A	456532	0	0	0	0	11	0	456543	77386	0	0	0	0	3	0	77389
TP1_synth_forward	TP1_synth_forward	99	G	0	0	0	455943	0	0	0	455943	0	0	0	77282	0	0	0	77282
TP1_synth_forward	TP1_synth_forward	100	T	0	0	0	0	0	0	454632	454632	0	0	0	0	0	0	77068	77068
