



























































































































































































































#AmpliconChromStart	Alias	Position	ProbableRef	rawA	rawC	rawD	rawG	rawI	rawN	rawT	rawDepth	consA	consC	consD	consG	consI	consN	consT	consDepth	
TP1_synth_reverse		1	G	0	0	0	606638	0	0	0	606638	0	0	0	6225	0	0	0	6225
TP1_synth_reverse		2	T	0	0	0	0	0	0	607414	607414	0	0	0	0	0	0	6230	6230
TP1_synth_reverse		3	G	0	0	0	610177	0	100	0	610277	0	0	0	6247	0	0	0	6247
TP1_synth_reverse		4	G	0	0	0	611063	0	60	0	611123	0	0	0	6255	0	0	0	6255
TP1_synth_reverse		5	T	0	0	0	0	0	176	611291	611467	0	0	0	0	0	0	6258	6258
TP1_synth_reverse		6	G	120	64	0	612446	0	31	175	612836	0	0	0	6262	0	0	1	6263
TP1_synth_reverse		7	A	613102	20	0	72	0	9	86	613289	6267	0	0	0	0	0	0	6267
TP1_synth_reverse		8	G	105	65	0	613485	0	82	122	613859	0	0	0	6269	0	0	1	6270
TP1_synth_reverse		9	G	101	98	0	613937	0	11	133	614280	0	0	0	6271	0	0	1	6272
TP1_synth_reverse		10	C	220	613818	116	16	2	27	118	614317	0	6271	1	0	0	0	0	6272
TP1_synth_reverse		11	T	301	126	375	32	227	36	613241	614338	0	0	0	0	2	0	6270	6272
TP1_synth_reverse		12	C	280	611905	1542	17	0	69	537	614350	0	6262	9	0	0	0	1	6272
TP1_synth_reverse		13	C	350	613744	26	22	1	94	113	614350	0	6271	1	0	0	0	0	6272
TP1_synth_reverse		14	C	256	613939	0	27	0	51	102	614375	0	6272	0	0	0	0	0	6272
TP1_synth_reverse		15	C	237	613350	10	51	12	45	670	614375	0	6270	0	0	0	0	2	6272
TP1_synth_reverse		16	T	516	48	1921	32	0	28	611830	614375	0	0	13	0	0	0	6259	6272
TP1_synth_reverse		17	T	589	406	1	31	0	134	613214	614375	0	1	0	0	0	0	6271	6272
TP1_synth_reverse		18	T	427	88	107	20	219	108	613406	614375	0	0	2	0	4	0	6266	6272
TP1_synth_reverse		19	C	490	613617	1468	38	39	86	119	615857	0	6256	14	0	1	0	2	6273
TP1_synth_reverse		20	T	585	71	723	42	1	46	614389	615857	0	0	10	0	0	0	6263	6273
TP1_synth_reverse		21	T	1869	109	909	81	1463	154	611286	615871	0	0	4	0	12	0	6257	6273
TP1_synth_reverse		22	G	301	619	1333	613110	144	100	264	615871	1	0	7	6264	1	0	0	6273
TP1_synth_reverse		23	C	733	613323	164	60	876	75	656	615887	0	6255	4	0	11	0	4	6274
TP1_synth_reverse		24	G	674	159	824	613809	0	60	361	615887	3	0	7	6264	0	0	0	6274
TP1_synth_reverse		25	G	298	432	115	614840	3	52	221	615961	1	0	3	6271	0	0	0	6275
TP1_synth_reverse		26	A	614303	17	408	105	929	101	113	615976	6261	0	6	0	9	0	0	6276
TP1_synth_reverse		27	G	74	165	436	614122	0	62	1117	615976	0	0	5	6269	0	0	2	6276
TP1_synth_reverse		28	A	615583	93	110	80	4	43	77	615990	6274	0	3	0	0	0	0	6277
TP1_synth_reverse		29	T	710	67	2283	52	0	6	612872	615990	0	0	11	0	0	0	6266	6277
TP1_synth_reverse		30	T	2538	170	516	11	0	48	612707	615990	0	1	2	0	0	0	6274	6277
TP1_synth_reverse		31	C	766	615023	18	36	1	19	122	615985	0	6275	1	0	0	0	1	6277
TP1_synth_reverse		32	T	925	84	202	60	222	44	614443	615980	0	0	4	0	1	0	6272	6277
TP1_synth_reverse		33	C	769	614924	127	33	1	16	108	615978	0	6275	2	0	0	0	0	6277
TP1_synth_reverse		34	T	1205	105	1253	49	0	13	613350	615975	0	0	9	0	0	0	6268	6277
TP1_synth_reverse		35	T	2839	912	409	72	406	40	611283	615961	0	5	2	0	3	0	6267	6277
TP1_synth_reverse		36	C	613	614619	526	25	0	39	138	615960	0	6273	4	0	0	0	0	6277
TP1_synth_reverse		37	C	644	613914	1146	64	5	47	136	615956	0	6272	5	0	0	0	0	6277
TP1_synth_reverse		38	T	1435	61	1150	33	0	76	613150	615905	0	0	5	0	0	0	6270	6275
TP1_synth_reverse		39	C	405	614735	425	46	163	33	97	615904	1	6272	1	0	1	0	0	6275
TP1_synth_reverse		40	T	1552	247	1565	24	254	17	612238	615897	0	3	6	0	4	0	6262	6275
TP1_synth_reverse		41	G	182	1333	1488	611027	2	18	1845	615895	1	0	4	6269	0	0	1	6275
TP1_synth_reverse		42	T	2522	100	846	36	697	92	611595	615888	0	0	3	0	3	0	6269	6275
TP1_synth_reverse		43	G	121	1285	1268	612243	28	66	880	615891	0	0	8	6267	0	0	0	6275
TP1_synth_reverse		44	C	803	613480	630	207	177	94	499	615890	1	6258	8	1	4	0	3	6275
TP1_synth_reverse		45	G	175	370	862	611397	242	47	2802	615895	0	0	6	6267	2	0	0	6275
TP1_synth_reverse		46	C	1272	614031	456	43	0	24	92	615918	0	6269	6	0	0	0	0	6275
TP1_synth_reverse		47	C	424	614718	455	33	0	4	284	615918	0	6267	6	0	0	0	2	6275
TP1_synth_reverse		48	G	172	1244	476	611363	92	11	2555	615913	0	0	6	6267	1	0	1	6275
TP1_synth_reverse		49	A	614968	229	495	51	0	37	123	615903	6266	2	7	0	0	0	0	6275
TP1_synth_reverse		50	T	2444	67	497	31	1	26	612831	615897	0	0	7	0	0	0	6268	6275
TP1_synth_reverse		51	A	614978	57	653	88	0	62	97	615935	6268	1	7	0	0	0	0	6276
TP1_synth_reverse		52	C	596	614803	318	36	1	31	145	615930	0	6272	4	0	0	0	0	6276
TP1_synth_reverse		53	A	615189	22	337	116	155	43	93	615955	6272	0	4	0	1	0	0	6277
TP1_synth_reverse		54	G	201	374	1323	613549	1	15	489	615952	0	0	7	6270	0	0	0	6277
TP1_synth_reverse		55	A	615340	171	352	105	0	43	71	616082	6276	0	2	0	0	0	0	6278
TP1_synth_reverse		56	A	615560	56	210	82	0	42	130	616080	6276	1	1	0	0	0	0	6278
TP1_synth_reverse		57	T	3264	49	820	178	0	37	611710	616058	0	0	2	0	0	0	6276	6278
TP1_synth_reverse		58	A	615317	14	525	56	0	50	179	616141	6277	0	2	0	0	0	0	6279
TP1_synth_reverse		59	T	2085	48	390	91	0	12	613507	616133	0	0	0	0	0	0	6279	6279
TP1_synth_reverse		60	C	1519	613808	497	66	12	37	196	616135	1	6277	1	0	0	0	1	6280
TP1_synth_reverse		61	T	1649	140	367	266	267	15	613187	615891	0	2	4	0	1	0	6274	6281
TP1_synth_reverse		62	G	889	294	257	613640	1	93	732	615906	1	0	2	6279	0	0	0	6282
TP1_synth_reverse		63	T	4221	108	55	35	0	25	611454	615898	0	0	1	0	0	0	6281	6282
TP1_synth_reverse		64	T	2387	57	52	83	53	74	613221	615927	0	0	1	0	1	0	6281	6283
TP1_synth_reverse		65	C	622	614930	76	40	24	78	172	615942	0	6283	1	0	0	0	0	6284
TP1_synth_reverse		66	G	504	366	31	614252	0	36	746	615935	0	0	0	6284	0	0	0	6284
TP1_synth_reverse		67	C	979	614575	155	26	0	124	119	615978	0	6283	1	0	0	0	1	6285
TP1_synth_reverse		68	A	615236	376	45	113	0	113	94	615977	6285	0	0	0	0	0	0	6285
TP1_synth_reverse		69	C	204	614021	476	31	0	55	1186	615973	0	6279	2	0	0	0	4	6285
TP1_synth_reverse		70	T	1243	107	62	183	0	32	614335	615962	0	0	0	0	0	0	6285	6285
TP1_synth_reverse		71	C	346	615037	436	30	0	18	92	615959	0	6285	0	0	0	0	0	6285
TP1_synth_reverse		72	C	1041	614056	70	65	0	56	665	615953	1	6282	0	0	0	0	2	6285
TP1_synth_reverse		73	G	514	316	293	614241	0	155	424	615943	1	0	0	6282	0	0	2	6285
TP1_synth_reverse		74	A	614234	97	238	77	0	86	1211	615943	6277	0	3	0	0	0	5	6285
TP1_synth_reverse		75	G	119	278	348	613831	401	25	923	615925	0	0	3	6277	2	0	3	6285
TP1_synth_reverse		76	T	3316	322	232	60	1	28	611953	615912	0	1	2	0	0	0	6282	6285
TP1_synth_reverse		77	G	112	398	97	614494	1	32	763	615897	1	0	2	6282	0	0	0	6285
TP1_synth_reverse		78	C	472	613801	788	39	482	53	257	615892	0	6277	5	0	2	0	1	6285
TP1_synth_reverse		79	G	347	904	1029	612867	3	156	567	615873	1	0	3	6281	0	0	0	6285
TP1_synth_reverse		80	G	346	241	3	614818	2	164	280	615854	1	0	0	6284	0	0	0	6285
TP1_synth_reverse		81	C	813	613469	1085	52	163	133	123	615838	2	6277	5	0	1	0	0	6285
TP1_synth_reverse		82	A	612806	64	1210	111	0	79	110	614380	6281	0	3	0	0	0	0	6284
TP1_synth_reverse		83	A	613946	81	5	115	0	168	63	614378	6284	0	0	0	0	0	0	6284
TP1_synth_reverse		84	A	613924	56	0	190	62	73	43	614348	6283	0	0	0	1	0	0	6284
TP1_synth_reverse		85	G	131	267	563	613043	4	84	171	614263	0	0	0	6284	0	0	0	6284
TP1_synth_reverse		86	C	712	612993	13	365	1	40	98	614222	0	6284	0	0	0	0	0	6284
TP1_synth_reverse		87	T	1400	83	1	83	0	75	612477	614119	0	0	0	0	0	0	6284	6284
TP1_synth_reverse		88	G	185	478	4	613194	4	94	108	614067	0	0	0	6284	0	0	0	6284
TP1_synth_reverse		89	T	1015	90	255	37	0	220	612389	614006	0	0	3	0	0	0	6281	6284
TP1_synth_reverse		90	T	1018	82	0	260	0	120	612122	613602	0	0	0	1	0	0	6283	6284
TP1_synth_reverse		91	C	476	612670	0	193	0	31	136	613506	0	6283	0	1	0	0	0	6284
TP1_synth_reverse		92	C	368	611867	0	376	0	52	234	612897	0	6283	0	0	0	0	0	6283
TP1_synth_reverse		93	G	451	230	0	611598	0	94	148	612521	2	0	0	6280	0	0	0	6282
TP1_synth_reverse		94	T	909	115	0	118	0	149	610912	612203	0	0	0	0	0	0	6282	6282
TP1_synth_reverse		95	C	0	611651	0	0	0	80	0	611731	0	6282	0	0	0	0	0	6282
TP1_synth_reverse		96	C	0	611074	0	0	0	65	0	611139	0	6282	0	0	0	0	0	6282
TP1_synth_reverse		97	C	0	609926	0	0	0	122	0	610048	0	6281	0	0	0	0	0	6281
TP1_synth_reverse		98	A	608235	0	0	0	0	0	0	608235	6278	0	0	0	0	0	0	6278
TP1_synth_reverse		99	G	0	0	0	607124	0	0	0	607124	0	0	0	6278	0	0	0	6278
