



























































































































































































































#AmpliconChromStart	Alias	Position	ProbableRef	rawA	rawC	rawD	rawG	rawI	rawN	rawT	rawDepth	consA	consC	consD	consG	consI	consN	consT	consDepth
TP1_synth_reverse		1	G	0	0	0	606638	0	0	0	606638	0	0	0	5879	0	0	0	5879
TP1_synth_reverse		2	T	0	0	0	0	0	0	607414	607414	0	0	0	0	0	0	5884	5884
TP1_synth_reverse		3	G	0	0	0	610177	0	100	0	610277	0	0	0	5900	0	0	0	5900
TP1_synth_reverse		4	G	0	0	0	611063	0	60	0	611123	0	0	0	5907	0	0	0	5907
TP1_synth_reverse		5	T	0	0	0	0	0	176	611291	611467	0	0	0	0	0	0	5909	5909
TP1_synth_reverse		6	G	120	64	0	612446	0	31	175	612836	0	0	0	5913	0	0	1	5914
TP1_synth_reverse		7	A	613102	20	0	72	0	9	86	613289	5918	0	0	0	0	0	0	5918
TP1_synth_reverse		8	G	105	65	0	613485	0	82	122	613859	0	0	0	5920	0	0	1	5921
TP1_synth_reverse		9	G	101	98	0	613937	0	11	133	614280	0	0	0	5922	0	0	1	5923
TP1_synth_reverse		10	C	220	613818	116	16	2	27	118	614317	0	5922	1	0	0	0	0	5923
TP1_synth_reverse		11	T	301	126	375	32	227	36	613241	614338	0	0	0	0	2	0	5921	5923
TP1_synth_reverse		12	C	280	611905	1542	17	0	69	537	614350	0	5913	9	0	0	0	1	5923
TP1_synth_reverse		13	C	350	613763	26	22	1	94	113	614369	0	5922	1	0	0	0	0	5923
TP1_synth_reverse		14	C	256	613958	0	27	0	51	102	614394	0	5923	0	0	0	0	0	5923
TP1_synth_reverse		15	C	237	613369	10	51	12	45	670	614394	0	5921	0	0	0	0	2	5923
TP1_synth_reverse		16	T	516	48	1921	32	0	28	611849	614394	0	0	13	0	0	0	5910	5923
TP1_synth_reverse		17	T	589	406	1	31	0	134	613233	614394	0	1	0	0	0	0	5922	5923
TP1_synth_reverse		18	T	427	88	107	20	219	108	613425	614394	0	0	2	0	4	0	5917	5923
TP1_synth_reverse		19	C	490	613636	1468	38	39	86	119	615876	0	5907	14	0	1	0	2	5924
TP1_synth_reverse		20	T	585	71	723	42	1	46	614408	615876	0	0	10	0	0	0	5914	5924
TP1_synth_reverse		21	T	1871	109	909	81	1463	154	611303	615890	0	0	4	0	12	0	5908	5924
TP1_synth_reverse		22	G	301	619	1333	613128	144	100	265	615890	1	0	7	5915	1	0	0	5924
TP1_synth_reverse		23	C	733	613342	164	60	876	75	656	615906	0	5905	4	0	11	0	4	5924
TP1_synth_reverse		24	G	676	159	824	613826	0	60	361	615906	3	0	6	5915	0	0	0	5924
TP1_synth_reverse		25	G	298	432	115	614859	3	52	221	615980	1	0	3	5921	0	0	0	5925
TP1_synth_reverse		26	A	614307	17	408	105	929	101	113	615980	5911	0	6	0	8	0	0	5925
TP1_synth_reverse		27	G	74	165	436	614126	0	62	1117	615980	0	0	5	5918	0	0	2	5925
TP1_synth_reverse		28	A	615587	93	110	80	4	43	77	615994	5923	0	3	0	0	0	0	5926
TP1_synth_reverse		29	T	712	67	2283	53	0	6	612873	615994	0	0	11	0	0	0	5915	5926
TP1_synth_reverse		30	T	2538	170	516	11	0	48	612711	615994	0	1	2	0	0	0	5923	5926
TP1_synth_reverse		31	C	766	615027	18	36	1	19	122	615989	0	5924	1	0	0	0	1	5926
TP1_synth_reverse		32	T	924	84	202	60	222	44	614448	615984	0	0	3	0	1	0	5922	5926
TP1_synth_reverse		33	C	769	614928	127	33	1	16	108	615982	0	5924	2	0	0	0	0	5926
TP1_synth_reverse		34	T	1205	105	1253	49	0	13	613354	615979	0	0	8	0	0	0	5918	5926
TP1_synth_reverse		35	T	2837	912	409	72	406	40	611289	615965	0	5	2	0	3	0	5916	5926
TP1_synth_reverse		36	C	613	614623	526	25	0	39	138	615964	0	5922	4	0	0	0	0	5926
TP1_synth_reverse		37	C	644	613918	1146	64	5	47	136	615960	0	5921	5	0	0	0	0	5926
TP1_synth_reverse		38	T	1435	61	1150	33	0	76	613154	615909	0	0	5	0	0	0	5919	5924
TP1_synth_reverse		39	C	406	614738	425	46	163	33	97	615908	1	5921	1	0	1	0	0	5924
TP1_synth_reverse		40	T	1552	247	1565	24	254	17	612242	615901	0	3	6	0	4	0	5911	5924
TP1_synth_reverse		41	G	182	1333	1488	611028	2	18	1843	615894	1	0	4	5918	0	0	1	5924
TP1_synth_reverse		42	T	2523	100	846	36	697	92	611593	615887	0	0	3	0	3	0	5918	5924
TP1_synth_reverse		43	G	121	1284	1268	612243	28	66	880	615890	0	0	7	5917	0	0	0	5924
TP1_synth_reverse		44	C	802	613480	630	207	177	94	499	615889	1	5907	8	1	4	0	3	5924
TP1_synth_reverse		45	G	175	370	862	611394	242	47	2804	615894	0	0	6	5916	2	0	0	5924
TP1_synth_reverse		46	C	1271	614007	456	43	0	24	92	615893	0	5918	6	0	0	0	0	5924
TP1_synth_reverse		47	C	425	614693	455	33	0	4	283	615893	0	5917	5	0	0	0	2	5924
TP1_synth_reverse		48	G	172	1244	476	611338	92	11	2555	615888	0	0	5	5917	1	0	1	5924
TP1_synth_reverse		49	A	614943	229	495	51	0	37	123	615878	5916	2	6	0	0	0	0	5924
TP1_synth_reverse		50	T	2443	67	497	31	1	26	612813	615878	0	0	5	0	0	0	5919	5924
TP1_synth_reverse		51	A	614959	57	653	88	0	62	97	615916	5918	0	7	0	0	0	0	5925
TP1_synth_reverse		52	C	593	614787	318	36	1	31	145	615911	0	5921	4	0	0	0	0	5925
TP1_synth_reverse		53	A	615170	22	337	116	155	43	93	615936	5921	0	4	0	1	0	0	5926
TP1_synth_reverse		54	G	192	373	1323	613544	1	15	485	615933	0	0	7	5919	0	0	0	5926
TP1_synth_reverse		55	A	615321	171	352	105	0	43	71	616063	5925	0	2	0	0	0	0	5927
TP1_synth_reverse		56	A	615541	56	210	82	0	42	130	616061	5925	1	1	0	0	0	0	5927
TP1_synth_reverse		57	T	3253	49	820	177	0	37	611703	616039	0	0	2	0	0	0	5925	5927
TP1_synth_reverse		58	A	615298	14	525	56	0	50	179	616122	5926	0	2	0	0	0	0	5928
TP1_synth_reverse		59	T	2082	48	390	91	0	12	613491	616114	0	0	0	0	0	0	5928	5928
TP1_synth_reverse		60	C	1514	613794	497	66	12	37	196	616116	0	5927	1	0	0	0	1	5929
TP1_synth_reverse		61	T	1647	140	367	266	267	15	613170	615872	0	2	4	0	1	0	5923	5930
TP1_synth_reverse		62	G	885	291	257	613629	1	93	731	615887	1	0	2	5928	0	0	0	5931
TP1_synth_reverse		63	T	4216	108	55	36	0	25	611499	615939	0	0	1	0	0	0	5931	5932
TP1_synth_reverse		64	T	2382	57	52	83	53	74	613266	615967	0	0	1	0	1	0	5931	5933
TP1_synth_reverse		65	C	621	614954	76	40	24	78	172	615965	0	5932	1	0	0	0	0	5933
TP1_synth_reverse		66	G	504	366	31	614278	0	36	743	615958	0	0	0	5933	0	0	0	5933
TP1_synth_reverse		67	C	979	614598	155	26	0	124	119	616001	0	5933	1	0	0	0	0	5934
TP1_synth_reverse		68	A	615279	376	45	113	0	113	94	616020	5935	0	0	0	0	0	0	5935
TP1_synth_reverse		69	C	204	614063	476	31	0	55	1187	616016	0	5929	2	0	0	0	4	5935
TP1_synth_reverse		70	T	1242	107	62	182	0	32	614380	616005	0	0	0	0	0	0	5935	5935
TP1_synth_reverse		71	C	343	615082	436	31	0	18	92	616002	0	5935	0	0	0	0	0	5935
TP1_synth_reverse		72	C	1040	614100	70	65	0	56	665	615996	0	5933	0	0	0	0	2	5935
TP1_synth_reverse		73	G	513	315	293	614286	0	155	424	615986	1	0	0	5932	0	0	2	5935
TP1_synth_reverse		74	A	614277	97	238	77	0	86	1211	615986	5927	0	3	0	0	0	5	5935
TP1_synth_reverse		75	G	119	277	348	613877	401	25	921	615968	0	0	3	5928	2	0	2	5935
TP1_synth_reverse		76	T	3308	322	232	61	1	28	612003	615955	0	1	2	0	0	0	5932	5935
TP1_synth_reverse		77	G	112	397	97	614538	1	32	763	615940	1	0	2	5932	0	0	0	5935
TP1_synth_reverse		78	C	471	613845	788	39	482	53	257	615935	0	5927	5	0	2	0	1	5935
TP1_synth_reverse		79	G	347	906	1029	612911	3	156	564	615916	1	0	3	5931	0	0	0	5935
TP1_synth_reverse		80	G	346	241	3	614861	2	164	280	615897	1	0	0	5934	0	0	0	5935
TP1_synth_reverse		81	C	812	613512	1085	52	164	133	123	615881	2	5927	5	0	1	0	0	5935
TP1_synth_reverse		82	A	612845	64	1210	111	0	79	110	614419	5931	0	3	0	0	0	0	5934
TP1_synth_reverse		83	A	613984	81	5	116	0	168	63	614417	5934	0	0	0	0	0	0	5934
TP1_synth_reverse		84	A	613963	56	0	190	62	73	43	614387	5933	0	0	0	1	0	0	5934
TP1_synth_reverse		85	G	131	267	563	613082	4	84	171	614302	0	0	0	5934	0	0	0	5934
TP1_synth_reverse		86	C	712	613031	13	366	1	40	98	614261	0	5934	0	0	0	0	0	5934
TP1_synth_reverse		87	T	1399	83	1	83	0	75	612517	614158	0	0	0	0	0	0	5934	5934
TP1_synth_reverse		88	G	185	477	4	613233	4	94	108	614105	0	0	0	5934	0	0	0	5934
TP1_synth_reverse		89	T	1015	90	255	37	0	220	612427	614044	0	0	2	0	0	0	5932	5934
TP1_synth_reverse		90	T	1018	82	0	261	0	120	612159	613640	0	0	0	1	0	0	5933	5934
TP1_synth_reverse		91	C	476	612706	0	195	0	31	136	613544	0	5933	0	1	0	0	0	5934
TP1_synth_reverse		92	C	368	611905	0	376	0	52	234	612935	0	5933	0	0	0	0	0	5933
TP1_synth_reverse		93	G	451	231	0	611634	0	94	148	612558	2	0	0	5930	0	0	0	5932
TP1_synth_reverse		94	T	908	115	0	119	0	149	610949	612240	0	0	0	0	0	0	5932	5932
TP1_synth_reverse		95	C	0	611688	0	0	0	80	0	611768	0	5932	0	0	0	0	0	5932
TP1_synth_reverse		96	C	0	611110	0	0	0	65	0	611175	0	5932	0	0	0	0	0	5932
TP1_synth_reverse		97	C	0	609962	0	0	0	122	0	610084	0	5931	0	0	0	0	0	5931
TP1_synth_reverse		98	A	608269	0	0	0	0	0	0	608269	5928	0	0	0	0	0	0	5928
TP1_synth_reverse		99	G	0	0	0	607157	0	0	0	607157	0	0	0	5928	0	0	0	5928
