



























































































































































































































#AmpliconChromStart	Alias	Position	ProbableRef	rawA	rawC	rawD	rawG	rawI	rawN	rawT	rawDepth	consA	consC	consD	consG	consI	consN	consT	consDepth	
TP1_synth_reverse		1	G	0	0	0	606638	0	0	0	606638	0	0	0	16283	0	0	0	16283
TP1_synth_reverse		2	T	0	0	0	0	0	0	607414	607414	0	0	0	0	0	0	16312	16312
TP1_synth_reverse		3	G	0	0	0	610177	0	100	0	610277	0	0	0	16370	0	2	0	16372
TP1_synth_reverse		4	G	0	0	0	611063	0	60	0	611123	0	0	0	16401	0	2	0	16403
TP1_synth_reverse		5	T	0	0	0	0	0	176	611291	611467	0	0	0	0	0	4	16413	16417
TP1_synth_reverse		6	G	120	64	0	612446	0	31	175	612836	0	0	0	16446	0	0	3	16449
TP1_synth_reverse		7	A	613102	20	0	72	0	9	86	613289	16454	0	0	0	0	0	0	16454
TP1_synth_reverse		8	G	105	65	0	613485	0	82	122	613859	0	0	0	16458	0	0	2	16460
TP1_synth_reverse		9	G	101	98	0	613937	0	11	133	614280	0	0	0	16465	0	0	2	16467
TP1_synth_reverse		10	C	220	613818	116	16	2	27	118	614317	0	16466	2	0	0	0	0	16468
TP1_synth_reverse		11	T	301	126	375	32	227	36	613241	614338	0	0	1	0	3	0	16465	16469
TP1_synth_reverse		12	C	280	611905	1542	17	0	69	537	614350	0	16443	26	0	0	0	1	16470
TP1_synth_reverse		13	C	350	613744	26	22	1	94	113	614350	0	16467	2	0	0	1	0	16470
TP1_synth_reverse		14	C	256	613939	0	27	0	51	102	614375	0	16469	0	0	0	0	1	16470
TP1_synth_reverse		15	C	237	613350	10	51	12	45	670	614375	0	16462	2	0	1	1	4	16470
TP1_synth_reverse		16	T	516	48	1921	32	0	28	611830	614375	1	0	36	0	0	0	16433	16470
TP1_synth_reverse		17	T	589	406	1	31	0	134	613214	614375	0	3	0	0	0	0	16467	16470
TP1_synth_reverse		18	T	427	88	107	20	219	108	613406	614375	1	0	13	0	14	4	16438	16470
TP1_synth_reverse		19	C	490	613617	1468	38	39	86	119	615857	0	16424	45	0	2	0	2	16473
TP1_synth_reverse		20	T	585	71	723	42	1	46	614389	615857	2	1	22	0	0	3	16445	16473
TP1_synth_reverse		21	T	1869	109	909	81	1463	154	611286	615871	4	0	8	0	30	1	16431	16474
TP1_synth_reverse		22	G	301	619	1333	613110	144	100	264	615871	2	2	19	16449	2	0	0	16474
TP1_synth_reverse		23	C	733	613323	164	60	876	75	656	615887	0	16419	6	0	34	1	15	16475
TP1_synth_reverse		24	G	674	159	824	613809	0	60	361	615887	7	0	16	16452	0	0	0	16475
TP1_synth_reverse		25	G	298	432	115	614840	3	52	221	615961	2	1	4	16470	0	0	0	16477
TP1_synth_reverse		26	A	614288	17	408	105	929	101	113	615961	16443	0	13	0	17	4	0	16477
TP1_synth_reverse		27	G	74	165	436	614107	0	62	1117	615961	0	0	12	16463	0	0	2	16477
TP1_synth_reverse		28	A	615568	93	110	80	4	43	77	615975	16473	0	4	0	0	1	0	16478
TP1_synth_reverse		29	T	710	67	2283	52	0	6	612857	615975	0	0	37	0	0	0	16441	16478
TP1_synth_reverse		30	T	2538	170	516	11	0	48	612692	615975	7	2	4	0	0	1	16464	16478
TP1_synth_reverse		31	C	765	615009	18	36	1	19	122	615970	0	16476	1	0	0	0	1	16478
TP1_synth_reverse		32	T	923	84	202	60	222	44	614430	615965	0	0	11	0	3	0	16464	16478
TP1_synth_reverse		33	C	769	614909	127	33	1	16	108	615963	2	16470	6	0	0	0	0	16478
TP1_synth_reverse		34	T	1204	105	1253	49	0	13	613336	615960	0	0	20	0	0	0	16458	16478
TP1_synth_reverse		35	T	2837	912	409	72	406	40	611270	615946	8	11	6	0	7	1	16445	16478
TP1_synth_reverse		36	C	613	614604	526	25	0	39	138	615945	0	16464	10	0	0	0	4	16478
TP1_synth_reverse		37	C	643	613900	1146	64	5	47	136	615941	0	16466	11	0	1	0	0	16478
TP1_synth_reverse		38	T	1434	61	1150	33	0	76	613136	615890	2	0	11	0	0	0	16461	16474
TP1_synth_reverse		39	C	405	614720	425	46	163	33	97	615889	5	16462	3	0	3	0	1	16474
TP1_synth_reverse		40	T	1549	247	1565	24	254	17	612226	615882	0	9	14	0	8	0	16443	16474
TP1_synth_reverse		41	G	182	1332	1488	611017	2	18	1841	615880	2	4	8	16457	0	0	4	16475
TP1_synth_reverse		42	T	2521	100	846	36	697	92	611581	615873	2	0	8	0	6	2	16458	16476
TP1_synth_reverse		43	G	121	1283	1268	612232	28	66	878	615876	1	1	24	16447	1	1	1	16476
TP1_synth_reverse		44	C	802	613481	630	207	177	94	499	615890	3	16438	16	2	9	2	7	16477
TP1_synth_reverse		45	G	175	370	862	611398	242	47	2801	615895	0	1	17	16449	5	1	4	16477
TP1_synth_reverse		46	C	1270	614009	456	43	0	24	92	615894	1	16451	25	0	0	0	0	16477
TP1_synth_reverse		47	C	424	614695	455	33	0	4	283	615894	1	16453	21	0	0	0	2	16477
TP1_synth_reverse		48	G	172	1244	476	611343	92	11	2551	615889	2	3	21	16448	2	0	1	16477
TP1_synth_reverse		49	A	614944	229	495	51	0	37	123	615879	16557	2	22	0	0	1	0	16582
TP1_synth_reverse		50	T	2450	67	497	31	1	26	612801	615873	0	0	23	0	0	0	16559	16582
TP1_synth_reverse		51	A	614954	57	653	88	0	62	97	615911	16558	1	23	0	0	1	0	16583
TP1_synth_reverse		52	C	594	614790	318	36	1	31	145	615915	0	16571	12	0	0	0	1	16584
TP1_synth_reverse		53	A	615174	22	337	116	155	43	93	615940	16567	0	13	0	2	3	0	16585
TP1_synth_reverse		54	G	193	372	1323	613546	1	15	487	615937	0	0	24	16559	0	1	1	16585
TP1_synth_reverse		55	A	615325	171	352	105	0	43	71	616067	16577	0	6	0	0	2	0	16585
TP1_synth_reverse		56	A	615545	56	210	82	0	42	130	616065	16576	3	5	0	0	1	0	16585
TP1_synth_reverse		57	T	3255	49	820	177	0	37	611705	616043	3	0	13	0	0	0	16569	16585
TP1_synth_reverse		58	A	615302	14	525	56	0	50	179	616126	16565	0	17	0	0	1	3	16586
TP1_synth_reverse		59	T	2080	48	390	91	0	12	613497	616118	3	0	10	0	0	0	16573	16586
TP1_synth_reverse		60	C	1513	613799	497	66	12	37	196	616120	3	16570	10	0	2	1	1	16587
TP1_synth_reverse		61	T	1650	140	367	266	267	15	613171	615876	1	4	10	1	5	1	16564	16586
TP1_synth_reverse		62	G	886	292	257	613629	1	93	733	615891	8	0	9	16568	0	1	1	16587
TP1_synth_reverse		63	T	4219	108	55	35	0	25	611501	615943	11	2	6	0	0	0	16569	16588
TP1_synth_reverse		64	T	2386	57	52	83	53	74	613267	615972	0	0	6	0	3	0	16580	16589
TP1_synth_reverse		65	C	622	614958	76	40	24	78	172	615970	0	16577	7	0	4	1	0	16589
TP1_synth_reverse		66	G	506	366	31	614280	0	36	744	615963	2	1	3	16581	0	1	1	16589
TP1_synth_reverse		67	C	979	614603	155	26	0	124	119	616006	1	16577	9	0	0	2	1	16590
TP1_synth_reverse		68	A	615264	376	45	113	0	113	94	616005	16583	0	6	0	0	1	0	16590
TP1_synth_reverse		69	C	204	614048	476	31	0	55	1187	616001	1	16569	11	0	0	1	8	16590
TP1_synth_reverse		70	T	1243	107	62	182	0	32	614364	615990	0	1	5	0	0	0	16584	16590
TP1_synth_reverse		71	C	343	615068	436	30	0	18	92	615987	0	16582	8	0	0	0	0	16590
TP1_synth_reverse		72	C	1042	614083	70	65	0	56	665	615981	2	16576	7	0	0	0	5	16590
TP1_synth_reverse		73	G	514	318	293	614267	0	155	424	615971	8	0	9	16570	0	1	2	16590
TP1_synth_reverse		74	A	614262	97	238	77	0	86	1211	615971	16558	0	11	0	0	2	19	16590
TP1_synth_reverse		75	G	119	276	348	613863	401	25	921	615953	1	0	13	16560	4	0	12	16590
TP1_synth_reverse		76	T	3314	322	232	60	1	28	611983	615940	9	2	14	1	0	0	16564	16590
TP1_synth_reverse		77	G	112	399	97	614522	1	32	762	615925	1	0	9	16580	0	0	0	16590
TP1_synth_reverse		78	C	472	613829	788	39	482	53	257	615920	0	16570	11	0	5	0	4	16590
TP1_synth_reverse		79	G	348	903	1029	612897	3	156	565	615901	3	3	4	16579	0	0	1	16590
TP1_synth_reverse		80	G	347	241	3	614845	2	164	280	615882	5	0	0	16585	0	0	0	16590
TP1_synth_reverse		81	C	812	613497	1085	52	164	133	123	615866	18	16551	18	0	1	1	1	16590
TP1_synth_reverse		82	A	612826	64	1210	111	0	79	110	614400	16468	0	12	0	0	1	0	16481
TP1_synth_reverse		83	A	613965	81	5	116	0	168	63	614398	16481	0	0	0	0	0	0	16481
TP1_synth_reverse		84	A	613944	56	0	190	62	73	43	614368	16476	0	0	1	4	0	0	16481
TP1_synth_reverse		85	G	131	268	563	613062	4	84	171	614283	0	0	2	16478	0	0	1	16481
TP1_synth_reverse		86	C	713	613011	13	366	1	40	98	614242	0	16478	1	2	0	0	0	16481
TP1_synth_reverse		87	T	1400	83	1	83	0	75	612497	614139	0	0	0	0	0	0	16481	16481
TP1_synth_reverse		88	G	185	478	4	613213	4	94	109	614087	0	0	1	16478	0	2	0	16481
TP1_synth_reverse		89	T	1015	90	255	37	0	220	612409	614026	0	0	6	0	0	6	16468	16480
TP1_synth_reverse		90	T	1018	82	0	261	0	120	612141	613622	1	0	0	3	0	0	16475	16479
TP1_synth_reverse		91	C	476	612688	0	195	0	31	136	613526	0	16473	0	4	0	0	2	16479
TP1_synth_reverse		92	C	368	611887	0	376	0	52	234	612917	0	16475	0	0	0	0	0	16475
TP1_synth_reverse		93	G	451	230	0	611617	0	94	148	612540	6	0	0	16462	0	0	1	16469
TP1_synth_reverse		94	T	908	115	0	119	0	149	610931	612222	0	0	0	0	0	2	16466	16468
TP1_synth_reverse		95	C	0	611670	0	0	0	80	0	611750	0	16468	0	0	0	0	0	16468
TP1_synth_reverse		96	C	0	611092	0	0	0	65	0	611157	0	16468	0	0	0	0	0	16468
TP1_synth_reverse		97	C	0	609944	0	0	0	122	0	610066	0	16460	0	0	0	0	0	16460
TP1_synth_reverse		98	A	608253	0	0	0	0	0	0	608253	16435	0	0	0	0	0	0	16435
TP1_synth_reverse		99	G	0	0	0	607142	0	0	0	607142	0	0	0	16431	0	0	0	16431
