



























































































































































































































#AmpliconChromStart	Alias	Position	ProbableRef	rawA	rawC	rawD	rawG	rawI	rawN	rawT	rawDepth	consA	consC	consD	consG	consI	consN	consT	consDepth	
TP1_synth_reverse		1	G	0	0	0	606638	0	0	0	606638	0	0	0	3132	0	0	0	3132
TP1_synth_reverse		2	T	0	0	0	0	0	0	607414	607414	0	0	0	0	0	0	3135	3135
TP1_synth_reverse		3	G	0	0	0	610177	0	100	0	610277	0	0	0	3145	0	0	0	3145
TP1_synth_reverse		4	G	0	0	0	611063	0	60	0	611123	0	0	0	3149	0	0	0	3149
TP1_synth_reverse		5	T	0	0	0	0	0	176	611291	611467	0	0	0	0	0	0	3149	3149
TP1_synth_reverse		6	G	120	64	0	612446	0	31	175	612836	0	0	0	3153	0	0	1	3154
TP1_synth_reverse		7	A	613102	20	0	72	0	9	86	613289	3156	0	0	0	0	0	0	3156
TP1_synth_reverse		8	G	105	65	0	613485	0	82	122	613859	0	0	0	3158	0	0	1	3159
TP1_synth_reverse		9	G	101	98	0	613937	0	11	133	614280	0	0	0	3161	0	0	0	3161
TP1_synth_reverse		10	C	220	613818	116	16	2	27	118	614317	0	3160	1	0	0	0	0	3161
TP1_synth_reverse		11	T	301	126	375	32	227	36	613241	614338	0	0	0	0	2	0	3159	3161
TP1_synth_reverse		12	C	280	611905	1542	17	0	69	537	614350	0	3154	6	0	0	0	1	3161
TP1_synth_reverse		13	C	350	613744	26	22	1	94	113	614350	0	3161	0	0	0	0	0	3161
TP1_synth_reverse		14	C	256	613939	0	27	0	51	102	614375	0	3161	0	0	0	0	0	3161
TP1_synth_reverse		15	C	237	613350	10	51	12	45	670	614375	0	3160	0	0	0	0	1	3161
TP1_synth_reverse		16	T	516	48	1921	32	0	28	611830	614375	0	0	10	0	0	0	3151	3161
TP1_synth_reverse		17	T	589	406	1	31	0	134	613214	614375	0	1	0	0	0	0	3160	3161
TP1_synth_reverse		18	T	427	88	107	20	219	108	613406	614375	0	0	0	0	2	0	3159	3161
TP1_synth_reverse		19	C	490	613617	1468	38	39	86	119	615857	0	3155	7	0	0	0	0	3162
TP1_synth_reverse		20	T	585	71	723	42	1	46	614389	615857	0	0	4	0	0	0	3158	3162
TP1_synth_reverse		21	T	1869	109	909	81	1463	154	611286	615871	0	0	2	0	9	0	3151	3162
TP1_synth_reverse		22	G	301	619	1333	613110	144	100	264	615871	1	0	4	3156	1	0	0	3162
TP1_synth_reverse		23	C	733	613323	164	60	876	75	656	615887	0	3153	1	0	5	0	3	3162
TP1_synth_reverse		24	G	674	159	824	613809	0	60	361	615887	1	0	3	3158	0	0	0	3162
TP1_synth_reverse		25	G	298	432	115	614840	3	52	221	615961	1	0	1	3161	0	0	0	3163
TP1_synth_reverse		26	A	614288	17	408	105	929	101	113	615961	3152	0	4	0	7	0	0	3163
TP1_synth_reverse		27	G	74	165	436	614107	0	62	1117	615961	0	0	3	3158	0	0	2	3163
TP1_synth_reverse		28	A	615568	93	110	80	4	43	77	615975	3162	0	1	0	0	0	0	3163
TP1_synth_reverse		29	T	710	67	2283	52	0	6	612857	615975	0	0	7	0	0	0	3156	3163
TP1_synth_reverse		30	T	2538	170	516	11	0	48	612692	615975	0	1	1	0	0	0	3161	3163
TP1_synth_reverse		31	C	765	615009	18	36	1	19	122	615970	0	3163	0	0	0	0	0	3163
TP1_synth_reverse		32	T	923	84	202	60	222	44	614430	615965	0	0	1	0	1	0	3161	3163
TP1_synth_reverse		33	C	769	614909	127	33	1	16	108	615963	0	3162	1	0	0	0	0	3163
TP1_synth_reverse		34	T	1204	105	1253	49	0	13	613336	615960	0	0	6	0	0	0	3157	3163
TP1_synth_reverse		35	T	2837	912	409	72	406	40	611270	615946	0	5	1	0	1	0	3156	3163
TP1_synth_reverse		36	C	613	614604	526	25	0	39	138	615945	0	3161	2	0	0	0	0	3163
TP1_synth_reverse		37	C	643	613900	1146	64	5	47	136	615941	0	3159	4	0	0	0	0	3163
TP1_synth_reverse		38	T	1434	61	1150	33	0	76	613136	615890	0	0	4	0	0	0	3159	3163
TP1_synth_reverse		39	C	405	614720	425	46	163	33	97	615889	0	3161	1	0	1	0	0	3163
TP1_synth_reverse		40	T	1549	247	1565	24	254	17	612226	615882	0	2	4	0	1	0	3156	3163
TP1_synth_reverse		41	G	182	1332	1488	611017	2	18	1841	615880	0	0	4	3158	0	0	1	3163
TP1_synth_reverse		42	T	2521	100	846	36	697	92	611581	615873	0	0	3	0	2	0	3158	3163
TP1_synth_reverse		43	G	121	1283	1268	612232	28	66	878	615876	0	0	5	3158	0	0	0	3163
TP1_synth_reverse		44	C	802	613466	630	207	177	94	499	615875	0	3156	3	1	2	0	1	3163
TP1_synth_reverse		45	G	175	370	862	611383	242	47	2801	615880	0	0	4	3157	2	0	0	3163
TP1_synth_reverse		46	C	1270	614018	456	43	0	24	92	615903	0	3160	3	0	0	0	0	3163
TP1_synth_reverse		47	C	424	614704	455	33	0	4	283	615903	0	3160	3	0	0	0	0	3163
TP1_synth_reverse		48	G	172	1244	476	611352	92	11	2551	615898	0	0	3	3158	1	0	1	3163
TP1_synth_reverse		49	A	614953	229	495	51	0	37	123	615888	3159	1	3	0	0	0	0	3163
TP1_synth_reverse		50	T	2442	67	497	31	1	26	612824	615888	0	0	3	0	0	0	3160	3163
TP1_synth_reverse		51	A	614969	57	653	88	0	62	97	615926	3158	0	5	0	0	0	0	3163
TP1_synth_reverse		52	C	593	614806	318	36	1	31	145	615930	0	3161	2	0	0	0	0	3163
TP1_synth_reverse		53	A	615189	22	337	116	155	43	93	615955	3160	0	2	0	1	0	0	3163
TP1_synth_reverse		54	G	196	372	1323	613558	1	15	487	615952	0	0	5	3158	0	0	0	3163
TP1_synth_reverse		55	A	615340	171	352	105	0	43	71	616082	3163	0	1	0	0	0	0	3164
TP1_synth_reverse		56	A	615560	56	210	82	0	42	130	616080	3163	0	1	0	0	0	0	3164
TP1_synth_reverse		57	T	3258	49	820	178	0	37	611716	616058	0	0	2	0	0	0	3162	3164
TP1_synth_reverse		58	A	615317	14	525	56	0	50	179	616141	3165	0	0	0	0	0	0	3165
TP1_synth_reverse		59	T	2083	48	390	91	0	12	613509	616133	0	0	0	0	0	0	3165	3165
TP1_synth_reverse		60	C	1516	613811	497	66	12	37	196	616135	0	3163	1	0	0	0	1	3165
TP1_synth_reverse		61	T	1647	140	367	266	267	15	613189	615891	0	1	2	0	1	0	3162	3166
TP1_synth_reverse		62	G	889	294	257	613639	1	93	733	615906	1	0	1	3164	0	0	0	3166
TP1_synth_reverse		63	T	4221	108	55	36	0	25	611453	615898	0	0	0	0	0	0	3166	3166
TP1_synth_reverse		64	T	2387	57	52	83	53	74	613221	615927	0	0	0	0	0	0	3166	3166
TP1_synth_reverse		65	C	622	614913	76	40	24	78	172	615925	0	3166	0	0	0	0	0	3166
TP1_synth_reverse		66	G	504	366	31	614235	0	36	746	615918	0	0	0	3166	0	0	0	3166
TP1_synth_reverse		67	C	981	614556	155	26	0	124	119	615961	0	3166	1	0	0	0	0	3167
TP1_synth_reverse		68	A	615219	376	45	113	0	113	94	615960	3167	0	0	0	0	0	0	3167
TP1_synth_reverse		69	C	204	614004	476	31	0	55	1186	615956	0	3162	2	0	0	0	3	3167
TP1_synth_reverse		70	T	1241	107	62	183	0	32	614320	615945	0	0	0	0	0	0	3167	3167
TP1_synth_reverse		71	C	346	615020	436	30	0	18	92	615942	0	3167	0	0	0	0	0	3167
TP1_synth_reverse		72	C	1041	614039	70	65	0	56	665	615936	0	3165	0	0	0	0	2	3167
TP1_synth_reverse		73	G	514	316	293	614224	0	155	424	615926	1	0	0	3164	0	0	2	3167
TP1_synth_reverse		74	A	614217	97	238	77	0	86	1211	615926	3163	0	2	0	0	0	2	3167
TP1_synth_reverse		75	G	119	278	348	613815	401	25	922	615908	0	0	2	3161	2	0	2	3167
TP1_synth_reverse		76	T	3315	322	232	61	1	28	611936	615895	0	1	2	0	0	0	3164	3167
TP1_synth_reverse		77	G	112	398	97	614477	1	32	763	615880	0	0	0	3167	0	0	0	3167
TP1_synth_reverse		78	C	472	613784	788	39	482	53	257	615875	0	3161	4	0	2	0	0	3167
TP1_synth_reverse		79	G	347	906	1029	612848	3	156	567	615856	1	0	3	3163	0	0	0	3167
TP1_synth_reverse		80	G	346	241	3	614801	2	164	280	615837	0	0	0	3167	0	0	0	3167
TP1_synth_reverse		81	C	813	613452	1085	52	163	133	123	615821	2	3160	4	0	1	0	0	3167
TP1_synth_reverse		82	A	612777	64	1210	111	0	79	110	614351	3163	0	3	0	0	0	0	3166
TP1_synth_reverse		83	A	613917	81	5	115	0	168	63	614349	3166	0	0	0	0	0	0	3166
TP1_synth_reverse		84	A	613895	56	0	190	62	73	43	614319	3166	0	0	0	0	0	0	3166
TP1_synth_reverse		85	G	131	267	563	613014	4	84	171	614234	0	0	0	3166	0	0	0	3166
TP1_synth_reverse		86	C	712	612964	13	365	1	40	98	614193	0	3166	0	0	0	0	0	3166
TP1_synth_reverse		87	T	1400	83	1	83	0	75	612448	614090	0	0	0	0	0	0	3166	3166
TP1_synth_reverse		88	G	185	478	4	613165	4	94	108	614038	0	0	0	3166	0	0	0	3166
TP1_synth_reverse		89	T	1015	90	255	37	0	220	612360	613977	0	0	1	0	0	0	3165	3166
TP1_synth_reverse		90	T	1018	82	0	260	0	120	612093	613573	0	0	0	1	0	0	3165	3166
TP1_synth_reverse		91	C	476	612641	0	193	0	31	136	613477	0	3165	0	1	0	0	0	3166
TP1_synth_reverse		92	C	368	611838	0	376	0	52	234	612868	0	3166	0	0	0	0	0	3166
TP1_synth_reverse		93	G	451	230	0	611569	0	94	148	612492	1	0	0	3165	0	0	0	3166
TP1_synth_reverse		94	T	908	115	0	118	0	149	610884	612174	0	0	0	0	0	0	3166	3166
TP1_synth_reverse		95	C	0	611622	0	0	0	80	0	611702	0	3166	0	0	0	0	0	3166
TP1_synth_reverse		96	C	0	611045	0	0	0	65	0	611110	0	3166	0	0	0	0	0	3166
TP1_synth_reverse		97	C	0	609897	0	0	0	122	0	610019	0	3166	0	0	0	0	0	3166
TP1_synth_reverse		98	A	608206	0	0	0	0	0	0	608206	3166	0	0	0	0	0	0	3166
TP1_synth_reverse		99	G	0	0	0	607095	0	0	0	607095	0	0	0	3166	0	0	0	3166
