



























































































































































































































#AmpliconChromStart	Alias	Position	ProbableRef	rawA	rawC	rawD	rawG	rawI	rawN	rawT	rawDepth	consA	consC	consD	consG	consI	consN	consT	consDepth	
TP1_synth_reverse		1	G	0	0	0	606638	0	0	0	606638	0	0	0	47820	0	0	0	47820
TP1_synth_reverse		2	T	0	0	0	0	0	0	607414	607414	0	0	0	0	0	0	48220	48220
TP1_synth_reverse		3	G	0	0	0	610177	0	100	0	610277	0	0	0	48739	0	36	0	48775
TP1_synth_reverse		4	G	0	0	0	611063	0	60	0	611123	0	0	0	49149	0	4	0	49153
TP1_synth_reverse		5	T	0	0	0	0	0	176	611291	611467	0	0	0	0	0	63	49382	49445
TP1_synth_reverse		6	G	120	64	0	612446	0	31	175	612836	10	17	0	49831	0	17	31	49906
TP1_synth_reverse		7	A	613102	20	0	72	0	9	86	613289	49967	4	0	3	0	0	5	49979
TP1_synth_reverse		8	G	105	65	0	613485	0	82	122	613859	7	13	0	49979	0	3	26	50028
TP1_synth_reverse		9	G	101	98	0	613937	0	11	133	614280	7	35	0	49997	0	0	30	50069
TP1_synth_reverse		10	C	220	613818	116	16	2	27	118	614317	50	50037	6	0	2	1	6	50102
TP1_synth_reverse		11	T	301	126	375	32	227	36	613241	614338	85	11	11	3	14	28	49970	50122
TP1_synth_reverse		12	C	280	611905	1542	17	0	69	537	614350	69	49937	70	2	0	29	25	50132
TP1_synth_reverse		13	C	350	613763	26	22	1	94	113	614369	83	50020	4	2	0	29	11	50149
TP1_synth_reverse		14	C	256	613958	0	27	0	51	102	614394	50	50114	0	1	0	4	5	50174
TP1_synth_reverse		15	C	237	613369	10	51	12	45	670	614394	61	50059	2	7	7	17	21	50174
TP1_synth_reverse		16	T	516	48	1921	32	0	28	611849	614394	156	1	130	1	0	13	49873	50174
TP1_synth_reverse		17	T	589	406	1	31	0	134	613233	614394	210	24	1	4	0	66	49869	50174
TP1_synth_reverse		18	T	427	88	107	20	219	108	613425	614394	125	1	26	1	30	38	49953	50174
TP1_synth_reverse		19	C	490	613636	1468	38	39	86	119	615876	203	49947	132	6	6	31	11	50336
TP1_synth_reverse		20	T	585	71	723	42	1	46	614408	615876	197	6	67	10	0	17	50039	50336
TP1_synth_reverse		21	T	1871	109	909	81	1463	154	611303	615890	723	11	35	4	91	26	49455	50345
TP1_synth_reverse		22	G	301	619	1333	613128	144	100	265	615890	27	343	91	49807	8	10	59	50345
TP1_synth_reverse		23	C	733	613326	164	60	876	75	656	615890	259	49874	16	4	101	39	52	50345
TP1_synth_reverse		24	G	676	159	824	613810	0	60	361	615890	52	68	57	50061	0	20	87	50345
TP1_synth_reverse		25	G	298	432	115	614843	3	52	221	615964	61	218	12	50001	1	2	61	50356
TP1_synth_reverse		26	A	614306	17	408	105	929	101	113	615979	50241	2	40	3	57	17	3	50363
TP1_synth_reverse		27	G	74	165	436	614125	0	62	1117	615979	8	54	33	49951	0	20	297	50363
TP1_synth_reverse		28	A	615586	93	110	80	4	43	77	615993	50314	11	10	4	0	27	1	50367
TP1_synth_reverse		29	T	711	67	2283	53	0	6	612873	615993	236	4	132	14	0	2	49979	50367
TP1_synth_reverse		30	T	2535	170	516	11	0	48	612713	615993	992	11	16	2	0	30	49316	50367
TP1_synth_reverse		31	C	766	615026	18	36	1	19	122	615988	324	50018	4	9	1	5	4	50365
TP1_synth_reverse		32	T	925	84	202	60	222	44	614446	615983	277	4	31	17	17	11	50007	50364
TP1_synth_reverse		33	C	769	614927	127	33	1	16	108	615981	340	49995	18	3	1	1	4	50362
TP1_synth_reverse		34	T	1202	105	1253	49	0	13	613356	615978	331	5	70	8	0	8	49937	50359
TP1_synth_reverse		35	T	2838	912	409	72	406	40	611287	615964	1096	38	32	8	19	6	49151	50350
TP1_synth_reverse		36	C	611	614624	526	25	0	39	138	615963	164	50106	45	7	0	8	20	50350
TP1_synth_reverse		37	C	644	613917	1146	64	5	47	136	615959	163	50098	60	9	4	7	7	50348
TP1_synth_reverse		38	T	1434	61	1150	33	0	76	613154	615908	496	1	61	4	0	2	49762	50326
TP1_synth_reverse		39	C	406	614737	425	46	163	33	97	615907	99	50187	18	6	8	2	6	50326
TP1_synth_reverse		40	T	1550	247	1565	24	254	17	612243	615900	447	20	73	4	16	0	49762	50322
TP1_synth_reverse		41	G	182	1332	1488	611032	2	18	1844	615898	20	598	53	49261	1	8	379	50320
TP1_synth_reverse		42	T	2523	100	846	36	697	92	611597	615891	947	9	45	9	36	28	49242	50316
TP1_synth_reverse		43	G	120	1284	1268	612247	28	66	881	615894	9	394	79	49649	4	15	170	50320
TP1_synth_reverse		44	C	803	613483	630	207	177	94	499	615893	283	49896	40	10	21	30	40	50320
TP1_synth_reverse		45	G	175	370	862	611397	242	47	2805	615898	13	124	43	49568	14	4	560	50326
TP1_synth_reverse		46	C	1273	614009	456	43	0	24	92	615897	564	49690	48	11	0	9	4	50326
TP1_synth_reverse		47	C	424	614697	455	33	0	4	284	615897	132	50116	42	7	0	2	27	50326
TP1_synth_reverse		48	G	172	1242	476	611347	92	11	2552	615892	18	607	44	49063	2	0	587	50321
TP1_synth_reverse		49	A	614947	229	495	51	0	37	123	615882	51361	19	47	3	0	4	11	51445
TP1_synth_reverse		50	T	2438	67	497	31	1	26	612816	615876	557	1	51	5	1	12	50816	51443
TP1_synth_reverse		51	A	614957	57	653	88	0	62	97	615914	51357	19	54	4	0	27	7	51468
TP1_synth_reverse		52	C	593	614785	318	36	1	31	145	615909	256	51170	20	7	0	5	8	51466
TP1_synth_reverse		53	A	615168	22	337	116	155	43	93	615934	51407	3	24	5	12	21	10	51482
TP1_synth_reverse		54	G	194	373	1323	613538	1	15	487	615931	45	89	84	51136	0	2	125	51481
TP1_synth_reverse		55	A	615319	171	352	105	0	43	71	616061	51409	33	14	3	0	23	4	51486
TP1_synth_reverse		56	A	615539	56	210	82	0	42	130	616059	51422	16	10	6	0	10	21	51485
TP1_synth_reverse		57	T	3261	49	820	177	0	37	611693	616037	625	2	47	35	0	22	50745	51476
TP1_synth_reverse		58	A	615296	14	525	56	0	50	179	616120	51381	0	56	1	0	26	13	51477
TP1_synth_reverse		59	T	2082	48	390	91	0	12	613489	616112	449	6	36	18	0	5	50961	51475
TP1_synth_reverse		60	C	1515	613791	497	66	12	37	196	616114	458	50956	38	7	3	6	5	51473
TP1_synth_reverse		61	T	1647	140	367	266	267	15	613168	615870	364	16	33	50	23	2	50969	51457
TP1_synth_reverse		62	G	885	292	257	613625	1	93	732	615885	164	68	41	50840	1	19	322	51455
TP1_synth_reverse		63	T	4216	108	55	35	0	25	611498	615937	1286	9	18	9	0	1	50132	51455
TP1_synth_reverse		64	T	2383	57	52	83	53	74	613263	615965	477	4	18	9	5	3	50945	51461
TP1_synth_reverse		65	C	620	614970	76	40	24	78	172	615980	135	51275	21	3	8	13	7	51462
TP1_synth_reverse		66	G	503	366	31	614293	0	36	744	615973	110	117	11	50923	0	21	279	51461
TP1_synth_reverse		67	C	978	614614	155	26	0	124	119	616016	408	50986	25	4	0	34	7	51464
TP1_synth_reverse		68	A	615274	376	45	113	0	113	94	616015	51339	69	21	12	0	14	9	51464
TP1_synth_reverse		69	C	204	614058	476	31	0	55	1187	616011	51	51289	41	3	0	30	47	51461
TP1_synth_reverse		70	T	1243	107	62	182	0	32	614374	616000	311	11	19	25	0	5	51082	51453
TP1_synth_reverse		71	C	343	615077	436	31	0	18	92	615997	81	51328	30	4	0	3	5	51451
TP1_synth_reverse		72	C	1041	614094	70	65	0	56	665	615991	448	50909	23	14	0	18	36	51448
TP1_synth_reverse		73	G	513	316	293	614280	0	155	424	615981	100	69	36	51150	0	38	51	51444
TP1_synth_reverse		74	A	614272	97	238	77	0	86	1211	615981	51305	7	35	3	0	7	87	51444
TP1_synth_reverse		75	G	119	276	348	613872	401	25	922	615963	14	89	55	51161	19	8	91	51437
TP1_synth_reverse		76	T	3309	322	232	60	1	28	611998	615950	1123	14	36	10	0	15	50233	51431
TP1_synth_reverse		77	G	112	397	97	614533	1	32	763	615935	13	129	19	51030	1	22	206	51420
TP1_synth_reverse		78	C	471	613840	788	39	482	53	257	615930	115	51175	44	4	30	32	18	51418
TP1_synth_reverse		79	G	347	904	1029	612907	3	156	565	615911	34	487	43	50695	1	12	136	51408
TP1_synth_reverse		80	G	346	241	3	614856	2	164	280	615892	67	86	0	51160	1	15	68	51397
TP1_synth_reverse		81	C	812	613507	1085	52	164	133	123	615876	108	51173	67	3	11	17	7	51386
TP1_synth_reverse		82	A	612844	64	1210	111	0	79	110	614418	50003	14	62	9	0	15	10	50113
TP1_synth_reverse		83	A	613983	81	5	116	0	168	63	614416	50082	5	0	8	0	14	3	50112
TP1_synth_reverse		84	A	613962	56	0	190	62	73	43	614386	50060	4	0	18	13	12	1	50108
TP1_synth_reverse		85	G	131	267	563	613081	4	84	171	614301	13	67	25	49912	1	25	33	50076
TP1_synth_reverse		86	C	712	613030	13	366	1	40	98	614260	78	49956	1	21	0	7	3	50066
TP1_synth_reverse		87	T	1398	83	1	83	0	75	612517	614157	285	2	0	6	0	23	49722	50038
TP1_synth_reverse		88	G	185	478	4	613231	4	94	108	614104	23	39	2	49919	0	15	24	50022
TP1_synth_reverse		89	T	1015	90	255	37	0	220	612426	614043	172	7	19	3	0	63	49740	50004
TP1_synth_reverse		90	T	1017	82	0	261	0	120	612159	613639	156	3	0	26	0	12	49742	49939
TP1_synth_reverse		91	C	476	612705	0	195	0	31	136	613543	97	49779	0	23	0	0	14	49913
TP1_synth_reverse		92	C	368	611904	0	376	0	52	234	612934	52	49782	0	23	0	5	12	49874
TP1_synth_reverse		93	G	451	231	0	611634	0	94	148	612558	57	55	0	49671	0	16	25	49824
TP1_synth_reverse		94	T	909	115	0	119	0	149	610948	612240	157	4	0	14	0	26	49582	49783
TP1_synth_reverse		95	C	0	611688	0	0	0	80	0	611768	0	49702	0	0	0	25	0	49727
TP1_synth_reverse		96	C	0	611110	0	0	0	65	0	611175	0	49632	0	0	0	18	0	49650
TP1_synth_reverse		97	C	0	609963	0	0	0	122	0	610085	0	49539	0	0	0	27	0	49566
TP1_synth_reverse		98	A	608272	0	0	0	0	0	0	608272	49407	0	0	0	0	0	0	49407
TP1_synth_reverse		99	G	0	0	0	607161	0	0	0	607161	0	0	0	49307	0	0	0	49307
