



























































































































































































































#AmpliconChromStart	Alias	Position	ProbableRef	rawA	rawC	rawD	rawG	rawI	rawN	rawT	rawDepth	consA	consC	consD	consG	consI	consN	consT	consDepth	
TP1_synth_reverse		1	G	0	0	0	920917	0	0	0	920917	0	0	0	21288	0	0	0	21288
TP1_synth_reverse		2	T	0	0	0	0	0	0	923057	923057	0	0	0	0	0	0	21310	21310
TP1_synth_reverse		3	G	0	0	0	926645	0	111	0	926756	0	0	0	21375	0	0	0	21375
TP1_synth_reverse		4	G	0	0	0	927692	0	70	0	927762	0	0	0	21394	0	0	0	21394
TP1_synth_reverse		5	T	0	0	0	0	0	23	928501	928524	0	0	0	0	0	0	21401	21401
TP1_synth_reverse		6	G	113	89	0	929039	0	16	308	929565	0	0	0	21407	0	0	3	21410
TP1_synth_reverse		7	A	929649	24	0	111	0	82	156	930022	21418	0	0	0	0	0	0	21418
TP1_synth_reverse		8	G	158	66	0	930746	0	107	466	931543	1	0	0	21438	0	0	7	21446
TP1_synth_reverse		9	G	197	145	0	931050	36	32	307	931767	3	0	0	21449	0	0	2	21454
TP1_synth_reverse		10	C	319	931238	18	28	21	32	143	931799	1	21452	0	0	1	0	1	21455
TP1_synth_reverse		11	T	197	231	422	15	909	35	930014	931823	0	1	7	0	10	0	21437	21455
TP1_synth_reverse		12	C	304	929984	1262	33	2	80	172	931837	0	21433	23	0	0	0	0	21456
TP1_synth_reverse		13	C	478	931110	2	29	2	116	100	931837	0	21456	0	0	0	0	0	21456
TP1_synth_reverse		14	C	405	931206	0	22	1	44	169	931847	0	21456	0	0	0	0	0	21456
TP1_synth_reverse		15	C	399	930476	197	42	552	77	115	931858	1	21446	4	0	4	0	1	21456
TP1_synth_reverse		16	T	341	93	1493	18	2	229	929702	931878	0	0	31	0	0	0	21426	21457
TP1_synth_reverse		17	T	339	225	508	6	0	63	930737	931878	0	2	12	0	0	0	21443	21457
TP1_synth_reverse		18	T	356	147	331	7	251	79	930707	931878	0	0	9	0	3	0	21445	21457
TP1_synth_reverse		19	C	382	930152	616	26	502	87	228	931993	0	21422	15	0	10	0	11	21458
TP1_synth_reverse		20	T	273	85	1349	21	0	35	930230	931993	1	0	28	0	0	0	21429	21458
TP1_synth_reverse		21	T	474	180	545	62	1908	117	928707	931993	0	2	13	0	41	0	21402	21458
TP1_synth_reverse		22	G	815	401	1156	929180	142	28	271	931993	6	0	21	21428	3	0	0	21458
TP1_synth_reverse		23	C	579	926425	645	61	3447	33	810	932000	0	21360	15	1	72	0	11	21459
TP1_synth_reverse		24	G	509	183	1316	929152	4	53	783	932000	2	1	32	21422	0	0	2	21459
TP1_synth_reverse		25	G	205	629	1025	929087	180	142	746	932014	2	0	18	21433	3	0	5	21461
TP1_synth_reverse		26	A	928453	11	1459	179	1768	45	127	932042	21397	0	27	0	39	0	0	21463
TP1_synth_reverse		27	G	88	773	536	930287	70	38	250	932042	1	0	15	21444	2	0	1	21463
TP1_synth_reverse		28	A	930187	239	1152	133	165	32	134	932042	21433	2	25	1	2	0	0	21463
TP1_synth_reverse		29	T	290	173	1410	118	0	166	929885	932042	0	1	35	0	0	0	21427	21463
TP1_synth_reverse		30	T	948	182	849	90	2	130	929841	932042	0	3	23	1	0	0	21436	21463
TP1_synth_reverse		31	C	520	930368	838	44	2	82	172	932026	0	21436	24	0	0	0	3	21463
TP1_synth_reverse		32	T	563	251	1313	53	66	382	929390	932018	0	7	32	0	1	1	21422	21463
TP1_synth_reverse		33	C	526	929570	1338	49	152	139	241	932015	1	21426	30	0	3	0	3	21463
TP1_synth_reverse		34	T	768	290	1025	91	0	107	929679	931960	0	3	29	0	0	0	21432	21464
TP1_synth_reverse		35	T	1440	163	875	62	259	86	929058	931943	0	1	19	0	4	0	21440	21464
TP1_synth_reverse		36	C	535	928936	2120	25	1	70	255	931942	0	21416	43	0	0	0	5	21464
TP1_synth_reverse		37	C	569	929268	891	50	261	87	635	931761	0	21423	21	0	4	0	15	21463
TP1_synth_reverse		38	T	675	587	1180	242	38	26	929002	931750	0	7	25	0	2	0	21429	21463
TP1_synth_reverse		39	C	416	929452	1352	44	2	92	365	931723	0	21430	28	0	0	0	4	21462
TP1_synth_reverse		40	T	1259	226	1633	30	1891	164	926517	931720	0	3	32	0	38	0	21389	21462
TP1_synth_reverse		41	G	642	557	1879	928061	9	32	409	931589	3	0	41	21417	0	0	1	21462
TP1_synth_reverse		42	T	2237	342	1131	27	852	77	926969	931635	0	4	28	0	13	0	21420	21465
TP1_synth_reverse		43	G	1148	455	1145	928022	124	396	510	931800	7	0	20	21434	4	0	2	21467
TP1_synth_reverse		44	C	519	925940	2630	62	855	169	1620	931795	0	21381	40	0	20	0	26	21467
TP1_synth_reverse		45	G	567	361	1773	926810	674	67	1455	931707	4	0	38	21410	13	0	2	21467
TP1_synth_reverse		46	C	794	927156	2992	51	2	10	699	931704	0	21409	46	0	1	0	11	21467
TP1_synth_reverse		47	C	354	928660	1502	42	622	39	503	931722	0	21426	25	0	12	0	7	21470
TP1_synth_reverse		48	G	457	644	1717	927752	111	55	961	931697	4	2	27	21436	1	0	0	21470
TP1_synth_reverse		49	A	929119	60	1897	267	6	215	135	931699	21439	1	29	1	0	0	0	21470
TP1_synth_reverse		50	T	1152	231	2188	401	34	131	927412	931549	3	1	39	2	0	0	21420	21465
TP1_synth_reverse		51	A	928769	83	2124	146	151	145	144	931562	21417	3	39	4	3	0	0	21466
TP1_synth_reverse		52	C	552	928259	1826	189	145	304	225	931500	0	21423	31	1	4	1	4	21464
TP1_synth_reverse		53	A	927081	22	2900	191	641	331	281	931447	21398	0	50	0	15	0	1	21464
TP1_synth_reverse		54	G	440	254	2271	927843	278	108	238	931432	9	1	38	21412	4	0	0	21464
TP1_synth_reverse		55	A	927458	203	3385	289	0	147	100	931582	21411	1	53	1	0	0	0	21466
TP1_synth_reverse		56	A	929818	13	1247	174	0	119	322	931693	21438	0	29	0	0	0	2	21469
TP1_synth_reverse		57	T	1791	75	1503	260	80	264	927687	931660	0	0	35	0	2	0	21432	21469
TP1_synth_reverse		58	A	929778	20	1285	111	9	307	160	931670	21433	0	37	0	1	0	0	21471
TP1_synth_reverse		59	T	985	169	1481	99	128	403	928379	931644	0	3	42	0	2	0	21424	21471
TP1_synth_reverse		60	C	863	928240	1808	189	2	268	260	931630	2	21411	52	1	0	0	5	21471
TP1_synth_reverse		61	T	1269	155	1775	54	216	245	927902	931616	0	1	49	0	1	0	21420	21471
TP1_synth_reverse		62	G	660	267	1904	927977	10	365	414	931597	5	0	50	21414	1	0	1	21471
TP1_synth_reverse		63	T	2130	81	2291	15	0	208	926867	931592	0	0	52	0	0	0	21419	21471
TP1_synth_reverse		64	T	1908	424	1731	27	1	57	927570	931718	0	3	40	0	0	0	21432	21475
TP1_synth_reverse		65	C	1209	926663	2973	47	358	161	292	931703	2	21397	64	0	9	0	3	21475
TP1_synth_reverse		66	G	763	393	2285	927588	0	73	595	931697	9	0	50	21412	0	0	4	21475
TP1_synth_reverse		67	C	927	927733	2528	54	1	236	126	931605	0	21422	51	0	0	1	0	21474
TP1_synth_reverse		68	A	928159	252	2778	155	0	103	83	931530	21413	2	59	1	0	0	0	21475
TP1_synth_reverse		69	C	324	927170	3143	46	2	70	1198	931953	0	21409	53	0	0	0	16	21478
TP1_synth_reverse		70	T	1159	281	2742	53	56	115	927532	931938	0	5	42	0	2	0	21429	21478
TP1_synth_reverse		71	C	399	926551	4265	31	0	339	348	931933	1	21412	60	0	0	0	5	21478
TP1_synth_reverse		72	C	756	927962	2332	54	383	154	280	931921	1	21431	42	0	2	0	2	21478
TP1_synth_reverse		73	G	663	521	2884	927171	2	342	326	931909	10	0	53	21415	0	0	0	21478
TP1_synth_reverse		74	A	928348	77	2992	148	48	134	104	931851	21418	1	53	3	2	0	1	21478
TP1_synth_reverse		75	G	293	448	3279	927475	0	90	256	931841	4	0	52	21419	0	0	3	21478
TP1_synth_reverse		76	T	962	180	2800	58	302	67	927450	931819	0	3	46	0	5	0	21424	21478
TP1_synth_reverse		77	G	935	372	2244	927686	140	77	343	931797	6	1	39	21430	0	0	2	21478
TP1_synth_reverse		78	C	518	926135	2175	148	488	487	1838	931789	0	21391	47	2	9	0	29	21478
TP1_synth_reverse		79	G	485	596	3183	926528	2	149	752	931695	3	1	54	21408	0	0	5	21471
TP1_synth_reverse		80	G	1085	288	987	928613	0	140	558	931671	10	1	25	21432	0	0	3	21471
TP1_synth_reverse		81	C	467	929030	1401	115	132	120	391	931656	5	21431	31	0	0	0	4	21471
TP1_synth_reverse		82	A	927711	244	3235	148	0	70	149	931557	21418	3	50	0	0	0	0	21471
TP1_synth_reverse		83	A	930388	66	676	96	0	225	104	931555	21455	0	16	0	0	0	0	21471
TP1_synth_reverse		84	A	930630	89	261	198	0	256	81	931515	21466	0	5	0	0	0	0	21471
TP1_synth_reverse		85	G	194	327	287	930322	3	111	159	931403	1	0	1	21469	0	0	0	21471
TP1_synth_reverse		86	C	780	930264	70	36	37	83	85	931355	1	21469	1	0	0	0	0	21471
TP1_synth_reverse		87	T	1310	105	188	54	0	320	929311	931288	1	0	2	0	0	0	21468	21471
TP1_synth_reverse		88	G	222	545	335	929592	121	173	230	931218	3	0	3	21464	1	0	0	21471
TP1_synth_reverse		89	T	698	108	233	26	0	60	930043	931168	0	0	3	0	0	0	21468	21471
TP1_synth_reverse		90	T	611	118	1	89	1	88	929782	930690	0	0	0	0	0	0	21470	21470
TP1_synth_reverse		91	C	584	929221	0	326	1	303	170	930605	0	21466	0	3	0	0	1	21470
TP1_synth_reverse		92	C	470	928242	0	245	0	422	321	929700	1	21459	0	4	0	0	1	21465
TP1_synth_reverse		93	G	334	365	0	927692	0	188	209	928788	4	0	0	21450	0	0	1	21455
TP1_synth_reverse		94	T	559	123	0	57	0	84	927703	928526	0	0	0	0	0	0	21455	21455
TP1_synth_reverse		95	C	0	927783	0	0	0	176	0	927959	0	21453	0	0	0	0	0	21453
TP1_synth_reverse		96	C	0	926975	0	0	0	116	0	927091	0	21450	0	0	0	0	0	21450
TP1_synth_reverse		97	C	0	925619	0	0	0	167	0	925786	0	21444	0	0	0	0	0	21444
TP1_synth_reverse		98	A	922281	0	0	0	0	0	0	922281	21430	0	0	0	0	0	0	21430
TP1_synth_reverse		99	G	0	0	0	920098	0	0	0	920098	0	0	0	21421	0	0	0	21421
