



























































































































































































































#AmpliconChromStart	Alias	Position	ProbableRef	rawA	rawC	rawD	rawG	rawI	rawN	rawT	rawDepth	consA	consC	consD	consG	consI	consN	consT	consDepth	
TP1_synth_reverse		1	G	0	0	0	920917	0	0	0	920917	0	0	0	13032	0	0	0	13032
TP1_synth_reverse		2	T	0	0	0	0	0	0	923057	923057	0	0	0	0	0	0	13046	13046
TP1_synth_reverse		3	G	0	0	0	926645	0	111	0	926756	0	0	0	13085	0	0	0	13085
TP1_synth_reverse		4	G	0	0	0	927692	0	70	0	927762	0	0	0	13097	0	0	0	13097
TP1_synth_reverse		5	T	0	0	0	0	0	23	928501	928524	0	0	0	0	0	0	13104	13104
TP1_synth_reverse		6	G	113	89	0	929039	0	16	308	929565	0	0	0	13108	0	0	3	13111
TP1_synth_reverse		7	A	929649	24	0	111	0	82	156	930022	13116	0	0	0	0	0	0	13116
TP1_synth_reverse		8	G	158	66	0	930746	0	107	466	931543	1	0	0	13130	0	0	5	13136
TP1_synth_reverse		9	G	197	145	0	931050	36	32	307	931767	2	0	0	13136	0	0	2	13140
TP1_synth_reverse		10	C	319	931238	18	28	21	32	143	931799	1	13138	0	0	1	0	1	13141
TP1_synth_reverse		11	T	197	231	422	15	909	35	930014	931823	0	1	4	0	9	0	13127	13141
TP1_synth_reverse		12	C	304	929984	1262	33	2	80	172	931837	0	13126	15	0	0	0	0	13141
TP1_synth_reverse		13	C	478	931110	2	29	2	116	100	931837	0	13141	0	0	0	0	0	13141
TP1_synth_reverse		14	C	405	931206	0	22	1	44	169	931847	0	13141	0	0	0	0	0	13141
TP1_synth_reverse		15	C	399	930476	197	42	552	77	115	931858	1	13133	3	0	4	0	0	13141
TP1_synth_reverse		16	T	341	93	1493	18	2	229	929702	931878	0	0	15	0	0	0	13126	13141
TP1_synth_reverse		17	T	339	225	508	6	0	63	930737	931878	0	1	6	0	0	0	13134	13141
TP1_synth_reverse		18	T	356	147	331	7	251	79	930707	931878	0	0	4	0	3	0	13134	13141
TP1_synth_reverse		19	C	382	930152	616	26	502	87	228	931993	0	13124	9	0	6	0	3	13142
TP1_synth_reverse		20	T	273	85	1349	21	0	35	930230	931993	1	0	16	0	0	0	13125	13142
TP1_synth_reverse		21	T	474	180	545	62	1908	117	928707	931993	0	1	10	0	25	0	13106	13142
TP1_synth_reverse		22	G	815	401	1156	929188	142	28	271	932001	5	0	16	13119	2	0	0	13142
TP1_synth_reverse		23	C	579	926426	645	61	3447	33	810	932001	0	13080	11	1	42	0	8	13142
TP1_synth_reverse		24	G	509	183	1316	929153	4	53	783	932001	1	0	17	13122	0	0	2	13142
TP1_synth_reverse		25	G	205	629	1025	929088	180	142	746	932015	1	0	13	13124	1	0	3	13142
TP1_synth_reverse		26	A	928454	11	1459	179	1768	45	127	932043	13108	0	15	0	20	0	0	13143
TP1_synth_reverse		27	G	88	775	536	930286	70	38	250	932043	0	0	6	13136	1	0	0	13143
TP1_synth_reverse		28	A	930188	239	1152	133	165	32	134	932043	13126	2	13	1	1	0	0	13143
TP1_synth_reverse		29	T	290	173	1410	118	0	166	929886	932043	0	1	17	0	0	0	13125	13143
TP1_synth_reverse		30	T	950	182	849	90	2	130	929840	932043	0	1	11	1	0	0	13130	13143
TP1_synth_reverse		31	C	520	930369	838	44	2	82	172	932027	0	13129	13	0	0	0	1	13143
TP1_synth_reverse		32	T	563	251	1313	53	66	382	929391	932019	0	4	17	0	1	0	13121	13143
TP1_synth_reverse		33	C	526	929572	1338	49	152	139	241	932017	1	13120	17	0	3	0	2	13143
TP1_synth_reverse		34	T	770	290	1025	91	0	107	929679	931962	0	2	16	0	0	0	13126	13144
TP1_synth_reverse		35	T	1439	163	875	62	259	86	929061	931945	0	1	12	0	3	0	13128	13144
TP1_synth_reverse		36	C	535	928938	2120	25	1	70	255	931944	0	13115	26	0	0	0	3	13144
TP1_synth_reverse		37	C	569	929265	891	50	261	87	635	931758	0	13123	13	0	2	0	6	13144
TP1_synth_reverse		38	T	673	587	1180	242	38	26	929001	931747	0	5	17	0	1	0	13121	13144
TP1_synth_reverse		39	C	416	929449	1352	44	2	92	365	931720	0	13122	18	0	0	0	3	13143
TP1_synth_reverse		40	T	1260	226	1633	30	1890	164	926514	931717	0	2	22	0	20	0	13099	13143
TP1_synth_reverse		41	G	642	556	1879	928059	9	32	409	931586	1	0	26	13115	0	0	1	13143
TP1_synth_reverse		42	T	2237	342	1131	27	852	77	926966	931632	0	3	14	0	10	0	13117	13144
TP1_synth_reverse		43	G	1148	455	1145	928019	124	396	510	931797	6	0	12	13125	1	0	2	13146
TP1_synth_reverse		44	C	518	925938	2630	62	855	169	1620	931792	0	13099	22	0	11	0	14	13146
TP1_synth_reverse		45	G	567	359	1773	926809	674	67	1455	931704	4	0	21	13112	7	0	2	13146
TP1_synth_reverse		46	C	794	927153	2992	51	2	10	699	931701	0	13105	33	0	1	0	7	13146
TP1_synth_reverse		47	C	354	928657	1502	42	622	39	503	931719	0	13115	18	0	10	0	3	13146
TP1_synth_reverse		48	G	456	645	1717	927748	111	55	962	931694	3	2	19	13121	1	0	0	13146
TP1_synth_reverse		49	A	929116	60	1897	267	6	215	135	931696	13123	0	21	1	0	0	0	13145
TP1_synth_reverse		50	T	1152	231	2188	401	34	131	927409	931546	2	1	27	2	0	0	13111	13143
TP1_synth_reverse		51	A	928766	83	2124	146	151	145	144	931559	13112	1	27	1	2	0	0	13143
TP1_synth_reverse		52	C	551	928257	1826	189	145	304	225	931497	0	13114	23	1	2	0	2	13142
TP1_synth_reverse		53	A	927078	22	2900	191	641	331	281	931444	13097	0	35	0	9	0	1	13142
TP1_synth_reverse		54	G	440	253	2271	927842	278	108	237	931429	4	0	26	13109	3	0	0	13142
TP1_synth_reverse		55	A	927455	203	3385	289	0	147	100	931579	13104	1	38	1	0	0	0	13144
TP1_synth_reverse		56	A	929815	13	1247	174	0	119	322	931690	13127	0	18	0	0	0	1	13146
TP1_synth_reverse		57	T	1791	75	1503	260	80	264	927684	931657	0	0	25	0	1	0	13120	13146
TP1_synth_reverse		58	A	929776	20	1285	111	9	306	160	931667	13123	0	22	0	1	0	0	13146
TP1_synth_reverse		59	T	986	169	1481	99	128	403	928375	931641	0	1	25	0	2	0	13118	13146
TP1_synth_reverse		60	C	863	928237	1808	189	2	268	260	931627	1	13111	31	1	0	0	2	13146
TP1_synth_reverse		61	T	1269	155	1776	53	216	245	927899	931613	0	1	28	0	1	0	13116	13146
TP1_synth_reverse		62	G	660	267	1905	927974	10	364	414	931594	3	0	31	13112	0	0	0	13146
TP1_synth_reverse		63	T	2132	81	2292	15	0	208	926861	931589	0	0	29	0	0	0	13117	13146
TP1_synth_reverse		64	T	1908	424	1731	27	1	57	927567	931715	0	3	28	0	0	0	13117	13148
TP1_synth_reverse		65	C	1209	926660	2973	47	358	161	292	931700	0	13104	38	0	5	0	1	13148
TP1_synth_reverse		66	G	764	393	2285	927584	0	73	595	931694	4	0	31	13110	0	0	3	13148
TP1_synth_reverse		67	C	927	927730	2528	54	1	236	126	931602	0	13115	33	0	0	0	0	13148
TP1_synth_reverse		68	A	928156	252	2778	155	0	103	83	931527	13111	0	38	0	0	0	0	13149
TP1_synth_reverse		69	C	324	927167	3143	46	2	70	1198	931950	0	13110	33	0	0	0	8	13151
TP1_synth_reverse		70	T	1159	281	2742	52	56	115	927530	931935	0	3	26	0	1	0	13121	13151
TP1_synth_reverse		71	C	399	926548	4265	31	0	339	348	931930	1	13105	42	0	0	0	3	13151
TP1_synth_reverse		72	C	757	927958	2332	54	383	154	280	931918	0	13123	27	0	1	0	0	13151
TP1_synth_reverse		73	G	663	521	2884	927169	2	341	326	931906	6	0	33	13112	0	0	0	13151
TP1_synth_reverse		74	A	928345	77	2992	148	48	134	104	931848	13113	1	34	1	1	0	1	13151
TP1_synth_reverse		75	G	293	448	3279	927472	0	90	256	931838	2	0	35	13112	0	0	2	13151
TP1_synth_reverse		76	T	962	180	2800	58	302	67	927447	931816	0	3	30	0	3	0	13115	13151
TP1_synth_reverse		77	G	935	372	2244	927684	140	77	342	931794	4	0	22	13124	0	0	1	13151
TP1_synth_reverse		78	C	517	926133	2175	148	488	487	1838	931786	0	13107	25	1	4	0	14	13151
TP1_synth_reverse		79	G	485	596	3183	926526	2	149	751	931692	1	1	32	13114	0	0	3	13151
TP1_synth_reverse		80	G	1084	288	987	928611	0	140	558	931668	7	0	14	13128	0	0	2	13151
TP1_synth_reverse		81	C	467	929027	1401	115	132	120	391	931653	3	13130	17	0	0	0	1	13151
TP1_synth_reverse		82	A	927708	244	3235	148	0	70	149	931554	13123	2	26	0	0	0	0	13151
TP1_synth_reverse		83	A	930385	66	676	96	0	225	104	931552	13142	0	9	0	0	0	0	13151
TP1_synth_reverse		84	A	930627	89	261	198	0	256	81	931512	13148	0	3	0	0	0	0	13151
TP1_synth_reverse		85	G	194	327	287	930319	3	111	159	931400	0	0	1	13150	0	0	0	13151
TP1_synth_reverse		86	C	780	930261	70	36	37	83	85	931352	1	13149	1	0	0	0	0	13151
TP1_synth_reverse		87	T	1310	105	188	54	0	320	929307	931284	1	0	2	0	0	0	13148	13151
TP1_synth_reverse		88	G	222	544	335	929588	121	173	230	931213	1	0	3	13146	1	0	0	13151
TP1_synth_reverse		89	T	697	108	233	26	0	60	930039	931163	0	0	2	0	0	0	13149	13151
TP1_synth_reverse		90	T	611	118	1	89	1	88	929777	930685	0	0	0	0	0	0	13150	13150
TP1_synth_reverse		91	C	585	929215	0	326	1	303	170	930600	0	13146	0	3	0	0	1	13150
TP1_synth_reverse		92	C	470	928237	0	245	0	422	321	929695	1	13145	0	2	0	0	1	13149
TP1_synth_reverse		93	G	334	365	0	927688	0	188	208	928783	2	0	0	13146	0	0	1	13149
TP1_synth_reverse		94	T	559	123	0	57	0	84	927698	928521	0	0	0	0	0	0	13149	13149
TP1_synth_reverse		95	C	0	927777	0	0	0	176	0	927953	0	13149	0	0	0	0	0	13149
TP1_synth_reverse		96	C	0	926969	0	0	0	116	0	927085	0	13148	0	0	0	0	0	13148
TP1_synth_reverse		97	C	0	925613	0	0	0	167	0	925780	0	13148	0	0	0	0	0	13148
TP1_synth_reverse		98	A	922275	0	0	0	0	0	0	922275	13147	0	0	0	0	0	0	13147
TP1_synth_reverse		99	G	0	0	0	920091	0	0	0	920091	0	0	0	13143	0	0	0	13143
