



























































































































































































































#AmpliconChromStart	Alias	Position	ProbableRef	rawA	rawC	rawD	rawG	rawI	rawN	rawT	rawDepth	consA	consC	consD	consG	consI	consN	consT	consDepth
TP1_synth_reverse		1	G	0	0	0	920917	0	0	0	920917	0	0	0	12476	0	0	0	12476
TP1_synth_reverse		2	T	0	0	0	0	0	0	923057	923057	0	0	0	0	0	0	12490	12490
TP1_synth_reverse		3	G	0	0	0	926645	0	111	0	926756	0	0	0	12527	0	0	0	12527
TP1_synth_reverse		4	G	0	0	0	927692	0	70	0	927762	0	0	0	12538	0	0	0	12538
TP1_synth_reverse		5	T	0	0	0	0	0	23	928501	928524	0	0	0	0	0	0	12545	12545
TP1_synth_reverse		6	G	113	89	0	929039	0	16	308	929565	0	0	0	12549	0	0	3	12552
TP1_synth_reverse		7	A	929649	24	0	111	0	82	156	930022	12557	0	0	0	0	0	0	12557
TP1_synth_reverse		8	G	158	66	0	930746	0	107	466	931543	1	0	0	12570	0	0	5	12576
TP1_synth_reverse		9	G	197	145	0	931050	36	32	307	931767	2	0	0	12576	0	0	2	12580
TP1_synth_reverse		10	C	319	931238	18	28	21	32	143	931799	1	12578	0	0	1	0	1	12581
TP1_synth_reverse		11	T	197	231	422	15	909	35	930014	931823	0	1	4	0	9	0	12567	12581
TP1_synth_reverse		12	C	304	929984	1262	33	2	80	172	931837	0	12567	14	0	0	0	0	12581
TP1_synth_reverse		13	C	478	931110	2	29	2	116	100	931837	0	12581	0	0	0	0	0	12581
TP1_synth_reverse		14	C	405	931206	0	22	1	44	169	931847	0	12581	0	0	0	0	0	12581
TP1_synth_reverse		15	C	399	930465	197	42	552	77	115	931847	1	12573	3	0	4	0	0	12581
TP1_synth_reverse		16	T	341	93	1493	18	2	229	929691	931867	0	0	15	0	0	0	12566	12581
TP1_synth_reverse		17	T	339	225	508	6	0	63	930726	931867	0	1	6	0	0	0	12574	12581
TP1_synth_reverse		18	T	356	147	331	7	251	79	930696	931867	0	0	4	0	3	0	12574	12581
TP1_synth_reverse		19	C	382	930141	616	26	502	87	228	931982	0	12565	8	0	6	0	3	12582
TP1_synth_reverse		20	T	272	85	1349	21	0	35	930220	931982	1	0	15	0	0	0	12566	12582
TP1_synth_reverse		21	T	474	180	545	62	1908	117	928696	931982	0	1	9	0	23	0	12549	12582
TP1_synth_reverse		22	G	815	401	1156	929169	142	28	271	931982	5	0	15	12560	2	0	0	12582
TP1_synth_reverse		23	C	577	926416	645	61	3447	33	810	931989	0	12521	10	1	42	0	8	12582
TP1_synth_reverse		24	G	509	183	1316	929142	4	53	782	931989	1	0	16	12563	0	0	2	12582
TP1_synth_reverse		25	G	205	629	1025	929077	180	142	745	932003	1	0	12	12565	1	0	3	12582
TP1_synth_reverse		26	A	928442	11	1459	179	1768	45	127	932031	12549	0	14	0	20	0	0	12583
TP1_synth_reverse		27	G	88	772	536	930277	70	38	250	932031	0	0	5	12577	1	0	0	12583
TP1_synth_reverse		28	A	930176	239	1152	133	165	32	134	932031	12566	2	13	1	1	0	0	12583
TP1_synth_reverse		29	T	290	173	1410	118	0	166	929874	932031	0	1	16	0	0	0	12566	12583
TP1_synth_reverse		30	T	948	182	849	90	2	130	929830	932031	0	1	11	1	0	0	12570	12583
TP1_synth_reverse		31	C	519	930358	838	44	2	82	172	932015	0	12571	11	0	0	0	1	12583
TP1_synth_reverse		32	T	563	251	1313	53	66	382	929379	932007	0	4	15	0	1	0	12563	12583
TP1_synth_reverse		33	C	526	929560	1338	49	152	139	241	932005	1	12564	14	0	3	0	1	12583
TP1_synth_reverse		34	T	767	290	1025	91	0	107	929670	931950	0	2	13	0	0	0	12569	12584
TP1_synth_reverse		35	T	1440	163	875	62	259	86	929048	931933	0	1	10	0	3	0	12570	12584
TP1_synth_reverse		36	C	534	928927	2120	25	1	70	255	931932	0	12557	24	0	0	0	3	12584
TP1_synth_reverse		37	C	569	929258	891	50	261	87	635	931751	0	12566	11	0	2	0	5	12584
TP1_synth_reverse		38	T	675	587	1180	242	38	26	928992	931740	0	5	15	0	1	0	12563	12584
TP1_synth_reverse		39	C	416	929442	1352	44	2	92	365	931713	0	12566	15	0	0	0	2	12583
TP1_synth_reverse		40	T	1259	226	1633	30	1891	164	926507	931710	0	2	20	0	20	0	12541	12583
TP1_synth_reverse		41	G	641	557	1879	928052	9	32	409	931579	1	0	24	12557	0	0	1	12583
TP1_synth_reverse		42	T	2237	342	1131	27	852	77	926959	931625	0	3	14	0	10	0	12557	12584
TP1_synth_reverse		43	G	1147	455	1145	928013	124	396	510	931790	6	0	12	12565	1	0	2	12586
TP1_synth_reverse		44	C	519	925930	2630	62	855	169	1620	931785	0	12540	22	0	11	0	13	12586
TP1_synth_reverse		45	G	566	361	1773	926802	674	67	1454	931697	4	0	20	12553	7	0	2	12586
TP1_synth_reverse		46	C	792	927148	2992	51	2	10	699	931694	0	12545	33	0	1	0	7	12586
TP1_synth_reverse		47	C	354	928650	1502	42	622	39	503	931712	0	12555	18	0	10	0	3	12586
TP1_synth_reverse		48	G	456	645	1717	927744	111	55	959	931687	3	2	18	12562	1	0	0	12586
TP1_synth_reverse		49	A	929109	60	1897	267	6	215	135	931689	12564	0	20	1	0	0	0	12585
TP1_synth_reverse		50	T	1150	231	2188	401	34	131	927404	931539	2	1	26	2	0	0	12552	12583
TP1_synth_reverse		51	A	928759	83	2124	146	151	145	144	931552	12554	1	26	1	1	0	0	12583
TP1_synth_reverse		52	C	552	928249	1826	189	145	304	225	931490	0	12555	22	1	2	0	2	12582
TP1_synth_reverse		53	A	927071	22	2900	191	641	331	281	931437	12538	0	34	0	9	0	1	12582
TP1_synth_reverse		54	G	440	254	2271	927833	278	108	238	931422	4	0	25	12550	3	0	0	12582
TP1_synth_reverse		55	A	927448	203	3385	289	0	147	100	931572	12545	1	37	1	0	0	0	12584
TP1_synth_reverse		56	A	929808	13	1247	174	0	119	322	931683	12567	0	18	0	0	0	1	12586
TP1_synth_reverse		57	T	1791	75	1503	259	80	264	927678	931650	0	0	25	0	1	0	12560	12586
TP1_synth_reverse		58	A	929768	20	1285	111	9	307	160	931660	12564	0	22	0	0	0	0	12586
TP1_synth_reverse		59	T	986	169	1481	99	128	403	928368	931634	0	1	25	0	2	0	12558	12586
TP1_synth_reverse		60	C	863	928230	1808	189	2	268	260	931620	0	12553	30	1	0	0	2	12586
TP1_synth_reverse		61	T	1268	155	1775	54	216	245	927893	931606	0	1	26	0	1	0	12558	12586
TP1_synth_reverse		62	G	660	267	1904	927967	10	365	414	931587	3	0	29	12554	0	0	0	12586
TP1_synth_reverse		63	T	2130	81	2291	15	0	208	926857	931582	0	0	27	0	0	0	12559	12586
TP1_synth_reverse		64	T	1906	424	1731	27	1	57	927562	931708	0	3	26	0	0	0	12559	12588
TP1_synth_reverse		65	C	1209	926653	2973	47	358	161	292	931693	0	12546	36	0	5	0	1	12588
TP1_synth_reverse		66	G	763	393	2285	927578	0	73	595	931687	4	0	29	12552	0	0	3	12588
TP1_synth_reverse		67	C	925	927725	2528	54	1	236	126	931595	0	12555	32	0	0	1	0	12588
TP1_synth_reverse		68	A	928149	252	2778	155	0	103	83	931520	12554	0	35	0	0	0	0	12589
TP1_synth_reverse		69	C	324	927160	3143	46	2	70	1198	931943	0	12552	31	0	0	0	8	12591
TP1_synth_reverse		70	T	1159	281	2742	53	56	115	927522	931928	0	2	24	0	1	0	12564	12591
TP1_synth_reverse		71	C	397	926543	4265	31	0	339	348	931923	0	12548	40	0	0	0	3	12591
TP1_synth_reverse		72	C	755	927953	2332	54	383	154	280	931911	0	12565	25	0	1	0	0	12591
TP1_synth_reverse		73	G	663	521	2884	927161	2	342	326	931899	6	0	31	12554	0	0	0	12591
TP1_synth_reverse		74	A	928338	77	2992	148	48	134	104	931841	12555	1	33	0	1	0	1	12591
TP1_synth_reverse		75	G	293	448	3279	927465	0	90	256	931831	2	0	34	12553	0	0	2	12591
TP1_synth_reverse		76	T	962	180	2800	58	302	67	927440	931809	0	3	29	0	3	0	12556	12591
TP1_synth_reverse		77	G	935	372	2244	927676	140	77	343	931787	4	0	22	12565	0	0	0	12591
TP1_synth_reverse		78	C	517	926126	2175	148	488	487	1838	931779	0	12547	25	1	4	0	14	12591
TP1_synth_reverse		79	G	485	596	3183	926519	2	149	751	931685	1	1	32	12554	0	0	3	12591
TP1_synth_reverse		80	G	1085	288	987	928604	0	140	557	931661	7	0	14	12568	0	0	2	12591
TP1_synth_reverse		81	C	467	929020	1401	115	132	120	391	931646	3	12571	16	0	0	0	1	12591
TP1_synth_reverse		82	A	927701	244	3235	148	0	70	149	931547	12563	2	26	0	0	0	0	12591
TP1_synth_reverse		83	A	930378	66	676	96	0	225	104	931545	12582	0	9	0	0	0	0	12591
TP1_synth_reverse		84	A	930620	89	261	198	0	256	81	931505	12588	0	3	0	0	0	0	12591
TP1_synth_reverse		85	G	194	327	287	930313	3	111	159	931394	0	0	1	12590	0	0	0	12591
TP1_synth_reverse		86	C	778	930257	70	36	37	83	85	931346	1	12589	1	0	0	0	0	12591
TP1_synth_reverse		87	T	1310	105	188	54	0	320	929302	931279	1	0	2	0	0	0	12588	12591
TP1_synth_reverse		88	G	222	544	335	929583	121	173	230	931208	1	0	3	12587	0	0	0	12591
TP1_synth_reverse		89	T	697	108	233	26	0	60	930034	931158	0	0	2	0	0	0	12589	12591
TP1_synth_reverse		90	T	610	118	1	89	1	88	929773	930680	0	0	0	0	0	0	12590	12590
TP1_synth_reverse		91	C	584	929211	0	326	1	303	170	930595	0	12586	0	3	0	0	1	12590
TP1_synth_reverse		92	C	470	928232	0	245	0	422	321	929690	1	12585	0	2	0	0	1	12589
TP1_synth_reverse		93	G	334	365	0	927682	0	188	209	928778	2	0	0	12586	0	0	1	12589
TP1_synth_reverse		94	T	559	123	0	57	0	84	927693	928516	0	0	0	0	0	0	12589	12589
TP1_synth_reverse		95	C	0	927773	0	0	0	176	0	927949	0	12589	0	0	0	0	0	12589
TP1_synth_reverse		96	C	0	926965	0	0	0	116	0	927081	0	12588	0	0	0	0	0	12588
TP1_synth_reverse		97	C	0	925609	0	0	0	167	0	925776	0	12588	0	0	0	0	0	12588
TP1_synth_reverse		98	A	922271	0	0	0	0	0	0	922271	12587	0	0	0	0	0	0	12587
TP1_synth_reverse		99	G	0	0	0	920088	0	0	0	920088	0	0	0	12584	0	0	0	12584
