



























































































































































































































#AmpliconChromStart	Alias	Position	ProbableRef	rawA	rawC	rawD	rawG	rawI	rawN	rawT	rawDepth	consA	consC	consD	consG	consI	consN	consT	consDepth	
TP1_synth_reverse		1	G	0	0	0	920917	0	0	0	920917	0	0	0	27285	0	0	0	27285
TP1_synth_reverse		2	T	0	0	0	0	0	0	923057	923057	0	0	0	0	0	0	27320	27320
TP1_synth_reverse		3	G	0	0	0	926645	0	111	0	926756	0	0	0	27408	0	0	0	27408
TP1_synth_reverse		4	G	0	0	0	927692	0	70	0	927762	0	0	0	27434	0	0	0	27434
TP1_synth_reverse		5	T	0	0	0	0	0	23	928501	928524	0	0	0	0	0	0	27450	27450
TP1_synth_reverse		6	G	113	89	0	929039	0	16	308	929565	0	0	0	27461	0	0	5	27466
TP1_synth_reverse		7	A	929649	24	0	111	0	82	156	930022	27474	0	0	0	0	1	0	27475
TP1_synth_reverse		8	G	158	66	0	930746	0	107	466	931543	1	0	0	27492	0	2	9	27504
TP1_synth_reverse		9	G	197	145	0	931050	36	32	307	931767	3	0	0	27508	0	1	2	27514
TP1_synth_reverse		10	C	319	931238	18	28	21	32	143	931799	1	27511	0	0	1	0	2	27515
TP1_synth_reverse		11	T	197	231	422	15	909	35	930014	931823	0	1	8	0	14	0	27493	27516
TP1_synth_reverse		12	C	304	929984	1262	33	2	80	172	931837	0	27487	32	0	0	0	0	27519
TP1_synth_reverse		13	C	478	931110	2	29	2	116	100	931837	0	27519	0	0	0	0	0	27519
TP1_synth_reverse		14	C	405	931206	0	22	1	44	169	931847	0	27518	0	0	0	1	0	27519
TP1_synth_reverse		15	C	399	930476	197	42	552	77	115	931858	2	27506	5	0	5	0	1	27519
TP1_synth_reverse		16	T	341	93	1493	18	2	229	929702	931878	0	0	38	0	0	1	27481	27520
TP1_synth_reverse		17	T	339	225	508	6	0	63	930737	931878	0	2	16	0	0	1	27501	27520
TP1_synth_reverse		18	T	356	147	331	7	251	79	930711	931882	0	0	12	0	3	1	27504	27520
TP1_synth_reverse		19	C	382	930156	616	26	502	87	228	931997	0	27470	19	0	14	1	17	27521
TP1_synth_reverse		20	T	273	85	1349	21	0	35	930234	931997	1	0	37	0	0	0	27483	27521
TP1_synth_reverse		21	T	474	180	545	62	1908	117	928711	931997	0	2	16	0	56	1	27446	27521
TP1_synth_reverse		22	G	815	401	1156	929184	142	28	271	931997	7	1	26	27484	3	0	0	27521
TP1_synth_reverse		23	C	580	926428	645	61	3447	33	810	932004	0	27402	20	1	84	0	15	27522
TP1_synth_reverse		24	G	509	183	1316	929156	4	53	783	932004	2	1	54	27462	0	1	2	27522
TP1_synth_reverse		25	G	205	629	1025	929091	180	142	746	932018	3	0	24	27483	7	0	7	27524
TP1_synth_reverse		26	A	928457	11	1459	179	1768	45	127	932046	27437	0	37	0	53	0	0	27527
TP1_synth_reverse		27	G	88	773	536	930291	70	38	250	932046	1	0	20	27499	2	1	4	27527
TP1_synth_reverse		28	A	930191	239	1152	133	165	32	134	932046	27483	3	33	1	7	0	0	27527
TP1_synth_reverse		29	T	291	173	1410	118	0	166	929888	932046	0	2	44	0	0	1	27480	27527
TP1_synth_reverse		30	T	949	182	849	90	2	130	929844	932046	0	5	30	2	0	0	27490	27527
TP1_synth_reverse		31	C	520	930372	838	44	2	82	172	932030	0	27493	30	0	0	0	4	27527
TP1_synth_reverse		32	T	563	251	1313	53	66	382	929394	932022	0	8	42	0	2	4	27471	27527
TP1_synth_reverse		33	C	527	929574	1338	49	152	139	241	932020	1	27479	37	0	3	1	6	27527
TP1_synth_reverse		34	T	769	290	1025	91	0	107	929683	931965	0	3	36	0	0	1	27488	27528
TP1_synth_reverse		35	T	1440	163	875	62	259	86	929063	931948	1	2	24	0	5	1	27495	27528
TP1_synth_reverse		36	C	535	928941	2120	25	1	70	255	931947	0	27471	50	0	0	1	6	27528
TP1_synth_reverse		37	C	569	929273	891	50	261	87	635	931766	2	27475	27	0	4	1	19	27528
TP1_synth_reverse		38	T	675	587	1180	242	38	26	929007	931755	0	8	32	0	2	0	27486	27528
TP1_synth_reverse		39	C	416	929457	1352	44	2	92	365	931728	0	27488	35	0	0	0	4	27527
TP1_synth_reverse		40	T	1259	226	1633	30	1891	164	926522	931725	0	6	39	0	53	0	27429	27527
TP1_synth_reverse		41	G	642	557	1879	928066	9	32	409	931594	5	0	46	27473	0	1	2	27527
TP1_synth_reverse		42	T	2238	342	1131	27	852	77	926973	931640	2	4	38	0	16	1	27469	27530
TP1_synth_reverse		43	G	1148	455	1145	928027	124	396	510	931805	8	0	25	27486	6	5	2	27532
TP1_synth_reverse		44	C	519	925945	2630	62	855	169	1620	931800	0	27423	50	0	25	0	34	27532
TP1_synth_reverse		45	G	567	361	1773	926815	674	67	1455	931712	4	0	47	27464	14	0	3	27532
TP1_synth_reverse		46	C	795	927155	2992	51	2	10	699	931704	0	27461	55	1	1	0	14	27532
TP1_synth_reverse		47	C	354	928660	1502	42	622	39	503	931722	0	27487	27	0	13	0	11	27538
TP1_synth_reverse		48	G	457	645	1717	927750	111	55	962	931697	5	4	30	27498	1	0	0	27538
TP1_synth_reverse		49	A	929119	60	1897	267	6	215	135	931699	27503	2	33	1	0	1	0	27540
TP1_synth_reverse		50	T	1153	231	2188	401	34	131	927411	931549	4	1	44	2	0	2	27481	27534
TP1_synth_reverse		51	A	928769	83	2124	146	151	145	144	931562	27481	3	44	4	3	0	0	27535
TP1_synth_reverse		52	C	552	928259	1826	189	145	304	225	931500	0	27480	38	1	5	1	5	27530
TP1_synth_reverse		53	A	927081	22	2900	191	641	331	281	931447	27453	0	55	0	18	3	1	27530
TP1_synth_reverse		54	G	441	254	2271	927842	278	108	238	931432	10	2	42	27470	5	1	0	27530
TP1_synth_reverse		55	A	927458	203	3385	289	0	147	100	931582	27469	3	59	2	0	0	0	27533
TP1_synth_reverse		56	A	929818	13	1247	174	0	119	322	931693	27502	0	33	0	0	0	2	27537
TP1_synth_reverse		57	T	1790	75	1503	259	80	264	927689	931660	1	0	41	0	4	0	27491	27537
TP1_synth_reverse		58	A	929778	20	1285	111	9	307	160	931670	27485	0	49	0	1	4	0	27539
TP1_synth_reverse		59	T	986	169	1481	99	128	403	928378	931644	0	3	51	0	2	0	27483	27539
TP1_synth_reverse		60	C	863	928240	1808	189	2	268	260	931630	3	27462	63	1	0	1	9	27539
TP1_synth_reverse		61	T	1269	155	1775	54	216	245	927902	931616	0	1	61	0	2	1	27474	27539
TP1_synth_reverse		62	G	660	267	1904	927977	10	365	414	931597	7	0	58	27469	1	3	1	27539
TP1_synth_reverse		63	T	2130	81	2291	15	0	208	926867	931592	1	0	69	0	0	1	27468	27539
TP1_synth_reverse		64	T	1908	424	1731	27	1	57	927570	931718	0	3	48	0	0	0	27494	27545
TP1_synth_reverse		65	C	1209	926663	2973	47	358	161	292	931703	3	27450	77	0	11	0	4	27545
TP1_synth_reverse		66	G	763	393	2285	927588	0	73	595	931697	11	0	65	27464	0	0	5	27545
TP1_synth_reverse		67	C	927	927733	2528	54	1	236	126	931605	0	27469	74	0	0	0	0	27543
TP1_synth_reverse		68	A	928144	252	2778	155	0	103	83	931515	27460	2	79	2	0	0	0	27543
TP1_synth_reverse		69	C	324	927155	3143	46	2	70	1198	931938	1	27457	68	0	0	1	20	27547
TP1_synth_reverse		70	T	1160	281	2742	53	56	115	927516	931923	2	6	59	0	3	1	27476	27547
TP1_synth_reverse		71	C	399	926536	4265	31	0	339	348	931918	1	27456	82	0	0	1	7	27547
TP1_synth_reverse		72	C	755	927948	2332	54	383	154	280	931906	1	27481	58	0	2	2	3	27547
TP1_synth_reverse		73	G	663	522	2884	927155	2	342	326	931894	14	1	80	27446	0	4	2	27547
TP1_synth_reverse		74	A	928333	77	2992	148	48	134	104	931836	27462	1	78	3	2	0	1	27547
TP1_synth_reverse		75	G	293	449	3279	927459	0	90	256	931826	5	0	75	27463	0	0	4	27547
TP1_synth_reverse		76	T	963	180	2800	58	302	67	927434	931804	0	3	67	0	5	2	27470	27547
TP1_synth_reverse		77	G	935	372	2244	927671	140	77	343	931782	11	1	52	27481	0	0	2	27547
TP1_synth_reverse		78	C	517	926121	2175	148	488	487	1838	931774	1	27434	59	2	12	2	37	27547
TP1_synth_reverse		79	G	485	596	3183	926513	2	149	752	931680	5	1	71	27457	0	0	5	27539
TP1_synth_reverse		80	G	1085	288	987	928598	0	140	558	931656	13	1	33	27487	0	1	4	27539
TP1_synth_reverse		81	C	467	929015	1401	115	132	120	391	931641	5	27488	38	0	0	3	5	27539
TP1_synth_reverse		82	A	927696	244	3235	148	0	70	149	931542	27466	3	67	0	0	1	0	27537
TP1_synth_reverse		83	A	930373	66	676	96	0	225	104	931540	27513	0	21	0	0	3	0	27537
TP1_synth_reverse		84	A	930615	89	261	198	0	256	81	931500	27528	1	5	1	0	1	1	27537
TP1_synth_reverse		85	G	194	327	287	930306	3	111	160	931388	2	0	3	27530	0	1	0	27536
TP1_synth_reverse		86	C	780	930249	70	36	37	83	85	931340	2	27532	2	0	0	0	0	27536
TP1_synth_reverse		87	T	1309	105	188	54	0	320	929297	931273	2	0	3	0	0	6	27525	27536
TP1_synth_reverse		88	G	222	545	335	929575	121	173	230	931201	3	0	3	27527	1	2	0	27536
TP1_synth_reverse		89	T	699	108	233	26	0	60	930025	931151	0	0	3	0	0	2	27531	27536
TP1_synth_reverse		90	T	611	118	1	89	1	88	929765	930673	0	0	0	0	0	0	27535	27535
TP1_synth_reverse		91	C	584	929204	0	326	1	303	170	930588	0	27529	0	3	0	2	1	27535
TP1_synth_reverse		92	C	470	928225	0	245	0	422	321	929683	2	27513	0	5	0	3	3	27526
TP1_synth_reverse		93	G	334	365	0	927675	0	188	209	928771	6	0	0	27501	0	1	1	27509
TP1_synth_reverse		94	T	559	123	0	57	0	84	927686	928509	0	0	0	0	0	0	27508	27508
TP1_synth_reverse		95	C	0	927765	0	0	0	176	0	927941	0	27502	0	0	0	2	0	27504
TP1_synth_reverse		96	C	0	926957	0	0	0	116	0	927073	0	27497	0	0	0	2	0	27499
TP1_synth_reverse		97	C	0	925601	0	0	0	167	0	925768	0	27488	0	0	0	1	0	27489
TP1_synth_reverse		98	A	922271	0	0	0	0	0	0	922271	27468	0	0	0	0	0	0	27468
TP1_synth_reverse		99	G	0	0	0	920088	0	0	0	920088	0	0	0	27456	0	0	0	27456
