



























































































































































































































#AmpliconChromStart	Alias	Position	ProbableRef	rawA	rawC	rawD	rawG	rawI	rawN	rawT	rawDepth	consA	consC	consD	consG	consI	consN	consT	consDepth	
TP1_synth_reverse		1	G	0	0	0	811260	0	0	0	811260	0	0	0	50742	0	0	0	50742
TP1_synth_reverse		2	T	0	0	0	0	0	0	813224	813224	0	0	0	0	0	0	51188	51188
TP1_synth_reverse		3	G	0	0	0	815143	0	90	0	815233	0	0	0	51646	0	30	0	51676
TP1_synth_reverse		4	G	0	0	0	815670	0	45	0	815715	0	0	0	52020	0	20	0	52040
TP1_synth_reverse		5	T	1	0	0	0	0	13	816259	816273	0	0	0	0	0	13	52307	52320
TP1_synth_reverse		6	G	103	73	0	817046	0	26	175	817423	6	4	0	52627	0	14	23	52674
TP1_synth_reverse		7	A	817701	26	0	129	0	51	120	818027	52689	3	0	3	0	21	3	52719
TP1_synth_reverse		8	G	98	89	0	817995	0	96	168	818446	2	15	0	52703	0	19	19	52758
TP1_synth_reverse		9	G	97	137	0	817819	1	29	406	818489	4	30	0	52732	1	1	23	52791
TP1_synth_reverse		10	C	254	818069	0	25	0	35	130	818513	51	52735	0	2	0	0	11	52799
TP1_synth_reverse		11	T	178	157	79	11	38	26	818197	818686	35	14	5	0	7	4	52752	52817
TP1_synth_reverse		12	C	285	815117	3071	18	0	80	125	818696	53	52619	120	0	0	24	6	52822
TP1_synth_reverse		13	C	393	818095	2	26	0	91	98	818705	47	52736	0	3	0	41	4	52831
TP1_synth_reverse		14	C	370	818167	0	18	0	47	110	818712	54	52758	0	0	0	19	6	52837
TP1_synth_reverse		15	C	264	817842	5	32	446	49	82	818720	49	52741	3	2	23	22	3	52843
TP1_synth_reverse		16	T	342	65	1064	10	1	173	817065	818720	91	4	92	1	0	45	52610	52843
TP1_synth_reverse		17	T	338	395	1	7	1	57	817921	818720	64	11	0	0	0	20	52748	52843
TP1_synth_reverse		18	T	353	123	2	4	6	48	818188	818724	68	8	0	1	2	11	52756	52846
TP1_synth_reverse		19	C	323	817065	826	67	3	60	399	818743	107	52656	41	4	1	19	22	52850
TP1_synth_reverse		20	T	252	88	711	19	0	26	817647	818743	66	2	50	0	0	10	52722	52850
TP1_synth_reverse		21	T	498	142	0	49	372	87	817605	818753	139	4	0	3	17	7	52688	52858
TP1_synth_reverse		22	G	154	420	363	817315	2	14	485	818753	13	162	19	52590	0	0	74	52858
TP1_synth_reverse		23	C	572	816255	696	45	598	24	572	818762	118	52643	35	4	27	3	30	52860
TP1_synth_reverse		24	G	199	174	1306	815490	1	36	1556	818762	17	40	66	52594	1	15	127	52860
TP1_synth_reverse		25	G	79	657	4	816987	112	118	821	818778	9	152	0	52600	5	19	80	52865
TP1_synth_reverse		26	A	818019	18	400	160	2	41	169	818809	52810	4	24	8	1	20	5	52872
TP1_synth_reverse		27	G	392	712	242	816109	324	17	1013	818809	13	139	16	52589	17	8	90	52872
TP1_synth_reverse		28	A	818526	43	41	70	12	36	98	818826	52839	5	9	3	5	17	2	52880
TP1_synth_reverse		29	T	302	81	464	143	0	107	817729	818826	78	2	30	12	0	28	52730	52880
TP1_synth_reverse		30	T	1217	99	2	53	0	116	817339	818826	303	4	0	6	0	9	52558	52880
TP1_synth_reverse		31	C	479	817578	461	42	44	72	147	818823	144	52654	22	5	6	26	21	52878
TP1_synth_reverse		32	T	567	102	687	40	0	320	817104	818820	115	10	23	8	0	24	52696	52876
TP1_synth_reverse		33	C	431	818037	105	40	0	127	80	818820	149	52680	9	7	0	26	5	52876
TP1_synth_reverse		34	T	730	121	51	81	1	92	817742	818818	154	6	4	16	0	7	52687	52874
TP1_synth_reverse		35	T	1421	103	1	57	33	74	817121	818810	382	3	0	4	5	23	52454	52871
TP1_synth_reverse		36	C	515	817972	103	24	0	53	145	818812	109	52725	11	1	0	13	14	52873
TP1_synth_reverse		37	C	538	817890	107	53	5	63	143	818799	97	52734	13	2	1	10	11	52868
TP1_synth_reverse		38	T	662	74	119	220	6	23	817683	818787	182	3	17	23	0	14	52621	52860
TP1_synth_reverse		39	C	380	817073	1021	41	105	65	90	818775	79	52699	53	4	3	9	3	52850
TP1_synth_reverse		40	T	1226	85	433	32	192	120	816684	818772	234	5	21	1	10	19	52558	52848
TP1_synth_reverse		41	G	474	575	883	815178	1	24	1625	818760	65	149	40	52433	0	2	150	52839
TP1_synth_reverse		42	T	2036	94	1604	31	2	49	814939	818755	450	3	58	3	0	10	52311	52835
TP1_synth_reverse		43	G	399	453	231	816606	311	404	357	818761	70	104	15	52495	21	40	93	52838
TP1_synth_reverse		44	C	449	816690	277	45	628	167	504	818760	86	52652	16	1	24	23	35	52837
TP1_synth_reverse		45	G	495	341	4	816044	226	55	1590	818755	14	94	0	52496	12	26	192	52834
TP1_synth_reverse		46	C	626	816247	977	47	0	17	846	818760	190	52562	42	2	0	6	34	52836
TP1_synth_reverse		47	C	345	818124	1	39	0	25	233	818767	73	52733	0	5	0	17	16	52844
TP1_synth_reverse		48	G	396	1327	791	814893	281	35	1025	818748	22	231	25	52377	11	15	156	52837
TP1_synth_reverse		49	A	818192	39	65	100	1	207	160	818764	52808	3	5	5	0	30	7	52858
TP1_synth_reverse		50	T	962	295	92	152	565	113	816582	818761	212	10	9	15	28	29	52552	52855
TP1_synth_reverse		51	A	817801	52	303	281	127	108	108	818780	52766	6	20	14	19	32	5	52862
TP1_synth_reverse		52	C	519	816709	243	128	728	259	185	818771	142	52634	14	27	20	11	7	52855
TP1_synth_reverse		53	A	818034	31	8	161	0	299	253	818786	52811	3	1	6	0	30	8	52859
TP1_synth_reverse		54	G	270	237	308	817561	77	92	228	818773	17	35	15	52707	8	20	46	52848
TP1_synth_reverse		55	A	817761	82	657	120	0	99	82	818801	52780	8	46	6	0	5	6	52851
TP1_synth_reverse		56	A	817549	792	1	156	71	85	142	818796	52789	29	0	10	2	12	8	52850
TP1_synth_reverse		57	T	1747	50	25	210	80	198	816467	818777	304	3	6	12	8	28	52477	52838
TP1_synth_reverse		58	A	818115	14	172	94	2	272	119	818788	52652	0	22	6	1	154	5	52840
TP1_synth_reverse		59	T	908	43	128	85	0	384	817217	818765	187	2	9	11	0	52	52563	52824
TP1_synth_reverse		60	C	805	816916	283	459	0	238	57	818758	188	52568	14	26	0	23	1	52820
TP1_synth_reverse		61	T	1360	1317	22	476	0	201	815379	818755	230	68	7	32	0	43	52439	52819
TP1_synth_reverse		62	G	766	245	1	816448	1	285	1006	818752	62	36	0	52421	0	151	147	52817
TP1_synth_reverse		63	T	2831	90	137	153	0	162	815388	818761	454	2	5	16	0	55	52285	52817
TP1_synth_reverse		64	T	1740	62	0	18	188	44	816699	818751	275	3	0	1	11	4	52517	52811
TP1_synth_reverse		65	C	1133	817016	177	28	16	151	223	818744	187	52563	17	1	4	19	17	52808
TP1_synth_reverse		66	G	560	375	20	816263	219	63	1237	818737	48	101	2	52523	2	11	118	52805
TP1_synth_reverse		67	C	769	817489	141	41	0	199	92	818731	212	52544	13	7	0	21	5	52802
TP1_synth_reverse		68	A	818242	188	1	138	6	72	82	818729	52762	13	1	5	4	12	4	52801
TP1_synth_reverse		69	C	296	817363	462	33	200	72	298	818724	64	52679	19	1	8	12	14	52797
TP1_synth_reverse		70	T	1020	126	221	28	709	100	816515	818719	221	1	13	3	19	22	52516	52795
TP1_synth_reverse		71	C	376	815185	2703	27	1	292	129	818713	82	52549	77	2	0	71	11	52792
TP1_synth_reverse		72	C	670	817310	4	64	354	112	188	818702	176	52536	0	8	11	50	6	52787
TP1_synth_reverse		73	G	186	528	822	815525	400	297	931	818689	6	119	45	52349	5	172	81	52777
TP1_synth_reverse		74	A	817816	32	25	284	377	110	39	818683	52692	3	9	9	16	45	3	52777
TP1_synth_reverse		75	G	583	376	62	816742	130	56	725	818674	25	72	12	52594	9	12	49	52773
TP1_synth_reverse		76	T	886	108	11	54	2	54	817550	818665	237	10	6	8	1	3	52504	52769
TP1_synth_reverse		77	G	80	318	674	816614	317	38	603	818644	5	74	30	52553	17	6	69	52754
TP1_synth_reverse		78	C	469	815805	633	40	274	468	950	818639	78	52518	26	3	23	54	50	52752
TP1_synth_reverse		79	G	247	506	673	816234	0	125	850	818635	23	204	45	52382	0	13	83	52750
TP1_synth_reverse		80	G	216	246	1	816982	127	147	898	818617	19	57	0	52560	8	24	71	52739
TP1_synth_reverse		81	C	483	817189	104	84	537	84	124	818605	52	52616	10	4	31	15	6	52734
TP1_synth_reverse		82	A	817261	34	1001	129	0	45	121	818591	52643	6	59	5	0	8	4	52725
TP1_synth_reverse		83	A	818137	57	10	95	0	206	85	818590	52674	5	2	1	0	39	4	52725
TP1_synth_reverse		84	A	817814	45	0	148	111	196	238	818552	52667	3	0	9	12	20	11	52722
TP1_synth_reverse		85	G	117	313	8	817726	2	116	179	818461	17	64	2	52541	1	39	24	52688
TP1_synth_reverse		86	C	594	817581	1	43	0	75	119	818413	100	52559	0	2	0	7	6	52674
TP1_synth_reverse		87	T	1144	75	176	20	2	285	816592	818294	215	2	15	0	0	24	52390	52646
TP1_synth_reverse		88	G	174	502	167	817071	8	120	195	818237	19	51	10	52475	4	24	38	52621
TP1_synth_reverse		89	T	643	90	500	15	0	35	816883	818166	68	7	25	0	0	8	52500	52608
TP1_synth_reverse		90	T	601	110	1	31	1	76	817118	817938	77	6	1	2	0	11	52474	52571
TP1_synth_reverse		91	C	479	816907	0	60	1	287	110	817844	83	52427	0	5	0	27	7	52549
TP1_synth_reverse		92	C	368	816132	0	131	0	377	584	817592	36	52406	0	4	0	49	20	52515
TP1_synth_reverse		93	G	444	395	0	814802	0	155	164	815960	25	90	0	52272	0	29	23	52439
TP1_synth_reverse		94	T	525	91	0	357	0	61	814657	815691	82	5	0	10	0	8	52311	52416
TP1_synth_reverse		95	C	0	815159	0	0	0	166	0	815325	0	52366	0	0	0	11	0	52377
TP1_synth_reverse		96	C	0	814616	0	0	0	92	0	814708	0	52273	0	0	0	31	0	52304
TP1_synth_reverse		97	C	0	813662	0	0	0	151	0	813813	0	52163	0	0	0	51	0	52214
TP1_synth_reverse		98	A	809950	0	0	0	0	0	0	809950	52042	0	0	0	0	0	0	52042
TP1_synth_reverse		99	G	0	0	0	808667	1	0	0	808668	0	0	0	51900	0	0	0	51900
