



























































































































































































































#AmpliconChromStart	Alias	Position	ProbableRef	rawA	rawC	rawD	rawG	rawI	rawN	rawT	rawDepth	consA	consC	consD	consG	consI	consN	consT	consDepth	
TP1_synth_reverse		1	G	0	0	0	811260	0	0	0	811260	0	0	0	9679	0	0	0	9679
TP1_synth_reverse		2	T	0	0	0	0	0	0	813224	813224	0	0	0	0	0	0	9691	9691
TP1_synth_reverse		3	G	0	0	0	815143	0	90	0	815233	0	0	0	9716	0	0	0	9716
TP1_synth_reverse		4	G	0	0	0	815670	0	45	0	815715	0	0	0	9723	0	0	0	9723
TP1_synth_reverse		5	T	1	0	0	0	0	13	816259	816273	0	0	0	0	0	0	9730	9730
TP1_synth_reverse		6	G	103	73	0	817046	0	26	175	817423	0	0	0	9734	0	0	1	9735
TP1_synth_reverse		7	A	817701	26	0	129	0	51	120	818027	9738	0	0	0	0	0	0	9738
TP1_synth_reverse		8	G	98	89	0	817995	0	96	168	818446	0	0	0	9742	0	0	1	9743
TP1_synth_reverse		9	G	97	137	0	817819	1	29	406	818489	0	0	0	9741	0	0	3	9744
TP1_synth_reverse		10	C	254	818069	0	25	0	35	130	818513	0	9745	0	0	0	0	0	9745
TP1_synth_reverse		11	T	178	157	79	11	38	26	818197	818686	0	0	1	0	1	0	9744	9746
TP1_synth_reverse		12	C	285	815117	3071	18	0	80	125	818696	0	9713	34	0	0	0	0	9747
TP1_synth_reverse		13	C	393	818095	2	26	0	91	98	818705	0	9747	0	0	0	0	0	9747
TP1_synth_reverse		14	C	370	818167	0	18	0	47	110	818712	0	9747	0	0	0	0	0	9747
TP1_synth_reverse		15	C	264	817842	5	32	446	49	82	818720	0	9744	0	0	3	0	0	9747
TP1_synth_reverse		16	T	342	65	1064	10	1	173	817065	818720	0	0	17	0	0	0	9730	9747
TP1_synth_reverse		17	T	338	395	1	7	1	57	817921	818720	0	1	0	0	0	0	9746	9747
TP1_synth_reverse		18	T	353	123	2	4	6	48	818188	818724	0	0	0	0	0	0	9747	9747
TP1_synth_reverse		19	C	323	817065	826	67	3	60	399	818743	0	9735	7	1	0	0	5	9748
TP1_synth_reverse		20	T	252	88	711	19	0	26	817647	818743	0	0	9	0	0	0	9739	9748
TP1_synth_reverse		21	T	498	142	0	49	372	87	817605	818753	1	0	0	0	1	0	9746	9748
TP1_synth_reverse		22	G	154	420	363	817315	2	14	485	818753	1	0	2	9742	0	0	3	9748
TP1_synth_reverse		23	C	572	816246	696	45	598	24	572	818753	0	9737	5	0	5	0	1	9748
TP1_synth_reverse		24	G	199	174	1306	815484	1	36	1556	818756	1	0	16	9726	0	0	5	9748
TP1_synth_reverse		25	G	79	657	4	816981	112	118	821	818772	0	0	0	9746	1	0	2	9749
TP1_synth_reverse		26	A	818013	18	400	160	2	41	169	818803	9740	0	8	0	0	0	2	9750
TP1_synth_reverse		27	G	392	712	242	816103	324	17	1013	818803	1	0	2	9741	3	0	3	9750
TP1_synth_reverse		28	A	818520	43	41	70	12	36	98	818820	9750	0	1	0	0	0	0	9751
TP1_synth_reverse		29	T	300	81	464	143	0	107	817725	818820	0	0	3	0	0	0	9748	9751
TP1_synth_reverse		30	T	1216	99	2	53	0	116	817334	818820	4	0	0	0	0	0	9747	9751
TP1_synth_reverse		31	C	476	817575	461	42	44	72	147	818817	0	9741	6	0	1	0	3	9751
TP1_synth_reverse		32	T	567	102	687	40	0	320	817098	818814	1	0	3	0	0	0	9747	9751
TP1_synth_reverse		33	C	431	818031	105	40	0	127	80	818814	0	9748	3	0	0	0	0	9751
TP1_synth_reverse		34	T	728	121	51	81	1	92	817740	818814	0	0	1	0	0	0	9750	9751
TP1_synth_reverse		35	T	1420	103	1	57	33	74	817118	818806	0	0	0	0	1	0	9750	9751
TP1_synth_reverse		36	C	515	817968	103	24	0	53	145	818808	0	9744	4	0	0	0	3	9751
TP1_synth_reverse		37	C	538	817886	107	53	5	63	143	818795	0	9749	2	0	0	0	0	9751
TP1_synth_reverse		38	T	662	74	119	220	6	23	817679	818783	0	1	2	0	0	0	9748	9751
TP1_synth_reverse		39	C	380	817069	1021	41	105	65	90	818771	0	9743	7	0	1	0	0	9751
TP1_synth_reverse		40	T	1225	85	433	34	192	120	816679	818768	0	0	3	0	1	0	9747	9751
TP1_synth_reverse		41	G	473	576	883	815182	1	24	1625	818764	0	0	5	9728	0	0	18	9751
TP1_synth_reverse		42	T	2035	94	1604	31	2	49	814944	818759	0	0	8	0	0	0	9743	9751
TP1_synth_reverse		43	G	399	451	231	816612	311	404	357	818765	0	0	3	9746	2	0	1	9752
TP1_synth_reverse		44	C	449	816694	277	45	628	167	504	818764	1	9745	1	0	3	0	2	9752
TP1_synth_reverse		45	G	495	340	4	816049	226	55	1590	818759	1	0	0	9746	2	0	3	9752
TP1_synth_reverse		46	C	626	816251	977	47	0	17	846	818764	0	9743	6	0	0	0	3	9752
TP1_synth_reverse		47	C	346	818127	1	39	0	25	233	818771	0	9751	0	0	0	0	1	9752
TP1_synth_reverse		48	G	397	1327	791	814895	281	35	1026	818752	4	2	3	9736	3	0	4	9752
TP1_synth_reverse		49	A	818195	40	65	100	1	207	160	818768	9751	0	2	0	0	0	0	9753
TP1_synth_reverse		50	T	962	295	92	152	565	113	816586	818765	0	2	2	0	6	0	9743	9753
TP1_synth_reverse		51	A	817784	52	303	282	127	108	108	818764	9743	0	5	1	4	0	0	9753
TP1_synth_reverse		52	C	517	816695	243	128	728	259	185	818755	0	9746	3	0	3	0	1	9753
TP1_synth_reverse		53	A	818018	31	8	161	0	299	253	818770	9752	0	0	0	0	0	2	9754
TP1_synth_reverse		54	G	270	236	308	817546	77	92	228	818757	2	0	3	9747	1	0	1	9754
TP1_synth_reverse		55	A	817745	82	657	120	0	99	82	818785	9746	0	9	0	0	0	0	9755
TP1_synth_reverse		56	A	817532	792	1	157	71	85	142	818780	9750	3	0	0	2	0	0	9755
TP1_synth_reverse		57	T	1744	50	25	210	80	198	816454	818761	0	0	1	0	2	0	9752	9755
TP1_synth_reverse		58	A	818098	14	172	95	2	272	119	818772	9753	0	3	0	0	0	0	9756
TP1_synth_reverse		59	T	908	43	128	85	0	384	817201	818749	0	0	1	0	0	0	9755	9756
TP1_synth_reverse		60	C	805	816900	283	459	0	238	57	818742	0	9749	2	5	0	0	0	9756
TP1_synth_reverse		61	T	1363	1317	22	475	0	201	815361	818739	1	9	0	4	0	0	9742	9756
TP1_synth_reverse		62	G	766	244	1	816433	1	285	1006	818736	2	0	0	9750	0	0	4	9756
TP1_synth_reverse		63	T	2829	90	137	153	0	162	815374	818745	3	0	1	2	0	0	9751	9757
TP1_synth_reverse		64	T	1743	62	0	18	188	44	816680	818735	0	0	0	0	1	0	9756	9757
TP1_synth_reverse		65	C	1132	817001	177	28	16	151	223	818728	1	9751	3	0	0	0	2	9757
TP1_synth_reverse		66	G	559	377	20	816250	219	63	1233	818721	2	0	0	9751	0	0	4	9757
TP1_synth_reverse		67	C	769	817473	141	41	0	199	92	818715	0	9754	3	0	0	0	0	9757
TP1_synth_reverse		68	A	818226	188	1	138	6	72	82	818713	9757	0	0	0	0	0	0	9757
TP1_synth_reverse		69	C	296	817347	462	33	200	72	298	818708	0	9751	3	0	1	0	2	9757
TP1_synth_reverse		70	T	1020	126	221	28	709	100	816494	818698	0	0	2	0	3	0	9752	9757
TP1_synth_reverse		71	C	376	815164	2703	27	1	292	129	818692	0	9743	12	0	0	0	2	9757
TP1_synth_reverse		72	C	670	817289	4	64	354	112	188	818681	0	9756	0	0	1	0	0	9757
TP1_synth_reverse		73	G	186	528	822	815504	400	297	931	818668	0	0	7	9744	1	0	5	9757
TP1_synth_reverse		74	A	817795	32	25	284	377	110	39	818662	9754	0	1	0	2	0	0	9757
TP1_synth_reverse		75	G	583	376	62	816721	130	56	725	818653	3	0	0	9749	2	0	3	9757
TP1_synth_reverse		76	T	886	108	11	54	2	54	817529	818644	0	0	0	0	0	0	9757	9757
TP1_synth_reverse		77	G	80	318	674	816593	317	38	603	818623	0	0	4	9745	3	0	5	9757
TP1_synth_reverse		78	C	469	815784	633	40	274	468	950	818618	0	9745	3	0	3	1	5	9757
TP1_synth_reverse		79	G	247	505	673	816214	0	125	850	818614	1	0	5	9748	0	0	3	9757
TP1_synth_reverse		80	G	214	246	1	816963	127	147	898	818596	1	0	0	9752	1	0	3	9757
TP1_synth_reverse		81	C	481	817169	104	85	537	84	124	818584	1	9753	1	0	2	0	0	9757
TP1_synth_reverse		82	A	817240	34	1001	129	0	45	121	818570	9750	0	7	0	0	0	0	9757
TP1_synth_reverse		83	A	818116	57	10	95	0	206	85	818569	9757	0	0	0	0	0	0	9757
TP1_synth_reverse		84	A	817793	45	0	148	111	196	238	818531	9753	0	0	0	2	0	2	9757
TP1_synth_reverse		85	G	117	313	8	817706	2	116	179	818441	0	0	0	9756	0	0	1	9757
TP1_synth_reverse		86	C	594	817561	1	43	0	75	119	818393	3	9752	0	1	0	0	1	9757
TP1_synth_reverse		87	T	1147	75	176	20	2	285	816569	818274	0	0	1	0	0	0	9756	9757
TP1_synth_reverse		88	G	174	503	167	817050	8	120	195	818217	0	0	1	9756	0	0	0	9757
TP1_synth_reverse		89	T	641	90	500	15	0	35	816865	818146	0	0	3	0	0	0	9754	9757
TP1_synth_reverse		90	T	601	110	1	31	1	76	817099	817919	0	0	0	1	0	0	9755	9756
TP1_synth_reverse		91	C	479	816888	0	60	1	287	110	817825	0	9754	0	1	0	0	1	9756
TP1_synth_reverse		92	C	369	816112	0	131	0	377	584	817573	0	9753	0	0	0	0	2	9755
TP1_synth_reverse		93	G	444	393	0	814785	0	155	164	815941	1	0	0	9750	0	0	0	9751
TP1_synth_reverse		94	T	525	91	0	357	0	61	814638	815672	0	0	0	0	0	0	9751	9751
TP1_synth_reverse		95	C	0	815140	0	0	0	166	0	815306	0	9751	0	0	0	0	0	9751
TP1_synth_reverse		96	C	0	814597	0	0	0	92	0	814689	0	9751	0	0	0	0	0	9751
TP1_synth_reverse		97	C	0	813643	0	0	0	151	0	813794	0	9748	0	0	0	0	0	9748
TP1_synth_reverse		98	A	809931	0	0	0	0	0	0	809931	9742	0	0	0	0	0	0	9742
TP1_synth_reverse		99	G	0	0	0	808649	1	0	0	808650	0	0	0	9740	0	0	0	9740
