



























































































































































































































#AmpliconChromStart	Alias	Position	ProbableRef	rawA	rawC	rawD	rawG	rawI	rawN	rawT	rawDepth	consA	consC	consD	consG	consI	consN	consT	consDepth	
TP1_synth_reverse		1	G	0	0	0	811260	0	0	0	811260	0	0	0	13888	0	0	0	13888
TP1_synth_reverse		2	T	0	0	0	0	0	0	813224	813224	0	0	0	0	0	0	13904	13904
TP1_synth_reverse		3	G	0	0	0	815143	0	90	0	815233	0	0	0	13935	0	0	0	13935
TP1_synth_reverse		4	G	0	0	0	815670	0	45	0	815715	0	0	0	13945	0	0	0	13945
TP1_synth_reverse		5	T	1	0	0	0	0	13	816259	816273	0	0	0	0	0	0	13952	13952
TP1_synth_reverse		6	G	103	73	0	817046	0	26	175	817423	0	0	0	13955	0	0	2	13957
TP1_synth_reverse		7	A	817701	26	0	129	0	51	120	818027	13962	0	0	0	0	0	0	13962
TP1_synth_reverse		8	G	98	89	0	817995	0	96	168	818446	0	0	0	13968	0	0	1	13969
TP1_synth_reverse		9	G	97	137	0	817819	1	29	406	818489	0	0	0	13967	0	0	3	13970
TP1_synth_reverse		10	C	254	818069	0	25	0	35	130	818513	0	13971	0	0	0	0	0	13971
TP1_synth_reverse		11	T	178	157	79	11	38	26	818197	818686	0	0	1	0	3	0	13968	13972
TP1_synth_reverse		12	C	285	815117	3071	18	0	80	125	818696	0	13929	44	0	0	0	0	13973
TP1_synth_reverse		13	C	393	818095	2	26	0	91	98	818705	0	13973	0	0	0	0	0	13973
TP1_synth_reverse		14	C	370	818167	0	18	0	47	110	818712	0	13973	0	0	0	0	0	13973
TP1_synth_reverse		15	C	264	817842	5	32	446	49	82	818720	0	13970	1	0	3	0	0	13974
TP1_synth_reverse		16	T	342	65	1064	10	1	173	817065	818720	0	0	20	0	0	0	13954	13974
TP1_synth_reverse		17	T	338	395	1	7	1	57	817921	818720	0	1	0	0	0	0	13973	13974
TP1_synth_reverse		18	T	353	123	2	4	6	48	818188	818724	0	0	0	0	0	0	13974	13974
TP1_synth_reverse		19	C	323	817065	826	67	3	60	399	818743	0	13957	9	1	1	0	7	13975
TP1_synth_reverse		20	T	252	88	711	19	0	26	817647	818743	0	0	11	0	0	0	13964	13975
TP1_synth_reverse		21	T	498	142	0	49	372	87	817605	818753	1	0	0	0	2	0	13973	13976
TP1_synth_reverse		22	G	154	420	363	817315	2	14	485	818753	1	0	3	13966	0	0	6	13976
TP1_synth_reverse		23	C	572	816255	696	45	598	24	572	818762	0	13961	7	0	7	0	2	13977
TP1_synth_reverse		24	G	199	174	1306	815490	1	36	1556	818762	2	0	21	13949	0	0	5	13977
TP1_synth_reverse		25	G	79	657	4	816987	112	118	821	818778	0	0	0	13975	1	0	2	13978
TP1_synth_reverse		26	A	817988	18	400	160	2	41	169	818778	13967	0	9	0	0	0	2	13978
TP1_synth_reverse		27	G	392	712	242	816078	324	17	1013	818778	1	0	2	13961	7	0	7	13978
TP1_synth_reverse		28	A	818495	43	41	70	12	36	98	818795	13976	0	1	0	2	0	0	13979
TP1_synth_reverse		29	T	302	81	464	143	0	107	817698	818795	0	0	7	0	0	0	13972	13979
TP1_synth_reverse		30	T	1217	99	2	53	0	116	817308	818795	6	0	0	0	0	0	13973	13979
TP1_synth_reverse		31	C	478	817548	461	42	44	72	147	818792	0	13966	8	0	1	0	5	13980
TP1_synth_reverse		32	T	566	102	687	40	0	320	817074	818789	1	0	5	0	0	0	13974	13980
TP1_synth_reverse		33	C	429	818008	105	40	0	127	80	818789	0	13977	3	0	0	0	0	13980
TP1_synth_reverse		34	T	724	121	51	81	1	92	817719	818789	0	0	1	0	0	0	13979	13980
TP1_synth_reverse		35	T	1420	103	1	57	33	74	817093	818781	0	0	0	0	1	0	13979	13980
TP1_synth_reverse		36	C	515	817943	103	24	0	53	145	818783	0	13973	4	0	0	0	3	13980
TP1_synth_reverse		37	C	536	817863	107	53	5	63	143	818770	0	13977	2	0	1	0	0	13980
TP1_synth_reverse		38	T	660	74	119	219	6	23	817657	818758	0	1	3	0	0	0	13976	13980
TP1_synth_reverse		39	C	380	817044	1021	41	105	65	90	818746	0	13971	8	0	1	0	0	13980
TP1_synth_reverse		40	T	1218	85	433	34	192	120	816661	818743	0	0	6	0	1	0	13973	13980
TP1_synth_reverse		41	G	472	572	883	815162	1	24	1625	818739	0	0	7	13948	0	0	26	13981
TP1_synth_reverse		42	T	2027	94	1604	31	2	49	814927	818734	0	0	11	0	0	0	13970	13981
TP1_synth_reverse		43	G	399	453	231	816585	311	404	357	818740	1	0	3	13971	5	0	2	13982
TP1_synth_reverse		44	C	449	816669	277	45	628	167	504	818739	1	13972	2	0	3	0	4	13982
TP1_synth_reverse		45	G	495	341	4	816026	226	55	1587	818734	3	0	0	13973	2	0	4	13982
TP1_synth_reverse		46	C	626	816226	977	47	0	17	846	818739	1	13967	9	0	0	0	6	13983
TP1_synth_reverse		47	C	344	818104	1	39	0	25	233	818746	0	13982	0	0	0	0	1	13983
TP1_synth_reverse		48	G	396	1327	791	814876	281	35	1021	818727	5	4	4	13962	3	0	5	13983
TP1_synth_reverse		49	A	818170	40	65	100	1	207	160	818743	13982	0	2	0	0	0	0	13984
TP1_synth_reverse		50	T	960	295	92	151	565	113	816564	818740	0	2	3	0	8	0	13971	13984
TP1_synth_reverse		51	A	817779	52	303	282	127	108	108	818759	13971	0	6	1	7	0	0	13985
TP1_synth_reverse		52	C	514	816694	243	127	728	259	185	818750	0	13977	4	0	3	0	1	13985
TP1_synth_reverse		53	A	818013	31	8	161	0	299	253	818765	13984	0	0	0	0	0	2	13986
TP1_synth_reverse		54	G	263	237	308	817548	77	92	227	818752	2	0	3	13978	2	0	1	13986
TP1_synth_reverse		55	A	817741	82	657	119	0	99	82	818780	13975	0	12	0	0	0	0	13987
TP1_synth_reverse		56	A	817527	792	1	157	71	85	142	818775	13981	4	0	0	2	0	0	13987
TP1_synth_reverse		57	T	1746	50	25	207	80	198	816450	818756	1	0	1	0	2	0	13983	13987
TP1_synth_reverse		58	A	818093	14	172	95	2	272	119	818767	13982	0	5	1	0	0	0	13988
TP1_synth_reverse		59	T	908	43	128	85	0	384	817196	818744	0	0	3	0	0	0	13985	13988
TP1_synth_reverse		60	C	805	816895	283	459	0	238	57	818737	0	13980	2	6	0	0	0	13988
TP1_synth_reverse		61	T	1364	1317	22	475	0	201	815355	818734	2	13	1	5	0	0	13967	13988
TP1_synth_reverse		62	G	765	245	1	816428	1	285	1006	818731	2	1	0	13979	0	0	6	13988
TP1_synth_reverse		63	T	2830	90	137	153	0	162	815368	818740	3	0	1	2	0	0	13983	13989
TP1_synth_reverse		64	T	1742	62	0	18	188	44	816676	818730	0	0	0	0	2	0	13987	13989
TP1_synth_reverse		65	C	1133	816995	177	28	16	151	223	818723	1	13981	5	0	0	0	2	13989
TP1_synth_reverse		66	G	560	377	20	816240	219	63	1237	818716	2	0	0	13982	0	0	5	13989
TP1_synth_reverse		67	C	770	817467	141	41	0	199	92	818710	0	13986	3	0	0	0	0	13989
TP1_synth_reverse		68	A	818221	188	1	138	6	72	82	818708	13989	0	0	0	0	0	0	13989
TP1_synth_reverse		69	C	296	817342	462	33	200	72	298	818703	0	13981	4	0	1	0	3	13989
TP1_synth_reverse		70	T	1020	126	221	28	709	100	816489	818693	0	0	3	0	3	0	13983	13989
TP1_synth_reverse		71	C	376	815159	2703	27	1	292	129	818687	0	13971	13	0	0	0	5	13989
TP1_synth_reverse		72	C	670	817284	4	64	354	112	188	818676	0	13986	0	0	1	0	2	13989
TP1_synth_reverse		73	G	186	528	822	815500	400	297	931	818664	0	0	8	13971	2	0	8	13989
TP1_synth_reverse		74	A	817791	32	25	284	377	110	39	818658	13985	0	1	1	2	0	0	13989
TP1_synth_reverse		75	G	583	376	62	816717	130	56	725	818649	4	0	1	13977	2	0	5	13989
TP1_synth_reverse		76	T	886	108	11	54	2	54	817525	818640	0	1	0	0	0	0	13988	13989
TP1_synth_reverse		77	G	80	318	674	816589	317	38	603	818619	0	1	4	13973	6	0	5	13989
TP1_synth_reverse		78	C	469	815780	633	40	274	468	950	818614	0	13974	3	0	4	1	7	13989
TP1_synth_reverse		79	G	247	506	673	816209	0	125	850	818610	5	0	7	13972	0	0	5	13989
TP1_synth_reverse		80	G	216	246	1	816957	127	147	898	818592	1	0	0	13984	1	0	3	13989
TP1_synth_reverse		81	C	483	817163	104	85	537	84	124	818580	3	13981	2	0	3	0	0	13989
TP1_synth_reverse		82	A	817236	34	1001	129	0	45	121	818566	13974	0	15	0	0	0	0	13989
TP1_synth_reverse		83	A	818112	57	10	95	0	206	85	818565	13989	0	0	0	0	0	0	13989
TP1_synth_reverse		84	A	817789	45	0	148	111	196	238	818527	13984	0	0	0	3	0	2	13989
TP1_synth_reverse		85	G	117	313	8	817701	2	116	179	818436	0	0	0	13988	0	0	1	13989
TP1_synth_reverse		86	C	593	817557	1	43	0	75	119	818388	3	13982	0	2	0	0	2	13989
TP1_synth_reverse		87	T	1147	75	176	20	2	285	816564	818269	0	0	4	0	0	0	13984	13988
TP1_synth_reverse		88	G	174	502	167	817046	8	120	195	818212	0	0	3	13984	1	0	0	13988
TP1_synth_reverse		89	T	643	90	500	14	0	35	816859	818141	0	0	4	0	0	0	13984	13988
TP1_synth_reverse		90	T	601	110	1	31	1	76	817093	817913	0	0	0	1	0	0	13986	13987
TP1_synth_reverse		91	C	479	816882	0	60	1	287	110	817819	0	13985	0	1	0	0	1	13987
TP1_synth_reverse		92	C	368	816107	0	131	0	377	584	817567	0	13984	0	0	0	0	2	13986
TP1_synth_reverse		93	G	444	395	0	814777	0	155	164	815935	4	0	0	13975	0	0	0	13979
TP1_synth_reverse		94	T	525	91	0	356	0	61	814633	815666	0	0	0	0	0	0	13978	13978
TP1_synth_reverse		95	C	0	815134	0	0	0	166	0	815300	0	13978	0	0	0	0	0	13978
TP1_synth_reverse		96	C	0	814591	0	0	0	92	0	814683	0	13976	0	0	0	0	0	13976
TP1_synth_reverse		97	C	0	813637	0	0	0	151	0	813788	0	13972	0	0	0	0	0	13972
TP1_synth_reverse		98	A	809925	0	0	0	0	0	0	809925	13961	0	0	0	0	0	0	13961
TP1_synth_reverse		99	G	0	0	0	808642	1	0	0	808643	0	0	0	13955	0	0	0	13955
