



























































































































































































































#AmpliconChromStart	Alias	Position	ProbableRef	rawA	rawC	rawD	rawG	rawI	rawN	rawT	rawDepth	consA	consC	consD	consG	consI	consN	consT	consDepth	
TP1_synth_forward		5	T	0	0	0	0	0	0	516	516	0	0	0	0	0	0	371	371
TP1_synth_forward		6	G	0	0	0	950	0	0	0	950	0	0	0	658	0	0	0	658
TP1_synth_forward		7	A	992	0	0	0	0	2	0	994	682	0	0	0	0	1	0	683
TP1_synth_forward		8	G	0	0	0	1100	0	0	0	1100	0	0	0	704	0	0	0	704
TP1_synth_forward		9	G	0	0	0	1133	0	0	0	1133	0	0	0	719	0	0	0	719
TP1_synth_forward		10	C	3	1141	0	0	0	0	0	1144	1	725	0	0	0	0	0	726
TP1_synth_forward		11	T	17	0	0	0	0	0	1127	1144	3	0	0	0	0	0	723	726
TP1_synth_forward		12	C	3	1153	0	0	0	0	0	1156	1	735	0	0	0	0	0	736
TP1_synth_forward		13	C	12	1182	0	0	0	1	0	1195	5	746	0	0	0	0	0	751
TP1_synth_forward		14	C	9	1194	0	0	0	0	3	1206	5	754	0	0	0	0	1	760
TP1_synth_forward		15	C	4	1197	4	0	0	1	0	1206	2	755	2	0	0	1	0	760
TP1_synth_forward		16	T	25	4	27	0	0	0	1157	1213	13	3	18	0	0	0	733	767
TP1_synth_forward		17	T	42	1	3	0	0	0	1194	1240	13	0	3	0	0	0	761	777
TP1_synth_forward		18	T	20	0	5	0	0	0	1215	1240	8	0	2	0	0	0	767	777
TP1_synth_forward		19	A	1230	0	9	0	0	0	1	1240	772	0	4	0	0	0	1	777
TP1_synth_forward		20	T	19	0	3	0	0	1	1217	1240	8	0	2	0	0	0	767	777
TP1_synth_forward		21	A	1246	0	3	0	0	0	1	1250	778	0	2	0	0	0	1	781
TP1_synth_forward		22	C	3	1234	9	2	2	0	0	1250	1	773	5	0	2	0	0	781
TP1_synth_forward		23	A	1244	0	4	1	0	0	1	1250	776	0	3	1	0	0	1	781
TP1_synth_forward		24	G	0	5	2	1234	0	0	9	1250	0	3	2	770	0	0	6	781
TP1_synth_forward		25	A	1227	0	22	0	0	1	0	1250	763	0	17	0	0	1	0	781
TP1_synth_forward		26	A	1242	0	8	0	0	0	0	1250	774	0	7	0	0	0	0	781
TP1_synth_forward		27	T	34	0	11	1	0	0	1204	1250	12	0	9	1	0	0	759	781
TP1_synth_forward		28	A	1234	1	11	0	0	0	4	1250	769	1	8	0	0	0	3	781
TP1_synth_forward		29	T	15	2	26	0	0	0	1877	1920	7	2	10	0	0	0	782	801
TP1_synth_forward		30	C	5	1894	28	0	0	0	1	1928	4	791	12	0	0	0	1	808
TP1_synth_forward		31	T	17	0	17	1	0	1	2403	2439	10	0	12	1	0	0	806	829
TP1_synth_forward		32	G	7	15	18	2388	0	0	11	2439	4	9	13	797	0	0	6	829
TP1_synth_forward		33	T	42	0	14	1	0	1	4681	4739	18	0	10	0	0	1	921	950
TP1_synth_forward		34	T	44	0	13	0	0	0	4711	4768	23	0	9	0	0	0	932	964
TP1_synth_forward		35	C	12	4742	14	0	0	0	0	4768	5	949	10	0	0	0	0	964
TP1_synth_forward		36	G	1	9	19	4686	0	1	52	4768	1	3	14	924	0	1	21	964
TP1_synth_forward		37	C	10	5074	20	0	0	0	0	5104	4	967	15	0	0	0	0	986
TP1_synth_forward		38	A	6027	3	22	0	0	0	1	6053	991	2	17	0	0	0	0	1010
TP1_synth_forward		39	C	8	7582	18	0	0	0	0	7608	6	1065	12	0	0	0	0	1083
TP1_synth_forward		40	T	29	0	21	0	0	0	7558	7608	12	0	15	0	0	0	1056	1083
TP1_synth_forward		41	C	8	8638	983	2	0	1	6	9638	4	1101	48	0	0	0	3	1156
TP1_synth_forward		42	C	20	10091	13	0	4	0	1	10129	6	1175	7	0	2	0	1	1191
TP1_synth_forward		43	G	3	6	15	10067	0	1	36	10128	1	2	8	1164	0	0	16	1191
TP1_synth_forward		44	A	10112	1	12	1	1	0	1	10128	1185	0	6	0	0	0	0	1191
TP1_synth_forward		45	G	2	15	10	10085	0	1	15	10128	2	4	5	1172	0	1	7	1191
TP1_synth_forward		46	T	112	1	18	0	0	0	11248	11379	27	0	10	0	0	0	1212	1249
TP1_synth_forward		47	G	20	17	11	11389	0	0	13	11450	11	5	7	1242	0	0	2	1267
TP1_synth_forward		48	C	32	11393	12	1	8	3	1	11450	15	1237	8	0	7	0	0	1267
TP1_synth_forward		49	G	4	9	12	11377	0	2	46	11450	0	5	8	1227	0	0	27	1267
TP1_synth_forward		50	G	10	7	10	11401	0	0	28	11456	2	3	6	1247	0	0	13	1271
TP1_synth_forward		51	C	9	11443	12	1	3	1	2	11471	3	1273	6	0	2	0	0	1284
TP1_synth_forward		52	T	57	1	14	1	0	1	11436	11510	23	0	8	0	0	0	1263	1294
TP1_synth_forward		53	T	111	2	4	2	0	2	11404	11525	33	1	2	0	0	2	1267	1305
TP1_synth_forward		54	G	9	10	1	11829	0	1	11	11861	3	3	1	1361	0	1	4	1373
TP1_synth_forward		55	C	17	11834	1	2	1	0	6	11861	9	1361	1	0	1	0	1	1373
TP1_synth_forward		56	G	7	5	58	11738	0	2	51	11861	3	1	8	1346	0	1	14	1373
TP1_synth_forward		57	G	5	8	0	11828	0	3	16	11860	0	1	0	1365	0	1	5	1372
TP1_synth_forward		58	A	11868	0	0	11	0	2	1	11882	1376	0	0	0	0	0	0	1376
TP1_synth_forward		59	G	7	5	0	11858	0	1	11	11882	1	2	0	1368	0	0	5	1376
TP1_synth_forward		60	A	11894	6	0	2	0	1	4	11907	1377	1	0	0	0	0	1	1379
TP1_synth_forward		61	T	41	2	0	10	0	0	11854	11907	6	0	0	3	0	0	1370	1379
TP1_synth_forward		62	T	58	2	0	15	0	2	11830	11907	19	0	0	4	0	1	1355	1379
TP1_synth_forward		63	C	14	11880	4	5	1	2	1	11907	5	1368	2	1	1	1	1	1379
TP1_synth_forward		64	T	49	3	4	0	0	0	11851	11907	14	0	2	0	0	0	1363	1379
TP1_synth_forward		65	C	9	11888	4	1	0	1	3	11906	3	1372	2	1	0	0	0	1378
TP1_synth_forward		66	T	74	2	5	6	0	0	11819	11906	17	0	3	1	0	0	1357	1378
TP1_synth_forward		67	T	64	0	4	4	0	2	11831	11905	21	0	2	0	0	0	1354	1377
TP1_synth_forward		68	C	14	11877	7	1	0	0	5	11904	3	1370	4	0	0	0	0	1377
TP1_synth_forward		69	C	37	11861	1	1	0	3	0	11903	9	1367	0	0	0	0	0	1376
TP1_synth_forward		70	T	41	1	4	2	0	1	11854	11903	16	0	2	0	0	0	1358	1376
TP1_synth_forward		71	C	10	11888	0	0	0	1	3	11902	7	1368	0	0	0	0	0	1375
TP1_synth_forward		72	T	52	4	4	1	0	1	11840	11902	19	2	2	0	0	0	1352	1375
TP1_synth_forward		73	G	4	18	8	11863	0	1	7	11901	2	4	5	1360	0	0	4	1375
TP1_synth_forward		74	T	62	1	2	5	0	1	11829	11900	24	0	1	0	0	0	1350	1375
TP1_synth_forward		75	G	13	10	3	11864	0	2	8	11900	6	2	3	1362	0	0	2	1375
TP1_synth_forward		76	C	27	11859	6	0	0	4	4	11900	12	1359	4	0	0	0	0	1375
TP1_synth_forward		77	G	3	4	0	11854	0	2	37	11900	0	3	0	1359	0	0	13	1375
TP1_synth_forward		78	C	7	11888	2	1	0	0	2	11900	5	1367	2	1	0	0	0	1375
TP1_synth_forward		79	C	10	11884	0	0	0	1	4	11899	4	1371	0	0	0	0	0	1375
TP1_synth_forward		80	G	12	4	0	11856	0	0	26	11898	5	1	0	1361	0	0	8	1375
TP1_synth_forward		81	C	15	11857	13	2	2	0	0	11889	6	1358	2	0	0	0	0	1366
TP1_synth_forward		82	A	11869	1	8	6	0	0	5	11889	1362	0	3	0	0	0	1	1366
TP1_synth_forward		83	A	11877	7	0	4	0	1	0	11889	1364	1	0	1	0	0	0	1366
TP1_synth_forward		84	A	11862	14	0	8	0	2	3	11889	1362	2	0	1	0	1	0	1366
TP1_synth_forward		85	G	3	11	0	11858	0	2	8	11882	1	1	0	1359	0	0	2	1363
TP1_synth_forward		86	C	12	11865	0	1	0	0	1	11879	7	1355	0	0	0	0	0	1362
TP1_synth_forward		87	T	110	2	4	0	0	1	11751	11868	30	0	1	0	0	1	1328	1360
TP1_synth_forward		88	G	4	10	0	11847	0	0	4	11865	1	2	0	1352	0	0	3	1358
TP1_synth_forward		89	T	109	0	0	1	0	1	11747	11858	24	0	0	0	0	0	1333	1357
TP1_synth_forward		90	T	52	1	0	3	0	0	11799	11855	17	0	0	0	0	0	1339	1356
TP1_synth_forward		91	C	16	11675	147	6	0	0	5	11849	4	1342	8	0	0	0	1	1355
TP1_synth_forward		92	C	17	11824	0	2	0	0	3	11846	3	1352	0	0	0	0	0	1355
TP1_synth_forward		93	G	7	10	0	11821	0	0	4	11842	1	6	0	1343	0	0	2	1352
TP1_synth_forward		94	T	52	2	0	0	0	0	11777	11831	11	0	0	0	0	0	1338	1349
TP1_synth_forward		95	C	11	11813	0	1	0	0	2	11827	2	1346	0	0	0	0	0	1348
TP1_synth_forward		96	C	0	11181	0	0	0	1	0	11182	0	1324	0	0	0	0	0	1324
TP1_synth_forward		97	C	0	11162	0	0	0	1	0	11163	0	1317	0	0	0	0	0	1317
TP1_synth_forward		98	A	11133	0	0	0	0	0	0	11133	1309	0	0	0	0	0	0	1309
TP1_synth_forward		99	G	0	0	0	11089	0	0	0	11089	0	0	0	1298	0	0	0	1298
TP1_synth_forward		100	T	0	0	0	0	0	0	10984	10984	0	0	0	0	0	0	1273	1273
TP1_synth_forward	TP1_synth_forward	1	G	0	0	0	562701	0	0	0	562701	0	0	0	21456	0	0	0	21456
TP1_synth_forward	TP1_synth_forward	2	T	0	0	0	0	0	0	563216	563216	0	0	0	0	0	0	21725	21725
TP1_synth_forward	TP1_synth_forward	3	G	0	0	0	567230	0	8	0	567238	0	0	0	22258	0	3	0	22261
TP1_synth_forward	TP1_synth_forward	4	G	0	0	0	567907	0	3	0	567910	0	0	0	22645	0	2	0	22647
TP1_synth_forward	TP1_synth_forward	5	T	0	0	0	0	0	9	567901	567910	0	0	0	0	0	2	22645	22647
TP1_synth_forward	TP1_synth_forward	6	G	95	73	0	567495	0	130	117	567910	3	5	0	22611	0	20	8	22647
TP1_synth_forward	TP1_synth_forward	7	A	567617	18	0	72	0	104	99	567910	22633	0	0	2	0	11	1	22647
TP1_synth_forward	TP1_synth_forward	8	G	86	32	0	567721	0	24	47	567910	3	2	0	22640	0	0	2	22647
TP1_synth_forward	TP1_synth_forward	9	G	83	92	0	567434	1	230	70	567910	4	22	0	22605	1	11	4	22647
TP1_synth_forward	TP1_synth_forward	10	C	89	567017	587	13	0	120	84	567910	12	22602	9	0	0	21	3	22647
TP1_synth_forward	TP1_synth_forward	11	T	271	87	131	13	5	96	567307	567910	42	1	3	0	3	23	22575	22647
TP1_synth_forward	TP1_synth_forward	12	C	94	561028	6653	7	0	30	98	567910	8	22492	129	1	0	14	3	22647
TP1_synth_forward	TP1_synth_forward	13	C	222	567327	183	10	0	67	101	567910	13	22619	4	0	0	8	3	22647
TP1_synth_forward	TP1_synth_forward	14	C	150	567035	21	22	0	20	662	567910	10	22610	4	1	0	7	15	22647
TP1_synth_forward	TP1_synth_forward	15	C	97	563976	3694	7	2	58	76	567910	11	22551	82	0	0	3	0	22647
TP1_synth_forward	TP1_synth_forward	16	T	1249	4807	18514	5	0	32	543303	567910	98	129	578	0	0	2	21840	22647
TP1_synth_forward	TP1_synth_forward	17	T	1393	62	2621	15	0	38	563781	567910	69	2	102	0	0	13	22461	22647
TP1_synth_forward	TP1_synth_forward	18	T	170	52	2517	16	0	110	565045	567910	26	0	140	1	0	18	22462	22647
TP1_synth_forward	TP1_synth_forward	19	A	558738	4	7832	68	0	53	1215	567910	22308	0	301	5	0	6	27	22647
TP1_synth_forward	TP1_synth_forward	20	T	218	47	2865	39	1	67	564673	567910	38	2	122	5	1	6	22473	22647
TP1_synth_forward	TP1_synth_forward	21	A	562499	14	4807	59	2	57	472	567910	22387	1	217	0	1	10	31	22647
TP1_synth_forward	TP1_synth_forward	22	C	120	562249	4440	34	912	48	107	567910	10	22434	162	2	31	6	2	22647
TP1_synth_forward	TP1_synth_forward	23	A	563490	14	4050	103	1	158	94	567910	22467	2	142	3	0	30	3	22647
TP1_synth_forward	TP1_synth_forward	24	G	113	734	4308	561168	2	140	1445	567910	11	32	138	22377	0	42	47	22647
TP1_synth_forward	TP1_synth_forward	25	A	558188	14	9385	113	0	79	131	567910	22281	1	325	3	0	30	7	22647
TP1_synth_forward	TP1_synth_forward	26	A	561370	9	6308	93	0	37	93	567910	22430	0	193	7	0	13	4	22647
TP1_synth_forward	TP1_synth_forward	27	T	662	64	6417	40	0	46	560681	567910	117	2	190	0	0	4	22334	22647
TP1_synth_forward	TP1_synth_forward	28	A	560515	14	6331	54	0	62	934	567910	22452	1	178	1	0	5	10	22647
TP1_synth_forward	TP1_synth_forward	29	T	812	366	9572	212	5	76	556867	567910	73	19	289	9	1	33	22223	22647
TP1_synth_forward	TP1_synth_forward	30	C	226	558358	8985	38	0	32	271	567910	29	22346	251	2	0	3	16	22647
TP1_synth_forward	TP1_synth_forward	31	T	1341	65	8752	19	1	11	557710	567899	199	1	231	0	1	1	22207	22640
TP1_synth_forward	TP1_synth_forward	32	G	161	216	9964	557314	0	37	178	567870	12	34	265	22275	0	6	32	22624
TP1_synth_forward	TP1_synth_forward	33	T	1325	53	10502	7	0	82	555896	567865	128	0	249	2	0	25	22216	22620
TP1_synth_forward	TP1_synth_forward	34	T	1891	61	7270	714	0	114	557796	567846	218	7	175	14	0	30	22165	22609
TP1_synth_forward	TP1_synth_forward	35	C	380	559763	7494	22	0	46	137	567842	73	22316	207	1	0	8	1	22606
TP1_synth_forward	TP1_synth_forward	36	G	155	200	8813	557326	1	115	1211	567821	7	41	226	22167	1	27	127	22596
TP1_synth_forward	TP1_synth_forward	37	C	186	556095	11305	23	0	137	70	567816	26	22261	294	1	0	9	1	22592
TP1_synth_forward	TP1_synth_forward	38	A	557922	51	9634	70	0	52	85	567814	22285	2	285	2	0	13	3	22590
TP1_synth_forward	TP1_synth_forward	39	C	131	558356	9142	53	0	55	70	567807	19	22322	224	5	0	12	3	22585
TP1_synth_forward	TP1_synth_forward	40	T	1599	70	9135	17	2	44	556927	567794	266	1	219	1	2	4	22084	22577
TP1_synth_forward	TP1_synth_forward	41	C	227	561194	4460	17	1	75	1817	567791	29	22359	118	2	0	39	28	22575
TP1_synth_forward	TP1_synth_forward	42	C	295	556709	10185	22	218	32	291	567752	44	22207	265	3	8	6	29	22562
TP1_synth_forward	TP1_synth_forward	43	G	132	187	13482	553084	3	31	803	567722	6	52	357	22031	0	1	101	22548
TP1_synth_forward	TP1_synth_forward	44	A	554767	18	12723	66	0	85	43	567702	22199	1	328	3	0	9	1	22541
TP1_synth_forward	TP1_synth_forward	45	G	470	268	12395	553917	0	203	438	567691	18	53	301	22044	0	40	77	22533
TP1_synth_forward	TP1_synth_forward	46	T	1534	68	15706	231	0	81	550061	567681	167	5	401	10	0	16	21928	22527
TP1_synth_forward	TP1_synth_forward	47	G	1996	242	11850	553186	11	98	271	567654	80	41	282	22068	2	7	29	22509
TP1_synth_forward	TP1_synth_forward	48	C	321	552083	11962	21	2869	218	178	567652	53	22057	283	2	62	34	17	22508
TP1_synth_forward	TP1_synth_forward	49	G	151	127	11436	555333	8	144	444	567643	6	36	253	22103	2	48	52	22500
TP1_synth_forward	TP1_synth_forward	50	G	196	192	10199	555053	5	85	1907	567637	16	42	216	22131	2	13	76	22496
TP1_synth_forward	TP1_synth_forward	51	C	182	554902	10754	693	823	184	96	567634	25	22178	243	21	19	7	2	22495
TP1_synth_forward	TP1_synth_forward	52	T	1274	44	9733	147	2	121	556307	567628	190	1	234	4	2	8	22052	22491
TP1_synth_forward	TP1_synth_forward	53	T	1290	77	6719	92	1	65	559379	567623	180	0	200	4	1	9	22095	22489
TP1_synth_forward	TP1_synth_forward	54	G	135	161	464	566552	2	111	188	567613	8	30	58	22318	1	30	35	22480
TP1_synth_forward	TP1_synth_forward	55	C	230	565368	914	63	0	231	803	567609	40	22313	49	2	0	54	20	22478
TP1_synth_forward	TP1_synth_forward	56	G	234	114	309	566435	0	164	349	567605	7	19	25	22365	0	14	45	22475
TP1_synth_forward	TP1_synth_forward	57	G	96	93	5	566600	0	75	715	567584	3	20	1	22400	0	4	35	22463
TP1_synth_forward	TP1_synth_forward	58	A	567264	21	9	116	0	55	112	567577	22442	4	3	7	0	0	6	22462
TP1_synth_forward	TP1_synth_forward	59	G	1207	91	102	565904	2	41	207	567554	42	18	8	22351	0	4	30	22453
TP1_synth_forward	TP1_synth_forward	60	A	567233	77	31	75	1	44	91	567552	22425	5	5	1	0	10	5	22451
TP1_synth_forward	TP1_synth_forward	61	T	481	52	7	302	0	57	566643	567542	52	3	0	21	0	1	22370	22447
TP1_synth_forward	TP1_synth_forward	62	T	1047	84	90	296	0	58	565899	567474	158	0	7	21	0	5	22231	22422
TP1_synth_forward	TP1_synth_forward	63	C	308	564879	1158	31	671	96	305	567448	42	22271	46	1	26	10	19	22415
TP1_synth_forward	TP1_synth_forward	64	T	1427	78	1436	70	2	81	564341	567435	188	4	45	5	1	11	22157	22411
TP1_synth_forward	TP1_synth_forward	65	C	167	565637	1438	28	2	86	67	567425	26	22320	46	3	2	5	0	22402
TP1_synth_forward	TP1_synth_forward	66	T	1370	80	1450	73	0	50	564394	567417	189	1	47	5	0	4	22156	22402
TP1_synth_forward	TP1_synth_forward	67	T	1615	64	1436	81	1	55	564154	567406	214	2	46	4	1	1	22131	22399
TP1_synth_forward	TP1_synth_forward	68	C	219	565355	1685	19	0	64	59	567401	28	22308	54	1	0	3	3	22397
TP1_synth_forward	TP1_synth_forward	69	C	395	565543	400	91	0	86	883	567398	52	22251	14	3	0	27	50	22397
TP1_synth_forward	TP1_synth_forward	70	T	1264	42	1407	26	7	166	564475	567387	194	3	46	3	6	20	22123	22395
TP1_synth_forward	TP1_synth_forward	71	C	331	566686	5	25	1	62	277	567387	46	22330	2	1	1	5	10	22395
TP1_synth_forward	TP1_synth_forward	72	T	1658	451	1190	21	0	66	563991	567377	218	22	36	0	0	14	22101	22391
TP1_synth_forward	TP1_synth_forward	73	G	164	451	2797	562327	0	86	1543	567368	14	59	57	22193	0	10	55	22388
TP1_synth_forward	TP1_synth_forward	74	T	1201	71	224	15	0	85	565755	567351	136	0	8	1	0	2	22236	22383
TP1_synth_forward	TP1_synth_forward	75	G	1500	155	1589	563857	1	57	180	567339	62	32	48	22200	1	1	32	22376
TP1_synth_forward	TP1_synth_forward	76	C	369	565040	1422	42	0	115	348	567336	47	22249	47	2	0	9	22	22376
TP1_synth_forward	TP1_synth_forward	77	G	191	236	7	566452	1	72	370	567329	6	48	2	22256	1	6	53	22372
TP1_synth_forward	TP1_synth_forward	78	C	149	566098	657	23	0	100	301	567328	18	22293	30	1	0	6	23	22371
TP1_synth_forward	TP1_synth_forward	79	C	161	566811	20	33	2	122	175	567324	19	22311	3	2	2	26	7	22370
TP1_synth_forward	TP1_synth_forward	80	G	1741	463	24	564675	0	35	362	567300	59	84	6	22143	0	3	62	22357
TP1_synth_forward	TP1_synth_forward	81	C	891	562060	3128	18	1045	29	117	567288	25	22240	63	0	17	0	8	22353
TP1_synth_forward	TP1_synth_forward	82	A	563561	33	3409	147	0	38	100	567288	22283	3	57	5	0	1	4	22353
TP1_synth_forward	TP1_synth_forward	83	A	566970	107	5	91	1	57	51	567282	22336	5	1	5	0	3	1	22351
TP1_synth_forward	TP1_synth_forward	84	A	565737	76	0	1200	0	140	70	567223	22297	6	0	25	0	19	0	22347
TP1_synth_forward	TP1_synth_forward	85	G	121	194	1	566647	1	102	98	567164	19	37	0	22252	0	7	12	22327
TP1_synth_forward	TP1_synth_forward	86	C	291	566565	4	65	0	96	98	567119	42	22260	1	3	0	6	4	22316
TP1_synth_forward	TP1_synth_forward	87	T	2383	57	1115	249	0	93	563087	566984	265	1	29	9	0	23	21949	22276
TP1_synth_forward	TP1_synth_forward	88	G	160	316	3	566207	1	49	188	566924	23	28	0	22188	0	6	17	22262
TP1_synth_forward	TP1_synth_forward	89	T	1137	91	309	36	0	37	565233	566843	88	1	12	2	0	12	22131	22246
TP1_synth_forward	TP1_synth_forward	90	T	1282	93	0	33	18	27	565312	566765	121	3	0	1	0	15	22092	22232
TP1_synth_forward	TP1_synth_forward	91	C	339	565688	535	34	0	11	89	566696	32	22166	15	1	0	1	2	22217
TP1_synth_forward	TP1_synth_forward	92	C	286	566112	0	39	0	35	173	566645	15	22188	0	0	0	3	2	22208
TP1_synth_forward	TP1_synth_forward	93	G	380	347	0	565645	0	47	140	566559	25	56	0	22091	0	4	13	22189
TP1_synth_forward	TP1_synth_forward	94	T	1402	72	0	61	0	51	564798	566384	127	1	0	5	0	17	22018	22168
TP1_synth_forward	TP1_synth_forward	95	C	101	566042	0	42	0	84	98	566367	9	22138	0	3	0	13	2	22165
TP1_synth_forward	TP1_synth_forward	96	C	0	565408	0	0	0	50	0	565458	0	22113	0	0	0	14	0	22127
TP1_synth_forward	TP1_synth_forward	97	C	0	563906	0	0	0	45	0	563951	0	22083	0	0	0	5	0	22088
TP1_synth_forward	TP1_synth_forward	98	A	561140	0	0	0	0	12	0	561152	22007	0	0	0	0	4	0	22011
TP1_synth_forward	TP1_synth_forward	99	G	0	0	0	559101	0	0	0	559101	0	0	0	21877	0	0	0	21877
TP1_synth_forward	TP1_synth_forward	100	T	0	0	0	0	0	0	557459	557459	0	0	0	0	0	0	21738	21738
