



























































































































































































































#AmpliconChromStart	Alias	Position	ProbableRef	rawA	rawC	rawD	rawG	rawI	rawN	rawT	rawDepth	consA	consC	consD	consG	consI	consN	consT	consDepth	
TP1_synth_forward		5	T	0	0	0	0	0	0	622	622	0	0	0	0	0	0	440	440
TP1_synth_forward		6	G	0	0	0	2113	0	0	0	2113	0	0	0	774	0	0	0	774
TP1_synth_forward		7	A	2159	0	0	0	0	0	0	2159	801	0	0	0	0	0	0	801
TP1_synth_forward		8	G	0	0	0	2776	0	0	0	2776	0	0	0	847	0	0	0	847
TP1_synth_forward		9	G	0	0	0	2801	0	0	0	2801	0	0	0	860	0	0	0	860
TP1_synth_forward		10	C	1	2818	0	0	0	0	0	2819	0	870	0	0	0	0	0	870
TP1_synth_forward		11	T	17	0	0	0	0	1	2809	2827	10	0	0	0	0	1	866	877
TP1_synth_forward		12	C	4	2830	0	0	0	0	2	2836	3	882	0	0	0	0	0	885
TP1_synth_forward		13	C	13	2822	0	0	0	1	0	2836	9	875	0	0	0	1	0	885
TP1_synth_forward		14	C	11	2819	0	0	0	1	5	2836	6	877	0	0	0	0	2	885
TP1_synth_forward		15	C	8	2836	0	0	0	0	0	2844	5	884	0	0	0	0	0	889
TP1_synth_forward		16	T	32	0	4	0	0	0	2808	2844	21	0	4	0	0	0	864	889
TP1_synth_forward		17	T	53	0	0	0	0	1	2790	2844	18	0	0	0	0	0	871	889
TP1_synth_forward		18	T	30	1	0	0	1	1	2827	2860	17	0	0	0	1	1	878	897
TP1_synth_forward		19	A	2878	1	0	1	0	0	0	2880	902	0	0	0	0	0	0	902
TP1_synth_forward		20	T	14	0	1	0	2	0	2863	2880	7	0	0	0	2	0	893	902
TP1_synth_forward		21	A	2891	1	0	0	0	0	0	2892	910	0	0	0	0	0	0	910
TP1_synth_forward		22	C	4	2887	1	0	0	0	0	2892	2	907	1	0	0	0	0	910
TP1_synth_forward		23	A	2880	0	0	1	5	0	6	2892	900	0	0	0	4	0	6	910
TP1_synth_forward		24	G	1	7	1	2874	2	0	7	2892	0	2	1	901	2	0	4	910
TP1_synth_forward		25	A	2888	0	0	2	0	0	2	2892	908	0	0	2	0	0	0	910
TP1_synth_forward		26	A	2890	1	0	0	0	0	1	2892	910	0	0	0	0	0	0	910
TP1_synth_forward		27	T	46	0	0	2	0	1	2843	2892	27	0	0	0	0	1	882	910
TP1_synth_forward		28	A	2889	2	0	0	0	0	1	2892	909	0	0	0	0	0	1	910
TP1_synth_forward		29	T	13	0	1	1	0	1	2876	2892	8	0	1	1	0	1	899	910
TP1_synth_forward		30	C	2	2887	1	0	0	1	1	2892	1	906	1	0	0	1	1	910
TP1_synth_forward		31	T	32	1	1	0	1	0	2857	2892	20	0	0	0	1	0	889	910
TP1_synth_forward		32	G	7	15	0	2858	2	0	10	2892	4	3	0	896	2	0	5	910
TP1_synth_forward		33	T	61	1	1	0	0	0	2829	2892	29	1	1	0	0	0	879	910
TP1_synth_forward		34	T	69	0	0	0	0	0	2823	2892	33	0	0	0	0	0	877	910
TP1_synth_forward		35	C	16	2874	0	0	2	0	2	2894	10	899	0	0	2	0	1	912
TP1_synth_forward		36	G	3	2	0	2822	0	1	66	2894	1	0	0	875	0	0	36	912
TP1_synth_forward		37	C	14	2878	1	0	0	0	1	2894	8	903	1	0	0	0	0	912
TP1_synth_forward		38	A	2890	1	0	2	0	0	1	2894	909	1	0	1	0	0	1	912
TP1_synth_forward		39	C	6	2884	0	0	3	0	1	2894	5	904	0	0	3	0	0	912
TP1_synth_forward		40	T	29	5	0	0	1	0	2859	2894	13	2	0	0	1	0	896	912
TP1_synth_forward		41	C	9	2884	0	0	0	1	0	2894	4	907	0	0	0	1	0	912
TP1_synth_forward		42	C	11	2877	0	0	0	0	6	2894	2	904	0	0	0	0	6	912
TP1_synth_forward		43	G	0	2	3	2830	1	0	57	2893	0	2	2	866	1	0	41	912
TP1_synth_forward		44	A	2886	0	2	2	1	1	0	2892	908	0	1	1	1	0	0	911
TP1_synth_forward		45	G	4	18	3	2849	0	0	18	2892	2	10	1	887	0	0	11	911
TP1_synth_forward		46	T	52	0	5	0	2	1	2834	2894	26	0	2	0	2	0	883	913
TP1_synth_forward		47	G	23	17	3	2839	2	0	10	2894	19	11	1	877	1	0	4	913
TP1_synth_forward		48	C	22	2865	4	0	0	1	2	2894	4	906	2	0	0	1	0	913
TP1_synth_forward		49	G	11	5	3	2819	0	0	56	2894	2	2	1	882	0	0	26	913
TP1_synth_forward		50	G	24	8	2	2831	0	0	29	2894	4	3	0	894	0	0	12	913
TP1_synth_forward		51	C	17	2937	2	2	1	0	0	2959	6	964	1	0	1	0	0	972
TP1_synth_forward		52	T	58	0	1	0	0	0	2906	2965	29	0	1	0	0	0	945	975
TP1_synth_forward		53	T	64	1	0	1	0	1	2902	2969	30	0	0	0	0	1	947	978
TP1_synth_forward		54	G	20	7	0	2938	2	0	6	2973	6	4	0	972	0	0	0	982
TP1_synth_forward		55	C	17	2954	0	0	0	1	1	2973	5	976	0	0	0	1	0	982
TP1_synth_forward		56	G	19	7	0	2934	0	0	19	2979	4	2	0	972	0	0	6	984
TP1_synth_forward		57	G	7	4	0	2988	0	1	13	3013	1	0	0	978	0	0	8	987
TP1_synth_forward		58	A	3082	0	0	0	0	0	1	3083	987	0	0	0	0	0	1	988
TP1_synth_forward		59	G	1	5	0	3063	0	0	14	3083	0	5	0	976	0	0	7	988
TP1_synth_forward		60	A	3181	4	1	0	0	0	0	3186	985	3	1	0	0	0	0	989
TP1_synth_forward		61	T	15	1	1	5	0	0	3164	3186	5	1	1	3	0	0	979	989
TP1_synth_forward		62	T	33	0	0	3	4	0	3146	3186	18	0	0	1	3	0	967	989
TP1_synth_forward		63	C	9	3187	0	0	0	0	0	3196	3	988	0	0	0	0	0	991
TP1_synth_forward		64	T	21	1	0	1	1	1	3181	3206	9	1	0	0	1	0	981	992
TP1_synth_forward		65	C	5	3210	0	0	0	0	0	3215	4	990	0	0	0	0	0	994
TP1_synth_forward		66	T	32	0	0	2	0	0	3181	3215	18	0	0	0	0	0	976	994
TP1_synth_forward		67	T	42	0	0	1	2	0	3170	3215	24	0	0	0	2	0	968	994
TP1_synth_forward		68	C	5	3167	1	50	0	2	1	3226	2	976	1	22	0	0	1	1002
TP1_synth_forward		69	C	12	3216	0	0	0	2	0	3230	8	995	0	0	0	0	0	1003
TP1_synth_forward		70	T	23	0	0	0	0	1	3209	3233	15	0	0	0	0	1	988	1004
TP1_synth_forward		71	C	6	3225	0	0	0	2	0	3233	6	997	0	0	0	1	0	1004
TP1_synth_forward		72	T	19	0	0	0	2	0	3211	3232	15	0	0	0	0	0	988	1003
TP1_synth_forward		73	G	7	13	0	3206	0	0	6	3232	6	6	0	988	0	0	3	1003
TP1_synth_forward		74	T	33	0	0	0	0	0	3199	3232	16	0	0	0	0	0	987	1003
TP1_synth_forward		75	G	6	6	0	3211	6	0	2	3231	3	2	0	994	3	0	1	1003
TP1_synth_forward		76	C	8	3217	0	0	2	0	2	3229	2	999	0	0	2	0	0	1003
TP1_synth_forward		77	G	4	7	1	3199	0	0	18	3229	2	2	0	985	0	0	14	1003
TP1_synth_forward		78	C	6	3220	0	0	0	1	1	3228	4	998	0	0	0	0	0	1002
TP1_synth_forward		79	C	6	3212	1	0	3	1	5	3228	5	994	0	0	1	1	1	1002
TP1_synth_forward		80	G	0	10	1	3198	0	0	18	3227	0	5	0	986	0	0	10	1001
TP1_synth_forward		81	C	9	3154	0	2	4	0	0	3169	5	938	0	0	3	0	0	946
TP1_synth_forward		82	A	3161	1	0	5	0	1	1	3169	946	0	0	0	0	0	0	946
TP1_synth_forward		83	A	3159	0	0	7	0	0	3	3169	945	0	0	0	0	0	1	946
TP1_synth_forward		84	A	3165	1	0	3	0	0	0	3169	946	0	0	0	0	0	0	946
TP1_synth_forward		85	G	0	5	0	3163	0	0	1	3169	0	3	0	942	0	0	1	946
TP1_synth_forward		86	C	11	3148	0	5	0	1	1	3166	6	935	0	2	0	1	0	944
TP1_synth_forward		87	T	30	0	0	1	0	0	3130	3161	16	0	0	0	0	0	924	940
TP1_synth_forward		88	G	2	9	0	3142	2	0	3	3158	2	3	0	932	2	0	0	939
TP1_synth_forward		89	T	36	0	0	2	1	0	3118	3157	21	0	0	0	1	0	917	939
TP1_synth_forward		90	T	37	0	0	2	5	1	3111	3156	18	0	0	0	3	0	918	939
TP1_synth_forward		91	C	5	3149	0	1	0	0	1	3156	2	937	0	0	0	0	0	939
TP1_synth_forward		92	C	6	3147	0	1	0	0	0	3154	4	935	0	0	0	0	0	939
TP1_synth_forward		93	G	3	3	0	3133	0	0	7	3146	2	1	0	929	0	0	2	934
TP1_synth_forward		94	T	24	0	0	2	0	0	3116	3142	14	0	0	0	0	0	920	934
TP1_synth_forward		95	C	2	3136	0	0	0	0	1	3139	1	932	0	0	0	0	0	933
TP1_synth_forward		96	C	0	3128	0	0	0	0	0	3128	0	931	0	0	0	0	0	931
TP1_synth_forward		97	C	0	3123	0	0	0	0	0	3123	0	930	0	0	0	0	0	930
TP1_synth_forward		98	A	3096	0	0	0	0	0	0	3096	927	0	0	0	0	0	0	927
TP1_synth_forward		99	G	0	0	0	3085	0	0	0	3085	0	0	0	924	0	0	0	924
TP1_synth_forward		100	T	0	0	0	0	0	0	3041	3041	0	0	0	0	0	0	904	904
TP1_synth_forward	TP1_synth_forward	1	G	0	0	0	589853	0	0	0	589853	0	0	0	31379	0	0	0	31379
TP1_synth_forward	TP1_synth_forward	2	T	0	0	0	0	0	0	590406	590406	0	0	0	0	0	0	31680	31680
TP1_synth_forward	TP1_synth_forward	3	G	0	0	0	592604	0	5	0	592609	0	0	0	32333	0	5	0	32338
TP1_synth_forward	TP1_synth_forward	4	G	0	0	0	593328	0	4	0	593332	0	0	0	32826	0	0	0	32826
TP1_synth_forward	TP1_synth_forward	5	T	0	0	0	0	0	23	593309	593332	0	0	0	0	0	3	32823	32826
TP1_synth_forward	TP1_synth_forward	6	G	126	61	0	592161	0	123	861	593332	3	2	0	32775	0	28	18	32826
TP1_synth_forward	TP1_synth_forward	7	A	593016	19	0	77	0	114	106	593332	32806	2	0	4	0	10	4	32826
TP1_synth_forward	TP1_synth_forward	8	G	115	31	0	593046	1	18	121	593332	5	3	0	32809	0	1	8	32826
TP1_synth_forward	TP1_synth_forward	9	G	91	75	0	592822	0	257	87	593332	5	17	0	32792	0	8	4	32826
TP1_synth_forward	TP1_synth_forward	10	C	93	592952	4	12	7	155	109	593332	10	32772	2	1	3	35	3	32826
TP1_synth_forward	TP1_synth_forward	11	T	281	110	9	11	491	101	592329	593332	50	5	4	0	13	23	32731	32826
TP1_synth_forward	TP1_synth_forward	12	C	96	592509	541	21	1	40	124	593332	11	32761	39	0	0	11	4	32826
TP1_synth_forward	TP1_synth_forward	13	C	226	592926	1	18	0	64	97	593332	18	32791	1	2	0	9	5	32826
TP1_synth_forward	TP1_synth_forward	14	C	164	592438	0	18	1	31	680	593332	13	32786	0	0	0	14	13	32826
TP1_synth_forward	TP1_synth_forward	15	C	113	592536	35	6	504	64	74	593332	18	32768	8	0	28	1	3	32826
TP1_synth_forward	TP1_synth_forward	16	T	314	257	522	9	0	38	592192	593332	64	20	48	0	0	2	32692	32826
TP1_synth_forward	TP1_synth_forward	17	T	281	75	9	18	0	38	592911	593332	61	3	5	2	0	20	32735	32826
TP1_synth_forward	TP1_synth_forward	18	T	196	49	2	17	481	132	592455	593332	39	2	1	2	27	23	32732	32826
TP1_synth_forward	TP1_synth_forward	19	A	593053	7	16	85	5	61	105	593332	32805	0	5	2	3	4	7	32826
TP1_synth_forward	TP1_synth_forward	20	T	239	61	145	29	540	73	592245	593332	48	4	3	3	27	17	32724	32826
TP1_synth_forward	TP1_synth_forward	21	A	592349	267	360	79	95	62	120	593332	32759	13	16	3	23	8	4	32826
TP1_synth_forward	TP1_synth_forward	22	C	170	592175	436	40	15	63	433	593332	20	32741	27	3	8	12	15	32826
TP1_synth_forward	TP1_synth_forward	23	A	588214	444	461	102	1200	146	2765	593332	32546	27	28	1	62	39	123	32826
TP1_synth_forward	TP1_synth_forward	24	G	77	34	841	590653	568	148	1011	593332	1	7	58	32604	26	47	83	32826
TP1_synth_forward	TP1_synth_forward	25	A	592767	16	280	102	0	99	68	593332	32739	2	24	6	0	54	1	32826
TP1_synth_forward	TP1_synth_forward	26	A	593033	22	53	78	0	50	96	593332	32785	4	17	4	0	13	3	32826
TP1_synth_forward	TP1_synth_forward	27	T	712	59	57	55	3	52	592394	593332	112	1	20	0	2	5	32686	32826
TP1_synth_forward	TP1_synth_forward	28	A	592838	261	30	48	1	71	83	593332	32791	15	9	3	1	4	3	32826
TP1_synth_forward	TP1_synth_forward	29	T	366	67	245	238	2	86	592328	593332	92	5	22	16	1	41	32649	32826
TP1_synth_forward	TP1_synth_forward	30	C	277	592648	243	37	3	32	92	593332	50	32746	19	2	2	6	1	32826
TP1_synth_forward	TP1_synth_forward	31	T	1552	64	117	26	516	15	591023	593313	297	4	17	4	12	2	32478	32814
TP1_synth_forward	TP1_synth_forward	32	G	189	147	35	590527	1582	44	781	593305	28	35	13	32608	40	4	78	32806
TP1_synth_forward	TP1_synth_forward	33	T	1319	57	303	6	9	117	591491	593302	211	2	26	1	1	54	32509	32804
TP1_synth_forward	TP1_synth_forward	34	T	2194	65	25	5	19	116	590865	593289	308	4	7	0	7	32	32438	32796
TP1_synth_forward	TP1_synth_forward	35	C	3815	587822	405	26	991	37	168	593264	197	32504	19	1	38	8	9	32776
TP1_synth_forward	TP1_synth_forward	36	G	139	139	803	590688	167	162	1150	593248	12	36	28	32406	25	56	203	32766
TP1_synth_forward	TP1_synth_forward	37	C	173	591987	645	16	5	153	266	593245	38	32664	34	3	2	7	15	32763
TP1_synth_forward	TP1_synth_forward	38	A	592393	47	581	77	3	63	78	593242	32717	4	19	3	1	10	6	32760
TP1_synth_forward	TP1_synth_forward	39	C	145	591569	580	90	704	57	91	593236	31	32672	20	8	9	12	5	32757
TP1_synth_forward	TP1_synth_forward	40	T	1603	1455	801	18	288	48	589012	593225	260	62	39	1	18	7	32364	32751
TP1_synth_forward	TP1_synth_forward	41	C	241	592094	390	17	1	82	395	593220	58	32593	27	0	0	48	20	32746
TP1_synth_forward	TP1_synth_forward	42	C	329	589302	347	31	841	42	2323	593215	74	32518	20	2	28	5	97	32744
TP1_synth_forward	TP1_synth_forward	43	G	138	155	2192	587898	639	38	2128	593188	12	30	69	32358	12	5	235	32721
TP1_synth_forward	TP1_synth_forward	44	A	591831	10	722	50	401	107	63	593184	32626	2	50	2	23	14	2	32719
TP1_synth_forward	TP1_synth_forward	45	G	1532	275	681	588504	215	204	1757	593168	51	61	50	32312	10	58	163	32705
TP1_synth_forward	TP1_synth_forward	46	T	1289	64	928	27	572	76	590205	593161	187	4	49	0	17	23	32419	32699
TP1_synth_forward	TP1_synth_forward	47	G	279	188	940	589952	799	130	850	593138	61	42	38	32410	31	17	80	32679
TP1_synth_forward	TP1_synth_forward	48	C	283	590288	1418	27	635	237	248	593136	45	32496	45	0	25	42	25	32678
TP1_synth_forward	TP1_synth_forward	49	G	189	106	822	588377	0	165	3470	593129	13	36	33	32313	0	66	211	32672
TP1_synth_forward	TP1_synth_forward	50	G	190	187	750	591350	3	92	543	593115	25	54	22	32479	1	14	67	32662
TP1_synth_forward	TP1_synth_forward	51	C	185	589897	1672	727	371	165	91	593108	38	32516	43	21	27	10	2	32657
TP1_synth_forward	TP1_synth_forward	52	T	1218	59	646	96	3	144	590932	593098	245	0	40	4	0	8	32353	32650
TP1_synth_forward	TP1_synth_forward	53	T	1085	91	265	53	459	46	591093	593092	198	4	23	4	28	5	32383	32645
TP1_synth_forward	TP1_synth_forward	54	G	152	762	345	590582	641	123	474	593079	13	63	18	32425	29	37	52	32637
TP1_synth_forward	TP1_synth_forward	55	C	225	592270	30	26	5	284	236	593076	31	32510	5	1	4	69	16	32636
TP1_synth_forward	TP1_synth_forward	56	G	864	98	438	591034	0	201	423	593058	35	27	12	32454	0	26	70	32624
TP1_synth_forward	TP1_synth_forward	57	G	253	79	3	592170	198	86	246	593035	11	21	0	32508	23	8	43	32614
TP1_synth_forward	TP1_synth_forward	58	A	592087	387	6	108	268	47	120	593023	32561	15	1	2	21	3	9	32612
TP1_synth_forward	TP1_synth_forward	59	G	921	103	8	591704	1	37	235	593009	24	17	5	32492	0	11	56	32605
TP1_synth_forward	TP1_synth_forward	60	A	590166	838	1149	70	652	34	91	593000	32527	27	25	3	10	6	0	32598
TP1_synth_forward	TP1_synth_forward	61	T	290	286	8	346	4	74	591977	592985	40	9	2	25	0	5	32507	32588
TP1_synth_forward	TP1_synth_forward	62	T	1070	132	3	306	641	67	590675	592894	184	8	1	24	18	12	32305	32552
TP1_synth_forward	TP1_synth_forward	63	C	377	591904	275	40	2	116	139	592853	50	32455	11	2	0	13	10	32541
TP1_synth_forward	TP1_synth_forward	64	T	1515	73	0	37	0	88	591116	592829	246	4	0	2	0	21	32257	32530
TP1_synth_forward	TP1_synth_forward	65	C	138	591573	184	21	706	107	91	592820	28	32438	34	4	9	8	3	32524
TP1_synth_forward	TP1_synth_forward	66	T	1193	72	13	27	7	61	591439	592812	228	1	1	2	1	2	32284	32519
TP1_synth_forward	TP1_synth_forward	67	T	1454	79	7	40	1391	69	589751	592791	220	4	3	3	34	4	32242	32510
TP1_synth_forward	TP1_synth_forward	68	C	824	573332	232	17915	0	76	406	592785	47	31840	12	588	0	8	11	32506
TP1_synth_forward	TP1_synth_forward	69	C	343	591794	7	59	2	99	471	592775	57	32371	0	0	0	35	39	32502
TP1_synth_forward	TP1_synth_forward	70	T	1301	47	92	26	66	172	591052	592756	195	2	8	3	14	37	32235	32494
TP1_synth_forward	TP1_synth_forward	71	C	373	592131	89	16	5	63	77	592754	60	32415	9	0	0	5	4	32493
TP1_synth_forward	TP1_synth_forward	72	T	1576	101	373	25	656	79	589912	592722	250	15	32	1	41	20	32128	32487
TP1_synth_forward	TP1_synth_forward	73	G	803	268	398	590931	30	98	183	592711	36	46	40	32312	6	8	32	32480
TP1_synth_forward	TP1_synth_forward	74	T	1568	77	303	13	660	92	589990	592703	169	2	32	0	43	4	32229	32479
TP1_synth_forward	TP1_synth_forward	75	G	599	138	816	588476	2173	78	391	592671	29	35	49	32264	46	2	45	32470
TP1_synth_forward	TP1_synth_forward	76	C	283	589906	1095	50	746	156	432	592668	35	32278	86	2	22	15	31	32469
TP1_synth_forward	TP1_synth_forward	77	G	901	276	814	589590	429	86	552	592648	40	55	51	32212	23	5	73	32459
TP1_synth_forward	TP1_synth_forward	78	C	144	591394	823	17	0	101	168	592647	20	32359	57	1	0	10	12	32459
TP1_synth_forward	TP1_synth_forward	79	C	207	587779	822	32	1838	115	1854	592647	30	32215	53	1	66	39	55	32459
TP1_synth_forward	TP1_synth_forward	80	G	226	620	870	589173	2	35	1707	592633	17	96	68	32146	1	2	124	32454
TP1_synth_forward	TP1_synth_forward	81	C	526	589580	543	26	1796	36	114	592621	28	32310	31	1	72	4	4	32450
TP1_synth_forward	TP1_synth_forward	82	A	591661	31	655	135	1	41	94	592618	32409	1	25	4	1	2	6	32448
TP1_synth_forward	TP1_synth_forward	83	A	592305	67	3	84	1	76	81	592617	32429	5	0	2	0	7	5	32448
TP1_synth_forward	TP1_synth_forward	84	A	591990	57	0	171	133	186	65	592602	32414	4	0	8	1	21	0	32448
TP1_synth_forward	TP1_synth_forward	85	G	135	198	59	591886	6	135	106	592525	28	43	4	32303	0	12	21	32411
TP1_synth_forward	TP1_synth_forward	86	C	385	591786	21	66	18	108	87	592471	57	32324	0	2	5	8	2	32398
TP1_synth_forward	TP1_synth_forward	87	T	1896	66	127	297	4	102	589916	592408	247	2	4	10	2	42	32075	32382
TP1_synth_forward	TP1_synth_forward	88	G	276	173	127	591239	290	44	227	592376	50	7	5	32252	9	7	34	32364
TP1_synth_forward	TP1_synth_forward	89	T	757	69	491	23	0	33	590966	592339	89	2	12	2	0	15	32239	32359
TP1_synth_forward	TP1_synth_forward	90	T	1426	105	1	29	840	38	589773	592212	192	2	1	3	25	24	32082	32329
TP1_synth_forward	TP1_synth_forward	91	C	326	591627	42	60	0	7	109	592171	34	32269	4	3	0	3	4	32317
TP1_synth_forward	TP1_synth_forward	92	C	211	591327	0	61	3	39	156	591797	17	32268	0	4	0	4	6	32299
TP1_synth_forward	TP1_synth_forward	93	G	403	240	0	590856	0	40	108	591647	44	42	0	32167	0	6	16	32275
TP1_synth_forward	TP1_synth_forward	94	T	1183	87	0	52	0	67	589832	591221	134	2	0	4	0	34	32080	32254
TP1_synth_forward	TP1_synth_forward	95	C	88	590889	0	43	0	98	91	591209	15	32212	0	2	0	17	5	32251
TP1_synth_forward	TP1_synth_forward	96	C	0	590702	0	0	0	52	0	590754	0	32195	0	0	0	24	0	32219
TP1_synth_forward	TP1_synth_forward	97	C	0	589973	0	0	0	59	0	590032	0	32160	0	0	0	5	0	32165
TP1_synth_forward	TP1_synth_forward	98	A	588027	0	0	0	0	27	0	588054	32066	0	0	0	0	12	0	32078
TP1_synth_forward	TP1_synth_forward	99	G	0	0	0	586763	0	0	0	586763	0	0	0	31956	0	0	0	31956
TP1_synth_forward	TP1_synth_forward	100	T	0	0	0	0	0	0	584921	584921	0	0	0	0	0	0	31785	31785
