



























































































































































































































#AmpliconChromStart	Alias	Position	ProbableRef	rawA	rawC	rawD	rawG	rawI	rawN	rawT	rawDepth	consA	consC	consD	consG	consI	consN	consT	consDepth	
TP1_synth_forward		5	T	0	0	0	0	0	0	990	990	0	0	0	0	0	0	399	399
TP1_synth_forward		6	G	0	0	0	2714	0	0	0	2714	0	0	0	1001	0	0	0	1001
TP1_synth_forward		7	A	3389	0	0	0	0	0	0	3389	1101	0	0	0	0	0	0	1101
TP1_synth_forward		8	G	0	0	0	9289	0	0	0	9289	0	0	0	1340	0	0	0	1340
TP1_synth_forward		9	G	0	0	0	9337	0	0	0	9337	0	0	0	1381	0	0	0	1381
TP1_synth_forward		10	C	11	9368	0	1	0	1	0	9381	10	1406	0	1	0	1	0	1418
TP1_synth_forward		11	T	21	1	0	1	0	27	9331	9381	14	0	0	1	0	26	1377	1418
TP1_synth_forward		12	C	10	9344	0	0	0	27	0	9381	8	1385	0	0	0	25	0	1418
TP1_synth_forward		13	C	18	9392	0	1	0	4	4	9419	10	1434	0	0	0	1	1	1446
TP1_synth_forward		14	C	26	9414	0	0	0	2	0	9442	17	1446	0	0	0	1	0	1464
TP1_synth_forward		15	C	8	9405	0	0	2	27	0	9442	4	1433	0	0	2	25	0	1464
TP1_synth_forward		16	T	56	1	3	0	0	5	9388	9453	36	0	0	0	0	2	1437	1475
TP1_synth_forward		17	T	115	0	0	2	0	28	9308	9453	83	0	0	0	0	25	1367	1475
TP1_synth_forward		18	T	44	1	4	1	0	4	9444	9498	26	0	4	0	0	2	1477	1509
TP1_synth_forward		19	A	10174	0	5	0	1	27	3	10210	2127	0	4	0	1	24	2	2158
TP1_synth_forward		20	T	51	1	1	0	1	3	10153	10210	36	1	1	0	0	2	2118	2158
TP1_synth_forward		21	A	10230	0	0	1	0	3	1	10235	2174	0	0	0	0	0	0	2174
TP1_synth_forward		22	C	21	10194	0	5	10	2	3	10235	12	2157	0	1	3	1	0	2174
TP1_synth_forward		23	A	10218	2	0	2	12	1	0	10235	2161	1	0	0	12	0	0	2174
TP1_synth_forward		24	G	7	26	2	10180	0	1	19	10235	0	17	1	2142	0	0	14	2174
TP1_synth_forward		25	A	10234	2	3	2	0	1	1	10243	2174	1	3	1	0	0	0	2179
TP1_synth_forward		26	A	10237	0	0	2	0	0	4	10243	2177	0	0	0	0	0	2	2179
TP1_synth_forward		27	T	87	0	2	4	0	0	10150	10243	52	0	2	1	0	0	2124	2179
TP1_synth_forward		28	A	10246	0	1	0	0	0	2	10249	2181	0	1	0	0	0	1	2183
TP1_synth_forward		29	T	54	2	0	1	1	2	10189	10249	35	0	0	0	0	1	2147	2183
TP1_synth_forward		30	C	19	10201	0	1	1	25	2	10249	9	2149	0	0	0	25	0	2183
TP1_synth_forward		31	T	64	2	0	2	525	2	9654	10249	43	0	0	1	28	1	2110	2183
TP1_synth_forward		32	G	10	76	2	10142	5	1	13	10249	3	53	1	2121	1	0	4	2183
TP1_synth_forward		33	T	137	0	1	0	1	1	10259	10399	101	0	1	0	1	0	2112	2215
TP1_synth_forward		34	T	85	2	0	1	0	0	10311	10399	55	1	0	0	0	0	2159	2215
TP1_synth_forward		35	C	34	10344	2	0	15	1	3	10399	22	2181	0	0	10	1	1	2215
TP1_synth_forward		36	G	4	54	1	10255	1	2	82	10399	1	44	1	2111	1	0	57	2215
TP1_synth_forward		37	C	58	10338	0	1	1	1	0	10399	39	2174	0	1	1	0	0	2215
TP1_synth_forward		38	A	10388	7	3	1	1	0	4	10404	2212	3	3	0	1	0	1	2220
TP1_synth_forward		39	C	38	10362	3	0	0	0	1	10404	28	2189	3	0	0	0	0	2220
TP1_synth_forward		40	T	109	0	3	4	2	1	10284	10403	79	0	3	2	2	0	2134	2220
TP1_synth_forward		41	C	37	10354	6	0	0	3	2	10402	25	2188	4	0	0	1	1	2219
TP1_synth_forward		42	C	43	10344	3	0	7	1	4	10402	22	2189	3	0	3	0	2	2219
TP1_synth_forward		43	G	2	104	4	10177	1	2	111	10401	1	73	4	2077	1	1	61	2218
TP1_synth_forward		44	A	10382	0	3	0	11	1	4	10401	2205	0	3	0	8	0	2	2218
TP1_synth_forward		45	G	2	63	5	10220	2	1	109	10402	2	41	5	2093	1	0	78	2220
TP1_synth_forward		46	T	155	0	4	0	3	0	10240	10402	78	0	4	0	2	0	2136	2220
TP1_synth_forward		47	G	3	40	4	10184	0	0	171	10402	0	28	2	2091	0	0	99	2220
TP1_synth_forward		48	C	82	10308	2	0	6	0	4	10402	46	2167	2	0	4	0	1	2220
TP1_synth_forward		49	G	5	21	3	10270	1	1	98	10399	4	17	3	2135	1	0	58	2218
TP1_synth_forward		50	G	20	53	2	10276	0	2	45	10398	11	30	2	2142	0	1	31	2217
TP1_synth_forward		51	C	36	11009	1	0	1	0	9	11056	22	2246	1	0	1	0	2	2272
TP1_synth_forward		52	T	68	2	1	3	1	0	10254	10329	37	1	1	1	0	0	1570	1610
TP1_synth_forward		53	T	146	3	0	3	224	1	9968	10345	94	1	0	1	12	0	1512	1620
TP1_synth_forward		54	G	11	22	3	10286	4	1	35	10362	2	15	2	1588	4	0	20	1631
TP1_synth_forward		55	C	43	10341	2	1	8	1	3	10399	27	1613	1	1	4	1	1	1648
TP1_synth_forward		56	G	27	8	3	10333	0	1	61	10433	17	4	2	1605	0	0	37	1665
TP1_synth_forward		57	G	47	12	0	10404	0	1	26	10490	26	5	0	1626	0	0	15	1672
TP1_synth_forward		58	A	10647	2	1	1	2	0	3	10656	1691	1	0	0	1	0	0	1693
TP1_synth_forward		59	G	33	62	2	10546	3	0	9	10655	18	41	0	1627	1	0	6	1693
TP1_synth_forward		60	A	10867	6	0	3	0	0	0	10876	1703	1	0	2	0	0	0	1706
TP1_synth_forward		61	T	74	0	114	1	0	1	10685	10875	41	0	3	1	0	0	1660	1705
TP1_synth_forward		62	T	74	2	0	2	0	2	10835	10915	44	1	0	1	0	0	1660	1706
TP1_synth_forward		63	C	27	10900	3	1	0	0	7	10938	15	1691	1	0	0	0	1	1708
TP1_synth_forward		64	T	109	1	0	3	0	0	10862	10975	50	0	0	1	0	0	1662	1713
TP1_synth_forward		65	C	34	10963	1	2	0	1	0	11001	22	1694	1	1	0	1	0	1719
TP1_synth_forward		66	T	108	5	0	4	0	30	10882	11029	69	0	0	0	0	25	1626	1720
TP1_synth_forward		67	T	85	2	0	4	0	4	10934	11029	44	2	0	1	0	2	1671	1720
TP1_synth_forward		68	C	48	10984	7	2	0	3	2	11046	27	1695	5	0	0	2	1	1730
TP1_synth_forward		69	C	39	10976	0	4	0	18	9	11046	20	1689	0	1	0	17	3	1730
TP1_synth_forward		70	T	46	0	1	5	2	4	10987	11045	16	0	0	1	2	2	1709	1730
TP1_synth_forward		71	C	18	11016	5	2	0	2	2	11045	6	1720	3	1	0	0	0	1730
TP1_synth_forward		72	T	46	1	2	4	0	1	10991	11045	27	0	1	2	0	1	1699	1730
TP1_synth_forward		73	G	13	14	4	10976	1	25	11	11044	9	8	2	1679	1	23	7	1729
TP1_synth_forward		74	T	64	0	3	5	2	4	10966	11044	38	0	1	4	2	2	1682	1729
TP1_synth_forward		75	G	7	19	2	10988	0	2	24	11042	5	12	1	1695	0	0	14	1727
TP1_synth_forward		76	C	35	10998	2	1	0	1	4	11041	24	1696	1	0	0	1	4	1726
TP1_synth_forward		77	G	12	22	1	10929	8	21	46	11039	7	12	1	1649	1	20	34	1724
TP1_synth_forward		78	C	18	11010	2	1	0	4	3	11038	16	1703	1	0	0	2	1	1723
TP1_synth_forward		79	C	30	10995	0	1	1	3	7	11037	24	1698	0	0	0	0	1	1723
TP1_synth_forward		80	G	25	22	0	10970	1	2	16	11036	19	11	0	1681	0	0	11	1722
TP1_synth_forward		81	C	18	10345	0	3	2	6	1	10375	11	1649	0	1	1	2	0	1664
TP1_synth_forward		82	A	10362	2	4	4	0	2	1	10375	1661	1	0	1	0	0	1	1664
TP1_synth_forward		83	A	10364	0	0	9	0	0	2	10375	1662	0	0	2	0	0	0	1664
TP1_synth_forward		84	A	10353	2	0	14	0	0	5	10374	1662	0	0	1	0	0	0	1663
TP1_synth_forward		85	G	1	21	3	10336	0	0	9	10370	1	6	1	1645	0	0	7	1660
TP1_synth_forward		86	C	21	10341	0	1	0	2	1	10366	11	1644	0	0	0	2	0	1657
TP1_synth_forward		87	T	43	1	2	6	0	3	10305	10360	27	0	1	3	0	0	1622	1653
TP1_synth_forward		88	G	13	15	2	10319	0	2	7	10358	9	10	1	1627	0	1	4	1652
TP1_synth_forward		89	T	65	1	0	4	0	0	10286	10356	35	0	0	1	0	0	1615	1651
TP1_synth_forward		90	T	58	1	0	5	0	0	10284	10348	19	0	0	2	0	0	1625	1646
TP1_synth_forward		91	C	11	10313	6	7	0	2	3	10342	2	1636	3	1	0	0	0	1642
TP1_synth_forward		92	C	9	10316	0	8	0	3	3	10339	3	1635	0	2	0	1	1	1642
TP1_synth_forward		93	G	7	7	0	10311	0	3	8	10336	5	1	0	1628	0	1	5	1640
TP1_synth_forward		94	T	38	3	0	11	0	4	10274	10330	21	0	0	2	0	1	1613	1637
TP1_synth_forward		95	C	6	10309	0	3	0	4	6	10328	5	1627	0	0	0	2	2	1636
TP1_synth_forward		96	C	0	10305	0	0	0	1	0	10306	0	1627	0	0	0	0	0	1627
TP1_synth_forward		97	C	0	10238	0	0	0	0	0	10238	0	1614	0	0	0	0	0	1614
TP1_synth_forward		98	A	9906	0	0	0	0	0	0	9906	1591	0	0	0	0	0	0	1591
TP1_synth_forward		99	G	0	0	0	9886	0	0	0	9886	0	0	0	1579	0	0	0	1579
TP1_synth_forward		100	T	0	0	0	0	0	0	9819	9819	0	0	0	0	0	0	1553	1553
TP1_synth_forward	TP1_synth_forward	1	G	0	0	0	800321	0	0	0	800321	0	0	0	53563	0	0	0	53563
TP1_synth_forward	TP1_synth_forward	2	T	0	0	0	0	0	0	801559	801559	0	0	0	0	0	0	54057	54057
TP1_synth_forward	TP1_synth_forward	3	G	0	0	0	803587	0	122	0	803709	0	0	0	54646	0	42	0	54688
TP1_synth_forward	TP1_synth_forward	4	G	0	0	0	805803	0	91	0	805894	0	0	0	55190	0	12	0	55202
TP1_synth_forward	TP1_synth_forward	5	T	0	0	0	0	0	232	805662	805894	0	0	0	0	0	89	55113	55202
TP1_synth_forward	TP1_synth_forward	6	G	148	97	0	805500	0	35	114	805894	10	19	0	55137	0	21	15	55202
TP1_synth_forward	TP1_synth_forward	7	A	805523	95	0	118	0	12	146	805894	55185	7	0	5	0	1	4	55202
TP1_synth_forward	TP1_synth_forward	8	G	417	78	0	805054	1	98	246	805894	25	8	0	55125	0	4	40	55202
TP1_synth_forward	TP1_synth_forward	9	G	134	153	0	805207	239	14	147	805894	7	49	0	55096	6	0	44	55202
TP1_synth_forward	TP1_synth_forward	10	C	293	805383	6	43	3	28	138	805894	62	55129	0	2	1	1	7	55202
TP1_synth_forward	TP1_synth_forward	11	T	296	140	96	31	1524	29	803778	805894	87	6	12	1	104	10	54982	55202
TP1_synth_forward	TP1_synth_forward	12	C	298	802022	3290	27	2	69	186	805894	61	55003	122	1	0	9	6	55202
TP1_synth_forward	TP1_synth_forward	13	C	394	805174	0	25	3	127	171	805894	73	55079	0	3	1	32	14	55202
TP1_synth_forward	TP1_synth_forward	14	C	288	805330	18	25	4	65	164	805894	47	55134	2	0	0	6	13	55202
TP1_synth_forward	TP1_synth_forward	15	C	245	803829	33	62	1572	37	116	805894	53	55069	5	2	69	2	2	55202
TP1_synth_forward	TP1_synth_forward	16	T	456	77	955	24	2	30	804350	805894	120	5	63	2	1	7	55004	55202
TP1_synth_forward	TP1_synth_forward	17	T	606	245	153	13	2	164	804711	805894	150	8	19	2	0	74	54949	55202
TP1_synth_forward	TP1_synth_forward	18	T	516	374	921	22	73	141	803847	805894	146	25	59	3	11	51	54907	55202
TP1_synth_forward	TP1_synth_forward	19	A	804306	8	1002	94	185	88	211	805894	55065	4	71	4	21	22	15	55202
TP1_synth_forward	TP1_synth_forward	20	T	553	103	525	23	837	67	803786	805894	153	9	44	0	58	20	54918	55202
TP1_synth_forward	TP1_synth_forward	21	A	804874	15	435	96	29	180	265	805894	55084	2	39	5	4	21	47	55202
TP1_synth_forward	TP1_synth_forward	22	C	354	803044	595	101	1464	149	187	805894	78	54922	49	24	92	17	20	55202
TP1_synth_forward	TP1_synth_forward	23	A	798697	529	478	157	5777	100	156	805894	54583	49	46	10	449	52	13	55202
TP1_synth_forward	TP1_synth_forward	24	G	140	176	952	803423	925	63	215	805894	14	56	63	54948	52	21	48	55202
TP1_synth_forward	TP1_synth_forward	25	A	803091	50	2300	276	1	87	89	805894	55036	9	125	23	0	4	5	55202
TP1_synth_forward	TP1_synth_forward	26	A	805402	5	39	142	18	138	150	805894	55142	1	13	13	2	19	12	55202
TP1_synth_forward	TP1_synth_forward	27	T	1487	110	252	130	257	94	803564	805894	332	10	33	30	22	33	54742	55202
TP1_synth_forward	TP1_synth_forward	28	A	804106	16	1411	88	0	76	197	805894	55079	4	67	1	0	41	10	55202
TP1_synth_forward	TP1_synth_forward	29	T	643	91	526	27	30	12	804565	805894	168	2	45	2	13	6	54966	55202
TP1_synth_forward	TP1_synth_forward	30	C	851	804784	36	13	34	47	129	805894	391	54759	10	1	15	18	8	55202
TP1_synth_forward	TP1_synth_forward	31	T	2048	102	164	35	7789	24	795584	805746	852	8	33	7	405	6	53768	55079
TP1_synth_forward	TP1_synth_forward	32	G	784	755	1639	801344	529	66	588	805705	62	229	87	54338	40	8	287	55051
TP1_synth_forward	TP1_synth_forward	33	T	3822	96	173	37	4	16	801526	805674	1375	8	23	1	1	2	53614	55024
TP1_synth_forward	TP1_synth_forward	34	T	1304	132	36	9	88	25	804074	805668	278	15	3	1	22	9	54694	55022
TP1_synth_forward	TP1_synth_forward	35	C	1224	797166	138	61	6746	51	255	805641	455	54101	17	6	397	6	17	54999
TP1_synth_forward	TP1_synth_forward	36	G	216	1188	145	801878	636	73	1492	805628	6	600	10	54012	62	15	287	54992
TP1_synth_forward	TP1_synth_forward	37	C	499	803948	194	22	692	44	216	805615	126	54791	14	3	23	4	20	54981
TP1_synth_forward	TP1_synth_forward	38	A	802997	203	1728	141	207	91	236	805603	54759	24	85	14	28	4	55	54969
TP1_synth_forward	TP1_synth_forward	39	C	370	803360	1505	70	20	48	213	805586	87	54761	76	12	4	1	14	54955
TP1_synth_forward	TP1_synth_forward	40	T	1183	163	1128	75	1088	34	801901	805572	282	11	58	10	56	2	54527	54946
TP1_synth_forward	TP1_synth_forward	41	C	529	802033	2786	25	8	22	165	805568	132	54658	135	3	0	9	7	54944
TP1_synth_forward	TP1_synth_forward	42	C	1343	797892	1077	65	4315	134	714	805540	534	54015	55	9	224	42	45	54924
TP1_synth_forward	TP1_synth_forward	43	G	259	1060	1650	800597	452	79	1422	805519	19	275	102	54195	51	15	256	54913
TP1_synth_forward	TP1_synth_forward	44	A	800484	51	1434	71	3246	145	76	805507	54548	13	73	3	228	39	2	54906
TP1_synth_forward	TP1_synth_forward	45	G	525	542	1048	800873	42	69	2378	805477	28	183	53	54145	10	6	460	54885
TP1_synth_forward	TP1_synth_forward	46	T	3709	99	1057	18	2004	36	798507	805430	1215	4	53	9	112	10	53447	54850
TP1_synth_forward	TP1_synth_forward	47	G	744	1541	1022	798993	14	11	3077	805402	44	693	54	53422	3	3	616	54835
TP1_synth_forward	TP1_synth_forward	48	C	717	800266	697	33	2184	7	1493	805397	171	54405	48	7	141	0	61	54833
TP1_synth_forward	TP1_synth_forward	49	G	336	443	1037	801383	13	60	2107	805379	84	204	72	53778	9	7	663	54817
TP1_synth_forward	TP1_synth_forward	50	G	798	750	669	801821	13	20	1299	805370	76	184	45	54022	5	3	479	54814
TP1_synth_forward	TP1_synth_forward	51	C	775	803565	350	50	14	94	515	805363	329	54391	23	10	5	39	14	54811
TP1_synth_forward	TP1_synth_forward	52	T	2752	73	713	234	9	48	801527	805356	1086	5	54	50	2	6	53602	54805
TP1_synth_forward	TP1_synth_forward	53	T	3019	135	147	176	2941	48	798883	805349	973	7	12	21	184	27	53579	54803
TP1_synth_forward	TP1_synth_forward	54	G	254	319	328	803523	13	27	875	805339	32	92	40	54516	5	6	107	54798
TP1_synth_forward	TP1_synth_forward	55	C	773	800244	516	79	3121	37	561	805331	249	54235	51	10	193	22	34	54794
TP1_synth_forward	TP1_synth_forward	56	G	534	163	1862	801150	9	69	1536	805323	192	58	124	53932	2	19	461	54788
TP1_synth_forward	TP1_synth_forward	57	G	636	169	25	803599	204	55	611	805299	129	41	11	54320	15	28	238	54782
TP1_synth_forward	TP1_synth_forward	58	A	803929	96	206	182	698	48	128	805287	54687	15	12	8	27	27	5	54781
TP1_synth_forward	TP1_synth_forward	59	G	333	599	327	802755	773	17	457	805261	86	176	31	54228	28	4	215	54768
TP1_synth_forward	TP1_synth_forward	60	A	804696	204	35	161	2	45	114	805257	54710	25	7	12	0	11	1	54766
TP1_synth_forward	TP1_synth_forward	61	T	1074	86	74	118	1	31	803860	805244	222	3	12	16	1	7	54500	54761
TP1_synth_forward	TP1_synth_forward	62	T	2169	106	86	32	0	115	802689	805197	331	3	12	3	0	19	54382	54750
TP1_synth_forward	TP1_synth_forward	63	C	1394	802331	1188	46	0	46	167	805172	553	54114	52	5	0	2	13	54739
TP1_synth_forward	TP1_synth_forward	64	T	2528	99	115	208	0	93	802115	805158	480	1	12	21	0	3	54216	54733
TP1_synth_forward	TP1_synth_forward	65	C	733	803741	281	164	0	119	114	805152	163	54514	17	22	0	12	3	54731
TP1_synth_forward	TP1_synth_forward	66	T	2517	109	29	134	0	31	802330	805150	499	4	5	21	0	10	54192	54731
TP1_synth_forward	TP1_synth_forward	67	T	4367	89	2	74	0	150	800454	805136	1366	4	1	8	0	44	53306	54729
TP1_synth_forward	TP1_synth_forward	68	C	1308	802512	959	45	0	138	170	805132	335	54319	42	4	0	18	10	54728
TP1_synth_forward	TP1_synth_forward	69	C	827	802859	10	146	0	72	1210	805124	145	54482	1	12	0	25	60	54725
TP1_synth_forward	TP1_synth_forward	70	T	984	134	325	117	226	36	803298	805120	235	15	39	14	4	4	54413	54724
TP1_synth_forward	TP1_synth_forward	71	C	297	804018	609	39	1	26	128	805118	65	54585	60	3	0	2	7	54722
TP1_synth_forward	TP1_synth_forward	72	T	2534	103	593	581	5	70	801229	805115	913	9	25	18	3	23	53729	54720
TP1_synth_forward	TP1_synth_forward	73	G	1069	485	1636	801063	0	204	649	805106	99	74	53	54406	0	36	48	54716
TP1_synth_forward	TP1_synth_forward	74	T	1977	107	1005	45	586	130	801253	805103	613	11	35	2	57	9	53988	54715
TP1_synth_forward	TP1_synth_forward	75	G	849	272	638	803021	34	15	267	805096	32	56	14	54539	9	3	57	54710
TP1_synth_forward	TP1_synth_forward	76	C	1030	802061	639	60	57	35	1209	805091	422	54122	16	8	18	24	97	54707
TP1_synth_forward	TP1_synth_forward	77	G	993	384	33	801523	988	30	1123	805074	49	115	9	54325	15	8	178	54699
TP1_synth_forward	TP1_synth_forward	78	C	312	802634	919	26	0	54	1127	805072	68	54503	31	3	0	20	74	54699
TP1_synth_forward	TP1_synth_forward	79	C	327	803135	8	73	277	207	1037	805064	53	54550	0	14	7	16	58	54698
TP1_synth_forward	TP1_synth_forward	80	G	1528	618	141	802189	0	231	340	805047	134	124	11	54366	0	17	37	54689
TP1_synth_forward	TP1_synth_forward	81	C	223	803149	603	34	731	161	138	805039	37	54544	28	0	48	26	2	54685
TP1_synth_forward	TP1_synth_forward	82	A	803405	104	1184	155	0	111	79	805038	54590	9	45	11	0	25	5	54685
TP1_synth_forward	TP1_synth_forward	83	A	804546	58	4	149	0	212	66	805035	54642	6	0	11	0	18	8	54685
TP1_synth_forward	TP1_synth_forward	84	A	804561	67	0	244	0	88	49	805009	54647	5	0	14	0	13	1	54680
TP1_synth_forward	TP1_synth_forward	85	G	146	348	823	803347	0	104	182	804950	14	73	37	54462	0	29	35	54650
TP1_synth_forward	TP1_synth_forward	86	C	365	803985	24	37	93	62	337	804903	77	54526	5	1	8	11	13	54641
TP1_synth_forward	TP1_synth_forward	87	T	1482	107	470	90	3	111	802548	804811	267	5	8	8	1	28	54294	54611
TP1_synth_forward	TP1_synth_forward	88	G	264	474	593	803087	4	120	209	804751	23	39	13	54460	0	24	36	54595
TP1_synth_forward	TP1_synth_forward	89	T	1111	109	118	37	0	282	803014	804671	139	4	4	7	0	77	54345	54576
TP1_synth_forward	TP1_synth_forward	90	T	1420	141	0	377	69	158	801154	803319	209	8	0	24	10	19	54245	54515
TP1_synth_forward	TP1_synth_forward	91	C	508	801363	966	233	0	46	129	803245	85	54362	26	13	0	5	6	54497
TP1_synth_forward	TP1_synth_forward	92	C	368	801991	0	490	0	62	254	803165	39	54404	0	20	0	8	7	54478
TP1_synth_forward	TP1_synth_forward	93	G	664	215	0	801948	0	103	137	803067	64	46	0	54321	0	12	20	54463
TP1_synth_forward	TP1_synth_forward	94	T	1080	82	0	140	0	205	801171	802678	163	1	0	17	0	24	54233	54438
TP1_synth_forward	TP1_synth_forward	95	C	211	802113	0	56	0	107	142	802629	26	54369	0	3	0	25	4	54427
TP1_synth_forward	TP1_synth_forward	96	C	0	801243	0	0	0	88	0	801331	0	54293	0	0	0	30	0	54323
TP1_synth_forward	TP1_synth_forward	97	C	0	799862	0	0	0	172	0	800034	0	54175	0	0	0	31	0	54206
TP1_synth_forward	TP1_synth_forward	98	A	796874	0	0	0	0	104	0	796978	53997	0	0	0	0	21	0	54018
TP1_synth_forward	TP1_synth_forward	99	G	0	0	0	796099	0	0	0	796099	0	0	0	53917	0	0	0	53917
TP1_synth_forward	TP1_synth_forward	100	T	0	0	0	0	0	0	794487	794487	0	0	0	0	0	0	53689	53689
