



























































































































































































































#AmpliconChromStart	Alias	Position	ProbableRef	rawA	rawC	rawD	rawG	rawI	rawN	rawT	rawDepth	consA	consC	consD	consG	consI	consN	consT	consDepth	
TP1_synth_forward		5	T	0	0	0	0	0	0	379	379	0	0	0	0	0	0	234	234
TP1_synth_forward		6	G	0	0	0	776	0	0	0	776	0	0	0	518	0	0	0	518
TP1_synth_forward		7	A	804	0	0	0	0	0	0	804	539	0	0	0	0	0	0	539
TP1_synth_forward		8	G	0	0	0	1011	0	0	0	1011	0	0	0	571	0	0	0	571
TP1_synth_forward		9	G	0	0	0	1408	0	0	0	1408	0	0	0	611	0	0	0	611
TP1_synth_forward		10	C	6	1421	0	0	0	0	0	1427	5	617	0	0	0	0	0	622
TP1_synth_forward		11	T	9	0	0	0	0	0	1418	1427	5	0	0	0	0	0	617	622
TP1_synth_forward		12	C	4	1423	0	0	0	0	0	1427	3	619	0	0	0	0	0	622
TP1_synth_forward		13	C	7	1466	0	0	0	0	0	1473	5	656	0	0	0	0	0	661
TP1_synth_forward		14	C	11	1479	0	0	0	0	0	1490	7	667	0	0	0	0	0	674
TP1_synth_forward		15	C	4	1486	0	0	0	0	0	1490	3	671	0	0	0	0	0	674
TP1_synth_forward		16	T	18	1	4	0	0	1	1466	1490	12	0	4	0	0	1	657	674
TP1_synth_forward		17	T	43	0	0	0	0	0	1447	1490	23	0	0	0	0	0	651	674
TP1_synth_forward		18	T	12	1	0	0	0	0	1509	1522	10	1	0	0	0	0	679	690
TP1_synth_forward		19	A	4057	0	3	0	0	0	1	4061	1203	0	3	0	0	0	1	1207
TP1_synth_forward		20	T	16	0	2	0	0	0	4043	4061	10	0	1	0	0	0	1196	1207
TP1_synth_forward		21	A	4082	0	3	0	0	0	0	4085	1218	0	2	0	0	0	0	1220
TP1_synth_forward		22	C	7	4071	6	1	0	0	0	4085	5	1211	4	0	0	0	0	1220
TP1_synth_forward		23	A	4076	1	8	0	0	0	0	4085	1212	1	7	0	0	0	0	1220
TP1_synth_forward		24	G	2	18	2	4058	1	0	4	4085	2	10	2	1202	1	0	3	1220
TP1_synth_forward		25	A	4079	0	6	0	0	0	0	4085	1215	0	5	0	0	0	0	1220
TP1_synth_forward		26	A	4666	0	0	1	0	0	1	4668	1247	0	0	1	0	0	1	1249
TP1_synth_forward		27	T	31	0	2	1	1	0	4633	4668	20	0	2	0	1	0	1226	1249
TP1_synth_forward		28	A	4663	0	4	0	0	1	0	4668	1248	0	1	0	0	0	0	1249
TP1_synth_forward		29	T	9	0	1	0	0	0	4792	4802	8	0	1	0	0	0	1249	1258
TP1_synth_forward		30	C	3	4802	1	0	0	0	0	4806	2	1257	1	0	0	0	0	1260
TP1_synth_forward		31	T	18	0	2	0	0	0	4787	4807	10	0	2	0	0	0	1249	1261
TP1_synth_forward		32	G	3	23	1	4778	1	0	1	4807	3	13	1	1242	1	0	1	1261
TP1_synth_forward		33	T	50	1	3	1	0	0	4752	4807	41	0	3	1	0	0	1216	1261
TP1_synth_forward		34	T	22	0	1	8	0	0	4776	4807	15	0	1	7	0	0	1238	1261
TP1_synth_forward		35	C	8	4926	5	0	0	0	0	4939	5	1264	5	0	0	0	0	1274
TP1_synth_forward		36	G	0	9	2	4875	0	0	53	4939	0	8	2	1224	0	0	40	1274
TP1_synth_forward		37	C	7	4928	1	1	0	1	1	4939	5	1267	1	1	0	0	0	1274
TP1_synth_forward		38	A	4933	2	3	1	0	0	0	4939	1270	1	2	1	0	0	0	1274
TP1_synth_forward		39	C	6	4731	201	1	0	0	0	4939	5	1258	10	1	0	0	0	1274
TP1_synth_forward		40	T	30	0	68	4	0	1	4910	5013	23	0	2	4	0	1	1263	1293
TP1_synth_forward		41	C	5	4940	68	0	0	0	0	5013	5	1286	2	0	0	0	0	1293
TP1_synth_forward		42	C	8	5003	66	0	0	0	0	5077	3	1297	0	0	0	0	0	1300
TP1_synth_forward		43	G	0	8	66	4944	1	2	56	5077	0	6	0	1255	1	0	38	1300
TP1_synth_forward		44	A	5009	0	68	0	0	0	0	5077	1299	0	1	0	0	0	0	1300
TP1_synth_forward		45	G	0	6	69	5042	0	0	47	5164	0	3	2	1287	0	0	29	1321
TP1_synth_forward		46	T	34	1	3	1	0	0	5381	5420	18	0	2	1	0	0	1323	1344
TP1_synth_forward		47	G	0	13	2	5328	0	1	76	5420	0	7	1	1284	0	0	52	1344
TP1_synth_forward		48	C	24	5575	2	1	0	1	0	5603	12	1349	1	0	0	1	0	1363
TP1_synth_forward		49	G	1	4	2	6170	0	0	69	6246	1	3	1	1391	0	0	44	1440
TP1_synth_forward		50	G	10	14	2	6165	0	0	54	6245	7	11	1	1394	0	0	26	1439
TP1_synth_forward		51	C	6	8782	1	7	0	0	0	8796	2	1482	0	7	0	0	0	1491
TP1_synth_forward		52	T	28	0	2	6	0	0	6195	6231	15	0	2	6	0	0	935	958
TP1_synth_forward		53	T	32	0	0	5	0	0	6327	6364	18	0	0	3	0	0	964	985
TP1_synth_forward		54	G	11	8	1	6325	0	0	19	6364	7	2	1	964	0	0	11	985
TP1_synth_forward		55	C	18	7105	1	0	2	0	2	7128	10	1060	1	0	1	0	0	1072
TP1_synth_forward		56	G	6	4	1	7065	0	0	51	7127	2	1	1	1037	0	0	31	1072
TP1_synth_forward		57	G	15	7	1	7082	0	0	22	7127	12	3	1	1047	0	0	9	1072
TP1_synth_forward		58	A	7338	0	4	0	0	0	0	7342	1100	0	3	0	0	0	0	1103
TP1_synth_forward		59	G	20	7	3	7310	0	1	2	7343	13	5	2	1082	0	1	1	1104
TP1_synth_forward		60	A	7709	3	3	1	0	0	0	7716	1142	1	2	1	0	0	0	1146
TP1_synth_forward		61	T	11	0	3	8	0	0	7694	7716	9	0	2	7	0	0	1128	1146
TP1_synth_forward		62	T	21	1	3	1	0	1	7688	7715	14	0	2	1	0	1	1128	1146
TP1_synth_forward		63	C	13	7696	3	0	0	1	2	7715	8	1136	2	0	0	0	0	1146
TP1_synth_forward		64	T	19	2	3	4	0	0	7705	7733	10	0	2	4	0	0	1135	1151
TP1_synth_forward		65	C	10	7660	63	0	0	0	0	7733	5	1141	5	0	0	0	0	1151
TP1_synth_forward		66	T	30	0	5	1	0	0	7696	7732	19	0	3	0	0	0	1129	1151
TP1_synth_forward		67	T	35	1	5	2	0	1	7688	7732	25	0	3	1	0	1	1121	1151
TP1_synth_forward		68	C	8	7722	6	1	0	1	0	7738	6	1144	4	1	0	0	0	1155
TP1_synth_forward		69	C	9	7725	3	0	0	0	1	7738	3	1149	2	0	0	0	1	1155
TP1_synth_forward		70	T	11	0	2	1	0	0	7724	7738	4	0	2	0	0	0	1149	1155
TP1_synth_forward		71	C	4	7849	2	1	0	3	0	7859	1	1154	1	1	0	1	0	1158
TP1_synth_forward		72	T	28	0	1	2	1	0	7827	7859	18	0	1	0	1	0	1138	1158
TP1_synth_forward		73	G	8	4	1	7834	0	0	12	7859	7	1	1	1146	0	0	3	1158
TP1_synth_forward		74	T	19	1	3	1	0	0	7835	7859	9	1	3	1	0	0	1144	1158
TP1_synth_forward		75	G	15	3	3	7760	0	0	78	7859	15	3	1	1122	0	0	17	1158
TP1_synth_forward		76	C	6	7845	1	0	2	0	4	7858	3	1153	0	0	0	0	1	1157
TP1_synth_forward		77	G	14	4	0	7803	0	0	37	7858	9	3	0	1117	0	0	28	1157
TP1_synth_forward		78	C	15	7837	1	0	0	1	4	7858	13	1140	1	0	0	1	2	1157
TP1_synth_forward		79	C	7	7847	1	0	0	1	2	7858	3	1153	0	0	0	0	1	1157
TP1_synth_forward		80	G	7	3	3	7813	0	1	31	7858	3	0	2	1130	0	0	22	1157
TP1_synth_forward		81	C	2	5298	2	0	1	1	0	5304	2	1098	1	0	1	1	0	1103
TP1_synth_forward		82	A	5290	1	7	1	0	3	2	5304	1100	1	2	0	0	0	0	1103
TP1_synth_forward		83	A	5299	1	0	1	0	1	2	5304	1100	1	0	0	0	0	2	1103
TP1_synth_forward		84	A	5301	0	0	1	0	2	0	5304	1102	0	0	0	0	1	0	1103
TP1_synth_forward		85	G	4	6	0	5270	1	0	22	5303	3	3	0	1086	1	0	9	1102
TP1_synth_forward		86	C	13	5289	0	0	0	0	0	5302	7	1094	0	0	0	0	0	1101
TP1_synth_forward		87	T	33	1	0	4	0	1	5259	5298	15	0	0	0	0	1	1085	1101
TP1_synth_forward		88	G	6	10	0	5277	0	0	5	5298	3	3	0	1094	0	0	1	1101
TP1_synth_forward		89	T	28	1	1	2	0	1	5265	5298	12	0	1	0	0	1	1087	1101
TP1_synth_forward		90	T	24	0	0	4	0	0	5269	5297	9	0	0	1	0	0	1091	1101
TP1_synth_forward		91	C	8	5285	1	0	0	0	2	5296	5	1095	0	0	0	0	0	1100
TP1_synth_forward		92	C	8	5286	0	0	0	1	0	5295	3	1097	0	0	0	0	0	1100
TP1_synth_forward		93	G	8	2	0	5277	0	1	5	5293	4	1	0	1091	0	0	3	1099
TP1_synth_forward		94	T	29	0	0	9	0	0	5250	5288	9	0	0	2	0	0	1086	1097
TP1_synth_forward		95	C	0	5284	0	0	0	1	2	5287	0	1096	0	0	0	0	0	1096
TP1_synth_forward		96	C	0	5275	0	0	0	0	0	5275	0	1090	0	0	0	0	0	1090
TP1_synth_forward		97	C	0	5269	0	0	0	0	0	5269	0	1089	0	0	0	0	0	1089
TP1_synth_forward		98	A	5265	0	0	0	0	0	0	5265	1087	0	0	0	0	0	0	1087
TP1_synth_forward		99	G	0	0	0	5248	0	0	0	5248	0	0	0	1082	0	0	0	1082
TP1_synth_forward		100	T	0	0	0	0	0	0	5220	5220	0	0	0	0	0	0	1073	1073
TP1_synth_forward	TP1_synth_forward	1	G	0	0	0	588495	0	0	0	588495	0	0	0	39099	0	0	0	39099
TP1_synth_forward	TP1_synth_forward	2	T	0	0	0	0	0	0	590277	590277	0	0	0	0	0	0	39476	39476
TP1_synth_forward	TP1_synth_forward	3	G	0	0	0	593000	0	15	0	593015	0	0	0	39902	0	2	0	39904
TP1_synth_forward	TP1_synth_forward	4	G	0	0	0	594108	0	18	0	594126	0	0	0	40220	0	3	0	40223
TP1_synth_forward	TP1_synth_forward	5	T	0	0	0	0	0	64	594062	594126	0	0	0	0	0	5	40218	40223
TP1_synth_forward	TP1_synth_forward	6	G	104	41	0	593783	0	70	128	594126	5	3	0	40167	0	37	11	40223
TP1_synth_forward	TP1_synth_forward	7	A	593892	17	0	79	0	50	88	594126	40189	3	0	2	0	26	3	40223
TP1_synth_forward	TP1_synth_forward	8	G	108	30	0	593561	1	241	185	594126	3	2	0	40125	1	71	21	40223
TP1_synth_forward	TP1_synth_forward	9	G	85	77	0	593740	112	33	79	594126	3	20	0	40182	1	2	15	40223
TP1_synth_forward	TP1_synth_forward	10	C	141	593835	20	20	0	6	104	594126	29	40183	1	0	0	3	7	40223
TP1_synth_forward	TP1_synth_forward	11	T	158	102	14	8	152	24	593668	594126	26	3	3	0	16	4	40171	40223
TP1_synth_forward	TP1_synth_forward	12	C	141	583819	9984	15	0	61	106	594126	24	39835	342	0	0	17	5	40223
TP1_synth_forward	TP1_synth_forward	13	C	233	593455	128	18	0	178	114	594126	25	40148	4	0	0	40	6	40223
TP1_synth_forward	TP1_synth_forward	14	C	168	593766	0	19	1	62	110	594126	20	40187	0	0	0	12	4	40223
TP1_synth_forward	TP1_synth_forward	15	C	158	592434	804	7	560	10	153	594126	18	40159	24	0	16	2	4	40223
TP1_synth_forward	TP1_synth_forward	16	T	318	45	4351	10	1	15	589386	594126	57	3	205	1	1	7	39949	40223
TP1_synth_forward	TP1_synth_forward	17	T	275	64	315	12	0	5	593455	594126	39	3	9	1	0	0	40171	40223
TP1_synth_forward	TP1_synth_forward	18	T	248	42	897	16	2	20	592901	594126	52	4	42	1	2	4	40118	40223
TP1_synth_forward	TP1_synth_forward	19	A	590001	7	3556	49	145	71	297	594126	40001	1	196	0	6	11	8	40223
TP1_synth_forward	TP1_synth_forward	20	T	258	57	2156	47	149	91	591368	594126	51	0	175	5	14	7	39971	40223
TP1_synth_forward	TP1_synth_forward	21	A	591627	5	2269	65	0	39	121	594126	40044	0	157	0	0	7	15	40223
TP1_synth_forward	TP1_synth_forward	22	C	1058	586320	6499	68	0	18	163	594126	65	39813	334	7	0	2	2	40223
TP1_synth_forward	TP1_synth_forward	23	A	586517	100	7128	84	139	37	121	594126	39743	5	450	2	7	13	3	40223
TP1_synth_forward	TP1_synth_forward	24	G	98	325	1444	591625	441	27	166	594126	7	27	78	40056	21	8	26	40223
TP1_synth_forward	TP1_synth_forward	25	A	587027	15	6588	381	0	47	68	594126	39864	2	324	21	0	7	5	40223
TP1_synth_forward	TP1_synth_forward	26	A	592854	4	1100	89	0	6	73	594126	40160	0	60	1	0	1	1	40223
TP1_synth_forward	TP1_synth_forward	27	T	676	52	3350	42	181	64	589761	594126	143	3	196	7	23	38	39813	40223
TP1_synth_forward	TP1_synth_forward	28	A	591184	65	2299	67	381	25	105	594126	40064	2	116	3	14	13	11	40223
TP1_synth_forward	TP1_synth_forward	29	T	358	67	1728	171	2	86	591714	594126	64	4	79	9	1	37	40029	40223
TP1_synth_forward	TP1_synth_forward	30	C	449	591633	1915	15	0	47	67	594126	151	39964	93	2	0	11	2	40223
TP1_synth_forward	TP1_synth_forward	31	T	1163	59	1973	214	1	66	590276	593752	417	3	124	7	0	28	39561	40140
TP1_synth_forward	TP1_synth_forward	32	G	146	432	1096	591501	317	10	231	593733	8	111	77	39842	5	6	78	40127
TP1_synth_forward	TP1_synth_forward	33	T	2452	153	2152	46	0	17	588891	593711	675	6	139	12	0	7	39274	40113
TP1_synth_forward	TP1_synth_forward	34	T	1238	57	1646	438	0	45	590097	593521	194	1	76	45	0	14	39749	40079
TP1_synth_forward	TP1_synth_forward	35	C	662	589624	2776	17	18	31	123	593251	200	39717	131	2	5	7	4	40066
TP1_synth_forward	TP1_synth_forward	36	G	477	556	1374	588035	31	71	2689	593233	22	241	85	39307	4	41	360	40060
TP1_synth_forward	TP1_synth_forward	37	C	192	590937	1688	152	2	38	193	593202	39	39894	87	10	2	7	15	40054
TP1_synth_forward	TP1_synth_forward	38	A	591412	36	1292	98	0	14	68	592920	39942	6	85	4	0	4	6	40047
TP1_synth_forward	TP1_synth_forward	39	C	157	590157	1625	72	3	25	874	592913	29	39846	95	9	1	10	51	40041
TP1_synth_forward	TP1_synth_forward	40	T	687	118	1897	304	12	133	589744	592895	141	13	94	34	2	73	39679	40036
TP1_synth_forward	TP1_synth_forward	41	C	272	590241	2208	27	0	37	103	592888	52	39836	121	1	0	16	6	40032
TP1_synth_forward	TP1_synth_forward	42	C	528	591283	605	51	2	40	366	592875	146	39791	51	6	1	12	19	40026
TP1_synth_forward	TP1_synth_forward	43	G	143	329	803	588199	227	83	3055	592839	8	91	60	39435	11	4	398	40007
TP1_synth_forward	TP1_synth_forward	44	A	591596	19	1061	78	2	13	63	592832	39921	1	72	6	0	1	3	40004
TP1_synth_forward	TP1_synth_forward	45	G	84	151	1019	588271	149	13	3127	592814	6	48	71	39429	12	0	428	39994
TP1_synth_forward	TP1_synth_forward	46	T	1827	74	1231	89	77	25	589455	592778	497	3	79	19	9	9	39357	39973
TP1_synth_forward	TP1_synth_forward	47	G	80	538	1131	588218	0	12	2777	592756	7	247	81	39229	0	8	390	39962
TP1_synth_forward	TP1_synth_forward	48	C	266	590586	1339	18	77	16	451	592753	50	39785	88	1	7	1	27	39959
TP1_synth_forward	TP1_synth_forward	49	G	224	124	1150	588419	8	11	2802	592738	29	61	92	39104	3	6	656	39951
TP1_synth_forward	TP1_synth_forward	50	G	138	200	936	589657	0	33	1764	592728	19	58	67	39454	0	13	333	39944
TP1_synth_forward	TP1_synth_forward	51	C	170	590235	1815	222	1	76	200	592719	51	39712	94	22	1	46	11	39937
TP1_synth_forward	TP1_synth_forward	52	T	1334	55	2360	1126	3	65	587728	592671	485	3	131	207	1	44	39059	39930
TP1_synth_forward	TP1_synth_forward	53	T	1161	78	1382	292	164	54	589526	592657	334	6	67	38	11	32	39440	39928
TP1_synth_forward	TP1_synth_forward	54	G	170	169	1365	590237	2	81	621	592645	22	29	61	39671	1	32	106	39922
TP1_synth_forward	TP1_synth_forward	55	C	201	587540	2707	28	1545	47	284	592352	58	39637	123	4	58	8	19	39907
TP1_synth_forward	TP1_synth_forward	56	G	192	97	3397	586736	2	26	1889	592339	30	27	157	39117	0	5	565	39901
TP1_synth_forward	TP1_synth_forward	57	G	421	78	2260	588996	2	26	532	592315	108	11	97	39583	0	6	86	39891
TP1_synth_forward	TP1_synth_forward	58	A	589456	26	2305	242	1	63	201	592294	39755	4	102	10	0	7	8	39886
TP1_synth_forward	TP1_synth_forward	59	G	737	211	1845	589181	1	51	229	592255	147	57	84	39486	0	26	75	39875
TP1_synth_forward	TP1_synth_forward	60	A	589610	119	1985	243	120	91	72	592240	39727	9	87	12	10	26	3	39874
TP1_synth_forward	TP1_synth_forward	61	T	398	304	1509	250	0	120	589635	592216	72	16	74	36	0	19	39650	39867
TP1_synth_forward	TP1_synth_forward	62	T	1314	58	1806	47	0	88	588866	592179	192	1	83	3	0	18	39563	39860
TP1_synth_forward	TP1_synth_forward	63	C	918	588664	2068	42	0	23	362	592077	243	39517	74	7	0	3	9	39853
TP1_synth_forward	TP1_synth_forward	64	T	2464	59	2159	253	0	56	586790	591781	308	2	95	23	0	40	39372	39840
TP1_synth_forward	TP1_synth_forward	65	C	626	588618	2028	64	0	52	61	591449	71	39631	92	2	0	20	3	39819
TP1_synth_forward	TP1_synth_forward	66	T	1906	76	2111	152	0	24	587178	591447	261	2	115	9	0	9	39423	39819
TP1_synth_forward	TP1_synth_forward	67	T	2757	169	1767	115	18	84	586513	591423	741	11	65	19	5	57	38908	39806
TP1_synth_forward	TP1_synth_forward	68	C	710	586714	3724	107	0	88	75	591418	143	39470	143	7	0	39	2	39804
TP1_synth_forward	TP1_synth_forward	69	C	297	589082	1693	120	0	46	89	591327	52	39667	56	8	0	12	1	39796
TP1_synth_forward	TP1_synth_forward	70	T	526	55	2851	244	15	82	587510	591283	114	3	112	19	7	31	39499	39785
TP1_synth_forward	TP1_synth_forward	71	C	201	589535	1350	38	1	56	67	591248	34	39675	52	1	0	11	5	39778
TP1_synth_forward	TP1_synth_forward	72	T	2024	75	1650	101	127	83	587182	591242	561	2	70	9	13	61	39059	39775
TP1_synth_forward	TP1_synth_forward	73	G	388	207	1813	588457	229	59	80	591233	57	29	64	39581	11	13	15	39770
TP1_synth_forward	TP1_synth_forward	74	T	1008	588	1403	51	2	69	587823	590944	271	19	68	2	1	9	39387	39757
TP1_synth_forward	TP1_synth_forward	75	G	255	97	1634	588652	75	39	188	590940	38	19	64	39605	6	10	14	39756
TP1_synth_forward	TP1_synth_forward	76	C	443	588367	1305	48	327	99	348	590937	124	39507	70	4	16	11	24	39756
TP1_synth_forward	TP1_synth_forward	77	G	271	132	1385	588150	388	61	545	590932	16	27	68	39533	10	9	92	39755
TP1_synth_forward	TP1_synth_forward	78	C	115	589140	843	22	0	151	661	590932	20	39614	39	1	0	61	20	39755
TP1_synth_forward	TP1_synth_forward	79	C	121	590212	12	19	0	69	496	590929	14	39689	1	3	0	33	12	39752
TP1_synth_forward	TP1_synth_forward	80	G	349	343	463	589055	19	145	529	590903	22	58	25	39498	2	53	83	39741
TP1_synth_forward	TP1_synth_forward	81	C	158	589289	899	18	204	188	117	590873	11	39627	44	2	5	41	6	39736
TP1_synth_forward	TP1_synth_forward	82	A	588731	30	1773	123	0	97	114	590868	39574	3	100	9	0	45	3	39734
TP1_synth_forward	TP1_synth_forward	83	A	590256	174	246	53	1	64	72	590866	39689	13	15	2	0	12	2	39733
TP1_synth_forward	TP1_synth_forward	84	A	589915	20	245	93	439	58	75	590845	39695	1	15	3	12	2	3	39731
TP1_synth_forward	TP1_synth_forward	85	G	296	202	2	589349	124	27	787	590787	14	44	2	39516	9	4	123	39712
TP1_synth_forward	TP1_synth_forward	86	C	342	590129	128	31	0	33	84	590747	33	39645	5	3	0	5	7	39698
TP1_synth_forward	TP1_synth_forward	87	T	2128	61	368	24	9	84	588017	590691	272	3	11	1	0	49	39354	39690
TP1_synth_forward	TP1_synth_forward	88	G	383	210	251	589658	16	39	108	590665	26	19	15	39589	2	19	14	39684
TP1_synth_forward	TP1_synth_forward	89	T	646	82	315	18	0	63	589491	590615	67	3	23	4	0	32	39539	39668
TP1_synth_forward	TP1_synth_forward	90	T	1153	81	115	131	292	104	588358	590234	112	2	2	5	26	48	39456	39651
TP1_synth_forward	TP1_synth_forward	91	C	366	589394	150	38	1	30	221	590200	37	39577	10	2	0	13	3	39642
TP1_synth_forward	TP1_synth_forward	92	C	173	589767	0	17	0	77	149	590183	8	39579	0	1	0	45	5	39638
TP1_synth_forward	TP1_synth_forward	93	G	502	161	0	589226	0	26	54	589969	44	41	0	39510	0	14	3	39612
TP1_synth_forward	TP1_synth_forward	94	T	905	58	0	37	0	67	588439	589506	117	4	0	6	0	42	39404	39573
TP1_synth_forward	TP1_synth_forward	95	C	155	589094	0	27	0	60	121	589457	13	39505	0	1	0	36	8	39563
TP1_synth_forward	TP1_synth_forward	96	C	0	588354	0	0	0	9	0	588363	0	39521	0	0	0	5	0	39526
TP1_synth_forward	TP1_synth_forward	97	C	0	587585	0	0	0	11	0	587596	0	39464	0	0	0	6	0	39470
TP1_synth_forward	TP1_synth_forward	98	A	583477	0	0	0	0	26	0	583503	39313	0	0	0	0	6	0	39319
TP1_synth_forward	TP1_synth_forward	99	G	0	0	0	582274	0	0	0	582274	0	0	0	39211	0	0	0	39211
TP1_synth_forward	TP1_synth_forward	100	T	0	0	0	0	0	0	581285	581285	0	0	0	0	0	0	39090	39090
