



























































































































































































































#AmpliconChromStart	Alias	Position	ProbableRef	rawA	rawC	rawD	rawG	rawI	rawN	rawT	rawDepth	consA	consC	consD	consG	consI	consN	consT	consDepth	
TP1_synth_reverse		1	G	0	0	0	867372	0	0	0	867372	0	0	0	5705	0	0	0	5705
TP1_synth_reverse		2	T	0	0	0	0	0	0	869171	869171	0	0	0	0	0	0	5715	5715
TP1_synth_reverse		3	G	0	0	0	871985	0	73	0	872058	0	0	0	5730	0	0	0	5730
TP1_synth_reverse		4	G	0	0	0	872803	0	61	0	872864	0	0	0	5734	0	0	0	5734
TP1_synth_reverse		5	T	0	0	0	0	0	22	873258	873280	0	0	0	0	0	0	5736	5736
TP1_synth_reverse		6	G	140	87	0	873676	0	17	190	874110	0	0	0	5740	0	0	0	5740
TP1_synth_reverse		7	A	874334	18	0	129	0	66	146	874693	5744	0	0	0	0	0	0	5744
TP1_synth_reverse		8	G	105	102	0	876051	1	102	146	876507	0	0	0	5757	0	0	0	5757
TP1_synth_reverse		9	G	123	118	0	875965	242	33	120	876601	0	0	0	5756	1	0	0	5757
TP1_synth_reverse		10	C	216	876160	45	25	0	32	148	876626	0	5757	0	0	0	0	0	5757
TP1_synth_reverse		11	T	190	323	215	16	292	23	875567	876626	0	0	0	0	2	0	5755	5757
TP1_synth_reverse		12	C	292	874496	1562	25	0	82	169	876626	0	5744	13	0	0	0	0	5757
TP1_synth_reverse		13	C	387	876006	2	28	1	97	105	876626	0	5757	0	0	0	0	0	5757
TP1_synth_reverse		14	C	414	875998	0	34	0	60	120	876626	0	5757	0	0	0	0	0	5757
TP1_synth_reverse		15	C	273	875957	35	34	173	69	102	876643	0	5756	0	0	1	0	0	5757
TP1_synth_reverse		16	T	346	79	1372	15	0	206	874625	876643	0	0	8	0	0	0	5749	5757
TP1_synth_reverse		17	T	293	118	333	17	0	80	875935	876776	0	0	1	0	0	0	5757	5758
TP1_synth_reverse		18	T	299	139	872	2	238	66	875160	876776	0	0	6	0	1	0	5751	5758
TP1_synth_reverse		19	C	305	873852	2015	20	566	66	204	877028	0	5736	16	0	6	0	1	5759
TP1_synth_reverse		20	T	239	127	1800	19	0	29	874814	877028	0	1	11	0	0	0	5747	5759
TP1_synth_reverse		21	T	487	184	618	932	1386	104	873317	877028	0	0	4	7	7	0	5741	5759
TP1_synth_reverse		22	G	619	384	1295	874049	408	22	261	877038	4	0	9	5743	3	0	0	5759
TP1_synth_reverse		23	C	539	864506	1391	6628	3266	32	676	877038	0	5691	8	40	18	0	2	5759
TP1_synth_reverse		24	G	242	162	1855	873858	8	44	869	877038	0	0	11	5747	0	0	1	5759
TP1_synth_reverse		25	G	118	610	579	873714	1242	103	688	877054	0	0	5	5744	9	0	1	5759
TP1_synth_reverse		26	A	874101	12	431	238	2093	47	149	877071	5742	0	4	0	13	0	0	5759
TP1_synth_reverse		27	G	342	703	846	874063	676	22	419	877071	2	0	7	5745	3	0	2	5759
TP1_synth_reverse		28	A	874497	29	1541	84	769	37	133	877090	5744	0	11	0	4	0	0	5759
TP1_synth_reverse		29	T	288	677	755	142	2	130	875096	877090	0	4	6	0	0	0	5749	5759
TP1_synth_reverse		30	T	948	108	507	67	223	120	875174	877147	0	0	5	0	2	0	5753	5760
TP1_synth_reverse		31	C	605	873769	960	39	422	82	1228	877105	2	5746	8	0	1	0	3	5760
TP1_synth_reverse		32	T	557	189	1096	76	602	359	874222	877101	0	1	8	0	2	0	5749	5760
TP1_synth_reverse		33	C	439	874878	1365	30	58	143	110	877023	0	5749	10	0	1	0	0	5760
TP1_synth_reverse		34	T	686	159	1046	69	0	91	874968	877019	0	1	8	0	0	0	5751	5760
TP1_synth_reverse		35	T	1385	474	870	55	242	105	873878	877009	0	1	7	0	2	0	5750	5760
TP1_synth_reverse		36	C	513	873995	2169	32	0	77	216	877002	0	5742	17	0	0	0	1	5760
TP1_synth_reverse		37	C	542	874520	1463	76	18	84	276	876979	0	5746	12	0	0	0	2	5760
TP1_synth_reverse		38	T	648	68	1801	256	385	26	873789	876973	0	0	13	0	3	0	5746	5762
TP1_synth_reverse		39	C	374	873827	1668	56	435	65	489	876914	0	5745	12	0	3	0	2	5762
TP1_synth_reverse		40	T	1248	101	2020	2427	1119	143	869822	876880	1	0	13	17	5	0	5727	5763
TP1_synth_reverse		41	G	1179	540	2464	870822	652	26	1181	876864	1	0	17	5735	4	0	6	5763
TP1_synth_reverse		42	T	2105	86	2061	477	1708	68	870290	876795	0	0	12	2	10	0	5738	5762
TP1_synth_reverse		43	G	502	420	1686	872869	468	389	614	876948	1	0	11	5747	3	0	2	5764
TP1_synth_reverse		44	C	508	865823	2413	3511	2647	162	2127	877191	0	5699	13	26	15	0	12	5765
TP1_synth_reverse		45	G	204	1105	1937	871999	577	61	1511	877394	0	5	12	5746	2	0	1	5766
TP1_synth_reverse		46	C	755	874403	1673	278	8	16	195	877328	0	5752	11	2	0	0	1	5766
TP1_synth_reverse		47	C	330	869925	896	3357	2029	29	759	877325	0	5722	6	20	14	0	4	5766
TP1_synth_reverse		48	G	231	610	1413	873648	260	38	1098	877298	0	0	8	5754	3	0	1	5766
TP1_synth_reverse		49	A	875494	54	1191	78	0	194	146	877157	5758	0	7	0	0	0	0	5765
TP1_synth_reverse		50	T	1008	88	814	145	330	119	874642	877146	0	0	4	0	2	0	5759	5765
TP1_synth_reverse		51	A	875638	72	1109	109	0	114	131	877173	5757	0	8	0	0	0	0	5765
TP1_synth_reverse		52	C	559	874890	909	127	174	261	293	877213	0	5756	7	0	1	0	1	5765
TP1_synth_reverse		53	A	873788	167	1205	871	744	286	149	877210	5748	2	8	3	4	0	0	5765
TP1_synth_reverse		54	G	176	232	1539	873999	758	80	402	877186	0	0	10	5750	4	0	1	5765
TP1_synth_reverse		55	A	874968	90	1777	138	1	115	68	877157	5753	0	13	0	0	0	0	5766
TP1_synth_reverse		56	A	874689	489	1591	155	22	88	123	877157	5751	2	13	0	0	0	0	5766
TP1_synth_reverse		57	T	1657	66	1595	196	7	219	873393	877133	0	0	12	0	0	0	5754	5766
TP1_synth_reverse		58	A	873693	1001	1751	73	2	278	311	877109	5747	9	11	0	0	0	1	5768
TP1_synth_reverse		59	T	847	1403	1542	161	331	365	871910	876559	0	5	9	1	1	0	5752	5768
TP1_synth_reverse		60	C	799	873458	1445	44	157	260	362	876525	0	5755	10	0	1	0	2	5768
TP1_synth_reverse		61	T	1118	102	1714	6625	1280	216	865315	876370	0	0	13	43	9	0	5703	5768
TP1_synth_reverse		62	G	863	270	2760	870495	47	326	1584	876345	3	0	19	5736	1	0	9	5768
TP1_synth_reverse		63	T	1984	84	3179	31	0	149	870724	876151	0	0	21	0	0	0	5747	5768
TP1_synth_reverse		64	T	1780	69	2359	148	141	57	871585	876139	0	0	15	1	1	0	5751	5768
TP1_synth_reverse		65	C	1087	868673	2745	2725	549	147	204	876130	0	5726	18	19	5	0	0	5768
TP1_synth_reverse		66	G	356	331	1971	872795	3	68	634	876158	0	0	15	5753	0	0	1	5769
TP1_synth_reverse		67	C	862	872788	2123	40	66	190	80	876149	0	5751	17	0	1	0	0	5769
TP1_synth_reverse		68	A	873424	200	2025	133	197	89	78	876146	5753	0	15	0	1	0	0	5769
TP1_synth_reverse		69	C	311	873985	1521	40	2	57	249	876165	0	5756	12	0	0	0	1	5769
TP1_synth_reverse		70	T	1044	108	1690	37	364	96	872815	876154	0	0	12	0	2	0	5755	5769
TP1_synth_reverse		71	C	368	872851	2290	49	0	307	286	876151	0	5752	16	0	0	0	1	5769
TP1_synth_reverse		72	C	661	867448	1436	5835	235	120	236	875971	0	5724	10	32	3	0	0	5769
TP1_synth_reverse		73	G	409	446	1528	872687	1	329	554	875954	2	0	11	5753	0	0	3	5769
TP1_synth_reverse		74	A	871178	95	1621	2735	104	121	87	875941	5742	1	9	15	1	0	1	5769
TP1_synth_reverse		75	G	153	392	1178	873843	123	76	157	875922	0	0	9	5758	1	0	1	5769
TP1_synth_reverse		76	T	901	361	852	14590	74	63	859030	875871	0	1	6	83	1	0	5678	5769
TP1_synth_reverse		77	G	527	317	638	873647	176	81	457	875843	3	0	6	5758	1	0	1	5769
TP1_synth_reverse		78	C	463	869349	917	2182	431	450	2044	875836	0	5738	6	11	4	0	10	5769
TP1_synth_reverse		79	G	681	511	1716	872245	0	126	469	875748	3	0	11	5755	0	0	0	5769
TP1_synth_reverse		80	G	466	274	1003	873318	0	149	514	875724	1	0	6	5761	0	0	1	5769
TP1_synth_reverse		81	C	288	872928	1433	87	487	88	397	875708	0	5756	9	0	3	0	1	5769
TP1_synth_reverse		82	A	873227	34	1813	159	1	93	147	875474	5758	0	11	0	0	0	0	5769
TP1_synth_reverse		83	A	873932	51	1052	101	0	222	113	875471	5763	0	6	0	0	0	0	5769
TP1_synth_reverse		84	A	874155	55	1	914	7	229	71	875432	5766	0	0	3	0	0	0	5769
TP1_synth_reverse		85	G	145	349	89	874157	3	123	472	875338	0	0	1	5767	0	0	1	5769
TP1_synth_reverse		86	C	498	874357	0	49	126	85	181	875296	0	5768	0	0	1	0	0	5769
TP1_synth_reverse		87	T	1134	112	10	31	5	294	873648	875234	0	0	0	0	0	0	5769	5769
TP1_synth_reverse		88	G	336	578	736	872929	216	158	221	875174	0	0	2	5766	1	0	0	5769
TP1_synth_reverse		89	T	640	104	77	45	0	74	874191	875131	0	0	0	0	0	0	5769	5769
TP1_synth_reverse		90	T	617	115	0	31	0	84	874189	875036	0	0	0	0	0	0	5769	5769
TP1_synth_reverse		91	C	548	873714	0	180	0	289	207	874938	0	5768	0	1	0	0	0	5769
TP1_synth_reverse		92	C	424	873195	0	53	0	366	276	874314	0	5769	0	0	0	0	0	5769
TP1_synth_reverse		93	G	368	373	0	872833	0	138	176	873888	1	0	0	5768	0	0	0	5769
TP1_synth_reverse		94	T	530	112	0	39	0	92	872847	873620	0	0	0	0	0	0	5769	5769
TP1_synth_reverse		95	C	0	872572	0	0	0	153	0	872725	0	5769	0	0	0	0	0	5769
TP1_synth_reverse		96	C	0	871668	0	0	0	135	0	871803	0	5769	0	0	0	0	0	5769
TP1_synth_reverse		97	C	0	869084	0	0	0	136	0	869220	0	5769	0	0	0	0	0	5769
TP1_synth_reverse		98	A	866360	0	0	0	0	0	0	866360	5769	0	0	0	0	0	0	5769
TP1_synth_reverse		99	G	0	0	0	864996	1	0	0	864997	0	0	0	5769	0	0	0	5769
