



























































































































































































































#AmpliconChromStart	Alias	Position	ProbableRef	rawA	rawC	rawD	rawG	rawI	rawN	rawT	rawDepth	consA	consC	consD	consG	consI	consN	consT	consDepth	
TP1_synth_reverse		1	G	0	0	0	867372	0	0	0	867372	0	0	0	14954	0	0	0	14954
TP1_synth_reverse		2	T	0	0	0	0	0	0	869171	869171	0	0	0	0	0	0	14973	14973
TP1_synth_reverse		3	G	0	0	0	871985	0	73	0	872058	0	0	0	15003	0	0	0	15003
TP1_synth_reverse		4	G	0	0	0	872803	0	61	0	872864	0	0	0	15013	0	0	0	15013
TP1_synth_reverse		5	T	0	0	0	0	0	22	873258	873280	0	0	0	0	0	0	15018	15018
TP1_synth_reverse		6	G	140	87	0	873676	0	17	190	874110	1	0	0	15028	0	0	1	15030
TP1_synth_reverse		7	A	874334	18	0	129	0	66	146	874693	15035	0	0	0	0	0	1	15036
TP1_synth_reverse		8	G	105	102	0	876051	1	102	146	876507	0	0	0	15057	0	0	1	15058
TP1_synth_reverse		9	G	123	118	0	875965	242	33	120	876601	0	0	0	15064	1	0	0	15065
TP1_synth_reverse		10	C	216	876160	45	25	0	32	148	876626	0	15065	1	0	0	0	0	15066
TP1_synth_reverse		11	T	190	323	215	16	292	23	875567	876626	0	0	2	0	7	0	15057	15066
TP1_synth_reverse		12	C	292	874496	1562	25	0	82	169	876626	0	15039	25	0	0	0	2	15066
TP1_synth_reverse		13	C	387	876006	2	28	1	97	105	876626	0	15066	0	0	0	0	0	15066
TP1_synth_reverse		14	C	414	875998	0	34	0	60	120	876626	0	15066	0	0	0	0	0	15066
TP1_synth_reverse		15	C	273	875957	35	34	173	69	102	876643	0	15063	1	0	3	0	0	15067
TP1_synth_reverse		16	T	346	79	1372	15	0	206	874625	876643	0	0	26	0	0	0	15041	15067
TP1_synth_reverse		17	T	293	118	333	17	0	80	875935	876776	0	0	4	0	0	0	15065	15069
TP1_synth_reverse		18	T	299	139	872	2	238	66	875160	876776	0	2	13	0	3	0	15051	15069
TP1_synth_reverse		19	C	305	873852	2015	20	566	66	204	877028	0	15017	33	0	16	0	4	15070
TP1_synth_reverse		20	T	239	127	1800	19	0	29	874814	877028	0	2	34	0	0	0	15034	15070
TP1_synth_reverse		21	T	487	184	618	932	1386	104	873317	877028	0	0	14	22	29	0	15005	15070
TP1_synth_reverse		22	G	619	384	1295	874049	408	22	261	877038	6	0	22	15038	5	0	0	15071
TP1_synth_reverse		23	C	539	864506	1391	6628	3266	32	676	877038	0	14899	28	88	53	0	3	15071
TP1_synth_reverse		24	G	242	162	1855	873858	8	44	869	877038	3	1	31	15034	0	0	2	15071
TP1_synth_reverse		25	G	118	610	579	873714	1242	103	688	877054	0	0	12	15045	12	0	3	15072
TP1_synth_reverse		26	A	874101	12	431	238	2093	47	149	877071	15020	0	15	3	35	0	0	15073
TP1_synth_reverse		27	G	342	703	846	874063	676	22	419	877071	3	0	19	15033	11	0	7	15073
TP1_synth_reverse		28	A	874497	29	1541	84	769	37	133	877090	15034	0	27	0	12	0	1	15074
TP1_synth_reverse		29	T	288	677	755	142	2	130	875096	877090	0	4	25	0	0	0	15045	15074
TP1_synth_reverse		30	T	948	108	507	67	223	120	875174	877147	0	0	16	0	4	0	15056	15076
TP1_synth_reverse		31	C	605	873769	960	39	422	82	1228	877105	2	15039	21	0	1	0	10	15073
TP1_synth_reverse		32	T	557	189	1096	76	602	359	874222	877101	0	1	17	0	5	0	15050	15073
TP1_synth_reverse		33	C	439	874870	1365	30	58	143	110	877015	0	15045	24	0	1	0	1	15071
TP1_synth_reverse		34	T	686	159	1046	69	0	91	874960	877011	0	1	21	0	0	0	15049	15071
TP1_synth_reverse		35	T	1385	474	870	55	242	105	873870	877001	0	7	17	0	4	0	15043	15071
TP1_synth_reverse		36	C	513	873987	2169	32	0	77	216	876994	0	15035	32	0	0	0	3	15070
TP1_synth_reverse		37	C	542	874512	1463	76	18	84	276	876971	0	15029	30	1	2	0	7	15069
TP1_synth_reverse		38	T	648	68	1801	256	385	26	873781	876965	0	0	37	2	6	0	15024	15069
TP1_synth_reverse		39	C	374	873826	1668	56	435	65	489	876913	0	15020	37	0	8	0	3	15068
TP1_synth_reverse		40	T	1248	101	2020	2427	1119	143	869821	876879	1	0	38	50	15	0	14961	15065
TP1_synth_reverse		41	G	1178	539	2464	870823	652	26	1181	876863	5	0	46	14999	7	0	8	15065
TP1_synth_reverse		42	T	2104	86	2061	477	1708	68	870290	876794	0	0	33	6	21	0	15004	15064
TP1_synth_reverse		43	G	502	420	1686	872868	468	389	614	876947	4	0	30	15025	6	0	3	15068
TP1_synth_reverse		44	C	508	865822	2413	3511	2647	162	2127	877190	2	14930	29	59	26	1	23	15070
TP1_synth_reverse		45	G	204	1104	1937	871999	577	61	1511	877393	1	6	26	15033	4	0	2	15072
TP1_synth_reverse		46	C	755	874402	1673	278	8	16	195	877327	0	15040	26	2	0	0	2	15070
TP1_synth_reverse		47	C	329	869925	896	3357	2029	29	759	877324	0	14955	14	65	31	0	5	15070
TP1_synth_reverse		48	G	231	609	1413	873650	260	38	1096	877297	3	1	20	15041	4	0	1	15070
TP1_synth_reverse		49	A	875493	54	1191	78	0	194	146	877156	15052	0	18	0	0	0	0	15070
TP1_synth_reverse		50	T	1008	88	814	145	330	119	874641	877145	0	1	15	0	2	0	15052	15070
TP1_synth_reverse		51	A	875637	72	1109	109	0	114	131	877172	15051	1	19	1	0	0	0	15072
TP1_synth_reverse		52	C	560	874888	909	127	174	261	293	877212	0	15049	18	0	3	0	4	15074
TP1_synth_reverse		53	A	873787	167	1205	871	744	286	149	877209	15032	4	22	7	8	0	1	15074
TP1_synth_reverse		54	G	176	232	1539	873997	758	80	403	877185	4	0	27	15035	4	0	3	15073
TP1_synth_reverse		55	A	874967	90	1777	138	1	115	68	877156	15038	0	33	0	0	0	0	15071
TP1_synth_reverse		56	A	874688	489	1591	155	22	88	123	877156	15033	7	30	0	1	0	0	15071
TP1_synth_reverse		57	T	1655	66	1595	196	7	219	873394	877132	0	0	31	0	1	0	15040	15072
TP1_synth_reverse		58	A	873692	1001	1751	73	2	278	311	877108	15038	9	25	0	0	0	1	15073
TP1_synth_reverse		59	T	846	1403	1542	161	331	365	871910	876558	0	20	21	1	2	0	15029	15073
TP1_synth_reverse		60	C	798	873458	1445	44	157	260	362	876524	0	15046	23	0	1	0	2	15072
TP1_synth_reverse		61	T	1118	102	1714	6625	1281	216	865313	876369	0	0	26	89	19	0	14939	15073
TP1_synth_reverse		62	G	862	270	2760	870495	47	326	1584	876344	4	0	33	15015	1	0	20	15073
TP1_synth_reverse		63	T	1984	84	3179	31	0	149	870723	876150	0	0	38	1	0	0	15034	15073
TP1_synth_reverse		64	T	1778	69	2359	148	141	57	871586	876138	0	0	28	1	1	0	15043	15073
TP1_synth_reverse		65	C	1087	868672	2745	2725	549	147	204	876129	0	14989	34	41	8	0	1	15073
TP1_synth_reverse		66	G	355	330	1971	872796	3	68	634	876157	0	0	27	15046	0	0	2	15075
TP1_synth_reverse		67	C	862	872787	2123	40	66	190	80	876148	0	15040	33	0	2	0	0	15075
TP1_synth_reverse		68	A	873423	200	2025	133	197	89	78	876145	15044	0	30	0	1	0	0	15075
TP1_synth_reverse		69	C	311	873984	1521	40	2	57	249	876164	1	15044	29	0	0	0	3	15077
TP1_synth_reverse		70	T	1043	108	1690	37	364	96	872815	876153	0	0	31	0	4	0	15042	15077
TP1_synth_reverse		71	C	368	872850	2290	49	0	307	286	876150	0	15042	33	0	0	0	2	15077
TP1_synth_reverse		72	C	661	867447	1436	5835	235	120	236	875970	0	14975	26	66	5	0	3	15075
TP1_synth_reverse		73	G	409	446	1528	872686	1	329	554	875953	6	0	33	15032	0	0	4	15075
TP1_synth_reverse		74	A	871177	95	1621	2735	104	121	87	875940	14997	1	28	46	1	0	2	15075
TP1_synth_reverse		75	G	153	392	1178	873842	123	76	157	875921	3	0	29	15041	1	0	1	15075
TP1_synth_reverse		76	T	901	361	852	14590	74	63	859029	875870	1	2	20	162	2	0	14887	15074
TP1_synth_reverse		77	G	527	317	638	873646	176	81	457	875842	4	0	16	15052	1	0	1	15074
TP1_synth_reverse		78	C	463	869348	917	2182	431	450	2044	875835	0	15003	14	21	6	1	29	15074
TP1_synth_reverse		79	G	681	511	1716	872244	0	126	469	875747	5	1	19	15045	0	1	3	15074
TP1_synth_reverse		80	G	466	274	1003	873317	0	149	514	875723	4	0	8	15059	0	0	3	15074
TP1_synth_reverse		81	C	288	872927	1433	87	487	88	397	875707	0	15056	12	0	4	0	2	15074
TP1_synth_reverse		82	A	873226	34	1813	159	1	93	147	875473	15056	0	18	0	0	0	0	15074
TP1_synth_reverse		83	A	873931	51	1052	101	0	222	113	875470	15067	0	7	0	0	0	0	15074
TP1_synth_reverse		84	A	874154	55	1	914	7	229	71	875431	15059	0	0	15	0	0	0	15074
TP1_synth_reverse		85	G	145	349	89	874156	3	123	472	875337	2	0	3	15068	0	0	1	15074
TP1_synth_reverse		86	C	498	874356	0	49	126	85	181	875295	0	15072	0	0	1	0	1	15074
TP1_synth_reverse		87	T	1134	112	10	31	5	294	873647	875233	0	0	1	0	0	0	15073	15074
TP1_synth_reverse		88	G	336	578	736	872928	216	158	221	875173	0	0	3	15070	1	0	0	15074
TP1_synth_reverse		89	T	640	104	77	45	0	74	874190	875130	0	0	0	0	0	0	15074	15074
TP1_synth_reverse		90	T	616	115	0	31	0	84	874189	875035	0	0	0	0	0	0	15074	15074
TP1_synth_reverse		91	C	548	873713	0	180	0	289	207	874937	1	15070	0	3	0	0	0	15074
TP1_synth_reverse		92	C	424	873194	0	53	0	366	276	874313	0	15072	0	1	0	0	0	15073
TP1_synth_reverse		93	G	368	373	0	872832	0	138	176	873887	4	0	0	15065	0	0	0	15069
TP1_synth_reverse		94	T	530	112	0	39	0	92	872846	873619	0	0	0	0	0	0	15068	15068
TP1_synth_reverse		95	C	0	872571	0	0	0	153	0	872724	0	15066	0	0	0	0	0	15066
TP1_synth_reverse		96	C	0	871667	0	0	0	135	0	871802	0	15066	0	0	0	0	0	15066
TP1_synth_reverse		97	C	0	869083	0	0	0	136	0	869219	0	15064	0	0	0	0	0	15064
TP1_synth_reverse		98	A	866359	0	0	0	0	0	0	866359	15054	0	0	0	0	0	0	15054
TP1_synth_reverse		99	G	0	0	0	864995	1	0	0	864996	0	0	0	15050	0	0	0	15050
