



























































































































































































































#AmpliconChromStart	Alias	Position	ProbableRef	rawA	rawC	rawD	rawG	rawI	rawN	rawT	rawDepth	consA	consC	consD	consG	consI	consN	consT	consDepth	
TP1_synth_reverse		1	G	0	0	0	867372	0	0	0	867372	0	0	0	66161	0	0	0	66161
TP1_synth_reverse		2	T	0	0	0	0	0	0	869171	869171	0	0	0	0	0	0	66669	66669
TP1_synth_reverse		3	G	0	0	0	871985	0	73	0	872058	0	0	0	67196	0	34	0	67230
TP1_synth_reverse		4	G	0	0	0	872803	0	61	0	872864	0	0	0	67609	0	30	0	67639
TP1_synth_reverse		5	T	0	0	0	0	0	22	873258	873280	0	0	0	0	0	18	67861	67879
TP1_synth_reverse		6	G	140	87	0	873676	0	17	190	874110	4	11	0	68247	0	10	22	68294
TP1_synth_reverse		7	A	874334	18	0	129	0	66	146	874693	68326	0	0	6	0	20	6	68358
TP1_synth_reverse		8	G	105	102	0	876051	1	102	146	876507	3	14	0	68380	0	31	30	68458
TP1_synth_reverse		9	G	123	118	0	875965	242	33	120	876601	9	34	0	68413	6	5	26	68493
TP1_synth_reverse		10	C	216	876135	45	25	0	32	148	876601	40	68438	5	2	0	3	5	68493
TP1_synth_reverse		11	T	190	323	215	16	292	23	875542	876601	44	14	12	1	35	2	68385	68493
TP1_synth_reverse		12	C	292	874471	1562	25	0	82	169	876601	52	68333	73	0	0	28	7	68493
TP1_synth_reverse		13	C	387	875981	2	28	1	97	105	876601	71	68370	0	2	0	49	1	68493
TP1_synth_reverse		14	C	414	875973	0	34	0	60	120	876601	59	68398	0	1	0	29	6	68493
TP1_synth_reverse		15	C	273	875932	35	34	173	69	102	876618	51	68388	7	3	13	38	6	68506
TP1_synth_reverse		16	T	343	79	1372	15	0	206	874603	876618	87	3	102	2	0	58	68254	68506
TP1_synth_reverse		17	T	289	118	333	17	0	80	875914	876751	65	3	23	0	0	35	68387	68513
TP1_synth_reverse		18	T	297	139	872	2	238	66	875137	876751	61	7	55	0	21	15	68354	68513
TP1_synth_reverse		19	C	305	873827	2015	20	566	66	204	877003	123	68182	138	2	48	19	26	68538
TP1_synth_reverse		20	T	235	127	1800	19	0	29	874793	877003	59	9	121	0	0	16	68333	68538
TP1_synth_reverse		21	T	479	184	618	932	1386	104	873300	877003	141	20	58	73	129	7	68110	68538
TP1_synth_reverse		22	G	619	382	1295	874027	408	22	260	877013	33	149	102	68175	26	2	57	68544
TP1_synth_reverse		23	C	538	864482	1391	6628	3266	32	676	877013	146	67594	99	404	263	3	35	68544
TP1_synth_reverse		24	G	242	159	1855	873836	8	44	869	877013	29	42	116	68220	1	16	120	68544
TP1_synth_reverse		25	G	117	609	579	873691	1242	103	688	877029	14	162	38	68184	56	23	74	68551
TP1_synth_reverse		26	A	874076	12	431	238	2093	47	149	877046	68330	1	44	27	127	22	6	68557
TP1_synth_reverse		27	G	342	702	846	874039	676	22	419	877046	19	142	64	68181	36	16	99	68557
TP1_synth_reverse		28	A	874472	29	1541	84	769	37	133	877065	68365	2	129	6	38	20	7	68567
TP1_synth_reverse		29	T	285	677	755	142	2	130	875074	877065	69	29	74	17	0	34	68344	68567
TP1_synth_reverse		30	T	946	108	507	67	223	120	875151	877122	313	5	61	6	24	20	68141	68570
TP1_synth_reverse		31	C	605	873744	960	39	422	82	1228	877080	184	68167	89	4	12	28	71	68555
TP1_synth_reverse		32	T	554	189	1096	76	602	359	874200	877076	106	15	73	14	26	36	68281	68551
TP1_synth_reverse		33	C	439	874853	1365	30	58	143	110	876998	170	68230	99	3	6	27	9	68544
TP1_synth_reverse		34	T	685	159	1046	69	0	91	874944	876994	149	11	92	6	0	2	68282	68542
TP1_synth_reverse		35	T	1383	474	870	55	242	105	873855	876984	427	33	76	7	19	36	67939	68537
TP1_synth_reverse		36	C	511	873972	2169	32	0	77	216	876977	105	68274	127	2	0	17	11	68536
TP1_synth_reverse		37	C	539	874498	1463	76	18	84	276	876954	125	68246	107	6	4	13	30	68531
TP1_synth_reverse		38	T	644	68	1801	255	385	26	873769	876948	202	4	136	29	19	13	68123	68526
TP1_synth_reverse		39	C	374	873802	1668	56	435	65	489	876889	100	68219	132	6	21	8	28	68514
TP1_synth_reverse		40	T	1247	101	2020	2427	1119	143	869798	876855	275	4	142	205	70	23	67798	68517
TP1_synth_reverse		41	G	1178	538	2464	870800	652	26	1181	876839	111	158	180	67888	31	4	132	68504
TP1_synth_reverse		42	T	2099	86	2061	477	1708	68	870271	876770	519	6	129	35	136	8	67663	68496
TP1_synth_reverse		43	G	500	419	1686	872847	468	389	614	876923	94	131	106	67961	35	57	117	68501
TP1_synth_reverse		44	C	507	865799	2413	3511	2647	162	2127	877166	137	67670	149	272	123	46	118	68515
TP1_synth_reverse		45	G	204	1104	1937	871977	577	61	1509	877369	17	135	127	67918	31	31	243	68502
TP1_synth_reverse		46	C	754	874379	1673	278	8	16	195	877303	297	67992	119	26	7	9	29	68479
TP1_synth_reverse		47	C	328	869902	896	3357	2029	29	759	877300	75	67889	75	261	130	16	32	68478
TP1_synth_reverse		48	G	230	608	1413	873628	260	38	1096	877273	22	206	99	67911	20	15	186	68459
TP1_synth_reverse		49	A	875469	54	1191	78	0	194	146	877132	68525	5	97	7	0	25	6	68665
TP1_synth_reverse		50	T	1002	88	814	145	330	119	874623	877121	241	7	87	21	18	30	68254	68658
TP1_synth_reverse		51	A	875613	72	1109	109	0	114	131	877148	68517	23	81	5	0	31	5	68662
TP1_synth_reverse		52	C	558	874866	909	127	174	261	293	877188	173	68330	78	24	9	18	34	68666
TP1_synth_reverse		53	A	873789	167	1205	871	744	286	149	877211	68414	25	107	52	41	30	10	68679
TP1_synth_reverse		54	G	176	231	1539	874001	758	80	402	877187	37	55	125	68324	37	21	63	68662
TP1_synth_reverse		55	A	874969	90	1777	138	1	115	68	877158	68475	12	143	8	0	9	3	68650
TP1_synth_reverse		56	A	874690	489	1591	155	22	88	123	877158	68461	31	117	15	4	10	12	68650
TP1_synth_reverse		57	T	1656	66	1595	196	7	219	873395	877134	352	7	127	22	1	39	68085	68633
TP1_synth_reverse		58	A	873694	1001	1751	73	2	278	311	877110	68289	51	128	5	1	151	13	68638
TP1_synth_reverse		59	T	846	1402	1542	161	331	365	871913	876560	191	83	121	16	15	68	68105	68599
TP1_synth_reverse		60	C	799	873460	1445	43	157	260	362	876526	209	68192	121	4	5	46	9	68586
TP1_synth_reverse		61	T	1115	102	1714	6625	1280	216	865319	876371	238	5	142	432	71	54	67620	68562
TP1_synth_reverse		62	G	863	269	2760	870496	47	326	1585	876346	88	45	179	67806	6	165	263	68552
TP1_synth_reverse		63	T	1985	84	3179	31	0	149	870724	876152	499	4	188	5	0	57	67783	68536
TP1_synth_reverse		64	T	1776	69	2359	149	141	57	871589	876140	362	5	144	9	10	12	67987	68529
TP1_synth_reverse		65	C	1086	868675	2745	2725	549	147	204	876131	198	67896	167	183	44	24	11	68523
TP1_synth_reverse		66	G	356	330	1971	872797	3	68	634	876159	55	113	138	68078	0	16	113	68513
TP1_synth_reverse		67	C	863	872788	2123	40	66	190	80	876150	275	68034	160	6	7	20	4	68506
TP1_synth_reverse		68	A	873425	200	2025	133	197	89	78	876147	68303	29	135	5	7	20	5	68504
TP1_synth_reverse		69	C	311	873986	1521	40	2	57	249	876166	74	68272	125	1	0	5	26	68503
TP1_synth_reverse		70	T	1044	108	1690	37	364	96	872816	876155	249	4	120	3	16	22	68080	68494
TP1_synth_reverse		71	C	368	872852	2290	49	0	307	286	876152	90	68138	165	9	0	72	18	68492
TP1_synth_reverse		72	C	663	867447	1436	5835	235	120	236	875972	209	67682	116	361	21	48	38	68475
TP1_synth_reverse		73	G	408	446	1528	872689	1	329	554	875955	29	114	138	67929	1	183	67	68461
TP1_synth_reverse		74	A	871179	95	1621	2735	104	121	87	875942	68013	10	138	223	21	44	8	68457
TP1_synth_reverse		75	G	153	392	1178	873844	123	76	157	875923	19	86	116	68159	5	20	39	68444
TP1_synth_reverse		76	T	905	362	852	14590	74	63	859027	875873	295	13	87	847	10	6	67172	68430
TP1_synth_reverse		77	G	527	316	638	873651	176	81	456	875845	33	82	53	68161	9	13	63	68414
TP1_synth_reverse		78	C	462	869353	917	2181	431	450	2044	875838	75	67888	49	140	40	69	149	68410
TP1_synth_reverse		79	G	681	512	1716	872246	0	126	469	875750	44	228	86	67925	0	15	100	68398
TP1_synth_reverse		80	G	465	273	1003	873322	0	149	514	875726	43	87	47	68097	0	36	74	68384
TP1_synth_reverse		81	C	289	872929	1433	87	487	88	397	875710	68	68169	77	6	16	20	18	68374
TP1_synth_reverse		82	A	873229	34	1813	159	1	93	147	875476	68010	7	103	5	0	18	7	68150
TP1_synth_reverse		83	A	873934	51	1052	101	0	222	113	875473	68023	7	53	9	0	53	5	68150
TP1_synth_reverse		84	A	874157	55	1	914	7	229	71	875434	68041	5	0	53	5	36	3	68143
TP1_synth_reverse		85	G	146	348	89	874158	3	123	472	875339	21	97	19	67867	2	44	45	68095
TP1_synth_reverse		86	C	500	874356	0	49	126	85	181	875297	100	67948	0	1	4	13	13	68079
TP1_synth_reverse		87	T	1134	112	10	31	5	294	873650	875236	238	6	3	6	0	30	67766	68049
TP1_synth_reverse		88	G	336	578	736	872931	216	158	221	875176	23	54	21	67836	6	32	58	68030
TP1_synth_reverse		89	T	639	104	77	45	0	74	874194	875133	94	5	6	4	0	28	67880	68017
TP1_synth_reverse		90	T	616	115	0	31	0	84	874192	875038	83	7	0	6	0	9	67885	67990
TP1_synth_reverse		91	C	548	873717	0	180	0	289	207	874941	91	67828	0	11	0	35	2	67967
TP1_synth_reverse		92	C	424	873198	0	53	0	366	276	874317	63	67782	0	4	0	69	5	67923
TP1_synth_reverse		93	G	368	373	0	872836	0	138	176	873891	22	86	0	67669	0	36	40	67853
TP1_synth_reverse		94	T	529	112	0	39	0	92	872851	873623	74	4	0	4	0	12	67730	67824
TP1_synth_reverse		95	C	0	872575	0	0	0	153	0	872728	0	67740	0	0	0	18	0	67758
TP1_synth_reverse		96	C	0	871672	0	0	0	135	0	871807	0	67638	0	0	0	39	0	67677
TP1_synth_reverse		97	C	0	869088	0	0	0	136	0	869224	0	67445	0	0	0	50	0	67495
TP1_synth_reverse		98	A	866364	0	0	0	0	0	0	866364	67326	0	0	0	0	0	0	67326
TP1_synth_reverse		99	G	0	0	0	865000	1	0	0	865001	0	0	0	67167	0	0	0	67167
