



























































































































































































































#AmpliconChromStart	Alias	Position	ProbableRef	rawA	rawC	rawD	rawG	rawI	rawN	rawT	rawDepth	consA	consC	consD	consG	consI	consN	consT	consDepth	
TP1_synth_forward		5	T	0	0	0	0	0	0	399	399	0	0	0	0	0	0	315	315
TP1_synth_forward		6	G	0	0	0	923	0	0	0	923	0	0	0	746	0	0	0	746
TP1_synth_forward		7	A	1273	0	0	0	0	0	0	1273	819	0	0	0	0	0	0	819
TP1_synth_forward		8	G	0	0	0	1814	0	0	0	1814	0	0	0	859	0	0	0	859
TP1_synth_forward		9	G	0	0	0	2321	0	0	0	2321	0	0	0	905	0	0	0	905
TP1_synth_forward		10	C	5	2347	0	0	0	1	0	2353	3	931	0	0	0	1	0	935
TP1_synth_forward		11	T	10	0	0	1	0	19	2348	2378	9	0	0	1	0	18	929	957
TP1_synth_forward		12	C	5	2369	0	0	0	19	0	2393	4	949	0	0	0	18	0	971
TP1_synth_forward		13	C	11	2404	0	0	0	3	0	2418	9	985	0	0	0	0	0	994
TP1_synth_forward		14	C	12	2403	0	0	0	3	0	2418	6	987	0	0	0	1	0	994
TP1_synth_forward		15	C	5	2395	0	0	0	18	0	2418	4	972	0	0	0	18	0	994
TP1_synth_forward		16	T	40	0	4	0	0	1	2385	2430	33	0	4	0	0	0	969	1006
TP1_synth_forward		17	T	87	0	0	0	0	20	2340	2447	67	0	0	0	0	18	933	1018
TP1_synth_forward		18	T	42	0	0	0	1	2	2426	2471	29	0	0	0	1	1	1000	1031
TP1_synth_forward		19	A	2607	0	1	0	0	23	3	2634	1149	0	1	0	0	20	2	1172
TP1_synth_forward		20	T	47	0	2	0	0	1	2584	2634	39	0	1	0	0	0	1132	1172
TP1_synth_forward		21	A	2642	0	2	0	0	3	4	2651	1176	0	2	0	0	0	3	1181
TP1_synth_forward		22	C	18	2630	2	1	0	0	0	2651	10	1168	2	1	0	0	0	1181
TP1_synth_forward		23	A	2644	1	1	1	0	2	2	2651	1176	1	1	0	0	2	1	1181
TP1_synth_forward		24	G	5	35	1	2600	0	0	10	2651	2	21	1	1149	0	0	8	1181
TP1_synth_forward		25	A	2645	1	1	3	0	0	1	2651	1176	1	1	2	0	0	1	1181
TP1_synth_forward		26	A	2650	0	0	0	0	0	1	2651	1180	0	0	0	0	0	1	1181
TP1_synth_forward		27	T	60	0	0	4	0	1	2586	2651	44	0	0	3	0	1	1133	1181
TP1_synth_forward		28	A	2653	1	1	0	0	0	0	2655	1182	1	1	0	0	0	0	1184
TP1_synth_forward		29	T	44	0	1	0	0	2	2608	2655	34	0	0	0	0	1	1149	1184
TP1_synth_forward		30	C	16	2619	1	0	0	18	1	2655	8	1158	0	0	0	18	0	1184
TP1_synth_forward		31	T	47	0	3	0	0	2	2603	2655	35	0	2	0	0	0	1147	1184
TP1_synth_forward		32	G	2	60	1	2575	1	3	13	2655	2	50	0	1124	1	0	7	1184
TP1_synth_forward		33	T	114	1	5	0	0	2	2533	2655	89	1	4	0	0	2	1088	1184
TP1_synth_forward		34	T	42	0	0	0	0	0	2620	2662	38	0	0	0	0	0	1150	1188
TP1_synth_forward		35	C	20	2636	4	0	0	1	1	2662	16	1170	2	0	0	0	0	1188
TP1_synth_forward		36	G	1	39	1	2571	0	1	49	2662	0	36	0	1113	0	0	39	1188
TP1_synth_forward		37	C	24	2635	1	0	0	0	2	2662	19	1167	1	0	0	0	1	1188
TP1_synth_forward		38	A	2646	1	0	3	0	0	12	2662	1182	0	0	1	0	0	5	1188
TP1_synth_forward		39	C	23	2632	1	4	0	1	1	2662	17	1166	0	4	0	0	1	1188
TP1_synth_forward		40	T	87	0	0	0	0	0	2575	2662	63	0	0	0	0	0	1125	1188
TP1_synth_forward		41	C	24	2633	0	0	0	3	2	2662	19	1166	0	0	0	3	0	1188
TP1_synth_forward		42	C	32	2626	0	0	1	2	1	2662	21	1163	0	0	1	2	1	1188
TP1_synth_forward		43	G	1	67	3	2534	0	1	54	2660	0	55	2	1089	0	0	41	1187
TP1_synth_forward		44	A	2661	1	0	0	0	1	1	2664	1188	1	0	0	0	0	1	1190
TP1_synth_forward		45	G	2	42	0	2536	0	2	81	2663	2	27	0	1095	0	2	63	1189
TP1_synth_forward		46	T	78	2	2	0	0	0	2581	2663	47	1	2	0	0	0	1139	1189
TP1_synth_forward		47	G	2	30	7	2519	0	0	105	2663	2	24	0	1086	0	0	77	1189
TP1_synth_forward		48	C	42	2619	0	0	1	0	1	2663	29	1159	0	0	1	0	0	1189
TP1_synth_forward		49	G	4	14	0	2580	0	0	64	2662	2	11	0	1132	0	0	43	1188
TP1_synth_forward		50	G	12	38	0	2579	0	1	32	2662	6	25	0	1133	0	0	24	1188
TP1_synth_forward		51	C	26	2775	0	1	0	0	0	2802	17	1190	0	1	0	0	0	1208
TP1_synth_forward		52	T	53	0	0	2	0	0	2608	2663	35	0	0	1	0	0	1042	1078
TP1_synth_forward		53	T	91	0	0	4	0	0	2575	2670	58	0	0	4	0	0	1023	1085
TP1_synth_forward		54	G	16	28	0	2618	0	0	23	2685	6	18	0	1058	0	0	16	1098
TP1_synth_forward		55	C	31	2670	1	1	1	2	2	2708	19	1084	1	1	1	2	0	1108
TP1_synth_forward		56	G	21	6	1	2646	0	1	46	2721	6	4	0	1074	0	0	30	1114
TP1_synth_forward		57	G	35	12	0	2699	0	1	21	2768	16	7	0	1092	0	1	11	1127
TP1_synth_forward		58	A	2875	1	3	0	0	1	0	2880	1134	0	2	0	0	1	0	1137
TP1_synth_forward		59	G	20	33	0	2820	0	0	7	2880	6	25	0	1102	0	0	4	1137
TP1_synth_forward		60	A	3035	1	2	1	1	0	1	3041	1145	1	2	1	1	0	1	1151
TP1_synth_forward		61	T	43	0	3	4	0	0	2993	3043	27	0	1	3	0	0	1122	1153
TP1_synth_forward		62	T	59	0	0	0	1	1	3015	3076	45	0	0	0	1	0	1110	1156
TP1_synth_forward		63	C	13	3080	1	0	0	0	0	3094	8	1150	0	0	0	0	0	1158
TP1_synth_forward		64	T	56	0	1	2	0	0	3064	3123	40	0	1	1	0	0	1119	1161
TP1_synth_forward		65	C	33	3075	3	10	0	2	0	3123	19	1132	1	8	0	1	0	1161
TP1_synth_forward		66	T	48	0	1	4	0	19	3051	3123	38	0	1	4	0	19	1099	1161
TP1_synth_forward		67	T	54	1	0	2	1	2	3062	3122	32	0	0	1	0	2	1125	1160
TP1_synth_forward		68	C	20	3092	0	3	0	6	1	3122	19	1137	0	0	0	3	1	1160
TP1_synth_forward		69	C	26	3089	0	3	0	17	1	3136	18	1126	0	2	0	16	1	1163
TP1_synth_forward		70	T	27	0	0	4	0	0	3112	3143	17	0	0	3	0	0	1146	1166
TP1_synth_forward		71	C	4	3131	5	1	0	2	0	3143	4	1159	2	1	0	0	0	1166
TP1_synth_forward		72	T	30	0	2	5	0	2	3104	3143	21	0	1	2	0	1	1141	1166
TP1_synth_forward		73	G	8	8	0	3103	0	17	6	3142	8	6	0	1130	0	17	4	1165
TP1_synth_forward		74	T	37	0	0	2	0	0	3103	3142	30	0	0	1	0	0	1134	1165
TP1_synth_forward		75	G	7	11	0	3108	1	4	10	3141	5	9	0	1138	1	2	9	1164
TP1_synth_forward		76	C	28	3106	1	0	0	2	3	3140	24	1135	1	0	0	2	2	1164
TP1_synth_forward		77	G	5	4	0	3075	0	16	39	3139	3	2	0	1109	0	16	33	1163
TP1_synth_forward		78	C	19	3117	0	0	0	2	1	3139	18	1142	0	0	0	2	1	1163
TP1_synth_forward		79	C	14	3119	2	1	0	2	1	3139	12	1149	1	0	0	0	1	1163
TP1_synth_forward		80	G	16	9	2	3090	0	3	19	3139	15	6	1	1122	0	2	17	1163
TP1_synth_forward		81	C	13	2981	0	1	0	2	0	2997	12	1128	0	0	0	2	0	1142
TP1_synth_forward		82	A	2990	2	1	2	0	2	0	2997	1138	1	1	0	0	2	0	1142
TP1_synth_forward		83	A	2977	0	0	15	0	2	3	2997	1137	0	0	2	0	1	2	1142
TP1_synth_forward		84	A	2983	0	0	11	0	1	1	2996	1137	0	0	3	0	0	1	1141
TP1_synth_forward		85	G	4	4	1	2978	1	0	5	2993	3	3	1	1126	1	0	4	1138
TP1_synth_forward		86	C	14	2976	0	2	0	0	0	2992	12	1124	0	1	0	0	0	1137
TP1_synth_forward		87	T	23	1	0	5	1	0	2956	2986	16	0	0	3	0	0	1113	1132
TP1_synth_forward		88	G	9	4	1	2964	2	0	5	2985	9	2	1	1115	1	0	4	1132
TP1_synth_forward		89	T	20	1	0	3	0	2	2952	2978	15	0	0	3	0	2	1107	1127
TP1_synth_forward		90	T	22	0	0	3	1	0	2949	2975	16	0	0	1	1	0	1108	1126
TP1_synth_forward		91	C	12	2957	0	3	0	2	0	2974	7	1114	0	2	0	2	0	1125
TP1_synth_forward		92	C	9	2960	0	3	0	0	1	2973	5	1117	0	2	0	0	1	1125
TP1_synth_forward		93	G	3	7	0	2954	0	0	3	2967	2	3	0	1114	0	0	1	1120
TP1_synth_forward		94	T	19	1	0	7	0	3	2931	2961	13	0	0	3	0	3	1098	1117
TP1_synth_forward		95	C	4	2949	0	3	0	2	0	2958	2	1108	0	2	0	2	0	1114
TP1_synth_forward		96	C	0	2943	0	0	0	0	0	2943	0	1102	0	0	0	0	0	1102
TP1_synth_forward		97	C	0	2933	0	0	0	0	0	2933	0	1095	0	0	0	0	0	1095
TP1_synth_forward		98	A	2920	0	0	0	0	1	0	2921	1090	0	0	0	0	0	0	1090
TP1_synth_forward		99	G	0	0	0	2911	0	0	0	2911	0	0	0	1085	0	0	0	1085
TP1_synth_forward		100	T	0	0	0	0	7	0	2875	2882	0	0	0	0	0	0	1071	1071
TP1_synth_forward	TP1_synth_forward	1	G	0	0	0	621804	0	0	0	621804	0	0	0	43101	0	0	0	43101
TP1_synth_forward	TP1_synth_forward	2	T	0	0	0	0	0	0	623177	623177	0	0	0	0	0	0	43499	43499
TP1_synth_forward	TP1_synth_forward	3	G	0	0	0	627503	0	132	0	627635	0	0	0	44028	0	47	0	44075
TP1_synth_forward	TP1_synth_forward	4	G	0	0	0	628679	0	81	0	628760	0	0	0	44469	0	11	0	44480
TP1_synth_forward	TP1_synth_forward	5	T	0	0	0	0	0	198	628562	628760	0	0	0	0	0	76	44404	44480
TP1_synth_forward	TP1_synth_forward	6	G	133	70	0	628219	0	25	313	628760	8	10	0	44425	0	11	26	44480
TP1_synth_forward	TP1_synth_forward	7	A	628526	22	0	84	0	11	117	628760	44469	2	0	2	0	1	6	44480
TP1_synth_forward	TP1_synth_forward	8	G	95	55	0	628257	0	103	250	628760	5	11	0	44421	0	10	33	44480
TP1_synth_forward	TP1_synth_forward	9	G	131	108	0	628176	102	11	232	628760	10	37	0	44403	3	1	26	44480
TP1_synth_forward	TP1_synth_forward	10	C	251	628329	3	33	1	27	116	628760	59	44407	1	5	1	3	4	44480
TP1_synth_forward	TP1_synth_forward	11	T	258	115	40	33	5	18	628291	628760	81	6	4	3	1	7	44378	44480
TP1_synth_forward	TP1_synth_forward	12	C	286	625089	3151	19	0	73	142	628760	64	44263	123	1	0	20	9	44480
TP1_synth_forward	TP1_synth_forward	13	C	341	628191	1	28	0	89	110	628760	60	44383	0	2	0	31	4	44480
TP1_synth_forward	TP1_synth_forward	14	C	247	628318	0	26	0	51	118	628760	48	44423	0	2	0	3	4	44480
TP1_synth_forward	TP1_synth_forward	15	C	233	628316	4	26	32	26	123	628760	53	44410	1	4	6	1	5	44480
TP1_synth_forward	TP1_synth_forward	16	T	434	105	2000	26	0	18	626177	628760	130	13	169	2	0	6	44160	44480
TP1_synth_forward	TP1_synth_forward	17	T	524	67	3	21	0	139	628006	628760	125	2	1	2	0	64	44286	44480
TP1_synth_forward	TP1_synth_forward	18	T	423	52	31	19	502	129	627604	628760	102	2	5	1	32	54	44284	44480
TP1_synth_forward	TP1_synth_forward	19	A	625262	14	2481	76	0	64	863	628760	44255	4	130	3	0	12	76	44480
TP1_synth_forward	TP1_synth_forward	20	T	466	71	732	17	11	40	627423	628760	141	2	44	1	7	12	44273	44480
TP1_synth_forward	TP1_synth_forward	21	A	625698	14	1804	65	89	167	923	628760	44278	3	99	2	2	27	69	44480
TP1_synth_forward	TP1_synth_forward	22	C	345	627002	1016	65	104	109	119	628760	71	44288	66	16	22	9	8	44480
TP1_synth_forward	TP1_synth_forward	23	A	627639	34	605	109	92	77	204	628760	44342	8	61	4	5	38	22	44480
TP1_synth_forward	TP1_synth_forward	24	G	375	171	599	627278	68	67	202	628760	26	54	40	44288	10	25	37	44480
TP1_synth_forward	TP1_synth_forward	25	A	626401	26	1674	201	0	59	399	628760	44304	3	114	15	0	3	41	44480
TP1_synth_forward	TP1_synth_forward	26	A	627932	1	123	105	0	103	496	628760	44417	0	10	4	0	16	33	44480
TP1_synth_forward	TP1_synth_forward	27	T	1279	62	503	93	2	68	626753	628760	284	3	58	15	1	23	44096	44480
TP1_synth_forward	TP1_synth_forward	28	A	627751	148	508	61	0	49	243	628760	44370	23	36	2	0	29	20	44480
TP1_synth_forward	TP1_synth_forward	29	T	592	148	1310	20	0	10	626680	628760	142	13	43	0	0	2	44280	44480
TP1_synth_forward	TP1_synth_forward	30	C	710	627152	736	18	1	38	105	628760	290	44155	17	2	0	9	7	44480
TP1_synth_forward	TP1_synth_forward	31	T	1681	82	1135	20	62	21	625636	628637	691	2	47	0	9	6	43617	44372
TP1_synth_forward	TP1_synth_forward	32	G	176	638	632	626400	179	54	534	628613	13	180	27	43884	15	9	228	44356
TP1_synth_forward	TP1_synth_forward	33	T	3036	72	1455	28	0	17	623988	628596	1085	3	79	1	0	3	43172	44343
TP1_synth_forward	TP1_synth_forward	34	T	1015	78	158	8	1	20	627302	628582	253	2	13	0	0	14	44052	44334
TP1_synth_forward	TP1_synth_forward	35	C	913	626732	476	35	210	40	169	628575	343	43920	24	1	25	5	10	44328
TP1_synth_forward	TP1_synth_forward	36	G	247	944	169	625722	69	63	1349	628563	24	465	18	43558	5	10	239	44319
TP1_synth_forward	TP1_synth_forward	37	C	405	627527	394	17	46	25	141	628555	90	44191	18	0	8	2	4	44313
TP1_synth_forward	TP1_synth_forward	38	A	626987	73	723	103	0	70	594	628550	44161	12	28	3	0	4	102	44310
TP1_synth_forward	TP1_synth_forward	39	C	270	627434	637	58	0	33	109	628541	83	44185	21	5	0	4	5	44303
TP1_synth_forward	TP1_synth_forward	40	T	970	114	50	59	4	36	627298	628531	250	7	2	5	1	3	44027	44295
TP1_synth_forward	TP1_synth_forward	41	C	477	627599	281	26	1	21	117	628522	125	44127	19	1	0	8	9	44289
TP1_synth_forward	TP1_synth_forward	42	C	1131	626792	2	36	230	108	196	628495	409	43787	0	5	16	42	11	44270
TP1_synth_forward	TP1_synth_forward	43	G	166	960	1197	624748	199	75	1128	628473	7	260	40	43719	1	12	216	44255
TP1_synth_forward	TP1_synth_forward	44	A	627408	88	173	46	2	127	626	628470	44135	11	16	2	1	34	53	44252
TP1_synth_forward	TP1_synth_forward	45	G	450	519	19	625535	5	55	1871	628454	17	135	5	43718	3	9	355	44242
TP1_synth_forward	TP1_synth_forward	46	T	2943	349	491	14	319	28	624291	628435	990	20	19	2	17	7	43174	44229
TP1_synth_forward	TP1_synth_forward	47	G	115	1186	977	623592	35	8	2507	628420	16	540	58	43121	2	0	482	44219
TP1_synth_forward	TP1_synth_forward	48	C	528	627277	172	22	184	13	222	628418	134	44019	29	4	14	0	17	44217
TP1_synth_forward	TP1_synth_forward	49	G	249	358	469	625470	5	45	1812	628408	67	167	32	43395	4	5	541	44211
TP1_synth_forward	TP1_synth_forward	50	G	168	564	313	626241	1	16	1096	628399	31	137	19	43582	1	7	427	44204
TP1_synth_forward	TP1_synth_forward	51	C	571	627052	308	39	21	70	336	628397	253	43892	16	4	6	23	9	44203
TP1_synth_forward	TP1_synth_forward	52	T	2109	62	713	172	5	31	625301	628393	804	3	58	35	3	3	43295	44201
TP1_synth_forward	TP1_synth_forward	53	T	2475	125	309	153	220	36	625070	628388	801	4	17	11	25	18	43322	44198
TP1_synth_forward	TP1_synth_forward	54	G	572	338	507	626631	3	22	312	628385	51	88	41	43931	1	7	79	44198
TP1_synth_forward	TP1_synth_forward	55	C	588	626014	1030	62	87	44	555	628380	211	43854	58	5	9	25	34	44196
TP1_synth_forward	TP1_synth_forward	56	G	490	114	538	625896	2	46	1284	628370	154	41	45	43561	1	10	378	44190
TP1_synth_forward	TP1_synth_forward	57	G	441	165	193	626907	85	33	529	628353	94	33	22	43808	7	15	208	44187
TP1_synth_forward	TP1_synth_forward	58	A	627290	99	486	123	0	49	298	628345	44089	7	25	4	0	29	32	44186
TP1_synth_forward	TP1_synth_forward	59	G	256	407	217	627022	41	6	378	628327	75	112	21	43785	7	0	174	44174
TP1_synth_forward	TP1_synth_forward	60	A	626469	145	886	137	410	43	235	628325	44062	28	36	9	23	3	12	44173
TP1_synth_forward	TP1_synth_forward	61	T	815	59	634	111	0	17	626673	628309	193	2	17	24	0	1	43927	44164
TP1_synth_forward	TP1_synth_forward	62	T	1705	82	33	19	155	91	626185	628270	274	6	7	1	8	18	43840	44154
TP1_synth_forward	TP1_synth_forward	63	C	1153	626580	307	29	66	25	92	628252	436	43660	25	4	7	2	8	44142
TP1_synth_forward	TP1_synth_forward	64	T	2051	75	275	144	1	69	625625	628240	339	2	16	9	0	10	43760	44136
TP1_synth_forward	TP1_synth_forward	65	C	516	626400	1010	118	3	85	100	628232	111	43956	43	10	2	9	4	44135
TP1_synth_forward	TP1_synth_forward	66	T	1998	93	696	108	0	33	625300	628228	395	8	57	8	0	10	43654	44132
TP1_synth_forward	TP1_synth_forward	67	T	3494	87	32	43	57	137	624362	628212	1067	7	5	5	7	41	42993	44125
TP1_synth_forward	TP1_synth_forward	68	C	1046	626517	215	42	0	132	256	628208	282	43792	22	7	0	9	12	44124
TP1_synth_forward	TP1_synth_forward	69	C	652	627265	8	118	0	43	113	628199	118	43968	2	7	0	15	7	44117
TP1_synth_forward	TP1_synth_forward	70	T	771	62	60	81	43	25	627153	628195	178	1	23	7	8	1	43899	44117
TP1_synth_forward	TP1_synth_forward	71	C	241	627036	644	150	0	11	110	628192	51	44002	42	12	0	2	5	44114
TP1_synth_forward	TP1_synth_forward	72	T	2070	80	551	40	0	56	625389	628186	729	3	45	6	0	15	43313	44111
TP1_synth_forward	TP1_synth_forward	73	G	327	283	144	627130	1	165	133	628183	46	66	27	43921	1	24	25	44110
TP1_synth_forward	TP1_synth_forward	74	T	1589	81	33	37	34	96	626309	628179	496	6	7	2	5	6	43586	44108
TP1_synth_forward	TP1_synth_forward	75	G	416	214	575	625534	1230	19	185	628173	17	44	36	43912	47	4	45	44105
TP1_synth_forward	TP1_synth_forward	76	C	875	624937	1714	70	149	29	394	628168	359	43577	94	6	20	15	31	44102
TP1_synth_forward	TP1_synth_forward	77	G	310	429	768	625864	133	15	641	628160	21	85	53	43785	7	4	143	44098
TP1_synth_forward	TP1_synth_forward	78	C	196	627083	675	12	0	51	141	628158	47	43963	41	2	0	36	8	44097
TP1_synth_forward	TP1_synth_forward	79	C	252	625702	1337	49	1	148	661	628150	43	43951	37	9	1	12	40	44093
TP1_synth_forward	TP1_synth_forward	80	G	419	420	1408	625090	44	144	604	628129	49	112	48	43788	9	12	69	44087
TP1_synth_forward	TP1_synth_forward	81	C	154	626309	319	791	315	127	108	628123	22	43968	24	18	34	13	5	44084
TP1_synth_forward	TP1_synth_forward	82	A	625599	652	1090	135	0	69	576	628121	43965	33	47	3	0	14	22	44084
TP1_synth_forward	TP1_synth_forward	83	A	626507	58	2	97	0	166	1289	628119	44031	5	1	2	0	10	35	44084
TP1_synth_forward	TP1_synth_forward	84	A	627771	50	0	177	0	52	48	628098	44056	7	0	11	0	5	2	44081
TP1_synth_forward	TP1_synth_forward	85	G	342	269	490	626359	336	74	186	628056	19	54	16	43902	24	21	28	44064
TP1_synth_forward	TP1_synth_forward	86	C	294	627552	0	33	1	38	103	628021	49	43995	0	0	0	8	4	44056
TP1_synth_forward	TP1_synth_forward	87	T	1243	70	7	82	51	60	626421	627934	246	2	3	8	3	17	43741	44020
TP1_synth_forward	TP1_synth_forward	88	G	151	347	211	626584	116	80	224	627713	22	30	3	43894	11	15	32	44007
TP1_synth_forward	TP1_synth_forward	89	T	817	81	259	31	0	223	626252	627663	100	2	10	2	0	74	43810	43998
TP1_synth_forward	TP1_synth_forward	90	T	1206	105	338	196	503	125	624521	626994	180	3	14	13	21	15	43724	43970
TP1_synth_forward	TP1_synth_forward	91	C	412	625784	436	161	0	30	105	626928	79	43827	26	13	0	4	5	43954
TP1_synth_forward	TP1_synth_forward	92	C	314	625457	0	867	2	31	191	626862	31	43866	0	37	0	1	7	43942
TP1_synth_forward	TP1_synth_forward	93	G	399	172	0	625223	0	91	213	626098	30	55	0	43787	0	9	23	43904
TP1_synth_forward	TP1_synth_forward	94	T	901	89	0	112	0	174	624703	625979	138	3	0	8	0	28	43701	43878
TP1_synth_forward	TP1_synth_forward	95	C	179	625423	0	127	0	94	126	625949	29	43805	0	9	0	24	4	43871
TP1_synth_forward	TP1_synth_forward	96	C	0	624591	0	0	0	60	0	624651	0	43775	0	0	0	16	0	43791
TP1_synth_forward	TP1_synth_forward	97	C	0	623415	0	0	0	138	0	623553	0	43671	0	0	0	30	0	43701
TP1_synth_forward	TP1_synth_forward	98	A	621810	0	0	0	0	97	0	621907	43591	0	0	0	0	20	0	43611
TP1_synth_forward	TP1_synth_forward	99	G	0	0	0	620803	0	0	0	620803	0	0	0	43516	0	0	0	43516
TP1_synth_forward	TP1_synth_forward	100	T	0	0	0	0	0	0	619105	619105	0	0	0	0	0	0	43343	43343
