



























































































































































































































#AmpliconChromStart	Alias	Position	ProbableRef	rawA	rawC	rawD	rawG	rawI	rawN	rawT	rawDepth	consA	consC	consD	consG	consI	consN	consT	consDepth	
TP1_synth_reverse		1	G	0	0	0	809876	0	0	0	809876	0	0	0	14393	0	0	0	14393
TP1_synth_reverse		2	T	0	0	0	0	0	0	811662	811662	0	0	0	0	0	0	14406	14406
TP1_synth_reverse		3	G	0	0	0	815194	0	82	0	815276	0	0	0	14443	0	0	0	14443
TP1_synth_reverse		4	G	0	0	0	815988	0	45	0	816033	0	0	0	14454	0	0	0	14454
TP1_synth_reverse		5	T	0	0	0	0	0	22	816616	816638	0	0	0	0	0	0	14465	14465
TP1_synth_reverse		6	G	128	75	0	817053	0	12	182	817450	0	0	0	14473	0	0	0	14473
TP1_synth_reverse		7	A	817162	23	0	101	0	54	293	817633	14477	0	0	0	0	0	1	14478
TP1_synth_reverse		8	G	114	65	0	819201	1	93	111	819585	0	0	0	14506	0	0	1	14507
TP1_synth_reverse		9	G	122	124	0	819046	9	27	498	819826	0	0	0	14505	1	0	4	14510
TP1_synth_reverse		10	C	185	819261	1	40	163	20	189	819859	0	14508	0	0	2	0	1	14511
TP1_synth_reverse		11	T	172	163	186	13	657	21	818818	820030	0	0	2	0	14	0	14496	14512
TP1_synth_reverse		12	C	262	816984	2517	54	1	58	173	820049	0	14481	32	0	0	0	0	14513
TP1_synth_reverse		13	C	389	819311	145	18	2	81	113	820059	0	14513	0	0	0	0	0	14513
TP1_synth_reverse		14	C	344	819561	0	20	1	39	108	820073	0	14514	0	0	0	0	0	14514
TP1_synth_reverse		15	C	263	818036	521	41	912	69	231	820073	0	14495	4	0	12	0	3	14514
TP1_synth_reverse		16	T	352	103	1249	15	0	171	818194	820084	0	1	19	0	0	0	14494	14514
TP1_synth_reverse		17	T	317	149	141	11	0	57	819409	820084	0	1	5	0	0	0	14508	14514
TP1_synth_reverse		18	T	281	313	45	8	283	48	819106	820084	0	1	3	0	8	0	14502	14514
TP1_synth_reverse		19	C	320	818305	270	14	682	61	563	820215	0	14495	5	0	11	0	4	14515
TP1_synth_reverse		20	T	213	106	916	17	3	26	818934	820215	0	1	18	0	0	0	14496	14515
TP1_synth_reverse		21	T	425	251	343	177	2489	95	816435	820215	0	2	7	0	41	0	14465	14515
TP1_synth_reverse		22	G	221	340	674	818343	157	20	460	820215	2	0	11	14494	3	0	5	14515
TP1_synth_reverse		23	C	521	815019	1080	65	2979	24	545	820233	0	14443	20	0	48	0	5	14516
TP1_synth_reverse		24	G	498	165	603	817886	8	29	1044	820233	8	0	13	14493	0	0	2	14516
TP1_synth_reverse		25	G	239	551	323	818204	354	121	453	820245	2	0	8	14502	4	0	1	14517
TP1_synth_reverse		26	A	817950	18	1261	160	856	47	138	820430	14479	0	24	1	15	0	0	14519
TP1_synth_reverse		27	G	202	672	392	818136	378	12	638	820430	1	0	8	14498	4	0	8	14519
TP1_synth_reverse		28	A	819262	76	664	199	97	38	107	820443	14504	1	11	1	3	0	0	14520
TP1_synth_reverse		29	T	222	178	1037	113	0	135	818925	820610	0	1	17	0	0	0	14503	14521
TP1_synth_reverse		30	T	1021	170	533	44	28	116	818698	820610	1	1	11	0	2	0	14506	14521
TP1_synth_reverse		31	C	545	818300	1177	36	225	72	254	820609	1	14493	22	0	4	0	1	14521
TP1_synth_reverse		32	T	497	345	496	42	1	333	818889	820603	0	1	10	0	0	0	14510	14521
TP1_synth_reverse		33	C	397	819389	486	33	88	123	83	820599	0	14505	15	0	1	0	0	14521
TP1_synth_reverse		34	T	620	333	628	80	3	73	818860	820597	0	1	14	0	0	0	14506	14521
TP1_synth_reverse		35	T	1304	131	113	55	634	71	818285	820593	0	0	5	0	7	0	14509	14521
TP1_synth_reverse		36	C	583	818565	1287	28	4	57	66	820590	1	14502	18	0	0	0	0	14521
TP1_synth_reverse		37	C	508	818948	209	81	131	58	641	820576	0	14508	3	1	1	0	8	14521
TP1_synth_reverse		38	T	618	128	509	243	45	25	819004	820572	0	3	6	0	3	0	14509	14521
TP1_synth_reverse		39	C	376	819072	605	46	301	69	105	820574	0	14510	6	0	5	0	0	14521
TP1_synth_reverse		40	T	1158	101	973	33	2000	146	816160	820571	0	1	12	0	30	0	14478	14521
TP1_synth_reverse		41	G	978	551	924	817295	244	22	560	820574	8	0	15	14493	3	0	2	14521
TP1_synth_reverse		42	T	1939	121	776	42	2000	67	815623	820568	0	1	14	0	32	0	14474	14521
TP1_synth_reverse		43	G	687	385	759	817466	316	376	588	820577	5	0	9	14500	6	0	2	14522
TP1_synth_reverse		44	C	451	815267	1352	68	2028	160	1249	820575	0	14452	20	0	29	0	21	14522
TP1_synth_reverse		45	G	682	409	862	816377	620	62	1547	820559	8	1	9	14489	10	0	5	14522
TP1_synth_reverse		46	C	651	817633	1779	48	1	12	435	820559	0	14499	17	0	0	0	6	14522
TP1_synth_reverse		47	C	294	817663	882	46	1363	28	280	820556	0	14491	10	0	19	0	2	14522
TP1_synth_reverse		48	G	393	580	1028	817010	171	39	1314	820535	2	1	12	14499	2	0	6	14522
TP1_synth_reverse		49	A	818475	48	1536	85	44	206	157	820551	14505	0	16	0	1	0	0	14522
TP1_synth_reverse		50	T	1043	139	696	143	246	108	818162	820537	1	1	11	0	3	0	14506	14522
TP1_synth_reverse		51	A	818449	215	1375	93	160	112	140	820544	14503	5	14	0	1	0	0	14523
TP1_synth_reverse		52	C	642	818397	669	95	346	238	153	820540	1	14511	5	0	5	0	1	14523
TP1_synth_reverse		53	A	817534	51	1439	182	658	290	400	820554	14492	0	18	0	11	0	3	14524
TP1_synth_reverse		54	G	238	251	879	817837	457	89	793	820544	3	2	12	14494	5	0	8	14524
TP1_synth_reverse		55	A	818605	492	832	95	0	100	447	820571	14503	8	11	0	0	0	3	14525
TP1_synth_reverse		56	A	819587	11	636	130	0	86	119	820569	14518	0	7	0	0	0	0	14525
TP1_synth_reverse		57	T	1656	243	980	225	330	191	816917	820542	3	2	14	0	3	0	14503	14525
TP1_synth_reverse		58	A	819040	29	805	89	54	302	227	820546	14512	0	11	0	2	0	1	14526
TP1_synth_reverse		59	T	841	433	983	86	347	384	817448	820522	0	3	13	0	3	0	14507	14526
TP1_synth_reverse		60	C	784	818286	842	55	215	241	86	820509	0	14508	15	0	3	0	0	14526
TP1_synth_reverse		61	T	1079	234	2040	45	267	205	816629	820499	0	1	23	0	2	0	14500	14526
TP1_synth_reverse		62	G	735	241	1064	817235	111	302	787	820475	7	0	20	14496	0	0	3	14526
TP1_synth_reverse		63	T	1833	194	1275	15	1	164	816988	820470	0	1	23	0	0	0	14502	14526
TP1_synth_reverse		64	T	1642	535	628	27	8	50	817570	820460	1	7	12	0	0	0	14506	14526
TP1_synth_reverse		65	C	1114	815619	2679	26	596	159	259	820452	0	14475	38	0	10	0	3	14526
TP1_synth_reverse		66	G	857	399	2085	816174	106	62	754	820437	10	1	28	14483	1	0	4	14527
TP1_synth_reverse		67	C	739	817135	2151	39	28	204	133	820429	0	14501	23	0	2	0	1	14527
TP1_synth_reverse		68	A	817936	216	1543	143	217	82	291	820428	14509	0	16	0	1	0	1	14527
TP1_synth_reverse		69	C	277	818156	1350	42	159	59	379	820422	0	14511	14	0	1	0	1	14527
TP1_synth_reverse		70	T	1211	260	1878	49	15	121	816876	820410	0	3	27	0	0	0	14497	14527
TP1_synth_reverse		71	C	337	817542	1708	28	0	281	510	820406	1	14504	19	0	0	0	3	14527
TP1_synth_reverse		72	C	706	818179	976	56	8	121	348	820394	0	14511	11	0	1	0	4	14527
TP1_synth_reverse		73	G	1058	483	2830	814860	337	312	498	820378	11	0	38	14471	4	0	3	14527
TP1_synth_reverse		74	A	815971	370	3019	156	709	97	49	820371	14478	3	40	1	5	0	0	14527
TP1_synth_reverse		75	G	169	701	2117	816713	42	67	545	820354	2	7	33	14478	1	0	6	14527
TP1_synth_reverse		76	T	819	1051	1971	58	180	53	816198	820330	0	16	30	0	1	0	14479	14526
TP1_synth_reverse		77	G	419	566	2081	816709	64	57	407	820303	3	1	21	14492	1	0	8	14526
TP1_synth_reverse		78	C	596	815191	2390	42	175	464	1439	820297	1	14474	27	0	5	0	19	14526
TP1_synth_reverse		79	G	565	527	2989	815367	0	117	726	820291	2	0	30	14492	0	0	2	14526
TP1_synth_reverse		80	G	269	359	934	817496	61	109	1032	820260	4	2	9	14504	1	0	6	14526
TP1_synth_reverse		81	C	318	818401	1158	94	32	96	143	820242	1	14507	17	0	1	0	0	14526
TP1_synth_reverse		82	A	816452	98	3245	142	0	60	126	820123	14488	0	38	0	0	0	0	14526
TP1_synth_reverse		83	A	818829	52	828	87	0	197	127	820120	14515	0	10	0	0	0	1	14526
TP1_synth_reverse		84	A	819335	41	353	134	0	182	48	820093	14524	0	2	0	0	0	0	14526
TP1_synth_reverse		85	G	139	303	505	818608	21	112	311	819999	1	0	7	14517	0	0	1	14526
TP1_synth_reverse		86	C	483	819096	7	74	13	66	221	819960	0	14524	0	2	0	0	0	14526
TP1_synth_reverse		87	T	1097	94	133	22	0	291	818253	819890	0	0	2	0	0	0	14524	14526
TP1_synth_reverse		88	G	202	447	133	818471	157	113	230	819753	0	0	3	14522	1	0	0	14526
TP1_synth_reverse		89	T	640	152	396	16	0	46	818311	819561	0	0	1	0	0	0	14525	14526
TP1_synth_reverse		90	T	529	86	0	144	0	68	818613	819440	0	0	0	2	0	0	14524	14526
TP1_synth_reverse		91	C	693	817806	0	100	0	271	257	819127	0	14525	0	1	0	0	0	14526
TP1_synth_reverse		92	C	454	817567	0	76	0	341	215	818653	0	14522	0	2	0	0	0	14524
TP1_synth_reverse		93	G	480	358	0	816613	0	139	189	817779	2	0	0	14520	0	0	0	14522
TP1_synth_reverse		94	T	509	96	0	74	0	67	816882	817628	0	0	0	0	0	0	14520	14520
TP1_synth_reverse		95	C	0	817052	0	0	0	168	0	817220	0	14520	0	0	0	0	0	14520
TP1_synth_reverse		96	C	0	816319	0	0	0	100	0	816419	0	14519	0	0	0	0	0	14519
TP1_synth_reverse		97	C	0	814936	0	0	0	159	0	815095	0	14515	0	0	0	0	0	14515
TP1_synth_reverse		98	A	811781	0	0	0	0	0	0	811781	14506	0	0	0	0	0	0	14506
TP1_synth_reverse		99	G	0	0	0	810183	1	0	0	810184	0	0	0	14505	0	0	0	14505
