



























































































































































































































#AmpliconChromStart	Alias	Position	ProbableRef	rawA	rawC	rawD	rawG	rawI	rawN	rawT	rawDepth	consA	consC	consD	consG	consI	consN	consT	consDepth	
TP1_synth_reverse		1	G	0	0	0	809876	0	0	0	809876	0	0	0	15660	0	0	0	15660
TP1_synth_reverse		2	T	0	0	0	0	0	0	811662	811662	0	0	0	0	0	0	15673	15673
TP1_synth_reverse		3	G	0	0	0	815194	0	82	0	815276	0	0	0	15711	0	0	0	15711
TP1_synth_reverse		4	G	0	0	0	815988	0	45	0	816033	0	0	0	15722	0	0	0	15722
TP1_synth_reverse		5	T	0	0	0	0	0	22	816616	816638	0	0	0	0	0	0	15733	15733
TP1_synth_reverse		6	G	128	75	0	817053	0	12	182	817450	0	0	0	15741	0	0	0	15741
TP1_synth_reverse		7	A	817162	23	0	101	0	54	293	817633	15745	0	0	0	0	0	1	15746
TP1_synth_reverse		8	G	114	65	0	819201	1	93	111	819585	0	0	0	15775	0	0	1	15776
TP1_synth_reverse		9	G	122	124	0	819046	9	27	498	819826	0	0	0	15774	1	0	4	15779
TP1_synth_reverse		10	C	185	819261	1	40	163	20	189	819859	0	15777	0	0	2	0	1	15780
TP1_synth_reverse		11	T	172	163	186	13	657	21	818818	820030	0	1	2	0	15	0	15763	15781
TP1_synth_reverse		12	C	262	816984	2517	54	1	58	173	820049	0	15749	33	0	0	0	0	15782
TP1_synth_reverse		13	C	389	819311	145	18	2	81	113	820059	0	15782	0	0	0	0	0	15782
TP1_synth_reverse		14	C	344	819561	0	20	1	39	108	820073	0	15783	0	0	0	0	0	15783
TP1_synth_reverse		15	C	263	818036	521	41	912	69	231	820073	0	15762	4	0	14	0	3	15783
TP1_synth_reverse		16	T	352	103	1249	15	0	171	818194	820084	0	2	21	0	0	0	15760	15783
TP1_synth_reverse		17	T	317	149	141	11	0	57	819409	820084	0	1	5	0	0	0	15777	15783
TP1_synth_reverse		18	T	281	313	45	8	283	48	819106	820084	0	1	3	0	10	0	15769	15783
TP1_synth_reverse		19	C	320	818305	270	14	682	61	563	820215	0	15763	6	0	11	0	4	15784
TP1_synth_reverse		20	T	213	106	916	17	3	26	818934	820215	0	2	20	0	0	0	15762	15784
TP1_synth_reverse		21	T	425	251	343	177	2489	95	816435	820215	0	2	8	1	46	0	15727	15784
TP1_synth_reverse		22	G	221	340	674	818343	157	20	460	820215	2	0	12	15761	3	0	6	15784
TP1_synth_reverse		23	C	521	815019	1080	65	2979	24	545	820233	0	15702	23	0	55	0	5	15785
TP1_synth_reverse		24	G	498	165	603	817886	8	29	1044	820233	9	1	15	15758	0	0	2	15785
TP1_synth_reverse		25	G	239	551	323	818204	354	121	453	820245	2	0	8	15770	5	0	1	15786
TP1_synth_reverse		26	A	817950	18	1261	160	856	47	138	820430	15744	0	26	2	16	0	0	15788
TP1_synth_reverse		27	G	202	672	392	818136	378	12	638	820430	1	0	8	15765	5	0	9	15788
TP1_synth_reverse		28	A	819262	76	664	199	97	38	107	820443	15772	1	12	1	3	0	0	15789
TP1_synth_reverse		29	T	222	178	1037	113	0	135	818925	820610	0	1	17	0	0	0	15772	15790
TP1_synth_reverse		30	T	1021	170	533	44	28	116	818698	820610	1	1	11	0	2	0	15775	15790
TP1_synth_reverse		31	C	545	818300	1177	36	225	72	254	820609	1	15761	23	0	4	0	1	15790
TP1_synth_reverse		32	T	497	345	496	42	1	333	818889	820603	0	1	10	0	0	0	15779	15790
TP1_synth_reverse		33	C	397	819389	486	33	88	123	83	820599	0	15772	16	0	2	0	0	15790
TP1_synth_reverse		34	T	620	333	628	80	3	73	818860	820597	0	1	14	0	0	0	15775	15790
TP1_synth_reverse		35	T	1304	131	113	55	634	71	818285	820593	0	0	6	0	7	0	15777	15790
TP1_synth_reverse		36	C	583	818568	1287	28	4	57	66	820593	1	15770	19	0	0	0	0	15790
TP1_synth_reverse		37	C	508	818951	209	81	131	58	641	820579	0	15777	3	1	1	0	8	15790
TP1_synth_reverse		38	T	618	128	509	243	45	25	819007	820575	0	3	7	0	3	0	15777	15790
TP1_synth_reverse		39	C	376	819075	605	46	301	69	105	820577	0	15775	8	0	7	0	0	15790
TP1_synth_reverse		40	T	1158	101	973	33	2000	146	816163	820574	0	1	12	0	34	0	15743	15790
TP1_synth_reverse		41	G	978	551	924	817298	244	22	560	820577	9	0	16	15757	5	0	3	15790
TP1_synth_reverse		42	T	1940	121	776	42	2000	67	815628	820574	0	1	15	0	35	0	15739	15790
TP1_synth_reverse		43	G	687	385	759	817472	316	376	588	820583	6	0	9	15768	6	0	2	15791
TP1_synth_reverse		44	C	451	815273	1352	68	2028	160	1249	820581	0	15718	21	0	30	0	22	15791
TP1_synth_reverse		45	G	682	409	862	816383	620	62	1547	820565	8	1	9	15753	11	0	9	15791
TP1_synth_reverse		46	C	652	817631	1779	48	1	12	435	820558	0	15766	19	0	0	0	6	15791
TP1_synth_reverse		47	C	294	817662	882	46	1363	28	280	820555	0	15759	10	0	20	0	2	15791
TP1_synth_reverse		48	G	393	580	1028	817009	171	39	1314	820534	2	1	12	15766	2	0	8	15791
TP1_synth_reverse		49	A	818474	48	1536	85	44	206	157	820550	15773	0	17	0	1	0	0	15791
TP1_synth_reverse		50	T	1043	139	696	143	246	108	818161	820536	1	1	13	0	3	0	15773	15791
TP1_synth_reverse		51	A	818448	215	1375	93	160	112	140	820543	15766	7	16	0	2	0	1	15792
TP1_synth_reverse		52	C	641	818397	669	95	346	238	153	820539	1	15778	6	0	6	0	1	15792
TP1_synth_reverse		53	A	817533	51	1439	182	658	290	400	820553	15756	0	22	0	11	0	4	15793
TP1_synth_reverse		54	G	238	251	879	817836	457	89	793	820543	3	2	12	15763	5	0	8	15793
TP1_synth_reverse		55	A	818604	492	832	95	0	100	447	820570	15771	8	12	0	0	0	3	15794
TP1_synth_reverse		56	A	819586	11	636	130	0	86	119	820568	15787	0	7	0	0	0	0	15794
TP1_synth_reverse		57	T	1655	243	980	225	330	191	816917	820541	3	2	16	0	3	0	15770	15794
TP1_synth_reverse		58	A	819030	29	805	89	54	302	227	820536	15780	0	11	0	2	0	1	15794
TP1_synth_reverse		59	T	842	433	983	86	347	384	817437	820512	0	3	13	0	3	0	15775	15794
TP1_synth_reverse		60	C	786	818274	842	55	215	241	86	820499	0	15776	15	0	3	0	0	15794
TP1_synth_reverse		61	T	1079	234	2040	45	267	205	816619	820489	0	1	24	0	2	0	15767	15794
TP1_synth_reverse		62	G	736	241	1064	817224	111	302	787	820465	8	0	20	15763	0	0	3	15794
TP1_synth_reverse		63	T	1832	194	1275	15	1	164	816979	820460	0	1	23	0	0	0	15770	15794
TP1_synth_reverse		64	T	1644	535	628	27	8	50	817558	820450	1	10	12	0	0	0	15771	15794
TP1_synth_reverse		65	C	1113	815610	2679	26	596	159	259	820442	0	15740	41	0	10	0	3	15794
TP1_synth_reverse		66	G	858	399	2085	816163	106	62	754	820427	10	1	28	15751	1	0	4	15795
TP1_synth_reverse		67	C	741	817123	2151	39	28	204	133	820419	0	15769	23	0	2	0	1	15795
TP1_synth_reverse		68	A	817926	216	1543	143	217	82	291	820418	15777	0	16	0	1	0	1	15795
TP1_synth_reverse		69	C	277	818146	1350	42	159	59	379	820412	0	15778	14	0	1	0	2	15795
TP1_synth_reverse		70	T	1211	260	1878	49	15	121	816866	820400	0	3	29	0	0	0	15763	15795
TP1_synth_reverse		71	C	338	817531	1708	28	0	281	510	820396	1	15769	22	0	0	0	3	15795
TP1_synth_reverse		72	C	708	818167	976	56	8	121	348	820384	0	15775	15	0	1	0	4	15795
TP1_synth_reverse		73	G	1058	483	2830	814850	337	312	498	820368	11	0	41	15735	4	0	4	15795
TP1_synth_reverse		74	A	815961	370	3019	156	709	97	49	820361	15736	4	48	1	6	0	0	15795
TP1_synth_reverse		75	G	169	701	2117	816703	42	67	545	820344	2	10	37	15739	1	0	6	15795
TP1_synth_reverse		76	T	820	1051	1971	58	180	53	816187	820320	0	18	33	0	1	0	15742	15794
TP1_synth_reverse		77	G	419	566	2081	816698	64	57	408	820293	3	1	23	15757	1	0	9	15794
TP1_synth_reverse		78	C	596	815181	2390	42	175	464	1439	820287	1	15736	31	0	5	0	21	15794
TP1_synth_reverse		79	G	565	526	2989	815361	0	117	723	820281	2	0	33	15757	0	0	2	15794
TP1_synth_reverse		80	G	269	358	934	817486	61	109	1033	820250	4	4	10	15769	1	0	6	15794
TP1_synth_reverse		81	C	318	818391	1158	94	32	96	143	820232	1	15773	19	0	1	0	0	15794
TP1_synth_reverse		82	A	816442	98	3245	142	0	60	126	820113	15753	0	41	0	0	0	0	15794
TP1_synth_reverse		83	A	818819	52	828	87	0	197	127	820110	15782	0	11	0	0	0	1	15794
TP1_synth_reverse		84	A	819325	41	353	134	0	182	48	820083	15791	0	3	0	0	0	0	15794
TP1_synth_reverse		85	G	139	303	505	818598	21	112	311	819989	1	0	7	15784	0	0	2	15794
TP1_synth_reverse		86	C	483	819086	7	74	13	66	221	819950	0	15792	0	2	0	0	0	15794
TP1_synth_reverse		87	T	1097	94	133	22	0	291	818243	819880	0	0	2	0	0	0	15792	15794
TP1_synth_reverse		88	G	203	447	133	818460	157	113	230	819743	0	0	3	15789	1	0	0	15793
TP1_synth_reverse		89	T	640	152	396	16	0	46	818301	819551	0	0	1	0	0	0	15792	15793
TP1_synth_reverse		90	T	529	86	0	144	0	68	818603	819430	0	0	0	3	0	0	15790	15793
TP1_synth_reverse		91	C	692	817797	0	100	0	271	257	819117	0	15792	0	1	0	0	0	15793
TP1_synth_reverse		92	C	454	817557	0	76	0	341	215	818643	0	15789	0	2	0	0	0	15791
TP1_synth_reverse		93	G	480	358	0	816603	0	139	189	817769	3	0	0	15786	0	0	0	15789
TP1_synth_reverse		94	T	509	96	0	74	0	67	816872	817618	1	0	0	0	0	0	15785	15786
TP1_synth_reverse		95	C	0	817042	0	0	0	168	0	817210	0	15786	0	0	0	0	0	15786
TP1_synth_reverse		96	C	0	816309	0	0	0	100	0	816409	0	15785	0	0	0	0	0	15785
TP1_synth_reverse		97	C	0	814926	0	0	0	159	0	815085	0	15781	0	0	0	0	0	15781
TP1_synth_reverse		98	A	811771	0	0	0	0	0	0	811771	15767	0	0	0	0	0	0	15767
TP1_synth_reverse		99	G	0	0	0	810172	1	0	0	810173	0	0	0	15765	0	0	0	15765
