



























































































































































































































#AmpliconChromStart	Alias	Position	ProbableRef	rawA	rawC	rawD	rawG	rawI	rawN	rawT	rawDepth	consA	consC	consD	consG	consI	consN	consT	consDepth	
TP1_synth_reverse		1	G	0	0	0	809876	0	0	0	809876	0	0	0	8259	0	0	0	8259
TP1_synth_reverse		2	T	0	0	0	0	0	0	811662	811662	0	0	0	0	0	0	8269	8269
TP1_synth_reverse		3	G	0	0	0	815194	0	82	0	815276	0	0	0	8292	0	0	0	8292
TP1_synth_reverse		4	G	0	0	0	815988	0	45	0	816033	0	0	0	8298	0	0	0	8298
TP1_synth_reverse		5	T	0	0	0	0	0	22	816616	816638	0	0	0	0	0	0	8305	8305
TP1_synth_reverse		6	G	128	75	0	817053	0	12	182	817450	0	0	0	8311	0	0	0	8311
TP1_synth_reverse		7	A	817162	23	0	101	0	54	293	817633	8314	0	0	0	0	0	1	8315
TP1_synth_reverse		8	G	114	65	0	819201	1	93	111	819585	0	0	0	8331	0	0	1	8332
TP1_synth_reverse		9	G	122	124	0	819046	9	27	498	819826	0	0	0	8331	0	0	3	8334
TP1_synth_reverse		10	C	185	819261	1	40	163	20	189	819859	0	8332	0	0	1	0	1	8334
TP1_synth_reverse		11	T	172	163	186	13	657	21	818818	820030	0	0	2	0	7	0	8326	8335
TP1_synth_reverse		12	C	262	816984	2517	54	1	58	173	820049	0	8312	23	0	0	0	0	8335
TP1_synth_reverse		13	C	389	819311	145	18	2	81	113	820059	0	8335	0	0	0	0	0	8335
TP1_synth_reverse		14	C	344	819547	0	20	1	39	108	820059	0	8335	0	0	0	0	0	8335
TP1_synth_reverse		15	C	263	818022	521	41	912	69	231	820059	0	8319	4	0	10	0	2	8335
TP1_synth_reverse		16	T	352	103	1249	15	0	171	818180	820070	0	0	12	0	0	0	8323	8335
TP1_synth_reverse		17	T	317	149	141	11	0	57	819395	820070	0	0	2	0	0	0	8333	8335
TP1_synth_reverse		18	T	281	313	45	8	283	48	819092	820070	0	1	0	0	5	0	8329	8335
TP1_synth_reverse		19	C	320	818291	270	14	682	61	563	820201	0	8326	1	0	7	0	2	8336
TP1_synth_reverse		20	T	213	106	916	17	3	26	818920	820201	0	0	10	0	0	0	8326	8336
TP1_synth_reverse		21	T	425	251	343	177	2489	95	816421	820201	0	1	3	0	30	0	8302	8336
TP1_synth_reverse		22	G	221	340	674	818329	157	20	460	820201	1	0	4	8328	2	0	1	8336
TP1_synth_reverse		23	C	520	815006	1080	65	2979	24	545	820219	0	8292	9	0	32	0	3	8336
TP1_synth_reverse		24	G	498	164	603	817874	8	29	1043	820219	4	0	6	8324	0	0	2	8336
TP1_synth_reverse		25	G	239	551	323	818190	354	121	453	820231	2	0	6	8323	4	0	1	8336
TP1_synth_reverse		26	A	817936	18	1261	160	856	47	138	820416	8310	0	15	0	12	0	0	8337
TP1_synth_reverse		27	G	202	671	392	818123	378	12	638	820416	1	0	3	8324	4	0	5	8337
TP1_synth_reverse		28	A	819248	76	664	199	97	38	107	820429	8327	1	6	1	2	0	0	8337
TP1_synth_reverse		29	T	221	178	1037	113	0	135	818912	820596	0	1	9	0	0	0	8328	8338
TP1_synth_reverse		30	T	1020	170	533	44	28	116	818685	820596	1	1	7	0	0	0	8329	8338
TP1_synth_reverse		31	C	544	818287	1177	36	225	72	254	820595	1	8319	14	0	3	0	1	8338
TP1_synth_reverse		32	T	495	345	496	42	1	333	818877	820589	0	1	5	0	0	0	8332	8338
TP1_synth_reverse		33	C	397	819375	486	33	88	123	83	820585	0	8331	6	0	1	0	0	8338
TP1_synth_reverse		34	T	620	333	628	80	3	73	818846	820583	0	1	9	0	0	0	8328	8338
TP1_synth_reverse		35	T	1304	131	113	55	634	71	818267	820575	0	0	1	0	4	0	8333	8338
TP1_synth_reverse		36	C	582	818551	1287	28	4	57	66	820575	1	8327	10	0	0	0	0	8338
TP1_synth_reverse		37	C	507	818934	209	81	131	58	641	820561	0	8328	2	1	1	0	6	8338
TP1_synth_reverse		38	T	618	128	509	243	45	25	818989	820557	0	0	4	0	0	0	8334	8338
TP1_synth_reverse		39	C	375	819058	605	46	301	69	105	820559	0	8329	5	0	4	0	0	8338
TP1_synth_reverse		40	T	1157	101	973	33	2000	146	816146	820556	0	0	9	0	21	0	8308	8338
TP1_synth_reverse		41	G	977	550	924	817284	244	22	558	820559	4	0	9	8320	3	0	2	8338
TP1_synth_reverse		42	T	1939	121	776	42	2000	67	815608	820553	0	0	8	0	18	0	8312	8338
TP1_synth_reverse		43	G	686	384	759	817453	316	376	588	820562	3	0	6	8325	2	0	2	8338
TP1_synth_reverse		44	C	451	815252	1352	68	2028	160	1249	820560	0	8293	13	0	19	0	13	8338
TP1_synth_reverse		45	G	681	408	862	816364	620	62	1547	820544	4	1	8	8315	6	0	4	8338
TP1_synth_reverse		46	C	651	817618	1779	48	1	12	435	820544	0	8322	12	0	0	0	4	8338
TP1_synth_reverse		47	C	293	817649	882	46	1363	28	280	820541	0	8318	5	0	15	0	0	8338
TP1_synth_reverse		48	G	393	579	1028	816999	171	39	1311	820520	2	0	7	8326	1	0	2	8338
TP1_synth_reverse		49	A	818460	48	1536	85	44	206	157	820536	8325	0	11	0	1	0	0	8337
TP1_synth_reverse		50	T	1042	139	696	143	246	108	818148	820522	1	1	6	0	2	0	8327	8337
TP1_synth_reverse		51	A	818434	215	1375	93	160	112	140	820529	8322	3	11	0	1	0	0	8337
TP1_synth_reverse		52	C	640	818385	669	95	346	238	153	820526	1	8327	5	0	4	0	0	8337
TP1_synth_reverse		53	A	817520	51	1439	182	658	290	400	820540	8314	0	15	0	6	0	2	8337
TP1_synth_reverse		54	G	238	251	879	817823	457	89	793	820530	2	0	11	8313	4	0	7	8337
TP1_synth_reverse		55	A	818591	492	832	95	0	100	447	820557	8325	5	7	0	0	0	1	8338
TP1_synth_reverse		56	A	819573	11	636	130	0	86	119	820555	8333	0	5	0	0	0	0	8338
TP1_synth_reverse		57	T	1654	243	980	225	330	191	816905	820528	2	1	11	0	2	0	8322	8338
TP1_synth_reverse		58	A	819026	29	805	89	54	302	227	820532	8327	0	9	0	1	0	1	8338
TP1_synth_reverse		59	T	841	433	983	86	347	384	817434	820508	0	3	10	0	1	0	8324	8338
TP1_synth_reverse		60	C	783	818273	842	55	215	241	86	820495	0	8327	9	0	2	0	0	8338
TP1_synth_reverse		61	T	1078	234	2040	45	267	205	816616	820485	0	1	16	0	1	0	8320	8338
TP1_synth_reverse		62	G	734	241	1064	817225	111	302	784	820461	3	0	9	8324	0	0	2	8338
TP1_synth_reverse		63	T	1832	194	1275	15	1	164	816975	820456	0	1	11	0	0	0	8326	8338
TP1_synth_reverse		64	T	1642	535	628	27	8	50	817556	820446	0	6	3	0	0	0	8329	8338
TP1_synth_reverse		65	C	1111	815608	2679	26	596	159	259	820438	0	8309	21	0	6	0	2	8338
TP1_synth_reverse		66	G	855	398	2085	816163	106	62	754	820423	5	1	16	8314	0	0	2	8338
TP1_synth_reverse		67	C	738	817122	2151	39	28	204	133	820415	0	8320	17	0	0	0	1	8338
TP1_synth_reverse		68	A	817922	216	1543	143	217	82	291	820414	8325	0	11	0	1	0	1	8338
TP1_synth_reverse		69	C	277	818142	1350	42	159	59	379	820408	0	8325	11	0	1	0	1	8338
TP1_synth_reverse		70	T	1210	260	1878	49	15	121	816869	820402	0	2	16	0	0	0	8320	8338
TP1_synth_reverse		71	C	337	817534	1708	28	0	281	510	820398	1	8322	12	0	0	0	3	8338
TP1_synth_reverse		72	C	706	818171	976	56	8	121	348	820386	0	8327	9	0	0	0	2	8338
TP1_synth_reverse		73	G	1058	483	2830	814852	337	312	498	820370	9	0	26	8299	2	0	2	8338
TP1_synth_reverse		74	A	815963	370	3019	156	709	97	49	820363	8305	2	25	1	5	0	0	8338
TP1_synth_reverse		75	G	169	701	2117	816706	42	67	544	820346	0	4	24	8305	1	0	4	8338
TP1_synth_reverse		76	T	818	1051	1971	58	180	53	816191	820322	0	10	21	0	1	0	8306	8338
TP1_synth_reverse		77	G	419	566	2081	816700	64	57	408	820295	3	1	14	8316	1	0	3	8338
TP1_synth_reverse		78	C	595	815184	2390	42	175	464	1439	820289	0	8307	18	0	2	0	11	8338
TP1_synth_reverse		79	G	565	527	2989	815360	0	117	725	820283	1	0	20	8316	0	0	1	8338
TP1_synth_reverse		80	G	269	359	934	817488	61	109	1032	820252	2	1	5	8326	1	0	3	8338
TP1_synth_reverse		81	C	318	818393	1158	94	32	96	143	820234	1	8325	12	0	0	0	0	8338
TP1_synth_reverse		82	A	816444	98	3245	142	0	60	126	820115	8312	0	26	0	0	0	0	8338
TP1_synth_reverse		83	A	818821	52	828	87	0	197	127	820112	8331	0	7	0	0	0	0	8338
TP1_synth_reverse		84	A	819327	41	353	134	0	182	48	820085	8336	0	2	0	0	0	0	8338
TP1_synth_reverse		85	G	139	303	505	818600	21	112	311	819991	0	0	6	8331	0	0	1	8338
TP1_synth_reverse		86	C	483	819088	7	74	13	66	221	819952	0	8338	0	0	0	0	0	8338
TP1_synth_reverse		87	T	1097	94	133	22	0	291	818245	819882	0	0	1	0	0	0	8337	8338
TP1_synth_reverse		88	G	203	445	133	818464	157	113	230	819745	0	0	2	8335	1	0	0	8338
TP1_synth_reverse		89	T	640	152	396	16	0	46	818305	819555	0	0	1	0	0	0	8337	8338
TP1_synth_reverse		90	T	529	86	0	144	0	68	818607	819434	0	0	0	1	0	0	8337	8338
TP1_synth_reverse		91	C	693	817800	0	100	0	271	257	819121	0	8338	0	0	0	0	0	8338
TP1_synth_reverse		92	C	454	817561	0	76	0	341	215	818647	0	8337	0	0	0	0	0	8337
TP1_synth_reverse		93	G	480	358	0	816609	0	139	189	817775	1	0	0	8336	0	0	0	8337
TP1_synth_reverse		94	T	509	96	0	74	0	67	816878	817624	0	0	0	0	0	0	8336	8336
TP1_synth_reverse		95	C	0	817049	0	0	0	168	0	817217	0	8336	0	0	0	0	0	8336
TP1_synth_reverse		96	C	0	816316	0	0	0	100	0	816416	0	8335	0	0	0	0	0	8335
TP1_synth_reverse		97	C	0	814933	0	0	0	159	0	815092	0	8334	0	0	0	0	0	8334
TP1_synth_reverse		98	A	811778	0	0	0	0	0	0	811778	8334	0	0	0	0	0	0	8334
TP1_synth_reverse		99	G	0	0	0	810181	1	0	0	810182	0	0	0	8334	0	0	0	8334
