



























































































































































































































#AmpliconChromStart	Alias	Position	ProbableRef	rawA	rawC	rawD	rawG	rawI	rawN	rawT	rawDepth	consA	consC	consD	consG	consI	consN	consT	consDepth
TP1_synth_reverse		1	G	0	0	0	551039	0	0	0	551039	0	0	0	5439	0	0	0	5439
TP1_synth_reverse		2	T	0	0	0	0	0	0	552696	552696	0	0	0	0	0	0	5447	5447
TP1_synth_reverse		3	G	0	0	0	554404	0	9	0	554413	0	0	0	5464	0	0	0	5464
TP1_synth_reverse		4	G	0	0	0	554754	0	19	0	554773	0	0	0	5466	0	0	0	5466
TP1_synth_reverse		5	T	0	0	0	0	0	53	555092	555145	0	0	0	0	0	0	5470	5470
TP1_synth_reverse		6	G	81	37	0	555270	0	65	116	555569	0	0	0	5473	0	0	1	5474
TP1_synth_reverse		7	A	555413	10	0	70	0	50	86	555629	5475	0	0	0	0	0	0	5475
TP1_synth_reverse		8	G	104	29	0	555316	0	226	305	555980	0	0	0	5475	0	0	2	5477
TP1_synth_reverse		9	G	101	64	0	555726	0	34	93	556018	1	0	0	5477	0	0	0	5478
TP1_synth_reverse		10	C	141	555490	3	16	0	10	371	556031	0	5476	0	0	0	0	2	5478
TP1_synth_reverse		11	T	150	123	17	12	46	18	555675	556041	0	0	0	0	1	0	5477	5478
TP1_synth_reverse		12	C	152	554679	1033	12	0	60	108	556044	0	5470	8	0	0	0	0	5478
TP1_synth_reverse		13	C	225	555524	3	17	0	197	88	556054	0	5478	0	0	0	0	0	5478
TP1_synth_reverse		14	C	189	555699	0	20	1	47	98	556054	0	5478	0	0	0	0	0	5478
TP1_synth_reverse		15	C	127	555454	365	10	1	6	91	556054	0	5477	1	0	0	0	0	5478
TP1_synth_reverse		16	T	321	46	2445	14	0	19	553209	556054	0	0	19	0	0	0	5459	5478
TP1_synth_reverse		17	T	347	74	89	13	0	8	555544	556075	0	0	2	0	0	0	5476	5478
TP1_synth_reverse		18	T	236	105	1	12	0	15	555784	556153	0	1	0	0	0	0	5478	5479
TP1_synth_reverse		19	C	267	633738	343	22	192	86	528	635176	0	5540	1	0	2	0	3	5546
TP1_synth_reverse		20	T	378	265	765	64	4	68	633632	635176	0	3	4	0	0	0	5539	5546
TP1_synth_reverse		21	T	1283	97	0	70	440	30	633266	635186	0	0	0	0	2	0	5544	5546
TP1_synth_reverse		22	G	137	506	212	634127	1	12	191	635186	0	0	1	5545	0	0	0	5546
TP1_synth_reverse		23	C	425	633906	239	47	19	34	516	635186	0	5542	2	0	1	0	1	5546
TP1_synth_reverse		24	G	223	84	1269	633317	0	18	275	635186	1	0	7	5538	0	0	0	5546
TP1_synth_reverse		25	G	101	270	2	634359	0	56	408	635196	0	0	0	5543	0	0	3	5546
TP1_synth_reverse		26	A	634820	14	138	111	0	12	101	635196	5543	0	3	0	0	0	0	5546
TP1_synth_reverse		27	G	73	146	14	634458	13	68	424	635196	0	0	1	5544	1	0	0	5546
TP1_synth_reverse		28	A	634002	132	849	45	86	23	69	635206	5539	1	5	0	1	0	0	5546
TP1_synth_reverse		29	T	394	66	554	593	0	100	633499	635206	0	0	7	0	0	0	5539	5546
TP1_synth_reverse		30	T	2103	60	137	49	0	46	632811	635206	0	0	3	0	0	0	5543	5546
TP1_synth_reverse		31	C	515	634122	379	29	0	67	79	635191	0	5539	7	0	0	0	0	5546
TP1_synth_reverse		32	T	748	46	11	77	0	10	634289	635181	0	0	0	0	0	0	5546	5546
TP1_synth_reverse		33	C	561	634454	25	21	1	27	89	635178	0	5545	1	0	0	0	0	5546
TP1_synth_reverse		34	T	2032	85	908	1424	2	65	630660	635176	0	0	6	0	0	0	5540	5546
TP1_synth_reverse		35	T	2490	54	0	249	168	35	632166	635162	0	0	0	0	5	0	5541	5546
TP1_synth_reverse		36	C	292	634314	341	52	1	65	95	635160	0	5541	5	0	0	0	0	5546
TP1_synth_reverse		37	C	327	633755	3	370	4	28	647	635134	0	5542	0	0	0	0	4	5546
TP1_synth_reverse		38	T	1313	42	38	70	211	10	633435	635119	0	0	1	0	2	0	5543	5546
TP1_synth_reverse		39	C	226	634125	536	116	2	36	77	635118	0	5543	3	0	0	0	0	5546
TP1_synth_reverse		40	T	1109	69	985	92	82	126	632648	635111	0	0	8	0	2	0	5536	5546
TP1_synth_reverse		41	G	531	954	371	630833	0	26	2388	635103	1	0	6	5539	0	0	0	5546
TP1_synth_reverse		42	T	2191	65	3	111	0	37	632695	635102	0	0	0	0	0	0	5546	5546
TP1_synth_reverse		43	G	76	211	166	631869	0	57	2720	635099	0	0	1	5543	0	0	2	5546
TP1_synth_reverse		44	C	404	633719	6	39	35	10	884	635097	0	5541	0	0	1	0	4	5546
TP1_synth_reverse		45	G	146	131	141	631364	390	16	2903	635091	0	0	3	5540	2	0	1	5546
TP1_synth_reverse		46	C	798	632117	1008	928	0	21	225	635097	0	5537	7	1	0	0	1	5546
TP1_synth_reverse		47	C	210	634308	327	37	2	8	206	635098	0	5545	1	0	0	0	0	5546
TP1_synth_reverse		48	G	178	926	432	630366	343	16	2825	635086	1	0	2	5542	1	0	0	5546
TP1_synth_reverse		49	A	633635	32	1157	41	22	11	130	635028	6058	0	7	0	0	0	0	6065
TP1_synth_reverse		50	T	2367	51	11	16	49	31	632627	635152	0	0	0	0	1	0	6066	6067
TP1_synth_reverse		51	A	634898	32	40	55	0	56	108	635189	6066	0	1	0	0	0	0	6067
TP1_synth_reverse		52	C	612	633321	802	62	284	55	81	635217	0	6062	4	0	2	0	0	6068
TP1_synth_reverse		53	A	634596	17	125	347	0	36	107	635228	6066	0	1	1	0	0	0	6068
TP1_synth_reverse		54	G	279	309	310	633177	51	82	1020	635228	0	0	2	6065	1	0	0	6068
TP1_synth_reverse		55	A	634449	86	468	59	0	74	90	635226	6067	0	1	0	0	0	0	6068
TP1_synth_reverse		56	A	634595	5	421	50	1	44	113	635229	6067	0	1	0	0	0	0	6068
TP1_synth_reverse		57	T	2720	33	1228	120	0	16	631096	635213	0	0	7	0	0	0	6061	6068
TP1_synth_reverse		58	A	634645	2	309	94	0	63	99	635212	6065	0	3	0	0	0	0	6068
TP1_synth_reverse		59	T	1276	40	108	141	0	57	633570	635192	0	0	1	0	0	0	6067	6068
TP1_synth_reverse		60	C	1726	631941	606	78	13	89	735	635188	0	6066	1	0	0	0	2	6069
TP1_synth_reverse		61	T	861	77	323	726	44	111	633046	635188	0	0	4	0	0	0	6065	6069
TP1_synth_reverse		62	G	425	246	593	632953	188	63	717	635185	1	0	4	6061	2	0	1	6069
TP1_synth_reverse		63	T	4636	48	429	41	0	17	630010	635181	1	0	5	0	0	0	6063	6069
TP1_synth_reverse		64	T	1840	46	7	145	2	42	633100	635182	0	0	0	0	0	0	6069	6069
TP1_synth_reverse		65	C	544	634390	16	30	6	56	135	635177	0	6069	0	0	0	0	0	6069
TP1_synth_reverse		66	G	866	252	33	633164	0	39	821	635175	0	0	0	6068	0	0	1	6069
TP1_synth_reverse		67	C	873	633698	7	14	393	83	116	635184	3	6064	0	0	2	0	0	6069
TP1_synth_reverse		68	A	633774	390	757	152	1	68	42	635184	6064	0	5	0	0	0	0	6069
TP1_synth_reverse		69	C	67	634297	632	31	0	44	106	635177	0	6067	2	0	0	0	0	6069
TP1_synth_reverse		70	T	724	63	95	560	0	105	633621	635168	0	0	1	0	0	0	6068	6069
TP1_synth_reverse		71	C	220	634097	646	53	0	67	82	635165	0	6065	4	0	0	0	0	6069
TP1_synth_reverse		72	C	651	634254	3	41	0	72	140	635161	0	6069	0	0	0	0	0	6069
TP1_synth_reverse		73	G	569	237	43	634083	0	67	151	635150	0	0	0	6068	0	0	1	6069
TP1_synth_reverse		74	A	634728	148	117	61	0	69	23	635146	6068	0	1	0	0	0	0	6069
TP1_synth_reverse		75	G	801	152	4	634061	2	42	78	635140	2	0	0	6067	0	0	0	6069
TP1_synth_reverse		76	T	5037	57	1	52	138	103	629741	635129	0	0	0	0	1	0	6068	6069
TP1_synth_reverse		77	G	158	294	13	633535	1	46	1064	635111	0	0	0	6068	0	0	1	6069
TP1_synth_reverse		78	C	223	631971	564	32	251	141	1921	635103	1	6050	3	0	4	0	11	6069
TP1_synth_reverse		79	G	385	842	204	632311	1	63	1107	634913	1	0	2	6066	0	0	0	6069
TP1_synth_reverse		80	G	122	159	1	633300	357	131	722	634792	0	0	0	6065	1	0	2	6068
TP1_synth_reverse		81	C	157	633130	228	33	918	160	121	634747	2	6062	2	0	2	0	0	6068
TP1_synth_reverse		82	A	552938	6	1113	65	1	57	197	554377	5473	0	7	0	0	0	0	5480
TP1_synth_reverse		83	A	554141	13	13	46	0	55	101	554369	5480	0	0	0	0	0	0	5480
TP1_synth_reverse		84	A	554049	13	0	104	34	44	85	554329	5480	0	0	0	0	0	0	5480
TP1_synth_reverse		85	G	62	141	161	553076	2	13	746	554201	0	0	1	5479	0	0	0	5480
TP1_synth_reverse		86	C	203	553708	0	36	1	31	178	554157	0	5480	0	0	0	0	0	5480
TP1_synth_reverse		87	T	1564	55	1	41	11	90	552332	554094	0	0	0	0	0	0	5480	5480
TP1_synth_reverse		88	G	145	262	29	553447	7	27	134	554051	0	0	0	5479	0	0	0	5479
TP1_synth_reverse		89	T	757	80	32	18	0	57	553030	553974	0	0	0	0	0	0	5479	5479
TP1_synth_reverse		90	T	879	68	17	295	0	98	552383	553740	0	0	0	1	0	0	5478	5479
TP1_synth_reverse		91	C	370	552686	0	28	0	21	600	553705	0	5478	0	0	0	0	1	5479
TP1_synth_reverse		92	C	174	553108	0	19	0	62	147	553510	0	5479	0	0	0	0	0	5479
TP1_synth_reverse		93	G	321	122	0	552162	0	16	92	552713	0	0	0	5479	0	0	0	5479
TP1_synth_reverse		94	T	727	69	0	33	0	63	551756	552648	0	0	0	0	0	0	5479	5479
TP1_synth_reverse		95	C	0	552212	0	0	0	51	0	552263	0	5479	0	0	0	0	0	5479
TP1_synth_reverse		96	C	0	551776	0	0	0	8	0	551784	0	5479	0	0	0	0	0	5479
TP1_synth_reverse		97	C	0	550075	0	0	0	5	0	550080	0	5479	0	0	0	0	0	5479
TP1_synth_reverse		98	A	547437	0	0	0	0	0	0	547437	5478	0	0	0	0	0	0	5478
TP1_synth_reverse		99	G	0	0	0	546370	0	0	0	546370	0	0	0	5478	0	0	0	5478
