



























































































































































































































#AmpliconChromStart	Alias	Position	ProbableRef	rawA	rawC	rawD	rawG	rawI	rawN	rawT	rawDepth	consA	consC	consD	consG	consI	consN	consT	consDepth	
TP1_synth_reverse		1	G	0	0	0	551039	0	0	0	551039	0	0	0	10991	0	0	0	10991
TP1_synth_reverse		2	T	0	0	0	0	0	0	552696	552696	0	0	0	0	0	0	11009	11009
TP1_synth_reverse		3	G	0	0	0	554404	0	9	0	554413	0	0	0	11039	0	0	0	11039
TP1_synth_reverse		4	G	0	0	0	554754	0	19	0	554773	0	0	0	11049	0	0	0	11049
TP1_synth_reverse		5	T	0	0	0	0	0	53	555092	555145	0	0	0	0	0	0	11056	11056
TP1_synth_reverse		6	G	81	37	0	555270	0	65	116	555569	0	0	0	11061	0	0	1	11062
TP1_synth_reverse		7	A	555413	10	0	70	0	50	86	555629	11065	0	0	0	0	0	0	11065
TP1_synth_reverse		8	G	104	29	0	555316	0	226	305	555980	0	0	0	11068	0	0	2	11070
TP1_synth_reverse		9	G	101	64	0	555726	0	34	93	556018	1	0	0	11071	0	0	0	11072
TP1_synth_reverse		10	C	141	555490	3	16	0	10	371	556031	0	11070	0	0	0	0	2	11072
TP1_synth_reverse		11	T	150	123	17	12	46	18	555675	556041	0	0	0	0	1	0	11071	11072
TP1_synth_reverse		12	C	152	554676	1033	12	0	60	108	556041	0	11058	14	0	0	0	0	11072
TP1_synth_reverse		13	C	225	555521	3	17	0	197	88	556051	0	11073	0	0	0	0	0	11073
TP1_synth_reverse		14	C	189	555696	0	20	1	47	98	556051	0	11073	0	0	0	0	0	11073
TP1_synth_reverse		15	C	127	555451	365	10	1	6	91	556051	0	11071	2	0	0	0	0	11073
TP1_synth_reverse		16	T	321	46	2445	14	0	19	553206	556051	0	0	37	0	0	0	11036	11073
TP1_synth_reverse		17	T	347	74	89	13	0	8	555541	556072	0	0	4	0	0	0	11070	11074
TP1_synth_reverse		18	T	235	105	1	12	0	15	555782	556150	0	1	0	0	0	0	11075	11076
TP1_synth_reverse		19	C	267	633735	343	22	192	86	528	635173	0	11273	1	0	4	0	4	11282
TP1_synth_reverse		20	T	378	265	765	64	4	68	633629	635173	0	5	13	0	0	0	11264	11282
TP1_synth_reverse		21	T	1283	97	0	70	440	30	633263	635183	0	0	0	0	2	0	11281	11283
TP1_synth_reverse		22	G	137	505	212	634125	1	12	191	635183	0	0	1	11282	0	0	0	11283
TP1_synth_reverse		23	C	425	633903	239	47	19	34	516	635183	0	11278	2	0	1	0	2	11283
TP1_synth_reverse		24	G	223	83	1269	633316	0	18	274	635183	2	0	10	11271	0	0	0	11283
TP1_synth_reverse		25	G	101	270	2	634356	0	56	408	635193	0	0	0	11278	0	0	6	11284
TP1_synth_reverse		26	A	634817	14	138	111	0	12	101	635193	11281	0	3	0	0	0	0	11284
TP1_synth_reverse		27	G	73	145	14	634456	13	68	424	635193	1	0	1	11281	1	0	0	11284
TP1_synth_reverse		28	A	633999	132	849	45	86	23	69	635203	11271	4	8	0	2	0	0	11285
TP1_synth_reverse		29	T	393	66	554	593	0	100	633497	635203	0	0	9	0	0	0	11276	11285
TP1_synth_reverse		30	T	2103	60	137	49	0	46	632808	635203	0	0	5	0	0	0	11280	11285
TP1_synth_reverse		31	C	515	634119	379	29	0	67	79	635188	0	11273	12	0	0	0	0	11285
TP1_synth_reverse		32	T	747	46	11	77	0	10	634287	635178	0	0	1	0	0	0	11284	11285
TP1_synth_reverse		33	C	561	634451	25	21	1	27	89	635175	0	11284	1	0	0	0	0	11285
TP1_synth_reverse		34	T	2029	85	908	1424	2	65	630660	635173	0	0	14	0	0	0	11271	11285
TP1_synth_reverse		35	T	2490	54	0	249	168	35	632163	635159	0	0	0	0	7	0	11278	11285
TP1_synth_reverse		36	C	292	634311	341	52	1	65	95	635157	0	11269	16	0	0	0	0	11285
TP1_synth_reverse		37	C	327	633752	3	370	4	28	647	635131	0	11273	0	0	0	0	12	11285
TP1_synth_reverse		38	T	1312	42	38	70	211	10	633433	635116	0	0	3	0	2	0	11280	11285
TP1_synth_reverse		39	C	226	634122	536	116	2	36	77	635115	0	11278	7	0	0	0	0	11285
TP1_synth_reverse		40	T	1109	69	985	92	82	126	632645	635108	0	0	13	0	2	0	11270	11285
TP1_synth_reverse		41	G	531	954	371	630830	0	26	2388	635100	1	0	11	11273	0	0	0	11285
TP1_synth_reverse		42	T	2190	65	3	111	0	37	632693	635099	0	0	0	0	0	0	11285	11285
TP1_synth_reverse		43	G	76	211	166	631875	0	57	2718	635103	0	0	2	11280	0	0	3	11285
TP1_synth_reverse		44	C	404	633731	6	39	35	10	884	635109	0	11276	0	0	1	0	8	11285
TP1_synth_reverse		45	G	146	131	141	631377	390	16	2902	635103	0	0	8	11273	3	0	1	11285
TP1_synth_reverse		46	C	798	632129	1008	928	0	21	225	635109	0	11256	22	5	0	0	2	11285
TP1_synth_reverse		47	C	210	634320	327	37	2	8	206	635110	0	11282	3	0	0	0	0	11285
TP1_synth_reverse		48	G	178	929	432	630376	343	16	2824	635098	1	0	3	11280	1	0	0	11285
TP1_synth_reverse		49	A	633647	32	1157	41	22	11	130	635040	12319	0	11	0	0	0	0	12330
TP1_synth_reverse		50	T	2368	51	11	16	49	31	632638	635164	0	0	0	0	1	0	12335	12336
TP1_synth_reverse		51	A	634910	32	40	55	0	56	108	635201	12333	0	3	0	0	0	0	12336
TP1_synth_reverse		52	C	613	633332	802	62	284	55	81	635229	0	12322	12	0	3	0	0	12337
TP1_synth_reverse		53	A	634607	17	125	347	0	36	108	635240	12330	0	6	1	0	0	0	12337
TP1_synth_reverse		54	G	279	309	310	633189	51	82	1020	635240	0	0	5	12330	2	0	0	12337
TP1_synth_reverse		55	A	634505	86	468	59	0	74	90	635282	12338	0	1	0	0	0	0	12339
TP1_synth_reverse		56	A	634651	5	421	50	1	44	113	635285	12338	0	1	0	0	0	0	12339
TP1_synth_reverse		57	T	2721	33	1227	120	0	16	631152	635269	1	0	12	0	0	0	12326	12339
TP1_synth_reverse		58	A	634701	2	309	94	0	63	99	635268	12336	0	3	0	0	0	0	12339
TP1_synth_reverse		59	T	1276	40	108	141	0	57	633626	635248	0	0	1	1	0	0	12337	12339
TP1_synth_reverse		60	C	1735	631988	606	78	13	89	735	635244	1	12334	3	0	0	0	2	12340
TP1_synth_reverse		61	T	861	77	323	727	44	111	633101	635244	1	0	8	0	2	0	12330	12341
TP1_synth_reverse		62	G	427	247	593	633005	188	63	718	635241	1	0	5	12330	3	0	2	12341
TP1_synth_reverse		63	T	4639	48	429	41	0	17	630063	635237	1	0	9	0	0	0	12331	12341
TP1_synth_reverse		64	T	1842	46	7	145	2	42	633154	635238	0	0	1	0	0	0	12341	12342
TP1_synth_reverse		65	C	543	634447	16	30	6	56	135	635233	0	12339	1	0	0	0	2	12342
TP1_synth_reverse		66	G	866	253	33	633214	0	39	826	635231	0	0	3	12334	0	0	5	12342
TP1_synth_reverse		67	C	874	633743	7	14	393	83	116	635230	5	12331	0	0	6	0	0	12342
TP1_synth_reverse		68	A	633820	390	757	152	1	68	42	635230	12335	0	7	0	0	0	0	12342
TP1_synth_reverse		69	C	67	634343	632	31	0	44	106	635223	0	12337	3	0	0	0	2	12342
TP1_synth_reverse		70	T	724	63	95	560	0	105	633666	635213	0	0	2	0	0	0	12340	12342
TP1_synth_reverse		71	C	221	634141	646	53	0	67	82	635210	0	12327	14	1	0	0	0	12342
TP1_synth_reverse		72	C	653	634297	3	41	0	72	140	635206	0	12341	0	0	0	0	1	12342
TP1_synth_reverse		73	G	569	238	43	634127	0	67	151	635195	0	0	2	12336	0	0	4	12342
TP1_synth_reverse		74	A	634773	148	117	61	0	69	23	635191	12341	0	1	0	0	0	0	12342
TP1_synth_reverse		75	G	801	153	4	634105	2	42	78	635185	2	0	0	12338	0	0	2	12342
TP1_synth_reverse		76	T	5046	57	1	52	138	103	629777	635174	1	0	0	0	2	0	12339	12342
TP1_synth_reverse		77	G	158	296	13	633578	1	46	1064	635156	0	0	0	12341	0	0	1	12342
TP1_synth_reverse		78	C	223	632016	564	32	251	141	1921	635148	1	12317	7	0	5	0	12	12342
TP1_synth_reverse		79	G	385	844	204	632354	1	63	1107	634958	2	0	5	12335	0	0	0	12342
TP1_synth_reverse		80	G	122	159	1	633345	357	131	722	634837	1	0	0	12330	2	0	7	12340
TP1_synth_reverse		81	C	157	633175	228	33	918	160	121	634792	2	12330	3	0	5	0	0	12340
TP1_synth_reverse		82	A	552979	6	1113	65	1	57	201	554422	11066	0	17	0	0	0	0	11083
TP1_synth_reverse		83	A	554185	13	13	46	0	55	102	554414	11083	0	0	0	0	0	0	11083
TP1_synth_reverse		84	A	554092	13	0	104	34	44	87	554374	11083	0	0	0	0	0	0	11083
TP1_synth_reverse		85	G	62	142	162	553117	2	13	748	554246	0	0	1	11082	0	0	0	11083
TP1_synth_reverse		86	C	203	553753	0	36	1	31	178	554202	0	11083	0	0	0	0	0	11083
TP1_synth_reverse		87	T	1567	55	1	42	11	90	552373	554139	2	0	0	0	0	0	11081	11083
TP1_synth_reverse		88	G	145	262	29	553492	7	27	134	554096	0	0	1	11080	0	0	0	11081
TP1_synth_reverse		89	T	757	80	32	18	0	57	553075	554019	0	0	0	0	0	0	11081	11081
TP1_synth_reverse		90	T	880	68	17	295	0	98	552427	553785	0	0	0	1	0	0	11080	11081
TP1_synth_reverse		91	C	370	552731	0	28	0	21	600	553750	0	11080	0	0	0	0	1	11081
TP1_synth_reverse		92	C	174	553153	0	19	0	62	147	553555	0	11080	0	0	0	0	0	11080
TP1_synth_reverse		93	G	321	122	0	552207	0	16	92	552758	0	1	0	11072	0	0	0	11073
TP1_synth_reverse		94	T	727	69	0	33	0	63	551801	552693	0	0	0	0	0	0	11073	11073
TP1_synth_reverse		95	C	0	552256	0	0	0	51	0	552307	0	11073	0	0	0	0	0	11073
TP1_synth_reverse		96	C	0	551819	0	0	0	8	0	551827	0	11073	0	0	0	0	0	11073
TP1_synth_reverse		97	C	0	550118	0	0	0	5	0	550123	0	11069	0	0	0	0	0	11069
TP1_synth_reverse		98	A	547479	0	0	0	0	0	0	547479	11058	0	0	0	0	0	0	11058
TP1_synth_reverse		99	G	0	0	0	546412	0	0	0	546412	0	0	0	11055	0	0	0	11055
