



























































































































































































































#AmpliconChromStart	Alias	Position	ProbableRef	rawA	rawC	rawD	rawG	rawI	rawN	rawT	rawDepth	consA	consC	consD	consG	consI	consN	consT	consDepth	
TP1_synth_reverse		1	G	0	0	0	551039	0	0	0	551039	0	0	0	6687	0	0	0	6687
TP1_synth_reverse		2	T	0	0	0	0	0	0	552696	552696	0	0	0	0	0	0	6696	6696
TP1_synth_reverse		3	G	0	0	0	554404	0	9	0	554413	0	0	0	6718	0	0	0	6718
TP1_synth_reverse		4	G	0	0	0	554754	0	19	0	554773	0	0	0	6723	0	0	0	6723
TP1_synth_reverse		5	T	0	0	0	0	0	53	555092	555145	0	0	0	0	0	0	6727	6727
TP1_synth_reverse		6	G	81	37	0	555270	0	65	116	555569	0	0	0	6730	0	0	1	6731
TP1_synth_reverse		7	A	555413	10	0	70	0	50	86	555629	6732	0	0	0	0	0	0	6732
TP1_synth_reverse		8	G	104	29	0	555316	0	226	305	555980	0	0	0	6732	0	0	2	6734
TP1_synth_reverse		9	G	101	64	0	555726	0	34	93	556018	1	0	0	6734	0	0	0	6735
TP1_synth_reverse		10	C	141	555490	3	16	0	10	371	556031	0	6733	0	0	0	0	2	6735
TP1_synth_reverse		11	T	150	123	17	12	46	18	555675	556041	0	0	0	0	1	0	6734	6735
TP1_synth_reverse		12	C	152	554679	1033	12	0	60	108	556044	0	6727	8	0	0	0	0	6735
TP1_synth_reverse		13	C	225	555524	3	17	0	197	88	556054	0	6735	0	0	0	0	0	6735
TP1_synth_reverse		14	C	189	555699	0	20	1	47	98	556054	0	6735	0	0	0	0	0	6735
TP1_synth_reverse		15	C	127	555454	365	10	1	6	91	556054	0	6733	2	0	0	0	0	6735
TP1_synth_reverse		16	T	321	46	2445	14	0	19	553209	556054	0	0	25	0	0	0	6710	6735
TP1_synth_reverse		17	T	347	74	89	13	0	8	555544	556075	0	0	2	0	0	0	6733	6735
TP1_synth_reverse		18	T	236	105	1	12	0	15	555784	556153	0	1	0	0	0	0	6735	6736
TP1_synth_reverse		19	C	267	633738	343	22	192	86	528	635176	0	6832	1	0	3	0	4	6840
TP1_synth_reverse		20	T	378	265	765	64	4	68	633632	635176	0	3	6	0	0	0	6831	6840
TP1_synth_reverse		21	T	1283	97	0	70	440	30	633266	635186	0	0	0	0	2	0	6838	6840
TP1_synth_reverse		22	G	137	506	212	634127	1	12	191	635186	0	0	1	6839	0	0	0	6840
TP1_synth_reverse		23	C	425	633906	239	47	19	34	516	635186	0	6836	2	0	1	0	1	6840
TP1_synth_reverse		24	G	223	84	1269	633317	0	18	275	635186	2	0	7	6831	0	0	0	6840
TP1_synth_reverse		25	G	101	270	2	634359	0	56	408	635196	0	0	0	6838	0	0	3	6841
TP1_synth_reverse		26	A	634820	14	138	111	0	12	101	635196	6838	0	3	0	0	0	0	6841
TP1_synth_reverse		27	G	73	146	14	634458	13	68	424	635196	1	0	1	6838	1	0	0	6841
TP1_synth_reverse		28	A	634002	132	849	45	86	23	69	635206	6834	1	5	0	1	0	0	6841
TP1_synth_reverse		29	T	394	66	554	593	0	100	633499	635206	0	0	8	0	0	0	6833	6841
TP1_synth_reverse		30	T	2103	60	137	49	0	46	632811	635206	0	0	3	0	0	0	6838	6841
TP1_synth_reverse		31	C	515	634122	379	29	0	67	79	635191	0	6834	7	0	0	0	0	6841
TP1_synth_reverse		32	T	748	46	11	77	0	10	634289	635181	0	0	1	0	0	0	6840	6841
TP1_synth_reverse		33	C	561	634454	25	21	1	27	89	635178	0	6840	1	0	0	0	0	6841
TP1_synth_reverse		34	T	2032	85	908	1424	2	65	630658	635174	0	0	6	0	0	0	6835	6841
TP1_synth_reverse		35	T	2490	54	0	249	168	35	632164	635160	0	0	0	0	6	0	6835	6841
TP1_synth_reverse		36	C	292	634318	341	52	1	65	95	635164	0	6835	6	0	0	0	0	6841
TP1_synth_reverse		37	C	327	633759	3	370	4	28	647	635138	0	6835	0	0	0	0	6	6841
TP1_synth_reverse		38	T	1313	42	38	70	211	10	633439	635123	0	0	1	0	2	0	6838	6841
TP1_synth_reverse		39	C	226	634129	536	116	2	36	77	635122	0	6836	5	0	0	0	0	6841
TP1_synth_reverse		40	T	1109	69	985	92	82	126	632652	635115	0	0	8	0	2	0	6831	6841
TP1_synth_reverse		41	G	531	955	371	630836	0	26	2388	635107	1	0	6	6834	0	0	0	6841
TP1_synth_reverse		42	T	2192	65	3	111	0	37	632698	635106	0	0	0	0	0	0	6841	6841
TP1_synth_reverse		43	G	76	211	166	631879	0	57	2721	635110	0	0	1	6838	0	0	2	6841
TP1_synth_reverse		44	C	403	633739	6	39	35	10	884	635116	0	6836	0	0	1	0	4	6841
TP1_synth_reverse		45	G	146	132	141	631382	390	16	2903	635110	0	0	3	6835	2	0	1	6841
TP1_synth_reverse		46	C	797	632130	1008	928	0	21	225	635109	0	6828	11	1	0	0	1	6841
TP1_synth_reverse		47	C	210	634320	327	37	2	8	206	635110	0	6840	1	0	0	0	0	6841
TP1_synth_reverse		48	G	178	929	432	630375	343	16	2825	635098	1	0	3	6836	1	0	0	6841
TP1_synth_reverse		49	A	633647	32	1157	41	22	11	130	635040	7420	0	9	0	0	0	0	7429
TP1_synth_reverse		50	T	2371	51	11	16	49	31	632635	635164	0	0	0	0	1	0	7431	7432
TP1_synth_reverse		51	A	634910	32	40	55	0	56	108	635201	7430	0	2	0	0	0	0	7432
TP1_synth_reverse		52	C	612	633333	802	62	284	55	81	635229	0	7423	8	0	2	0	0	7433
TP1_synth_reverse		53	A	634607	17	125	347	0	36	108	635240	7429	0	3	1	0	0	0	7433
TP1_synth_reverse		54	G	280	310	310	633185	51	82	1019	635237	0	0	3	7429	1	0	0	7433
TP1_synth_reverse		55	A	634502	86	468	59	0	74	90	635279	7433	0	1	0	0	0	0	7434
TP1_synth_reverse		56	A	634648	5	421	50	1	44	113	635282	7433	0	1	0	0	0	0	7434
TP1_synth_reverse		57	T	2722	33	1228	120	0	16	631147	635266	0	0	7	0	0	0	7427	7434
TP1_synth_reverse		58	A	634698	2	309	94	0	63	99	635265	7431	0	3	0	0	0	0	7434
TP1_synth_reverse		59	T	1275	40	108	141	0	57	633624	635245	0	0	1	0	0	0	7433	7434
TP1_synth_reverse		60	C	1733	631987	606	78	13	89	735	635241	0	7432	1	0	0	0	2	7435
TP1_synth_reverse		61	T	863	77	323	727	44	111	633096	635241	1	0	5	0	0	0	7430	7436
TP1_synth_reverse		62	G	425	248	592	633004	188	63	718	635238	1	0	4	7428	2	0	1	7436
TP1_synth_reverse		63	T	4639	48	429	41	0	17	630060	635234	1	0	5	0	0	0	7430	7436
TP1_synth_reverse		64	T	1844	46	7	145	2	42	633149	635235	0	0	0	0	0	0	7436	7436
TP1_synth_reverse		65	C	544	634443	16	30	6	56	135	635230	0	7436	0	0	0	0	0	7436
TP1_synth_reverse		66	G	867	253	33	633211	0	39	825	635228	0	0	1	7433	0	0	2	7436
TP1_synth_reverse		67	C	875	633749	7	14	393	83	116	635237	3	7429	0	0	5	0	0	7437
TP1_synth_reverse		68	A	633827	390	757	152	1	68	42	635237	7432	0	5	0	0	0	0	7437
TP1_synth_reverse		69	C	67	634350	632	31	0	44	106	635230	0	7433	3	0	0	0	1	7437
TP1_synth_reverse		70	T	724	63	95	560	0	105	633673	635220	0	0	2	0	0	0	7435	7437
TP1_synth_reverse		71	C	221	634148	646	53	0	67	82	635217	0	7431	5	1	0	0	0	7437
TP1_synth_reverse		72	C	653	634304	3	41	0	72	140	635213	0	7437	0	0	0	0	0	7437
TP1_synth_reverse		73	G	569	238	43	634134	0	67	151	635202	0	0	0	7435	0	0	2	7437
TP1_synth_reverse		74	A	634780	148	117	61	0	69	23	635198	7436	0	1	0	0	0	0	7437
TP1_synth_reverse		75	G	800	152	4	634114	2	42	78	635192	2	0	0	7435	0	0	0	7437
TP1_synth_reverse		76	T	5046	57	1	52	138	103	629784	635181	0	0	0	0	1	0	7436	7437
TP1_synth_reverse		77	G	158	296	13	633585	1	46	1064	635163	0	0	0	7436	0	0	1	7437
TP1_synth_reverse		78	C	223	632023	564	32	251	141	1921	635155	1	7417	4	0	4	0	11	7437
TP1_synth_reverse		79	G	385	844	204	632362	1	63	1106	634965	1	0	3	7433	0	0	0	7437
TP1_synth_reverse		80	G	122	159	1	633353	357	131	721	634844	0	0	0	7432	1	0	3	7436
TP1_synth_reverse		81	C	157	633182	228	33	918	160	121	634799	2	7430	2	0	2	0	0	7436
TP1_synth_reverse		82	A	552986	6	1113	65	1	57	201	554429	6734	0	7	0	0	0	0	6741
TP1_synth_reverse		83	A	554192	13	13	46	0	55	102	554421	6741	0	0	0	0	0	0	6741
TP1_synth_reverse		84	A	554099	13	0	104	34	44	87	554381	6741	0	0	0	0	0	0	6741
TP1_synth_reverse		85	G	62	142	162	553126	2	13	747	554254	0	0	1	6740	0	0	0	6741
TP1_synth_reverse		86	C	203	553761	0	36	1	31	178	554210	0	6741	0	0	0	0	0	6741
TP1_synth_reverse		87	T	1567	55	1	42	11	90	552381	554147	0	0	0	0	0	0	6741	6741
TP1_synth_reverse		88	G	145	261	29	553501	7	27	134	554104	0	0	0	6740	0	0	0	6740
TP1_synth_reverse		89	T	756	80	32	18	0	57	553084	554027	0	0	0	0	0	0	6740	6740
TP1_synth_reverse		90	T	880	68	17	295	0	98	552435	553793	0	0	0	1	0	0	6739	6740
TP1_synth_reverse		91	C	370	552739	0	28	0	21	600	553758	0	6739	0	0	0	0	1	6740
TP1_synth_reverse		92	C	174	553161	0	19	0	62	147	553563	0	6740	0	0	0	0	0	6740
TP1_synth_reverse		93	G	321	122	0	552215	0	16	92	552766	0	0	0	6740	0	0	0	6740
TP1_synth_reverse		94	T	727	69	0	33	0	63	551809	552701	0	0	0	0	0	0	6740	6740
TP1_synth_reverse		95	C	0	552264	0	0	0	51	0	552315	0	6740	0	0	0	0	0	6740
TP1_synth_reverse		96	C	0	551827	0	0	0	8	0	551835	0	6740	0	0	0	0	0	6740
TP1_synth_reverse		97	C	0	550126	0	0	0	5	0	550131	0	6740	0	0	0	0	0	6740
TP1_synth_reverse		98	A	547487	0	0	0	0	0	0	547487	6738	0	0	0	0	0	0	6738
TP1_synth_reverse		99	G	0	0	0	546420	0	0	0	546420	0	0	0	6737	0	0	0	6737
