



























































































































































































































#AmpliconChromStart	Alias	Position	ProbableRef	rawA	rawC	rawD	rawG	rawI	rawN	rawT	rawDepth	consA	consC	consD	consG	consI	consN	consT	consDepth	
TP1_synth_reverse		1	G	0	0	0	725426	0	0	0	725426	0	0	0	4922	0	0	0	4922
TP1_synth_reverse		2	T	0	0	0	0	0	0	726828	726828	0	0	0	0	0	0	4928	4928
TP1_synth_reverse		3	G	0	0	0	730117	0	124	0	730241	0	0	0	4940	0	0	0	4940
TP1_synth_reverse		4	G	0	0	0	731281	0	66	0	731347	0	0	0	4944	0	0	0	4944
TP1_synth_reverse		5	T	0	0	0	0	0	184	731630	731814	0	0	0	0	0	0	4945	4945
TP1_synth_reverse		6	G	117	80	0	732575	0	37	460	733269	0	0	0	4948	0	0	1	4949
TP1_synth_reverse		7	A	733150	22	0	78	0	14	100	733364	4950	0	0	0	0	0	0	4950
TP1_synth_reverse		8	G	98	81	0	733960	0	89	93	734321	0	0	0	4952	0	0	0	4952
TP1_synth_reverse		9	G	126	152	0	734036	0	12	129	734455	0	0	0	4954	0	0	0	4954
TP1_synth_reverse		10	C	310	734000	5	30	2	17	131	734495	0	4955	0	0	0	0	0	4955
TP1_synth_reverse		11	T	380	138	57	23	10	60	733827	734495	0	0	0	0	0	0	4955	4955
TP1_synth_reverse		12	C	329	733092	779	18	0	88	189	734495	0	4947	8	0	0	0	0	4955
TP1_synth_reverse		13	C	448	733757	1	30	0	131	128	734495	0	4955	0	0	0	0	0	4955
TP1_synth_reverse		14	C	360	733934	0	31	0	48	138	734511	0	4955	0	0	0	0	0	4955
TP1_synth_reverse		15	C	324	733934	1	54	4	63	131	734511	0	4955	0	0	0	0	0	4955
TP1_synth_reverse		16	T	706	72	750	29	2	32	732920	734511	0	0	5	0	0	0	4950	4955
TP1_synth_reverse		17	T	811	95	1	32	0	210	733362	734511	0	0	0	0	0	0	4955	4955
TP1_synth_reverse		18	T	620	143	1	23	192	112	733420	734511	0	1	0	0	1	0	4953	4955
TP1_synth_reverse		19	C	597	735570	7	46	1165	118	100	737603	0	4954	0	0	2	0	0	4956
TP1_synth_reverse		20	T	751	75	250	70	5	66	736386	737603	0	0	2	0	0	0	4954	4956
TP1_synth_reverse		21	T	2612	126	143	84	384	177	734077	737603	0	0	2	0	1	0	4953	4956
TP1_synth_reverse		22	G	157	856	224	735936	3	128	299	737603	0	0	2	4954	0	0	0	4956
TP1_synth_reverse		23	C	955	736004	195	82	8	95	307	737646	0	4955	2	0	0	0	1	4958
TP1_synth_reverse		24	G	243	182	474	735985	1	72	689	737646	0	0	5	4952	0	0	1	4958
TP1_synth_reverse		25	G	251	544	180	735985	130	86	470	737646	0	0	2	4954	1	0	1	4958
TP1_synth_reverse		26	A	737041	20	186	145	4	120	130	737646	4956	0	2	0	0	0	0	4958
TP1_synth_reverse		27	G	98	219	183	735428	647	82	989	737646	0	0	2	4950	4	0	2	4958
TP1_synth_reverse		28	A	736992	114	317	82	3	49	89	737646	4955	0	3	0	0	0	0	4958
TP1_synth_reverse		29	T	955	92	330	74	1	6	736188	737646	0	0	3	0	0	0	4955	4958
TP1_synth_reverse		30	T	3439	120	358	18	0	75	733636	737646	0	0	3	0	0	0	4955	4958
TP1_synth_reverse		31	C	1013	735953	365	23	1	20	119	737494	1	4954	3	0	0	0	0	4958
TP1_synth_reverse		32	T	1238	86	423	47	0	59	735587	737440	0	0	4	0	0	0	4954	4958
TP1_synth_reverse		33	C	1066	735821	374	37	1	22	104	737425	0	4954	4	0	0	0	0	4958
TP1_synth_reverse		34	T	1607	135	238	88	5	22	735324	737419	0	0	2	0	0	0	4956	4958
TP1_synth_reverse		35	T	3886	107	336	72	984	45	731971	737401	0	1	3	0	5	0	4949	4958
TP1_synth_reverse		36	C	804	735049	1346	29	5	54	109	737396	0	4949	9	0	0	0	0	4958
TP1_synth_reverse		37	C	961	735391	601	71	4	34	524	737586	0	4951	5	0	0	0	4	4960
TP1_synth_reverse		38	T	1832	61	882	52	4	102	734629	737562	0	0	5	0	0	0	4955	4960
TP1_synth_reverse		39	C	533	736205	621	52	0	33	112	737556	0	4957	3	0	0	0	0	4960
TP1_synth_reverse		40	T	2015	93	1301	17	0	28	733999	737453	0	0	7	0	0	0	4951	4958
TP1_synth_reverse		41	G	253	1835	1164	732016	0	22	2448	737738	2	0	7	4952	0	0	0	4961
TP1_synth_reverse		42	T	3298	115	1241	30	9	113	733159	737965	0	0	10	0	0	0	4954	4964
TP1_synth_reverse		43	G	116	1692	1560	733337	2	84	1152	737943	0	0	13	4951	0	0	0	4964
TP1_synth_reverse		44	C	1748	733742	1182	93	640	119	818	738342	4	4947	7	1	2	0	5	4966
TP1_synth_reverse		45	G	205	503	691	733152	3	62	3706	738322	0	0	4	4962	0	0	0	4966
TP1_synth_reverse		46	C	1742	736055	1618	53	0	33	123	739624	0	4962	8	0	0	0	0	4970
TP1_synth_reverse		47	C	528	737982	1236	25	1	6	278	740056	0	4966	7	0	0	0	0	4973
TP1_synth_reverse		48	G	1014	1631	1725	731657	4	16	3113	739160	4	0	10	4959	0	0	0	4973
TP1_synth_reverse		49	A	736044	54	2131	57	0	61	153	738500	4961	0	12	0	0	0	0	4973
TP1_synth_reverse		50	T	3062	89	2714	23	5	24	732572	738489	0	0	12	0	0	0	4961	4973
TP1_synth_reverse		51	A	735567	57	2442	81	0	72	340	738559	4959	0	13	0	0	0	2	4974
TP1_synth_reverse		52	C	828	732200	5241	53	0	60	158	738540	0	4950	24	0	0	0	0	4974
TP1_synth_reverse		53	A	733852	36	4369	160	3	48	105	738573	4953	0	21	0	0	0	0	4974
TP1_synth_reverse		54	G	435	464	3970	733081	3	18	579	738550	1	0	14	4959	0	0	0	4974
TP1_synth_reverse		55	A	733981	190	4695	113	0	46	73	739098	4954	0	21	0	0	0	0	4975
TP1_synth_reverse		56	A	733873	19	4807	92	0	71	124	738986	4955	0	19	0	0	0	0	4974
TP1_synth_reverse		57	T	3916	51	4846	193	0	60	729887	738953	0	0	19	0	0	0	4955	4974
TP1_synth_reverse		58	A	734341	13	4784	71	2	50	123	739384	4954	0	21	0	0	0	0	4975
TP1_synth_reverse		59	T	2606	72	4254	115	0	13	732367	739427	0	0	19	0	0	0	4956	4975
TP1_synth_reverse		60	C	1814	733217	4226	106	0	47	102	739512	0	4956	21	0	0	0	0	4977
TP1_synth_reverse		61	T	1938	99	5414	786	1	20	731535	739793	0	0	23	2	0	0	4954	4979
TP1_synth_reverse		62	G	955	364	7152	730346	298	114	1516	740745	2	0	22	4952	1	0	4	4981
TP1_synth_reverse		63	T	5295	85	4858	42	3	21	730485	740789	0	0	18	0	0	0	4965	4983
TP1_synth_reverse		64	T	3007	68	3595	92	3	81	733319	740165	0	0	18	0	0	0	4966	4984
TP1_synth_reverse		65	C	800	736232	2833	67	0	114	171	740217	1	4970	14	0	0	0	0	4985
TP1_synth_reverse		66	G	631	473	2278	736372	3	61	926	740744	0	0	15	4972	0	0	0	4987
TP1_synth_reverse		67	C	1281	737768	1554	27	84	154	134	741002	0	4976	11	0	1	0	0	4988
TP1_synth_reverse		68	A	739191	861	610	147	3	139	112	741063	4984	2	3	0	0	0	0	4989
TP1_synth_reverse		69	C	416	739808	1697	39	1	85	232	742278	3	4989	6	0	0	0	1	4999
TP1_synth_reverse		70	T	1471	118	1503	235	0	34	738896	742257	0	0	7	0	0	0	4992	4999
TP1_synth_reverse		71	C	468	737211	4374	47	0	14	131	742245	0	4981	18	0	0	0	0	4999
TP1_synth_reverse		72	C	1345	739383	1165	76	1	58	202	742230	0	4994	5	0	0	0	0	4999
TP1_synth_reverse		73	G	520	369	2126	738228	506	208	232	742189	0	0	15	4981	3	0	0	4999
TP1_synth_reverse		74	A	740341	141	1356	142	1	97	20	742098	4990	0	7	0	0	0	0	4997
TP1_synth_reverse		75	G	230	362	1411	739143	265	21	641	742073	1	0	7	4987	1	0	1	4997
TP1_synth_reverse		76	T	4225	100	869	98	271	32	736456	742051	0	0	4	0	2	0	4991	4997
TP1_synth_reverse		77	G	396	428	682	738452	0	41	2021	742020	5	0	6	4981	0	0	5	4997
TP1_synth_reverse		78	C	658	738676	264	53	2	65	2295	742013	0	4985	7	0	0	0	5	4997
TP1_synth_reverse		79	G	353	1132	2263	737394	0	197	643	741982	1	0	9	4987	0	0	0	4997
TP1_synth_reverse		80	G	1073	317	93	739918	0	212	335	741948	1	0	2	4994	0	0	0	4997
TP1_synth_reverse		81	C	298	738120	1932	93	1131	170	173	741917	0	4986	8	0	3	0	0	4997
TP1_synth_reverse		82	A	736563	75	2033	151	0	78	118	739018	4984	0	12	0	0	0	0	4996
TP1_synth_reverse		83	A	738379	115	55	153	0	236	78	739016	4995	0	1	0	0	0	0	4996
TP1_synth_reverse		84	A	738520	71	0	259	1	75	39	738965	4996	0	0	0	0	0	0	4996
TP1_synth_reverse		85	G	283	354	88	737607	3	117	388	738840	2	0	3	4990	0	0	1	4996
TP1_synth_reverse		86	C	415	738158	7	43	2	53	96	738774	0	4996	0	0	0	0	0	4996
TP1_synth_reverse		87	T	1644	109	6	101	3	79	736721	738663	0	0	0	0	0	0	4996	4996
TP1_synth_reverse		88	G	244	504	1	736794	823	95	154	738615	0	0	0	4996	0	0	0	4996
TP1_synth_reverse		89	T	1265	98	611	69	0	242	736259	738544	0	0	3	0	0	0	4993	4996
TP1_synth_reverse		90	T	1384	107	0	63	1	156	736588	738299	0	0	0	0	0	0	4996	4996
TP1_synth_reverse		91	C	528	737430	0	73	1	30	129	738191	0	4996	0	0	0	0	0	4996
TP1_synth_reverse		92	C	544	736564	0	422	0	60	478	738068	1	4992	0	0	0	0	2	4995
TP1_synth_reverse		93	G	649	208	0	736048	0	111	146	737162	0	0	0	4995	0	0	0	4995
TP1_synth_reverse		94	T	1071	106	0	139	0	182	735522	737020	0	0	0	0	0	0	4995	4995
TP1_synth_reverse		95	C	0	736421	0	0	0	119	0	736540	0	4995	0	0	0	0	0	4995
TP1_synth_reverse		96	C	0	735261	0	0	0	62	0	735323	0	4995	0	0	0	0	0	4995
TP1_synth_reverse		97	C	0	734376	0	0	0	158	0	734534	0	4995	0	0	0	0	0	4995
TP1_synth_reverse		98	A	733225	0	0	0	0	0	0	733225	4992	0	0	0	0	0	0	4992
TP1_synth_reverse		99	G	0	0	0	732491	0	0	0	732491	0	0	0	4992	0	0	0	4992
