



























































































































































































































#AmpliconChromStart	Alias	Position	ProbableRef	rawA	rawC	rawD	rawG	rawI	rawN	rawT	rawDepth	consA	consC	consD	consG	consI	consN	consT	consDepth
TP1_synth_reverse		1	G	0	0	0	961581	0	0	0	961581	0	0	0	10027	0	0	0	10027
TP1_synth_reverse		2	T	0	0	0	0	0	0	963790	963790	0	0	0	0	0	0	10043	10043
TP1_synth_reverse		3	G	0	0	0	967071	0	106	0	967177	0	0	0	10063	0	0	0	10063
TP1_synth_reverse		4	G	0	0	0	968052	0	58	0	968110	0	0	0	10070	0	0	0	10070
TP1_synth_reverse		5	T	0	0	0	0	0	23	968442	968465	0	0	0	0	0	0	10072	10072
TP1_synth_reverse		6	G	573	86	0	969079	0	15	142	969895	1	0	0	10078	0	0	0	10079
TP1_synth_reverse		7	A	970018	33	0	113	0	68	139	970371	10083	0	0	0	0	0	0	10083
TP1_synth_reverse		8	G	107	70	0	971088	2	112	600	971979	0	0	0	10091	0	0	4	10095
TP1_synth_reverse		9	G	183	133	0	971396	250	38	271	972271	1	0	0	10094	1	0	1	10097
TP1_synth_reverse		10	C	259	971571	272	27	0	30	112	972271	0	10097	0	0	0	0	0	10097
TP1_synth_reverse		11	T	208	197	168	13	1578	35	970134	972333	0	0	5	0	12	0	10081	10098
TP1_synth_reverse		12	C	323	970033	1713	17	1	93	153	972333	0	10087	11	0	0	0	0	10098
TP1_synth_reverse		13	C	459	971334	8	33	1	106	392	972333	0	10098	0	0	0	0	0	10098
TP1_synth_reverse		14	C	418	971697	0	27	2	50	139	972333	0	10098	0	0	0	0	0	10098
TP1_synth_reverse		15	C	479	970973	170	42	41	74	554	972333	1	10090	4	0	1	0	2	10098
TP1_synth_reverse		16	T	378	85	1508	15	0	227	970132	972345	0	0	17	0	0	0	10081	10098
TP1_synth_reverse		17	T	380	147	526	8	0	68	971216	972345	0	1	5	0	0	0	10092	10098
TP1_synth_reverse		18	T	345	433	663	14	697	61	970132	972345	0	1	8	0	8	0	10081	10098
TP1_synth_reverse		19	C	697	969966	1119	19	467	74	415	972757	1	10080	13	0	4	0	1	10099
TP1_synth_reverse		20	T	248	520	1558	18	2	33	970378	972757	0	4	16	0	0	0	10079	10099
TP1_synth_reverse		21	T	567	289	498	1006	2703	132	967562	972757	0	1	7	10	24	0	10057	10099
TP1_synth_reverse		22	G	279	429	506	970463	746	26	308	972757	2	0	6	10082	9	0	0	10099
TP1_synth_reverse		23	C	607	959355	873	5519	5582	25	842	972803	0	9986	9	48	51	0	7	10101
TP1_synth_reverse		24	G	470	189	889	970358	5	66	826	972803	2	0	7	10090	0	0	2	10101
TP1_synth_reverse		25	G	145	691	687	969932	909	138	375	972877	0	0	7	10089	6	0	0	10102
TP1_synth_reverse		26	A	966244	28	2564	486	3384	56	147	972909	10058	0	19	6	20	0	0	10103
TP1_synth_reverse		27	G	239	819	1531	969931	113	21	255	972909	1	0	13	10088	1	0	0	10103
TP1_synth_reverse		28	A	968962	481	2754	261	276	52	123	972909	10080	2	17	1	3	0	0	10103
TP1_synth_reverse		29	T	334	101	3504	138	1	172	968659	972909	0	0	28	0	0	0	10075	10103
TP1_synth_reverse		30	T	1092	127	2112	52	352	139	969308	973182	0	0	17	0	3	0	10085	10105
TP1_synth_reverse		31	C	554	967632	2996	43	217	97	1612	973151	0	10074	23	0	1	0	7	10105
TP1_synth_reverse		32	T	605	348	2110	50	641	417	968794	972965	0	2	18	0	6	0	10079	10105
TP1_synth_reverse		33	C	495	969356	2802	46	7	125	123	972954	0	10079	26	0	0	0	0	10105
TP1_synth_reverse		34	T	812	143	2342	89	2	106	969423	972917	0	0	23	0	0	0	10081	10104
TP1_synth_reverse		35	T	1590	355	2856	401	510	91	967056	972859	0	3	23	1	5	0	10072	10104
TP1_synth_reverse		36	C	540	967481	4420	28	0	81	306	972856	0	10068	33	0	0	0	3	10104
TP1_synth_reverse		37	C	640	967687	3254	63	284	74	809	972811	1	10071	28	0	1	0	3	10104
TP1_synth_reverse		38	T	748	87	3303	263	221	46	968126	972794	0	0	29	0	1	0	10074	10104
TP1_synth_reverse		39	C	422	968007	3665	49	430	89	140	972802	0	10066	33	0	4	0	1	10104
TP1_synth_reverse		40	T	1575	503	3426	2676	2124	196	962358	972858	1	2	33	27	23	0	10018	10104
TP1_synth_reverse		41	G	568	817	2480	968071	147	36	720	972839	0	3	27	10067	2	0	5	10104
TP1_synth_reverse		42	T	2274	121	2753	390	2868	70	964647	973123	0	0	26	2	23	0	10054	10105
TP1_synth_reverse		43	G	944	521	2093	967659	800	439	885	973341	4	0	20	10074	7	0	2	10107
TP1_synth_reverse		44	C	554	960629	2934	4705	2503	194	1550	973069	0	10018	24	40	17	0	7	10106
TP1_synth_reverse		45	G	309	395	2517	967686	335	72	1732	973046	1	1	21	10078	3	0	2	10106
TP1_synth_reverse		46	C	878	968108	2962	342	0	18	278	972586	0	10073	30	2	0	0	1	10106
TP1_synth_reverse		47	C	389	962830	2301	4156	2478	39	395	972588	0	10042	20	28	15	0	1	10106
TP1_synth_reverse		48	G	284	886	2354	967802	19	47	1180	972572	1	1	20	10084	0	0	1	10107
TP1_synth_reverse		49	A	969358	45	2046	118	399	247	291	972504	10087	0	16	0	3	0	1	10107
TP1_synth_reverse		50	T	1117	81	2476	164	2	119	968529	972488	0	0	18	0	0	0	10089	10107
TP1_synth_reverse		51	A	969226	62	2015	132	517	136	419	972507	10088	0	15	0	4	0	1	10108
TP1_synth_reverse		52	C	641	968587	1886	146	320	308	612	972500	2	10084	14	0	3	0	5	10108
TP1_synth_reverse		53	A	966357	34	3100	2051	307	355	325	972529	10068	0	24	10	5	0	1	10108
TP1_synth_reverse		54	G	293	278	2344	968504	498	104	573	972594	1	0	17	10087	2	0	2	10109
TP1_synth_reverse		55	A	968917	401	2500	378	0	125	489	972810	10086	3	20	0	0	0	2	10111
TP1_synth_reverse		56	A	970319	64	1806	180	213	111	144	972837	10096	1	14	0	1	0	0	10112
TP1_synth_reverse		57	T	1946	69	1502	249	41	232	968682	972721	0	0	15	0	1	0	10096	10112
TP1_synth_reverse		58	A	970650	385	1131	106	0	338	140	972750	10098	3	12	0	0	0	0	10113
TP1_synth_reverse		59	T	998	1090	1728	379	0	421	967817	972433	0	11	14	4	0	0	10086	10115
TP1_synth_reverse		60	C	935	969343	1594	67	2	282	188	972411	0	10099	15	0	0	0	1	10115
TP1_synth_reverse		61	T	1270	103	1954	8657	1359	260	958700	972303	0	0	20	58	9	0	10028	10115
TP1_synth_reverse		62	G	899	300	1694	967330	25	351	1691	972290	4	0	14	10088	1	0	8	10115
TP1_synth_reverse		63	T	2237	91	1968	32	1	197	967748	972274	0	0	18	0	0	0	10097	10115
TP1_synth_reverse		64	T	2008	80	591	31	290	50	969206	972256	0	0	7	0	1	0	10107	10115
TP1_synth_reverse		65	C	1330	965383	855	3867	426	182	199	972242	1	10078	10	25	0	0	1	10115
TP1_synth_reverse		66	G	906	409	678	969393	104	78	385	971953	4	0	7	10103	1	0	0	10115
TP1_synth_reverse		67	C	946	969457	1150	51	0	218	162	971984	0	10106	9	0	0	0	1	10116
TP1_synth_reverse		68	A	969946	270	1216	161	0	100	98	971791	10106	0	10	0	0	0	0	10116
TP1_synth_reverse		69	C	336	969389	1271	61	33	85	510	971685	0	10100	13	0	0	0	4	10117
TP1_synth_reverse		70	T	1173	202	1333	291	20	124	968509	971652	0	1	14	2	1	0	10099	10117
TP1_synth_reverse		71	C	388	968349	2042	189	0	362	121	971451	0	10098	18	1	0	0	0	10117
TP1_synth_reverse		72	C	895	964231	773	4730	249	142	421	971441	0	10069	8	37	2	0	1	10117
TP1_synth_reverse		73	G	406	796	883	968272	258	376	438	971429	1	1	9	10105	1	0	0	10117
TP1_synth_reverse		74	A	963781	54	1138	6090	128	131	101	971423	10061	0	10	44	1	0	1	10117
TP1_synth_reverse		75	G	649	451	1383	968192	1	64	670	971410	3	0	8	10102	0	0	4	10117
TP1_synth_reverse		76	T	1025	132	1635	15273	572	58	952695	971390	0	0	13	115	7	0	9982	10117
TP1_synth_reverse		77	G	1068	489	965	968255	0	63	530	971370	4	1	8	10101	0	0	3	10117
TP1_synth_reverse		78	C	545	962163	1253	3086	535	502	3262	971346	0	10070	11	15	3	0	18	10117
TP1_synth_reverse		79	G	605	605	1898	967378	1	155	692	971334	4	0	17	10092	0	0	4	10117
TP1_synth_reverse		80	G	691	412	838	968596	35	149	586	971307	4	1	8	10102	0	0	2	10117
TP1_synth_reverse		81	C	627	967865	1842	82	620	86	168	971290	2	10100	13	0	2	0	0	10117
TP1_synth_reverse		82	A	968861	44	1624	159	0	86	143	970917	10107	0	10	0	0	0	0	10117
TP1_synth_reverse		83	A	969889	56	524	116	0	217	113	970915	10112	0	5	0	0	0	0	10117
TP1_synth_reverse		84	A	969654	64	18	817	1	264	66	970884	10113	0	0	4	0	0	0	10117
TP1_synth_reverse		85	G	174	423	326	969239	282	136	183	970763	0	0	1	10113	2	0	1	10117
TP1_synth_reverse		86	C	672	969630	13	29	5	94	268	970711	1	10114	0	0	0	0	2	10117
TP1_synth_reverse		87	T	1218	103	403	372	99	352	968084	970631	0	0	2	0	1	0	10114	10117
TP1_synth_reverse		88	G	216	485	339	969085	10	144	280	970559	0	0	2	10115	0	0	0	10117
TP1_synth_reverse		89	T	755	120	796	22	0	50	968475	970218	0	0	2	0	0	0	10115	10117
TP1_synth_reverse		90	T	688	129	2	22	0	83	969142	970066	0	0	0	0	0	0	10117	10117
TP1_synth_reverse		91	C	580	968259	0	216	0	333	236	969624	0	10115	0	1	0	0	1	10117
TP1_synth_reverse		92	C	468	967997	0	55	0	415	211	969146	0	10117	0	0	0	0	0	10117
TP1_synth_reverse		93	G	343	418	0	966903	0	155	389	968208	1	0	0	10113	0	0	1	10115
TP1_synth_reverse		94	T	558	136	0	54	0	71	966993	967812	0	0	0	0	0	0	10114	10114
TP1_synth_reverse		95	C	0	967010	0	0	0	195	0	967205	0	10114	0	0	0	0	0	10114
TP1_synth_reverse		96	C	0	966278	0	0	0	106	0	966384	0	10113	0	0	0	0	0	10113
TP1_synth_reverse		97	C	0	964038	0	0	0	170	0	964208	0	10113	0	0	0	0	0	10113
TP1_synth_reverse		98	A	961344	0	0	0	0	0	0	961344	10110	0	0	0	0	0	0	10110
TP1_synth_reverse		99	G	1	0	0	959743	0	0	0	959744	0	0	0	10109	0	0	0	10109
