



























































































































































































































#AmpliconChromStart	Alias	Position	ProbableRef	rawA	rawC	rawD	rawG	rawI	rawN	rawT	rawDepth	consA	consC	consD	consG	consI	consN	consT	consDepth	
TP1_synth_reverse		1	G	0	0	0	961581	0	0	0	961581	0	0	0	11866	0	0	0	11866
TP1_synth_reverse		2	T	0	0	0	0	0	0	963790	963790	0	0	0	0	0	0	11884	11884
TP1_synth_reverse		3	G	0	0	0	967071	0	106	0	967177	0	0	0	11909	0	0	0	11909
TP1_synth_reverse		4	G	0	0	0	968052	0	58	0	968110	0	0	0	11916	0	0	0	11916
TP1_synth_reverse		5	T	0	0	0	0	0	23	968442	968465	0	0	0	0	0	0	11919	11919
TP1_synth_reverse		6	G	573	86	0	969079	0	15	142	969895	1	0	0	11926	0	0	0	11927
TP1_synth_reverse		7	A	970018	33	0	113	0	68	139	970371	11932	0	0	0	0	0	0	11932
TP1_synth_reverse		8	G	107	70	0	971088	2	112	600	971979	0	0	0	11941	0	0	5	11946
TP1_synth_reverse		9	G	183	133	0	971396	250	38	271	972271	1	0	0	11947	1	0	1	11950
TP1_synth_reverse		10	C	259	971571	272	27	0	30	112	972271	0	11950	0	0	0	0	0	11950
TP1_synth_reverse		11	T	208	197	168	13	1578	35	970134	972333	0	0	5	0	15	0	11931	11951
TP1_synth_reverse		12	C	323	970033	1713	17	1	93	153	972333	0	11940	11	0	0	0	0	11951
TP1_synth_reverse		13	C	459	971334	8	33	1	106	392	972333	0	11950	0	0	0	0	1	11951
TP1_synth_reverse		14	C	418	971697	0	27	2	50	139	972333	0	11951	0	0	0	0	0	11951
TP1_synth_reverse		15	C	479	970973	170	42	41	74	554	972333	1	11943	4	0	1	0	2	11951
TP1_synth_reverse		16	T	378	85	1508	15	0	227	970132	972345	0	0	21	0	0	0	11930	11951
TP1_synth_reverse		17	T	380	147	526	8	0	68	971216	972345	0	1	5	0	0	0	11945	11951
TP1_synth_reverse		18	T	345	433	663	14	697	61	970132	972345	0	1	8	0	10	0	11932	11951
TP1_synth_reverse		19	C	697	969966	1119	19	467	74	415	972757	1	11930	14	0	5	0	2	11952
TP1_synth_reverse		20	T	248	520	1558	18	2	33	970378	972757	0	5	18	0	0	0	11929	11952
TP1_synth_reverse		21	T	567	289	498	1006	2703	132	967562	972757	0	1	7	13	29	0	11902	11952
TP1_synth_reverse		22	G	279	429	506	970463	746	26	308	972757	2	0	6	11933	11	0	0	11952
TP1_synth_reverse		23	C	607	959355	873	5519	5582	25	842	972803	0	11818	10	58	61	0	8	11955
TP1_synth_reverse		24	G	470	189	889	970358	5	66	826	972803	2	0	7	11944	0	0	2	11955
TP1_synth_reverse		25	G	145	691	687	969932	909	138	375	972877	1	0	7	11941	7	0	0	11956
TP1_synth_reverse		26	A	966244	28	2564	486	3384	56	147	972909	11907	0	21	6	23	0	0	11957
TP1_synth_reverse		27	G	239	819	1531	969931	113	21	255	972909	1	0	14	11941	1	0	0	11957
TP1_synth_reverse		28	A	968962	481	2754	261	276	52	123	972909	11933	2	18	1	3	0	0	11957
TP1_synth_reverse		29	T	334	101	3504	138	1	172	968659	972909	0	0	32	0	0	0	11925	11957
TP1_synth_reverse		30	T	1092	127	2112	52	352	139	969308	973182	0	0	19	0	4	0	11937	11960
TP1_synth_reverse		31	C	554	967632	2996	43	217	97	1612	973151	0	11925	25	0	1	0	8	11959
TP1_synth_reverse		32	T	605	348	2110	50	641	417	968794	972965	0	2	21	0	6	0	11930	11959
TP1_synth_reverse		33	C	495	969356	2802	46	7	125	123	972954	0	11930	29	0	0	0	0	11959
TP1_synth_reverse		34	T	812	143	2342	89	2	106	969423	972917	0	0	25	0	0	0	11933	11958
TP1_synth_reverse		35	T	1590	355	2856	401	510	91	967056	972859	0	4	25	1	6	0	11923	11959
TP1_synth_reverse		36	C	540	967481	4420	28	0	81	306	972856	0	11919	35	0	0	0	5	11959
TP1_synth_reverse		37	C	640	967687	3254	63	284	74	809	972811	1	11922	32	0	1	0	3	11959
TP1_synth_reverse		38	T	748	87	3303	263	221	46	968126	972794	0	0	33	0	1	0	11925	11959
TP1_synth_reverse		39	C	422	967994	3665	49	430	89	140	972789	0	11917	37	0	4	0	1	11959
TP1_synth_reverse		40	T	1575	503	3426	2676	2124	196	962345	972845	1	2	36	32	25	0	11862	11958
TP1_synth_reverse		41	G	568	817	2480	968058	147	36	720	972826	0	3	29	11918	2	0	6	11958
TP1_synth_reverse		42	T	2274	121	2753	390	2868	70	964634	973110	0	0	28	2	30	0	11899	11959
TP1_synth_reverse		43	G	944	521	2093	967646	800	439	885	973328	5	0	22	11925	7	0	2	11961
TP1_synth_reverse		44	C	554	960616	2934	4705	2503	194	1550	973056	1	11851	26	52	21	0	8	11959
TP1_synth_reverse		45	G	309	395	2517	967673	335	72	1732	973033	1	1	25	11923	6	0	3	11959
TP1_synth_reverse		46	C	877	968096	2962	342	0	18	278	972573	0	11919	36	2	0	0	2	11959
TP1_synth_reverse		47	C	389	962817	2301	4156	2478	39	395	972575	0	11887	22	34	16	0	1	11960
TP1_synth_reverse		48	G	284	885	2354	967790	19	47	1180	972559	2	1	24	11932	1	0	1	11961
TP1_synth_reverse		49	A	969345	45	2046	118	399	247	291	972491	11935	0	19	0	6	0	1	11961
TP1_synth_reverse		50	T	1116	81	2476	164	2	119	968517	972475	0	0	20	0	0	0	11941	11961
TP1_synth_reverse		51	A	969213	62	2015	132	517	136	419	972494	11940	0	17	0	4	0	1	11962
TP1_synth_reverse		52	C	640	968575	1886	146	320	308	612	972487	2	11935	16	0	4	0	5	11962
TP1_synth_reverse		53	A	966344	34	3100	2051	307	355	325	972516	11916	0	27	10	8	0	1	11962
TP1_synth_reverse		54	G	293	278	2344	968491	498	104	573	972581	2	0	20	11935	3	0	3	11963
TP1_synth_reverse		55	A	968904	401	2500	378	0	125	489	972797	11938	3	22	0	0	0	2	11965
TP1_synth_reverse		56	A	970306	64	1806	180	213	111	144	972824	11950	1	15	0	1	0	0	11967
TP1_synth_reverse		57	T	1946	69	1502	249	41	232	968669	972708	0	0	16	0	2	0	11948	11966
TP1_synth_reverse		58	A	970637	385	1131	106	0	338	140	972737	11952	3	12	0	0	0	0	11967
TP1_synth_reverse		59	T	998	1090	1728	379	0	421	967804	972420	0	13	15	4	0	0	11936	11968
TP1_synth_reverse		60	C	934	969331	1594	67	2	282	188	972398	0	11950	17	0	0	0	1	11968
TP1_synth_reverse		61	T	1270	103	1954	8657	1359	260	958687	972290	0	0	21	70	10	0	11867	11968
TP1_synth_reverse		62	G	899	300	1694	967318	25	351	1690	972277	4	0	16	11937	1	0	10	11968
TP1_synth_reverse		63	T	2237	91	1968	32	1	197	967757	972283	0	0	22	0	0	0	11947	11969
TP1_synth_reverse		64	T	2007	80	591	31	290	50	969216	972265	0	0	8	0	1	0	11960	11969
TP1_synth_reverse		65	C	1329	965393	855	3867	426	182	199	972251	1	11927	11	28	1	0	1	11969
TP1_synth_reverse		66	G	905	409	678	969403	104	78	385	971962	4	0	8	11956	1	0	0	11969
TP1_synth_reverse		67	C	944	969468	1150	51	0	218	162	971993	0	11958	12	0	0	0	1	11971
TP1_synth_reverse		68	A	969955	270	1216	161	0	100	98	971800	11958	0	13	0	0	0	0	11971
TP1_synth_reverse		69	C	336	969398	1271	61	33	85	510	971694	0	11951	16	0	0	0	4	11971
TP1_synth_reverse		70	T	1174	202	1333	291	20	124	968517	971661	0	1	18	3	1	0	11948	11971
TP1_synth_reverse		71	C	388	968358	2042	189	0	362	121	971460	0	11949	21	1	0	0	0	11971
TP1_synth_reverse		72	C	895	964240	773	4730	249	142	421	971450	0	11915	11	41	2	0	2	11971
TP1_synth_reverse		73	G	406	796	883	968282	258	376	437	971438	2	1	14	11953	1	0	0	11971
TP1_synth_reverse		74	A	963790	54	1138	6090	128	131	101	971432	11905	0	14	50	1	0	1	11971
TP1_synth_reverse		75	G	649	452	1383	968200	1	64	670	971419	3	0	9	11955	0	0	4	11971
TP1_synth_reverse		76	T	1025	132	1635	15273	572	58	952704	971399	0	0	15	130	8	0	11818	11971
TP1_synth_reverse		77	G	1068	489	965	968264	0	63	530	971379	4	1	8	11955	0	0	3	11971
TP1_synth_reverse		78	C	545	962172	1253	3086	535	502	3262	971355	0	11919	13	16	3	0	20	11971
TP1_synth_reverse		79	G	605	604	1898	967388	1	155	692	971343	4	0	19	11942	0	0	6	11971
TP1_synth_reverse		80	G	691	412	838	968605	35	149	586	971316	4	2	8	11953	2	0	2	11971
TP1_synth_reverse		81	C	627	967874	1842	82	620	86	168	971299	2	11954	13	0	2	0	0	11971
TP1_synth_reverse		82	A	968870	44	1624	159	0	86	143	970926	11961	0	10	0	0	0	0	11971
TP1_synth_reverse		83	A	969898	56	524	116	0	217	113	970924	11966	0	5	0	0	0	0	11971
TP1_synth_reverse		84	A	969663	64	18	817	1	264	66	970893	11965	0	0	6	0	0	0	11971
TP1_synth_reverse		85	G	174	423	326	969248	282	136	183	970772	0	0	2	11966	2	0	1	11971
TP1_synth_reverse		86	C	672	969639	13	29	5	94	268	970720	1	11967	1	0	0	0	2	11971
TP1_synth_reverse		87	T	1218	103	403	372	99	352	968093	970640	0	0	3	0	1	0	11967	11971
TP1_synth_reverse		88	G	217	485	339	969093	10	144	280	970568	0	0	2	11969	0	0	0	11971
TP1_synth_reverse		89	T	754	120	796	22	0	50	968485	970227	0	0	3	0	0	0	11966	11969
TP1_synth_reverse		90	T	688	129	2	23	0	83	969150	970075	0	0	0	0	0	0	11968	11968
TP1_synth_reverse		91	C	580	968268	0	216	0	333	236	969633	0	11966	0	1	0	0	1	11968
TP1_synth_reverse		92	C	468	968006	0	55	0	415	211	969155	0	11968	0	0	0	0	0	11968
TP1_synth_reverse		93	G	343	418	0	966912	0	155	389	968217	1	0	0	11963	0	0	1	11965
TP1_synth_reverse		94	T	559	136	0	54	0	71	967001	967821	0	0	0	0	0	0	11963	11963
TP1_synth_reverse		95	C	0	967019	0	0	0	195	0	967214	0	11962	0	0	0	0	0	11962
TP1_synth_reverse		96	C	0	966287	0	0	0	106	0	966393	0	11960	0	0	0	0	0	11960
TP1_synth_reverse		97	C	0	964047	0	0	0	170	0	964217	0	11958	0	0	0	0	0	11958
TP1_synth_reverse		98	A	961353	0	0	0	0	0	0	961353	11953	0	0	0	0	0	0	11953
TP1_synth_reverse		99	G	1	0	0	959752	0	0	0	959753	0	0	0	11951	0	0	0	11951
