



























































































































































































































#AmpliconChromStart	Alias	Position	ProbableRef	rawA	rawC	rawD	rawG	rawI	rawN	rawT	rawDepth	consA	consC	consD	consG	consI	consN	consT	consDepth	
TP1_synth_reverse		1	G	0	0	0	961581	0	0	0	961581	0	0	0	6096	0	0	0	6096
TP1_synth_reverse		2	T	0	0	0	0	0	0	963790	963790	0	0	0	0	0	0	6109	6109
TP1_synth_reverse		3	G	0	0	0	967071	0	106	0	967177	0	0	0	6126	0	0	0	6126
TP1_synth_reverse		4	G	0	0	0	968052	0	58	0	968110	0	0	0	6131	0	0	0	6131
TP1_synth_reverse		5	T	0	0	0	0	0	23	968442	968465	0	0	0	0	0	0	6132	6132
TP1_synth_reverse		6	G	573	86	0	969079	0	15	142	969895	1	0	0	6136	0	0	0	6137
TP1_synth_reverse		7	A	970018	33	0	113	0	68	139	970371	6140	0	0	0	0	0	0	6140
TP1_synth_reverse		8	G	107	70	0	971088	2	112	600	971979	0	0	0	6147	0	0	3	6150
TP1_synth_reverse		9	G	183	133	0	971396	250	38	271	972271	1	0	0	6148	1	0	1	6151
TP1_synth_reverse		10	C	259	971571	272	27	0	30	112	972271	0	6151	0	0	0	0	0	6151
TP1_synth_reverse		11	T	208	197	168	13	1578	35	970134	972333	0	0	3	0	9	0	6140	6152
TP1_synth_reverse		12	C	323	970033	1713	17	1	93	153	972333	0	6143	9	0	0	0	0	6152
TP1_synth_reverse		13	C	459	971334	8	33	1	106	392	972333	0	6152	0	0	0	0	0	6152
TP1_synth_reverse		14	C	418	971697	0	27	2	50	139	972333	0	6152	0	0	0	0	0	6152
TP1_synth_reverse		15	C	479	970973	170	42	41	74	554	972333	1	6147	2	0	0	0	2	6152
TP1_synth_reverse		16	T	378	85	1508	15	0	227	970132	972345	0	0	10	0	0	0	6142	6152
TP1_synth_reverse		17	T	380	147	526	8	0	68	971216	972345	0	0	4	0	0	0	6148	6152
TP1_synth_reverse		18	T	345	433	663	14	697	61	970132	972345	0	1	7	0	4	0	6140	6152
TP1_synth_reverse		19	C	697	969966	1119	19	467	74	415	972757	1	6139	10	0	2	0	1	6153
TP1_synth_reverse		20	T	248	520	1558	18	2	33	970378	972757	0	4	9	0	0	0	6140	6153
TP1_synth_reverse		21	T	567	289	498	1006	2703	132	967562	972757	0	1	4	6	19	0	6123	6153
TP1_synth_reverse		22	G	279	429	506	970463	746	26	308	972757	1	0	3	6143	6	0	0	6153
TP1_synth_reverse		23	C	607	959355	873	5519	5582	25	842	972803	0	6084	6	25	33	0	5	6153
TP1_synth_reverse		24	G	470	189	889	970358	5	66	826	972803	1	0	4	6147	0	0	1	6153
TP1_synth_reverse		25	G	145	691	687	969932	909	138	375	972877	0	0	4	6147	3	0	0	6154
TP1_synth_reverse		26	A	966244	28	2564	486	3384	56	147	972909	6123	0	15	2	14	0	0	6154
TP1_synth_reverse		27	G	239	819	1531	969931	113	21	255	972909	1	0	9	6143	1	0	0	6154
TP1_synth_reverse		28	A	968962	481	2754	261	276	52	123	972909	6136	2	12	1	3	0	0	6154
TP1_synth_reverse		29	T	334	101	3504	138	1	172	968659	972909	0	0	19	0	0	0	6135	6154
TP1_synth_reverse		30	T	1092	127	2112	52	352	139	969308	973182	0	0	11	0	2	0	6143	6156
TP1_synth_reverse		31	C	554	967632	2996	43	217	97	1612	973151	0	6132	17	0	1	0	6	6156
TP1_synth_reverse		32	T	605	348	2110	50	641	417	968794	972965	0	2	12	0	5	0	6137	6156
TP1_synth_reverse		33	C	495	969356	2802	46	7	125	123	972954	0	6138	18	0	0	0	0	6156
TP1_synth_reverse		34	T	812	143	2342	89	2	106	969423	972917	0	0	14	0	0	0	6142	6156
TP1_synth_reverse		35	T	1590	355	2856	401	510	91	967056	972859	0	1	17	1	2	0	6135	6156
TP1_synth_reverse		36	C	540	967481	4420	28	0	81	306	972856	0	6128	26	0	0	0	2	6156
TP1_synth_reverse		37	C	640	967687	3254	63	284	74	809	972811	0	6133	19	0	1	0	3	6156
TP1_synth_reverse		38	T	748	87	3303	263	221	46	968126	972794	0	0	20	0	1	0	6135	6156
TP1_synth_reverse		39	C	422	967994	3665	49	430	89	140	972789	0	6133	21	0	2	0	0	6156
TP1_synth_reverse		40	T	1575	503	3426	2676	2124	196	962345	972845	1	2	18	20	14	0	6102	6157
TP1_synth_reverse		41	G	568	817	2480	968058	147	36	720	972826	0	1	15	6136	1	0	4	6157
TP1_synth_reverse		42	T	2274	121	2753	390	2868	70	964634	973110	0	0	17	2	18	0	6121	6158
TP1_synth_reverse		43	G	944	521	2093	967646	800	439	885	973328	4	0	14	6135	5	0	2	6160
TP1_synth_reverse		44	C	554	960616	2934	4705	2503	194	1550	973056	1	6097	17	25	14	0	6	6160
TP1_synth_reverse		45	G	309	395	2517	967673	335	72	1732	973033	1	0	17	6138	3	0	1	6160
TP1_synth_reverse		46	C	877	968096	2962	342	0	18	278	972573	0	6136	21	2	0	0	1	6160
TP1_synth_reverse		47	C	389	962817	2301	4156	2478	39	395	972575	0	6108	15	24	12	0	1	6160
TP1_synth_reverse		48	G	284	885	2354	967790	19	47	1180	972559	1	0	15	6144	0	0	0	6160
TP1_synth_reverse		49	A	969345	45	2046	118	399	247	291	972491	6143	0	13	0	3	0	1	6160
TP1_synth_reverse		50	T	1116	81	2476	164	2	119	968517	972475	0	0	15	0	0	0	6145	6160
TP1_synth_reverse		51	A	969213	62	2015	132	517	136	419	972494	6142	0	13	0	4	0	1	6160
TP1_synth_reverse		52	C	640	968575	1886	146	320	308	612	972487	0	6141	13	0	2	0	4	6160
TP1_synth_reverse		53	A	966344	34	3100	2051	307	355	325	972516	6130	0	21	8	1	0	1	6161
TP1_synth_reverse		54	G	293	278	2344	968491	498	104	573	972581	1	0	15	6143	2	0	1	6162
TP1_synth_reverse		55	A	968904	401	2500	378	0	125	489	972797	6142	3	18	0	0	0	1	6164
TP1_synth_reverse		56	A	970306	64	1806	180	213	111	144	972824	6150	1	12	0	1	0	0	6164
TP1_synth_reverse		57	T	1946	69	1502	249	41	232	968669	972708	0	0	13	0	0	0	6151	6164
TP1_synth_reverse		58	A	970637	385	1131	106	0	338	140	972737	6153	2	10	0	0	0	0	6165
TP1_synth_reverse		59	T	998	1090	1728	379	0	421	967804	972420	0	7	13	3	0	0	6144	6167
TP1_synth_reverse		60	C	934	969331	1594	67	2	282	188	972398	0	6155	11	0	0	0	1	6167
TP1_synth_reverse		61	T	1270	103	1954	8657	1359	260	958687	972290	0	0	15	49	5	0	6098	6167
TP1_synth_reverse		62	G	899	300	1694	967318	25	351	1690	972277	2	0	12	6148	0	0	5	6167
TP1_synth_reverse		63	T	2237	91	1968	32	1	197	967757	972283	0	0	14	0	0	0	6153	6167
TP1_synth_reverse		64	T	2007	80	591	31	290	50	969216	972265	0	0	5	0	1	0	6161	6167
TP1_synth_reverse		65	C	1329	965393	855	3867	426	182	199	972251	0	6141	6	20	0	0	0	6167
TP1_synth_reverse		66	G	905	409	678	969403	104	78	385	971962	3	0	3	6160	1	0	0	6167
TP1_synth_reverse		67	C	944	969468	1150	51	0	218	162	971993	0	6162	4	0	0	0	1	6167
TP1_synth_reverse		68	A	969955	270	1216	161	0	100	98	971800	6162	0	5	0	0	0	0	6167
TP1_synth_reverse		69	C	336	969398	1271	61	33	85	510	971694	0	6157	7	0	0	0	3	6167
TP1_synth_reverse		70	T	1174	202	1333	291	20	124	968517	971661	0	0	8	2	0	0	6157	6167
TP1_synth_reverse		71	C	388	968358	2042	189	0	362	121	971460	0	6155	11	1	0	0	0	6167
TP1_synth_reverse		72	C	895	964240	773	4730	249	142	421	971450	0	6130	5	29	2	0	1	6167
TP1_synth_reverse		73	G	406	796	883	968282	258	376	437	971438	1	1	6	6158	1	0	0	6167
TP1_synth_reverse		74	A	963790	54	1138	6090	128	131	101	971432	6127	0	6	32	1	0	1	6167
TP1_synth_reverse		75	G	649	452	1383	968200	1	64	670	971419	3	0	6	6155	0	0	3	6167
TP1_synth_reverse		76	T	1025	132	1635	15273	572	58	952704	971399	0	0	10	80	5	0	6072	6167
TP1_synth_reverse		77	G	1068	489	965	968264	0	63	530	971379	4	0	5	6156	0	0	2	6167
TP1_synth_reverse		78	C	545	962172	1253	3086	535	502	3262	971355	0	6130	7	14	3	0	13	6167
TP1_synth_reverse		79	G	605	604	1898	967388	1	155	692	971343	2	0	10	6153	0	0	2	6167
TP1_synth_reverse		80	G	691	412	838	968605	35	149	586	971316	4	1	6	6154	0	0	2	6167
TP1_synth_reverse		81	C	627	967874	1842	82	620	86	168	971299	2	6152	11	0	2	0	0	6167
TP1_synth_reverse		82	A	968870	44	1624	159	0	86	143	970926	6159	0	8	0	0	0	0	6167
TP1_synth_reverse		83	A	969898	56	524	116	0	217	113	970924	6164	0	3	0	0	0	0	6167
TP1_synth_reverse		84	A	969663	64	18	817	1	264	66	970893	6164	0	0	3	0	0	0	6167
TP1_synth_reverse		85	G	174	423	326	969248	282	136	183	970772	0	0	1	6165	1	0	0	6167
TP1_synth_reverse		86	C	672	969639	13	29	5	94	268	970720	1	6164	0	0	0	0	2	6167
TP1_synth_reverse		87	T	1218	103	403	372	99	352	968093	970640	0	0	2	0	1	0	6164	6167
TP1_synth_reverse		88	G	217	485	339	969093	10	144	280	970568	0	0	2	6165	0	0	0	6167
TP1_synth_reverse		89	T	754	120	796	22	0	50	968485	970227	0	0	2	0	0	0	6165	6167
TP1_synth_reverse		90	T	688	129	2	23	0	83	969150	970075	0	0	0	0	0	0	6167	6167
TP1_synth_reverse		91	C	580	968268	0	216	0	333	236	969633	0	6166	0	1	0	0	0	6167
TP1_synth_reverse		92	C	468	968006	0	55	0	415	211	969155	0	6167	0	0	0	0	0	6167
TP1_synth_reverse		93	G	343	418	0	966912	0	155	389	968217	1	0	0	6165	0	0	1	6167
TP1_synth_reverse		94	T	559	136	0	54	0	71	967001	967821	0	0	0	0	0	0	6167	6167
TP1_synth_reverse		95	C	0	967019	0	0	0	195	0	967214	0	6167	0	0	0	0	0	6167
TP1_synth_reverse		96	C	0	966287	0	0	0	106	0	966393	0	6167	0	0	0	0	0	6167
TP1_synth_reverse		97	C	0	964047	0	0	0	170	0	964217	0	6167	0	0	0	0	0	6167
TP1_synth_reverse		98	A	961353	0	0	0	0	0	0	961353	6167	0	0	0	0	0	0	6167
TP1_synth_reverse		99	G	1	0	0	959752	0	0	0	959753	0	0	0	6167	0	0	0	6167
