



























































































































































































































#AmpliconChromStart	Alias	Position	ProbableRef	rawA	rawC	rawD	rawG	rawI	rawN	rawT	rawDepth	consA	consC	consD	consG	consI	consN	consT	consDepth	
TP1_synth_reverse		1	G	0	0	0	961581	0	0	0	961581	0	0	0	23587	0	0	0	23587
TP1_synth_reverse		2	T	0	0	0	0	0	0	963790	963790	0	0	0	0	0	0	23643	23643
TP1_synth_reverse		3	G	0	0	0	967071	0	106	0	967177	0	0	0	23725	0	1	0	23726
TP1_synth_reverse		4	G	0	0	0	968052	0	58	0	968110	0	0	0	23752	0	0	0	23752
TP1_synth_reverse		5	T	0	0	0	0	0	23	968442	968465	0	0	0	0	0	1	23764	23765
TP1_synth_reverse		6	G	573	86	0	969079	0	15	142	969895	1	0	0	23791	0	0	2	23794
TP1_synth_reverse		7	A	970018	33	0	113	0	68	139	970371	23800	0	0	0	0	0	0	23800
TP1_synth_reverse		8	G	107	70	0	971088	2	112	600	971979	1	0	0	23814	0	1	5	23821
TP1_synth_reverse		9	G	183	133	0	971396	250	38	271	972271	1	0	0	23823	1	0	2	23827
TP1_synth_reverse		10	C	259	971571	272	27	0	30	112	972271	0	23827	0	0	0	0	0	23827
TP1_synth_reverse		11	T	208	197	168	13	1578	35	970134	972333	0	1	6	0	25	0	23797	23829
TP1_synth_reverse		12	C	323	970033	1713	17	1	93	153	972333	0	23801	28	0	0	0	0	23829
TP1_synth_reverse		13	C	459	971334	8	33	1	106	392	972333	0	23826	1	0	0	1	1	23829
TP1_synth_reverse		14	C	418	971697	0	27	2	50	139	972333	0	23829	0	0	0	0	0	23829
TP1_synth_reverse		15	C	479	970973	170	42	41	74	554	972333	1	23813	5	0	5	0	5	23829
TP1_synth_reverse		16	T	378	85	1508	15	0	227	970132	972345	0	0	43	0	0	1	23786	23830
TP1_synth_reverse		17	T	380	147	526	8	0	68	971216	972345	0	5	8	0	0	0	23817	23830
TP1_synth_reverse		18	T	345	433	663	14	697	61	970132	972345	0	4	13	0	23	0	23790	23830
TP1_synth_reverse		19	C	697	969966	1119	19	467	74	415	972757	2	23778	31	0	14	0	6	23831
TP1_synth_reverse		20	T	248	520	1558	18	2	33	970378	972757	0	8	42	0	0	0	23781	23831
TP1_synth_reverse		21	T	567	289	498	1006	2703	132	967562	972757	0	2	14	36	64	0	23715	23831
TP1_synth_reverse		22	G	279	429	506	970463	746	26	308	972757	5	0	16	23787	23	0	0	23831
TP1_synth_reverse		23	C	607	959355	873	5519	5582	25	842	972803	0	23556	22	120	124	0	12	23834
TP1_synth_reverse		24	G	470	189	889	970358	5	66	826	972803	4	0	21	23804	0	0	5	23834
TP1_synth_reverse		25	G	145	691	687	969932	909	138	375	972877	1	0	18	23799	15	2	1	23836
TP1_synth_reverse		26	A	966244	28	2564	486	3384	56	147	972909	23744	0	41	12	40	0	0	23837
TP1_synth_reverse		27	G	239	819	1531	969931	113	21	255	972909	3	0	22	23808	4	0	0	23837
TP1_synth_reverse		28	A	968962	481	2754	261	276	52	123	972909	23793	4	33	3	4	0	0	23837
TP1_synth_reverse		29	T	334	101	3504	138	1	172	968659	972909	0	0	59	0	0	1	23777	23837
TP1_synth_reverse		30	T	1092	127	2112	52	352	139	969308	973182	1	0	32	0	6	2	23799	23840
TP1_synth_reverse		31	C	554	967632	2996	43	217	97	1612	973151	0	23777	46	0	2	0	14	23839
TP1_synth_reverse		32	T	605	348	2110	50	641	417	968794	972965	0	3	39	0	8	3	23785	23838
TP1_synth_reverse		33	C	495	969356	2802	46	7	125	123	972954	1	23776	55	0	1	1	4	23838
TP1_synth_reverse		34	T	812	143	2342	89	2	106	969423	972917	0	0	49	0	0	0	23787	23836
TP1_synth_reverse		35	T	1590	355	2856	401	510	91	967056	972859	3	6	50	4	7	0	23767	23837
TP1_synth_reverse		36	C	540	967481	4420	28	0	81	306	972856	0	23754	74	0	0	0	9	23837
TP1_synth_reverse		37	C	640	967687	3254	63	284	74	809	972811	1	23759	65	0	3	0	6	23834
TP1_synth_reverse		38	T	748	87	3303	263	221	46	968126	972794	1	0	78	0	1	1	23753	23834
TP1_synth_reverse		39	C	422	968007	3665	49	430	89	140	972802	0	23747	80	0	6	0	3	23836
TP1_synth_reverse		40	T	1575	503	3426	2676	2124	196	962358	972858	2	4	77	73	42	3	23635	23836
TP1_synth_reverse		41	G	568	817	2480	968066	147	36	720	972834	3	7	66	23740	3	1	14	23834
TP1_synth_reverse		42	T	2274	121	2753	390	2868	70	964642	973118	3	0	64	6	51	1	23712	23837
TP1_synth_reverse		43	G	944	521	2093	967654	800	439	885	973336	6	0	50	23765	14	4	4	23843
TP1_synth_reverse		44	C	554	960624	2934	4705	2503	194	1550	973064	1	23591	61	102	53	2	24	23834
TP1_synth_reverse		45	G	309	395	2517	967681	335	72	1732	973041	3	5	56	23753	8	1	7	23833
TP1_synth_reverse		46	C	878	968103	2962	342	0	18	278	972581	1	23751	74	2	0	0	4	23832
TP1_synth_reverse		47	C	389	962825	2301	4156	2478	39	395	972583	0	23660	47	81	41	0	3	23832
TP1_synth_reverse		48	G	284	886	2354	967797	19	47	1180	972567	3	6	52	23768	1	0	4	23834
TP1_synth_reverse		49	A	969353	45	2046	118	399	247	291	972499	23787	0	40	0	11	2	2	23842
TP1_synth_reverse		50	T	1116	81	2476	164	2	119	968525	972483	3	0	39	0	0	0	23800	23842
TP1_synth_reverse		51	A	969221	62	2015	132	517	136	419	972502	23801	0	33	1	6	1	1	23843
TP1_synth_reverse		52	C	641	968582	1886	146	320	308	612	972495	2	23795	30	0	6	3	7	23843
TP1_synth_reverse		53	A	966352	34	3100	2051	307	355	325	972524	23745	0	48	27	16	3	2	23841
TP1_synth_reverse		54	G	293	278	2344	968499	498	104	573	972589	3	0	38	23787	8	2	4	23842
TP1_synth_reverse		55	A	968912	401	2500	378	0	125	489	972805	23797	3	39	0	0	2	3	23844
TP1_synth_reverse		56	A	970314	64	1806	180	213	111	144	972832	23809	1	35	0	1	1	0	23847
TP1_synth_reverse		57	T	1945	69	1502	249	41	232	968678	972716	1	0	41	0	5	4	23792	23843
TP1_synth_reverse		58	A	970645	385	1131	106	0	338	140	972745	23799	5	35	0	0	5	0	23844
TP1_synth_reverse		59	T	998	1090	1728	379	0	421	967812	972428	0	25	45	4	0	1	23768	23843
TP1_synth_reverse		60	C	935	969338	1594	67	2	282	188	972406	0	23793	44	0	0	4	1	23842
TP1_synth_reverse		61	T	1270	103	1954	8657	1359	260	958695	972298	2	0	51	138	15	7	23629	23842
TP1_synth_reverse		62	G	899	300	1694	967325	25	351	1691	972285	15	0	46	23746	1	4	30	23842
TP1_synth_reverse		63	T	2237	91	1968	32	1	197	967765	972291	2	2	56	1	0	0	23782	23843
TP1_synth_reverse		64	T	2007	80	591	31	290	50	969224	972273	2	1	23	0	2	1	23814	23843
TP1_synth_reverse		65	C	1330	965400	855	3867	426	182	199	972259	4	23740	32	55	10	1	1	23843
TP1_synth_reverse		66	G	906	409	678	969410	104	78	385	971970	5	0	24	23813	1	0	0	23843
TP1_synth_reverse		67	C	946	969474	1150	51	0	218	162	972001	0	23807	35	0	0	1	3	23846
TP1_synth_reverse		68	A	969963	270	1216	161	0	100	98	971808	23807	0	37	0	0	1	0	23845
TP1_synth_reverse		69	C	336	969406	1271	61	33	85	510	971702	0	23802	35	0	2	0	6	23845
TP1_synth_reverse		70	T	1173	202	1333	291	20	124	968526	971669	1	2	33	3	2	0	23804	23845
TP1_synth_reverse		71	C	388	968366	2042	189	0	362	121	971468	0	23796	42	3	0	3	1	23845
TP1_synth_reverse		72	C	895	964248	773	4730	249	142	421	971458	0	23718	23	94	4	3	3	23845
TP1_synth_reverse		73	G	406	796	883	968289	258	376	438	971446	5	1	32	23799	5	3	0	23845
TP1_synth_reverse		74	A	963798	54	1138	6090	128	131	101	971440	23711	0	31	98	3	0	2	23845
TP1_synth_reverse		75	G	649	452	1383	968208	1	64	670	971427	11	0	25	23794	0	1	14	23845
TP1_synth_reverse		76	T	1025	132	1635	15273	572	58	952712	971407	1	1	35	251	15	1	23541	23845
TP1_synth_reverse		77	G	1068	489	965	968272	0	63	530	971387	16	2	18	23805	0	0	4	23845
TP1_synth_reverse		78	C	545	962180	1253	3086	535	502	3262	971363	0	23738	25	35	5	5	37	23845
TP1_synth_reverse		79	G	605	605	1898	967395	1	155	692	971351	6	0	29	23798	0	3	9	23845
TP1_synth_reverse		80	G	691	411	838	968614	35	149	586	971324	9	3	14	23815	2	0	2	23845
TP1_synth_reverse		81	C	627	967882	1842	82	620	86	168	971307	4	23806	29	0	6	0	0	23845
TP1_synth_reverse		82	A	968878	44	1624	159	0	86	143	970934	23812	0	24	0	0	1	0	23837
TP1_synth_reverse		83	A	969906	56	524	116	0	217	113	970932	23826	0	9	0	0	2	0	23837
TP1_synth_reverse		84	A	969671	64	18	817	1	264	66	970901	23821	0	1	14	0	1	0	23837
TP1_synth_reverse		85	G	174	423	326	969256	282	136	183	970780	0	1	4	23826	5	0	1	23837
TP1_synth_reverse		86	C	672	969647	13	29	5	94	268	970728	2	23830	1	2	0	0	2	23837
TP1_synth_reverse		87	T	1217	103	403	372	99	352	968102	970648	1	0	3	0	1	2	23829	23836
TP1_synth_reverse		88	G	217	485	339	969102	10	144	280	970577	1	0	4	23830	0	1	0	23836
TP1_synth_reverse		89	T	755	120	796	22	0	50	968493	970236	0	0	7	0	0	0	23827	23834
TP1_synth_reverse		90	T	688	129	2	23	0	83	969159	970084	0	0	1	0	0	0	23832	23833
TP1_synth_reverse		91	C	580	968277	0	216	0	333	236	969642	0	23827	0	3	0	2	1	23833
TP1_synth_reverse		92	C	468	968015	0	55	0	415	211	969164	0	23826	0	1	0	2	0	23829
TP1_synth_reverse		93	G	343	418	0	966921	0	155	389	968226	3	0	0	23813	0	3	1	23820
TP1_synth_reverse		94	T	559	136	0	54	0	71	967010	967830	0	0	0	2	0	1	23812	23815
TP1_synth_reverse		95	C	0	967028	0	0	0	195	0	967223	0	23809	0	0	0	1	0	23810
TP1_synth_reverse		96	C	0	966296	0	0	0	106	0	966402	0	23804	0	0	0	3	0	23807
TP1_synth_reverse		97	C	0	964056	0	0	0	170	0	964226	0	23792	0	0	0	0	0	23792
TP1_synth_reverse		98	A	961362	0	0	0	0	0	0	961362	23766	0	0	0	0	0	0	23766
TP1_synth_reverse		99	G	1	0	0	959761	0	0	0	959762	0	0	0	23751	0	0	0	23751
