



























































































































































































































#AmpliconChromStart	Alias	Position	ProbableRef	rawA	rawC	rawD	rawG	rawI	rawN	rawT	rawDepth	consA	consC	consD	consG	consI	consN	consT	consDepth	
TP1_synth_reverse		1	G	0	0	0	961581	0	0	0	961581	0	0	0	12751	0	0	0	12751
TP1_synth_reverse		2	T	0	0	0	0	0	0	963790	963790	0	0	0	0	0	0	12770	12770
TP1_synth_reverse		3	G	0	0	0	967071	0	106	0	967177	0	0	0	12796	0	0	0	12796
TP1_synth_reverse		4	G	0	0	0	968052	0	58	0	968110	0	0	0	12805	0	0	0	12805
TP1_synth_reverse		5	T	0	0	0	0	0	23	968442	968465	0	0	0	0	0	0	12808	12808
TP1_synth_reverse		6	G	573	86	0	969079	0	15	142	969895	1	0	0	12816	0	0	0	12817
TP1_synth_reverse		7	A	970018	33	0	113	0	68	139	970371	12822	0	0	0	0	0	0	12822
TP1_synth_reverse		8	G	107	70	0	971088	2	112	600	971979	0	0	0	12831	0	0	5	12836
TP1_synth_reverse		9	G	183	133	0	971396	250	38	271	972271	1	0	0	12837	1	0	1	12840
TP1_synth_reverse		10	C	259	971571	272	27	0	30	112	972271	0	12840	0	0	0	0	0	12840
TP1_synth_reverse		11	T	208	197	168	13	1578	35	970134	972333	0	0	5	0	16	0	12820	12841
TP1_synth_reverse		12	C	323	970033	1713	17	1	93	153	972333	0	12828	13	0	0	0	0	12841
TP1_synth_reverse		13	C	459	971334	8	33	1	106	392	972333	0	12840	0	0	0	0	1	12841
TP1_synth_reverse		14	C	418	971697	0	27	2	50	139	972333	0	12841	0	0	0	0	0	12841
TP1_synth_reverse		15	C	479	970973	170	42	41	74	554	972333	1	12833	4	0	1	0	2	12841
TP1_synth_reverse		16	T	378	85	1508	15	0	227	970132	972345	0	0	23	0	0	0	12818	12841
TP1_synth_reverse		17	T	380	147	526	8	0	68	971216	972345	0	1	5	0	0	0	12835	12841
TP1_synth_reverse		18	T	345	433	663	14	697	61	970132	972345	0	1	8	0	10	0	12822	12841
TP1_synth_reverse		19	C	697	969966	1119	19	467	74	415	972757	1	12817	15	0	6	0	3	12842
TP1_synth_reverse		20	T	248	520	1558	18	2	33	970378	972757	0	5	19	0	0	0	12818	12842
TP1_synth_reverse		21	T	567	289	498	1006	2703	132	967562	972757	0	1	8	16	31	0	12786	12842
TP1_synth_reverse		22	G	279	429	506	970463	746	26	308	972757	2	0	7	12820	13	0	0	12842
TP1_synth_reverse		23	C	607	959355	873	5519	5582	25	842	972803	0	12704	11	58	64	0	8	12845
TP1_synth_reverse		24	G	470	189	889	970358	5	66	826	972803	2	0	10	12830	0	0	3	12845
TP1_synth_reverse		25	G	145	691	687	969932	909	138	375	972877	1	0	10	12829	7	0	0	12847
TP1_synth_reverse		26	A	966244	28	2564	486	3384	56	147	972909	12795	0	23	6	24	0	0	12848
TP1_synth_reverse		27	G	239	819	1531	969931	113	21	255	972909	1	0	15	12831	1	0	0	12848
TP1_synth_reverse		28	A	968962	481	2754	261	276	52	123	972909	12823	2	19	1	3	0	0	12848
TP1_synth_reverse		29	T	334	101	3504	138	1	172	968659	972909	0	0	33	0	0	0	12815	12848
TP1_synth_reverse		30	T	1092	127	2112	52	352	139	969308	973182	0	0	21	0	4	0	12826	12851
TP1_synth_reverse		31	C	554	967632	2996	43	217	97	1612	973151	0	12813	28	0	1	0	8	12850
TP1_synth_reverse		32	T	605	348	2110	50	641	417	968794	972965	0	2	23	0	6	0	12819	12850
TP1_synth_reverse		33	C	495	969356	2802	46	7	125	123	972954	0	12818	32	0	0	0	0	12850
TP1_synth_reverse		34	T	812	143	2342	89	2	106	969423	972917	0	0	28	0	0	0	12821	12849
TP1_synth_reverse		35	T	1590	355	2856	401	510	91	967056	972859	0	4	27	1	6	0	12812	12850
TP1_synth_reverse		36	C	540	967481	4420	28	0	81	306	972856	0	12805	39	0	0	0	6	12850
TP1_synth_reverse		37	C	640	967687	3254	63	284	74	809	972811	1	12811	34	0	1	0	3	12850
TP1_synth_reverse		38	T	748	87	3303	263	221	46	968126	972794	0	0	35	0	1	0	12814	12850
TP1_synth_reverse		39	C	422	968007	3665	49	430	89	140	972802	0	12806	40	0	4	0	1	12851
TP1_synth_reverse		40	T	1575	503	3426	2676	2124	196	962358	972858	1	2	38	35	26	0	12748	12850
TP1_synth_reverse		41	G	568	817	2480	968071	147	36	720	972839	0	3	30	12809	2	0	6	12850
TP1_synth_reverse		42	T	2274	121	2753	390	2868	70	964647	973123	0	0	28	2	31	0	12790	12851
TP1_synth_reverse		43	G	944	521	2093	967659	800	439	885	973341	5	0	22	12818	7	0	2	12854
TP1_synth_reverse		44	C	554	960629	2934	4705	2503	194	1550	973069	0	12740	26	56	22	0	8	12852
TP1_synth_reverse		45	G	309	395	2517	967686	335	72	1732	973046	1	2	26	12814	6	0	3	12852
TP1_synth_reverse		46	C	878	968108	2962	342	0	18	278	972586	0	12812	36	2	0	0	2	12852
TP1_synth_reverse		47	C	389	962830	2301	4156	2478	39	395	972588	0	12775	22	38	17	0	1	12853
TP1_synth_reverse		48	G	284	886	2354	967802	19	47	1180	972572	2	1	24	12826	1	0	1	12855
TP1_synth_reverse		49	A	969358	45	2046	118	399	247	291	972504	12829	0	19	0	6	0	1	12855
TP1_synth_reverse		50	T	1117	81	2476	164	2	119	968529	972488	0	0	21	0	0	0	12834	12855
TP1_synth_reverse		51	A	969206	62	2015	132	517	136	419	972487	12832	0	17	0	5	0	1	12855
TP1_synth_reverse		52	C	641	968567	1886	146	320	308	612	972480	2	12828	16	0	4	0	5	12855
TP1_synth_reverse		53	A	966337	34	3100	2051	307	355	325	972509	12807	0	28	10	9	0	1	12855
TP1_synth_reverse		54	G	293	278	2344	968484	498	104	573	972574	2	0	20	12828	3	0	3	12856
TP1_synth_reverse		55	A	968897	401	2500	378	0	125	489	972790	12831	3	22	0	0	0	2	12858
TP1_synth_reverse		56	A	970299	64	1806	180	213	111	144	972817	12843	1	15	0	1	0	0	12860
TP1_synth_reverse		57	T	1945	69	1502	249	41	232	968663	972701	0	0	17	0	2	0	12840	12859
TP1_synth_reverse		58	A	970630	385	1131	106	0	338	140	972730	12845	3	12	0	0	0	0	12860
TP1_synth_reverse		59	T	998	1090	1728	379	0	421	967797	972413	0	13	15	4	0	0	12829	12861
TP1_synth_reverse		60	C	934	969324	1594	67	2	282	188	972391	0	12842	18	0	0	0	1	12861
TP1_synth_reverse		61	T	1270	103	1954	8657	1359	260	958680	972283	0	0	22	76	10	0	12753	12861
TP1_synth_reverse		62	G	899	300	1694	967310	25	351	1691	972270	6	0	18	12825	1	0	11	12861
TP1_synth_reverse		63	T	2237	91	1968	32	1	197	967750	972276	0	0	24	0	0	0	12838	12862
TP1_synth_reverse		64	T	2008	80	591	31	290	50	969208	972258	0	0	9	0	1	0	12852	12862
TP1_synth_reverse		65	C	1330	965385	855	3867	426	182	199	972244	1	12818	12	29	1	0	1	12862
TP1_synth_reverse		66	G	906	409	678	969396	104	78	384	971955	4	0	9	12848	1	0	0	12862
TP1_synth_reverse		67	C	946	969459	1150	51	0	218	162	971986	0	12850	13	0	0	0	1	12864
TP1_synth_reverse		68	A	969948	270	1216	161	0	100	98	971793	12850	0	14	0	0	0	0	12864
TP1_synth_reverse		69	C	336	969391	1271	61	33	85	510	971687	0	12844	16	0	0	0	4	12864
TP1_synth_reverse		70	T	1174	202	1333	291	20	124	968510	971654	0	1	18	3	1	0	12841	12864
TP1_synth_reverse		71	C	387	968352	2042	189	0	362	121	971453	0	12842	21	1	0	0	0	12864
TP1_synth_reverse		72	C	894	964234	773	4730	249	142	421	971443	0	12806	11	43	2	0	2	12864
TP1_synth_reverse		73	G	406	796	883	968274	258	376	438	971431	2	1	14	12846	1	0	0	12864
TP1_synth_reverse		74	A	963783	54	1138	6090	128	131	101	971425	12796	0	15	51	1	0	1	12864
TP1_synth_reverse		75	G	649	451	1383	968194	1	64	670	971412	3	0	10	12847	0	0	4	12864
TP1_synth_reverse		76	T	1024	132	1635	15273	572	58	952698	971392	0	0	15	140	8	0	12701	12864
TP1_synth_reverse		77	G	1068	489	965	968257	0	63	530	971372	5	1	8	12847	0	0	3	12864
TP1_synth_reverse		78	C	544	962166	1253	3086	535	502	3262	971348	0	12810	13	17	3	0	21	12864
TP1_synth_reverse		79	G	605	605	1898	967380	1	155	692	971336	4	0	21	12833	0	0	6	12864
TP1_synth_reverse		80	G	691	412	838	968598	35	149	586	971309	5	2	9	12844	2	0	2	12864
TP1_synth_reverse		81	C	626	967868	1842	82	620	86	168	971292	2	12845	15	0	2	0	0	12864
TP1_synth_reverse		82	A	968863	44	1624	159	0	86	143	970919	12852	0	12	0	0	0	0	12864
TP1_synth_reverse		83	A	969891	56	524	116	0	217	113	970917	12858	0	6	0	0	0	0	12864
TP1_synth_reverse		84	A	969657	64	18	816	1	264	66	970886	12858	0	0	6	0	0	0	12864
TP1_synth_reverse		85	G	174	423	326	969241	282	136	183	970765	0	0	2	12859	2	0	1	12864
TP1_synth_reverse		86	C	672	969633	13	29	5	94	268	970714	1	12860	1	0	0	0	2	12864
TP1_synth_reverse		87	T	1218	103	403	372	99	352	968087	970634	0	0	3	0	1	0	12860	12864
TP1_synth_reverse		88	G	216	485	339	969089	10	144	280	970563	0	0	2	12862	0	0	0	12864
TP1_synth_reverse		89	T	755	120	796	22	0	50	968479	970222	0	0	4	0	0	0	12858	12862
TP1_synth_reverse		90	T	687	129	2	23	0	83	969146	970070	0	0	0	0	0	0	12861	12861
TP1_synth_reverse		91	C	580	968263	0	216	0	333	236	969628	0	12859	0	1	0	0	1	12861
TP1_synth_reverse		92	C	468	968001	0	55	0	415	211	969150	0	12861	0	0	0	0	0	12861
TP1_synth_reverse		93	G	343	418	0	966907	0	155	389	968212	1	0	0	12856	0	0	1	12858
TP1_synth_reverse		94	T	559	136	0	54	0	71	966996	967816	0	0	0	0	0	0	12856	12856
TP1_synth_reverse		95	C	0	967014	0	0	0	195	0	967209	0	12855	0	0	0	0	0	12855
TP1_synth_reverse		96	C	0	966283	0	0	0	106	0	966389	0	12853	0	0	0	0	0	12853
TP1_synth_reverse		97	C	0	964043	0	0	0	170	0	964213	0	12850	0	0	0	0	0	12850
TP1_synth_reverse		98	A	961350	0	0	0	0	0	0	961350	12844	0	0	0	0	0	0	12844
TP1_synth_reverse		99	G	1	0	0	959749	0	0	0	959750	0	0	0	12841	0	0	0	12841
