



























































































































































































































#AmpliconChromStart	Alias	Position	ProbableRef	rawA	rawC	rawD	rawG	rawI	rawN	rawT	rawDepth	consA	consC	consD	consG	consI	consN	consT	consDepth	
TP1_synth_reverse		1	G	0	0	0	961581	0	0	0	961581	0	0	0	7299	0	0	0	7299
TP1_synth_reverse		2	T	0	0	0	0	0	0	963790	963790	0	0	0	0	0	0	7313	7313
TP1_synth_reverse		3	G	0	0	0	967071	0	106	0	967177	0	0	0	7331	0	0	0	7331
TP1_synth_reverse		4	G	0	0	0	968052	0	58	0	968110	0	0	0	7337	0	0	0	7337
TP1_synth_reverse		5	T	0	0	0	0	0	23	968442	968465	0	0	0	0	0	0	7338	7338
TP1_synth_reverse		6	G	573	86	0	969079	0	15	142	969895	1	0	0	7342	0	0	0	7343
TP1_synth_reverse		7	A	970018	33	0	113	0	68	139	970371	7346	0	0	0	0	0	0	7346
TP1_synth_reverse		8	G	107	70	0	971088	2	112	600	971979	0	0	0	7355	0	0	3	7358
TP1_synth_reverse		9	G	183	133	0	971396	250	38	271	972271	1	0	0	7356	1	0	1	7359
TP1_synth_reverse		10	C	259	971571	272	27	0	30	112	972271	0	7359	0	0	0	0	0	7359
TP1_synth_reverse		11	T	208	197	168	13	1578	35	970134	972333	0	0	3	0	10	0	7347	7360
TP1_synth_reverse		12	C	323	970033	1713	17	1	93	153	972333	0	7350	10	0	0	0	0	7360
TP1_synth_reverse		13	C	459	971334	8	33	1	106	392	972333	0	7360	0	0	0	0	0	7360
TP1_synth_reverse		14	C	418	971697	0	27	2	50	139	972333	0	7360	0	0	0	0	0	7360
TP1_synth_reverse		15	C	479	970973	170	42	41	74	554	972333	1	7354	3	0	0	0	2	7360
TP1_synth_reverse		16	T	378	85	1508	15	0	227	970120	972333	0	0	11	0	0	0	7349	7360
TP1_synth_reverse		17	T	380	147	526	8	0	68	971204	972333	0	0	5	0	0	0	7355	7360
TP1_synth_reverse		18	T	345	433	663	14	697	61	970120	972333	0	1	7	0	5	0	7347	7360
TP1_synth_reverse		19	C	697	969954	1119	19	467	74	415	972745	1	7346	10	0	3	0	1	7361
TP1_synth_reverse		20	T	248	520	1558	18	2	33	970366	972745	0	4	10	0	0	0	7347	7361
TP1_synth_reverse		21	T	566	289	498	1006	2703	132	967551	972745	0	1	4	8	19	0	7329	7361
TP1_synth_reverse		22	G	279	429	506	970451	746	26	308	972745	2	0	3	7349	7	0	0	7361
TP1_synth_reverse		23	C	606	959344	873	5519	5582	25	842	972791	0	7275	6	37	39	0	5	7362
TP1_synth_reverse		24	G	470	189	889	970347	5	66	825	972791	1	0	5	7355	0	0	1	7362
TP1_synth_reverse		25	G	145	691	687	969921	909	138	374	972865	0	0	5	7354	4	0	0	7363
TP1_synth_reverse		26	A	966232	28	2564	486	3384	56	147	972897	7328	0	16	4	16	0	0	7364
TP1_synth_reverse		27	G	239	817	1531	969921	113	21	255	972897	1	0	11	7351	1	0	0	7364
TP1_synth_reverse		28	A	968950	481	2754	261	276	52	123	972897	7343	2	15	1	3	0	0	7364
TP1_synth_reverse		29	T	334	101	3504	138	1	172	968647	972897	0	0	24	0	0	0	7340	7364
TP1_synth_reverse		30	T	1092	127	2112	52	352	139	969296	973170	0	0	14	0	2	0	7350	7366
TP1_synth_reverse		31	C	554	967620	2996	43	217	97	1612	973139	0	7338	20	0	1	0	7	7366
TP1_synth_reverse		32	T	605	348	2110	50	641	417	968782	972953	0	2	15	0	5	0	7344	7366
TP1_synth_reverse		33	C	495	969344	2802	46	7	125	123	972942	0	7343	23	0	0	0	0	7366
TP1_synth_reverse		34	T	809	143	2342	89	2	106	969414	972905	0	0	17	0	0	0	7349	7366
TP1_synth_reverse		35	T	1588	355	2856	401	510	91	967046	972847	0	2	19	1	3	0	7341	7366
TP1_synth_reverse		36	C	539	967470	4420	28	0	81	306	972844	0	7335	28	0	0	0	3	7366
TP1_synth_reverse		37	C	637	967678	3254	63	284	74	809	972799	1	7340	21	0	1	0	3	7366
TP1_synth_reverse		38	T	748	87	3303	263	221	46	968114	972782	0	0	21	0	1	0	7344	7366
TP1_synth_reverse		39	C	420	967997	3665	49	430	89	140	972790	0	7340	23	0	3	0	0	7366
TP1_synth_reverse		40	T	1573	503	3426	2676	2124	196	962348	972846	1	2	21	21	17	0	7305	7367
TP1_synth_reverse		41	G	567	816	2480	968061	147	36	720	972827	0	2	18	7340	2	0	5	7367
TP1_synth_reverse		42	T	2273	121	2753	390	2868	70	964636	973111	0	0	18	2	19	0	7329	7368
TP1_synth_reverse		43	G	943	519	2093	967650	800	439	885	973329	4	0	16	7342	6	0	2	7370
TP1_synth_reverse		44	C	553	960618	2934	4705	2503	194	1550	973057	0	7297	20	30	15	0	7	7369
TP1_synth_reverse		45	G	309	395	2517	967678	335	72	1728	973034	1	0	18	7346	3	0	1	7369
TP1_synth_reverse		46	C	878	968096	2962	342	0	18	278	972574	0	7343	23	2	0	0	1	7369
TP1_synth_reverse		47	C	387	962820	2301	4156	2478	39	395	972576	0	7312	17	27	12	0	1	7369
TP1_synth_reverse		48	G	284	886	2354	967793	19	47	1177	972560	1	1	17	7349	0	0	1	7369
TP1_synth_reverse		49	A	969346	45	2046	118	399	247	291	972492	7350	0	15	0	3	0	1	7369
TP1_synth_reverse		50	T	1115	81	2476	164	2	119	968519	972476	0	0	17	0	0	0	7352	7369
TP1_synth_reverse		51	A	969215	62	2015	132	517	135	419	972495	7350	0	14	0	4	0	1	7369
TP1_synth_reverse		52	C	640	968576	1886	146	320	308	612	972488	1	7347	13	0	3	0	5	7369
TP1_synth_reverse		53	A	966345	34	3100	2051	307	355	325	972517	7334	0	22	9	4	0	1	7370
TP1_synth_reverse		54	G	293	278	2344	968492	498	104	573	972582	1	0	16	7351	2	0	1	7371
TP1_synth_reverse		55	A	968905	401	2500	378	0	125	489	972798	7351	3	18	0	0	0	1	7373
TP1_synth_reverse		56	A	970308	64	1806	180	213	110	144	972825	7359	1	12	0	1	0	0	7373
TP1_synth_reverse		57	T	1945	69	1502	249	41	232	968671	972709	0	0	13	0	0	0	7360	7373
TP1_synth_reverse		58	A	970638	385	1131	106	0	338	140	972738	7362	2	10	0	0	0	0	7374
TP1_synth_reverse		59	T	997	1090	1728	379	0	421	967806	972421	0	7	13	4	0	0	7352	7376
TP1_synth_reverse		60	C	935	969331	1594	67	2	282	188	972399	0	7363	12	0	0	0	1	7376
TP1_synth_reverse		61	T	1270	103	1954	8657	1359	259	958689	972291	0	0	16	51	5	0	7304	7376
TP1_synth_reverse		62	G	898	300	1694	967319	25	351	1691	972278	3	0	12	7355	1	0	5	7376
TP1_synth_reverse		63	T	2236	91	1968	32	1	197	967759	972284	0	0	15	0	0	0	7362	7377
TP1_synth_reverse		64	T	2007	80	591	31	290	50	969217	972266	0	0	5	0	1	0	7371	7377
TP1_synth_reverse		65	C	1329	965394	855	3867	426	182	199	972252	1	7347	7	21	0	0	1	7377
TP1_synth_reverse		66	G	906	408	678	969404	104	78	385	971963	4	0	4	7368	1	0	0	7377
TP1_synth_reverse		67	C	945	969468	1150	51	0	218	162	971994	0	7371	6	0	0	0	1	7378
TP1_synth_reverse		68	A	969956	270	1216	161	0	100	98	971801	7370	0	8	0	0	0	0	7378
TP1_synth_reverse		69	C	335	969400	1271	61	33	85	510	971695	0	7365	11	0	0	0	3	7379
TP1_synth_reverse		70	T	1173	202	1333	291	20	124	968519	971662	0	1	12	2	0	0	7364	7379
TP1_synth_reverse		71	C	387	968360	2042	189	0	362	121	971461	0	7362	16	1	0	0	0	7379
TP1_synth_reverse		72	C	893	964243	773	4730	249	142	421	971451	0	7338	7	31	2	0	1	7379
TP1_synth_reverse		73	G	406	795	883	968283	258	376	438	971439	1	1	8	7368	1	0	0	7379
TP1_synth_reverse		74	A	963791	54	1138	6090	128	131	101	971433	7334	0	8	35	1	0	1	7379
TP1_synth_reverse		75	G	649	452	1383	968201	1	64	670	971420	3	0	7	7366	0	0	3	7379
TP1_synth_reverse		76	T	1025	132	1635	15272	572	58	952706	971400	0	0	11	95	6	0	7267	7379
TP1_synth_reverse		77	G	1068	488	965	968266	0	63	530	971380	4	1	6	7365	0	0	3	7379
TP1_synth_reverse		78	C	545	962173	1253	3086	535	502	3262	971356	0	7337	8	14	3	0	17	7379
TP1_synth_reverse		79	G	605	605	1898	967389	1	155	691	971344	3	0	13	7359	0	0	4	7379
TP1_synth_reverse		80	G	691	412	838	968607	35	149	585	971317	4	1	6	7366	0	0	2	7379
TP1_synth_reverse		81	C	627	967875	1842	82	620	86	168	971300	2	7364	11	0	2	0	0	7379
TP1_synth_reverse		82	A	968871	44	1624	159	0	86	143	970927	7371	0	8	0	0	0	0	7379
TP1_synth_reverse		83	A	969900	56	524	116	0	216	113	970925	7376	0	3	0	0	0	0	7379
TP1_synth_reverse		84	A	969664	64	18	817	1	264	66	970894	7376	0	0	3	0	0	0	7379
TP1_synth_reverse		85	G	173	422	326	969251	282	136	183	970773	0	0	1	7377	1	0	0	7379
TP1_synth_reverse		86	C	672	969641	13	29	5	94	268	970722	1	7376	0	0	0	0	2	7379
TP1_synth_reverse		87	T	1218	103	403	372	99	352	968095	970642	0	0	2	0	1	0	7376	7379
TP1_synth_reverse		88	G	217	485	339	969095	10	144	280	970570	0	0	2	7377	0	0	0	7379
TP1_synth_reverse		89	T	755	120	796	22	0	50	968487	970230	0	0	2	0	0	0	7377	7379
TP1_synth_reverse		90	T	687	129	2	23	0	83	969154	970078	0	0	0	0	0	0	7379	7379
TP1_synth_reverse		91	C	579	968272	0	216	0	333	236	969636	0	7378	0	1	0	0	0	7379
TP1_synth_reverse		92	C	467	968010	0	55	0	415	211	969158	0	7379	0	0	0	0	0	7379
TP1_synth_reverse		93	G	343	418	0	966915	0	155	389	968220	1	0	0	7375	0	0	1	7377
TP1_synth_reverse		94	T	559	136	0	54	0	71	967004	967824	0	0	0	0	0	0	7377	7377
TP1_synth_reverse		95	C	0	967022	0	0	0	195	0	967217	0	7377	0	0	0	0	0	7377
TP1_synth_reverse		96	C	0	966290	0	0	0	106	0	966396	0	7377	0	0	0	0	0	7377
TP1_synth_reverse		97	C	0	964051	0	0	0	170	0	964221	0	7377	0	0	0	0	0	7377
TP1_synth_reverse		98	A	961357	0	0	0	0	0	0	961357	7377	0	0	0	0	0	0	7377
TP1_synth_reverse		99	G	1	0	0	959757	0	0	0	959758	0	0	0	7377	0	0	0	7377
