



























































































































































































































#AmpliconChromStart	Alias	Position	ProbableRef	rawA	rawC	rawD	rawG	rawI	rawN	rawT	rawDepth	consA	consC	consD	consG	consI	consN	consT	consDepth	
TP1_synth_forward		5	T	0	0	0	0	0	0	635	635	0	0	0	0	0	0	262	262
TP1_synth_forward		6	G	0	0	0	1189	0	0	0	1189	0	0	0	625	0	0	0	625
TP1_synth_forward		7	A	1504	0	0	0	0	0	0	1504	670	0	0	0	0	0	0	670
TP1_synth_forward		8	G	0	0	0	1625	0	0	0	1625	0	0	0	708	0	0	0	708
TP1_synth_forward		9	G	0	0	0	1770	0	0	0	1770	0	0	0	746	0	0	0	746
TP1_synth_forward		10	C	7	1789	0	0	0	0	0	1796	7	754	0	0	0	0	0	761
TP1_synth_forward		11	T	4	0	0	1	0	0	1791	1796	1	0	0	0	0	0	760	761
TP1_synth_forward		12	C	5	1902	0	0	0	0	1	1908	4	765	0	0	0	0	0	769
TP1_synth_forward		13	C	6	1902	0	0	0	0	0	1908	5	764	0	0	0	0	0	769
TP1_synth_forward		14	C	12	1903	0	0	0	1	0	1916	9	766	0	0	0	1	0	776
TP1_synth_forward		15	C	8	1920	0	0	0	0	0	1928	7	781	0	0	0	0	0	788
TP1_synth_forward		16	T	19	0	0	0	0	1	1927	1947	9	0	0	0	0	1	796	806
TP1_synth_forward		17	T	33	1	0	0	0	1	1922	1957	23	0	0	0	0	1	789	813
TP1_synth_forward		18	T	26	0	0	0	0	0	1949	1975	17	0	0	0	0	0	806	823
TP1_synth_forward		19	A	2604	0	0	1	0	0	1	2606	1372	0	0	1	0	0	1	1374
TP1_synth_forward		20	T	16	0	0	0	0	0	2590	2606	12	0	0	0	0	0	1362	1374
TP1_synth_forward		21	A	2617	0	0	1	0	0	0	2618	1380	0	0	1	0	0	0	1381
TP1_synth_forward		22	C	12	2604	0	1	0	0	1	2618	7	1373	0	0	0	0	1	1381
TP1_synth_forward		23	A	2618	0	0	0	0	0	0	2618	1381	0	0	0	0	0	0	1381
TP1_synth_forward		24	G	2	17	0	2581	0	0	18	2618	2	9	0	1355	0	0	15	1381
TP1_synth_forward		25	A	2617	0	0	0	0	1	0	2618	1381	0	0	0	0	0	0	1381
TP1_synth_forward		26	A	2618	0	0	0	0	0	0	2618	1381	0	0	0	0	0	0	1381
TP1_synth_forward		27	T	67	0	0	1	0	1	2549	2618	41	0	0	0	0	0	1340	1381
TP1_synth_forward		28	A	2618	0	0	0	0	0	0	2618	1381	0	0	0	0	0	0	1381
TP1_synth_forward		29	T	15	0	0	0	0	0	2603	2618	11	0	0	0	0	0	1370	1381
TP1_synth_forward		30	C	10	2607	0	0	0	1	0	2618	4	1377	0	0	0	0	0	1381
TP1_synth_forward		31	T	16	0	0	0	0	0	2602	2618	3	0	0	0	0	0	1378	1381
TP1_synth_forward		32	G	0	44	0	2567	0	1	6	2618	0	33	0	1342	0	1	5	1381
TP1_synth_forward		33	T	26	0	0	0	0	0	2592	2618	9	0	0	0	0	0	1372	1381
TP1_synth_forward		34	T	39	0	0	0	0	1	2578	2618	19	0	0	0	0	1	1361	1381
TP1_synth_forward		35	C	9	2608	1	0	0	0	0	2618	4	1376	1	0	0	0	0	1381
TP1_synth_forward		36	G	1	16	1	2555	0	0	45	2618	1	8	1	1339	0	0	32	1381
TP1_synth_forward		37	C	22	2596	1	0	0	1	0	2620	13	1367	1	0	0	1	0	1382
TP1_synth_forward		38	A	2608	7	1	0	0	0	4	2620	1377	3	1	0	0	0	1	1382
TP1_synth_forward		39	C	10	2608	1	1	0	0	0	2620	6	1374	1	1	0	0	0	1382
TP1_synth_forward		40	T	36	0	1	1	0	0	2582	2620	20	0	1	1	0	0	1360	1382
TP1_synth_forward		41	C	25	2592	2	0	0	1	0	2620	20	1360	2	0	0	0	0	1382
TP1_synth_forward		42	C	20	2597	1	1	0	0	1	2620	10	1371	1	0	0	0	0	1382
TP1_synth_forward		43	G	23	19	1	2571	0	1	5	2620	17	13	1	1347	0	1	3	1382
TP1_synth_forward		44	A	2619	0	1	0	0	0	0	2620	1381	0	1	0	0	0	0	1382
TP1_synth_forward		45	G	7	21	0	2565	0	0	27	2620	1	12	0	1350	0	0	19	1382
TP1_synth_forward		46	T	62	1	0	0	0	1	2558	2622	28	1	0	0	0	1	1354	1384
TP1_synth_forward		47	G	1	22	0	2554	0	0	47	2624	0	14	0	1334	0	0	37	1385
TP1_synth_forward		48	C	49	2577	0	0	0	0	4	2630	35	1349	0	0	0	0	4	1388
TP1_synth_forward		49	G	2	7	1	2603	0	0	15	2628	0	3	0	1373	0	0	10	1386
TP1_synth_forward		50	G	4	30	0	2588	0	0	6	2628	1	16	0	1368	0	0	2	1387
TP1_synth_forward		51	C	22	3211	0	1	0	0	0	3234	18	1406	0	0	0	0	0	1424
TP1_synth_forward		52	T	15	0	0	1	0	1	2585	2602	7	0	0	1	0	1	865	874
TP1_synth_forward		53	T	39	2	0	5	0	1	2555	2602	21	1	0	3	0	1	848	874
TP1_synth_forward		54	G	4	7	0	2594	0	0	8	2613	3	3	0	872	0	0	3	881
TP1_synth_forward		55	C	25	2586	0	1	0	0	1	2613	17	863	0	1	0	0	0	881
TP1_synth_forward		56	G	1	3	0	2619	0	0	11	2634	0	1	0	878	0	0	7	886
TP1_synth_forward		57	G	0	10	0	2631	0	2	6	2649	0	7	0	873	0	2	5	887
TP1_synth_forward		58	A	2672	0	0	0	0	0	0	2672	892	0	0	0	0	0	0	892
TP1_synth_forward		59	G	1	8	0	2659	0	1	3	2672	1	6	0	882	0	0	3	892
TP1_synth_forward		60	A	2683	3	0	0	0	0	0	2686	894	2	0	0	0	0	0	896
TP1_synth_forward		61	T	21	0	0	0	0	1	2663	2685	14	0	0	0	0	1	880	895
TP1_synth_forward		62	T	12	0	0	0	1	1	2677	2691	2	0	0	0	1	1	893	897
TP1_synth_forward		63	C	17	2671	0	2	0	0	0	2690	12	883	0	2	0	0	0	897
TP1_synth_forward		64	T	26	0	0	0	0	1	2671	2698	21	0	0	0	0	1	877	899
TP1_synth_forward		65	C	15	2682	0	4	0	0	0	2701	12	884	0	4	0	0	0	900
TP1_synth_forward		66	T	36	0	0	1	0	0	2664	2701	27	0	0	0	0	0	873	900
TP1_synth_forward		67	T	22	0	0	3	0	0	2675	2700	13	0	0	1	0	0	886	900
TP1_synth_forward		68	C	33	2670	0	3	0	0	1	2707	25	880	0	1	0	0	0	906
TP1_synth_forward		69	C	23	2692	0	2	0	0	0	2717	19	888	0	2	0	0	0	909
TP1_synth_forward		70	T	11	0	0	0	0	0	2715	2726	7	0	0	0	0	0	906	913
TP1_synth_forward		71	C	5	2718	0	0	0	0	2	2725	3	908	0	0	0	0	2	913
TP1_synth_forward		72	T	24	1	0	0	0	2	2697	2724	17	0	0	0	0	2	893	912
TP1_synth_forward		73	G	1	13	0	2703	0	0	7	2724	1	8	0	898	0	0	5	912
TP1_synth_forward		74	T	15	0	0	1	0	0	2708	2724	6	0	0	0	0	0	906	912
TP1_synth_forward		75	G	0	9	0	2709	0	0	5	2723	0	8	0	900	0	0	4	912
TP1_synth_forward		76	C	16	2705	0	1	0	0	1	2723	9	902	0	1	0	0	0	912
TP1_synth_forward		77	G	1	1	1	2714	0	0	6	2723	1	1	0	905	0	0	5	912
TP1_synth_forward		78	C	6	2567	149	0	0	1	0	2723	4	901	6	0	0	1	0	912
TP1_synth_forward		79	C	13	2709	0	1	0	0	0	2723	12	900	0	0	0	0	0	912
TP1_synth_forward		80	G	2	5	0	2705	0	0	11	2723	1	4	0	900	0	0	7	912
TP1_synth_forward		81	C	4	2110	0	0	0	0	2	2116	3	869	0	0	0	0	2	874
TP1_synth_forward		82	A	2113	2	0	1	0	0	0	2116	871	2	0	1	0	0	0	874
TP1_synth_forward		83	A	2112	2	0	2	0	0	0	2116	874	0	0	0	0	0	0	874
TP1_synth_forward		84	A	2114	0	0	1	0	1	0	2116	873	0	0	0	0	1	0	874
TP1_synth_forward		85	G	2	9	0	2094	1	0	7	2113	1	7	0	858	1	0	5	872
TP1_synth_forward		86	C	9	2101	0	0	0	0	1	2111	9	862	0	0	0	0	0	871
TP1_synth_forward		87	T	23	0	1	2	0	0	2079	2105	16	0	0	2	0	0	849	867
TP1_synth_forward		88	G	2	8	1	2083	0	0	6	2100	2	1	0	857	0	0	3	863
TP1_synth_forward		89	T	15	0	0	1	0	1	2081	2098	6	0	0	0	0	1	854	861
TP1_synth_forward		90	T	16	0	0	2	0	0	2079	2097	12	0	0	0	0	0	848	860
TP1_synth_forward		91	C	6	2085	1	0	0	0	0	2092	5	851	0	0	0	0	0	856
TP1_synth_forward		92	C	6	2080	0	1	0	0	2	2089	4	848	0	0	0	0	1	853
TP1_synth_forward		93	G	1	13	0	2072	0	0	1	2087	0	10	0	842	0	0	0	852
TP1_synth_forward		94	T	9	1	0	4	0	0	2069	2083	6	1	0	1	0	0	841	849
TP1_synth_forward		95	C	2	2079	0	0	0	0	1	2082	2	847	0	0	0	0	0	849
TP1_synth_forward		96	C	0	2068	0	0	0	0	0	2068	0	840	0	0	0	0	0	840
TP1_synth_forward		97	C	0	2059	0	0	0	0	0	2059	0	834	0	0	0	0	0	834
TP1_synth_forward		98	A	2054	0	0	0	0	0	0	2054	832	0	0	0	0	0	0	832
TP1_synth_forward		99	G	0	0	0	2044	0	0	0	2044	0	0	0	826	0	0	0	826
TP1_synth_forward		100	T	0	0	0	0	0	0	2024	2024	0	0	0	0	0	0	816	816
TP1_synth_forward	TP1_synth_forward	1	G	0	0	0	772481	0	0	0	772481	0	0	0	59866	0	0	0	59866
TP1_synth_forward	TP1_synth_forward	2	T	0	0	0	0	0	0	774329	774329	0	0	0	0	0	0	60335	60335
TP1_synth_forward	TP1_synth_forward	3	G	0	0	0	777297	0	96	0	777393	0	0	0	60811	0	35	0	60846
TP1_synth_forward	TP1_synth_forward	4	G	0	0	0	778373	0	44	0	778417	0	0	0	61240	0	23	0	61263
TP1_synth_forward	TP1_synth_forward	5	T	0	0	0	0	0	18	778399	778417	0	0	0	0	0	17	61246	61263
TP1_synth_forward	TP1_synth_forward	6	G	85	83	0	778063	0	15	171	778417	7	5	0	61223	0	8	20	61263
TP1_synth_forward	TP1_synth_forward	7	A	778123	18	0	83	0	52	141	778417	61234	1	0	5	0	16	7	61263
TP1_synth_forward	TP1_synth_forward	8	G	92	69	0	777727	0	94	435	778417	5	9	0	61201	0	24	24	61263
TP1_synth_forward	TP1_synth_forward	9	G	118	126	0	777867	143	33	130	778417	5	25	0	61212	2	5	14	61263
TP1_synth_forward	TP1_synth_forward	10	C	213	778013	0	30	2	27	132	778417	41	61213	0	2	2	0	5	61263
TP1_synth_forward	TP1_synth_forward	11	T	184	142	231	7	10	24	777819	778417	36	10	13	0	1	3	61200	61263
TP1_synth_forward	TP1_synth_forward	12	C	291	777689	198	26	1	75	137	778417	49	61182	3	0	0	22	7	61263
TP1_synth_forward	TP1_synth_forward	13	C	405	777753	3	21	0	109	126	778417	48	61158	0	0	0	48	9	61263
TP1_synth_forward	TP1_synth_forward	14	C	361	777876	0	16	0	40	124	778417	35	61212	0	1	0	14	1	61263
TP1_synth_forward	TP1_synth_forward	15	C	245	777985	0	30	3	67	87	778417	47	61185	0	0	2	27	2	61263
TP1_synth_forward	TP1_synth_forward	16	T	261	55	279	8	0	163	777651	778417	54	5	18	2	0	46	61138	61263
TP1_synth_forward	TP1_synth_forward	17	T	266	88	5	4	0	52	778002	778417	45	3	0	0	0	24	61191	61263
TP1_synth_forward	TP1_synth_forward	18	T	239	76	1	7	0	59	778035	778417	41	3	0	0	0	12	61207	61263
TP1_synth_forward	TP1_synth_forward	19	A	777843	14	199	82	0	50	229	778417	61219	3	8	4	0	15	14	61263
TP1_synth_forward	TP1_synth_forward	20	T	197	218	2	8	0	27	777965	778417	44	18	0	0	0	10	61191	61263
TP1_synth_forward	TP1_synth_forward	21	A	777983	29	5	86	0	93	221	778417	61206	2	0	5	0	9	41	61263
TP1_synth_forward	TP1_synth_forward	22	C	830	777346	20	85	0	15	121	778417	71	61162	3	22	0	1	4	61263
TP1_synth_forward	TP1_synth_forward	23	A	777810	21	194	121	0	31	240	778417	61225	4	13	4	0	8	9	61263
TP1_synth_forward	TP1_synth_forward	24	G	109	215	475	777077	0	42	499	778417	7	59	11	61097	0	16	73	61263
TP1_synth_forward	TP1_synth_forward	25	A	777895	16	181	114	0	105	106	778417	61191	0	17	24	0	25	6	61263
TP1_synth_forward	TP1_synth_forward	26	A	777827	3	107	124	0	33	323	778417	61221	0	3	7	0	14	18	61263
TP1_synth_forward	TP1_synth_forward	27	T	991	49	350	109	0	27	776891	778417	180	5	21	34	0	11	61012	61263
TP1_synth_forward	TP1_synth_forward	28	A	777830	9	313	75	0	39	151	778417	61222	2	11	3	0	13	12	61263
TP1_synth_forward	TP1_synth_forward	29	T	271	73	8	49	0	125	777891	778417	43	6	3	3	0	29	61179	61263
TP1_synth_forward	TP1_synth_forward	30	C	1305	776905	9	7	0	121	70	778417	681	60552	4	0	0	20	6	61263
TP1_synth_forward	TP1_synth_forward	31	T	1546	224	4	28	0	73	776340	778215	882	9	2	4	0	29	60151	61077
TP1_synth_forward	TP1_synth_forward	32	G	143	1049	68	775929	0	332	663	778184	14	255	8	60407	0	34	337	61055
TP1_synth_forward	TP1_synth_forward	33	T	2446	83	235	22	0	101	775285	778172	1216	6	17	6	0	23	59777	61045
TP1_synth_forward	TP1_synth_forward	34	T	678	74	77	11	0	96	777230	778166	110	2	10	4	0	11	60908	61045
TP1_synth_forward	TP1_synth_forward	35	C	1610	775673	514	35	0	70	261	778163	687	60286	31	0	0	24	14	61042
TP1_synth_forward	TP1_synth_forward	36	G	202	1329	182	775646	0	59	737	778155	18	799	18	60061	0	18	122	61036
TP1_synth_forward	TP1_synth_forward	37	C	448	777199	133	19	0	61	292	778152	83	60913	13	2	0	11	12	61034
TP1_synth_forward	TP1_synth_forward	38	A	777369	178	130	124	23	27	299	778150	60859	17	13	6	7	16	116	61034
TP1_synth_forward	TP1_synth_forward	39	C	287	777326	312	59	0	59	100	778143	54	60925	20	8	0	9	14	61030
TP1_synth_forward	TP1_synth_forward	40	T	974	231	271	82	0	172	776410	778140	180	12	15	10	0	25	60788	61030
TP1_synth_forward	TP1_synth_forward	41	C	571	777203	155	68	0	19	119	778135	134	60846	18	14	0	2	11	61025
TP1_synth_forward	TP1_synth_forward	42	C	2047	775573	75	25	0	49	332	778101	967	59989	8	3	0	11	18	60996
TP1_synth_forward	TP1_synth_forward	43	G	463	439	82	776365	0	367	367	778083	41	95	9	60736	0	50	59	60990
TP1_synth_forward	TP1_synth_forward	44	A	777427	91	69	281	0	137	76	778081	60913	24	8	10	0	28	5	60988
TP1_synth_forward	TP1_synth_forward	45	G	176	446	204	776335	1	58	858	778078	19	126	9	60715	0	30	87	60986
TP1_synth_forward	TP1_synth_forward	46	T	4102	216	2	2	190	9	773536	778057	1652	12	1	0	8	3	59294	60970
TP1_synth_forward	TP1_synth_forward	47	G	214	2773	7	773606	3	26	1423	778052	19	1454	2	59291	1	12	186	60965
TP1_synth_forward	TP1_synth_forward	48	C	956	774360	71	83	1	45	2533	778049	133	60690	4	19	1	15	103	60965
TP1_synth_forward	TP1_synth_forward	49	G	270	545	229	776314	1	202	487	778048	74	185	17	60516	1	22	149	60964
TP1_synth_forward	TP1_synth_forward	50	G	251	421	0	776351	2	102	915	778042	13	105	0	60389	1	24	429	60961
TP1_synth_forward	TP1_synth_forward	51	C	1369	775914	217	157	0	123	258	778038	545	60338	16	9	0	39	12	60959
TP1_synth_forward	TP1_synth_forward	52	T	1648	145	565	222	0	270	775187	778037	970	5	26	73	0	18	59867	60959
TP1_synth_forward	TP1_synth_forward	53	T	2613	271	188	324	1	273	774362	778032	1238	15	7	53	0	31	59615	60959
TP1_synth_forward	TP1_synth_forward	54	G	120	187	315	777183	0	91	131	778027	10	31	15	60857	0	22	23	60958
TP1_synth_forward	TP1_synth_forward	55	C	1653	774380	418	91	169	129	1183	778023	668	60159	29	4	6	16	75	60957
TP1_synth_forward	TP1_synth_forward	56	G	363	171	374	776319	1	82	711	778021	120	77	17	60489	0	18	234	60955
TP1_synth_forward	TP1_synth_forward	57	G	86	122	189	776300	1	191	1120	778009	4	22	7	60322	0	37	559	60951
TP1_synth_forward	TP1_synth_forward	58	A	777100	30	274	190	0	249	157	778000	60780	3	11	7	0	142	8	60951
TP1_synth_forward	TP1_synth_forward	59	G	83	132	147	776480	0	354	797	777993	5	41	6	60390	0	54	450	60946
TP1_synth_forward	TP1_synth_forward	60	A	777125	427	5	77	1	243	115	777993	60804	103	3	6	0	28	2	60946
TP1_synth_forward	TP1_synth_forward	61	T	585	74	319	30	0	212	776771	777991	109	3	20	1	0	49	60763	60945
TP1_synth_forward	TP1_synth_forward	62	T	666	111	81	37	0	291	776786	777972	82	12	8	10	0	148	60683	60943
TP1_synth_forward	TP1_synth_forward	63	C	2274	775320	89	37	27	142	63	777952	1117	59746	8	5	1	54	4	60935
TP1_synth_forward	TP1_synth_forward	64	T	1361	404	77	59	1	46	775994	777942	203	16	7	6	0	9	60689	60930
TP1_synth_forward	TP1_synth_forward	65	C	874	776290	308	124	0	170	171	777937	124	60738	24	12	0	16	13	60927
TP1_synth_forward	TP1_synth_forward	66	T	1432	95	290	133	0	47	775936	777933	353	4	28	36	0	9	60494	60924
TP1_synth_forward	TP1_synth_forward	67	T	2985	75	84	77	0	201	774505	777927	1462	3	9	20	0	29	59400	60923
TP1_synth_forward	TP1_synth_forward	68	C	2175	775005	448	126	0	98	74	777926	621	60245	28	7	0	17	4	60922
TP1_synth_forward	TP1_synth_forward	69	C	851	776397	98	123	0	49	405	777923	127	60755	12	8	0	4	14	60920
TP1_synth_forward	TP1_synth_forward	70	T	543	92	248	27	0	101	776909	777920	113	6	18	1	0	13	60769	60920
TP1_synth_forward	TP1_synth_forward	71	C	255	776809	407	25	0	318	106	777920	33	60772	21	3	0	88	3	60920
TP1_synth_forward	TP1_synth_forward	72	T	2297	160	523	20	0	113	774806	777919	1170	6	18	4	0	37	59685	60920
TP1_synth_forward	TP1_synth_forward	73	G	274	415	432	775957	2	313	524	777917	16	102	29	60569	0	159	44	60919
TP1_synth_forward	TP1_synth_forward	74	T	1844	80	385	34	80	116	775377	777916	816	3	26	5	4	40	60025	60919
TP1_synth_forward	TP1_synth_forward	75	G	136	300	495	776464	0	59	460	777914	23	34	26	60778	0	19	37	60917
TP1_synth_forward	TP1_synth_forward	76	C	2389	774490	61	85	0	47	842	777914	1086	59720	15	16	0	2	78	60917
TP1_synth_forward	TP1_synth_forward	77	G	821	159	50	776535	0	54	289	777908	38	35	11	60770	0	11	49	60914
TP1_synth_forward	TP1_synth_forward	78	C	377	776341	307	26	0	473	382	777906	37	60742	37	3	0	64	30	60913
TP1_synth_forward	TP1_synth_forward	79	C	1419	775495	24	52	0	121	793	777904	111	60709	1	6	0	17	68	60912
TP1_synth_forward	TP1_synth_forward	80	G	761	337	42	776160	0	121	472	777893	29	74	2	60736	0	26	43	60910
TP1_synth_forward	TP1_synth_forward	81	C	184	777331	10	22	91	76	177	777891	34	60840	0	2	2	22	9	60909
TP1_synth_forward	TP1_synth_forward	82	A	777419	31	153	138	0	53	96	777890	60881	7	5	1	0	11	4	60909
TP1_synth_forward	TP1_synth_forward	83	A	777465	37	4	98	0	188	98	777890	60862	8	0	3	0	31	5	60909
TP1_synth_forward	TP1_synth_forward	84	A	777292	30	0	163	112	209	75	777881	60854	5	0	8	8	33	1	60909
TP1_synth_forward	TP1_synth_forward	85	G	114	308	0	777027	160	109	128	777846	16	69	0	60738	5	40	24	60892
TP1_synth_forward	TP1_synth_forward	86	C	340	777290	0	20	8	79	83	777820	59	60809	0	0	4	6	7	60885
TP1_synth_forward	TP1_synth_forward	87	T	826	79	603	16	4	274	775981	777783	160	3	39	0	1	30	60635	60868
TP1_synth_forward	TP1_synth_forward	88	G	207	277	163	776647	94	116	216	777720	15	26	10	60741	2	23	36	60853
TP1_synth_forward	TP1_synth_forward	89	T	444	141	910	13	0	50	776052	777610	52	6	45	2	0	11	60730	60846
TP1_synth_forward	TP1_synth_forward	90	T	565	123	81	21	141	80	776397	777408	86	8	4	2	29	8	60690	60827
TP1_synth_forward	TP1_synth_forward	91	C	380	775870	526	108	0	279	98	777261	59	60683	28	5	0	33	5	60813
TP1_synth_forward	TP1_synth_forward	92	C	352	776015	0	36	1	344	469	777217	40	60688	0	4	0	59	17	60808
TP1_synth_forward	TP1_synth_forward	93	G	241	245	0	775860	0	135	117	776598	7	51	0	60674	0	29	14	60775
TP1_synth_forward	TP1_synth_forward	94	T	466	88	0	55	0	64	775610	776283	69	6	0	2	0	9	60671	60757
TP1_synth_forward	TP1_synth_forward	95	C	166	775631	0	92	0	178	163	776230	25	60685	0	5	0	16	12	60743
TP1_synth_forward	TP1_synth_forward	96	C	0	775285	0	0	0	108	0	775393	0	60667	0	0	0	25	0	60692
TP1_synth_forward	TP1_synth_forward	97	C	0	773597	0	0	0	161	0	773758	0	60535	0	0	0	52	0	60587
TP1_synth_forward	TP1_synth_forward	98	A	770691	0	0	0	0	41	0	770732	60414	0	0	0	0	19	0	60433
TP1_synth_forward	TP1_synth_forward	99	G	0	0	0	769703	0	0	0	769703	0	0	0	60330	0	0	0	60330
TP1_synth_forward	TP1_synth_forward	100	T	0	0	0	0	0	0	768199	768199	0	0	0	0	0	0	60216	60216
