



























































































































































































































#AmpliconChromStart	Alias	Position	ProbableRef	rawA	rawC	rawD	rawG	rawI	rawN	rawT	rawDepth	consA	consC	consD	consG	consI	consN	consT	consDepth	
TP1_synth_reverse		1	G	0	0	0	536006	0	0	0	536006	0	0	0	12499	0	0	0	12499
TP1_synth_reverse		2	T	0	0	0	0	0	0	537430	537430	0	0	0	0	0	0	12506	12506
TP1_synth_reverse		3	G	0	0	0	539044	0	103	0	539147	0	0	0	12532	0	0	0	12532
TP1_synth_reverse		4	G	0	0	0	540659	0	51	0	540710	0	0	0	12552	0	0	0	12552
TP1_synth_reverse		5	T	0	0	0	0	0	163	540969	541132	0	0	0	0	0	0	12560	12560
TP1_synth_reverse		6	G	100	64	0	541488	0	12	253	541917	0	0	0	12564	0	0	1	12565
TP1_synth_reverse		7	A	542278	19	0	75	0	5	95	542472	12572	0	0	0	0	0	0	12572
TP1_synth_reverse		8	G	97	46	0	542899	0	59	83	543184	0	0	0	12586	0	0	0	12586
TP1_synth_reverse		9	G	87	89	0	542909	3	11	272	543371	0	0	0	12591	0	0	1	12592
TP1_synth_reverse		10	C	241	542767	2	29	0	19	341	543399	0	12590	0	0	0	0	3	12593
TP1_synth_reverse		11	T	276	84	242	20	314	28	542462	543426	0	0	4	0	9	0	12581	12594
TP1_synth_reverse		12	C	254	541627	1374	22	0	59	101	543437	0	12576	18	0	0	0	0	12594
TP1_synth_reverse		13	C	310	542910	2	24	1	89	123	543459	0	12594	0	0	0	0	0	12594
TP1_synth_reverse		14	C	241	543055	0	24	0	44	113	543477	0	12594	0	0	0	0	0	12594
TP1_synth_reverse		15	C	248	542810	198	38	3	29	158	543484	0	12587	6	0	0	0	1	12594
TP1_synth_reverse		16	T	491	50	1240	31	0	20	541652	543484	0	0	23	0	0	0	12571	12594
TP1_synth_reverse		17	T	595	86	300	24	0	120	542365	543490	0	1	2	0	0	0	12591	12594
TP1_synth_reverse		18	T	459	94	177	16	0	105	542656	543507	0	0	4	0	0	0	12591	12595
TP1_synth_reverse		19	C	419	542915	581	28	217	75	162	544397	0	12580	11	0	2	0	3	12596
TP1_synth_reverse		20	T	562	55	2303	41	0	35	541401	544397	0	0	28	0	0	0	12568	12596
TP1_synth_reverse		21	T	1673	90	394	60	601	116	541463	544397	0	0	9	1	11	0	12575	12596
TP1_synth_reverse		22	G	126	620	437	542528	305	101	280	544397	0	0	9	12582	3	0	2	12596
TP1_synth_reverse		23	C	646	540886	825	104	866	86	998	544411	0	12554	14	2	19	0	8	12597
TP1_synth_reverse		24	G	969	133	1265	541287	3	48	717	544422	9	0	29	12559	0	0	1	12598
TP1_synth_reverse		25	G	201	390	46	543280	242	47	216	544422	0	0	2	12585	11	0	0	12598
TP1_synth_reverse		26	A	542957	16	457	116	721	88	93	544448	12578	0	5	0	16	0	0	12599
TP1_synth_reverse		27	G	236	141	481	542760	96	55	679	544448	6	0	10	12581	1	0	1	12599
TP1_synth_reverse		28	A	543185	87	828	62	154	51	81	544448	12573	0	12	0	14	0	0	12599
TP1_synth_reverse		29	T	671	72	493	50	1	5	543156	544448	0	0	8	0	0	0	12591	12599
TP1_synth_reverse		30	T	2381	123	376	10	51	42	541465	544448	0	0	1	0	1	0	12597	12599
TP1_synth_reverse		31	C	680	542423	872	27	329	21	89	544441	3	12581	11	0	4	0	0	12599
TP1_synth_reverse		32	T	833	84	506	42	49	38	542885	544437	0	1	4	0	2	0	12592	12599
TP1_synth_reverse		33	C	724	542916	388	30	1	16	357	544432	0	12589	2	0	0	0	8	12599
TP1_synth_reverse		34	T	1177	104	569	54	0	26	542497	544427	0	0	4	0	0	0	12595	12599
TP1_synth_reverse		35	T	2685	88	926	44	3	38	540630	544414	0	0	3	0	0	0	12596	12599
TP1_synth_reverse		36	C	555	542776	959	15	2	44	78	544429	0	12596	4	0	0	0	0	12600
TP1_synth_reverse		37	C	607	542395	958	55	14	26	367	544422	0	12585	6	0	0	0	9	12600
TP1_synth_reverse		38	T	1304	41	1418	24	1	63	541561	544412	0	0	8	0	0	0	12592	12600
TP1_synth_reverse		39	C	410	541863	1886	36	80	32	95	544402	2	12574	19	0	5	0	0	12600
TP1_synth_reverse		40	T	1439	94	1067	19	264	22	541492	544397	0	2	12	0	6	0	12580	12600
TP1_synth_reverse		41	G	252	1293	1069	540141	7	9	1618	544389	3	0	10	12587	0	0	0	12600
TP1_synth_reverse		42	T	2320	230	1216	26	1771	96	538726	544385	0	1	11	0	7	0	12581	12600
TP1_synth_reverse		43	G	626	1240	1344	539921	17	51	1176	544375	4	0	10	12583	0	0	3	12600
TP1_synth_reverse		44	C	749	541067	1669	36	5	84	761	544371	0	12569	19	0	1	0	11	12600
TP1_synth_reverse		45	G	515	426	1097	539722	1	45	2553	544359	1	5	11	12583	0	0	0	12600
TP1_synth_reverse		46	C	1225	541629	1355	39	0	18	114	544380	0	12583	16	0	0	0	2	12601
TP1_synth_reverse		47	C	414	543263	137	20	122	1	421	544378	0	12587	5	0	3	0	6	12601
TP1_synth_reverse		48	G	854	1122	147	539995	17	4	2228	544367	8	0	5	12587	1	0	0	12601
TP1_synth_reverse		49	A	543859	164	138	45	1	28	121	544356	12593	4	5	0	0	0	0	12602
TP1_synth_reverse		50	T	2350	66	122	26	491	15	541592	544662	0	0	4	0	2	0	12599	12605
TP1_synth_reverse		51	A	544236	44	119	65	90	46	109	544709	12600	0	4	0	2	0	0	12606
TP1_synth_reverse		52	C	613	542726	480	33	42	33	626	544553	0	12594	9	0	0	0	3	12606
TP1_synth_reverse		53	A	543531	29	669	103	116	32	97	544577	12600	0	6	0	1	0	0	12607
TP1_synth_reverse		54	G	178	339	1264	542353	1	14	414	544563	0	1	8	12598	0	0	0	12607
TP1_synth_reverse		55	A	543875	136	532	82	0	41	60	544726	12599	0	9	0	0	0	0	12608
TP1_synth_reverse		56	A	544418	10	74	77	0	40	105	544724	12605	0	3	0	0	0	0	12608
TP1_synth_reverse		57	T	3032	39	764	141	1	30	540702	544709	0	0	5	0	0	0	12603	12608
TP1_synth_reverse		58	A	544168	12	456	66	0	42	97	544841	12600	0	9	0	0	0	0	12609
TP1_synth_reverse		59	T	1978	75	105	85	0	12	542569	544824	1	1	5	0	0	0	12602	12609
TP1_synth_reverse		60	C	1287	542847	436	76	69	34	67	544816	0	12602	6	0	1	0	0	12609
TP1_synth_reverse		61	T	1501	83	208	234	1	12	542814	544853	1	0	6	0	0	0	12603	12610
TP1_synth_reverse		62	G	553	304	165	543115	10	78	640	544865	1	0	4	12605	1	0	0	12611
TP1_synth_reverse		63	T	3843	554	1387	33	0	24	539099	544940	0	5	13	0	0	0	12594	12612
TP1_synth_reverse		64	T	2173	383	122	69	340	52	541812	544951	0	2	3	0	0	0	12608	12613
TP1_synth_reverse		65	C	557	543674	365	52	74	77	151	544950	0	12600	8	0	5	0	0	12613
TP1_synth_reverse		66	G	948	335	197	542471	0	35	968	544954	5	0	4	12604	0	0	1	12614
TP1_synth_reverse		67	C	910	543058	588	28	188	112	68	544952	0	12606	7	0	1	0	0	12614
TP1_synth_reverse		68	A	542504	574	1195	116	0	88	73	544550	12594	2	19	0	0	0	0	12615
TP1_synth_reverse		69	C	206	543708	417	39	1	53	121	544545	1	12609	5	0	0	0	0	12615
TP1_synth_reverse		70	T	1172	199	58	174	1	20	542910	544534	0	3	3	0	0	0	12609	12615
TP1_synth_reverse		71	C	340	543756	231	31	0	10	163	544531	0	12607	6	0	0	0	2	12615
TP1_synth_reverse		72	C	903	543289	59	67	1	46	161	544526	0	12612	3	0	0	0	0	12615
TP1_synth_reverse		73	G	988	287	552	542393	0	123	173	544516	4	1	14	12596	0	0	0	12615
TP1_synth_reverse		74	A	542399	302	266	148	292	64	1044	544515	12590	4	8	3	4	0	6	12615
TP1_synth_reverse		75	G	121	290	795	542160	1	14	1122	544503	0	0	16	12588	0	0	11	12615
TP1_synth_reverse		76	T	2976	79	1033	69	4	22	540301	544484	0	0	12	0	0	0	12603	12615
TP1_synth_reverse		77	G	667	363	481	541969	0	23	966	544469	7	0	1	12605	0	0	2	12615
TP1_synth_reverse		78	C	459	542983	138	30	12	38	803	544463	0	12604	3	0	1	0	7	12615
TP1_synth_reverse		79	G	977	810	102	541848	0	108	605	544450	5	0	2	12605	0	0	3	12615
TP1_synth_reverse		80	G	401	271	1	543410	1	136	222	544442	2	1	0	12612	0	0	0	12615
TP1_synth_reverse		81	C	942	542624	234	48	333	104	151	544436	5	12602	4	0	2	1	1	12615
TP1_synth_reverse		82	A	540595	56	2729	109	0	53	107	543649	12588	1	25	0	0	0	0	12614
TP1_synth_reverse		83	A	543242	71	10	98	0	147	74	543642	12614	0	0	0	0	0	0	12614
TP1_synth_reverse		84	A	543083	45	0	367	1	59	39	543594	12613	0	0	1	0	0	0	12614
TP1_synth_reverse		85	G	434	252	58	542371	158	72	142	543487	0	0	2	12611	0	0	0	12613
TP1_synth_reverse		86	C	342	542905	45	18	2	42	86	543440	0	12608	4	0	0	0	1	12613
TP1_synth_reverse		87	T	1186	84	61	74	1	50	541912	543368	0	2	1	0	0	0	12610	12613
TP1_synth_reverse		88	G	176	402	2	542378	12	86	262	543318	1	0	0	12611	0	0	1	12613
TP1_synth_reverse		89	T	928	75	331	33	0	189	541715	543271	0	0	7	0	0	0	12606	12613
TP1_synth_reverse		90	T	985	83	0	35	1	97	541868	543069	0	0	0	0	0	0	12613	12613
TP1_synth_reverse		91	C	438	542186	0	193	1	21	107	542946	0	12612	0	1	0	0	0	12613
TP1_synth_reverse		92	C	523	541684	0	348	0	35	187	542777	4	12601	0	2	0	0	1	12608
TP1_synth_reverse		93	G	496	156	0	541585	0	81	98	542416	3	0	0	12602	0	0	0	12605
TP1_synth_reverse		94	T	807	93	0	102	0	146	541136	542284	0	0	0	0	0	0	12604	12604
TP1_synth_reverse		95	C	0	541558	0	0	0	77	0	541635	0	12601	0	0	0	0	0	12601
TP1_synth_reverse		96	C	0	541060	0	0	0	35	0	541095	0	12601	0	0	0	0	0	12601
TP1_synth_reverse		97	C	0	539586	0	0	0	119	0	539705	0	12596	0	0	0	0	0	12596
TP1_synth_reverse		98	A	537142	0	0	0	0	0	0	537142	12586	0	0	0	0	0	0	12586
TP1_synth_reverse		99	G	0	0	0	535635	0	0	0	535635	0	0	0	12584	0	0	0	12584
