



























































































































































































































#AmpliconChromStart	Alias	Position	ProbableRef	rawA	rawC	rawD	rawG	rawI	rawN	rawT	rawDepth	consA	consC	consD	consG	consI	consN	consT	consDepth	
TP1_synth_reverse		1	G	0	0	0	536006	0	0	0	536006	0	0	0	10321	0	0	0	10321
TP1_synth_reverse		2	T	0	0	0	0	0	0	537430	537430	0	0	0	0	0	0	10327	10327
TP1_synth_reverse		3	G	0	0	0	539044	0	103	0	539147	0	0	0	10347	0	0	0	10347
TP1_synth_reverse		4	G	0	0	0	540659	0	51	0	540710	0	0	0	10362	0	0	0	10362
TP1_synth_reverse		5	T	0	0	0	0	0	163	540969	541132	0	0	0	0	0	0	10367	10367
TP1_synth_reverse		6	G	100	64	0	541488	0	12	253	541917	0	0	0	10369	0	0	1	10370
TP1_synth_reverse		7	A	542278	19	0	75	0	5	95	542472	10375	0	0	0	0	0	0	10375
TP1_synth_reverse		8	G	97	46	0	542899	0	59	83	543184	0	0	0	10386	0	0	0	10386
TP1_synth_reverse		9	G	87	89	0	542909	3	11	272	543371	0	0	0	10391	0	0	1	10392
TP1_synth_reverse		10	C	241	542739	2	29	0	19	341	543371	0	10389	0	0	0	0	3	10392
TP1_synth_reverse		11	T	276	84	242	20	314	28	542434	543398	0	0	4	0	6	0	10382	10392
TP1_synth_reverse		12	C	254	541599	1374	22	0	59	101	543409	0	10376	16	0	0	0	0	10392
TP1_synth_reverse		13	C	310	542882	2	24	1	89	123	543431	0	10392	0	0	0	0	0	10392
TP1_synth_reverse		14	C	241	543027	0	24	0	44	113	543449	0	10392	0	0	0	0	0	10392
TP1_synth_reverse		15	C	246	542784	198	38	3	29	158	543456	0	10386	5	0	0	0	1	10392
TP1_synth_reverse		16	T	491	50	1240	31	0	20	541624	543456	0	0	19	0	0	0	10373	10392
TP1_synth_reverse		17	T	588	86	300	24	0	120	542344	543462	0	1	2	0	0	0	10389	10392
TP1_synth_reverse		18	T	456	94	177	16	0	105	542631	543479	0	0	2	0	0	0	10391	10393
TP1_synth_reverse		19	C	419	542887	581	28	217	75	162	544369	0	10381	8	0	2	0	3	10394
TP1_synth_reverse		20	T	561	55	2303	41	0	35	541374	544369	0	0	26	0	0	0	10368	10394
TP1_synth_reverse		21	T	1668	90	394	60	601	116	541440	544369	0	0	8	1	11	0	10374	10394
TP1_synth_reverse		22	G	125	619	437	542506	305	101	276	544369	0	0	8	10383	2	0	1	10394
TP1_synth_reverse		23	C	645	540859	825	104	866	86	998	544383	0	10362	10	1	15	0	7	10395
TP1_synth_reverse		24	G	968	130	1265	541265	3	48	715	544394	7	0	22	10365	0	0	1	10395
TP1_synth_reverse		25	G	201	386	46	543256	242	47	216	544394	0	0	2	10384	9	0	0	10395
TP1_synth_reverse		26	A	542929	16	457	116	721	88	93	544420	10380	0	5	0	11	0	0	10396
TP1_synth_reverse		27	G	236	139	481	542739	96	55	674	544420	6	0	8	10380	1	0	1	10396
TP1_synth_reverse		28	A	543167	87	828	62	154	51	81	544430	10377	0	10	0	10	0	0	10397
TP1_synth_reverse		29	T	667	72	493	50	1	5	543142	544430	0	0	7	0	0	0	10390	10397
TP1_synth_reverse		30	T	2377	123	376	10	51	42	541451	544430	0	0	1	0	1	0	10395	10397
TP1_synth_reverse		31	C	680	542405	872	27	329	21	89	544423	2	10382	10	0	3	0	0	10397
TP1_synth_reverse		32	T	830	84	506	42	49	38	542871	544420	0	1	3	0	1	0	10392	10397
TP1_synth_reverse		33	C	724	542899	388	30	1	16	357	544415	0	10390	2	0	0	0	5	10397
TP1_synth_reverse		34	T	1175	104	569	54	0	26	542482	544410	0	0	4	0	0	0	10393	10397
TP1_synth_reverse		35	T	2686	88	926	44	3	38	540612	544397	0	0	3	0	0	0	10394	10397
TP1_synth_reverse		36	C	554	542760	959	15	2	44	78	544412	0	10393	4	0	0	0	0	10397
TP1_synth_reverse		37	C	610	542375	958	55	14	26	367	544405	0	10384	6	0	0	0	7	10397
TP1_synth_reverse		38	T	1305	41	1418	24	1	63	541543	544395	0	0	7	0	0	0	10390	10397
TP1_synth_reverse		39	C	412	541844	1886	36	80	32	95	544385	2	10374	19	0	2	0	0	10397
TP1_synth_reverse		40	T	1436	94	1067	19	264	22	541478	544380	0	1	10	0	5	0	10381	10397
TP1_synth_reverse		41	G	252	1289	1069	540131	7	9	1615	544372	2	0	8	10387	0	0	0	10397
TP1_synth_reverse		42	T	2316	230	1216	26	1771	96	538713	544368	0	1	10	0	7	0	10379	10397
TP1_synth_reverse		43	G	626	1235	1344	539912	17	51	1173	544358	3	0	8	10384	0	0	2	10397
TP1_synth_reverse		44	C	745	541054	1669	36	5	84	761	544354	0	10371	16	0	0	0	10	10397
TP1_synth_reverse		45	G	515	425	1097	539708	1	45	2551	544342	1	3	9	10384	0	0	0	10397
TP1_synth_reverse		46	C	1225	541612	1355	39	0	18	114	544363	0	10385	12	0	0	0	1	10398
TP1_synth_reverse		47	C	411	543249	137	20	122	1	421	544361	0	10388	3	0	3	0	4	10398
TP1_synth_reverse		48	G	854	1122	147	539983	17	4	2223	544350	5	0	3	10389	1	0	0	10398
TP1_synth_reverse		49	A	543842	164	138	45	1	28	121	544339	10393	3	3	0	0	0	0	10399
TP1_synth_reverse		50	T	2344	66	122	26	491	15	541581	544645	0	0	3	0	1	0	10398	10402
TP1_synth_reverse		51	A	544219	44	119	65	90	46	109	544692	10398	0	3	0	2	0	0	10403
TP1_synth_reverse		52	C	615	542707	480	33	42	33	626	544536	0	10393	8	0	0	0	2	10403
TP1_synth_reverse		53	A	543514	29	669	103	116	32	97	544560	10398	0	5	0	1	0	0	10404
TP1_synth_reverse		54	G	178	338	1264	542337	1	14	414	544546	0	0	8	10396	0	0	0	10404
TP1_synth_reverse		55	A	543858	136	532	82	0	41	60	544709	10396	0	9	0	0	0	0	10405
TP1_synth_reverse		56	A	544401	10	74	77	0	40	105	544707	10402	0	3	0	0	0	0	10405
TP1_synth_reverse		57	T	3029	39	764	141	1	30	540688	544692	0	0	5	0	0	0	10400	10405
TP1_synth_reverse		58	A	544150	12	456	66	0	42	98	544824	10397	0	9	0	0	0	0	10406
TP1_synth_reverse		59	T	1980	75	105	85	0	12	542550	544807	1	1	4	0	0	0	10400	10406
TP1_synth_reverse		60	C	1289	542828	436	76	69	34	67	544799	0	10401	4	0	1	0	0	10406
TP1_synth_reverse		61	T	1499	83	208	234	1	12	542799	544836	0	0	5	0	0	0	10402	10407
TP1_synth_reverse		62	G	554	303	165	543099	10	78	639	544848	1	0	4	10402	1	0	0	10408
TP1_synth_reverse		63	T	3839	554	1387	33	0	24	539086	544923	0	5	12	0	0	0	10392	10409
TP1_synth_reverse		64	T	2171	383	122	69	340	52	541797	544934	0	2	3	0	0	0	10405	10410
TP1_synth_reverse		65	C	556	543658	365	52	74	77	151	544933	0	10400	7	0	3	0	0	10410
TP1_synth_reverse		66	G	948	334	197	542445	0	35	968	544927	3	0	4	10402	0	0	1	10410
TP1_synth_reverse		67	C	909	543033	587	28	188	112	68	544925	0	10405	5	0	0	0	0	10410
TP1_synth_reverse		68	A	542477	574	1195	116	0	88	73	544523	10396	1	14	0	0	0	0	10411
TP1_synth_reverse		69	C	206	543681	417	39	1	53	121	544518	0	10407	4	0	0	0	0	10411
TP1_synth_reverse		70	T	1171	199	58	174	1	20	542884	544507	0	2	3	0	0	0	10406	10411
TP1_synth_reverse		71	C	338	543731	231	31	0	10	163	544504	0	10405	4	0	0	0	2	10411
TP1_synth_reverse		72	C	900	543265	59	67	1	46	161	544499	0	10408	3	0	0	0	0	10411
TP1_synth_reverse		73	G	988	287	552	542366	0	123	173	544489	4	0	14	10393	0	0	0	10411
TP1_synth_reverse		74	A	542372	302	266	148	292	64	1044	544488	10389	2	8	2	4	0	6	10411
TP1_synth_reverse		75	G	120	290	795	542134	1	14	1122	544476	0	0	14	10386	0	0	11	10411
TP1_synth_reverse		76	T	2973	79	1032	69	4	22	540279	544458	0	0	12	0	0	0	10399	10411
TP1_synth_reverse		77	G	666	363	481	541946	0	23	964	544443	7	0	1	10401	0	0	2	10411
TP1_synth_reverse		78	C	457	542959	138	30	12	38	803	544437	0	10402	3	0	1	0	5	10411
TP1_synth_reverse		79	G	976	810	102	541827	0	108	601	544424	5	0	2	10401	0	0	3	10411
TP1_synth_reverse		80	G	399	271	1	543389	1	136	219	544416	1	1	0	10409	0	0	0	10411
TP1_synth_reverse		81	C	942	542598	234	48	333	104	151	544410	5	10399	3	0	2	1	1	10411
TP1_synth_reverse		82	A	540569	56	2729	109	0	53	107	543623	10390	1	19	0	0	0	0	10410
TP1_synth_reverse		83	A	543216	71	10	98	0	147	74	543616	10410	0	0	0	0	0	0	10410
TP1_synth_reverse		84	A	543057	45	0	366	1	59	39	543567	10409	0	0	1	0	0	0	10410
TP1_synth_reverse		85	G	434	252	58	542344	158	72	142	543460	0	0	2	10407	0	0	0	10409
TP1_synth_reverse		86	C	342	542878	45	18	2	42	86	543413	0	10406	2	0	0	0	1	10409
TP1_synth_reverse		87	T	1186	84	61	74	1	50	541885	543341	0	0	1	0	0	0	10408	10409
TP1_synth_reverse		88	G	176	402	2	542351	12	86	262	543291	1	0	0	10408	0	0	0	10409
TP1_synth_reverse		89	T	926	75	331	33	0	189	541690	543244	0	0	6	0	0	0	10403	10409
TP1_synth_reverse		90	T	984	83	0	35	1	97	541842	543042	0	0	0	0	0	0	10409	10409
TP1_synth_reverse		91	C	438	542159	0	193	1	21	107	542919	0	10409	0	0	0	0	0	10409
TP1_synth_reverse		92	C	523	541657	0	348	0	35	187	542750	3	10400	0	1	0	0	1	10405
TP1_synth_reverse		93	G	496	154	0	541560	0	81	98	542389	2	0	0	10401	0	0	0	10403
TP1_synth_reverse		94	T	807	93	0	102	0	146	541109	542257	0	0	0	0	0	0	10402	10402
TP1_synth_reverse		95	C	0	541531	0	0	0	77	0	541608	0	10400	0	0	0	0	0	10400
TP1_synth_reverse		96	C	0	541034	0	0	0	35	0	541069	0	10400	0	0	0	0	0	10400
TP1_synth_reverse		97	C	0	539561	0	0	0	119	0	539680	0	10395	0	0	0	0	0	10395
TP1_synth_reverse		98	A	537117	0	0	0	0	0	0	537117	10389	0	0	0	0	0	0	10389
TP1_synth_reverse		99	G	0	0	0	535610	0	0	0	535610	0	0	0	10387	0	0	0	10387
