



























































































































































































































#AmpliconChromStart	Alias	Position	ProbableRef	rawA	rawC	rawD	rawG	rawI	rawN	rawT	rawDepth	consA	consC	consD	consG	consI	consN	consT	consDepth
TP1_synth_reverse		1	G	0	0	0	536006	0	0	0	536006	0	0	0	6058	0	0	0	6058
TP1_synth_reverse		2	T	0	0	0	0	0	0	537430	537430	0	0	0	0	0	0	6064	6064
TP1_synth_reverse		3	G	0	0	0	539044	0	103	0	539147	0	0	0	6075	0	0	0	6075
TP1_synth_reverse		4	G	0	0	0	540659	0	51	0	540710	0	0	0	6084	0	0	0	6084
TP1_synth_reverse		5	T	0	0	0	0	0	163	540969	541132	0	0	0	0	0	0	6088	6088
TP1_synth_reverse		6	G	100	64	0	541488	0	12	253	541917	0	0	0	6090	0	0	1	6091
TP1_synth_reverse		7	A	542278	19	0	75	0	5	95	542472	6094	0	0	0	0	0	0	6094
TP1_synth_reverse		8	G	97	46	0	542899	0	59	83	543184	0	0	0	6100	0	0	0	6100
TP1_synth_reverse		9	G	87	89	0	542909	3	11	272	543371	0	0	0	6102	0	0	1	6103
TP1_synth_reverse		10	C	241	542739	2	29	0	19	341	543371	0	6100	0	0	0	0	3	6103
TP1_synth_reverse		11	T	276	84	242	20	314	28	542434	543398	0	0	2	0	6	0	6095	6103
TP1_synth_reverse		12	C	254	541599	1374	22	0	59	101	543409	0	6092	11	0	0	0	0	6103
TP1_synth_reverse		13	C	310	542882	2	24	1	89	123	543431	0	6103	0	0	0	0	0	6103
TP1_synth_reverse		14	C	241	543027	0	24	0	44	113	543449	0	6103	0	0	0	0	0	6103
TP1_synth_reverse		15	C	246	542784	198	38	3	29	158	543456	0	6098	4	0	0	0	1	6103
TP1_synth_reverse		16	T	491	50	1240	31	0	20	541624	543456	0	0	14	0	0	0	6089	6103
TP1_synth_reverse		17	T	588	86	300	24	0	120	542344	543462	0	0	2	0	0	0	6101	6103
TP1_synth_reverse		18	T	456	94	177	16	0	105	542631	543479	0	0	1	0	0	0	6102	6103
TP1_synth_reverse		19	C	419	542887	581	28	217	75	162	544369	0	6097	4	0	2	0	1	6104
TP1_synth_reverse		20	T	561	55	2303	41	0	35	541374	544369	0	0	14	0	0	0	6090	6104
TP1_synth_reverse		21	T	1668	90	394	60	601	116	541440	544369	0	0	3	0	6	0	6095	6104
TP1_synth_reverse		22	G	125	619	437	542506	305	101	276	544369	0	0	3	6098	2	0	1	6104
TP1_synth_reverse		23	C	645	540859	825	104	866	86	998	544383	0	6083	6	1	11	0	3	6104
TP1_synth_reverse		24	G	968	130	1265	541265	3	48	715	544394	5	0	13	6085	0	0	1	6104
TP1_synth_reverse		25	G	201	386	46	543256	242	47	216	544394	0	0	1	6097	6	0	0	6104
TP1_synth_reverse		26	A	542929	16	457	116	721	88	93	544420	6097	0	4	0	4	0	0	6105
TP1_synth_reverse		27	G	236	139	481	542739	96	55	674	544420	4	0	5	6094	1	0	1	6105
TP1_synth_reverse		28	A	543157	87	828	62	154	51	81	544420	6095	0	6	0	4	0	0	6105
TP1_synth_reverse		29	T	667	72	493	50	1	5	543132	544420	0	0	5	0	0	0	6100	6105
TP1_synth_reverse		30	T	2377	123	376	10	51	42	541441	544420	0	0	1	0	1	0	6103	6105
TP1_synth_reverse		31	C	680	542395	872	27	329	21	89	544413	0	6095	7	0	3	0	0	6105
TP1_synth_reverse		32	T	830	84	506	42	49	38	542861	544410	0	1	3	0	1	0	6100	6105
TP1_synth_reverse		33	C	724	542889	388	30	1	16	357	544405	0	6102	1	0	0	0	2	6105
TP1_synth_reverse		34	T	1175	104	569	54	0	26	542472	544400	0	0	3	0	0	0	6102	6105
TP1_synth_reverse		35	T	2685	88	926	44	3	38	540603	544387	0	0	3	0	0	0	6102	6105
TP1_synth_reverse		36	C	554	542750	959	15	2	44	78	544402	0	6101	4	0	0	0	0	6105
TP1_synth_reverse		37	C	607	542368	958	55	14	26	367	544395	0	6100	3	0	0	0	2	6105
TP1_synth_reverse		38	T	1302	41	1418	24	1	63	541536	544385	0	0	4	0	0	0	6101	6105
TP1_synth_reverse		39	C	410	541836	1886	36	80	32	95	544375	0	6091	13	0	1	0	0	6105
TP1_synth_reverse		40	T	1436	94	1067	19	264	22	541468	544370	0	1	5	0	4	0	6095	6105
TP1_synth_reverse		41	G	252	1289	1069	540122	7	9	1614	544362	1	0	5	6099	0	0	0	6105
TP1_synth_reverse		42	T	2315	230	1216	26	1771	96	538704	544358	0	0	7	0	6	0	6092	6105
TP1_synth_reverse		43	G	626	1235	1344	539902	17	51	1173	544348	2	0	8	6093	0	0	2	6105
TP1_synth_reverse		44	C	745	541044	1669	36	5	84	761	544344	0	6086	14	0	0	0	5	6105
TP1_synth_reverse		45	G	515	425	1097	539699	1	45	2550	544332	1	1	7	6096	0	0	0	6105
TP1_synth_reverse		46	C	1223	541604	1355	39	0	18	114	544353	0	6096	9	0	0	0	0	6105
TP1_synth_reverse		47	C	409	543241	137	20	122	1	421	544351	0	6095	3	0	3	0	4	6105
TP1_synth_reverse		48	G	854	1122	147	539977	17	4	2219	544340	3	0	3	6099	0	0	0	6105
TP1_synth_reverse		49	A	543832	164	138	45	1	28	121	544329	6100	3	3	0	0	0	0	6106
TP1_synth_reverse		50	T	2344	66	122	26	491	15	541571	544635	0	0	2	0	1	0	6106	6109
TP1_synth_reverse		51	A	544209	44	119	65	90	46	109	544682	6106	0	2	0	2	0	0	6110
TP1_synth_reverse		52	C	612	542700	480	33	42	33	626	544526	0	6105	4	0	0	0	1	6110
TP1_synth_reverse		53	A	543504	29	669	103	116	32	97	544550	6107	0	3	0	1	0	0	6111
TP1_synth_reverse		54	G	177	337	1264	542330	1	14	413	544536	0	0	6	6105	0	0	0	6111
TP1_synth_reverse		55	A	543848	136	532	82	0	41	60	544699	6108	0	4	0	0	0	0	6112
TP1_synth_reverse		56	A	544391	10	74	77	0	40	105	544697	6111	0	1	0	0	0	0	6112
TP1_synth_reverse		57	T	3029	39	764	141	1	30	540678	544682	0	0	2	0	0	0	6110	6112
TP1_synth_reverse		58	A	544141	12	456	66	0	42	97	544814	6107	0	6	0	0	0	0	6113
TP1_synth_reverse		59	T	1977	75	105	85	0	12	542543	544797	1	1	1	0	0	0	6110	6113
TP1_synth_reverse		60	C	1287	542820	436	76	69	34	67	544789	0	6110	2	0	1	0	0	6113
TP1_synth_reverse		61	T	1498	83	208	234	1	12	542790	544826	0	0	3	0	0	0	6111	6114
TP1_synth_reverse		62	G	552	303	165	543091	10	78	639	544838	0	0	3	6112	0	0	0	6115
TP1_synth_reverse		63	T	3839	554	1387	33	0	24	539076	544913	0	2	9	0	0	0	6105	6116
TP1_synth_reverse		64	T	2171	383	122	68	340	52	541788	544924	0	2	2	0	0	0	6113	6117
TP1_synth_reverse		65	C	556	543669	365	52	74	77	151	544944	0	6114	4	0	0	0	0	6118
TP1_synth_reverse		66	G	948	334	197	542456	0	35	968	544938	2	0	2	6113	0	0	1	6118
TP1_synth_reverse		67	C	909	543044	587	28	188	112	68	544936	0	6114	4	0	0	0	0	6118
TP1_synth_reverse		68	A	542488	574	1195	116	0	88	73	544534	6110	1	8	0	0	0	0	6119
TP1_synth_reverse		69	C	206	543692	417	39	1	53	121	544529	0	6117	2	0	0	0	0	6119
TP1_synth_reverse		70	T	1171	199	58	174	1	20	542895	544518	0	1	1	0	0	0	6117	6119
TP1_synth_reverse		71	C	338	543742	231	31	0	10	163	544515	0	6118	0	0	0	0	1	6119
TP1_synth_reverse		72	C	900	543276	59	67	1	46	161	544510	0	6119	0	0	0	0	0	6119
TP1_synth_reverse		73	G	988	287	552	542377	0	123	173	544500	4	0	4	6111	0	0	0	6119
TP1_synth_reverse		74	A	542383	302	266	148	292	64	1044	544499	6109	1	4	0	2	0	3	6119
TP1_synth_reverse		75	G	120	291	795	542144	1	14	1122	544487	0	0	5	6111	0	0	3	6119
TP1_synth_reverse		76	T	2973	79	1032	69	4	22	540290	544469	0	0	6	0	0	0	6113	6119
TP1_synth_reverse		77	G	666	363	481	541958	0	23	963	544454	4	0	0	6114	0	0	1	6119
TP1_synth_reverse		78	C	457	542970	138	30	12	38	803	544448	0	6114	1	0	0	0	4	6119
TP1_synth_reverse		79	G	976	810	102	541838	0	108	601	544435	4	0	1	6111	0	0	3	6119
TP1_synth_reverse		80	G	399	271	1	543400	1	136	219	544427	1	1	0	6117	0	0	0	6119
TP1_synth_reverse		81	C	942	542609	234	48	333	104	151	544421	2	6112	2	0	2	1	0	6119
TP1_synth_reverse		82	A	540580	56	2729	109	0	53	107	543634	6109	0	9	0	0	0	0	6118
TP1_synth_reverse		83	A	543227	71	10	98	0	147	74	543627	6118	0	0	0	0	0	0	6118
TP1_synth_reverse		84	A	543069	45	0	366	1	59	39	543579	6117	0	0	1	0	0	0	6118
TP1_synth_reverse		85	G	434	252	58	542356	158	72	142	543472	0	0	1	6117	0	0	0	6118
TP1_synth_reverse		86	C	342	542890	45	18	2	42	86	543425	0	6117	1	0	0	0	0	6118
TP1_synth_reverse		87	T	1186	84	61	74	1	50	541897	543353	0	0	1	0	0	0	6117	6118
TP1_synth_reverse		88	G	176	402	2	542363	12	86	262	543303	0	0	0	6118	0	0	0	6118
TP1_synth_reverse		89	T	927	75	331	34	0	189	541700	543256	0	0	3	0	0	0	6115	6118
TP1_synth_reverse		90	T	984	83	0	35	1	97	541854	543054	0	0	0	0	0	0	6118	6118
TP1_synth_reverse		91	C	438	542171	0	193	1	21	107	542931	0	6118	0	0	0	0	0	6118
TP1_synth_reverse		92	C	523	541669	0	348	0	35	187	542762	2	6115	0	0	0	0	0	6117
TP1_synth_reverse		93	G	496	154	0	541572	0	81	98	542401	1	0	0	6116	0	0	0	6117
TP1_synth_reverse		94	T	807	93	0	102	0	146	541121	542269	0	0	0	0	0	0	6117	6117
TP1_synth_reverse		95	C	0	541543	0	0	0	77	0	541620	0	6117	0	0	0	0	0	6117
TP1_synth_reverse		96	C	0	541046	0	0	0	35	0	541081	0	6117	0	0	0	0	0	6117
TP1_synth_reverse		97	C	0	539573	0	0	0	119	0	539692	0	6116	0	0	0	0	0	6116
TP1_synth_reverse		98	A	537128	0	0	0	0	0	0	537128	6115	0	0	0	0	0	0	6115
TP1_synth_reverse		99	G	0	0	0	535621	0	0	0	535621	0	0	0	6115	0	0	0	6115
