



























































































































































































































#AmpliconChromStart	Alias	Position	ProbableRef	rawA	rawC	rawD	rawG	rawI	rawN	rawT	rawDepth	consA	consC	consD	consG	consI	consN	consT	consDepth	
TP1_synth_reverse		1	G	0	0	0	536006	0	0	0	536006	0	0	0	7426	0	0	0	7426
TP1_synth_reverse		2	T	0	0	0	0	0	0	537430	537430	0	0	0	0	0	0	7432	7432
TP1_synth_reverse		3	G	0	0	0	539044	0	103	0	539147	0	0	0	7447	0	0	0	7447
TP1_synth_reverse		4	G	0	0	0	540659	0	51	0	540710	0	0	0	7459	0	0	0	7459
TP1_synth_reverse		5	T	0	0	0	0	0	163	540969	541132	0	0	0	0	0	0	7463	7463
TP1_synth_reverse		6	G	100	64	0	541488	0	12	253	541917	0	0	0	7465	0	0	1	7466
TP1_synth_reverse		7	A	542278	19	0	75	0	5	95	542472	7470	0	0	0	0	0	0	7470
TP1_synth_reverse		8	G	97	46	0	542899	0	59	83	543184	0	0	0	7476	0	0	0	7476
TP1_synth_reverse		9	G	87	89	0	542909	3	11	272	543371	0	0	0	7478	0	0	1	7479
TP1_synth_reverse		10	C	241	542739	2	29	0	19	341	543371	0	7476	0	0	0	0	3	7479
TP1_synth_reverse		11	T	276	84	242	20	314	28	542434	543398	0	0	2	0	6	0	7471	7479
TP1_synth_reverse		12	C	254	541599	1374	22	0	59	101	543409	0	7465	14	0	0	0	0	7479
TP1_synth_reverse		13	C	310	542882	2	24	1	89	123	543431	0	7479	0	0	0	0	0	7479
TP1_synth_reverse		14	C	241	543027	0	24	0	44	113	543449	0	7479	0	0	0	0	0	7479
TP1_synth_reverse		15	C	246	542784	198	38	3	29	158	543456	0	7473	5	0	0	0	1	7479
TP1_synth_reverse		16	T	491	50	1240	31	0	20	541624	543456	0	0	16	0	0	0	7463	7479
TP1_synth_reverse		17	T	588	86	300	24	0	120	542344	543462	0	0	2	0	0	0	7477	7479
TP1_synth_reverse		18	T	456	94	177	16	0	105	542631	543479	0	0	1	0	0	0	7478	7479
TP1_synth_reverse		19	C	419	542887	581	28	217	75	162	544369	0	7472	4	0	2	0	2	7480
TP1_synth_reverse		20	T	561	55	2303	41	0	35	541374	544369	0	0	19	0	0	0	7461	7480
TP1_synth_reverse		21	T	1668	90	394	60	601	116	541440	544369	0	0	3	0	6	0	7471	7480
TP1_synth_reverse		22	G	125	619	437	542506	305	101	276	544369	0	0	3	7474	2	0	1	7480
TP1_synth_reverse		23	C	645	540859	825	104	866	86	998	544383	0	7456	6	1	13	0	5	7481
TP1_synth_reverse		24	G	968	130	1265	541265	3	48	715	544394	5	0	14	7461	0	0	1	7481
TP1_synth_reverse		25	G	201	386	46	543256	242	47	216	544394	0	0	1	7474	6	0	0	7481
TP1_synth_reverse		26	A	542929	16	457	116	721	88	93	544420	7472	0	4	0	6	0	0	7482
TP1_synth_reverse		27	G	236	139	481	542739	96	55	674	544420	4	0	5	7471	1	0	1	7482
TP1_synth_reverse		28	A	543167	87	828	62	154	51	81	544430	7471	0	7	0	4	0	0	7482
TP1_synth_reverse		29	T	667	72	493	50	1	5	543142	544430	0	0	6	0	0	0	7476	7482
TP1_synth_reverse		30	T	2377	123	376	10	51	42	541451	544430	0	0	1	0	1	0	7480	7482
TP1_synth_reverse		31	C	680	542405	872	27	329	21	89	544423	1	7468	10	0	3	0	0	7482
TP1_synth_reverse		32	T	830	84	506	42	49	38	542870	544419	0	1	3	0	1	0	7477	7482
TP1_synth_reverse		33	C	724	542898	388	30	1	16	357	544414	0	7478	1	0	0	0	3	7482
TP1_synth_reverse		34	T	1175	104	569	54	0	26	542481	544409	0	0	3	0	0	0	7479	7482
TP1_synth_reverse		35	T	2686	88	926	44	3	38	540611	544396	0	0	3	0	0	0	7479	7482
TP1_synth_reverse		36	C	554	542759	959	15	2	44	78	544411	0	7478	4	0	0	0	0	7482
TP1_synth_reverse		37	C	610	542374	958	55	14	26	367	544404	0	7476	3	0	0	0	3	7482
TP1_synth_reverse		38	T	1305	41	1418	24	1	63	541542	544394	0	0	4	0	0	0	7478	7482
TP1_synth_reverse		39	C	411	541844	1886	36	80	32	95	544384	1	7464	15	0	2	0	0	7482
TP1_synth_reverse		40	T	1436	94	1067	19	264	22	541477	544379	0	1	6	0	4	0	7471	7482
TP1_synth_reverse		41	G	252	1289	1069	540130	7	9	1615	544371	2	0	7	7473	0	0	0	7482
TP1_synth_reverse		42	T	2316	230	1216	26	1771	96	538712	544367	0	0	7	0	6	0	7469	7482
TP1_synth_reverse		43	G	626	1235	1344	539911	17	51	1173	544357	3	0	8	7469	0	0	2	7482
TP1_synth_reverse		44	C	745	541053	1669	36	5	84	761	544353	0	7461	15	0	0	0	6	7482
TP1_synth_reverse		45	G	515	425	1097	539707	1	45	2551	544341	1	2	8	7471	0	0	0	7482
TP1_synth_reverse		46	C	1225	541611	1355	39	0	18	114	544362	0	7472	10	0	0	0	0	7482
TP1_synth_reverse		47	C	410	543249	137	20	122	1	421	544360	0	7472	3	0	3	0	4	7482
TP1_synth_reverse		48	G	854	1122	147	539982	17	4	2223	544349	4	0	3	7475	0	0	0	7482
TP1_synth_reverse		49	A	543841	164	138	45	1	28	121	544338	7477	3	3	0	0	0	0	7483
TP1_synth_reverse		50	T	2344	66	122	26	491	15	541580	544644	0	0	2	0	1	0	7483	7486
TP1_synth_reverse		51	A	544218	44	119	65	90	46	109	544691	7483	0	2	0	2	0	0	7487
TP1_synth_reverse		52	C	615	542706	480	33	42	33	626	544535	0	7482	4	0	0	0	1	7487
TP1_synth_reverse		53	A	543513	29	669	103	116	32	97	544559	7484	0	3	0	1	0	0	7488
TP1_synth_reverse		54	G	178	338	1264	542336	1	14	414	544545	0	0	7	7481	0	0	0	7488
TP1_synth_reverse		55	A	543857	136	532	82	0	41	60	544708	7483	0	6	0	0	0	0	7489
TP1_synth_reverse		56	A	544400	10	74	77	0	40	105	544706	7487	0	2	0	0	0	0	7489
TP1_synth_reverse		57	T	3029	39	764	141	1	30	540687	544691	0	0	3	0	0	0	7486	7489
TP1_synth_reverse		58	A	544149	12	456	66	0	42	98	544823	7483	0	7	0	0	0	0	7490
TP1_synth_reverse		59	T	1980	75	105	85	0	12	542549	544806	0	1	2	0	0	0	7487	7490
TP1_synth_reverse		60	C	1288	542828	436	76	69	34	67	544798	0	7486	3	0	1	0	0	7490
TP1_synth_reverse		61	T	1499	83	208	234	1	12	542798	544835	0	0	4	0	0	0	7487	7491
TP1_synth_reverse		62	G	553	303	165	543099	10	78	639	544847	1	0	4	7487	0	0	0	7492
TP1_synth_reverse		63	T	3839	554	1387	33	0	24	539085	544922	0	2	11	0	0	0	7480	7493
TP1_synth_reverse		64	T	2171	383	122	69	340	52	541796	544933	0	2	3	0	0	0	7489	7494
TP1_synth_reverse		65	C	556	543678	365	52	74	77	151	544953	0	7490	5	0	0	0	0	7495
TP1_synth_reverse		66	G	948	334	197	542465	0	35	968	544947	2	0	3	7489	0	0	1	7495
TP1_synth_reverse		67	C	909	543053	587	28	188	112	68	544945	0	7490	5	0	0	0	0	7495
TP1_synth_reverse		68	A	542497	574	1195	116	0	88	73	544543	7485	1	10	0	0	0	0	7496
TP1_synth_reverse		69	C	206	543701	417	39	1	53	121	544538	0	7492	4	0	0	0	0	7496
TP1_synth_reverse		70	T	1171	199	58	174	1	20	542904	544527	0	1	2	0	0	0	7493	7496
TP1_synth_reverse		71	C	338	543751	231	31	0	10	163	544524	0	7493	2	0	0	0	1	7496
TP1_synth_reverse		72	C	900	543285	59	67	1	46	161	544519	0	7495	1	0	0	0	0	7496
TP1_synth_reverse		73	G	988	287	552	542386	0	123	173	544509	4	0	5	7487	0	0	0	7496
TP1_synth_reverse		74	A	542392	302	266	148	292	64	1044	544508	7483	1	4	1	3	0	4	7496
TP1_synth_reverse		75	G	120	291	795	542153	1	14	1122	544496	0	0	6	7486	0	0	4	7496
TP1_synth_reverse		76	T	2973	79	1032	69	4	22	540299	544478	0	0	7	0	0	0	7489	7496
TP1_synth_reverse		77	G	666	363	481	541966	0	23	964	544463	4	0	0	7491	0	0	1	7496
TP1_synth_reverse		78	C	457	542979	138	30	12	38	803	544457	0	7489	2	0	1	0	4	7496
TP1_synth_reverse		79	G	976	810	102	541847	0	108	601	544444	4	0	1	7488	0	0	3	7496
TP1_synth_reverse		80	G	399	271	1	543409	1	136	219	544436	1	1	0	7494	0	0	0	7496
TP1_synth_reverse		81	C	942	542618	234	48	333	104	151	544430	2	7489	2	0	2	1	0	7496
TP1_synth_reverse		82	A	540589	56	2729	109	0	53	107	543643	7484	0	11	0	0	0	0	7495
TP1_synth_reverse		83	A	543236	71	10	98	0	147	74	543636	7495	0	0	0	0	0	0	7495
TP1_synth_reverse		84	A	543077	45	0	366	1	59	39	543587	7494	0	0	1	0	0	0	7495
TP1_synth_reverse		85	G	434	252	58	542364	158	72	142	543480	0	0	2	7492	0	0	0	7494
TP1_synth_reverse		86	C	342	542898	45	18	2	42	86	543433	0	7492	2	0	0	0	0	7494
TP1_synth_reverse		87	T	1186	84	61	74	1	50	541905	543361	0	0	1	0	0	0	7493	7494
TP1_synth_reverse		88	G	176	402	2	542371	12	86	262	543311	1	0	0	7493	0	0	0	7494
TP1_synth_reverse		89	T	927	75	331	34	0	189	541708	543264	0	0	4	0	0	0	7490	7494
TP1_synth_reverse		90	T	984	83	0	35	1	97	541862	543062	0	0	0	0	0	0	7494	7494
TP1_synth_reverse		91	C	438	542179	0	193	1	21	107	542939	0	7494	0	0	0	0	0	7494
TP1_synth_reverse		92	C	523	541677	0	348	0	35	187	542770	2	7490	0	1	0	0	0	7493
TP1_synth_reverse		93	G	496	154	0	541580	0	81	98	542409	2	0	0	7491	0	0	0	7493
TP1_synth_reverse		94	T	807	93	0	102	0	146	541129	542277	0	0	0	0	0	0	7492	7492
TP1_synth_reverse		95	C	0	541551	0	0	0	77	0	541628	0	7490	0	0	0	0	0	7490
TP1_synth_reverse		96	C	0	541054	0	0	0	35	0	541089	0	7490	0	0	0	0	0	7490
TP1_synth_reverse		97	C	0	539581	0	0	0	119	0	539700	0	7488	0	0	0	0	0	7488
TP1_synth_reverse		98	A	537136	0	0	0	0	0	0	537136	7485	0	0	0	0	0	0	7485
TP1_synth_reverse		99	G	0	0	0	535629	0	0	0	535629	0	0	0	7485	0	0	0	7485
