



























































































































































































































#AmpliconChromStart	Alias	Position	ProbableRef	rawA	rawC	rawD	rawG	rawI	rawN	rawT	rawDepth	consA	consC	consD	consG	consI	consN	consT	consDepth	
TP1_synth_reverse		1	G	0	0	0	536006	0	0	0	536006	0	0	0	17146	0	0	0	17146
TP1_synth_reverse		2	T	0	0	0	0	0	0	537430	537430	0	0	0	0	0	0	17162	17162
TP1_synth_reverse		3	G	0	0	0	539044	0	103	0	539147	0	0	0	17214	0	0	0	17214
TP1_synth_reverse		4	G	0	0	0	540659	0	51	0	540710	0	0	0	17254	0	1	0	17255
TP1_synth_reverse		5	T	0	0	0	0	0	163	540969	541132	0	0	0	0	0	2	17273	17275
TP1_synth_reverse		6	G	100	64	0	541488	0	12	253	541917	0	0	0	17292	0	0	2	17294
TP1_synth_reverse		7	A	542278	19	0	75	0	5	95	542472	17304	0	0	0	0	0	0	17304
TP1_synth_reverse		8	G	97	46	0	542899	0	59	83	543184	0	0	0	17322	0	0	1	17323
TP1_synth_reverse		9	G	87	89	0	542909	3	11	272	543371	0	0	0	17331	0	0	1	17332
TP1_synth_reverse		10	C	241	542767	2	29	0	19	341	543399	0	17328	1	0	0	0	4	17333
TP1_synth_reverse		11	T	276	84	242	20	314	28	542462	543426	0	0	5	0	14	0	17316	17335
TP1_synth_reverse		12	C	254	541627	1374	22	0	59	101	543437	0	17310	25	0	0	0	1	17336
TP1_synth_reverse		13	C	310	542910	2	24	1	89	123	543459	0	17334	0	0	0	2	0	17336
TP1_synth_reverse		14	C	241	543055	0	24	0	44	113	543477	0	17336	0	0	0	0	0	17336
TP1_synth_reverse		15	C	248	542810	198	38	3	29	158	543484	0	17330	6	0	0	0	1	17337
TP1_synth_reverse		16	T	491	50	1240	31	0	20	541652	543484	0	0	31	0	0	0	17306	17337
TP1_synth_reverse		17	T	595	86	300	24	0	120	542365	543490	1	1	4	0	0	0	17332	17338
TP1_synth_reverse		18	T	459	94	177	16	0	105	542656	543507	1	0	6	0	0	1	17331	17339
TP1_synth_reverse		19	C	419	542915	581	28	217	75	162	544397	0	17320	13	0	3	0	4	17340
TP1_synth_reverse		20	T	562	55	2303	41	0	35	541401	544397	0	0	39	0	0	0	17301	17340
TP1_synth_reverse		21	T	1673	90	394	60	601	116	541463	544397	2	0	11	0	15	1	17311	17340
TP1_synth_reverse		22	G	126	620	437	542528	305	101	280	544397	0	0	12	17316	8	1	3	17340
TP1_synth_reverse		23	C	646	540886	825	104	866	86	998	544411	1	17276	19	6	25	3	11	17341
TP1_synth_reverse		24	G	969	133	1265	541287	3	48	717	544422	10	0	38	17290	0	0	4	17342
TP1_synth_reverse		25	G	201	390	46	543280	242	47	216	544422	0	0	4	17320	17	1	0	17342
TP1_synth_reverse		26	A	542957	16	457	116	721	88	93	544448	17312	0	9	0	21	1	0	17343
TP1_synth_reverse		27	G	236	141	481	542760	96	55	679	544448	8	0	10	17321	2	1	1	17343
TP1_synth_reverse		28	A	543185	87	828	62	154	51	81	544448	17308	0	17	0	16	2	0	17343
TP1_synth_reverse		29	T	671	72	493	50	1	5	543156	544448	0	0	9	0	0	0	17334	17343
TP1_synth_reverse		30	T	2381	123	376	10	51	42	541465	544448	4	0	1	0	1	0	17337	17343
TP1_synth_reverse		31	C	680	542423	872	27	329	21	89	544441	5	17317	14	0	7	0	0	17343
TP1_synth_reverse		32	T	833	84	506	42	49	38	542885	544437	0	1	4	0	3	0	17335	17343
TP1_synth_reverse		33	C	724	542916	388	30	1	16	357	544432	1	17331	2	0	0	0	9	17343
TP1_synth_reverse		34	T	1177	104	569	54	0	26	542497	544427	1	0	6	0	0	0	17336	17343
TP1_synth_reverse		35	T	2685	88	926	44	3	38	540630	544414	2	0	5	0	0	0	17336	17343
TP1_synth_reverse		36	C	555	542776	959	15	2	44	78	544429	0	17337	6	0	0	1	0	17344
TP1_synth_reverse		37	C	607	542395	958	55	14	26	367	544422	0	17318	14	0	0	0	12	17344
TP1_synth_reverse		38	T	1304	41	1418	24	1	63	541561	544412	1	0	17	0	0	1	17325	17344
TP1_synth_reverse		39	C	410	541863	1886	36	80	32	95	544402	2	17307	30	0	5	0	0	17344
TP1_synth_reverse		40	T	1439	94	1067	19	264	22	541492	544397	1	4	22	0	8	0	17309	17344
TP1_synth_reverse		41	G	252	1293	1069	540141	7	9	1618	544389	3	1	17	17322	0	0	1	17344
TP1_synth_reverse		42	T	2320	230	1216	26	1771	96	538726	544385	2	2	18	1	12	2	17307	17344
TP1_synth_reverse		43	G	626	1240	1344	539936	17	51	1176	544390	5	1	17	17319	0	0	3	17345
TP1_synth_reverse		44	C	749	541082	1669	36	5	84	761	544386	0	17302	27	0	1	0	15	17345
TP1_synth_reverse		45	G	515	426	1097	539737	1	45	2553	544374	1	7	20	17315	0	0	2	17345
TP1_synth_reverse		46	C	1225	541644	1355	39	0	18	114	544395	4	17313	26	0	0	0	3	17346
TP1_synth_reverse		47	C	414	543278	137	20	122	1	421	544393	0	17324	9	0	7	0	6	17346
TP1_synth_reverse		48	G	854	1130	147	540001	17	4	2229	544382	12	2	9	17318	1	0	4	17346
TP1_synth_reverse		49	A	543874	164	138	45	1	28	121	544371	17351	5	9	0	0	0	0	17365
TP1_synth_reverse		50	T	2350	66	122	26	491	15	541607	544677	1	1	7	0	5	0	17354	17368
TP1_synth_reverse		51	A	544251	44	119	65	90	46	109	544724	17359	0	7	0	3	0	0	17369
TP1_synth_reverse		52	C	613	542741	480	33	42	33	626	544568	0	17348	14	0	0	0	7	17369
TP1_synth_reverse		53	A	543546	29	669	103	116	32	97	544592	17355	0	13	0	1	1	0	17370
TP1_synth_reverse		54	G	178	339	1264	542368	1	14	414	544578	0	1	10	17358	0	0	1	17370
TP1_synth_reverse		55	A	543890	136	532	82	0	41	60	544741	17357	0	12	0	0	2	0	17371
TP1_synth_reverse		56	A	544433	10	74	77	0	40	105	544739	17367	0	4	0	0	0	0	17371
TP1_synth_reverse		57	T	3034	39	764	141	1	30	540715	544724	2	0	7	0	0	0	17362	17371
TP1_synth_reverse		58	A	544183	12	456	66	0	42	97	544856	17360	0	12	0	0	0	0	17372
TP1_synth_reverse		59	T	1981	76	105	85	0	12	542580	544839	2	2	7	0	0	0	17361	17372
TP1_synth_reverse		60	C	1288	542861	436	76	69	34	67	544831	5	17357	9	0	1	0	0	17372
TP1_synth_reverse		61	T	1502	83	208	234	1	12	542828	544868	4	0	8	0	0	0	17361	17373
TP1_synth_reverse		62	G	553	304	165	543129	10	78	641	544880	3	0	4	17365	1	0	1	17374
TP1_synth_reverse		63	T	3852	554	1387	33	0	24	539105	544955	6	11	17	0	0	1	17340	17375
TP1_synth_reverse		64	T	2173	383	122	69	340	52	541827	544966	2	3	3	0	1	0	17367	17376
TP1_synth_reverse		65	C	558	543688	365	52	74	77	151	544965	0	17356	12	0	8	0	0	17376
TP1_synth_reverse		66	G	948	335	197	542476	0	35	968	544959	5	1	4	17362	0	0	4	17376
TP1_synth_reverse		67	C	910	543063	588	28	188	112	68	544957	0	17363	8	0	2	3	0	17376
TP1_synth_reverse		68	A	542509	574	1195	116	0	88	73	544555	17347	2	26	0	0	2	0	17377
TP1_synth_reverse		69	C	206	543713	417	39	1	53	121	544550	1	17368	6	0	0	0	2	17377
TP1_synth_reverse		70	T	1172	199	58	174	1	20	542915	544539	1	4	7	0	0	0	17365	17377
TP1_synth_reverse		71	C	341	543760	231	31	0	10	163	544536	0	17359	14	0	0	0	4	17377
TP1_synth_reverse		72	C	903	543294	59	67	1	46	161	544531	0	17372	4	0	0	0	1	17377
TP1_synth_reverse		73	G	990	287	552	542396	0	123	173	544521	8	1	21	17345	0	1	1	17377
TP1_synth_reverse		74	A	542404	302	266	148	292	64	1044	544520	17343	4	9	5	4	0	12	17377
TP1_synth_reverse		75	G	122	291	795	542163	1	14	1122	544508	1	0	21	17341	0	0	14	17377
TP1_synth_reverse		76	T	2988	79	1033	69	4	22	540294	544489	7	1	17	0	1	0	17351	17377
TP1_synth_reverse		77	G	667	364	481	541971	0	23	968	544474	8	0	3	17363	0	0	3	17377
TP1_synth_reverse		78	C	460	542987	138	30	12	38	803	544468	0	17361	8	0	1	0	7	17377
TP1_synth_reverse		79	G	978	818	102	541844	0	108	605	544455	11	2	4	17354	0	1	5	17377
TP1_synth_reverse		80	G	401	271	1	543415	1	136	222	544447	4	2	0	17370	0	1	0	17377
TP1_synth_reverse		81	C	942	542629	234	48	333	104	151	544441	10	17352	5	0	5	1	4	17377
TP1_synth_reverse		82	A	540600	56	2729	109	0	53	107	543654	17321	1	35	0	0	1	0	17358
TP1_synth_reverse		83	A	543247	71	10	98	0	147	74	543647	17356	1	0	0	0	1	0	17358
TP1_synth_reverse		84	A	543088	45	0	367	1	59	39	543599	17354	0	0	4	0	0	0	17358
TP1_synth_reverse		85	G	434	252	58	542376	158	72	142	543492	1	0	6	17347	2	1	0	17357
TP1_synth_reverse		86	C	342	542909	45	19	2	42	86	543445	0	17352	4	0	0	0	1	17357
TP1_synth_reverse		87	T	1187	84	61	74	1	50	541916	543373	1	3	1	0	0	0	17352	17357
TP1_synth_reverse		88	G	176	402	2	542383	12	86	262	543323	2	0	0	17353	0	1	1	17357
TP1_synth_reverse		89	T	928	75	331	33	0	189	541720	543276	0	0	14	0	0	3	17340	17357
TP1_synth_reverse		90	T	986	83	0	35	1	97	541872	543074	1	0	0	0	0	1	17355	17357
TP1_synth_reverse		91	C	438	542191	0	193	1	21	107	542951	0	17356	0	1	0	0	0	17357
TP1_synth_reverse		92	C	523	541689	0	348	0	35	187	542782	4	17343	0	2	0	0	2	17351
TP1_synth_reverse		93	G	496	156	0	541590	0	81	98	542421	4	0	0	17342	0	0	0	17346
TP1_synth_reverse		94	T	807	93	0	102	0	146	541141	542289	1	0	0	0	0	1	17342	17344
TP1_synth_reverse		95	C	0	541563	0	0	0	77	0	541640	0	17337	0	0	0	2	0	17339
TP1_synth_reverse		96	C	0	541065	0	0	0	35	0	541100	0	17335	0	0	0	1	0	17336
TP1_synth_reverse		97	C	0	539591	0	0	0	119	0	539710	0	17327	0	0	0	3	0	17330
TP1_synth_reverse		98	A	537147	0	0	0	0	0	0	537147	17309	0	0	0	0	0	0	17309
TP1_synth_reverse		99	G	0	0	0	535640	0	0	0	535640	0	0	0	17305	0	0	0	17305
