



























































































































































































































#AmpliconChromStart	Alias	Position	ProbableRef	rawA	rawC	rawD	rawG	rawI	rawN	rawT	rawDepth	consA	consC	consD	consG	consI	consN	consT	consDepth	
TP1_synth_reverse		1	G	0	0	0	536006	0	0	0	536006	0	0	0	6426	0	0	0	6426
TP1_synth_reverse		2	T	0	0	0	0	0	0	537430	537430	0	0	0	0	0	0	6432	6432
TP1_synth_reverse		3	G	0	0	0	539044	0	103	0	539147	0	0	0	6444	0	0	0	6444
TP1_synth_reverse		4	G	0	0	0	540659	0	51	0	540710	0	0	0	6455	0	0	0	6455
TP1_synth_reverse		5	T	0	0	0	0	0	163	540969	541132	0	0	0	0	0	0	6459	6459
TP1_synth_reverse		6	G	100	64	0	541488	0	12	253	541917	0	0	0	6461	0	0	1	6462
TP1_synth_reverse		7	A	542278	19	0	75	0	5	95	542472	6466	0	0	0	0	0	0	6466
TP1_synth_reverse		8	G	97	46	0	542899	0	59	83	543184	0	0	0	6472	0	0	0	6472
TP1_synth_reverse		9	G	87	89	0	542909	3	11	272	543371	0	0	0	6474	0	0	1	6475
TP1_synth_reverse		10	C	241	542739	2	29	0	19	341	543371	0	6472	0	0	0	0	3	6475
TP1_synth_reverse		11	T	276	84	242	20	314	28	542434	543398	0	0	2	0	6	0	6467	6475
TP1_synth_reverse		12	C	254	541599	1374	22	0	59	101	543409	0	6462	13	0	0	0	0	6475
TP1_synth_reverse		13	C	310	542882	2	24	1	89	123	543431	0	6475	0	0	0	0	0	6475
TP1_synth_reverse		14	C	241	543027	0	24	0	44	113	543449	0	6475	0	0	0	0	0	6475
TP1_synth_reverse		15	C	246	542784	198	38	3	29	158	543456	0	6470	4	0	0	0	1	6475
TP1_synth_reverse		16	T	491	50	1240	31	0	20	541624	543456	0	0	15	0	0	0	6460	6475
TP1_synth_reverse		17	T	588	86	300	24	0	120	542344	543462	0	0	2	0	0	0	6473	6475
TP1_synth_reverse		18	T	456	94	177	16	0	105	542631	543479	0	0	1	0	0	0	6474	6475
TP1_synth_reverse		19	C	419	542887	581	28	217	75	162	544369	0	6469	4	0	2	0	1	6476
TP1_synth_reverse		20	T	561	55	2303	41	0	35	541374	544369	0	0	15	0	0	0	6461	6476
TP1_synth_reverse		21	T	1668	90	394	60	601	116	541440	544369	0	0	3	1	6	0	6466	6476
TP1_synth_reverse		22	G	125	619	437	542506	305	101	276	544369	0	0	3	6470	2	0	1	6476
TP1_synth_reverse		23	C	645	540859	825	104	866	86	998	544383	0	6454	6	1	12	0	3	6476
TP1_synth_reverse		24	G	968	130	1265	541265	3	48	715	544394	5	0	14	6456	0	0	1	6476
TP1_synth_reverse		25	G	201	386	46	543256	242	47	216	544394	0	0	1	6469	6	0	0	6476
TP1_synth_reverse		26	A	542929	16	457	116	721	88	93	544420	6468	0	4	0	5	0	0	6477
TP1_synth_reverse		27	G	236	139	481	542739	96	55	674	544420	4	0	5	6466	1	0	1	6477
TP1_synth_reverse		28	A	543157	87	828	62	154	51	81	544420	6467	0	6	0	4	0	0	6477
TP1_synth_reverse		29	T	667	72	493	50	1	5	543132	544420	0	0	5	0	0	0	6472	6477
TP1_synth_reverse		30	T	2377	123	376	10	51	42	541441	544420	0	0	1	0	1	0	6475	6477
TP1_synth_reverse		31	C	680	542395	872	27	329	21	89	544413	1	6466	7	0	3	0	0	6477
TP1_synth_reverse		32	T	830	84	506	42	49	38	542860	544409	0	1	3	0	1	0	6472	6477
TP1_synth_reverse		33	C	724	542888	388	30	1	16	357	544404	0	6474	1	0	0	0	2	6477
TP1_synth_reverse		34	T	1175	104	569	54	0	26	542478	544406	0	0	3	0	0	0	6474	6477
TP1_synth_reverse		35	T	2685	88	926	44	3	38	540609	544393	0	0	3	0	0	0	6474	6477
TP1_synth_reverse		36	C	554	542756	959	15	2	44	78	544408	0	6473	4	0	0	0	0	6477
TP1_synth_reverse		37	C	607	542374	958	55	14	26	367	544401	0	6472	3	0	0	0	2	6477
TP1_synth_reverse		38	T	1302	41	1418	24	1	63	541542	544391	0	0	4	0	0	0	6473	6477
TP1_synth_reverse		39	C	409	541843	1886	36	80	32	95	544381	0	6463	13	0	1	0	0	6477
TP1_synth_reverse		40	T	1437	94	1067	19	264	22	541473	544376	0	1	5	0	4	0	6467	6477
TP1_synth_reverse		41	G	252	1289	1069	540127	7	9	1615	544368	1	0	5	6471	0	0	0	6477
TP1_synth_reverse		42	T	2315	230	1216	26	1771	96	538710	544364	0	0	7	0	6	0	6464	6477
TP1_synth_reverse		43	G	626	1236	1344	539907	17	51	1173	544354	2	0	8	6465	0	0	2	6477
TP1_synth_reverse		44	C	746	541049	1669	36	5	84	761	544350	0	6457	14	0	0	0	6	6477
TP1_synth_reverse		45	G	515	425	1097	539705	1	45	2550	544338	1	1	7	6468	0	0	0	6477
TP1_synth_reverse		46	C	1223	541610	1355	39	0	18	114	544359	0	6468	9	0	0	0	0	6477
TP1_synth_reverse		47	C	409	543247	137	20	122	1	421	544357	0	6467	3	0	3	0	4	6477
TP1_synth_reverse		48	G	854	1122	147	539982	17	4	2220	544346	3	0	3	6471	0	0	0	6477
TP1_synth_reverse		49	A	543838	164	138	45	1	28	121	544335	6472	3	3	0	0	0	0	6478
TP1_synth_reverse		50	T	2345	66	122	26	491	15	541576	544641	0	0	2	0	1	0	6478	6481
TP1_synth_reverse		51	A	544215	44	119	65	90	46	109	544688	6478	0	2	0	2	0	0	6482
TP1_synth_reverse		52	C	614	542704	480	33	42	33	626	544532	0	6477	4	0	0	0	1	6482
TP1_synth_reverse		53	A	543510	29	669	103	116	32	97	544556	6479	0	3	0	1	0	0	6483
TP1_synth_reverse		54	G	179	337	1264	542333	1	14	414	544542	0	0	6	6477	0	0	0	6483
TP1_synth_reverse		55	A	543854	136	532	82	0	41	60	544705	6480	0	4	0	0	0	0	6484
TP1_synth_reverse		56	A	544397	10	74	77	0	40	105	544703	6483	0	1	0	0	0	0	6484
TP1_synth_reverse		57	T	3032	39	764	141	1	30	540681	544688	0	0	2	0	0	0	6482	6484
TP1_synth_reverse		58	A	544147	12	456	66	0	42	97	544820	6479	0	6	0	0	0	0	6485
TP1_synth_reverse		59	T	1978	75	105	85	0	12	542548	544803	0	1	1	0	0	0	6483	6485
TP1_synth_reverse		60	C	1286	542827	436	76	69	34	67	544795	0	6482	2	0	1	0	0	6485
TP1_synth_reverse		61	T	1498	83	208	234	1	12	542796	544832	0	0	3	0	0	0	6483	6486
TP1_synth_reverse		62	G	551	303	165	543098	10	78	639	544844	0	0	3	6484	0	0	0	6487
TP1_synth_reverse		63	T	3839	554	1387	33	0	24	539082	544919	0	2	9	0	0	0	6477	6488
TP1_synth_reverse		64	T	2171	383	122	68	340	52	541794	544930	0	2	2	0	0	0	6485	6489
TP1_synth_reverse		65	C	556	543654	365	52	74	77	151	544929	0	6485	4	0	0	0	0	6489
TP1_synth_reverse		66	G	948	334	197	542451	0	35	968	544933	2	0	2	6484	0	0	1	6489
TP1_synth_reverse		67	C	909	543039	587	28	188	112	68	544931	0	6485	4	0	0	0	0	6489
TP1_synth_reverse		68	A	542483	574	1195	116	0	88	73	544529	6481	1	8	0	0	0	0	6490
TP1_synth_reverse		69	C	206	543687	417	39	1	53	121	544524	0	6488	2	0	0	0	0	6490
TP1_synth_reverse		70	T	1172	199	58	174	1	20	542889	544513	0	1	1	0	0	0	6488	6490
TP1_synth_reverse		71	C	338	543737	231	31	0	10	163	544510	0	6489	0	0	0	0	1	6490
TP1_synth_reverse		72	C	901	543270	59	67	1	46	161	544505	0	6490	0	0	0	0	0	6490
TP1_synth_reverse		73	G	989	287	552	542371	0	123	173	544495	4	0	4	6482	0	0	0	6490
TP1_synth_reverse		74	A	542378	302	266	148	292	64	1044	544494	6478	2	4	0	3	0	3	6490
TP1_synth_reverse		75	G	120	290	795	542140	1	14	1122	544482	0	0	6	6481	0	0	3	6490
TP1_synth_reverse		76	T	2974	79	1032	69	4	22	540284	544464	0	0	6	0	0	0	6484	6490
TP1_synth_reverse		77	G	666	363	481	541953	0	23	963	544449	4	0	0	6485	0	0	1	6490
TP1_synth_reverse		78	C	459	542963	138	30	12	38	803	544443	0	6484	2	0	0	0	4	6490
TP1_synth_reverse		79	G	976	810	102	541832	0	108	602	544430	4	0	1	6482	0	0	3	6490
TP1_synth_reverse		80	G	399	271	1	543394	1	136	220	544422	1	1	0	6488	0	0	0	6490
TP1_synth_reverse		81	C	942	542604	234	48	333	104	151	544416	2	6483	2	0	2	1	0	6490
TP1_synth_reverse		82	A	540575	56	2729	109	0	53	107	543629	6480	0	9	0	0	0	0	6489
TP1_synth_reverse		83	A	543222	71	10	98	0	147	74	543622	6489	0	0	0	0	0	0	6489
TP1_synth_reverse		84	A	543064	45	0	366	1	59	39	543574	6488	0	0	1	0	0	0	6489
TP1_synth_reverse		85	G	434	252	58	542351	158	72	142	543467	0	0	1	6488	0	0	0	6489
TP1_synth_reverse		86	C	342	542885	45	18	2	42	86	543420	0	6488	1	0	0	0	0	6489
TP1_synth_reverse		87	T	1186	84	61	74	1	50	541892	543348	0	0	1	0	0	0	6488	6489
TP1_synth_reverse		88	G	176	402	2	542358	12	86	262	543298	0	0	0	6489	0	0	0	6489
TP1_synth_reverse		89	T	927	75	331	33	0	189	541696	543251	0	0	3	0	0	0	6486	6489
TP1_synth_reverse		90	T	985	83	0	35	1	97	541848	543049	0	0	0	0	0	0	6489	6489
TP1_synth_reverse		91	C	438	542166	0	193	1	21	107	542926	0	6489	0	0	0	0	0	6489
TP1_synth_reverse		92	C	523	541664	0	348	0	35	187	542757	2	6486	0	0	0	0	0	6488
TP1_synth_reverse		93	G	496	154	0	541567	0	81	98	542396	1	0	0	6487	0	0	0	6488
TP1_synth_reverse		94	T	807	93	0	102	0	146	541116	542264	0	0	0	0	0	0	6488	6488
TP1_synth_reverse		95	C	0	541538	0	0	0	77	0	541615	0	6488	0	0	0	0	0	6488
TP1_synth_reverse		96	C	0	541041	0	0	0	35	0	541076	0	6488	0	0	0	0	0	6488
TP1_synth_reverse		97	C	0	539566	0	0	0	119	0	539685	0	6487	0	0	0	0	0	6487
TP1_synth_reverse		98	A	537122	0	0	0	0	0	0	537122	6484	0	0	0	0	0	0	6484
TP1_synth_reverse		99	G	0	0	0	535615	0	0	0	535615	0	0	0	6484	0	0	0	6484
