



























































































































































































































#AmpliconChromStart	Alias	Position	ProbableRef	rawA	rawC	rawD	rawG	rawI	rawN	rawT	rawDepth	consA	consC	consD	consG	consI	consN	consT	consDepth
TP1_synth_forward	TP1_synth_forward	1	G	0	0	0	1082639	0	0	0	1082639	0	0	0	17665	0	0	0	17665
TP1_synth_forward	TP1_synth_forward	2	T	0	0	0	0	0	0	1084753	1084753	0	0	0	0	0	0	17686	17686
TP1_synth_forward	TP1_synth_forward	3	G	0	0	0	1089069	0	22	0	1089091	0	0	0	17725	0	0	0	17725
TP1_synth_forward	TP1_synth_forward	4	G	0	0	0	1091385	0	9	0	1091394	0	0	0	17742	0	0	0	17742
TP1_synth_forward	TP1_synth_forward	5	T	0	0	0	0	0	24	1091370	1091394	0	0	0	0	0	0	17742	17742
TP1_synth_forward	TP1_synth_forward	6	G	211	118	0	1090564	0	278	223	1091394	0	0	0	17742	0	0	0	17742
TP1_synth_forward	TP1_synth_forward	7	A	1090745	30	0	159	0	259	201	1091394	17742	0	0	0	0	0	0	17742
TP1_synth_forward	TP1_synth_forward	8	G	188	53	0	1090830	1	46	276	1091394	0	0	0	17741	0	0	1	17742
TP1_synth_forward	TP1_synth_forward	9	G	339	174	0	1090094	24	416	347	1091394	2	0	0	17737	1	0	2	17742
TP1_synth_forward	TP1_synth_forward	10	C	187	1090575	68	31	37	261	235	1091394	0	17742	0	0	0	0	0	17742
TP1_synth_forward	TP1_synth_forward	11	T	616	164	339	22	735	209	1089309	1091394	0	0	4	0	14	0	17724	17742
TP1_synth_forward	TP1_synth_forward	12	C	207	1085936	4880	32	1	72	266	1091394	0	17683	59	0	0	0	0	17742
TP1_synth_forward	TP1_synth_forward	13	C	437	1090563	7	23	1	156	207	1091394	0	17742	0	0	0	0	0	17742
TP1_synth_forward	TP1_synth_forward	14	C	381	1090691	0	51	33	49	189	1091394	0	17741	0	0	1	0	0	17742
TP1_synth_forward	TP1_synth_forward	15	C	244	1090512	70	15	233	143	177	1091394	0	17738	2	0	1	0	1	17742
TP1_synth_forward	TP1_synth_forward	16	T	684	839	2845	23	0	84	1086919	1091394	0	2	43	0	0	0	17697	17742
TP1_synth_forward	TP1_synth_forward	17	T	527	217	432	30	0	75	1090113	1091394	0	3	8	0	0	0	17731	17742
TP1_synth_forward	TP1_synth_forward	18	T	376	113	729	31	382	233	1089530	1091394	0	1	15	0	4	0	17722	17742
TP1_synth_forward	TP1_synth_forward	19	A	1088392	6	2400	127	53	117	299	1091394	17703	0	37	0	1	0	1	17742
TP1_synth_forward	TP1_synth_forward	20	T	487	220	1561	65	117	145	1088799	1091394	0	2	22	0	2	0	17716	17742
TP1_synth_forward	TP1_synth_forward	21	A	1089509	20	1172	139	2	145	407	1091394	17721	0	17	0	0	0	4	17742
TP1_synth_forward	TP1_synth_forward	22	C	331	1088543	1832	76	200	79	333	1091394	0	17711	28	0	2	0	1	17742
TP1_synth_forward	TP1_synth_forward	23	A	1088386	20	2130	190	134	285	249	1091394	17709	0	29	0	4	0	0	17742
TP1_synth_forward	TP1_synth_forward	24	G	250	69	2774	1087260	353	263	425	1091394	2	0	37	17698	4	0	1	17742
TP1_synth_forward	TP1_synth_forward	25	A	1087352	23	3526	194	1	152	146	1091394	17700	0	42	0	0	0	0	17742
TP1_synth_forward	TP1_synth_forward	26	A	1089518	17	1465	142	0	81	171	1091394	17720	0	22	0	0	0	0	17742
TP1_synth_forward	TP1_synth_forward	27	T	1294	179	1937	111	147	84	1087642	1091394	0	1	31	0	4	0	17706	17742
TP1_synth_forward	TP1_synth_forward	28	A	1088746	33	2007	86	205	128	189	1091394	17713	0	26	0	3	0	0	17742
TP1_synth_forward	TP1_synth_forward	29	T	698	113	1794	401	16	167	1088205	1091394	0	0	24	0	0	0	17718	17742
TP1_synth_forward	TP1_synth_forward	30	C	499	1088028	2465	62	45	71	224	1091394	0	17711	31	0	0	0	0	17742
TP1_synth_forward	TP1_synth_forward	31	T	2716	120	2380	25	23	25	1086041	1091330	0	0	28	0	0	0	17714	17742
TP1_synth_forward	TP1_synth_forward	32	G	514	428	3310	1085828	58	80	394	1090612	2	1	38	17699	2	0	0	17742
TP1_synth_forward	TP1_synth_forward	33	T	2402	351	4432	17	0	187	1081860	1089249	0	4	49	0	0	0	17688	17741
TP1_synth_forward	TP1_synth_forward	34	T	4080	226	2889	4	22	211	1080775	1088207	0	2	33	0	1	0	17705	17741
TP1_synth_forward	TP1_synth_forward	35	C	802	1082158	3919	45	565	60	290	1087839	0	17691	44	0	4	0	1	17740
TP1_synth_forward	TP1_synth_forward	36	G	445	327	4091	1079002	13	263	2099	1086240	1	1	50	17688	0	0	0	17740
TP1_synth_forward	TP1_synth_forward	37	C	411	1080708	3961	38	74	258	251	1085701	0	17692	44	0	1	0	1	17738
TP1_synth_forward	TP1_synth_forward	38	A	1080308	161	4231	167	9	103	214	1085193	17691	1	44	0	0	0	1	17737
TP1_synth_forward	TP1_synth_forward	39	C	308	1077455	5352	142	153	95	515	1084020	0	17678	53	0	1	0	4	17736
TP1_synth_forward	TP1_synth_forward	40	T	3121	224	8574	23	158	83	1069654	1081837	0	2	88	0	1	0	17644	17735
TP1_synth_forward	TP1_synth_forward	41	C	435	1074532	6255	23	194	152	215	1081806	1	17670	63	0	1	0	0	17735
TP1_synth_forward	TP1_synth_forward	42	C	505	1074420	5698	62	198	58	816	1081757	0	17669	59	0	2	0	5	17735
TP1_synth_forward	TP1_synth_forward	43	G	537	316	6575	1071634	216	79	1823	1081180	2	0	66	17664	3	0	0	17735
TP1_synth_forward	TP1_synth_forward	44	A	1073586	32	6279	97	265	170	92	1080521	17669	0	62	0	2	0	0	17733
TP1_synth_forward	TP1_synth_forward	45	G	275	524	7713	1069842	287	408	1075	1080124	3	0	68	17656	3	0	2	17732
TP1_synth_forward	TP1_synth_forward	46	T	2361	151	6695	50	366	151	1069949	1079723	0	0	58	0	4	0	17668	17730
TP1_synth_forward	TP1_synth_forward	47	G	631	345	6743	1068767	58	186	472	1077202	0	0	57	17672	1	0	0	17730
TP1_synth_forward	TP1_synth_forward	48	C	507	1067635	7399	47	485	409	599	1077081	0	17665	63	0	1	0	0	17729
TP1_synth_forward	TP1_synth_forward	49	G	332	241	6426	1068968	0	312	755	1077034	0	0	57	17671	0	1	0	17729
TP1_synth_forward	TP1_synth_forward	50	G	295	363	6142	1068973	301	169	479	1076722	0	0	54	17673	2	0	0	17729
TP1_synth_forward	TP1_synth_forward	51	C	388	1064802	9318	1406	12	312	438	1076676	0	17663	66	0	0	0	0	17729
TP1_synth_forward	TP1_synth_forward	52	T	2344	110	8612	289	521	233	1064519	1076628	0	0	61	0	2	0	17666	17729
TP1_synth_forward	TP1_synth_forward	53	T	2003	650	6428	102	304	92	1066733	1076312	0	3	52	0	2	0	17671	17728
TP1_synth_forward	TP1_synth_forward	54	G	318	275	7064	1066596	208	219	1123	1075803	0	0	50	17676	1	0	1	17728
TP1_synth_forward	TP1_synth_forward	55	C	432	1066790	6402	58	394	507	1086	1075669	0	17670	50	0	2	0	6	17728
TP1_synth_forward	TP1_synth_forward	56	G	428	207	7110	1066209	7	344	739	1075044	1	0	53	17674	0	0	0	17728
TP1_synth_forward	TP1_synth_forward	57	G	235	154	4996	1067833	201	151	454	1074024	0	0	42	17684	2	0	0	17728
TP1_synth_forward	TP1_synth_forward	58	A	1067025	47	6070	234	339	88	207	1074010	17680	0	47	0	1	0	0	17728
TP1_synth_forward	TP1_synth_forward	59	G	214	165	4567	1068028	239	56	556	1073825	0	0	37	17690	1	0	0	17728
TP1_synth_forward	TP1_synth_forward	60	A	1067879	86	5238	158	5	73	150	1073589	17684	0	44	0	0	0	0	17728
TP1_synth_forward	TP1_synth_forward	61	T	550	319	6134	588	5	135	1065238	1072969	0	1	44	0	0	0	17683	17728
TP1_synth_forward	TP1_synth_forward	62	T	1857	248	4244	544	470	122	1064828	1072313	0	0	28	0	2	0	17698	17728
TP1_synth_forward	TP1_synth_forward	63	C	651	1066653	4176	67	66	177	175	1071965	1	17703	24	0	0	0	0	17728
TP1_synth_forward	TP1_synth_forward	64	T	2769	214	4276	98	316	153	1064035	1071861	0	1	26	0	0	0	17701	17728
TP1_synth_forward	TP1_synth_forward	65	C	313	1067210	3835	51	68	195	164	1071836	0	17705	23	0	0	0	0	17728
TP1_synth_forward	TP1_synth_forward	66	T	2345	210	3537	64	63	99	1065346	1071664	0	1	18	0	0	0	17708	17727
TP1_synth_forward	TP1_synth_forward	67	T	2853	266	2633	106	294	125	1065096	1071373	1	0	13	0	2	0	17711	17727
TP1_synth_forward	TP1_synth_forward	68	C	609	1066629	3546	40	1	141	282	1071248	0	17709	16	0	0	0	1	17726
TP1_synth_forward	TP1_synth_forward	69	C	635	1067428	2265	88	247	193	361	1071217	0	17713	12	0	1	0	0	17726
TP1_synth_forward	TP1_synth_forward	70	T	2496	208	2074	186	314	297	1065598	1071173	0	2	10	1	2	0	17711	17726
TP1_synth_forward	TP1_synth_forward	71	C	612	1066901	2818	28	163	132	182	1070836	0	17714	11	0	0	0	0	17725
TP1_synth_forward	TP1_synth_forward	72	T	3189	116	2834	23	259	167	1064103	1070691	0	0	12	0	0	0	17713	17725
TP1_synth_forward	TP1_synth_forward	73	G	471	719	3579	1065266	28	160	445	1070668	0	1	12	17710	1	0	1	17725
TP1_synth_forward	TP1_synth_forward	74	T	2061	465	1793	44	357	163	1065745	1070628	0	0	7	0	1	0	17717	17725
TP1_synth_forward	TP1_synth_forward	75	G	435	226	1819	1067596	1	149	377	1070603	1	0	4	17720	0	0	0	17725
TP1_synth_forward	TP1_synth_forward	76	C	632	1064894	2159	95	367	260	2157	1070564	0	17711	8	0	0	0	6	17725
TP1_synth_forward	TP1_synth_forward	77	G	762	467	2147	1066039	17	152	900	1070484	1	0	7	17716	0	0	0	17724
TP1_synth_forward	TP1_synth_forward	78	C	301	1065986	2909	50	30	184	1017	1070477	0	17713	11	0	0	0	0	17724
TP1_synth_forward	TP1_synth_forward	79	C	330	1065891	1996	68	922	236	1015	1070458	0	17715	8	0	1	0	0	17724
TP1_synth_forward	TP1_synth_forward	80	G	1215	726	3368	1064262	31	80	721	1070403	0	0	12	17712	0	0	0	17724
TP1_synth_forward	TP1_synth_forward	81	C	317	1066077	3212	41	473	53	204	1070377	0	17717	6	0	1	0	0	17724
TP1_synth_forward	TP1_synth_forward	82	A	1066508	59	3063	275	5	60	393	1070363	17715	0	9	0	0	0	0	17724
TP1_synth_forward	TP1_synth_forward	83	A	1068168	120	1547	232	1	132	156	1070356	17720	0	4	0	0	0	0	17724
TP1_synth_forward	TP1_synth_forward	84	A	1069018	129	378	270	48	351	119	1070313	17722	0	2	0	0	0	0	17724
TP1_synth_forward	TP1_synth_forward	85	G	256	293	302	1068859	72	223	212	1070217	0	0	1	17723	0	0	0	17724
TP1_synth_forward	TP1_synth_forward	86	C	461	1068915	58	176	94	196	203	1070103	0	17724	0	0	0	0	0	17724
TP1_synth_forward	TP1_synth_forward	87	T	3891	117	628	449	128	195	1064552	1069960	1	0	3	0	0	0	17720	17724
TP1_synth_forward	TP1_synth_forward	88	G	483	302	150	1068119	68	100	374	1069596	1	0	0	17723	0	0	0	17724
TP1_synth_forward	TP1_synth_forward	89	T	1607	135	339	40	0	60	1067304	1069485	0	0	1	0	0	0	17723	17724
TP1_synth_forward	TP1_synth_forward	90	T	2481	182	146	46	943	69	1065415	1069282	0	0	2	0	2	0	17720	17724
TP1_synth_forward	TP1_synth_forward	91	C	812	1067185	488	80	0	19	449	1069033	0	17723	1	0	0	0	0	17724
TP1_synth_forward	TP1_synth_forward	92	C	562	1067896	0	58	0	55	321	1068892	0	17724	0	0	0	0	0	17724
TP1_synth_forward	TP1_synth_forward	93	G	873	533	0	1066775	0	85	195	1068461	0	0	0	17724	0	0	0	17724
TP1_synth_forward	TP1_synth_forward	94	T	2292	125	0	107	0	97	1065271	1067892	0	0	0	0	0	0	17724	17724
TP1_synth_forward	TP1_synth_forward	95	C	472	1066330	0	184	0	178	344	1067508	0	17724	0	0	0	0	0	17724
TP1_synth_forward	TP1_synth_forward	96	C	0	1066354	0	1	0	80	0	1066435	0	17724	0	0	0	0	0	17724
TP1_synth_forward	TP1_synth_forward	97	C	0	1063771	0	0	0	94	0	1063865	0	17724	0	0	0	0	0	17724
TP1_synth_forward	TP1_synth_forward	98	A	1058451	0	0	0	0	30	0	1058481	17723	0	0	0	0	0	0	17723
TP1_synth_forward	TP1_synth_forward	99	G	4	0	0	1056484	0	0	0	1056488	0	0	0	17723	0	0	0	17723
TP1_synth_forward	TP1_synth_forward	100	T	0	0	0	0	0	0	1053417	1053417	0	0	0	0	0	0	17722	17722
