



























































































































































































































#AmpliconChromStart	Alias	Position	ProbableRef	rawA	rawC	rawD	rawG	rawI	rawN	rawT	rawDepth	consA	consC	consD	consG	consI	consN	consT	consDepth	
TP1_synth_reverse		1	G	0	0	0	1128924	0	0	0	1128924	0	0	0	14401	0	0	0	14401
TP1_synth_reverse		2	T	0	0	0	0	0	0	1130895	1130895	0	0	0	0	0	0	14421	14421
TP1_synth_reverse		3	G	0	0	0	1135167	0	124	0	1135291	0	0	0	14449	0	0	0	14449
TP1_synth_reverse		4	G	0	0	0	1135973	0	66	0	1136039	0	0	0	14459	0	0	0	14459
TP1_synth_reverse		5	T	0	0	0	0	0	28	1136561	1136589	0	0	0	0	0	0	14462	14462
TP1_synth_reverse		6	G	142	99	0	1138193	0	21	177	1138632	0	0	0	14472	0	0	1	14473
TP1_synth_reverse		7	A	1139179	26	0	122	0	83	164	1139574	14481	0	0	0	0	0	0	14481
TP1_synth_reverse		8	G	136	78	0	1141204	1	151	620	1142190	1	0	0	14493	0	0	5	14499
TP1_synth_reverse		9	G	150	157	0	1142121	4	50	170	1142652	1	0	0	14501	0	0	1	14503
TP1_synth_reverse		10	C	300	1142038	90	33	1	38	152	1142652	0	14502	1	0	0	0	0	14503
TP1_synth_reverse		11	T	209	216	27	12	856	31	1141314	1142665	0	0	0	0	11	0	14492	14503
TP1_synth_reverse		12	C	416	1139029	2858	34	3	99	226	1142665	0	14478	24	0	0	0	1	14503
TP1_synth_reverse		13	C	523	1141833	3	41	1	134	148	1142683	0	14503	0	0	0	0	0	14503
TP1_synth_reverse		14	C	529	1141884	0	22	1	59	188	1142683	0	14503	0	0	0	0	0	14503
TP1_synth_reverse		15	C	323	1141497	34	40	591	73	142	1142700	0	14494	1	0	8	0	0	14503
TP1_synth_reverse		16	T	431	121	1768	20	1	253	1140123	1142717	0	0	24	0	0	0	14479	14503
TP1_synth_reverse		17	T	393	344	4	15	0	87	1141874	1142717	0	2	0	0	0	0	14501	14503
TP1_synth_reverse		18	T	413	212	193	10	84	80	1141737	1142729	0	4	2	0	2	0	14496	14504
TP1_synth_reverse		19	C	390	1140625	713	25	718	78	196	1142745	0	14484	5	0	13	0	3	14505
TP1_synth_reverse		20	T	267	156	1052	29	2	36	1141203	1142745	0	2	9	0	0	0	14494	14505
TP1_synth_reverse		21	T	586	200	149	68	2946	137	1138659	1142745	0	0	5	0	39	0	14461	14505
TP1_synth_reverse		22	G	263	490	825	1139478	747	30	926	1142759	5	0	12	14477	5	0	7	14506
TP1_synth_reverse		23	C	687	1128642	1882	452	10000	36	1070	1142769	0	14368	20	2	100	0	16	14506
TP1_synth_reverse		24	G	273	399	1239	1139551	16	55	1709	1143242	0	1	16	14481	0	0	10	14508
TP1_synth_reverse		25	G	159	734	677	1138533	2227	155	778	1143263	0	0	11	14480	13	0	5	14509
TP1_synth_reverse		26	A	1138920	25	1785	219	2077	54	199	1143279	14463	0	24	0	22	0	1	14510
TP1_synth_reverse		27	G	270	1044	1246	1139761	415	40	503	1143279	1	3	10	14486	6	0	4	14510
TP1_synth_reverse		28	A	1141194	52	893	117	810	45	168	1143279	14497	0	11	0	2	0	0	14510
TP1_synth_reverse		29	T	331	139	1885	166	0	181	1140577	1143279	0	0	25	0	0	0	14485	14510
TP1_synth_reverse		30	T	1097	197	1153	65	2	160	1140605	1143279	0	2	6	0	0	0	14502	14510
TP1_synth_reverse		31	C	597	1140273	1900	43	171	94	185	1143263	0	14488	13	0	6	0	3	14510
TP1_synth_reverse		32	T	675	121	639	73	8	476	1141264	1143256	0	0	8	0	0	0	14502	14510
TP1_synth_reverse		33	C	491	1140368	1408	53	637	169	121	1143247	0	14493	11	0	6	0	0	14510
TP1_synth_reverse		34	T	852	193	1112	96	1	106	1140883	1143243	0	1	16	0	0	0	14493	14510
TP1_synth_reverse		35	T	1817	145	371	86	208	112	1140499	1143238	1	0	4	0	3	0	14503	14511
TP1_synth_reverse		36	C	568	1140422	1939	44	1	75	184	1143233	0	14486	23	0	0	0	2	14511
TP1_synth_reverse		37	C	678	1141270	189	88	192	99	704	1143220	0	14505	2	0	2	0	2	14511
TP1_synth_reverse		38	T	830	206	1043	315	475	42	1140295	1143206	0	1	7	0	6	0	14497	14511
TP1_synth_reverse		39	C	457	1141650	400	57	437	76	128	1143205	0	14498	9	0	4	0	0	14511
TP1_synth_reverse		40	T	1523	116	791	46	4235	204	1136287	1143202	0	0	12	0	32	0	14467	14511
TP1_synth_reverse		41	G	742	713	1891	1138526	221	39	1046	1143178	5	0	16	14481	2	0	7	14511
TP1_synth_reverse		42	T	2538	126	713	43	4511	84	1135156	1143171	0	0	8	0	42	0	14461	14511
TP1_synth_reverse		43	G	517	535	470	1139181	772	495	1212	1143182	1	0	5	14489	11	0	6	14512
TP1_synth_reverse		44	C	669	1135660	1135	248	3094	218	2167	1143191	1	14454	9	1	28	0	19	14512
TP1_synth_reverse		45	G	288	438	1232	1138959	274	80	1898	1143169	0	0	7	14497	5	0	3	14512
TP1_synth_reverse		46	C	916	1140058	1442	76	2	16	653	1143163	0	14492	14	0	0	0	6	14512
TP1_synth_reverse		47	C	410	1139904	23	63	2415	30	325	1143170	0	14488	2	0	22	0	0	14512
TP1_synth_reverse		48	G	540	726	1065	1139196	210	59	1341	1143137	2	0	8	14499	2	0	1	14512
TP1_synth_reverse		49	A	1140615	62	1326	129	539	260	223	1143154	14500	0	11	0	2	0	0	14513
TP1_synth_reverse		50	T	1238	216	829	215	835	161	1139647	1143141	0	4	9	0	5	0	14495	14513
TP1_synth_reverse		51	A	1140803	96	925	157	872	147	153	1143153	14501	0	7	0	5	0	0	14513
TP1_synth_reverse		52	C	602	1140516	729	155	165	364	608	1143139	0	14504	5	0	1	0	3	14513
TP1_synth_reverse		53	A	1138690	51	1077	262	2446	436	188	1143150	14472	0	12	0	30	0	0	14514
TP1_synth_reverse		54	G	153	277	968	1140786	231	135	586	1143136	0	0	7	14503	1	0	3	14514
TP1_synth_reverse		55	A	1142308	103	327	139	0	153	101	1143131	14509	0	5	0	0	0	0	14514
TP1_synth_reverse		56	A	1142511	21	52	212	35	133	165	1143129	14511	0	2	0	1	0	0	14514
TP1_synth_reverse		57	T	2073	91	483	268	1261	294	1138621	1143091	0	0	7	0	8	0	14499	14514
TP1_synth_reverse		58	A	1141652	21	643	121	108	407	150	1143102	14503	0	10	0	1	0	0	14514
TP1_synth_reverse		59	T	1101	86	806	101	26	523	1140430	1143073	0	0	9	0	1	0	14504	14514
TP1_synth_reverse		60	C	977	1140297	1210	82	48	342	87	1143043	0	14504	8	0	2	0	0	14514
TP1_synth_reverse		61	T	1456	516	380	75	872	277	1139446	1143022	0	4	4	0	10	0	14496	14514
TP1_synth_reverse		62	G	428	375	446	1139916	350	437	1053	1143005	1	0	5	14498	1	0	9	14514
TP1_synth_reverse		63	T	2514	123	403	28	0	237	1139704	1143009	0	0	8	0	0	0	14507	14515
TP1_synth_reverse		64	T	2291	115	295	53	24	78	1140151	1143007	0	1	2	1	0	0	14511	14515
TP1_synth_reverse		65	C	1418	1137698	2274	46	491	220	851	1142998	0	14483	22	0	9	0	1	14515
TP1_synth_reverse		66	G	785	470	1851	1138318	86	77	1400	1142987	4	0	15	14490	1	0	5	14515
TP1_synth_reverse		67	C	1131	1139902	1144	48	341	277	140	1142983	0	14501	13	0	1	0	0	14515
TP1_synth_reverse		68	A	1141097	246	1130	197	77	117	113	1142977	14503	0	12	0	0	0	0	14515
TP1_synth_reverse		69	C	370	1141158	997	60	2	92	289	1142968	0	14501	11	0	0	0	3	14515
TP1_synth_reverse		70	T	1334	296	360	40	454	151	1140315	1142950	0	3	8	0	6	0	14498	14515
TP1_synth_reverse		71	C	483	1139477	2413	36	2	388	147	1142946	0	14501	14	0	0	0	0	14515
TP1_synth_reverse		72	C	1118	1140348	136	76	706	160	389	1142933	2	14502	3	0	7	0	1	14515
TP1_synth_reverse		73	G	253	545	1426	1139307	352	460	565	1142908	2	0	11	14497	1	0	4	14515
TP1_synth_reverse		74	A	1138906	66	2309	300	1098	179	45	1142903	14494	0	14	0	7	0	0	14515
TP1_synth_reverse		75	G	122	478	2862	1139049	157	76	139	1142883	0	0	16	14498	1	0	0	14515
TP1_synth_reverse		76	T	1155	148	3249	59	566	84	1137605	1142866	0	0	22	0	5	0	14488	14515
TP1_synth_reverse		77	G	182	442	2257	1139422	26	91	409	1142829	1	0	20	14489	1	0	4	14515
TP1_synth_reverse		78	C	627	1134196	2247	47	1203	577	3922	1142819	1	14458	18	0	10	0	28	14515
TP1_synth_reverse		79	G	352	609	3443	1137438	0	189	780	1142811	1	0	24	14489	0	0	1	14515
TP1_synth_reverse		80	G	704	735	80	1140272	1	189	796	1142777	2	1	3	14507	0	0	2	14515
TP1_synth_reverse		81	C	481	1140572	1177	106	61	111	250	1142758	0	14503	9	0	0	0	3	14515
TP1_synth_reverse		82	A	1140128	35	2115	201	0	112	160	1142751	14505	0	10	0	0	0	0	14515
TP1_synth_reverse		83	A	1141365	256	588	104	0	289	145	1142747	14512	1	2	0	0	0	0	14515
TP1_synth_reverse		84	A	1141568	80	400	213	81	285	81	1142708	14512	0	2	0	1	0	0	14515
TP1_synth_reverse		85	G	172	424	58	1141520	58	169	189	1142590	0	0	1	14513	1	0	0	14515
TP1_synth_reverse		86	C	1337	1140904	15	37	9	103	108	1142513	0	14513	0	1	1	0	0	14515
TP1_synth_reverse		87	T	1413	145	252	38	67	399	1140115	1142429	0	0	1	0	0	0	14514	14515
TP1_synth_reverse		88	G	378	513	2	1140792	190	174	312	1142361	1	0	0	14514	0	0	0	14515
TP1_synth_reverse		89	T	843	321	436	27	0	70	1140621	1142318	0	0	0	0	0	0	14515	14515
TP1_synth_reverse		90	T	821	147	0	35	1	113	1141022	1142139	0	0	0	0	0	0	14515	14515
TP1_synth_reverse		91	C	633	1140589	0	203	0	398	121	1141944	0	14512	0	0	0	0	0	14512
TP1_synth_reverse		92	C	487	1139417	0	92	0	474	391	1140861	0	14510	0	1	0	0	1	14512
TP1_synth_reverse		93	G	353	478	0	1137651	0	208	289	1138979	3	0	0	14507	0	0	0	14510
TP1_synth_reverse		94	T	632	141	0	42	0	113	1137767	1138695	0	0	0	0	0	0	14508	14508
TP1_synth_reverse		95	C	0	1137633	0	0	0	236	0	1137869	0	14504	0	0	0	0	0	14504
TP1_synth_reverse		96	C	0	1136771	0	0	0	138	0	1136909	0	14503	0	0	0	0	0	14503
TP1_synth_reverse		97	C	0	1134594	0	0	0	207	0	1134801	0	14501	0	0	0	0	0	14501
TP1_synth_reverse		98	A	1130617	0	0	0	0	0	0	1130617	14493	0	0	0	0	0	0	14493
TP1_synth_reverse		99	G	0	0	0	1129003	0	0	0	1129003	0	0	0	14491	0	0	0	14491
