



























































































































































































































#AmpliconChromStart	Alias	Position	ProbableRef	rawA	rawC	rawD	rawG	rawI	rawN	rawT	rawDepth	consA	consC	consD	consG	consI	consN	consT	consDepth	
TP1_synth_reverse		1	G	0	0	0	1128924	0	0	0	1128924	0	0	0	20729	0	0	0	20729
TP1_synth_reverse		2	T	0	0	0	0	0	0	1130895	1130895	0	0	0	0	0	0	20751	20751
TP1_synth_reverse		3	G	0	0	0	1135167	0	124	0	1135291	0	0	0	20792	0	0	0	20792
TP1_synth_reverse		4	G	0	0	0	1135973	0	66	0	1136039	0	0	0	20806	0	0	0	20806
TP1_synth_reverse		5	T	0	0	0	0	0	28	1136561	1136589	0	0	0	0	0	0	20815	20815
TP1_synth_reverse		6	G	142	99	0	1138193	0	21	177	1138632	0	0	0	20827	0	0	4	20831
TP1_synth_reverse		7	A	1139179	26	0	122	0	83	164	1139574	20840	0	0	0	0	0	0	20840
TP1_synth_reverse		8	G	136	78	0	1141204	1	151	620	1142190	1	0	0	20861	0	0	6	20868
TP1_synth_reverse		9	G	150	157	0	1142121	4	50	170	1142652	2	0	0	20873	0	0	1	20876
TP1_synth_reverse		10	C	300	1142038	90	33	1	38	152	1142652	0	20874	1	0	0	0	1	20876
TP1_synth_reverse		11	T	209	216	27	12	856	31	1141314	1142665	0	0	2	0	16	0	20858	20876
TP1_synth_reverse		12	C	416	1139029	2858	34	3	99	226	1142665	0	20842	32	0	0	0	2	20876
TP1_synth_reverse		13	C	523	1141833	3	41	1	134	148	1142683	0	20875	0	0	0	0	1	20876
TP1_synth_reverse		14	C	529	1141884	0	22	1	59	188	1142683	0	20876	0	0	0	0	0	20876
TP1_synth_reverse		15	C	323	1141497	34	40	591	73	142	1142700	0	20865	1	0	10	0	0	20876
TP1_synth_reverse		16	T	431	121	1768	20	1	253	1140123	1142717	0	0	32	0	0	0	20844	20876
TP1_synth_reverse		17	T	393	344	4	15	0	87	1141874	1142717	0	6	0	0	0	0	20870	20876
TP1_synth_reverse		18	T	413	212	193	10	84	80	1141737	1142729	0	5	3	0	2	0	20867	20877
TP1_synth_reverse		19	C	390	1140625	713	25	718	78	196	1142745	1	20846	7	0	20	0	4	20878
TP1_synth_reverse		20	T	267	156	1052	29	2	36	1141203	1142745	0	3	15	0	0	0	20860	20878
TP1_synth_reverse		21	T	586	200	149	68	2946	137	1138671	1142757	0	0	8	0	65	0	20806	20879
TP1_synth_reverse		22	G	263	490	825	1139476	747	30	926	1142757	5	0	19	20841	5	0	9	20879
TP1_synth_reverse		23	C	687	1128640	1882	452	10000	36	1070	1142767	0	20692	25	3	138	0	22	20880
TP1_synth_reverse		24	G	273	399	1239	1139549	16	55	1709	1143240	1	2	26	20839	0	0	14	20882
TP1_synth_reverse		25	G	159	734	677	1138531	2227	155	778	1143261	0	0	16	20839	20	0	8	20883
TP1_synth_reverse		26	A	1138918	25	1785	219	2077	54	199	1143277	20814	0	36	0	32	0	2	20884
TP1_synth_reverse		27	G	271	1042	1246	1139760	415	40	503	1143277	1	5	11	20851	8	0	8	20884
TP1_synth_reverse		28	A	1141192	52	893	117	810	45	168	1143277	20864	0	14	0	6	0	0	20884
TP1_synth_reverse		29	T	333	139	1885	166	0	181	1140573	1143277	0	0	40	0	0	0	20844	20884
TP1_synth_reverse		30	T	1097	197	1153	65	2	160	1140603	1143277	0	3	6	0	0	0	20875	20884
TP1_synth_reverse		31	C	597	1140286	1900	43	171	94	185	1143276	0	20858	16	0	7	0	4	20885
TP1_synth_reverse		32	T	676	121	639	73	8	476	1141276	1143269	0	0	10	0	1	0	20874	20885
TP1_synth_reverse		33	C	491	1140381	1408	53	637	169	121	1143260	0	20857	18	0	9	0	1	20885
TP1_synth_reverse		34	T	852	193	1112	96	1	106	1140896	1143256	0	3	21	0	0	0	20861	20885
TP1_synth_reverse		35	T	1816	145	371	86	208	112	1140513	1143251	1	0	4	0	5	0	20876	20886
TP1_synth_reverse		36	C	568	1140435	1939	44	1	75	184	1143246	0	20854	30	0	0	0	2	20886
TP1_synth_reverse		37	C	677	1141284	189	88	192	99	704	1143233	0	20874	2	0	6	0	4	20886
TP1_synth_reverse		38	T	832	206	1043	315	475	42	1140306	1143219	0	1	7	0	9	0	20869	20886
TP1_synth_reverse		39	C	458	1141662	400	57	437	76	128	1143218	0	20872	9	0	5	0	0	20886
TP1_synth_reverse		40	T	1522	116	791	46	4235	204	1136301	1143215	0	1	19	1	53	0	20812	20886
TP1_synth_reverse		41	G	742	712	1891	1138540	221	39	1046	1143191	8	0	21	20842	2	0	13	20886
TP1_synth_reverse		42	T	2542	126	713	44	4511	84	1135164	1143184	0	1	11	1	57	0	20817	20887
TP1_synth_reverse		43	G	517	536	470	1139192	773	495	1212	1143195	2	0	5	20855	19	0	7	20888
TP1_synth_reverse		44	C	670	1135671	1135	248	3094	218	2168	1143204	1	20796	16	3	41	0	32	20889
TP1_synth_reverse		45	G	288	439	1232	1138970	274	80	1899	1143182	1	0	9	20866	9	0	4	20889
TP1_synth_reverse		46	C	914	1140073	1442	76	2	16	653	1143176	0	20855	27	0	0	0	7	20889
TP1_synth_reverse		47	C	411	1139916	23	63	2415	30	325	1143183	1	20850	3	0	35	0	0	20889
TP1_synth_reverse		48	G	540	726	1065	1139206	210	59	1344	1143150	4	0	13	20865	5	0	2	20889
TP1_synth_reverse		49	A	1140628	62	1326	129	539	260	223	1143167	20871	0	15	0	4	0	0	20890
TP1_synth_reverse		50	T	1240	216	829	215	835	161	1139658	1143154	0	3	12	0	7	0	20868	20890
TP1_synth_reverse		51	A	1140816	96	925	157	872	147	153	1143166	20871	1	9	0	10	0	0	20891
TP1_synth_reverse		52	C	602	1140529	729	155	165	364	608	1143152	0	20877	7	0	2	0	5	20891
TP1_synth_reverse		53	A	1138703	51	1077	262	2446	436	188	1143163	20836	1	20	0	35	0	0	20892
TP1_synth_reverse		54	G	153	277	968	1140798	231	135	587	1143149	1	0	12	20871	4	0	4	20892
TP1_synth_reverse		55	A	1142321	103	327	139	0	153	101	1143144	20882	0	10	0	0	0	0	20892
TP1_synth_reverse		56	A	1142524	21	52	212	35	133	165	1143142	20885	0	5	0	2	0	0	20892
TP1_synth_reverse		57	T	2076	91	483	269	1261	294	1138630	1143104	0	0	12	0	11	0	20869	20892
TP1_synth_reverse		58	A	1141665	21	643	121	108	407	150	1143115	20880	0	12	0	1	0	0	20893
TP1_synth_reverse		59	T	1102	86	806	101	26	523	1140442	1143086	0	0	10	0	1	0	20882	20893
TP1_synth_reverse		60	C	979	1140308	1210	82	48	342	87	1143056	1	20879	9	0	4	0	0	20893
TP1_synth_reverse		61	T	1457	516	380	75	872	277	1139458	1143035	0	4	10	0	18	0	20861	20893
TP1_synth_reverse		62	G	428	376	446	1139928	350	437	1053	1143018	1	0	12	20868	2	0	10	20893
TP1_synth_reverse		63	T	2514	123	403	28	0	237	1139717	1143022	0	0	16	0	0	0	20878	20894
TP1_synth_reverse		64	T	2293	115	295	53	24	78	1140158	1143016	0	1	4	1	2	0	20886	20894
TP1_synth_reverse		65	C	1419	1137706	2274	46	491	220	851	1143007	2	20843	35	0	13	0	1	20894
TP1_synth_reverse		66	G	785	470	1851	1138327	86	77	1400	1142996	9	0	20	20858	1	0	6	20894
TP1_synth_reverse		67	C	1132	1139910	1144	48	341	277	140	1142992	0	20872	20	0	2	0	0	20894
TP1_synth_reverse		68	A	1141106	246	1130	197	77	117	113	1142986	20874	1	18	1	0	0	0	20894
TP1_synth_reverse		69	C	370	1141167	997	60	2	92	289	1142977	0	20868	21	0	0	0	5	20894
TP1_synth_reverse		70	T	1333	296	360	40	454	151	1140325	1142959	0	3	14	0	12	0	20865	20894
TP1_synth_reverse		71	C	486	1139483	2413	36	2	388	147	1142955	0	20868	26	0	0	0	0	20894
TP1_synth_reverse		72	C	1117	1140358	136	76	706	160	389	1142942	2	20873	8	0	9	0	2	20894
TP1_synth_reverse		73	G	253	545	1426	1139316	352	460	565	1142917	2	0	18	20866	1	0	7	20894
TP1_synth_reverse		74	A	1138915	66	2309	300	1098	179	45	1142912	20863	0	20	1	10	0	0	20894
TP1_synth_reverse		75	G	122	480	2862	1139055	157	76	140	1142892	0	0	23	20867	3	0	1	20894
TP1_synth_reverse		76	T	1155	148	3249	59	566	84	1137614	1142875	0	0	31	0	5	0	20858	20894
TP1_synth_reverse		77	G	182	442	2257	1139432	26	91	408	1142838	2	0	33	20851	2	0	6	20894
TP1_synth_reverse		78	C	627	1134205	2247	47	1203	577	3922	1142828	1	20816	23	0	17	0	37	20894
TP1_synth_reverse		79	G	352	608	3443	1137447	0	189	781	1142820	1	0	32	20860	0	0	1	20894
TP1_synth_reverse		80	G	704	735	80	1140281	1	189	796	1142786	6	1	5	20879	0	0	3	20894
TP1_synth_reverse		81	C	482	1140580	1177	106	61	111	250	1142767	0	20875	15	0	1	0	3	20894
TP1_synth_reverse		82	A	1140137	35	2115	201	0	112	160	1142760	20876	0	18	0	0	0	0	20894
TP1_synth_reverse		83	A	1141374	256	588	104	0	289	145	1142756	20887	1	6	0	0	0	0	20894
TP1_synth_reverse		84	A	1141577	80	400	213	81	285	81	1142717	20888	0	4	0	2	0	0	20894
TP1_synth_reverse		85	G	172	424	58	1141528	58	169	189	1142598	0	0	2	20890	2	0	0	20894
TP1_synth_reverse		86	C	1337	1140912	15	37	9	103	108	1142521	0	20892	0	1	1	0	0	20894
TP1_synth_reverse		87	T	1416	145	252	38	67	399	1140120	1142437	0	0	1	0	0	0	20893	20894
TP1_synth_reverse		88	G	378	513	2	1140800	190	174	312	1142369	1	0	0	20892	0	0	1	20894
TP1_synth_reverse		89	T	844	321	436	27	0	70	1140628	1142326	0	0	2	0	0	0	20892	20894
TP1_synth_reverse		90	T	822	147	0	36	1	113	1141028	1142147	1	0	0	0	0	0	20893	20894
TP1_synth_reverse		91	C	633	1140597	0	203	0	398	121	1141952	0	20889	0	1	0	0	0	20890
TP1_synth_reverse		92	C	487	1139425	0	92	0	474	391	1140869	0	20884	0	3	0	0	1	20888
TP1_synth_reverse		93	G	353	478	0	1137659	0	208	289	1138987	6	0	0	20875	0	0	0	20881
TP1_synth_reverse		94	T	632	141	0	42	0	113	1137775	1138703	0	0	0	0	0	0	20877	20877
TP1_synth_reverse		95	C	0	1137641	0	0	0	236	0	1137877	0	20872	0	0	0	0	0	20872
TP1_synth_reverse		96	C	0	1136780	0	0	0	138	0	1136918	0	20871	0	0	0	0	0	20871
TP1_synth_reverse		97	C	0	1134603	0	0	0	207	0	1134810	0	20859	0	0	0	0	0	20859
TP1_synth_reverse		98	A	1130626	0	0	0	0	0	0	1130626	20838	0	0	0	0	0	0	20838
TP1_synth_reverse		99	G	0	0	0	1129012	0	0	0	1129012	0	0	0	20830	0	0	0	20830
