



























































































































































































































#AmpliconChromStart	Alias	Position	ProbableRef	rawA	rawC	rawD	rawG	rawI	rawN	rawT	rawDepth	consA	consC	consD	consG	consI	consN	consT	consDepth	
TP1_synth_reverse		1	G	0	0	0	1128924	0	0	0	1128924	0	0	0	12521	0	0	0	12521
TP1_synth_reverse		2	T	0	0	0	0	0	0	1130895	1130895	0	0	0	0	0	0	12538	12538
TP1_synth_reverse		3	G	0	0	0	1135167	0	124	0	1135291	0	0	0	12563	0	0	0	12563
TP1_synth_reverse		4	G	0	0	0	1135973	0	66	0	1136039	0	0	0	12571	0	0	0	12571
TP1_synth_reverse		5	T	0	0	0	0	0	28	1136561	1136589	0	0	0	0	0	0	12574	12574
TP1_synth_reverse		6	G	142	99	0	1138193	0	21	177	1138632	0	0	0	12584	0	0	0	12584
TP1_synth_reverse		7	A	1139179	26	0	122	0	83	164	1139574	12591	0	0	0	0	0	0	12591
TP1_synth_reverse		8	G	136	78	0	1141204	1	151	620	1142190	1	0	0	12602	0	0	4	12607
TP1_synth_reverse		9	G	150	157	0	1142121	4	50	170	1142652	0	0	0	12609	0	0	1	12610
TP1_synth_reverse		10	C	300	1142038	90	33	1	38	152	1142652	0	12609	1	0	0	0	0	12610
TP1_synth_reverse		11	T	209	216	27	12	856	31	1141314	1142665	0	0	0	0	10	0	12600	12610
TP1_synth_reverse		12	C	416	1139029	2858	34	3	99	226	1142665	0	12590	20	0	0	0	0	12610
TP1_synth_reverse		13	C	523	1141833	3	41	1	134	148	1142683	0	12610	0	0	0	0	0	12610
TP1_synth_reverse		14	C	529	1141884	0	22	1	59	188	1142683	0	12610	0	0	0	0	0	12610
TP1_synth_reverse		15	C	323	1141497	34	40	591	73	142	1142700	0	12602	1	0	7	0	0	12610
TP1_synth_reverse		16	T	431	121	1768	20	1	253	1140123	1142717	0	0	21	0	0	0	12589	12610
TP1_synth_reverse		17	T	393	344	4	15	0	87	1141874	1142717	0	1	0	0	0	0	12609	12610
TP1_synth_reverse		18	T	413	212	193	10	84	80	1141737	1142729	0	2	2	0	2	0	12604	12610
TP1_synth_reverse		19	C	390	1140625	713	25	718	78	196	1142745	0	12592	5	0	11	0	3	12611
TP1_synth_reverse		20	T	267	156	1052	29	2	36	1141203	1142745	0	1	8	0	0	0	12602	12611
TP1_synth_reverse		21	T	586	200	149	68	2946	137	1138671	1142757	0	0	3	0	33	0	12575	12611
TP1_synth_reverse		22	G	263	490	825	1139476	747	30	926	1142757	4	0	10	12586	5	0	6	12611
TP1_synth_reverse		23	C	687	1128640	1882	452	10000	36	1070	1142767	0	12489	16	2	94	0	10	12611
TP1_synth_reverse		24	G	273	399	1239	1139549	16	55	1709	1143240	0	1	14	12587	0	0	10	12612
TP1_synth_reverse		25	G	159	734	677	1138531	2227	155	778	1143261	0	0	9	12588	11	0	5	12613
TP1_synth_reverse		26	A	1138918	25	1785	219	2077	54	199	1143277	12573	0	20	0	20	0	1	12614
TP1_synth_reverse		27	G	271	1042	1246	1139760	415	40	503	1143277	1	3	10	12593	5	0	2	12614
TP1_synth_reverse		28	A	1141192	52	893	117	810	45	168	1143277	12601	0	11	0	2	0	0	12614
TP1_synth_reverse		29	T	333	139	1885	166	0	181	1140573	1143277	0	0	21	0	0	0	12593	12614
TP1_synth_reverse		30	T	1097	197	1153	65	2	160	1140603	1143277	0	2	5	0	0	0	12607	12614
TP1_synth_reverse		31	C	597	1140271	1900	43	171	94	185	1143261	0	12597	12	0	3	0	2	12614
TP1_synth_reverse		32	T	676	121	639	73	8	476	1141261	1143254	0	0	8	0	0	0	12606	12614
TP1_synth_reverse		33	C	491	1140366	1408	53	637	169	121	1143245	0	12598	10	0	6	0	0	12614
TP1_synth_reverse		34	T	852	193	1112	96	1	106	1140881	1143241	0	1	15	0	0	0	12598	12614
TP1_synth_reverse		35	T	1816	145	371	86	208	112	1140498	1143236	1	0	4	0	3	0	12607	12615
TP1_synth_reverse		36	C	568	1140420	1939	44	1	75	184	1143231	0	12594	19	0	0	0	2	12615
TP1_synth_reverse		37	C	677	1141269	189	88	192	99	704	1143218	0	12609	2	0	2	0	2	12615
TP1_synth_reverse		38	T	831	206	1043	315	475	42	1140292	1143204	0	1	6	0	6	0	12602	12615
TP1_synth_reverse		39	C	457	1141648	400	57	437	76	128	1143203	0	12605	7	0	3	0	0	12615
TP1_synth_reverse		40	T	1520	116	791	46	4235	204	1136288	1143200	0	0	11	0	27	0	12577	12615
TP1_synth_reverse		41	G	742	710	1891	1138527	221	39	1046	1143176	4	0	16	12586	2	0	7	12615
TP1_synth_reverse		42	T	2538	126	713	43	4511	84	1135154	1143169	0	0	8	0	37	0	12570	12615
TP1_synth_reverse		43	G	517	535	470	1139178	773	495	1212	1143180	1	0	4	12597	10	0	4	12616
TP1_synth_reverse		44	C	670	1135656	1135	248	3094	218	2168	1143189	1	12566	8	1	25	0	15	12616
TP1_synth_reverse		45	G	288	439	1232	1138956	274	80	1898	1143167	0	0	6	12602	5	0	3	12616
TP1_synth_reverse		46	C	914	1140067	1442	76	2	16	653	1143170	0	12599	11	0	0	0	6	12616
TP1_synth_reverse		47	C	411	1139910	23	63	2415	30	325	1143177	0	12594	1	0	21	0	0	12616
TP1_synth_reverse		48	G	540	726	1065	1139203	210	59	1341	1143144	2	0	6	12605	2	0	1	12616
TP1_synth_reverse		49	A	1140622	62	1326	129	539	260	223	1143161	12604	0	10	0	2	0	0	12616
TP1_synth_reverse		50	T	1238	216	829	215	835	161	1139654	1143148	0	2	8	0	5	0	12601	12616
TP1_synth_reverse		51	A	1140810	96	925	157	872	147	153	1143160	12605	0	6	0	5	0	0	12616
TP1_synth_reverse		52	C	602	1140523	729	155	165	364	608	1143146	0	12607	5	0	1	0	3	12616
TP1_synth_reverse		53	A	1138697	51	1077	262	2446	436	188	1143157	12581	0	10	0	26	0	0	12617
TP1_synth_reverse		54	G	153	277	968	1140793	231	135	586	1143143	0	0	6	12607	1	0	3	12617
TP1_synth_reverse		55	A	1142315	103	327	139	0	153	101	1143138	12613	0	4	0	0	0	0	12617
TP1_synth_reverse		56	A	1142518	21	52	212	35	133	165	1143136	12614	0	2	0	1	0	0	12617
TP1_synth_reverse		57	T	2074	91	483	268	1261	294	1138627	1143098	0	0	6	0	8	0	12603	12617
TP1_synth_reverse		58	A	1141659	21	643	121	108	407	150	1143109	12606	0	10	0	1	0	0	12617
TP1_synth_reverse		59	T	1102	86	806	101	26	523	1140436	1143080	0	0	7	0	1	0	12609	12617
TP1_synth_reverse		60	C	978	1140303	1210	82	48	342	87	1143050	0	12609	7	0	1	0	0	12617
TP1_synth_reverse		61	T	1457	516	380	75	872	277	1139452	1143029	0	4	4	0	7	0	12602	12617
TP1_synth_reverse		62	G	428	376	446	1139920	350	437	1053	1143010	1	0	5	12601	1	0	9	12617
TP1_synth_reverse		63	T	2512	123	403	28	0	237	1139711	1143014	0	0	6	0	0	0	12612	12618
TP1_synth_reverse		64	T	2293	115	295	53	24	78	1140154	1143012	0	1	2	1	0	0	12614	12618
TP1_synth_reverse		65	C	1420	1137701	2274	46	491	220	851	1143003	0	12589	19	0	9	0	1	12618
TP1_synth_reverse		66	G	785	470	1851	1138322	86	77	1401	1142992	3	0	13	12596	1	0	5	12618
TP1_synth_reverse		67	C	1132	1139906	1144	48	341	277	140	1142988	0	12606	11	0	1	0	0	12618
TP1_synth_reverse		68	A	1141102	246	1130	197	77	117	113	1142982	12607	0	11	0	0	0	0	12618
TP1_synth_reverse		69	C	370	1141163	997	60	2	92	289	1142973	0	12607	8	0	0	0	3	12618
TP1_synth_reverse		70	T	1334	296	360	40	454	151	1140320	1142955	0	3	7	0	6	0	12602	12618
TP1_synth_reverse		71	C	486	1139479	2413	36	2	388	147	1142951	0	12606	12	0	0	0	0	12618
TP1_synth_reverse		72	C	1118	1140353	136	76	706	160	389	1142938	2	12607	2	0	6	0	1	12618
TP1_synth_reverse		73	G	253	545	1426	1139312	352	460	565	1142913	1	0	9	12604	1	0	3	12618
TP1_synth_reverse		74	A	1138911	66	2309	300	1098	179	45	1142908	12599	0	13	0	6	0	0	12618
TP1_synth_reverse		75	G	122	480	2862	1139051	157	76	140	1142888	0	0	15	12602	1	0	0	12618
TP1_synth_reverse		76	T	1155	148	3249	59	566	84	1137610	1142871	0	0	19	0	5	0	12594	12618
TP1_synth_reverse		77	G	182	442	2257	1139428	26	91	408	1142834	1	0	18	12597	0	0	2	12618
TP1_synth_reverse		78	C	628	1134200	2247	47	1203	577	3922	1142824	1	12567	17	0	9	0	24	12618
TP1_synth_reverse		79	G	352	608	3443	1137443	0	189	781	1142816	1	0	20	12596	0	0	1	12618
TP1_synth_reverse		80	G	704	735	80	1140277	1	189	796	1142782	2	1	3	12611	0	0	1	12618
TP1_synth_reverse		81	C	482	1140576	1177	106	61	111	250	1142763	0	12607	8	0	0	0	3	12618
TP1_synth_reverse		82	A	1140133	35	2115	201	0	112	160	1142756	12609	0	9	0	0	0	0	12618
TP1_synth_reverse		83	A	1141370	256	588	104	0	289	145	1142752	12616	1	1	0	0	0	0	12618
TP1_synth_reverse		84	A	1141574	80	400	212	81	285	81	1142713	12616	0	1	0	1	0	0	12618
TP1_synth_reverse		85	G	172	425	58	1141522	58	169	189	1142593	0	0	0	12617	1	0	0	12618
TP1_synth_reverse		86	C	1337	1140907	15	37	9	103	108	1142516	0	12618	0	0	0	0	0	12618
TP1_synth_reverse		87	T	1416	145	252	38	67	399	1140114	1142431	0	0	1	0	0	0	12617	12618
TP1_synth_reverse		88	G	378	513	2	1140794	190	174	312	1142363	1	0	0	12617	0	0	0	12618
TP1_synth_reverse		89	T	844	321	436	27	0	70	1140622	1142320	0	0	0	0	0	0	12618	12618
TP1_synth_reverse		90	T	822	147	0	35	1	113	1141023	1142141	0	0	0	0	0	0	12618	12618
TP1_synth_reverse		91	C	633	1140591	0	203	0	398	121	1141946	0	12615	0	0	0	0	0	12615
TP1_synth_reverse		92	C	487	1139419	0	92	0	474	391	1140863	0	12613	0	1	0	0	1	12615
TP1_synth_reverse		93	G	353	478	0	1137653	0	208	289	1138981	2	0	0	12612	0	0	0	12614
TP1_synth_reverse		94	T	631	141	0	42	0	113	1137770	1138697	0	0	0	0	0	0	12612	12612
TP1_synth_reverse		95	C	0	1137635	0	0	0	236	0	1137871	0	12610	0	0	0	0	0	12610
TP1_synth_reverse		96	C	0	1136774	0	0	0	138	0	1136912	0	12609	0	0	0	0	0	12609
TP1_synth_reverse		97	C	0	1134597	0	0	0	207	0	1134804	0	12608	0	0	0	0	0	12608
TP1_synth_reverse		98	A	1130620	0	0	0	0	0	0	1130620	12602	0	0	0	0	0	0	12602
TP1_synth_reverse		99	G	0	0	0	1129006	0	0	0	1129006	0	0	0	12600	0	0	0	12600
