



























































































































































































































#AmpliconChromStart	Alias	Position	ProbableRef	rawA	rawC	rawD	rawG	rawI	rawN	rawT	rawDepth	consA	consC	consD	consG	consI	consN	consT	consDepth	
TP1_synth_reverse		1	G	0	0	0	1128924	0	0	0	1128924	0	0	0	17634	0	0	0	17634
TP1_synth_reverse		2	T	0	0	0	0	0	0	1130895	1130895	0	0	0	0	0	0	17655	17655
TP1_synth_reverse		3	G	0	0	0	1135167	0	124	0	1135291	0	0	0	17691	0	0	0	17691
TP1_synth_reverse		4	G	0	0	0	1135973	0	66	0	1136039	0	0	0	17702	0	0	0	17702
TP1_synth_reverse		5	T	0	0	0	0	0	28	1136561	1136589	0	0	0	0	0	0	17707	17707
TP1_synth_reverse		6	G	142	99	0	1138193	0	21	177	1138632	0	0	0	17717	0	0	2	17719
TP1_synth_reverse		7	A	1139179	26	0	122	0	83	164	1139574	17727	0	0	0	0	0	0	17727
TP1_synth_reverse		8	G	136	78	0	1141204	1	151	620	1142190	1	0	0	17743	0	0	5	17749
TP1_synth_reverse		9	G	150	157	0	1142121	4	50	170	1142652	1	0	0	17754	0	0	1	17756
TP1_synth_reverse		10	C	300	1142038	90	33	1	38	152	1142652	0	17755	1	0	0	0	0	17756
TP1_synth_reverse		11	T	209	216	27	12	856	31	1141314	1142665	0	0	1	0	15	0	17740	17756
TP1_synth_reverse		12	C	416	1139029	2858	34	3	99	226	1142665	0	17727	27	0	0	0	2	17756
TP1_synth_reverse		13	C	523	1141833	3	41	1	134	148	1142683	0	17756	0	0	0	0	0	17756
TP1_synth_reverse		14	C	529	1141884	0	22	1	59	188	1142683	0	17756	0	0	0	0	0	17756
TP1_synth_reverse		15	C	323	1141497	34	40	591	73	142	1142700	0	17746	1	0	9	0	0	17756
TP1_synth_reverse		16	T	431	121	1768	20	1	253	1140123	1142717	0	0	28	0	0	0	17728	17756
TP1_synth_reverse		17	T	393	344	4	15	0	87	1141874	1142717	0	5	0	0	0	0	17751	17756
TP1_synth_reverse		18	T	413	212	193	10	84	80	1141737	1142729	0	5	3	0	2	0	17747	17757
TP1_synth_reverse		19	C	390	1140625	713	25	718	78	196	1142745	1	17731	7	0	16	0	3	17758
TP1_synth_reverse		20	T	267	156	1052	29	2	36	1141203	1142745	0	3	12	0	0	0	17743	17758
TP1_synth_reverse		21	T	586	200	149	68	2946	137	1138659	1142745	0	0	7	0	54	0	17697	17758
TP1_synth_reverse		22	G	263	490	825	1139464	747	30	926	1142745	5	0	16	17724	5	0	8	17758
TP1_synth_reverse		23	C	687	1128628	1882	452	10000	36	1070	1142755	0	17597	22	3	117	0	19	17758
TP1_synth_reverse		24	G	273	399	1239	1139537	16	55	1709	1143228	0	2	23	17723	0	0	12	17760
TP1_synth_reverse		25	G	159	734	677	1138519	2227	155	778	1143249	0	0	14	17724	16	0	7	17761
TP1_synth_reverse		26	A	1138906	25	1785	219	2077	54	199	1143265	17704	0	30	0	27	0	1	17762
TP1_synth_reverse		27	G	270	1040	1246	1139751	415	40	503	1143265	1	5	11	17731	8	0	6	17762
TP1_synth_reverse		28	A	1141180	52	893	117	810	45	168	1143265	17744	0	13	0	5	0	0	17762
TP1_synth_reverse		29	T	331	139	1885	166	0	181	1140563	1143265	0	0	35	0	0	0	17727	17762
TP1_synth_reverse		30	T	1097	197	1153	65	2	160	1140591	1143265	0	2	6	0	0	0	17754	17762
TP1_synth_reverse		31	C	597	1140274	1900	43	171	94	185	1143264	0	17736	16	0	7	0	4	17763
TP1_synth_reverse		32	T	675	121	639	73	8	476	1141265	1143257	0	0	9	0	0	0	17754	17763
TP1_synth_reverse		33	C	491	1140369	1408	53	637	169	121	1143248	0	17742	14	0	6	0	1	17763
TP1_synth_reverse		34	T	852	193	1112	95	1	106	1140885	1143244	0	2	18	0	0	0	17743	17763
TP1_synth_reverse		35	T	1815	145	371	86	208	112	1140502	1143239	1	0	4	0	3	0	17756	17764
TP1_synth_reverse		36	C	568	1140423	1939	44	1	75	184	1143234	0	17735	27	0	0	0	2	17764
TP1_synth_reverse		37	C	677	1141272	189	88	192	99	704	1143221	0	17754	2	0	5	0	3	17764
TP1_synth_reverse		38	T	831	206	1043	315	475	42	1140295	1143207	0	1	7	0	7	0	17749	17764
TP1_synth_reverse		39	C	458	1141650	400	57	437	76	128	1143206	0	17751	9	0	4	0	0	17764
TP1_synth_reverse		40	T	1521	116	791	46	4235	204	1136290	1143203	0	1	15	1	41	0	17706	17764
TP1_synth_reverse		41	G	742	711	1891	1138529	221	39	1046	1143179	6	0	17	17727	2	0	12	17764
TP1_synth_reverse		42	T	2542	126	713	44	4511	84	1135152	1143172	0	0	11	1	47	0	17705	17764
TP1_synth_reverse		43	G	516	535	470	1139183	772	495	1212	1143183	2	0	5	17736	16	0	6	17765
TP1_synth_reverse		44	C	669	1135661	1135	248	3094	218	2167	1143192	1	17693	13	3	31	0	25	17766
TP1_synth_reverse		45	G	288	438	1232	1138961	274	80	1897	1143170	0	0	9	17746	8	0	3	17766
TP1_synth_reverse		46	C	914	1140061	1442	76	2	16	653	1143164	0	17736	24	0	0	0	6	17766
TP1_synth_reverse		47	C	409	1139906	23	63	2415	30	325	1143171	1	17733	3	0	29	0	0	17766
TP1_synth_reverse		48	G	540	726	1065	1139194	210	59	1344	1143138	4	0	11	17745	4	0	2	17766
TP1_synth_reverse		49	A	1140616	62	1326	129	539	260	223	1143155	17750	0	13	0	4	0	0	17767
TP1_synth_reverse		50	T	1239	216	829	215	835	161	1139647	1143142	0	4	11	0	5	0	17747	17767
TP1_synth_reverse		51	A	1140804	96	925	157	872	147	153	1143154	17751	1	8	0	8	0	0	17768
TP1_synth_reverse		52	C	602	1140517	729	155	165	364	608	1143140	0	17758	5	0	1	0	4	17768
TP1_synth_reverse		53	A	1138691	51	1077	262	2446	436	188	1143151	17721	0	15	0	33	0	0	17769
TP1_synth_reverse		54	G	153	277	968	1140786	231	135	587	1143137	1	0	10	17752	3	0	3	17769
TP1_synth_reverse		55	A	1142309	103	327	139	0	153	101	1143132	17762	0	7	0	0	0	0	17769
TP1_synth_reverse		56	A	1142512	21	52	212	35	133	165	1143130	17765	0	3	0	1	0	0	17769
TP1_synth_reverse		57	T	2074	91	483	269	1261	294	1138620	1143092	0	0	8	0	9	0	17752	17769
TP1_synth_reverse		58	A	1141653	21	643	121	108	407	150	1143103	17758	0	11	0	1	0	0	17770
TP1_synth_reverse		59	T	1102	86	806	101	26	523	1140430	1143074	0	0	9	0	1	0	17760	17770
TP1_synth_reverse		60	C	978	1140297	1210	82	48	342	87	1143044	0	17759	9	0	2	0	0	17770
TP1_synth_reverse		61	T	1455	516	380	75	872	277	1139448	1143023	0	4	5	0	14	0	17747	17770
TP1_synth_reverse		62	G	427	375	446	1139918	350	437	1053	1143006	1	0	9	17749	1	0	10	17770
TP1_synth_reverse		63	T	2513	123	403	28	0	237	1139706	1143010	0	0	10	0	0	0	17761	17771
TP1_synth_reverse		64	T	2292	115	295	53	24	78	1140151	1143008	0	1	2	1	0	0	17767	17771
TP1_synth_reverse		65	C	1418	1137699	2274	46	491	220	851	1142999	0	17732	26	0	12	0	1	17771
TP1_synth_reverse		66	G	785	469	1851	1138320	86	77	1400	1142988	4	0	16	17745	1	0	5	17771
TP1_synth_reverse		67	C	1131	1139903	1144	48	341	277	140	1142984	0	17756	14	0	1	0	0	17771
TP1_synth_reverse		68	A	1141098	246	1130	197	77	117	113	1142978	17757	0	13	1	0	0	0	17771
TP1_synth_reverse		69	C	370	1141159	997	60	2	92	289	1142969	0	17752	14	0	0	0	5	17771
TP1_synth_reverse		70	T	1333	296	360	40	454	151	1140317	1142951	0	3	9	0	9	0	17750	17771
TP1_synth_reverse		71	C	483	1139478	2413	36	2	388	147	1142947	0	17752	19	0	0	0	0	17771
TP1_synth_reverse		72	C	1118	1140349	136	76	706	160	389	1142934	2	17755	6	0	7	0	1	17771
TP1_synth_reverse		73	G	253	545	1426	1139308	352	460	565	1142909	2	0	16	17747	1	0	5	17771
TP1_synth_reverse		74	A	1138907	66	2309	300	1098	179	45	1142904	17745	0	19	0	7	0	0	17771
TP1_synth_reverse		75	G	122	478	2862	1139050	157	76	139	1142884	0	0	22	17747	2	0	0	17771
TP1_synth_reverse		76	T	1155	148	3249	59	566	84	1137606	1142867	0	0	30	0	5	0	17736	17771
TP1_synth_reverse		77	G	182	442	2257	1139424	26	91	408	1142830	2	0	30	17733	2	0	4	17771
TP1_synth_reverse		78	C	627	1134197	2247	47	1203	577	3922	1142820	1	17704	22	0	13	0	31	17771
TP1_synth_reverse		79	G	352	608	3443	1137440	0	189	780	1142812	1	0	28	17741	0	0	1	17771
TP1_synth_reverse		80	G	704	735	80	1140273	1	189	796	1142778	4	1	4	17759	0	0	3	17771
TP1_synth_reverse		81	C	481	1140573	1177	106	61	111	250	1142759	0	17757	10	0	1	0	3	17771
TP1_synth_reverse		82	A	1140129	35	2115	201	0	112	160	1142752	17759	0	12	0	0	0	0	17771
TP1_synth_reverse		83	A	1141366	256	588	104	0	289	145	1142748	17767	1	3	0	0	0	0	17771
TP1_synth_reverse		84	A	1141569	80	400	213	81	285	81	1142709	17766	0	3	0	2	0	0	17771
TP1_synth_reverse		85	G	172	424	58	1141521	58	169	189	1142591	0	0	1	17768	2	0	0	17771
TP1_synth_reverse		86	C	1337	1140905	15	37	9	103	108	1142514	0	17769	0	1	1	0	0	17771
TP1_synth_reverse		87	T	1413	145	252	38	67	399	1140116	1142430	0	0	1	0	0	0	17770	17771
TP1_synth_reverse		88	G	378	513	2	1140793	190	174	312	1142362	1	0	0	17770	0	0	0	17771
TP1_synth_reverse		89	T	843	321	436	27	0	70	1140622	1142319	0	0	2	0	0	0	17769	17771
TP1_synth_reverse		90	T	820	147	0	36	1	113	1141023	1142140	0	0	0	0	0	0	17771	17771
TP1_synth_reverse		91	C	633	1140590	0	203	0	398	121	1141945	0	17767	0	0	0	0	0	17767
TP1_synth_reverse		92	C	487	1139418	0	92	0	474	391	1140862	0	17763	0	2	0	0	1	17766
TP1_synth_reverse		93	G	353	478	0	1137652	0	208	289	1138980	3	0	0	17759	0	0	0	17762
TP1_synth_reverse		94	T	632	141	0	42	0	113	1137768	1138696	0	0	0	0	0	0	17759	17759
TP1_synth_reverse		95	C	0	1137634	0	0	0	236	0	1137870	0	17755	0	0	0	0	0	17755
TP1_synth_reverse		96	C	0	1136773	0	0	0	138	0	1136911	0	17754	0	0	0	0	0	17754
TP1_synth_reverse		97	C	0	1134596	0	0	0	207	0	1134803	0	17748	0	0	0	0	0	17748
TP1_synth_reverse		98	A	1130619	0	0	0	0	0	0	1130619	17736	0	0	0	0	0	0	17736
TP1_synth_reverse		99	G	0	0	0	1129005	0	0	0	1129005	0	0	0	17731	0	0	0	17731
