



























































































































































































































#AmpliconChromStart	Alias	Position	ProbableRef	rawA	rawC	rawD	rawG	rawI	rawN	rawT	rawDepth	consA	consC	consD	consG	consI	consN	consT	consDepth	
TP1_synth_reverse		1	G	0	0	0	1128924	0	0	0	1128924	0	0	0	15777	0	0	0	15777
TP1_synth_reverse		2	T	0	0	0	0	0	0	1130895	1130895	0	0	0	0	0	0	15797	15797
TP1_synth_reverse		3	G	0	0	0	1135167	0	124	0	1135291	0	0	0	15829	0	0	0	15829
TP1_synth_reverse		4	G	0	0	0	1135973	0	66	0	1136039	0	0	0	15840	0	0	0	15840
TP1_synth_reverse		5	T	0	0	0	0	0	28	1136561	1136589	0	0	0	0	0	0	15844	15844
TP1_synth_reverse		6	G	142	99	0	1138193	0	21	177	1138632	0	0	0	15854	0	0	1	15855
TP1_synth_reverse		7	A	1139179	26	0	122	0	83	164	1139574	15863	0	0	0	0	0	0	15863
TP1_synth_reverse		8	G	136	78	0	1141204	1	151	620	1142190	1	0	0	15876	0	0	5	15882
TP1_synth_reverse		9	G	150	157	0	1142121	4	50	170	1142652	1	0	0	15886	0	0	1	15888
TP1_synth_reverse		10	C	300	1142038	90	33	1	38	152	1142652	0	15887	1	0	0	0	0	15888
TP1_synth_reverse		11	T	209	216	27	12	856	31	1141314	1142665	0	0	1	0	13	0	15874	15888
TP1_synth_reverse		12	C	416	1139029	2858	34	3	99	226	1142665	0	15862	25	0	0	0	1	15888
TP1_synth_reverse		13	C	523	1141833	3	41	1	134	148	1142683	0	15888	0	0	0	0	0	15888
TP1_synth_reverse		14	C	529	1141884	0	22	1	59	188	1142683	0	15888	0	0	0	0	0	15888
TP1_synth_reverse		15	C	323	1141497	34	40	591	73	142	1142700	0	15878	1	0	9	0	0	15888
TP1_synth_reverse		16	T	431	121	1768	20	1	253	1140123	1142717	0	0	24	0	0	0	15864	15888
TP1_synth_reverse		17	T	393	344	4	15	0	87	1141874	1142717	0	2	0	0	0	0	15886	15888
TP1_synth_reverse		18	T	413	212	193	10	84	80	1141737	1142729	0	4	3	0	2	0	15880	15889
TP1_synth_reverse		19	C	390	1140625	713	25	718	78	196	1142745	1	15866	7	0	13	0	3	15890
TP1_synth_reverse		20	T	267	156	1052	29	2	36	1141203	1142745	0	3	11	0	0	0	15876	15890
TP1_synth_reverse		21	T	586	200	149	68	2946	137	1138671	1142757	0	0	7	0	44	0	15839	15890
TP1_synth_reverse		22	G	263	490	825	1139490	747	30	926	1142771	5	0	14	15860	5	0	7	15891
TP1_synth_reverse		23	C	687	1128654	1882	452	10000	36	1070	1142781	0	15742	22	3	107	0	17	15891
TP1_synth_reverse		24	G	273	399	1239	1139563	16	55	1709	1143254	0	2	20	15859	0	0	12	15893
TP1_synth_reverse		25	G	159	734	677	1138545	2227	155	778	1143275	0	0	13	15861	14	0	6	15894
TP1_synth_reverse		26	A	1138932	25	1785	219	2077	54	199	1143291	15845	0	25	0	24	0	1	15895
TP1_synth_reverse		27	G	271	1046	1246	1139770	415	40	503	1143291	1	3	10	15869	7	0	5	15895
TP1_synth_reverse		28	A	1141206	52	893	117	810	45	168	1143291	15882	0	11	0	2	0	0	15895
TP1_synth_reverse		29	T	333	139	1885	166	0	181	1140587	1143291	0	0	29	0	0	0	15866	15895
TP1_synth_reverse		30	T	1097	197	1153	65	2	160	1140617	1143291	0	2	6	0	0	0	15887	15895
TP1_synth_reverse		31	C	597	1140300	1900	43	171	94	185	1143290	0	15872	14	0	7	0	3	15896
TP1_synth_reverse		32	T	676	121	639	73	8	476	1141290	1143283	0	0	9	0	0	0	15887	15896
TP1_synth_reverse		33	C	491	1140394	1408	53	637	169	121	1143273	0	15877	13	0	6	0	0	15896
TP1_synth_reverse		34	T	852	193	1112	97	1	106	1140908	1143269	0	1	17	0	0	0	15878	15896
TP1_synth_reverse		35	T	1818	145	371	86	208	112	1140524	1143264	1	0	4	0	3	0	15889	15897
TP1_synth_reverse		36	C	568	1140448	1939	44	1	75	184	1143259	0	15869	26	0	0	0	2	15897
TP1_synth_reverse		37	C	678	1141296	189	88	192	99	704	1143246	0	15889	2	0	4	0	2	15897
TP1_synth_reverse		38	T	832	206	1043	315	475	42	1140319	1143232	0	1	7	0	6	0	15883	15897
TP1_synth_reverse		39	C	458	1141675	400	57	437	76	128	1143231	0	15884	9	0	4	0	0	15897
TP1_synth_reverse		40	T	1526	116	791	46	4235	204	1136310	1143228	0	0	12	1	35	0	15849	15897
TP1_synth_reverse		41	G	742	716	1891	1138549	221	39	1046	1143204	6	0	16	15865	2	0	8	15897
TP1_synth_reverse		42	T	2542	126	713	44	4511	84	1135173	1143193	0	0	8	1	42	0	15846	15897
TP1_synth_reverse		43	G	518	537	470	1139199	773	495	1212	1143204	1	0	5	15873	13	0	6	15898
TP1_synth_reverse		44	C	670	1135680	1135	248	3094	218	2168	1143213	1	15832	11	2	30	0	23	15899
TP1_synth_reverse		45	G	288	438	1232	1138978	274	80	1901	1143191	0	0	8	15883	5	0	3	15899
TP1_synth_reverse		46	C	916	1140089	1442	76	2	16	653	1143194	0	15874	19	0	0	0	6	15899
TP1_synth_reverse		47	C	412	1139933	23	63	2415	30	325	1143201	0	15872	2	0	25	0	0	15899
TP1_synth_reverse		48	G	540	726	1065	1139224	210	59	1344	1143168	2	0	9	15883	3	0	2	15899
TP1_synth_reverse		49	A	1140646	62	1326	129	539	260	223	1143185	15887	0	11	0	2	0	0	15900
TP1_synth_reverse		50	T	1240	216	829	215	835	161	1139676	1143172	0	4	9	0	5	0	15882	15900
TP1_synth_reverse		51	A	1140834	96	925	157	872	147	153	1143184	15887	0	7	0	6	0	0	15900
TP1_synth_reverse		52	C	602	1140547	729	155	165	364	608	1143170	0	15891	5	0	1	0	3	15900
TP1_synth_reverse		53	A	1138721	51	1077	262	2446	436	188	1143181	15856	0	14	0	31	0	0	15901
TP1_synth_reverse		54	G	153	279	968	1140814	231	135	587	1143167	0	0	9	15888	1	0	3	15901
TP1_synth_reverse		55	A	1142339	103	327	139	0	153	101	1143162	15895	0	6	0	0	0	0	15901
TP1_synth_reverse		56	A	1142542	21	52	212	35	133	165	1143160	15898	0	2	0	1	0	0	15901
TP1_synth_reverse		57	T	2077	91	483	269	1261	294	1138647	1143122	0	0	7	0	8	0	15886	15901
TP1_synth_reverse		58	A	1141683	21	643	121	108	407	150	1143133	15891	0	10	0	1	0	0	15902
TP1_synth_reverse		59	T	1103	86	806	101	26	523	1140459	1143104	0	0	9	0	1	0	15892	15902
TP1_synth_reverse		60	C	979	1140327	1210	81	48	342	87	1143074	0	15892	8	0	2	0	0	15902
TP1_synth_reverse		61	T	1457	516	380	75	872	277	1139476	1143053	0	4	5	0	12	0	15881	15902
TP1_synth_reverse		62	G	431	376	446	1139943	350	437	1053	1143036	1	0	7	15884	1	0	9	15902
TP1_synth_reverse		63	T	2516	123	403	28	0	237	1139733	1143040	0	0	8	0	0	0	15895	15903
TP1_synth_reverse		64	T	2294	115	295	53	24	78	1140179	1143038	0	1	2	1	0	0	15899	15903
TP1_synth_reverse		65	C	1420	1137727	2274	46	491	220	851	1143029	0	15869	24	0	9	0	1	15903
TP1_synth_reverse		66	G	785	471	1851	1138345	86	77	1400	1143015	4	0	15	15878	1	0	5	15903
TP1_synth_reverse		67	C	1134	1139927	1144	48	341	277	140	1143011	0	15889	13	0	1	0	0	15903
TP1_synth_reverse		68	A	1141126	245	1130	197	77	117	113	1143005	15891	0	12	0	0	0	0	15903
TP1_synth_reverse		69	C	370	1141186	997	60	2	92	289	1142996	0	15887	12	0	0	0	4	15903
TP1_synth_reverse		70	T	1334	296	360	40	454	151	1140343	1142978	0	3	8	0	8	0	15884	15903
TP1_synth_reverse		71	C	484	1139504	2413	36	2	388	147	1142974	0	15888	15	0	0	0	0	15903
TP1_synth_reverse		72	C	1118	1140376	136	76	706	160	389	1142961	2	15890	3	0	7	0	1	15903
TP1_synth_reverse		73	G	253	545	1426	1139335	352	460	565	1142936	2	0	14	15881	1	0	5	15903
TP1_synth_reverse		74	A	1138934	66	2309	300	1098	179	45	1142931	15877	0	19	0	7	0	0	15903
TP1_synth_reverse		75	G	122	479	2862	1139075	157	76	140	1142911	0	0	19	15883	1	0	0	15903
TP1_synth_reverse		76	T	1155	148	3249	59	566	84	1137633	1142894	0	0	26	0	5	0	15872	15903
TP1_synth_reverse		77	G	182	441	2257	1139451	26	91	409	1142857	2	0	25	15871	1	0	4	15903
TP1_synth_reverse		78	C	627	1134224	2247	47	1203	577	3922	1142847	1	15843	20	0	11	0	28	15903
TP1_synth_reverse		79	G	352	609	3443	1137465	0	189	781	1142839	1	0	26	15875	0	0	1	15903
TP1_synth_reverse		80	G	704	735	80	1140300	1	189	796	1142805	4	1	4	15891	0	0	3	15903
TP1_synth_reverse		81	C	482	1140599	1177	106	61	111	250	1142786	0	15890	10	0	0	0	3	15903
TP1_synth_reverse		82	A	1140156	35	2115	201	0	112	160	1142779	15892	0	11	0	0	0	0	15903
TP1_synth_reverse		83	A	1141393	256	588	104	0	289	145	1142775	15899	1	3	0	0	0	0	15903
TP1_synth_reverse		84	A	1141596	80	400	213	81	285	81	1142736	15899	0	3	0	1	0	0	15903
TP1_synth_reverse		85	G	172	425	58	1141545	58	169	189	1142616	0	0	1	15901	1	0	0	15903
TP1_synth_reverse		86	C	1337	1140930	15	37	9	103	108	1142539	0	15901	0	1	1	0	0	15903
TP1_synth_reverse		87	T	1416	145	252	38	67	399	1140138	1142455	0	0	1	0	0	0	15902	15903
TP1_synth_reverse		88	G	378	512	2	1140819	190	174	312	1142387	1	0	0	15902	0	0	0	15903
TP1_synth_reverse		89	T	843	321	436	27	0	70	1140647	1142344	0	0	2	0	0	0	15901	15903
TP1_synth_reverse		90	T	823	147	0	36	1	113	1141045	1142165	0	0	0	0	0	0	15903	15903
TP1_synth_reverse		91	C	633	1140615	0	203	0	398	121	1141970	0	15900	0	0	0	0	0	15900
TP1_synth_reverse		92	C	487	1139443	0	92	0	474	391	1140887	0	15897	0	1	0	0	1	15899
TP1_synth_reverse		93	G	353	477	0	1137678	0	208	289	1139005	3	0	0	15893	0	0	0	15896
TP1_synth_reverse		94	T	633	141	0	42	0	113	1137793	1138722	0	0	0	0	0	0	15894	15894
TP1_synth_reverse		95	C	0	1137660	0	0	0	236	0	1137896	0	15890	0	0	0	0	0	15890
TP1_synth_reverse		96	C	0	1136798	0	0	0	138	0	1136936	0	15889	0	0	0	0	0	15889
TP1_synth_reverse		97	C	0	1134621	0	0	0	207	0	1134828	0	15885	0	0	0	0	0	15885
TP1_synth_reverse		98	A	1130644	0	0	0	0	0	0	1130644	15877	0	0	0	0	0	0	15877
TP1_synth_reverse		99	G	0	0	0	1129030	0	0	0	1129030	0	0	0	15873	0	0	0	15873
