



























































































































































































































#AmpliconChromStart	Alias	Position	ProbableRef	rawA	rawC	rawD	rawG	rawI	rawN	rawT	rawDepth	consA	consC	consD	consG	consI	consN	consT	consDepth	
TP1_synth_reverse		1	G	0	0	0	728134	0	0	0	728134	0	0	0	57437	0	0	0	57437
TP1_synth_reverse		2	T	0	0	0	0	0	0	729528	729528	0	0	0	0	0	0	57885	57885
TP1_synth_reverse		3	G	0	0	0	731631	0	76	0	731707	0	0	0	58297	0	32	0	58329
TP1_synth_reverse		4	G	0	0	0	732442	0	45	0	732487	0	0	0	58627	0	26	0	58653
TP1_synth_reverse		5	T	0	0	0	0	0	20	732896	732916	0	0	0	0	0	15	58865	58880
TP1_synth_reverse		6	G	245	56	0	733205	0	9	172	733687	7	2	0	59184	0	4	21	59218
TP1_synth_reverse		7	A	733511	24	0	86	0	69	102	733792	59216	3	0	2	0	27	5	59253
TP1_synth_reverse		8	G	140	60	0	733617	0	96	215	734128	4	8	0	59243	0	23	11	59289
TP1_synth_reverse		9	G	112	128	0	733856	0	22	344	734462	8	29	0	59267	0	1	27	59332
TP1_synth_reverse		10	C	202	734047	127	16	1	24	72	734489	39	59297	2	1	0	2	5	59346
TP1_synth_reverse		11	T	129	230	332	9	999	21	732784	734504	22	11	5	0	40	2	59280	59360
TP1_synth_reverse		12	C	256	732272	1731	9	1	65	170	734504	62	59189	70	0	0	30	9	59360
TP1_synth_reverse		13	C	348	733960	3	26	1	96	83	734517	47	59271	0	1	0	46	7	59372
TP1_synth_reverse		14	C	315	734046	0	16	3	37	100	734517	42	59314	0	1	0	11	4	59372
TP1_synth_reverse		15	C	386	733504	185	18	134	62	228	734517	59	59234	15	1	9	34	20	59372
TP1_synth_reverse		16	T	271	339	1850	9	0	169	731879	734517	62	16	124	0	0	48	59122	59372
TP1_synth_reverse		17	T	273	114	667	12	0	43	733408	734517	62	4	38	1	0	15	59252	59372
TP1_synth_reverse		18	T	250	106	666	5	218	50	733222	734517	62	6	31	0	26	14	59233	59372
TP1_synth_reverse		19	C	266	732297	1620	15	139	56	266	734659	93	59171	78	2	9	19	14	59386
TP1_synth_reverse		20	T	191	80	626	13	1	28	733720	734659	56	10	60	1	0	12	59247	59386
TP1_synth_reverse		21	T	398	212	242	1002	1017	80	731708	734659	111	9	33	86	76	4	59067	59386
TP1_synth_reverse		22	G	286	596	438	732562	484	10	283	734659	25	144	35	59089	36	0	57	59386
TP1_synth_reverse		23	C	448	724403	634	3902	4583	24	665	734659	124	58587	32	286	312	2	43	59386
TP1_synth_reverse		24	G	223	133	719	732989	13	55	527	734659	20	33	57	59182	0	21	73	59386
TP1_synth_reverse		25	G	81	499	385	732358	974	83	279	734659	14	115	38	59083	51	21	64	59386
TP1_synth_reverse		26	A	732065	17	866	584	1001	33	117	734683	59199	1	65	27	73	19	9	59393
TP1_synth_reverse		27	G	60	624	716	732623	443	15	202	734683	6	139	71	59102	15	8	52	59393
TP1_synth_reverse		28	A	732099	33	2133	88	198	41	99	734691	59218	9	129	5	10	20	5	59396
TP1_synth_reverse		29	T	232	75	2312	146	1	122	731803	734691	69	1	153	22	0	36	59115	59396
TP1_synth_reverse		30	T	753	86	1038	40	381	100	732293	734691	246	6	65	8	24	16	59031	59396
TP1_synth_reverse		31	C	570	731697	1347	28	4	73	715	734434	135	59084	79	2	2	35	48	59385
TP1_synth_reverse		32	T	502	151	1684	31	33	309	731585	734295	96	8	114	6	3	35	59106	59368
TP1_synth_reverse		33	C	347	731661	2122	64	93	113	68	734468	129	59063	119	13	17	24	5	59370
TP1_synth_reverse		34	T	607	131	2698	52	1	66	730959	734514	151	10	154	2	0	14	59040	59371
TP1_synth_reverse		35	T	1184	541	1875	45	955	66	729832	734498	360	29	105	4	35	24	58808	59365
TP1_synth_reverse		36	C	619	730468	2951	33	1	58	230	734360	121	59029	167	4	0	21	13	59355
TP1_synth_reverse		37	C	504	730954	2167	42	13	62	598	734340	122	59027	139	6	6	9	31	59340
TP1_synth_reverse		38	T	564	270	2306	269	104	26	730791	734330	161	18	160	30	7	15	58943	59334
TP1_synth_reverse		39	C	334	730918	2439	250	127	62	189	734319	99	58996	155	31	16	11	19	59327
TP1_synth_reverse		40	T	1051	90	2526	2621	562	142	727320	734312	258	9	162	174	64	25	58629	59321
TP1_synth_reverse		41	G	423	561	2792	730092	134	20	282	734304	82	150	176	58811	15	1	80	59315
TP1_synth_reverse		42	T	1734	100	1828	188	3377	48	727269	734544	418	11	120	14	182	7	58595	59347
TP1_synth_reverse		43	G	339	426	1138	731801	387	326	360	734777	47	85	83	59010	14	43	93	59375
TP1_synth_reverse		44	C	439	725668	1913	3998	1412	134	1219	734783	114	58674	114	262	105	25	84	59378
TP1_synth_reverse		45	G	453	690	1619	729994	455	49	1375	734635	26	121	92	58881	30	26	182	59358
TP1_synth_reverse		46	C	652	731508	1770	449	3	9	176	734567	220	58988	102	24	0	1	19	59354
TP1_synth_reverse		47	C	267	727299	608	3559	2097	29	705	734564	65	58813	49	250	126	20	29	59352
TP1_synth_reverse		48	G	685	473	877	731542	91	37	1052	734757	58	175	74	58869	6	12	165	59359
TP1_synth_reverse		49	A	733618	47	937	83	3	193	129	735010	59363	8	75	7	3	32	9	59497
TP1_synth_reverse		50	T	1005	71	777	403	20	100	732615	734991	219	4	75	14	7	30	59132	59481
TP1_synth_reverse		51	A	733768	42	815	95	34	104	144	735002	59352	9	72	4	5	28	13	59483
TP1_synth_reverse		52	C	402	732906	691	139	284	251	318	734991	141	59195	67	28	9	19	18	59477
TP1_synth_reverse		53	A	731890	35	781	836	1055	286	122	735005	59221	8	74	72	64	32	7	59478
TP1_synth_reverse		54	G	225	252	857	732988	57	90	769	735238	31	50	76	59237	9	20	63	59486
TP1_synth_reverse		55	A	733578	75	1311	92	0	123	64	735243	59368	10	90	3	0	10	4	59485
TP1_synth_reverse		56	A	733931	11	942	140	219	95	106	735444	59366	2	73	12	18	13	6	59490
TP1_synth_reverse		57	T	1387	70	1299	196	16	162	732237	735367	303	7	94	19	3	25	59022	59473
TP1_synth_reverse		58	A	733168	583	1041	87	135	262	111	735387	59177	52	89	7	2	142	7	59476
TP1_synth_reverse		59	T	795	1308	1546	81	7	324	731288	735349	203	101	116	13	3	55	58969	59460
TP1_synth_reverse		60	C	743	732943	1249	47	19	231	70	735302	181	59126	85	6	5	38	7	59448
TP1_synth_reverse		61	T	994	74	1801	5909	742	174	725503	735197	197	5	112	377	56	42	58652	59441
TP1_synth_reverse		62	G	482	194	1070	730674	53	287	2332	735092	81	24	101	58813	7	148	256	59430
TP1_synth_reverse		63	T	1624	90	1320	21	1	134	731929	735119	394	5	111	5	0	42	58876	59433
TP1_synth_reverse		64	T	1604	662	1195	113	372	32	730877	734855	321	29	109	8	18	1	58930	59416
TP1_synth_reverse		65	C	954	729971	1287	1605	424	153	452	734846	192	58874	133	129	34	18	29	59409
TP1_synth_reverse		66	G	363	321	969	732756	108	68	443	735028	51	105	96	59066	5	11	80	59414
TP1_synth_reverse		67	C	752	732446	1516	41	1	183	86	735025	248	59010	131	2	0	19	2	59412
TP1_synth_reverse		68	A	733364	192	1330	113	6	74	81	735160	59254	21	105	9	5	14	5	59413
TP1_synth_reverse		69	C	266	733450	1200	35	1	57	302	735311	70	59218	100	2	0	6	20	59416
TP1_synth_reverse		70	T	902	161	1465	43	193	114	732410	735288	216	11	108	3	16	34	59021	59409
TP1_synth_reverse		71	C	295	731892	2140	220	322	309	105	735283	63	59081	153	10	20	75	4	59406
TP1_synth_reverse		72	C	559	727461	1272	5128	569	131	155	735275	161	58700	98	343	27	54	18	59401
TP1_synth_reverse		73	G	191	422	1685	732033	9	313	596	735249	19	119	122	58894	5	175	54	59388
TP1_synth_reverse		74	A	730618	55	1283	2970	159	125	36	735246	58982	10	99	239	4	51	3	59388
TP1_synth_reverse		75	G	140	304	1948	731816	0	59	971	735238	15	74	114	59099	0	21	59	59382
TP1_synth_reverse		76	T	756	76	1772	9483	277	56	722803	735223	215	10	111	699	23	5	58312	59375
TP1_synth_reverse		77	G	477	316	768	733220	10	59	366	735216	36	92	45	59139	3	7	48	59370
TP1_synth_reverse		78	C	364	727613	1310	2935	862	392	1733	735209	65	58860	73	175	45	51	100	59369
TP1_synth_reverse		79	G	1033	496	741	732513	2	121	299	735205	55	184	34	59030	1	15	48	59367
TP1_synth_reverse		80	G	1075	221	442	733074	1	114	258	735185	68	65	14	59149	1	28	35	59360
TP1_synth_reverse		81	C	460	732276	1202	109	879	67	175	735168	59	59164	46	14	51	8	13	59355
TP1_synth_reverse		82	A	733244	23	1427	129	0	82	120	735025	59126	2	63	7	0	14	7	59219
TP1_synth_reverse		83	A	734366	41	288	75	0	172	82	735024	59157	6	12	5	0	36	2	59218
TP1_synth_reverse		84	A	734185	30	38	418	69	204	57	735001	59133	4	2	26	4	43	2	59214
TP1_synth_reverse		85	G	118	317	10	733971	2	106	392	734916	15	75	7	59010	2	41	26	59176
TP1_synth_reverse		86	C	526	734128	0	35	15	82	89	734875	93	59055	0	3	2	4	7	59164
TP1_synth_reverse		87	T	934	79	1	26	1	276	733504	734821	193	5	0	1	1	27	58914	59141
TP1_synth_reverse		88	G	155	424	115	733580	172	113	225	734784	17	44	8	58979	6	23	53	59130
TP1_synth_reverse		89	T	565	120	325	16	0	39	733681	734746	63	10	14	2	0	10	59021	59120
TP1_synth_reverse		90	T	496	100	0	57	0	79	733862	734594	70	6	0	5	0	7	58993	59081
TP1_synth_reverse		91	C	480	733338	0	202	0	297	119	734436	69	58939	0	8	0	39	5	59060
TP1_synth_reverse		92	C	370	732928	0	87	0	309	352	734046	39	58910	0	9	0	52	22	59032
TP1_synth_reverse		93	G	460	315	0	732009	0	121	151	733056	24	78	0	58767	0	25	39	58933
TP1_synth_reverse		94	T	429	104	0	40	0	78	732009	732660	69	6	0	5	0	11	58815	58906
TP1_synth_reverse		95	C	0	732168	0	0	0	166	0	732334	0	58843	0	0	0	15	0	58858
TP1_synth_reverse		96	C	0	731256	0	0	0	114	0	731370	0	58738	0	0	0	31	0	58769
TP1_synth_reverse		97	C	0	729801	0	0	0	157	0	729958	0	58600	0	0	0	56	0	58656
TP1_synth_reverse		98	A	727890	0	0	0	0	0	0	727890	58541	0	0	0	0	0	0	58541
TP1_synth_reverse		99	G	0	0	0	726719	0	0	0	726719	0	0	0	58399	0	0	0	58399
