



























































































































































































































#AmpliconChromStart	Alias	Position	ProbableRef	rawA	rawC	rawD	rawG	rawI	rawN	rawT	rawDepth	consA	consC	consD	consG	consI	consN	consT	consDepth	
TP1_synth_reverse		1	G	0	0	0	728134	0	0	0	728134	0	0	0	16215	0	0	0	16215
TP1_synth_reverse		2	T	0	0	0	0	0	0	729528	729528	0	0	0	0	0	0	16226	16226
TP1_synth_reverse		3	G	0	0	0	731631	0	76	0	731707	0	0	0	16258	0	0	0	16258
TP1_synth_reverse		4	G	0	0	0	732442	0	45	0	732487	0	0	0	16267	0	0	0	16267
TP1_synth_reverse		5	T	0	0	0	0	0	20	732896	732916	0	0	0	0	0	0	16274	16274
TP1_synth_reverse		6	G	245	56	0	733205	0	9	172	733687	1	0	0	16277	0	0	2	16280
TP1_synth_reverse		7	A	733511	24	0	86	0	69	102	733792	16283	0	0	0	0	0	0	16283
TP1_synth_reverse		8	G	140	60	0	733617	0	96	215	734128	1	0	0	16287	0	0	3	16291
TP1_synth_reverse		9	G	112	128	0	733856	0	22	344	734462	0	0	0	16297	0	0	2	16299
TP1_synth_reverse		10	C	202	734047	127	16	1	24	72	734489	0	16299	1	0	0	0	0	16300
TP1_synth_reverse		11	T	129	230	332	9	999	21	732769	734489	0	0	3	0	10	0	16287	16300
TP1_synth_reverse		12	C	256	732257	1731	9	1	65	170	734489	0	16278	21	0	0	0	1	16300
TP1_synth_reverse		13	C	348	733932	3	26	1	96	83	734489	0	16300	0	0	0	0	0	16300
TP1_synth_reverse		14	C	315	734018	0	16	3	37	100	734489	0	16300	0	0	0	0	0	16300
TP1_synth_reverse		15	C	386	733476	185	18	134	62	228	734489	1	16285	4	0	4	0	6	16300
TP1_synth_reverse		16	T	269	339	1850	9	0	169	731871	734507	0	1	35	0	0	0	16265	16301
TP1_synth_reverse		17	T	272	114	667	12	0	43	733399	734507	0	0	13	0	0	0	16288	16301
TP1_synth_reverse		18	T	249	106	666	5	218	50	733213	734507	0	0	13	0	9	0	16279	16301
TP1_synth_reverse		19	C	266	732287	1620	15	139	56	266	734649	0	16271	24	0	4	0	3	16302
TP1_synth_reverse		20	T	191	80	626	13	1	28	733710	734649	0	0	16	0	0	0	16286	16302
TP1_synth_reverse		21	T	398	212	242	1002	1017	80	731698	734649	0	3	7	21	19	0	16252	16302
TP1_synth_reverse		22	G	286	594	438	732554	484	10	283	734649	3	2	9	16278	8	0	2	16302
TP1_synth_reverse		23	C	448	724401	634	3902	4583	24	665	734657	0	16132	9	73	83	0	6	16303
TP1_synth_reverse		24	G	223	134	719	732985	13	55	528	734657	4	0	12	16287	0	0	0	16303
TP1_synth_reverse		25	G	81	498	385	732357	974	83	279	734657	0	0	11	16276	16	0	0	16303
TP1_synth_reverse		26	A	732063	17	866	584	1001	33	117	734681	16257	0	19	8	22	0	0	16306
TP1_synth_reverse		27	G	60	625	716	732620	443	15	202	734681	1	0	23	16276	4	0	2	16306
TP1_synth_reverse		28	A	732089	33	2133	88	198	41	99	734681	16266	0	38	1	1	0	0	16306
TP1_synth_reverse		29	T	231	75	2312	145	1	122	731795	734681	0	0	44	4	0	0	16258	16306
TP1_synth_reverse		30	T	752	86	1038	40	381	100	732284	734681	0	0	21	0	5	0	16280	16306
TP1_synth_reverse		31	C	570	731687	1347	28	4	73	715	734424	2	16269	26	0	0	0	9	16306
TP1_synth_reverse		32	T	502	151	1684	31	33	309	731575	734285	1	2	31	0	1	0	16268	16303
TP1_synth_reverse		33	C	348	731652	2120	64	93	113	68	734458	0	16266	33	2	3	0	0	16304
TP1_synth_reverse		34	T	603	131	2696	52	1	66	730955	734504	0	2	47	0	0	0	16256	16305
TP1_synth_reverse		35	T	1183	541	1873	45	955	66	729825	734488	0	6	34	0	9	0	16256	16305
TP1_synth_reverse		36	C	621	730458	2949	33	1	58	230	734350	1	16251	50	1	0	0	2	16305
TP1_synth_reverse		37	C	503	730945	2167	42	13	62	598	734330	1	16254	40	0	1	0	9	16305
TP1_synth_reverse		38	T	564	270	2306	269	104	26	730781	734320	0	4	47	6	3	0	16245	16305
TP1_synth_reverse		39	C	333	730910	2439	249	127	62	189	734309	1	16240	45	6	7	0	6	16305
TP1_synth_reverse		40	T	1051	90	2526	2621	562	142	727310	734302	1	0	49	53	13	0	16189	16305
TP1_synth_reverse		41	G	421	562	2793	730086	134	20	283	734299	0	1	52	16248	4	0	1	16306
TP1_synth_reverse		42	T	1730	100	1829	188	3377	48	727267	734539	1	2	34	6	44	0	16225	16312
TP1_synth_reverse		43	G	339	425	1139	731798	387	326	358	734772	0	1	24	16287	4	0	0	16316
TP1_synth_reverse		44	C	440	725661	1914	3998	1412	134	1219	734778	2	16176	27	66	26	0	20	16317
TP1_synth_reverse		45	G	454	691	1619	729989	455	49	1373	734630	7	6	26	16263	8	0	5	16315
TP1_synth_reverse		46	C	652	731503	1770	449	3	9	176	734562	3	16271	32	5	0	0	4	16315
TP1_synth_reverse		47	C	268	727293	608	3559	2097	29	705	734559	0	16188	17	66	39	0	5	16315
TP1_synth_reverse		48	G	685	473	877	731534	91	37	1055	734752	7	0	25	16276	1	0	8	16317
TP1_synth_reverse		49	A	733613	47	937	83	3	193	129	735005	16296	0	22	0	0	0	0	16318
TP1_synth_reverse		50	T	1008	71	776	403	20	100	732608	734986	1	0	23	1	4	0	16289	16318
TP1_synth_reverse		51	A	733763	42	815	95	34	104	144	734997	16297	0	21	0	0	0	1	16319
TP1_synth_reverse		52	C	405	732898	691	139	284	251	318	734986	0	16294	20	1	2	0	2	16319
TP1_synth_reverse		53	A	731884	35	781	836	1056	286	122	735000	16264	0	23	19	14	0	0	16320
TP1_synth_reverse		54	G	224	252	857	732983	57	90	770	735233	3	5	24	16284	1	0	5	16322
TP1_synth_reverse		55	A	733573	75	1311	92	0	123	64	735238	16295	1	25	0	0	0	0	16321
TP1_synth_reverse		56	A	733926	11	942	140	219	95	106	735439	16299	0	23	0	1	0	0	16323
TP1_synth_reverse		57	T	1389	70	1299	196	16	162	732230	735362	1	2	28	0	2	0	16286	16319
TP1_synth_reverse		58	A	733162	584	1041	87	135	262	111	735382	16283	14	23	0	1	0	0	16321
TP1_synth_reverse		59	T	796	1308	1546	81	7	324	731282	735344	0	25	35	1	1	0	16258	16320
TP1_synth_reverse		60	C	744	732937	1249	47	19	231	70	735297	1	16290	25	0	1	0	1	16318
TP1_synth_reverse		61	T	992	74	1801	5909	743	174	725499	735192	1	0	30	94	20	0	16174	16319
TP1_synth_reverse		62	G	482	194	1070	730667	53	287	2334	735087	3	0	27	16249	2	0	38	16319
TP1_synth_reverse		63	T	1625	90	1320	21	1	134	731923	735114	0	1	29	0	0	0	16292	16322
TP1_synth_reverse		64	T	1604	662	1195	113	372	32	730872	734850	0	5	32	1	1	0	16281	16320
TP1_synth_reverse		65	C	958	729962	1287	1605	424	153	452	734841	1	16229	36	32	12	0	10	16320
TP1_synth_reverse		66	G	364	320	969	732751	108	68	444	735024	3	0	26	16292	2	0	2	16325
TP1_synth_reverse		67	C	754	732440	1516	41	1	183	86	735021	0	16288	37	0	0	0	0	16325
TP1_synth_reverse		68	A	733360	192	1330	113	6	74	81	735156	16298	0	28	0	0	0	0	16326
TP1_synth_reverse		69	C	267	733445	1200	35	1	57	302	735307	3	16291	29	0	0	0	5	16328
TP1_synth_reverse		70	T	903	161	1465	43	193	114	732405	735284	0	1	28	0	7	0	16292	16328
TP1_synth_reverse		71	C	293	731890	2140	220	322	309	105	735279	0	16288	35	1	4	0	0	16328
TP1_synth_reverse		72	C	561	727455	1272	5128	569	131	155	735271	0	16215	24	80	8	0	0	16327
TP1_synth_reverse		73	G	191	421	1685	732030	9	313	596	735245	3	0	30	16291	1	0	2	16327
TP1_synth_reverse		74	A	730614	55	1283	2970	159	125	36	735242	16241	1	23	60	2	0	0	16327
TP1_synth_reverse		75	G	140	303	1948	731813	0	59	971	735234	3	0	27	16289	0	0	8	16327
TP1_synth_reverse		76	T	756	76	1772	9482	277	56	722801	735220	0	1	28	150	7	0	16141	16327
TP1_synth_reverse		77	G	477	317	768	733216	10	59	366	735213	5	0	9	16311	0	0	2	16327
TP1_synth_reverse		78	C	366	727608	1310	2935	862	392	1733	735206	0	16245	15	40	10	0	17	16327
TP1_synth_reverse		79	G	1033	496	741	732509	1	121	301	735202	11	2	12	16301	0	0	1	16327
TP1_synth_reverse		80	G	1075	221	442	733071	1	114	258	735182	8	0	4	16315	0	0	0	16327
TP1_synth_reverse		81	C	461	732272	1202	109	879	67	175	735165	2	16297	11	4	11	0	2	16327
TP1_synth_reverse		82	A	733241	23	1427	129	0	82	120	735022	16312	0	15	0	0	0	0	16327
TP1_synth_reverse		83	A	734363	41	288	75	0	172	82	735021	16324	0	3	0	0	0	0	16327
TP1_synth_reverse		84	A	734182	30	38	418	69	204	57	734998	16317	0	0	8	2	0	0	16327
TP1_synth_reverse		85	G	118	317	10	733968	2	106	392	734913	1	0	1	16323	0	0	2	16327
TP1_synth_reverse		86	C	526	734125	0	36	15	82	89	734873	3	16323	0	0	1	0	0	16327
TP1_synth_reverse		87	T	933	79	1	26	1	276	733503	734819	0	0	0	0	0	0	16327	16327
TP1_synth_reverse		88	G	155	424	115	733577	172	113	226	734782	3	0	2	16321	1	0	0	16327
TP1_synth_reverse		89	T	567	120	325	16	0	39	733677	734744	0	1	2	0	0	0	16324	16327
TP1_synth_reverse		90	T	496	100	0	57	0	79	733859	734591	0	0	0	1	0	0	16324	16325
TP1_synth_reverse		91	C	482	733333	0	202	0	297	119	734433	0	16321	0	2	0	1	1	16325
TP1_synth_reverse		92	C	372	732922	0	87	0	309	352	734042	0	16320	0	2	0	0	2	16324
TP1_synth_reverse		93	G	460	316	0	732006	0	121	149	733052	5	1	0	16307	0	0	0	16313
TP1_synth_reverse		94	T	430	104	0	40	0	78	732004	732656	0	0	0	0	0	0	16312	16312
TP1_synth_reverse		95	C	0	732162	0	0	0	166	0	732328	0	16312	0	0	0	0	0	16312
TP1_synth_reverse		96	C	0	731250	0	0	0	114	0	731364	0	16310	0	0	0	0	0	16310
TP1_synth_reverse		97	C	0	729795	0	0	0	157	0	729952	0	16297	0	0	0	0	0	16297
TP1_synth_reverse		98	A	727884	0	0	0	0	0	0	727884	16289	0	0	0	0	0	0	16289
TP1_synth_reverse		99	G	0	0	0	726712	0	0	0	726712	0	0	0	16285	0	0	0	16285
