



























































































































































































































#AmpliconChromStart	Alias	Position	ProbableRef	rawA	rawC	rawD	rawG	rawI	rawN	rawT	rawDepth	consA	consC	consD	consG	consI	consN	consT	consDepth	
TP1_synth_reverse		1	G	0	0	0	728134	0	0	0	728134	0	0	0	10461	0	0	0	10461
TP1_synth_reverse		2	T	0	0	0	0	0	0	729528	729528	0	0	0	0	0	0	10470	10470
TP1_synth_reverse		3	G	0	0	0	731631	0	76	0	731707	0	0	0	10489	0	0	0	10489
TP1_synth_reverse		4	G	0	0	0	732442	0	45	0	732487	0	0	0	10493	0	0	0	10493
TP1_synth_reverse		5	T	0	0	0	0	0	20	732896	732916	0	0	0	0	0	0	10497	10497
TP1_synth_reverse		6	G	245	56	0	733205	0	9	172	733687	1	0	0	10501	0	0	1	10503
TP1_synth_reverse		7	A	733511	24	0	86	0	69	102	733792	10505	0	0	0	0	0	0	10505
TP1_synth_reverse		8	G	140	60	0	733617	0	96	215	734128	1	0	0	10507	0	0	2	10510
TP1_synth_reverse		9	G	112	128	0	733856	0	22	344	734462	0	0	0	10513	0	0	1	10514
TP1_synth_reverse		10	C	202	734047	127	16	1	24	72	734489	0	10515	0	0	0	0	0	10515
TP1_synth_reverse		11	T	129	230	332	9	999	21	732784	734504	0	0	2	0	10	0	10503	10515
TP1_synth_reverse		12	C	256	732272	1731	9	1	65	170	734504	0	10502	12	0	0	0	1	10515
TP1_synth_reverse		13	C	348	733947	3	26	1	96	83	734504	0	10515	0	0	0	0	0	10515
TP1_synth_reverse		14	C	315	734033	0	16	3	37	100	734504	0	10515	0	0	0	0	0	10515
TP1_synth_reverse		15	C	386	733491	185	18	134	62	228	734504	1	10505	4	0	2	0	3	10515
TP1_synth_reverse		16	T	271	339	1850	9	0	169	731884	734522	0	1	25	0	0	0	10489	10515
TP1_synth_reverse		17	T	273	114	667	12	0	43	733413	734522	0	0	10	0	0	0	10505	10515
TP1_synth_reverse		18	T	250	106	666	5	218	50	733227	734522	0	0	9	0	4	0	10502	10515
TP1_synth_reverse		19	C	266	732302	1620	15	139	56	266	734664	0	10493	17	0	3	0	3	10516
TP1_synth_reverse		20	T	191	80	626	13	1	28	733729	734668	0	0	13	0	0	0	10503	10516
TP1_synth_reverse		21	T	398	212	242	1002	1017	80	731717	734668	0	3	6	17	13	0	10477	10516
TP1_synth_reverse		22	G	286	596	438	732571	484	10	283	734668	1	2	8	10499	5	0	1	10516
TP1_synth_reverse		23	C	449	724411	634	3902	4583	24	665	734668	0	10401	8	52	52	0	3	10516
TP1_synth_reverse		24	G	223	134	719	732996	13	55	528	734668	2	0	10	10504	0	0	0	10516
TP1_synth_reverse		25	G	81	499	385	732381	974	83	279	734682	0	0	10	10496	11	0	0	10517
TP1_synth_reverse		26	A	732088	17	866	584	1001	33	117	734706	10485	0	15	4	14	0	0	10518
TP1_synth_reverse		27	G	61	627	716	732642	443	15	202	734706	0	0	16	10499	2	0	1	10518
TP1_synth_reverse		28	A	732114	33	2133	88	198	41	99	734706	10489	0	28	0	1	0	0	10518
TP1_synth_reverse		29	T	231	75	2312	145	1	122	731820	734706	0	0	30	1	0	0	10487	10518
TP1_synth_reverse		30	T	754	86	1038	40	381	100	732307	734706	0	0	16	0	5	0	10497	10518
TP1_synth_reverse		31	C	570	731712	1347	28	4	73	715	734449	1	10490	19	0	0	0	8	10518
TP1_synth_reverse		32	T	502	151	1684	31	33	309	731600	734310	1	1	20	0	1	0	10492	10515
TP1_synth_reverse		33	C	348	731677	2120	64	93	113	68	734483	0	10489	24	2	1	0	0	10516
TP1_synth_reverse		34	T	605	131	2696	52	1	66	730978	734529	0	1	33	0	0	0	10483	10517
TP1_synth_reverse		35	T	1185	541	1873	45	955	66	729848	734513	0	4	22	0	9	0	10482	10517
TP1_synth_reverse		36	C	622	730482	2949	33	1	58	230	734375	1	10479	34	1	0	0	2	10517
TP1_synth_reverse		37	C	505	730968	2167	42	13	62	598	734355	1	10486	23	0	0	0	7	10517
TP1_synth_reverse		38	T	566	270	2306	269	104	26	730804	734345	0	2	27	3	3	0	10482	10517
TP1_synth_reverse		39	C	336	730931	2439	250	127	62	189	734334	0	10480	28	3	3	0	3	10517
TP1_synth_reverse		40	T	1052	90	2526	2621	562	142	727334	734327	1	0	30	32	7	0	10447	10517
TP1_synth_reverse		41	G	424	563	2792	730102	134	20	284	734319	0	1	32	10481	3	0	0	10517
TP1_synth_reverse		42	T	1732	100	1828	188	3377	48	727286	734559	0	1	22	2	31	0	10465	10521
TP1_synth_reverse		43	G	341	427	1138	731815	387	326	358	734792	0	1	16	10502	4	0	0	10523
TP1_synth_reverse		44	C	441	725681	1913	3998	1412	134	1219	734798	0	10436	18	45	14	0	10	10523
TP1_synth_reverse		45	G	454	691	1619	729991	455	49	1382	734641	4	3	16	10491	6	0	2	10522
TP1_synth_reverse		46	C	655	731511	1770	449	3	9	176	734573	1	10494	22	3	0	0	2	10522
TP1_synth_reverse		47	C	270	727302	608	3559	2097	29	705	734570	0	10434	9	49	27	0	3	10522
TP1_synth_reverse		48	G	685	474	877	731540	91	37	1059	734763	5	0	16	10496	1	0	5	10523
TP1_synth_reverse		49	A	733624	47	937	83	3	193	129	735016	10511	0	13	0	0	0	0	10524
TP1_synth_reverse		50	T	1008	71	777	403	20	100	732618	734997	1	0	11	1	0	0	10511	10524
TP1_synth_reverse		51	A	733774	42	815	95	34	104	144	735008	10510	0	14	0	0	0	1	10525
TP1_synth_reverse		52	C	406	732908	691	139	284	251	318	734997	0	10512	11	0	1	0	1	10525
TP1_synth_reverse		53	A	731896	35	781	836	1055	286	122	735011	10487	0	16	13	10	0	0	10526
TP1_synth_reverse		54	G	225	252	857	732992	57	90	771	735244	2	2	15	10504	1	0	4	10528
TP1_synth_reverse		55	A	733584	75	1311	92	0	123	64	735249	10513	1	14	0	0	0	0	10528
TP1_synth_reverse		56	A	733937	11	942	140	219	95	106	735450	10516	0	12	0	1	0	0	10529
TP1_synth_reverse		57	T	1390	70	1299	196	16	162	732240	735373	0	0	15	0	1	0	10513	10529
TP1_synth_reverse		58	A	733174	583	1041	87	135	262	111	735393	10509	9	11	0	1	0	0	10530
TP1_synth_reverse		59	T	796	1308	1546	81	7	324	731293	735355	0	16	20	0	0	0	10493	10529
TP1_synth_reverse		60	C	745	732947	1249	47	19	231	70	735308	1	10512	15	0	0	0	0	10528
TP1_synth_reverse		61	T	995	74	1801	5909	743	174	725507	735203	1	0	20	64	14	0	10429	10528
TP1_synth_reverse		62	G	483	195	1070	730677	53	287	2333	735098	2	0	16	10486	0	0	24	10528
TP1_synth_reverse		63	T	1624	90	1320	21	1	134	731935	735125	0	0	20	0	0	0	10510	10530
TP1_synth_reverse		64	T	1608	662	1195	113	372	32	730879	734861	0	4	21	1	1	0	10501	10528
TP1_synth_reverse		65	C	958	729973	1287	1605	424	153	452	734852	1	10472	20	24	5	0	6	10528
TP1_synth_reverse		66	G	363	321	969	732762	108	68	443	735034	2	0	15	10511	1	0	2	10531
TP1_synth_reverse		67	C	754	732450	1516	41	1	183	86	735031	0	10509	22	0	0	0	0	10531
TP1_synth_reverse		68	A	733370	192	1330	113	6	74	81	735166	10514	0	18	0	0	0	0	10532
TP1_synth_reverse		69	C	268	733454	1200	35	1	57	302	735317	0	10513	18	0	0	0	3	10534
TP1_synth_reverse		70	T	903	161	1465	43	193	114	732415	735294	0	1	17	0	4	0	10512	10534
TP1_synth_reverse		71	C	294	731900	2139	220	322	309	105	735289	0	10505	24	1	4	0	0	10534
TP1_synth_reverse		72	C	563	727463	1272	5128	569	131	155	735281	0	10456	18	52	8	0	0	10534
TP1_synth_reverse		73	G	191	423	1685	732036	9	313	598	735255	3	0	20	10509	0	0	2	10534
TP1_synth_reverse		74	A	730624	55	1283	2970	159	125	36	735252	10483	0	15	35	1	0	0	10534
TP1_synth_reverse		75	G	140	303	1948	731823	0	59	971	735244	1	0	20	10506	0	0	7	10534
TP1_synth_reverse		76	T	757	76	1772	9483	277	56	722809	735230	0	0	18	86	3	0	10427	10534
TP1_synth_reverse		77	G	477	318	768	733225	10	59	366	735223	3	0	7	10523	0	0	1	10534
TP1_synth_reverse		78	C	365	727619	1310	2935	862	392	1733	735216	0	10484	12	24	6	0	8	10534
TP1_synth_reverse		79	G	1033	496	741	732519	1	121	301	735212	10	1	9	10513	0	0	1	10534
TP1_synth_reverse		80	G	1075	221	442	733080	1	114	259	735192	6	0	3	10525	0	0	0	10534
TP1_synth_reverse		81	C	461	732282	1202	109	879	67	175	735175	2	10518	6	1	6	0	1	10534
TP1_synth_reverse		82	A	733251	23	1427	129	0	82	120	735032	10524	0	10	0	0	0	0	10534
TP1_synth_reverse		83	A	734373	41	288	75	0	172	82	735031	10531	0	3	0	0	0	0	10534
TP1_synth_reverse		84	A	734192	30	38	418	69	204	57	735008	10529	0	0	3	2	0	0	10534
TP1_synth_reverse		85	G	118	318	10	733977	2	106	392	734923	0	0	0	10533	0	0	1	10534
TP1_synth_reverse		86	C	525	734136	0	35	15	82	89	734882	1	10532	0	0	1	0	0	10534
TP1_synth_reverse		87	T	933	79	1	26	1	276	733512	734828	0	0	0	0	0	0	10534	10534
TP1_synth_reverse		88	G	155	424	115	733587	172	113	225	734791	1	0	2	10530	1	0	0	10534
TP1_synth_reverse		89	T	568	120	325	16	0	39	733685	734753	0	0	1	0	0	0	10533	10534
TP1_synth_reverse		90	T	496	100	0	57	0	79	733868	734600	0	0	0	1	0	0	10532	10533
TP1_synth_reverse		91	C	482	733341	0	202	0	297	119	734441	0	10530	0	2	0	1	0	10533
TP1_synth_reverse		92	C	372	732929	0	87	0	309	352	734049	0	10532	0	1	0	0	0	10533
TP1_synth_reverse		93	G	460	316	0	732011	0	121	151	733059	4	0	0	10525	0	0	0	10529
TP1_synth_reverse		94	T	428	104	0	40	0	78	732014	732664	0	0	0	0	0	0	10529	10529
TP1_synth_reverse		95	C	0	732170	0	0	0	166	0	732336	0	10529	0	0	0	0	0	10529
TP1_synth_reverse		96	C	0	731257	0	0	0	114	0	731371	0	10529	0	0	0	0	0	10529
TP1_synth_reverse		97	C	0	729802	0	0	0	157	0	729959	0	10525	0	0	0	0	0	10525
TP1_synth_reverse		98	A	727891	0	0	0	0	0	0	727891	10523	0	0	0	0	0	0	10523
TP1_synth_reverse		99	G	0	0	0	726719	0	0	0	726719	0	0	0	10520	0	0	0	10520
