



























































































































































































































#AmpliconChromStart	Alias	Position	ProbableRef	rawA	rawC	rawD	rawG	rawI	rawN	rawT	rawDepth	consA	consC	consD	consG	consI	consN	consT	consDepth	
TP1_synth_reverse		1	G	0	0	0	449896	0	0	0	449896	0	0	0	5439	0	0	0	5439
TP1_synth_reverse		2	T	0	0	0	0	0	0	450846	450846	0	0	0	0	0	0	5447	5447
TP1_synth_reverse		3	G	0	0	0	454066	0	77	0	454143	0	0	0	5463	0	0	0	5463
TP1_synth_reverse		4	G	0	0	0	454452	0	38	0	454490	0	0	0	5466	0	0	0	5466
TP1_synth_reverse		5	T	0	0	0	0	0	122	454657	454779	0	0	0	0	0	0	5467	5467
TP1_synth_reverse		6	G	111	41	0	454861	0	22	189	455224	1	0	0	5467	0	0	1	5469
TP1_synth_reverse		7	A	455489	21	0	57	0	6	82	455655	5471	0	0	0	0	0	0	5471
TP1_synth_reverse		8	G	71	136	0	456089	0	43	132	456471	0	1	0	5474	0	0	1	5476
TP1_synth_reverse		9	G	68	80	0	456217	1	8	128	456502	0	0	0	5475	0	0	1	5476
TP1_synth_reverse		10	C	191	456008	0	14	182	9	120	456524	0	5475	0	0	1	0	0	5476
TP1_synth_reverse		11	T	229	97	10	13	50	20	456105	456524	0	0	0	0	1	0	5475	5476
TP1_synth_reverse		12	C	219	452937	3209	14	1	41	103	456524	0	5458	18	0	0	0	0	5476
TP1_synth_reverse		13	C	279	456092	1	21	0	71	89	456553	0	5476	0	0	0	0	0	5476
TP1_synth_reverse		14	C	214	456226	1	22	0	30	77	456570	0	5476	0	0	0	0	0	5476
TP1_synth_reverse		15	C	170	455480	223	24	593	25	61	456576	0	5470	1	0	5	0	0	5476
TP1_synth_reverse		16	T	459	46	2509	26	1	24	453511	456576	0	0	23	0	0	0	5453	5476
TP1_synth_reverse		17	T	454	72	269	23	1	91	455666	456576	0	0	1	0	0	0	5475	5476
TP1_synth_reverse		18	T	372	336	27	11	276	65	455501	456588	0	3	0	0	4	0	5469	5476
TP1_synth_reverse		19	C	368	457115	844	24	725	52	408	459536	0	5459	7	0	6	0	5	5477
TP1_synth_reverse		20	T	464	62	1662	31	6	33	457278	459536	0	0	14	0	0	0	5463	5477
TP1_synth_reverse		21	T	1439	77	470	426	1475	109	455540	459536	0	0	2	6	16	0	5453	5477
TP1_synth_reverse		22	G	104	507	565	457733	346	86	209	459550	0	0	7	5466	4	0	0	5477
TP1_synth_reverse		23	C	505	455708	365	80	2566	62	264	459550	0	5442	4	0	27	0	4	5477
TP1_synth_reverse		24	G	173	123	408	458472	1	37	342	459556	0	0	4	5472	0	0	1	5477
TP1_synth_reverse		25	G	143	343	356	458520	3	31	173	459569	0	0	4	5473	0	0	0	5477
TP1_synth_reverse		26	A	457879	13	476	111	934	64	102	459579	5461	0	6	1	10	0	0	5478
TP1_synth_reverse		27	G	226	124	1261	457457	2	61	448	459579	4	0	12	5462	0	0	0	5478
TP1_synth_reverse		28	A	457195	71	1263	238	711	35	66	459579	5463	0	8	1	6	0	0	5478
TP1_synth_reverse		29	T	588	448	233	48	8	7	458247	459579	0	2	2	0	0	0	5474	5478
TP1_synth_reverse		30	T	2040	1336	20	5	116	32	456037	459586	0	5	0	0	2	0	5471	5478
TP1_synth_reverse		31	C	601	458245	554	18	20	13	130	459581	1	5470	6	0	0	0	1	5478
TP1_synth_reverse		32	T	780	59	549	23	1	34	458133	459579	0	0	6	0	0	0	5472	5478
TP1_synth_reverse		33	C	561	457730	639	27	454	12	156	459579	0	5465	8	0	3	0	2	5478
TP1_synth_reverse		34	T	1012	80	536	36	2	14	457897	459577	0	0	5	0	0	0	5473	5478
TP1_synth_reverse		35	T	2332	53	633	53	1	34	456460	459566	0	0	7	0	0	0	5471	5478
TP1_synth_reverse		36	C	452	458141	835	24	2	38	67	459559	0	5464	14	0	0	0	0	5478
TP1_synth_reverse		37	C	547	458210	57	47	542	25	129	459557	2	5469	2	0	4	0	1	5478
TP1_synth_reverse		38	T	1144	43	573	26	195	56	457510	459547	0	0	5	0	2	0	5471	5478
TP1_synth_reverse		39	C	284	458376	280	26	484	20	77	459547	0	5472	4	0	2	0	0	5478
TP1_synth_reverse		40	T	1263	56	211	11	210	22	457770	459543	0	0	3	0	2	0	5473	5478
TP1_synth_reverse		41	G	97	996	788	455658	761	19	1214	459533	0	0	6	5467	4	0	1	5478
TP1_synth_reverse		42	T	1971	116	422	32	2316	70	454599	459526	0	0	6	0	21	0	5451	5478
TP1_synth_reverse		43	G	73	1003	900	456672	164	44	659	459515	0	0	8	5468	2	0	0	5478
TP1_synth_reverse		44	C	570	456178	385	133	1531	75	640	459512	0	5452	5	1	16	0	4	5478
TP1_synth_reverse		45	G	155	458	342	455917	24	46	2571	459513	1	1	4	5467	0	0	5	5478
TP1_synth_reverse		46	C	892	458137	172	30	0	17	264	459512	1	5473	3	0	0	0	1	5478
TP1_synth_reverse		47	C	338	458628	0	23	224	5	293	459511	0	5470	0	0	4	0	4	5478
TP1_synth_reverse		48	G	125	1075	788	455572	149	2	1790	459501	0	1	4	5472	1	0	0	5478
TP1_synth_reverse		49	A	458508	40	700	43	125	29	97	459542	5471	0	6	0	1	0	0	5478
TP1_synth_reverse		50	T	2087	45	235	17	245	13	456898	459540	0	0	3	0	2	0	5473	5478
TP1_synth_reverse		51	A	458892	37	233	35	238	52	79	459566	5473	0	3	0	2	0	0	5478
TP1_synth_reverse		52	C	492	458696	233	28	0	26	90	459565	0	5475	3	0	0	0	0	5478
TP1_synth_reverse		53	A	457577	21	558	96	1205	31	89	459577	5466	0	5	0	7	0	0	5478
TP1_synth_reverse		54	G	236	494	443	457857	139	14	389	459572	1	1	5	5468	3	0	0	5478
TP1_synth_reverse		55	A	459020	129	330	61	0	16	35	459591	5474	0	5	0	0	0	0	5479
TP1_synth_reverse		56	A	459223	14	87	81	70	28	87	459590	5475	0	2	0	2	0	0	5479
TP1_synth_reverse		57	T	2871	79	445	119	39	31	455977	459561	0	2	5	0	0	0	5472	5479
TP1_synth_reverse		58	A	459381	38	0	55	0	36	78	459588	5479	1	0	0	0	0	0	5480
TP1_synth_reverse		59	T	1737	34	178	79	50	11	457480	459569	0	0	3	0	1	0	5476	5480
TP1_synth_reverse		60	C	1144	457861	373	57	3	26	102	459566	0	5472	7	0	0	0	1	5480
TP1_synth_reverse		61	T	1308	70	611	204	552	6	456817	459568	0	0	5	0	3	0	5473	5481
TP1_synth_reverse		62	G	946	266	391	457274	70	68	548	459563	5	0	5	5470	1	0	0	5481
TP1_synth_reverse		63	T	3254	59	507	244	3	19	455492	459578	0	0	4	2	0	0	5476	5482
TP1_synth_reverse		64	T	1927	89	2	72	1	39	457451	459581	0	1	0	0	0	0	5481	5482
TP1_synth_reverse		65	C	549	457285	913	40	610	64	118	459579	0	5474	4	0	4	0	0	5482
TP1_synth_reverse		66	G	402	298	889	457454	1	27	506	459577	0	0	3	5479	0	0	0	5482
TP1_synth_reverse		67	C	691	457767	926	22	0	89	77	459572	0	5479	3	0	0	0	0	5482
TP1_synth_reverse		68	A	458446	343	296	100	253	63	74	459575	5480	0	1	0	1	0	0	5482
TP1_synth_reverse		69	C	137	458575	671	17	1	40	132	459573	0	5478	3	0	0	0	1	5482
TP1_synth_reverse		70	T	1115	79	585	136	1	22	457630	459568	0	0	2	0	0	0	5480	5482
TP1_synth_reverse		71	C	305	457599	1200	34	0	9	415	459562	0	5472	6	0	0	0	4	5482
TP1_synth_reverse		72	C	720	457910	232	46	59	40	549	459556	0	5478	1	0	1	0	2	5482
TP1_synth_reverse		73	G	1441	293	543	456599	398	94	181	459549	3	0	3	5474	2	0	0	5482
TP1_synth_reverse		74	A	458851	74	392	60	80	68	24	459549	5478	0	3	0	1	0	0	5482
TP1_synth_reverse		75	G	408	278	1290	457130	2	12	414	459534	4	0	9	5465	0	0	4	5482
TP1_synth_reverse		76	T	2637	198	243	57	99	15	456270	459519	0	1	1	0	1	0	5479	5482
TP1_synth_reverse		77	G	90	340	585	457698	0	17	776	459506	0	0	3	5478	0	0	1	5482
TP1_synth_reverse		78	C	410	457136	926	29	4	33	966	459504	1	5472	3	0	0	0	6	5482
TP1_synth_reverse		79	G	523	688	247	457315	0	108	607	459488	2	0	2	5476	0	0	2	5482
TP1_synth_reverse		80	G	351	218	1	458521	0	127	258	459476	1	0	0	5480	0	0	1	5482
TP1_synth_reverse		81	C	314	457318	1594	31	0	103	103	459463	1	5465	16	0	0	0	0	5482
TP1_synth_reverse		82	A	455449	39	756	101	0	59	81	456485	5472	0	9	0	0	0	0	5481
TP1_synth_reverse		83	A	456112	70	35	85	0	125	56	456483	5480	0	1	0	0	0	0	5481
TP1_synth_reverse		84	A	456190	51	0	126	0	54	32	456453	5481	0	0	0	0	0	0	5481
TP1_synth_reverse		85	G	105	256	149	455131	553	70	124	456388	0	0	3	5476	2	0	0	5481
TP1_synth_reverse		86	C	264	455954	0	23	1	23	81	456346	0	5481	0	0	0	0	0	5481
TP1_synth_reverse		87	T	1163	46	88	76	1	52	454842	456268	0	0	0	0	0	0	5481	5481
TP1_synth_reverse		88	G	180	369	90	455323	67	61	131	456221	1	0	1	5479	0	0	0	5481
TP1_synth_reverse		89	T	842	59	127	35	0	140	454764	455967	0	0	0	0	0	0	5481	5481
TP1_synth_reverse		90	T	853	65	0	29	2	80	454776	455805	0	0	0	0	0	0	5481	5481
TP1_synth_reverse		91	C	402	455052	0	172	1	22	79	455728	0	5480	0	1	0	0	0	5481
TP1_synth_reverse		92	C	268	454416	0	256	0	33	312	455285	0	5480	0	0	0	0	1	5481
TP1_synth_reverse		93	G	395	148	0	453517	0	71	110	454241	1	0	0	5479	0	0	0	5480
TP1_synth_reverse		94	T	724	72	0	80	0	104	453184	454164	0	0	0	0	0	0	5480	5480
TP1_synth_reverse		95	C	0	453693	0	0	0	53	0	453746	0	5480	0	0	0	0	0	5480
TP1_synth_reverse		96	C	0	453205	0	0	0	41	0	453246	0	5480	0	0	0	0	0	5480
TP1_synth_reverse		97	C	0	452556	0	0	0	81	0	452637	0	5480	0	0	0	0	0	5480
TP1_synth_reverse		98	A	450812	0	0	0	0	0	0	450812	5480	0	0	0	0	0	0	5480
TP1_synth_reverse		99	G	0	0	0	450016	0	0	0	450016	0	0	0	5478	0	0	0	5478
