



























































































































































































































#AmpliconChromStart	Alias	Position	ProbableRef	rawA	rawC	rawD	rawG	rawI	rawN	rawT	rawDepth	consA	consC	consD	consG	consI	consN	consT	consDepth	
TP1_synth_reverse		1	G	0	0	0	449896	0	0	0	449896	0	0	0	3404	0	0	0	3404
TP1_synth_reverse		2	T	0	0	0	0	0	0	450846	450846	0	0	0	0	0	0	3409	3409
TP1_synth_reverse		3	G	0	0	0	454066	0	77	0	454143	0	0	0	3420	0	0	0	3420
TP1_synth_reverse		4	G	0	0	0	454452	0	38	0	454490	0	0	0	3420	0	0	0	3420
TP1_synth_reverse		5	T	0	0	0	0	0	122	454657	454779	0	0	0	0	0	0	3421	3421
TP1_synth_reverse		6	G	111	41	0	454861	0	22	189	455224	0	0	0	3421	0	0	1	3422
TP1_synth_reverse		7	A	455489	21	0	57	0	6	82	455655	3424	0	0	0	0	0	0	3424
TP1_synth_reverse		8	G	71	136	0	456089	0	43	132	456471	0	1	0	3426	0	0	1	3428
TP1_synth_reverse		9	G	68	80	0	456217	1	8	128	456502	0	0	0	3427	0	0	1	3428
TP1_synth_reverse		10	C	191	456008	0	14	182	9	120	456524	0	3427	0	0	1	0	0	3428
TP1_synth_reverse		11	T	229	97	10	13	50	20	456105	456524	0	0	0	0	1	0	3427	3428
TP1_synth_reverse		12	C	219	452937	3209	14	1	41	103	456524	0	3415	13	0	0	0	0	3428
TP1_synth_reverse		13	C	279	456092	1	21	0	71	89	456553	0	3428	0	0	0	0	0	3428
TP1_synth_reverse		14	C	214	456226	1	22	0	30	77	456570	0	3428	0	0	0	0	0	3428
TP1_synth_reverse		15	C	170	455480	223	24	593	25	61	456576	0	3423	1	0	4	0	0	3428
TP1_synth_reverse		16	T	459	46	2509	26	1	24	453511	456576	0	0	17	0	0	0	3411	3428
TP1_synth_reverse		17	T	454	72	269	23	1	91	455678	456588	0	0	1	0	0	0	3427	3428
TP1_synth_reverse		18	T	372	336	27	11	276	65	455513	456600	0	2	0	0	2	0	3424	3428
TP1_synth_reverse		19	C	368	457126	844	24	725	53	408	459548	0	3414	5	0	6	0	4	3429
TP1_synth_reverse		20	T	464	62	1662	31	6	33	457290	459548	0	0	11	0	0	0	3418	3429
TP1_synth_reverse		21	T	1439	77	470	426	1475	109	455552	459548	0	0	2	4	12	0	3411	3429
TP1_synth_reverse		22	G	104	509	565	457742	346	86	210	459562	0	0	6	3420	3	0	0	3429
TP1_synth_reverse		23	C	505	455719	365	80	2566	63	264	459562	0	3401	4	0	22	0	2	3429
TP1_synth_reverse		24	G	173	123	408	458484	1	37	342	459568	0	0	4	3425	0	0	0	3429
TP1_synth_reverse		25	G	143	343	356	458532	3	31	173	459581	0	0	4	3425	0	0	0	3429
TP1_synth_reverse		26	A	457881	13	476	111	934	64	102	459581	3417	0	5	0	7	0	0	3429
TP1_synth_reverse		27	G	226	125	1261	457458	2	61	448	459581	2	0	11	3416	0	0	0	3429
TP1_synth_reverse		28	A	457197	71	1263	238	711	35	66	459581	3416	0	8	1	4	0	0	3429
TP1_synth_reverse		29	T	590	448	233	48	8	7	458247	459581	0	1	2	0	0	0	3426	3429
TP1_synth_reverse		30	T	2040	1336	20	5	116	32	456039	459588	0	4	0	0	1	0	3424	3429
TP1_synth_reverse		31	C	600	458248	554	18	20	13	130	459583	1	3423	5	0	0	0	0	3429
TP1_synth_reverse		32	T	781	59	549	23	1	34	458134	459581	0	0	5	0	0	0	3424	3429
TP1_synth_reverse		33	C	561	457732	639	27	454	12	156	459581	0	3421	5	0	2	0	1	3429
TP1_synth_reverse		34	T	1011	80	536	36	2	14	457900	459579	0	0	5	0	0	0	3424	3429
TP1_synth_reverse		35	T	2334	53	633	53	1	34	456460	459568	0	0	7	0	0	0	3422	3429
TP1_synth_reverse		36	C	453	458142	835	24	2	38	67	459561	0	3420	9	0	0	0	0	3429
TP1_synth_reverse		37	C	547	458212	57	47	542	25	129	459559	1	3423	1	0	3	0	1	3429
TP1_synth_reverse		38	T	1144	43	573	26	195	56	457512	459549	0	0	4	0	1	0	3424	3429
TP1_synth_reverse		39	C	284	458378	280	26	484	20	77	459549	0	3425	2	0	2	0	0	3429
TP1_synth_reverse		40	T	1262	56	211	11	210	22	457773	459545	0	0	1	0	2	0	3426	3429
TP1_synth_reverse		41	G	97	996	788	455659	761	19	1215	459535	0	0	4	3421	3	0	1	3429
TP1_synth_reverse		42	T	1970	116	422	32	2316	70	454602	459528	0	0	3	0	15	0	3411	3429
TP1_synth_reverse		43	G	73	1003	900	456695	164	44	659	459538	0	0	6	3422	1	0	0	3429
TP1_synth_reverse		44	C	570	456201	385	133	1531	75	640	459535	0	3410	3	1	11	0	4	3429
TP1_synth_reverse		45	G	155	456	342	455939	24	47	2573	459536	0	1	2	3422	0	0	4	3429
TP1_synth_reverse		46	C	890	458162	172	30	0	17	264	459535	1	3424	3	0	0	0	1	3429
TP1_synth_reverse		47	C	339	458655	0	23	224	5	293	459539	0	3423	0	0	3	0	3	3429
TP1_synth_reverse		48	G	125	1079	788	455595	149	2	1791	459529	0	1	3	3424	1	0	0	3429
TP1_synth_reverse		49	A	458536	40	700	43	125	29	97	459570	3423	0	5	0	1	0	0	3429
TP1_synth_reverse		50	T	2087	45	235	17	245	13	456925	459567	0	0	2	0	2	0	3425	3429
TP1_synth_reverse		51	A	458919	37	233	35	238	52	79	459593	3425	0	2	0	2	0	0	3429
TP1_synth_reverse		52	C	491	458724	233	28	0	26	90	459592	0	3427	2	0	0	0	0	3429
TP1_synth_reverse		53	A	457604	21	558	96	1205	31	89	459604	3420	0	4	0	5	0	0	3429
TP1_synth_reverse		54	G	233	492	443	457890	139	14	388	459599	1	1	3	3422	2	0	0	3429
TP1_synth_reverse		55	A	459047	129	330	61	0	16	35	459618	3426	0	3	0	0	0	0	3429
TP1_synth_reverse		56	A	459250	14	87	81	70	28	87	459617	3427	0	1	0	1	0	0	3429
TP1_synth_reverse		57	T	2873	79	445	119	39	31	456002	459588	0	1	4	0	0	0	3424	3429
TP1_synth_reverse		58	A	459408	38	0	55	0	36	78	459615	3429	1	0	0	0	0	0	3430
TP1_synth_reverse		59	T	1740	34	178	79	50	11	457504	459596	0	0	3	0	1	0	3426	3430
TP1_synth_reverse		60	C	1147	457885	373	57	3	26	102	459593	0	3423	6	0	0	0	1	3430
TP1_synth_reverse		61	T	1309	70	611	204	552	6	456843	459595	0	0	5	0	3	0	3422	3430
TP1_synth_reverse		62	G	945	269	391	457296	70	68	551	459590	4	0	4	3422	0	0	0	3430
TP1_synth_reverse		63	T	3266	59	507	244	3	19	455507	459605	0	0	4	2	0	0	3424	3430
TP1_synth_reverse		64	T	1927	89	2	72	1	39	457469	459599	0	1	0	0	0	0	3429	3430
TP1_synth_reverse		65	C	550	457302	913	40	610	64	118	459597	0	3422	4	0	4	0	0	3430
TP1_synth_reverse		66	G	402	298	889	457470	1	27	508	459595	0	0	3	3427	0	0	0	3430
TP1_synth_reverse		67	C	695	457781	926	22	0	89	77	459590	0	3427	3	0	0	0	0	3430
TP1_synth_reverse		68	A	458464	343	296	100	253	63	74	459593	3428	0	1	0	1	0	0	3430
TP1_synth_reverse		69	C	137	458593	671	17	1	40	132	459591	0	3427	3	0	0	0	0	3430
TP1_synth_reverse		70	T	1114	79	585	135	1	22	457650	459586	0	0	2	0	0	0	3428	3430
TP1_synth_reverse		71	C	308	457614	1200	34	0	9	415	459580	0	3421	5	0	0	0	4	3430
TP1_synth_reverse		72	C	722	457926	232	46	59	40	549	459574	0	3427	1	0	1	0	1	3430
TP1_synth_reverse		73	G	1441	293	543	456617	398	94	181	459567	3	0	3	3422	2	0	0	3430
TP1_synth_reverse		74	A	458869	74	392	60	80	68	24	459567	3427	0	3	0	0	0	0	3430
TP1_synth_reverse		75	G	408	281	1290	457141	3	13	416	459552	2	0	8	3417	0	0	3	3430
TP1_synth_reverse		76	T	2650	198	243	58	99	15	456274	459537	0	1	1	0	1	0	3427	3430
TP1_synth_reverse		77	G	90	340	585	457717	0	17	775	459524	0	0	3	3426	0	0	1	3430
TP1_synth_reverse		78	C	413	457151	926	29	4	33	966	459522	1	3424	2	0	0	0	3	3430
TP1_synth_reverse		79	G	523	695	247	457324	0	108	609	459506	2	0	2	3425	0	0	1	3430
TP1_synth_reverse		80	G	351	218	1	458539	0	127	258	459494	1	0	0	3428	0	0	1	3430
TP1_synth_reverse		81	C	313	457337	1594	31	0	103	103	459481	1	3418	11	0	0	0	0	3430
TP1_synth_reverse		82	A	455467	39	756	101	0	59	81	456503	3423	0	6	0	0	0	0	3429
TP1_synth_reverse		83	A	456130	70	35	85	0	125	56	456501	3428	0	1	0	0	0	0	3429
TP1_synth_reverse		84	A	456208	51	0	126	0	54	32	456471	3429	0	0	0	0	0	0	3429
TP1_synth_reverse		85	G	105	256	149	455151	553	70	122	456406	0	0	2	3426	1	0	0	3429
TP1_synth_reverse		86	C	264	455972	0	23	1	23	81	456364	0	3429	0	0	0	0	0	3429
TP1_synth_reverse		87	T	1162	46	88	76	1	52	454861	456286	0	0	0	0	0	0	3429	3429
TP1_synth_reverse		88	G	180	369	90	455340	67	61	131	456238	1	0	1	3427	0	0	0	3429
TP1_synth_reverse		89	T	840	59	127	35	0	140	454783	455984	0	0	0	0	0	0	3429	3429
TP1_synth_reverse		90	T	853	65	0	29	2	80	454793	455822	0	0	0	0	0	0	3429	3429
TP1_synth_reverse		91	C	403	455068	0	172	1	22	79	455745	0	3429	0	0	0	0	0	3429
TP1_synth_reverse		92	C	268	454433	0	256	0	33	312	455302	0	3428	0	0	0	0	1	3429
TP1_synth_reverse		93	G	395	148	0	453534	0	71	110	454258	1	0	0	3428	0	0	0	3429
TP1_synth_reverse		94	T	725	72	0	80	0	104	453200	454181	0	0	0	0	0	0	3429	3429
TP1_synth_reverse		95	C	0	453708	0	0	0	54	0	453762	0	3429	0	0	0	0	0	3429
TP1_synth_reverse		96	C	0	453220	0	0	0	41	0	453261	0	3429	0	0	0	0	0	3429
TP1_synth_reverse		97	C	0	452570	0	0	0	81	0	452651	0	3429	0	0	0	0	0	3429
TP1_synth_reverse		98	A	450827	0	0	0	0	0	0	450827	3429	0	0	0	0	0	0	3429
TP1_synth_reverse		99	G	0	0	0	450031	0	0	0	450031	0	0	0	3429	0	0	0	3429
