



























































































































































































































#AmpliconChromStart	Alias	Position	ProbableRef	rawA	rawC	rawD	rawG	rawI	rawN	rawT	rawDepth	consA	consC	consD	consG	consI	consN	consT	consDepth	
TP1_synth_reverse		1	G	0	0	0	449896	0	0	0	449896	0	0	0	6263	0	0	0	6263
TP1_synth_reverse		2	T	0	0	0	0	0	0	450846	450846	0	0	0	0	0	0	6271	6271
TP1_synth_reverse		3	G	0	0	0	454066	0	77	0	454143	0	0	0	6290	0	0	0	6290
TP1_synth_reverse		4	G	0	0	0	454452	0	38	0	454490	0	0	0	6293	0	0	0	6293
TP1_synth_reverse		5	T	0	0	0	0	0	122	454657	454779	0	0	0	0	0	0	6295	6295
TP1_synth_reverse		6	G	111	41	0	454861	0	22	189	455224	1	0	0	6295	0	0	1	6297
TP1_synth_reverse		7	A	455489	21	0	57	0	6	82	455655	6299	0	0	0	0	0	0	6299
TP1_synth_reverse		8	G	71	136	0	456089	0	43	132	456471	0	1	0	6302	0	0	1	6304
TP1_synth_reverse		9	G	68	80	0	456217	1	8	128	456502	0	0	0	6303	0	0	1	6304
TP1_synth_reverse		10	C	191	456008	0	14	182	9	120	456524	0	6303	0	0	1	0	0	6304
TP1_synth_reverse		11	T	229	97	10	13	50	20	456105	456524	0	0	0	0	1	0	6303	6304
TP1_synth_reverse		12	C	219	452937	3209	14	1	41	103	456524	0	6286	18	0	0	0	0	6304
TP1_synth_reverse		13	C	279	456092	1	21	0	71	89	456553	0	6304	0	0	0	0	0	6304
TP1_synth_reverse		14	C	214	456226	1	22	0	30	77	456570	0	6304	0	0	0	0	0	6304
TP1_synth_reverse		15	C	170	455480	223	24	593	25	61	456576	0	6297	2	0	5	0	0	6304
TP1_synth_reverse		16	T	459	46	2509	26	1	24	453511	456576	0	0	30	0	0	0	6274	6304
TP1_synth_reverse		17	T	454	72	269	23	1	91	455678	456588	0	0	3	0	0	0	6301	6304
TP1_synth_reverse		18	T	372	336	27	11	276	65	455513	456600	0	3	0	0	4	0	6297	6304
TP1_synth_reverse		19	C	368	457126	844	24	725	53	408	459548	0	6285	8	0	7	0	5	6305
TP1_synth_reverse		20	T	464	62	1662	31	6	33	457290	459548	0	0	14	0	0	0	6291	6305
TP1_synth_reverse		21	T	1439	77	470	426	1475	109	455552	459548	0	0	2	6	17	0	6280	6305
TP1_synth_reverse		22	G	104	509	565	457742	346	86	210	459562	0	0	8	6293	4	0	0	6305
TP1_synth_reverse		23	C	505	455719	365	80	2566	63	264	459562	0	6267	5	0	29	0	4	6305
TP1_synth_reverse		24	G	173	123	408	458484	1	37	342	459568	0	0	4	6299	0	0	2	6305
TP1_synth_reverse		25	G	143	343	356	458532	3	31	173	459581	0	0	4	6301	0	0	0	6305
TP1_synth_reverse		26	A	457881	13	476	111	934	64	102	459581	6286	0	6	1	12	0	0	6305
TP1_synth_reverse		27	G	226	125	1261	457458	2	61	448	459581	4	0	13	6288	0	0	0	6305
TP1_synth_reverse		28	A	457197	71	1263	238	711	35	66	459581	6288	0	9	2	6	0	0	6305
TP1_synth_reverse		29	T	590	448	233	48	8	7	458247	459581	0	3	2	0	0	0	6300	6305
TP1_synth_reverse		30	T	2040	1336	20	5	116	32	456039	459588	0	6	0	0	2	0	6297	6305
TP1_synth_reverse		31	C	600	458253	554	18	20	13	130	459588	1	6298	5	0	0	0	1	6305
TP1_synth_reverse		32	T	781	59	549	23	1	34	458139	459586	0	0	6	0	0	0	6299	6305
TP1_synth_reverse		33	C	561	457737	639	27	454	12	156	459586	0	6290	8	0	5	0	2	6305
TP1_synth_reverse		34	T	1011	80	536	36	2	14	457905	459584	0	0	5	0	0	0	6300	6305
TP1_synth_reverse		35	T	2334	53	633	53	1	34	456465	459573	0	0	7	0	0	0	6298	6305
TP1_synth_reverse		36	C	456	458144	835	24	2	38	67	459566	0	6288	17	0	0	0	0	6305
TP1_synth_reverse		37	C	548	458216	57	47	542	25	129	459564	2	6296	2	0	4	0	1	6305
TP1_synth_reverse		38	T	1144	43	573	26	195	56	457517	459554	0	0	5	0	2	0	6298	6305
TP1_synth_reverse		39	C	284	458383	280	26	484	20	77	459554	0	6298	4	0	3	0	0	6305
TP1_synth_reverse		40	T	1262	56	211	11	210	22	457777	459549	0	0	4	0	2	0	6299	6305
TP1_synth_reverse		41	G	97	997	788	455662	761	19	1215	459539	0	0	7	6293	4	0	1	6305
TP1_synth_reverse		42	T	1970	116	422	32	2316	70	454614	459540	0	1	6	0	23	0	6275	6305
TP1_synth_reverse		43	G	73	1003	900	456707	164	44	659	459550	0	0	8	6294	3	0	0	6305
TP1_synth_reverse		44	C	572	456211	385	133	1531	75	640	459547	0	6277	6	1	17	0	4	6305
TP1_synth_reverse		45	G	155	456	342	455951	24	47	2573	459548	1	1	5	6291	0	0	7	6305
TP1_synth_reverse		46	C	890	458174	172	30	0	17	264	459547	1	6300	3	0	0	0	1	6305
TP1_synth_reverse		47	C	340	458661	0	23	224	5	293	459546	0	6297	0	0	4	0	4	6305
TP1_synth_reverse		48	G	125	1079	788	455595	149	2	1792	459530	0	2	5	6297	1	0	0	6305
TP1_synth_reverse		49	A	458537	40	700	43	125	29	97	459571	6297	0	7	0	1	0	0	6305
TP1_synth_reverse		50	T	2089	45	235	17	245	13	456924	459568	0	0	4	0	2	0	6299	6305
TP1_synth_reverse		51	A	458920	37	233	35	238	52	79	459594	6299	0	4	0	2	0	0	6305
TP1_synth_reverse		52	C	490	458726	233	28	0	26	90	459593	0	6301	4	0	0	0	0	6305
TP1_synth_reverse		53	A	457605	21	558	96	1205	31	89	459605	6290	0	6	0	9	0	0	6305
TP1_synth_reverse		54	G	234	493	443	457889	139	14	388	459600	1	1	6	6294	3	0	0	6305
TP1_synth_reverse		55	A	459048	129	330	61	0	16	35	459619	6300	0	6	0	0	0	0	6306
TP1_synth_reverse		56	A	459251	14	87	81	70	28	87	459618	6301	0	3	0	2	0	0	6306
TP1_synth_reverse		57	T	2877	79	446	119	39	31	455998	459589	0	2	5	0	0	0	6299	6306
TP1_synth_reverse		58	A	459409	38	0	55	0	36	78	459616	6306	1	0	0	0	0	0	6307
TP1_synth_reverse		59	T	1742	34	178	79	50	11	457503	459597	0	0	4	0	1	0	6302	6307
TP1_synth_reverse		60	C	1144	457889	373	57	3	26	102	459594	0	6299	7	0	0	0	1	6307
TP1_synth_reverse		61	T	1309	70	611	205	552	6	456843	459596	0	0	5	0	3	0	6300	6308
TP1_synth_reverse		62	G	942	270	391	457301	70	68	549	459591	5	0	6	6296	1	0	0	6308
TP1_synth_reverse		63	T	3267	59	507	244	3	19	455507	459606	0	0	5	2	0	1	6301	6309
TP1_synth_reverse		64	T	1925	89	2	72	1	39	457472	459600	0	1	0	0	0	0	6308	6309
TP1_synth_reverse		65	C	551	457302	913	40	610	64	118	459598	0	6300	5	0	4	0	0	6309
TP1_synth_reverse		66	G	403	298	889	457472	1	27	506	459596	0	0	4	6305	0	0	0	6309
TP1_synth_reverse		67	C	693	457795	926	22	0	89	77	459602	0	6307	3	0	0	0	0	6310
TP1_synth_reverse		68	A	458475	344	296	100	253	63	74	459605	6308	0	1	0	1	0	0	6310
TP1_synth_reverse		69	C	137	458605	671	17	1	40	132	459603	0	6303	3	0	0	0	4	6310
TP1_synth_reverse		70	T	1115	79	585	135	1	22	457661	459598	0	0	2	0	0	0	6308	6310
TP1_synth_reverse		71	C	308	457626	1200	34	0	9	415	459592	0	6300	6	0	0	0	4	6310
TP1_synth_reverse		72	C	721	457939	232	46	59	40	549	459586	0	6306	1	0	1	0	2	6310
TP1_synth_reverse		73	G	1439	293	543	456630	398	94	182	459579	5	0	5	6298	2	0	0	6310
TP1_synth_reverse		74	A	458882	74	392	59	80	68	24	459579	6301	0	6	0	3	0	0	6310
TP1_synth_reverse		75	G	408	283	1290	457150	3	13	417	459564	5	0	9	6292	0	0	4	6310
TP1_synth_reverse		76	T	2652	198	243	57	99	15	456285	459549	0	1	1	0	1	0	6307	6310
TP1_synth_reverse		77	G	90	340	585	457730	0	17	774	459536	0	0	3	6305	0	0	2	6310
TP1_synth_reverse		78	C	413	457163	926	29	4	33	966	459534	1	6299	4	0	0	0	6	6310
TP1_synth_reverse		79	G	523	696	247	457339	0	108	605	459518	2	0	2	6304	0	0	2	6310
TP1_synth_reverse		80	G	352	218	1	458549	0	127	259	459506	1	0	0	6308	0	0	1	6310
TP1_synth_reverse		81	C	313	457349	1594	31	0	103	103	459493	1	6292	17	0	0	0	0	6310
TP1_synth_reverse		82	A	455479	39	756	101	0	59	81	456515	6300	0	9	0	0	0	0	6309
TP1_synth_reverse		83	A	456142	70	35	85	0	125	56	456513	6308	0	1	0	0	0	0	6309
TP1_synth_reverse		84	A	456219	51	0	127	0	54	32	456483	6309	0	0	0	0	0	0	6309
TP1_synth_reverse		85	G	105	256	149	455163	553	70	122	456418	0	0	3	6304	2	0	0	6309
TP1_synth_reverse		86	C	264	455984	0	23	1	23	81	456376	0	6309	0	0	0	0	0	6309
TP1_synth_reverse		87	T	1161	46	88	76	1	52	454874	456298	0	0	0	0	0	0	6309	6309
TP1_synth_reverse		88	G	180	369	90	455352	67	61	131	456250	1	0	1	6307	0	0	0	6309
TP1_synth_reverse		89	T	840	59	127	35	0	140	454795	455996	0	0	2	0	0	0	6307	6309
TP1_synth_reverse		90	T	852	65	0	29	2	80	454805	455833	0	0	0	0	0	0	6309	6309
TP1_synth_reverse		91	C	402	455080	0	172	1	22	79	455756	0	6308	0	1	0	0	0	6309
TP1_synth_reverse		92	C	268	454444	0	256	0	33	312	455313	0	6308	0	0	0	0	1	6309
TP1_synth_reverse		93	G	395	148	0	453545	0	71	110	454269	1	0	0	6307	0	0	0	6308
TP1_synth_reverse		94	T	725	72	0	80	0	104	453210	454191	0	0	0	0	0	0	6308	6308
TP1_synth_reverse		95	C	0	453718	0	0	0	54	0	453772	0	6307	0	0	0	0	0	6307
TP1_synth_reverse		96	C	0	453230	0	0	0	41	0	453271	0	6307	0	0	0	0	0	6307
TP1_synth_reverse		97	C	0	452581	0	0	0	81	0	452662	0	6307	0	0	0	0	0	6307
TP1_synth_reverse		98	A	450838	0	0	0	0	0	0	450838	6306	0	0	0	0	0	0	6306
TP1_synth_reverse		99	G	0	0	0	450042	0	0	0	450042	0	0	0	6304	0	0	0	6304
