



























































































































































































































#AmpliconChromStart	Alias	Position	ProbableRef	rawA	rawC	rawD	rawG	rawI	rawN	rawT	rawDepth	consA	consC	consD	consG	consI	consN	consT	consDepth	
TP1_synth_reverse		1	G	0	0	0	449896	0	0	0	449896	0	0	0	8658	0	0	0	8658
TP1_synth_reverse		2	T	0	0	0	0	0	0	450846	450846	0	0	0	0	0	0	8669	8669
TP1_synth_reverse		3	G	0	0	0	454066	0	77	0	454143	0	0	0	8693	0	0	0	8693
TP1_synth_reverse		4	G	0	0	0	454452	0	38	0	454490	0	0	0	8700	0	0	0	8700
TP1_synth_reverse		5	T	0	0	0	0	0	122	454657	454779	0	0	0	0	0	0	8704	8704
TP1_synth_reverse		6	G	111	41	0	454861	0	22	189	455224	1	0	0	8704	0	0	1	8706
TP1_synth_reverse		7	A	455489	21	0	57	0	6	82	455655	8708	0	0	0	0	0	0	8708
TP1_synth_reverse		8	G	71	136	0	456089	0	43	132	456471	0	1	0	8717	0	0	1	8719
TP1_synth_reverse		9	G	68	80	0	456217	1	8	128	456502	0	0	0	8718	0	0	2	8720
TP1_synth_reverse		10	C	191	455986	0	14	182	9	120	456502	0	8719	0	0	1	0	0	8720
TP1_synth_reverse		11	T	229	97	10	13	50	20	456083	456502	0	0	1	0	1	0	8718	8720
TP1_synth_reverse		12	C	219	452915	3209	14	1	41	103	456502	0	8700	20	0	0	0	0	8720
TP1_synth_reverse		13	C	279	456070	1	21	0	71	89	456531	0	8720	0	0	0	0	0	8720
TP1_synth_reverse		14	C	214	456204	1	22	0	30	77	456548	0	8720	0	0	0	0	0	8720
TP1_synth_reverse		15	C	169	455459	223	24	593	25	61	456554	0	8711	2	0	7	0	0	8720
TP1_synth_reverse		16	T	456	46	2509	26	1	24	453492	456554	0	0	43	0	0	0	8677	8720
TP1_synth_reverse		17	T	451	72	269	23	1	91	455659	456566	0	1	5	0	0	0	8714	8720
TP1_synth_reverse		18	T	372	336	27	11	276	65	455491	456578	0	3	0	0	4	0	8713	8720
TP1_synth_reverse		19	C	368	457104	844	24	725	53	408	459526	0	8699	8	0	9	0	6	8722
TP1_synth_reverse		20	T	463	62	1662	31	6	33	457269	459526	0	0	20	0	0	0	8702	8722
TP1_synth_reverse		21	T	1434	77	470	426	1475	109	455535	459526	0	0	3	6	27	0	8686	8722
TP1_synth_reverse		22	G	104	509	565	457720	346	86	210	459540	0	0	10	8706	6	0	0	8722
TP1_synth_reverse		23	C	504	455698	365	80	2566	63	264	459540	0	8668	7	1	40	0	6	8722
TP1_synth_reverse		24	G	173	123	408	458462	1	37	342	459546	0	0	6	8712	0	0	4	8722
TP1_synth_reverse		25	G	143	341	356	458513	2	31	173	459559	0	0	5	8718	0	0	0	8723
TP1_synth_reverse		26	A	457859	13	476	111	934	64	102	459559	8695	0	7	1	20	0	0	8723
TP1_synth_reverse		27	G	226	123	1261	457439	2	61	447	459559	6	0	19	8698	0	0	0	8723
TP1_synth_reverse		28	A	457175	71	1263	238	711	35	66	459559	8699	0	10	3	11	0	0	8723
TP1_synth_reverse		29	T	588	448	233	48	8	7	458227	459559	0	4	5	0	0	0	8714	8723
TP1_synth_reverse		30	T	2040	1335	20	5	116	32	456018	459566	0	8	0	0	5	0	8710	8723
TP1_synth_reverse		31	C	599	458227	554	18	20	13	130	459561	2	8710	7	0	0	0	4	8723
TP1_synth_reverse		32	T	778	59	549	23	1	34	458115	459559	0	0	6	0	0	0	8717	8723
TP1_synth_reverse		33	C	561	457710	639	27	454	12	156	459559	0	8704	10	0	6	0	3	8723
TP1_synth_reverse		34	T	1011	80	536	36	2	14	457878	459557	0	0	5	0	0	0	8718	8723
TP1_synth_reverse		35	T	2329	53	633	53	1	34	456443	459546	0	0	7	0	0	0	8716	8723
TP1_synth_reverse		36	C	452	458121	835	24	2	38	67	459539	0	8706	17	0	0	0	0	8723
TP1_synth_reverse		37	C	544	458193	57	47	542	25	129	459537	2	8713	2	0	5	0	1	8723
TP1_synth_reverse		38	T	1142	43	573	26	195	56	457492	459527	0	0	5	0	2	0	8716	8723
TP1_synth_reverse		39	C	280	458360	280	26	484	20	77	459527	0	8715	4	0	4	0	0	8723
TP1_synth_reverse		40	T	1257	56	211	11	210	22	457756	459523	0	0	6	0	2	0	8715	8723
TP1_synth_reverse		41	G	97	993	788	455645	761	19	1210	459513	0	0	11	8704	7	0	1	8723
TP1_synth_reverse		42	T	1968	116	422	32	2316	70	454582	459506	0	2	7	0	34	0	8680	8723
TP1_synth_reverse		43	G	73	1001	900	456678	164	44	656	459516	0	0	10	8709	4	0	0	8723
TP1_synth_reverse		44	C	567	456183	385	133	1530	75	640	459513	0	8688	9	1	19	0	6	8723
TP1_synth_reverse		45	G	155	454	342	455921	24	47	2571	459514	1	1	7	8705	0	0	9	8723
TP1_synth_reverse		46	C	885	458145	172	30	0	17	264	459513	1	8716	5	0	0	0	1	8723
TP1_synth_reverse		47	C	338	458629	0	23	224	5	293	459512	0	8714	0	0	5	0	4	8723
TP1_synth_reverse		48	G	125	1078	788	455571	149	2	1789	459502	0	5	7	8710	1	0	0	8723
TP1_synth_reverse		49	A	458509	40	700	43	125	29	97	459543	8773	0	11	0	1	0	0	8785
TP1_synth_reverse		50	T	2083	45	235	17	244	13	456904	459541	0	0	7	0	5	0	8773	8785
TP1_synth_reverse		51	A	458893	37	233	35	238	52	79	459567	8777	0	7	0	2	0	0	8786
TP1_synth_reverse		52	C	490	458699	233	28	0	26	90	459566	0	8779	7	0	0	0	0	8786
TP1_synth_reverse		53	A	457578	21	558	96	1205	31	89	459578	8763	0	11	0	13	0	0	8787
TP1_synth_reverse		54	G	233	491	443	457865	139	14	388	459573	1	1	10	8769	5	0	1	8787
TP1_synth_reverse		55	A	459021	129	330	61	0	16	35	459592	8776	0	12	0	0	0	0	8788
TP1_synth_reverse		56	A	459224	14	87	81	70	28	87	459591	8781	0	5	0	2	0	0	8788
TP1_synth_reverse		57	T	2872	79	445	119	39	31	455977	459562	1	2	7	0	0	0	8778	8788
TP1_synth_reverse		58	A	459382	38	0	55	0	36	78	459589	8788	1	0	0	0	0	0	8789
TP1_synth_reverse		59	T	1738	34	178	79	50	11	457480	459570	0	0	5	0	1	0	8783	8789
TP1_synth_reverse		60	C	1145	457861	373	57	3	26	102	459567	0	8781	8	0	0	0	1	8790
TP1_synth_reverse		61	T	1307	70	611	204	552	6	456806	459556	0	0	8	0	6	0	8776	8790
TP1_synth_reverse		62	G	944	267	391	457268	70	68	549	459557	8	0	9	8773	1	0	0	8791
TP1_synth_reverse		63	T	3264	59	507	244	3	19	455476	459572	0	0	7	3	0	1	8781	8792
TP1_synth_reverse		64	T	1926	89	2	72	1	39	457437	459566	0	1	0	0	0	0	8791	8792
TP1_synth_reverse		65	C	548	457272	912	40	610	64	118	459564	1	8778	7	0	6	0	0	8792
TP1_synth_reverse		66	G	399	297	889	457442	1	27	507	459562	0	0	9	8783	0	0	0	8792
TP1_synth_reverse		67	C	694	457760	926	22	0	89	77	459568	0	8788	5	0	0	0	0	8793
TP1_synth_reverse		68	A	458442	343	296	100	253	63	74	459571	8790	0	2	0	1	0	0	8793
TP1_synth_reverse		69	C	137	458571	671	17	1	40	132	459569	0	8781	6	0	0	0	6	8793
TP1_synth_reverse		70	T	1112	79	585	135	1	22	457630	459564	1	0	3	0	0	0	8789	8793
TP1_synth_reverse		71	C	308	457592	1200	34	0	9	415	459558	1	8776	11	0	0	0	5	8793
TP1_synth_reverse		72	C	718	457908	232	46	59	40	549	459552	0	8787	2	0	1	0	3	8793
TP1_synth_reverse		73	G	1441	291	543	456597	398	94	181	459545	6	0	8	8775	2	0	2	8793
TP1_synth_reverse		74	A	458847	74	392	60	80	68	24	459545	8782	0	7	0	4	0	0	8793
TP1_synth_reverse		75	G	408	280	1290	457122	3	13	415	459531	6	0	10	8771	0	0	6	8793
TP1_synth_reverse		76	T	2647	198	243	58	99	15	456256	459516	0	1	2	0	2	0	8788	8793
TP1_synth_reverse		77	G	90	340	585	457696	0	17	775	459503	1	0	4	8785	0	0	3	8793
TP1_synth_reverse		78	C	411	457132	926	29	4	33	966	459501	1	8779	6	0	0	0	7	8793
TP1_synth_reverse		79	G	523	695	247	457306	0	108	606	459485	4	0	2	8784	0	0	3	8793
TP1_synth_reverse		80	G	351	216	1	458520	0	127	258	459473	1	0	0	8791	0	0	1	8793
TP1_synth_reverse		81	C	313	457316	1594	31	0	103	103	459460	1	8768	24	0	0	0	0	8793
TP1_synth_reverse		82	A	455446	39	756	101	0	59	81	456482	8720	0	9	0	0	0	0	8729
TP1_synth_reverse		83	A	456110	70	35	84	0	125	56	456480	8728	0	1	0	0	0	0	8729
TP1_synth_reverse		84	A	456187	51	0	126	0	54	32	456450	8729	0	0	0	0	0	0	8729
TP1_synth_reverse		85	G	105	256	149	455130	553	70	122	456385	0	0	5	8722	2	0	0	8729
TP1_synth_reverse		86	C	264	455951	0	23	1	23	81	456343	0	8729	0	0	0	0	0	8729
TP1_synth_reverse		87	T	1162	46	88	76	1	52	454840	456265	0	0	0	0	0	0	8729	8729
TP1_synth_reverse		88	G	179	370	90	455320	67	61	130	456217	1	0	2	8725	0	0	0	8728
TP1_synth_reverse		89	T	839	59	127	35	0	140	454763	455963	0	0	2	0	0	0	8726	8728
TP1_synth_reverse		90	T	853	65	0	29	2	80	454773	455802	0	0	0	0	0	0	8728	8728
TP1_synth_reverse		91	C	400	455051	0	172	1	22	79	455725	0	8727	0	1	0	0	0	8728
TP1_synth_reverse		92	C	268	454413	0	256	0	33	312	455282	0	8726	0	0	0	0	1	8727
TP1_synth_reverse		93	G	394	148	0	453515	0	71	110	454238	3	0	0	8723	0	0	0	8726
TP1_synth_reverse		94	T	724	72	0	80	0	104	453182	454162	0	0	0	0	0	0	8726	8726
TP1_synth_reverse		95	C	0	453689	0	0	0	54	0	453743	0	8720	0	0	0	0	0	8720
TP1_synth_reverse		96	C	0	453201	0	0	0	41	0	453242	0	8719	0	0	0	0	0	8719
TP1_synth_reverse		97	C	0	452552	0	0	0	81	0	452633	0	8718	0	0	0	0	0	8718
TP1_synth_reverse		98	A	450809	0	0	0	0	0	0	450809	8712	0	0	0	0	0	0	8712
TP1_synth_reverse		99	G	0	0	0	450013	0	0	0	450013	0	0	0	8709	0	0	0	8709
