



























































































































































































































#AmpliconChromStart	Alias	Position	ProbableRef	rawA	rawC	rawD	rawG	rawI	rawN	rawT	rawDepth	consA	consC	consD	consG	consI	consN	consT	consDepth	
TP1_synth_reverse		1	G	0	0	0	163414	0	0	0	163414	0	0	0	11116	0	0	0	11116
TP1_synth_reverse		2	T	0	0	0	0	0	0	163767	163767	0	0	0	0	0	0	11188	11188
TP1_synth_reverse		3	G	0	0	0	164057	0	18	0	164075	0	0	0	11284	0	11	0	11295
TP1_synth_reverse		4	G	0	0	0	164260	0	11	0	164271	0	0	0	11364	0	7	0	11371
TP1_synth_reverse		5	T	0	0	0	0	0	2	164337	164339	0	0	0	0	0	2	11430	11432
TP1_synth_reverse		6	G	28	14	0	164349	0	1	25	164417	0	1	0	11493	0	1	4	11499
TP1_synth_reverse		7	A	164355	1	0	23	0	14	31	164424	11500	0	0	0	0	5	1	11506
TP1_synth_reverse		8	G	24	17	0	164351	0	15	17	164424	4	4	0	11493	0	3	2	11506
TP1_synth_reverse		9	G	19	30	0	164360	0	3	27	164439	2	10	0	11494	0	2	5	11513
TP1_synth_reverse		10	C	47	164364	5	4	0	6	19	164445	7	11506	1	1	0	0	1	11516
TP1_synth_reverse		11	T	30	28	212	4	108	2	164061	164445	5	3	3	0	4	0	11501	11516
TP1_synth_reverse		12	C	64	163173	1171	3	0	9	25	164445	12	11473	27	1	0	3	0	11516
TP1_synth_reverse		13	C	77	164324	1	2	0	23	18	164445	10	11495	0	0	0	11	0	11516
TP1_synth_reverse		14	C	80	164341	0	5	0	4	19	164449	13	11504	0	1	0	2	0	11520
TP1_synth_reverse		15	C	58	164342	0	10	2	12	25	164449	16	11498	0	0	0	5	1	11520
TP1_synth_reverse		16	T	51	27	103	6	0	39	164223	164449	13	1	11	0	0	15	11480	11520
TP1_synth_reverse		17	T	61	17	1	3	0	6	164365	164453	14	1	1	1	0	5	11501	11523
TP1_synth_reverse		18	T	56	21	1	3	0	12	164360	164453	12	0	1	0	0	3	11507	11523
TP1_synth_reverse		19	C	67	164505	63	18	0	4	13	164670	22	11494	16	8	0	0	4	11544
TP1_synth_reverse		20	T	50	14	248	1	0	6	164352	164671	12	2	11	0	0	1	11519	11545
TP1_synth_reverse		21	T	97	76	0	7	0	18	164473	164671	38	2	0	1	0	1	11503	11545
TP1_synth_reverse		22	G	16	77	15	164160	0	0	406	164674	2	34	3	11488	0	0	19	11546
TP1_synth_reverse		23	C	119	164502	9	7	0	4	33	164674	39	11500	1	2	0	1	3	11546
TP1_synth_reverse		24	G	46	32	4	164430	0	9	153	164674	3	10	0	11506	0	2	25	11546
TP1_synth_reverse		25	G	20	113	0	164440	0	23	78	164674	7	31	0	11488	0	5	15	11546
TP1_synth_reverse		26	A	164460	3	143	30	1	12	25	164674	11527	1	11	1	1	3	2	11546
TP1_synth_reverse		27	G	14	141	14	164362	88	4	51	164674	0	30	6	11484	4	1	21	11546
TP1_synth_reverse		28	A	164496	6	120	19	0	8	25	164674	11529	1	13	2	0	1	0	11546
TP1_synth_reverse		29	T	52	57	33	40	0	32	164460	164674	15	6	9	5	0	3	11508	11546
TP1_synth_reverse		30	T	177	20	74	28	0	24	164351	164674	52	0	10	1	0	2	11481	11546
TP1_synth_reverse		31	C	92	164109	99	11	0	13	20	164344	29	11491	15	0	0	3	2	11540
TP1_synth_reverse		32	T	103	24	303	10	1	64	163838	164343	25	2	20	2	1	9	11480	11539
TP1_synth_reverse		33	C	79	164116	97	7	0	20	15	164334	32	11486	13	1	0	2	1	11535
TP1_synth_reverse		34	T	118	29	95	8	0	15	164069	164334	26	4	13	0	0	2	11490	11535
TP1_synth_reverse		35	T	273	21	50	14	0	11	163964	164333	88	0	4	4	0	7	11432	11535
TP1_synth_reverse		36	C	90	164155	53	2	0	14	19	164333	24	11501	7	0	0	3	0	11535
TP1_synth_reverse		37	C	90	164152	52	1	0	12	24	164331	19	11508	5	0	0	1	1	11534
TP1_synth_reverse		38	T	143	24	84	43	0	3	164033	164330	36	3	9	4	0	2	11479	11533
TP1_synth_reverse		39	C	87	163942	270	7	0	11	12	164329	20	11490	18	1	0	3	0	11532
TP1_synth_reverse		40	T	225	17	53	11	0	34	163988	164328	41	0	6	1	0	3	11480	11531
TP1_synth_reverse		41	G	634	107	56	163470	0	5	56	164328	35	41	9	11425	0	0	21	11531
TP1_synth_reverse		42	T	415	444	76	5	3	12	163374	164329	115	14	11	0	3	0	11389	11532
TP1_synth_reverse		43	G	70	97	102	163918	0	68	74	164329	11	28	17	11451	0	8	17	11532
TP1_synth_reverse		44	C	87	163957	173	10	12	28	62	164329	26	11470	22	0	1	9	4	11532
TP1_synth_reverse		45	G	26	74	50	163883	0	17	274	164324	0	28	4	11436	0	12	48	11528
TP1_synth_reverse		46	C	135	163817	343	10	0	3	16	164324	59	11449	16	1	0	1	2	11528
TP1_synth_reverse		47	C	56	164165	50	11	0	8	37	164327	16	11499	4	1	0	2	9	11531
TP1_synth_reverse		48	G	93	121	557	163276	1	5	272	164325	10	45	19	11398	1	1	55	11529
TP1_synth_reverse		49	A	164115	15	106	21	0	36	25	164318	11692	3	8	1	0	3	2	11709
TP1_synth_reverse		50	T	173	16	365	25	1	14	163721	164315	43	0	15	0	1	2	11645	11706
TP1_synth_reverse		51	A	163928	14	308	16	1	23	25	164315	11678	4	12	1	1	9	1	11706
TP1_synth_reverse		52	C	88	163512	615	25	0	57	15	164312	28	11642	23	6	0	4	1	11704
TP1_synth_reverse		53	A	163823	118	258	29	0	52	30	164310	11672	16	7	2	0	3	3	11703
TP1_synth_reverse		54	G	205	57	259	163532	2	13	239	164307	16	8	7	11653	2	3	12	11701
TP1_synth_reverse		55	A	163287	18	1048	18	0	24	16	164411	11646	3	52	0	0	3	0	11704
TP1_synth_reverse		56	A	164070	3	257	31	0	24	23	164408	11686	0	7	3	0	2	3	11701
TP1_synth_reverse		57	T	310	15	263	36	0	44	163735	164403	65	1	8	3	0	9	11610	11696
TP1_synth_reverse		58	A	164172	1	141	18	0	56	17	164405	11652	0	19	2	0	24	0	11697
TP1_synth_reverse		59	T	166	13	1	19	0	69	164133	164401	31	0	1	3	0	12	11648	11695
TP1_synth_reverse		60	C	138	164007	176	13	0	54	11	164399	38	11632	13	5	0	6	1	11695
TP1_synth_reverse		61	T	244	17	27	13	0	40	164056	164397	40	1	2	1	0	7	11642	11693
TP1_synth_reverse		62	G	221	41	176	163817	0	60	78	164393	17	11	15	11579	0	28	40	11690
TP1_synth_reverse		63	T	418	10	254	4	0	42	163664	164392	109	0	13	0	0	18	11550	11690
TP1_synth_reverse		64	T	324	31	0	6	0	11	164018	164390	61	7	0	1	0	2	11619	11690
TP1_synth_reverse		65	C	194	164133	5	2	0	28	28	164390	39	11648	0	0	0	1	2	11690
TP1_synth_reverse		66	G	114	72	202	163906	21	8	67	164390	11	25	6	11622	2	0	24	11690
TP1_synth_reverse		67	C	171	163864	233	5	58	39	18	164388	72	11599	10	0	4	3	2	11690
TP1_synth_reverse		68	A	164600	31	9	30	0	27	10	164707	11695	8	1	1	0	5	0	11710
TP1_synth_reverse		69	C	42	163918	272	5	1	12	454	164704	15	11664	14	0	1	1	12	11707
TP1_synth_reverse		70	T	171	18	151	7	50	12	164291	164700	51	1	9	0	4	1	11639	11705
TP1_synth_reverse		71	C	58	164459	98	5	0	65	14	164699	11	11673	5	1	0	14	0	11704
TP1_synth_reverse		72	C	156	164466	2	14	0	27	31	164696	61	11633	1	1	0	5	2	11703
TP1_synth_reverse		73	G	28	85	23	164322	56	59	118	164691	3	26	8	11610	1	35	18	11701
TP1_synth_reverse		74	A	164455	7	176	18	0	28	5	164689	11672	0	15	0	0	14	0	11701
TP1_synth_reverse		75	G	150	69	184	164139	0	10	129	164681	8	13	13	11650	0	1	12	11697
TP1_synth_reverse		76	T	202	24	42	8	0	8	164395	164679	58	0	4	1	0	0	11632	11695
TP1_synth_reverse		77	G	19	67	47	164239	254	12	37	164675	4	19	3	11647	7	2	10	11692
TP1_synth_reverse		78	C	101	164019	108	9	248	80	109	164674	24	11627	16	1	6	9	9	11692
TP1_synth_reverse		79	G	376	111	309	163776	0	38	62	164672	22	50	17	11578	0	6	18	11691
TP1_synth_reverse		80	G	839	54	203	163494	2	20	56	164668	62	19	9	11577	0	5	16	11688
TP1_synth_reverse		81	C	44	164075	46	12	439	19	30	164665	12	11643	4	1	19	4	3	11686
TP1_synth_reverse		82	A	164376	6	17	30	1	18	11	164459	11481	1	2	1	0	3	0	11488
TP1_synth_reverse		83	A	164379	8	0	17	1	37	17	164459	11479	1	0	0	0	8	0	11488
TP1_synth_reverse		84	A	164361	8	0	34	0	42	8	164453	11479	0	0	0	0	9	0	11488
TP1_synth_reverse		85	G	19	61	257	164045	0	24	34	164440	5	17	12	11431	0	7	9	11481
TP1_synth_reverse		86	C	81	164314	0	6	0	12	20	164433	18	11458	0	0	0	0	1	11477
TP1_synth_reverse		87	T	212	18	0	2	0	52	164136	164420	42	0	0	0	0	3	11424	11469
TP1_synth_reverse		88	G	89	128	6	164091	22	22	49	164407	2	15	1	11424	5	6	10	11463
TP1_synth_reverse		89	T	121	22	4	5	0	10	164235	164397	20	0	0	1	0	3	11438	11462
TP1_synth_reverse		90	T	119	21	0	5	0	13	163808	163966	22	0	0	0	0	0	11418	11440
TP1_synth_reverse		91	C	102	163740	0	10	1	55	41	163949	11	11414	0	1	0	4	4	11434
TP1_synth_reverse		92	C	74	163654	0	13	0	66	36	163843	11	11404	0	0	0	10	1	11426
TP1_synth_reverse		93	G	66	64	0	163428	0	28	30	163616	1	12	0	11385	0	6	2	11406
TP1_synth_reverse		94	T	98	26	0	8	0	13	163352	163497	19	0	0	0	0	4	11374	11397
TP1_synth_reverse		95	C	0	163400	0	0	0	36	0	163436	0	11388	0	0	0	0	0	11388
TP1_synth_reverse		96	C	0	163310	0	0	0	12	0	163322	0	11366	0	0	0	2	0	11368
TP1_synth_reverse		97	C	0	163001	0	0	0	31	0	163032	0	11329	0	0	0	13	0	11342
TP1_synth_reverse		98	A	162418	0	0	0	0	0	0	162418	11314	0	0	0	0	0	0	11314
TP1_synth_reverse		99	G	0	0	0	162024	0	0	0	162024	0	0	0	11280	0	0	0	11280
