



























































































































































































































#AmpliconChromStart	Alias	Position	ProbableRef	rawA	rawC	rawD	rawG	rawI	rawN	rawT	rawDepth	consA	consC	consD	consG	consI	consN	consT	consDepth	
TP1_synth_reverse		1	G	0	0	0	163414	0	0	0	163414	0	0	0	2814	0	0	0	2814
TP1_synth_reverse		2	T	0	0	0	0	0	0	163767	163767	0	0	0	0	0	0	2816	2816
TP1_synth_reverse		3	G	0	0	0	164057	0	18	0	164075	0	0	0	2825	0	0	0	2825
TP1_synth_reverse		4	G	0	0	0	164260	0	11	0	164271	0	0	0	2829	0	0	0	2829
TP1_synth_reverse		5	T	0	0	0	0	0	2	164337	164339	0	0	0	0	0	0	2830	2830
TP1_synth_reverse		6	G	28	14	0	164349	0	1	25	164417	0	0	0	2832	0	0	0	2832
TP1_synth_reverse		7	A	164355	1	0	23	0	14	31	164424	2832	0	0	0	0	0	0	2832
TP1_synth_reverse		8	G	24	17	0	164351	0	15	17	164424	0	0	0	2832	0	0	0	2832
TP1_synth_reverse		9	G	19	30	0	164360	0	3	27	164439	0	0	0	2832	0	0	1	2833
TP1_synth_reverse		10	C	47	164364	5	4	0	6	19	164445	0	2833	1	0	0	0	0	2834
TP1_synth_reverse		11	T	30	28	212	4	108	2	164061	164445	0	0	1	0	1	0	2832	2834
TP1_synth_reverse		12	C	64	163173	1171	3	0	9	25	164445	0	2827	7	0	0	0	0	2834
TP1_synth_reverse		13	C	77	164324	1	2	0	23	18	164445	0	2834	0	0	0	0	0	2834
TP1_synth_reverse		14	C	80	164341	0	5	0	4	19	164449	0	2834	0	0	0	0	0	2834
TP1_synth_reverse		15	C	58	164342	0	10	2	12	25	164449	0	2834	0	0	0	0	0	2834
TP1_synth_reverse		16	T	51	27	103	6	0	39	164223	164449	0	0	4	0	0	0	2830	2834
TP1_synth_reverse		17	T	61	17	1	3	0	6	164365	164453	0	0	0	0	0	0	2834	2834
TP1_synth_reverse		18	T	56	21	1	3	0	12	164360	164453	0	0	0	0	0	0	2834	2834
TP1_synth_reverse		19	C	67	164505	63	18	0	4	13	164670	0	2827	6	2	0	0	0	2835
TP1_synth_reverse		20	T	50	14	248	1	0	6	164352	164671	0	0	1	0	0	0	2834	2835
TP1_synth_reverse		21	T	97	76	0	7	0	18	164473	164671	0	2	0	0	0	0	2833	2835
TP1_synth_reverse		22	G	16	77	15	164160	0	0	406	164674	0	0	0	2835	0	0	1	2836
TP1_synth_reverse		23	C	119	164502	9	7	0	4	33	164674	0	2836	0	0	0	0	0	2836
TP1_synth_reverse		24	G	46	32	4	164430	0	9	153	164674	0	0	0	2836	0	0	0	2836
TP1_synth_reverse		25	G	20	113	0	164440	0	23	78	164674	0	0	0	2836	0	0	0	2836
TP1_synth_reverse		26	A	164460	3	143	30	1	12	25	164674	2835	0	1	0	0	0	0	2836
TP1_synth_reverse		27	G	14	141	14	164362	88	4	51	164674	0	0	0	2833	1	0	2	2836
TP1_synth_reverse		28	A	164496	6	120	19	0	8	25	164674	2833	0	3	0	0	0	0	2836
TP1_synth_reverse		29	T	52	57	33	40	0	32	164460	164674	0	2	2	0	0	0	2832	2836
TP1_synth_reverse		30	T	177	20	74	28	0	24	164351	164674	0	0	3	0	0	0	2833	2836
TP1_synth_reverse		31	C	92	164109	99	11	0	13	20	164344	0	2832	4	0	0	0	0	2836
TP1_synth_reverse		32	T	103	24	303	10	1	64	163838	164343	0	0	5	0	0	0	2831	2836
TP1_synth_reverse		33	C	79	164116	97	7	0	20	15	164334	0	2831	4	0	0	0	0	2835
TP1_synth_reverse		34	T	118	29	95	8	0	15	164069	164334	0	0	3	0	0	0	2832	2835
TP1_synth_reverse		35	T	273	21	50	14	0	11	163964	164333	0	0	2	0	0	0	2833	2835
TP1_synth_reverse		36	C	90	164155	53	2	0	14	19	164333	0	2833	2	0	0	0	0	2835
TP1_synth_reverse		37	C	90	164152	52	1	0	12	24	164331	0	2833	2	0	0	0	0	2835
TP1_synth_reverse		38	T	143	24	84	43	0	3	164033	164330	0	2	4	0	0	0	2829	2835
TP1_synth_reverse		39	C	87	163942	270	7	0	11	12	164329	0	2828	7	0	0	0	0	2835
TP1_synth_reverse		40	T	225	17	53	11	0	34	163988	164328	0	0	2	0	0	0	2833	2835
TP1_synth_reverse		41	G	634	107	56	163470	0	5	56	164328	5	0	2	2828	0	0	0	2835
TP1_synth_reverse		42	T	415	444	76	5	3	12	163374	164329	0	6	2	0	0	0	2827	2835
TP1_synth_reverse		43	G	70	97	102	163918	0	68	74	164329	0	0	6	2829	0	0	0	2835
TP1_synth_reverse		44	C	87	163957	173	10	12	28	62	164329	0	2826	8	0	1	0	0	2835
TP1_synth_reverse		45	G	26	74	50	163883	0	17	274	164324	0	0	2	2833	0	0	0	2835
TP1_synth_reverse		46	C	135	163817	343	10	0	3	16	164324	0	2831	4	0	0	0	0	2835
TP1_synth_reverse		47	C	56	164165	50	11	0	8	37	164327	0	2832	2	0	0	0	1	2835
TP1_synth_reverse		48	G	93	121	557	163276	1	5	272	164325	2	0	4	2825	0	0	4	2835
TP1_synth_reverse		49	A	164115	15	106	21	0	36	25	164318	2831	0	4	0	0	0	0	2835
TP1_synth_reverse		50	T	173	16	365	25	1	14	163721	164315	0	0	5	0	0	0	2830	2835
TP1_synth_reverse		51	A	163928	14	308	16	1	23	25	164315	2832	0	3	0	0	0	0	2835
TP1_synth_reverse		52	C	88	163512	615	25	0	57	15	164312	0	2830	5	0	0	0	0	2835
TP1_synth_reverse		53	A	163823	118	258	29	0	52	30	164310	2828	6	1	0	0	0	0	2835
TP1_synth_reverse		54	G	205	57	259	163532	2	13	239	164307	1	2	1	2829	0	0	2	2835
TP1_synth_reverse		55	A	163287	18	1048	18	0	24	16	164411	2826	0	11	0	0	0	0	2837
TP1_synth_reverse		56	A	164070	3	257	31	0	24	23	164408	2836	0	1	0	0	0	0	2837
TP1_synth_reverse		57	T	310	15	263	36	0	44	163735	164403	0	0	1	0	0	0	2836	2837
TP1_synth_reverse		58	A	164172	1	141	18	0	56	17	164405	2834	0	4	0	0	0	0	2838
TP1_synth_reverse		59	T	166	13	1	19	0	69	164133	164401	0	0	0	0	0	0	2838	2838
TP1_synth_reverse		60	C	138	164007	176	13	0	54	11	164399	0	2834	4	0	0	0	0	2838
TP1_synth_reverse		61	T	244	17	27	13	0	40	164056	164397	0	0	0	0	0	0	2838	2838
TP1_synth_reverse		62	G	221	41	176	163817	0	60	78	164393	2	0	5	2831	0	0	0	2838
TP1_synth_reverse		63	T	418	10	254	4	0	42	163664	164392	1	0	2	0	0	0	2835	2838
TP1_synth_reverse		64	T	324	31	0	6	0	11	164018	164390	0	3	0	0	0	0	2835	2838
TP1_synth_reverse		65	C	194	164133	5	2	0	28	28	164390	0	2838	0	0	0	0	0	2838
TP1_synth_reverse		66	G	114	72	202	163906	21	8	67	164390	2	0	1	2834	1	0	0	2838
TP1_synth_reverse		67	C	171	163864	233	5	58	39	18	164388	0	2835	1	0	2	0	0	2838
TP1_synth_reverse		68	A	164600	31	9	30	0	27	10	164707	2840	0	0	0	0	0	0	2840
TP1_synth_reverse		69	C	42	163918	272	5	1	12	454	164704	0	2833	6	0	0	0	1	2840
TP1_synth_reverse		70	T	171	18	151	7	50	12	164291	164700	0	0	1	0	0	0	2839	2840
TP1_synth_reverse		71	C	58	164459	98	5	0	65	14	164699	0	2837	3	0	0	0	0	2840
TP1_synth_reverse		72	C	156	164466	2	14	0	27	31	164696	0	2840	0	0	0	0	0	2840
TP1_synth_reverse		73	G	28	85	23	164322	56	59	118	164691	0	0	2	2837	0	0	1	2840
TP1_synth_reverse		74	A	164455	7	176	18	0	28	5	164689	2835	0	5	0	0	0	0	2840
TP1_synth_reverse		75	G	150	69	184	164139	0	10	129	164681	2	0	2	2834	0	0	2	2840
TP1_synth_reverse		76	T	202	24	42	8	0	8	164395	164679	0	0	1	0	0	0	2839	2840
TP1_synth_reverse		77	G	19	67	47	164239	254	12	37	164675	0	0	1	2838	1	0	0	2840
TP1_synth_reverse		78	C	101	164019	108	9	248	80	109	164674	0	2832	3	0	2	0	3	2840
TP1_synth_reverse		79	G	376	111	309	163776	0	38	62	164672	4	0	6	2830	0	0	0	2840
TP1_synth_reverse		80	G	839	54	203	163494	2	20	56	164668	15	0	5	2820	0	0	0	2840
TP1_synth_reverse		81	C	44	164075	46	12	439	19	30	164665	0	2837	1	0	2	0	0	2840
TP1_synth_reverse		82	A	164376	6	17	30	1	18	11	164459	2839	0	0	0	0	0	0	2839
TP1_synth_reverse		83	A	164379	8	0	17	1	37	17	164459	2839	0	0	0	0	0	0	2839
TP1_synth_reverse		84	A	164361	8	0	34	0	42	8	164453	2839	0	0	0	0	0	0	2839
TP1_synth_reverse		85	G	19	61	257	164045	0	24	34	164440	0	0	3	2836	0	0	0	2839
TP1_synth_reverse		86	C	81	164314	0	6	0	12	20	164433	0	2839	0	0	0	0	0	2839
TP1_synth_reverse		87	T	212	18	0	2	0	52	164136	164420	0	0	0	0	0	0	2839	2839
TP1_synth_reverse		88	G	89	128	6	164091	22	22	49	164407	0	0	0	2837	1	0	0	2838
TP1_synth_reverse		89	T	121	22	4	5	0	10	164235	164397	0	0	0	0	0	0	2838	2838
TP1_synth_reverse		90	T	119	21	0	5	0	13	163808	163966	0	0	0	0	0	0	2837	2837
TP1_synth_reverse		91	C	102	163740	0	10	1	55	41	163949	0	2836	0	0	0	0	1	2837
TP1_synth_reverse		92	C	74	163654	0	13	0	66	36	163843	0	2837	0	0	0	0	0	2837
TP1_synth_reverse		93	G	66	64	0	163428	0	28	30	163616	0	0	0	2837	0	0	0	2837
TP1_synth_reverse		94	T	98	26	0	8	0	13	163352	163497	0	0	0	0	0	0	2835	2835
TP1_synth_reverse		95	C	0	163400	0	0	0	36	0	163436	0	2835	0	0	0	0	0	2835
TP1_synth_reverse		96	C	0	163310	0	0	0	12	0	163322	0	2834	0	0	0	0	0	2834
TP1_synth_reverse		97	C	0	163001	0	0	0	31	0	163032	0	2831	0	0	0	0	0	2831
TP1_synth_reverse		98	A	162418	0	0	0	0	0	0	162418	2829	0	0	0	0	0	0	2829
TP1_synth_reverse		99	G	0	0	0	162024	0	0	0	162024	0	0	0	2828	0	0	0	2828
