



























































































































































































































#AmpliconChromStart	Alias	Position	ProbableRef	rawA	rawC	rawD	rawG	rawI	rawN	rawT	rawDepth	consA	consC	consD	consG	consI	consN	consT	consDepth	
TP1_synth_reverse		1	G	0	0	0	769968	0	0	0	769968	0	0	0	10077	0	0	0	10077
TP1_synth_reverse		2	T	0	0	0	0	0	0	771410	771410	0	0	0	0	0	0	10088	10088
TP1_synth_reverse		3	G	0	0	0	774474	0	72	0	774546	0	0	0	10115	0	0	0	10115
TP1_synth_reverse		4	G	0	0	0	775309	0	33	0	775342	0	0	0	10122	0	0	0	10122
TP1_synth_reverse		5	T	0	0	0	0	0	28	775671	775699	0	0	0	0	0	0	10127	10127
TP1_synth_reverse		6	G	87	71	0	775585	0	11	338	776092	0	0	0	10126	0	0	2	10128
TP1_synth_reverse		7	A	776192	21	0	89	0	49	124	776475	10135	0	0	0	0	0	0	10135
TP1_synth_reverse		8	G	84	66	0	776851	0	104	230	777335	0	0	0	10143	0	0	1	10144
TP1_synth_reverse		9	G	92	119	0	777415	10	29	157	777822	0	0	0	10148	0	0	1	10149
TP1_synth_reverse		10	C	214	777132	346	20	1	27	103	777843	0	10148	2	0	0	0	0	10150
TP1_synth_reverse		11	T	163	123	145	16	312	22	777062	777843	0	0	1	0	4	0	10145	10150
TP1_synth_reverse		12	C	285	774385	2894	19	0	51	233	777867	0	10120	30	0	0	0	1	10151
TP1_synth_reverse		13	C	386	777025	196	28	0	94	138	777867	0	10149	1	0	0	0	1	10151
TP1_synth_reverse		14	C	599	776962	17	22	0	46	221	777867	1	10148	1	0	0	0	1	10151
TP1_synth_reverse		15	C	273	776997	19	27	379	60	112	777867	0	10148	1	0	2	0	0	10151
TP1_synth_reverse		16	T	319	88	1143	13	0	171	776133	777867	0	0	9	0	0	0	10142	10151
TP1_synth_reverse		17	T	295	115	187	6	0	63	777299	777965	0	0	7	0	0	0	10146	10153
TP1_synth_reverse		18	T	265	135	148	10	237	58	777112	777965	0	0	7	0	2	0	10144	10153
TP1_synth_reverse		19	C	313	776800	667	19	99	48	139	778085	0	10140	11	0	2	0	1	10154
TP1_synth_reverse		20	T	220	81	1048	16	0	20	776700	778085	0	0	15	0	0	0	10139	10154
TP1_synth_reverse		21	T	416	142	121	43	268	85	777010	778085	0	0	5	0	3	0	10146	10154
TP1_synth_reverse		22	G	123	334	1286	775973	27	21	321	778085	0	0	13	10140	0	0	1	10154
TP1_synth_reverse		23	C	533	776071	1035	44	82	26	294	778085	2	10135	12	0	2	0	3	10154
TP1_synth_reverse		24	G	200	163	1165	775908	0	37	620	778093	0	0	13	10141	0	0	0	10154
TP1_synth_reverse		25	G	95	555	213	776490	217	132	558	778260	0	0	3	10150	2	0	2	10157
TP1_synth_reverse		26	A	777117	60	688	149	202	18	117	778351	10148	2	10	0	0	0	0	10160
TP1_synth_reverse		27	G	66	667	283	777022	20	22	271	778351	0	0	6	10152	1	0	1	10160
TP1_synth_reverse		28	A	777004	36	1020	90	66	31	104	778351	10144	0	13	0	3	0	0	10160
TP1_synth_reverse		29	T	252	99	927	111	16	114	776865	778384	0	1	13	0	0	0	10148	10162
TP1_synth_reverse		30	T	822	86	727	137	21	125	776466	778384	0	0	10	1	0	0	10151	10162
TP1_synth_reverse		31	C	436	775481	1856	41	214	58	88	778174	0	10137	24	0	1	0	0	10162
TP1_synth_reverse		32	T	480	72	972	180	867	329	775264	778164	0	0	15	1	7	0	10139	10162
TP1_synth_reverse		33	C	366	776578	799	44	164	114	87	778152	0	10146	13	0	2	0	1	10162
TP1_synth_reverse		34	T	614	323	1073	57	0	77	776000	778144	0	2	15	0	0	1	10144	10162
TP1_synth_reverse		35	T	1220	96	850	68	241	77	775137	777689	0	0	14	0	3	0	10144	10161
TP1_synth_reverse		36	C	462	774897	1766	37	2	42	470	777676	0	10133	24	0	0	0	3	10160
TP1_synth_reverse		37	C	511	775587	1248	124	1	71	118	777660	0	10140	18	2	0	0	0	10160
TP1_synth_reverse		38	T	559	71	1286	186	16	24	775513	777655	0	0	17	0	0	0	10144	10161
TP1_synth_reverse		39	C	427	775507	1712	45	3	45	69	777808	0	10142	20	0	0	0	0	10162
TP1_synth_reverse		40	T	1158	154	2184	23	12	143	774118	777792	0	0	26	0	0	0	10136	10162
TP1_synth_reverse		41	G	621	463	2256	774126	6	28	278	777778	0	0	30	10132	0	0	0	10162
TP1_synth_reverse		42	T	1787	87	1908	34	401	36	773469	777722	0	0	28	0	5	0	10130	10163
TP1_synth_reverse		43	G	377	383	2079	774466	40	361	329	778035	0	0	29	10135	1	0	0	10165
TP1_synth_reverse		44	C	444	774484	2062	301	92	155	709	778247	1	10127	28	2	2	0	6	10166
TP1_synth_reverse		45	G	178	295	1555	774604	15	50	1198	777895	0	0	20	10144	0	0	1	10165
TP1_synth_reverse		46	C	691	774992	1853	118	0	11	229	777894	0	10134	27	1	0	0	3	10165
TP1_synth_reverse		47	C	279	775698	1093	41	333	13	275	777732	0	10143	17	0	2	0	2	10164
TP1_synth_reverse		48	G	192	561	1192	774412	218	43	1099	777717	0	1	16	10140	6	0	1	10164
TP1_synth_reverse		49	A	775906	32	1373	98	18	181	147	777755	10143	0	21	0	1	0	0	10165
TP1_synth_reverse		50	T	784	85	1028	112	0	99	775630	777738	0	0	15	0	0	0	10150	10165
TP1_synth_reverse		51	A	775447	75	1743	96	147	123	139	777770	10142	0	24	0	1	0	0	10167
TP1_synth_reverse		52	C	438	775327	1165	84	32	240	475	777761	0	10142	20	0	1	0	4	10167
TP1_synth_reverse		53	A	774684	31	1594	174	964	307	219	777973	10136	0	26	0	6	0	1	10169
TP1_synth_reverse		54	G	370	199	1782	775051	250	96	204	777952	2	0	25	10140	2	0	0	10169
TP1_synth_reverse		55	A	776382	53	1406	98	1	112	79	778131	10150	0	21	0	0	0	0	10171
TP1_synth_reverse		56	A	776527	13	1037	140	179	116	117	778129	10154	0	16	0	1	0	0	10171
TP1_synth_reverse		57	T	1441	63	1013	201	404	198	775201	778521	0	0	18	0	2	0	10154	10174
TP1_synth_reverse		58	A	776988	16	743	92	232	250	93	778414	10158	0	13	0	3	0	0	10174
TP1_synth_reverse		59	T	775	109	865	139	3	371	776112	778374	0	1	12	1	0	0	10160	10174
TP1_synth_reverse		60	C	700	776010	1209	45	29	238	124	778355	0	10156	16	0	1	0	1	10174
TP1_synth_reverse		61	T	1055	75	796	39	0	204	775858	778027	0	0	9	0	0	0	10166	10175
TP1_synth_reverse		62	G	521	231	1335	775167	69	291	336	777950	0	0	12	10161	1	0	1	10175
TP1_synth_reverse		63	T	1711	260	618	23	0	173	775388	778173	0	2	11	0	0	0	10164	10177
TP1_synth_reverse		64	T	1593	64	608	18	16	41	775841	778181	0	0	6	0	0	0	10172	10178
TP1_synth_reverse		65	C	994	774897	1879	33	199	155	145	778302	1	10156	21	0	2	0	0	10180
TP1_synth_reverse		66	G	316	337	849	776330	66	52	329	778279	2	0	11	10166	1	0	0	10180
TP1_synth_reverse		67	C	767	776206	1043	39	0	217	67	778339	0	10170	12	0	0	0	0	10182
TP1_synth_reverse		68	A	777550	198	618	164	10	80	78	778698	10174	0	8	1	0	0	0	10183
TP1_synth_reverse		69	C	292	777260	832	34	43	51	72	778584	0	10171	12	0	1	0	0	10184
TP1_synth_reverse		70	T	936	109	357	40	40	103	777095	778680	0	0	4	0	1	0	10181	10186
TP1_synth_reverse		71	C	339	776187	1705	20	0	287	140	778678	0	10166	17	0	0	0	3	10186
TP1_synth_reverse		72	C	629	777256	413	89	8	120	150	778665	0	10181	5	0	0	0	0	10186
TP1_synth_reverse		73	G	184	417	1741	775267	232	304	493	778638	1	0	14	10168	2	0	1	10186
TP1_synth_reverse		74	A	775940	37	2376	112	17	116	36	778634	10158	0	27	0	1	0	0	10186
TP1_synth_reverse		75	G	105	335	381	777513	1	48	229	778612	0	0	2	10183	0	0	1	10186
TP1_synth_reverse		76	T	748	74	706	29	0	63	776979	778599	0	0	8	0	0	0	10178	10186
TP1_synth_reverse		77	G	298	299	524	776946	277	44	196	778584	2	0	6	10175	3	0	0	10186
TP1_synth_reverse		78	C	446	775863	1096	37	249	447	438	778576	0	10170	10	0	2	0	4	10186
TP1_synth_reverse		79	G	245	458	1872	775515	1	128	344	778563	1	0	17	10165	0	0	3	10186
TP1_synth_reverse		80	G	770	231	208	776811	0	127	387	778534	6	0	3	10176	0	0	1	10186
TP1_synth_reverse		81	C	252	775978	1533	83	434	85	151	778516	0	10174	10	0	2	0	0	10186
TP1_synth_reverse		82	A	776576	38	1473	154	0	55	118	778414	10175	0	11	0	0	0	0	10186
TP1_synth_reverse		83	A	777647	58	350	87	0	204	68	778414	10184	0	2	0	0	0	0	10186
TP1_synth_reverse		84	A	777615	38	211	156	126	202	58	778406	10183	0	1	0	1	0	1	10186
TP1_synth_reverse		85	G	133	256	2	777540	105	111	150	778297	0	0	0	10185	1	0	0	10186
TP1_synth_reverse		86	C	583	777378	9	115	2	69	100	778256	0	10184	0	2	0	0	0	10186
TP1_synth_reverse		87	T	950	76	38	43	0	283	776791	778181	0	0	0	0	0	0	10186	10186
TP1_synth_reverse		88	G	220	420	61	777004	71	117	234	778127	1	0	2	10181	1	0	1	10186
TP1_synth_reverse		89	T	599	99	229	16	1	45	777107	778096	0	0	1	0	0	0	10185	10186
TP1_synth_reverse		90	T	496	103	0	506	1	72	776815	777993	0	0	0	5	0	0	10181	10186
TP1_synth_reverse		91	C	840	776150	0	216	0	252	99	777557	1	10184	0	1	0	0	0	10186
TP1_synth_reverse		92	C	353	775863	0	149	0	373	227	776965	0	10183	0	2	0	0	0	10185
TP1_synth_reverse		93	G	275	331	0	775104	0	163	123	775996	1	0	0	10181	0	0	0	10182
TP1_synth_reverse		94	T	449	109	0	390	0	76	774361	775385	0	0	0	0	0	0	10182	10182
TP1_synth_reverse		95	C	0	774699	0	0	0	167	0	774866	0	10182	0	0	0	0	0	10182
TP1_synth_reverse		96	C	0	774070	0	0	0	80	0	774150	0	10182	0	0	0	0	0	10182
TP1_synth_reverse		97	C	0	772407	0	0	0	164	0	772571	0	10182	0	0	0	0	0	10182
TP1_synth_reverse		98	A	769687	0	0	0	0	0	0	769687	10181	0	0	0	0	0	0	10181
TP1_synth_reverse		99	G	0	0	0	768362	0	0	0	768362	0	0	0	10180	0	0	0	10180
