



























































































































































































































#AmpliconChromStart	Alias	Position	ProbableRef	rawA	rawC	rawD	rawG	rawI	rawN	rawT	rawDepth	consA	consC	consD	consG	consI	consN	consT	consDepth	
TP1_synth_reverse		1	G	0	0	0	769968	0	0	0	769968	0	0	0	9516	0	0	0	9516
TP1_synth_reverse		2	T	0	0	0	0	0	0	771410	771410	0	0	0	0	0	0	9526	9526
TP1_synth_reverse		3	G	0	0	0	774474	0	72	0	774546	0	0	0	9552	0	0	0	9552
TP1_synth_reverse		4	G	0	0	0	775309	0	33	0	775342	0	0	0	9557	0	0	0	9557
TP1_synth_reverse		5	T	0	0	0	0	0	28	775671	775699	0	0	0	0	0	0	9562	9562
TP1_synth_reverse		6	G	87	71	0	775585	0	11	338	776092	0	0	0	9561	0	0	2	9563
TP1_synth_reverse		7	A	776192	21	0	89	0	49	124	776475	9569	0	0	0	0	0	0	9569
TP1_synth_reverse		8	G	84	66	0	776851	0	104	230	777335	0	0	0	9577	0	0	1	9578
TP1_synth_reverse		9	G	92	119	0	777415	10	29	157	777822	0	0	0	9583	0	0	0	9583
TP1_synth_reverse		10	C	214	777132	346	20	1	27	103	777843	0	9582	2	0	0	0	0	9584
TP1_synth_reverse		11	T	163	123	145	16	312	22	777062	777843	0	0	1	0	4	0	9579	9584
TP1_synth_reverse		12	C	285	774385	2894	19	0	51	233	777867	0	9556	28	0	0	0	1	9585
TP1_synth_reverse		13	C	386	777025	196	28	0	94	138	777867	0	9583	1	0	0	0	1	9585
TP1_synth_reverse		14	C	599	776962	17	22	0	46	221	777867	1	9582	1	0	0	0	1	9585
TP1_synth_reverse		15	C	273	776997	19	27	379	60	112	777867	0	9582	1	0	2	0	0	9585
TP1_synth_reverse		16	T	319	88	1143	13	0	171	776133	777867	0	0	9	0	0	0	9576	9585
TP1_synth_reverse		17	T	295	115	187	6	0	63	777299	777965	0	0	7	0	0	0	9580	9587
TP1_synth_reverse		18	T	265	135	148	10	237	58	777112	777965	0	0	7	0	2	0	9578	9587
TP1_synth_reverse		19	C	313	776800	667	19	99	48	139	778085	0	9574	11	0	2	0	1	9588
TP1_synth_reverse		20	T	220	81	1048	16	0	20	776700	778085	0	0	14	0	0	0	9574	9588
TP1_synth_reverse		21	T	416	142	121	43	268	85	777010	778085	0	0	4	0	3	0	9581	9588
TP1_synth_reverse		22	G	123	334	1286	775973	27	21	321	778085	0	0	12	9575	0	0	1	9588
TP1_synth_reverse		23	C	533	776071	1035	44	82	26	294	778085	2	9571	10	0	2	0	3	9588
TP1_synth_reverse		24	G	200	163	1165	775900	0	37	620	778085	1	0	12	9575	0	0	0	9588
TP1_synth_reverse		25	G	95	555	213	776482	217	132	558	778252	0	0	2	9585	2	0	2	9591
TP1_synth_reverse		26	A	777109	60	688	149	202	18	117	778343	9583	2	9	0	0	0	0	9594
TP1_synth_reverse		27	G	66	667	283	777014	20	22	271	778343	0	0	5	9587	1	0	1	9594
TP1_synth_reverse		28	A	776996	36	1020	90	66	31	104	778343	9580	0	11	0	3	0	0	9594
TP1_synth_reverse		29	T	251	99	927	111	16	114	776858	778376	0	1	12	0	0	0	9583	9596
TP1_synth_reverse		30	T	822	86	727	137	21	125	776458	778376	0	0	9	1	0	0	9586	9596
TP1_synth_reverse		31	C	435	775474	1856	41	214	58	88	778166	0	9571	24	0	1	0	0	9596
TP1_synth_reverse		32	T	480	72	972	180	867	329	775256	778156	0	0	15	1	7	0	9573	9596
TP1_synth_reverse		33	C	366	776570	799	44	164	114	87	778144	0	9581	13	0	1	0	1	9596
TP1_synth_reverse		34	T	614	323	1073	57	0	77	775992	778136	0	2	14	0	0	1	9579	9596
TP1_synth_reverse		35	T	1220	96	850	68	241	77	775129	777681	0	0	14	0	3	0	9578	9595
TP1_synth_reverse		36	C	461	774890	1766	37	2	42	470	777668	0	9567	24	0	0	0	3	9594
TP1_synth_reverse		37	C	511	775579	1248	124	1	71	118	777652	0	9575	18	1	0	0	0	9594
TP1_synth_reverse		38	T	559	71	1286	186	16	24	775505	777647	0	0	17	0	0	0	9578	9595
TP1_synth_reverse		39	C	427	775499	1712	45	3	45	69	777800	0	9576	20	0	0	0	0	9596
TP1_synth_reverse		40	T	1157	154	2184	23	12	143	774111	777784	0	0	26	0	0	0	9570	9596
TP1_synth_reverse		41	G	621	462	2256	774120	6	28	277	777770	0	0	30	9566	0	0	0	9596
TP1_synth_reverse		42	T	1786	87	1908	34	401	36	773462	777714	0	0	28	0	5	0	9564	9597
TP1_synth_reverse		43	G	377	381	2079	774460	40	361	329	778027	0	0	29	9569	1	0	0	9599
TP1_synth_reverse		44	C	443	774477	2062	301	92	155	709	778239	1	9562	27	2	2	0	6	9600
TP1_synth_reverse		45	G	178	294	1555	774599	15	50	1196	777887	0	0	20	9579	0	0	1	9600
TP1_synth_reverse		46	C	690	774985	1853	118	0	11	229	777886	0	9570	26	1	0	0	3	9600
TP1_synth_reverse		47	C	278	775706	1093	41	333	13	275	777739	0	9578	17	0	2	0	2	9599
TP1_synth_reverse		48	G	192	561	1192	774421	218	43	1097	777724	0	1	16	9575	6	0	1	9599
TP1_synth_reverse		49	A	775913	32	1373	98	18	181	147	777762	9578	0	21	0	1	0	0	9600
TP1_synth_reverse		50	T	784	85	1028	112	0	99	775637	777745	0	0	15	0	0	0	9585	9600
TP1_synth_reverse		51	A	775454	75	1743	96	147	123	139	777777	9578	0	23	0	1	0	0	9602
TP1_synth_reverse		52	C	437	775335	1165	84	32	240	475	777768	0	9579	19	0	1	0	3	9602
TP1_synth_reverse		53	A	774691	31	1594	174	964	307	219	777980	9572	0	25	0	6	0	1	9604
TP1_synth_reverse		54	G	370	198	1782	775060	250	96	203	777959	2	0	24	9576	2	0	0	9604
TP1_synth_reverse		55	A	776389	53	1406	98	1	112	79	778138	9588	0	18	0	0	0	0	9606
TP1_synth_reverse		56	A	776534	13	1037	140	179	116	117	778136	9590	0	15	0	1	0	0	9606
TP1_synth_reverse		57	T	1442	63	1013	201	404	198	775207	778528	0	0	17	0	2	0	9590	9609
TP1_synth_reverse		58	A	776995	16	743	92	232	250	93	778421	9594	0	12	0	3	0	0	9609
TP1_synth_reverse		59	T	774	109	865	139	3	371	776120	778381	0	1	11	1	0	0	9596	9609
TP1_synth_reverse		60	C	701	776016	1209	45	29	238	124	778362	0	9592	15	0	1	0	1	9609
TP1_synth_reverse		61	T	1056	75	796	39	0	204	775864	778034	0	0	8	0	0	0	9602	9610
TP1_synth_reverse		62	G	522	228	1335	775176	69	291	336	777957	0	0	11	9597	1	0	1	9610
TP1_synth_reverse		63	T	1713	260	618	23	0	173	775393	778180	0	2	9	0	0	0	9601	9612
TP1_synth_reverse		64	T	1592	64	608	18	16	41	775849	778188	0	0	5	0	0	0	9607	9612
TP1_synth_reverse		65	C	994	774904	1879	33	199	155	145	778309	0	9593	19	0	2	0	0	9614
TP1_synth_reverse		66	G	317	336	849	776337	66	52	329	778286	2	0	10	9601	1	0	0	9614
TP1_synth_reverse		67	C	769	776211	1043	39	0	217	67	778346	0	9605	11	0	0	0	0	9616
TP1_synth_reverse		68	A	777557	198	618	164	10	80	78	778705	9608	0	8	1	0	0	0	9617
TP1_synth_reverse		69	C	293	777266	832	34	43	51	72	778591	0	9605	12	0	1	0	0	9618
TP1_synth_reverse		70	T	936	109	357	40	40	103	777102	778687	0	0	4	0	1	0	9615	9620
TP1_synth_reverse		71	C	339	776194	1705	20	0	287	140	778685	0	9602	16	0	0	0	2	9620
TP1_synth_reverse		72	C	630	777262	413	89	8	120	150	778672	0	9615	5	0	0	0	0	9620
TP1_synth_reverse		73	G	184	417	1741	775274	232	304	493	778645	1	0	14	9602	2	0	1	9620
TP1_synth_reverse		74	A	775947	37	2376	112	17	116	36	778641	9594	0	25	0	1	0	0	9620
TP1_synth_reverse		75	G	105	334	381	777521	1	48	229	778619	0	0	2	9617	0	0	1	9620
TP1_synth_reverse		76	T	749	74	706	29	0	63	776985	778606	0	0	8	0	0	0	9612	9620
TP1_synth_reverse		77	G	298	298	524	776954	277	44	196	778591	2	0	6	9609	3	0	0	9620
TP1_synth_reverse		78	C	447	775869	1096	37	249	447	438	778583	0	9605	9	0	2	0	4	9620
TP1_synth_reverse		79	G	245	457	1872	775523	1	128	344	778570	1	0	16	9601	0	0	2	9620
TP1_synth_reverse		80	G	770	231	208	776817	0	127	388	778541	6	0	2	9611	0	0	1	9620
TP1_synth_reverse		81	C	253	775984	1533	83	434	85	151	778523	0	9609	9	0	2	0	0	9620
TP1_synth_reverse		82	A	776583	38	1473	154	0	55	118	778421	9609	0	11	0	0	0	0	9620
TP1_synth_reverse		83	A	777654	58	350	87	0	204	68	778421	9618	0	2	0	0	0	0	9620
TP1_synth_reverse		84	A	777622	38	211	156	126	202	58	778413	9617	0	1	0	1	0	1	9620
TP1_synth_reverse		85	G	134	255	2	777547	105	111	150	778304	0	0	0	9619	1	0	0	9620
TP1_synth_reverse		86	C	584	777384	9	115	2	69	100	778263	0	9618	0	2	0	0	0	9620
TP1_synth_reverse		87	T	949	76	38	43	0	283	776799	778188	0	0	0	0	0	0	9620	9620
TP1_synth_reverse		88	G	220	421	61	777010	71	117	234	778134	1	0	2	9615	1	0	1	9620
TP1_synth_reverse		89	T	599	99	229	16	1	45	777114	778103	0	0	0	0	0	0	9620	9620
TP1_synth_reverse		90	T	496	103	0	506	1	72	776822	778000	0	0	0	4	0	0	9616	9620
TP1_synth_reverse		91	C	840	776157	0	216	0	252	99	777564	1	9618	0	1	0	0	0	9620
TP1_synth_reverse		92	C	352	775871	0	149	0	373	227	776972	0	9617	0	2	0	0	0	9619
TP1_synth_reverse		93	G	275	331	0	775111	0	163	123	776003	1	0	0	9615	0	0	0	9616
TP1_synth_reverse		94	T	449	109	0	390	0	76	774368	775392	0	0	0	0	0	0	9616	9616
TP1_synth_reverse		95	C	0	774706	0	0	0	167	0	774873	0	9616	0	0	0	0	0	9616
TP1_synth_reverse		96	C	0	774077	0	0	0	80	0	774157	0	9616	0	0	0	0	0	9616
TP1_synth_reverse		97	C	0	772414	0	0	0	164	0	772578	0	9616	0	0	0	0	0	9616
TP1_synth_reverse		98	A	769694	0	0	0	0	0	0	769694	9615	0	0	0	0	0	0	9615
TP1_synth_reverse		99	G	0	0	0	768369	0	0	0	768369	0	0	0	9615	0	0	0	9615
