



























































































































































































































#AmpliconChromStart	Alias	Position	ProbableRef	rawA	rawC	rawD	rawG	rawI	rawN	rawT	rawDepth	consA	consC	consD	consG	consI	consN	consT	consDepth	
TP1_synth_reverse		1	G	0	0	0	769968	0	0	0	769968	0	0	0	5353	0	0	0	5353
TP1_synth_reverse		2	T	0	0	0	0	0	0	771410	771410	0	0	0	0	0	0	5359	5359
TP1_synth_reverse		3	G	0	0	0	774474	0	72	0	774546	0	0	0	5377	0	0	0	5377
TP1_synth_reverse		4	G	0	0	0	775309	0	33	0	775342	0	0	0	5380	0	0	0	5380
TP1_synth_reverse		5	T	0	0	0	0	0	28	775671	775699	0	0	0	0	0	0	5382	5382
TP1_synth_reverse		6	G	87	71	0	775585	0	11	338	776092	0	0	0	5382	0	0	1	5383
TP1_synth_reverse		7	A	776192	21	0	89	0	49	124	776475	5386	0	0	0	0	0	0	5386
TP1_synth_reverse		8	G	84	66	0	776851	0	104	230	777335	0	0	0	5389	0	0	1	5390
TP1_synth_reverse		9	G	92	119	0	777415	10	29	157	777822	0	0	0	5392	0	0	0	5392
TP1_synth_reverse		10	C	214	777132	346	20	1	27	103	777843	0	5390	2	0	0	0	0	5392
TP1_synth_reverse		11	T	163	123	145	16	312	22	777086	777867	0	0	1	0	2	0	5389	5392
TP1_synth_reverse		12	C	285	774409	2894	19	0	51	233	777891	0	5373	18	0	0	0	1	5392
TP1_synth_reverse		13	C	386	777049	196	28	0	94	138	777891	0	5390	1	0	0	0	1	5392
TP1_synth_reverse		14	C	599	776986	17	22	0	46	221	777891	1	5390	0	0	0	0	1	5392
TP1_synth_reverse		15	C	273	777021	19	27	379	60	112	777891	0	5391	0	0	1	0	0	5392
TP1_synth_reverse		16	T	320	88	1143	13	0	171	776156	777891	0	0	6	0	0	0	5386	5392
TP1_synth_reverse		17	T	296	115	187	6	0	63	777322	777989	0	0	1	0	0	0	5392	5393
TP1_synth_reverse		18	T	267	135	148	10	237	58	777134	777989	0	0	0	0	2	0	5391	5393
TP1_synth_reverse		19	C	315	776822	667	19	99	48	139	778109	0	5388	3	0	2	0	1	5394
TP1_synth_reverse		20	T	221	81	1048	16	0	20	776723	778109	0	0	4	0	0	0	5390	5394
TP1_synth_reverse		21	T	416	142	121	43	268	85	777034	778109	0	0	0	0	2	0	5392	5394
TP1_synth_reverse		22	G	123	334	1286	775996	27	21	322	778109	0	0	6	5387	0	0	1	5394
TP1_synth_reverse		23	C	534	776094	1035	44	82	26	294	778109	0	5388	5	0	1	0	0	5394
TP1_synth_reverse		24	G	200	163	1165	775924	0	37	620	778109	0	0	8	5386	0	0	0	5394
TP1_synth_reverse		25	G	95	556	213	776505	217	132	558	778276	0	0	1	5392	1	0	2	5396
TP1_synth_reverse		26	A	777133	60	688	149	202	18	117	778367	5393	0	4	0	0	0	0	5397
TP1_synth_reverse		27	G	66	667	283	777038	20	22	271	778367	0	0	3	5393	0	0	1	5397
TP1_synth_reverse		28	A	777020	36	1020	90	66	31	104	778367	5391	0	6	0	0	0	0	5397
TP1_synth_reverse		29	T	251	99	927	111	16	114	776882	778400	0	0	6	0	0	0	5391	5397
TP1_synth_reverse		30	T	823	86	727	138	21	125	776480	778400	0	0	5	1	0	0	5391	5397
TP1_synth_reverse		31	C	435	775498	1856	41	214	58	88	778190	0	5384	12	0	1	0	0	5397
TP1_synth_reverse		32	T	483	72	972	180	867	329	775277	778180	0	0	7	1	5	0	5384	5397
TP1_synth_reverse		33	C	366	776594	799	44	164	114	87	778168	0	5390	6	0	1	0	0	5397
TP1_synth_reverse		34	T	614	323	1073	57	0	77	776016	778160	0	2	6	0	0	0	5389	5397
TP1_synth_reverse		35	T	1224	96	850	68	241	77	775149	777705	0	0	7	0	3	0	5386	5396
TP1_synth_reverse		36	C	462	774913	1766	37	2	42	470	777692	0	5381	14	0	0	0	1	5396
TP1_synth_reverse		37	C	514	775600	1248	124	1	71	118	777676	0	5386	9	1	0	0	0	5396
TP1_synth_reverse		38	T	559	71	1286	186	16	24	775529	777671	0	0	9	0	0	0	5388	5397
TP1_synth_reverse		39	C	429	775521	1712	45	3	45	69	777824	0	5386	12	0	0	0	0	5398
TP1_synth_reverse		40	T	1158	154	2184	23	12	143	774134	777808	0	0	16	0	0	0	5382	5398
TP1_synth_reverse		41	G	625	463	2256	774139	6	28	277	777794	0	0	14	5384	0	0	0	5398
TP1_synth_reverse		42	T	1787	87	1908	34	401	36	773485	777738	0	0	13	0	3	0	5383	5399
TP1_synth_reverse		43	G	380	381	2079	774479	40	361	331	778051	0	0	14	5387	0	0	0	5401
TP1_synth_reverse		44	C	444	774499	2062	301	92	155	710	778263	0	5384	14	1	1	0	2	5402
TP1_synth_reverse		45	G	178	296	1555	774620	15	50	1197	777911	0	0	11	5391	0	0	0	5402
TP1_synth_reverse		46	C	691	775008	1853	118	0	11	229	777910	0	5384	16	1	0	0	1	5402
TP1_synth_reverse		47	C	281	775712	1093	41	333	13	275	777748	0	5392	8	0	2	0	0	5402
TP1_synth_reverse		48	G	192	561	1192	774427	218	43	1100	777733	0	0	9	5390	2	0	1	5402
TP1_synth_reverse		49	A	775922	32	1373	98	18	181	147	777771	5391	0	11	0	0	0	0	5402
TP1_synth_reverse		50	T	786	85	1028	112	0	99	775644	777754	0	0	7	0	0	0	5395	5402
TP1_synth_reverse		51	A	775463	75	1743	96	147	123	139	777786	5389	0	12	0	1	0	0	5402
TP1_synth_reverse		52	C	436	775345	1165	84	32	240	475	777777	0	5392	8	0	0	0	2	5402
TP1_synth_reverse		53	A	774700	31	1594	174	964	307	219	777989	5386	0	12	0	5	0	1	5404
TP1_synth_reverse		54	G	370	199	1782	775068	250	96	203	777968	2	0	12	5389	1	0	0	5404
TP1_synth_reverse		55	A	776398	53	1406	98	1	112	79	778147	5396	0	10	0	0	0	0	5406
TP1_synth_reverse		56	A	776543	13	1037	140	179	116	117	778145	5399	0	6	0	1	0	0	5406
TP1_synth_reverse		57	T	1443	63	1013	201	404	198	775215	778537	0	0	5	0	2	0	5401	5408
TP1_synth_reverse		58	A	777004	16	743	92	232	250	93	778430	5403	0	3	0	2	0	0	5408
TP1_synth_reverse		59	T	776	109	865	139	3	371	776127	778390	0	1	4	1	0	0	5402	5408
TP1_synth_reverse		60	C	701	776025	1209	45	29	238	124	778371	0	5401	6	0	0	0	1	5408
TP1_synth_reverse		61	T	1056	75	796	39	0	204	775873	778043	0	0	2	0	0	0	5406	5408
TP1_synth_reverse		62	G	523	229	1335	775182	69	291	337	777966	0	0	6	5401	1	0	0	5408
TP1_synth_reverse		63	T	1713	260	618	23	0	173	775402	778189	0	1	4	0	0	0	5404	5409
TP1_synth_reverse		64	T	1595	64	609	18	16	41	775854	778197	0	0	2	0	0	0	5407	5409
TP1_synth_reverse		65	C	994	774912	1880	33	199	155	145	778318	0	5396	12	0	2	0	0	5410
TP1_synth_reverse		66	G	317	336	849	776346	66	52	329	778295	0	0	3	5406	1	0	0	5410
TP1_synth_reverse		67	C	769	776220	1043	39	0	217	67	778355	0	5406	5	0	0	0	0	5411
TP1_synth_reverse		68	A	777566	198	618	164	10	80	78	778714	5408	0	4	0	0	0	0	5412
TP1_synth_reverse		69	C	293	777275	832	34	43	51	72	778600	0	5404	7	0	1	0	0	5412
TP1_synth_reverse		70	T	939	109	357	40	40	103	777108	778696	0	0	3	0	1	0	5409	5413
TP1_synth_reverse		71	C	340	776202	1705	20	0	287	140	778694	0	5402	11	0	0	0	0	5413
TP1_synth_reverse		72	C	628	777273	413	89	8	120	150	778681	0	5410	3	0	0	0	0	5413
TP1_synth_reverse		73	G	184	417	1741	775283	232	304	493	778654	0	0	11	5399	2	0	1	5413
TP1_synth_reverse		74	A	775956	37	2376	112	17	116	36	778650	5396	0	17	0	0	0	0	5413
TP1_synth_reverse		75	G	105	335	381	777528	1	48	230	778628	0	0	2	5410	0	0	1	5413
TP1_synth_reverse		76	T	750	74	706	29	0	63	776993	778615	0	0	4	0	0	0	5409	5413
TP1_synth_reverse		77	G	298	299	524	776962	277	44	196	778600	1	0	4	5406	2	0	0	5413
TP1_synth_reverse		78	C	447	775878	1096	37	249	447	438	778592	0	5402	7	0	2	0	2	5413
TP1_synth_reverse		79	G	245	457	1872	775529	1	128	347	778579	0	0	11	5402	0	0	0	5413
TP1_synth_reverse		80	G	770	231	208	776827	0	127	387	778550	5	0	2	5405	0	0	1	5413
TP1_synth_reverse		81	C	252	775994	1533	83	434	85	151	778532	0	5402	9	0	2	0	0	5413
TP1_synth_reverse		82	A	776592	38	1473	154	0	55	118	778430	5404	0	9	0	0	0	0	5413
TP1_synth_reverse		83	A	777663	58	350	87	0	204	68	778430	5411	0	2	0	0	0	0	5413
TP1_synth_reverse		84	A	777631	38	211	156	126	202	58	778422	5411	0	1	0	1	0	0	5413
TP1_synth_reverse		85	G	133	255	2	777556	105	111	150	778312	0	0	0	5412	1	0	0	5413
TP1_synth_reverse		86	C	585	777391	9	115	2	69	100	778271	0	5412	0	1	0	0	0	5413
TP1_synth_reverse		87	T	950	76	38	43	0	283	776806	778196	0	0	0	0	0	0	5413	5413
TP1_synth_reverse		88	G	220	422	61	777017	71	117	234	778142	1	0	0	5411	1	0	0	5413
TP1_synth_reverse		89	T	600	99	229	16	1	45	777121	778111	0	0	0	0	0	0	5413	5413
TP1_synth_reverse		90	T	496	103	0	506	1	72	776830	778008	0	0	0	3	0	0	5410	5413
TP1_synth_reverse		91	C	840	776165	0	216	0	252	99	777572	1	5412	0	0	0	0	0	5413
TP1_synth_reverse		92	C	353	775877	0	149	0	373	227	776979	0	5411	0	2	0	0	0	5413
TP1_synth_reverse		93	G	275	332	0	775117	0	163	123	776010	1	0	0	5412	0	0	0	5413
TP1_synth_reverse		94	T	450	109	0	392	0	76	774372	775399	0	0	0	0	0	0	5413	5413
TP1_synth_reverse		95	C	0	774713	0	0	0	167	0	774880	0	5413	0	0	0	0	0	5413
TP1_synth_reverse		96	C	0	774084	0	0	0	80	0	774164	0	5413	0	0	0	0	0	5413
TP1_synth_reverse		97	C	0	772420	0	0	0	164	0	772584	0	5413	0	0	0	0	0	5413
TP1_synth_reverse		98	A	769700	0	0	0	0	0	0	769700	5413	0	0	0	0	0	0	5413
TP1_synth_reverse		99	G	0	0	0	768375	0	0	0	768375	0	0	0	5413	0	0	0	5413
