



























































































































































































































#AmpliconChromStart	Alias	Position	ProbableRef	rawA	rawC	rawD	rawG	rawI	rawN	rawT	rawDepth	consA	consC	consD	consG	consI	consN	consT	consDepth	
TP1_synth_reverse		1	G	0	0	0	769968	0	0	0	769968	0	0	0	14214	0	0	0	14214
TP1_synth_reverse		2	T	0	0	0	0	0	0	771410	771410	0	0	0	0	0	0	14233	14233
TP1_synth_reverse		3	G	0	0	0	774474	0	72	0	774546	0	0	0	14267	0	0	0	14267
TP1_synth_reverse		4	G	0	0	0	775309	0	33	0	775342	0	0	0	14278	0	0	0	14278
TP1_synth_reverse		5	T	0	0	0	0	0	28	775671	775699	0	0	0	0	0	0	14284	14284
TP1_synth_reverse		6	G	87	71	0	775585	0	11	338	776092	0	0	0	14285	0	0	2	14287
TP1_synth_reverse		7	A	776192	21	0	89	0	49	124	776475	14295	0	0	0	0	0	0	14295
TP1_synth_reverse		8	G	84	66	0	776851	0	104	230	777335	0	0	0	14305	0	0	1	14306
TP1_synth_reverse		9	G	92	119	0	777415	10	29	157	777822	0	0	0	14309	0	0	2	14311
TP1_synth_reverse		10	C	214	777132	346	20	1	27	103	777843	0	14310	2	0	0	0	0	14312
TP1_synth_reverse		11	T	163	123	145	16	312	22	777062	777843	0	0	1	0	4	0	14307	14312
TP1_synth_reverse		12	C	285	774385	2894	19	0	51	233	777867	0	14274	38	0	0	0	1	14313
TP1_synth_reverse		13	C	386	777025	196	28	0	94	138	777867	0	14311	1	0	0	0	1	14313
TP1_synth_reverse		14	C	599	776962	17	22	0	46	221	777867	1	14310	1	0	0	0	1	14313
TP1_synth_reverse		15	C	273	776997	19	27	379	60	112	777867	0	14308	1	0	4	0	0	14313
TP1_synth_reverse		16	T	319	88	1143	13	0	171	776133	777867	0	0	16	0	0	0	14297	14313
TP1_synth_reverse		17	T	295	115	187	6	0	63	777299	777965	0	0	8	0	0	0	14308	14316
TP1_synth_reverse		18	T	265	135	148	10	237	58	777112	777965	0	0	7	0	2	0	14307	14316
TP1_synth_reverse		19	C	313	776800	667	19	99	48	139	778085	0	14301	13	0	2	0	1	14317
TP1_synth_reverse		20	T	220	81	1048	16	0	20	776700	778085	0	0	19	0	0	0	14298	14317
TP1_synth_reverse		21	T	416	142	121	43	268	85	777010	778085	0	0	6	0	4	0	14307	14317
TP1_synth_reverse		22	G	123	334	1286	775973	27	21	321	778085	0	0	14	14300	2	0	1	14317
TP1_synth_reverse		23	C	533	776071	1035	44	82	26	294	778085	3	14292	12	0	4	0	6	14317
TP1_synth_reverse		24	G	200	163	1165	775900	0	37	620	778085	1	0	18	14296	0	0	2	14317
TP1_synth_reverse		25	G	95	555	213	776482	217	132	558	778252	0	0	3	14312	3	0	2	14320
TP1_synth_reverse		26	A	777109	60	688	149	202	18	117	778343	14307	2	14	0	0	0	0	14323
TP1_synth_reverse		27	G	66	667	283	777014	20	22	271	778343	0	0	10	14310	1	0	2	14323
TP1_synth_reverse		28	A	776996	36	1020	90	66	31	104	778343	14301	0	19	0	3	0	0	14323
TP1_synth_reverse		29	T	251	99	927	111	16	114	776858	778376	0	1	20	0	2	0	14303	14326
TP1_synth_reverse		30	T	822	86	727	137	21	125	776464	778382	0	0	19	2	0	0	14306	14327
TP1_synth_reverse		31	C	435	775480	1856	41	214	58	88	778172	0	14291	35	0	1	0	0	14327
TP1_synth_reverse		32	T	480	72	972	180	867	329	775262	778162	0	0	22	1	9	0	14295	14327
TP1_synth_reverse		33	C	366	776576	799	44	164	114	87	778150	0	14300	22	0	4	0	1	14327
TP1_synth_reverse		34	T	614	323	1073	57	0	77	775998	778142	0	2	26	0	0	1	14298	14327
TP1_synth_reverse		35	T	1220	96	850	68	241	77	775135	777687	0	0	20	0	6	0	14299	14325
TP1_synth_reverse		36	C	461	774896	1766	37	2	42	470	777674	0	14290	30	0	0	0	4	14324
TP1_synth_reverse		37	C	511	775585	1248	124	1	71	118	777658	0	14299	23	2	0	0	0	14324
TP1_synth_reverse		38	T	560	71	1286	186	16	24	775510	777653	0	0	20	0	0	0	14303	14323
TP1_synth_reverse		39	C	427	775505	1712	45	3	45	69	777806	0	14299	25	0	0	0	0	14324
TP1_synth_reverse		40	T	1157	154	2184	23	12	143	774117	777790	0	0	30	0	1	0	14292	14323
TP1_synth_reverse		41	G	621	462	2256	774126	6	28	277	777776	0	0	34	14288	1	0	0	14323
TP1_synth_reverse		42	T	1786	87	1908	34	401	36	773468	777720	0	0	34	0	5	0	14285	14324
TP1_synth_reverse		43	G	377	381	2079	774466	40	361	329	778033	0	0	35	14293	1	0	0	14329
TP1_synth_reverse		44	C	443	774483	2062	301	92	155	709	778245	1	14283	35	2	2	0	8	14331
TP1_synth_reverse		45	G	178	294	1555	774605	15	50	1196	777893	1	0	25	14299	1	0	4	14330
TP1_synth_reverse		46	C	690	774991	1853	118	0	11	229	777892	0	14291	34	1	0	0	4	14330
TP1_synth_reverse		47	C	279	775696	1093	41	333	13	275	777730	0	14297	25	0	3	0	4	14329
TP1_synth_reverse		48	G	192	561	1192	774412	218	43	1097	777715	1	2	25	14293	6	0	2	14329
TP1_synth_reverse		49	A	775904	32	1373	98	18	181	147	777753	14300	0	29	0	1	0	0	14330
TP1_synth_reverse		50	T	784	85	1028	112	0	99	775628	777736	0	0	21	0	0	0	14309	14330
TP1_synth_reverse		51	A	775445	75	1743	96	147	123	139	777768	14298	1	30	0	3	0	0	14332
TP1_synth_reverse		52	C	435	775328	1165	84	32	240	475	777759	0	14299	28	0	1	0	4	14332
TP1_synth_reverse		53	A	774682	31	1594	174	964	307	219	777971	14294	0	33	0	8	0	1	14336
TP1_synth_reverse		54	G	370	198	1782	775050	250	96	204	777950	2	0	32	14300	2	0	0	14336
TP1_synth_reverse		55	A	776380	53	1406	98	1	112	79	778129	14308	0	30	0	0	0	0	14338
TP1_synth_reverse		56	A	776525	13	1037	140	179	116	117	778127	14314	0	23	0	1	0	0	14338
TP1_synth_reverse		57	T	1442	63	1013	201	404	198	775198	778519	0	0	28	0	2	0	14312	14342
TP1_synth_reverse		58	A	776986	16	743	92	232	250	93	778412	14320	0	19	0	3	0	0	14342
TP1_synth_reverse		59	T	774	109	865	139	3	371	776111	778372	0	1	19	1	0	0	14319	14340
TP1_synth_reverse		60	C	700	776008	1209	45	29	238	124	778353	0	14313	25	0	1	0	1	14340
TP1_synth_reverse		61	T	1055	75	796	39	0	204	775856	778025	0	0	15	0	0	0	14325	14340
TP1_synth_reverse		62	G	521	229	1335	775167	69	291	336	777948	0	0	19	14318	1	0	1	14339
TP1_synth_reverse		63	T	1712	260	618	23	0	173	775385	778171	0	2	17	0	0	0	14320	14339
TP1_synth_reverse		64	T	1593	64	608	18	16	41	775839	778179	0	0	8	0	1	0	14333	14342
TP1_synth_reverse		65	C	993	774896	1879	33	199	155	145	778300	0	14316	25	0	3	0	1	14345
TP1_synth_reverse		66	G	316	336	849	776330	66	52	328	778277	2	0	17	14325	1	0	0	14345
TP1_synth_reverse		67	C	767	776204	1043	39	0	217	67	778337	0	14326	21	0	0	0	0	14347
TP1_synth_reverse		68	A	777548	198	618	164	10	80	78	778696	14337	0	10	1	0	0	0	14348
TP1_synth_reverse		69	C	292	777258	832	34	43	51	72	778582	0	14334	15	0	1	0	0	14350
TP1_synth_reverse		70	T	936	109	357	40	40	103	777093	778678	0	0	6	0	1	0	14346	14353
TP1_synth_reverse		71	C	339	776185	1705	20	0	287	140	778676	0	14327	23	0	0	0	3	14353
TP1_synth_reverse		72	C	628	777255	413	89	8	120	150	778663	0	14347	6	0	0	0	0	14353
TP1_synth_reverse		73	G	184	417	1741	775265	232	304	493	778636	1	0	21	14327	3	0	1	14353
TP1_synth_reverse		74	A	775938	37	2376	112	17	116	36	778632	14317	0	35	0	1	0	0	14353
TP1_synth_reverse		75	G	105	334	381	777512	1	48	229	778610	1	0	4	14347	0	0	1	14353
TP1_synth_reverse		76	T	747	74	706	29	0	63	776978	778597	0	0	10	0	0	0	14343	14353
TP1_synth_reverse		77	G	298	298	524	776946	277	44	195	778582	3	0	6	14341	3	0	0	14353
TP1_synth_reverse		78	C	446	775860	1096	38	249	447	438	778574	0	14331	11	0	6	0	5	14353
TP1_synth_reverse		79	G	245	457	1872	775514	1	128	344	778561	1	0	22	14326	0	0	4	14353
TP1_synth_reverse		80	G	770	231	208	776809	0	127	387	778532	7	0	5	14339	0	0	2	14353
TP1_synth_reverse		81	C	252	775976	1533	83	434	85	151	778514	0	14335	14	0	4	0	0	14353
TP1_synth_reverse		82	A	776574	38	1473	154	0	55	118	778412	14336	0	16	1	0	0	0	14353
TP1_synth_reverse		83	A	777645	58	350	87	0	204	68	778412	14351	0	2	0	0	0	0	14353
TP1_synth_reverse		84	A	777613	38	211	156	126	202	58	778404	14349	0	1	0	2	0	1	14353
TP1_synth_reverse		85	G	133	255	2	777539	105	111	150	778295	0	0	0	14352	1	0	0	14353
TP1_synth_reverse		86	C	583	777376	9	115	2	69	100	778254	0	14349	1	2	0	0	1	14353
TP1_synth_reverse		87	T	949	76	38	43	0	283	776790	778179	0	0	1	0	0	0	14352	14353
TP1_synth_reverse		88	G	220	420	61	777002	71	117	234	778125	2	0	3	14346	1	0	1	14353
TP1_synth_reverse		89	T	599	99	229	16	1	45	777105	778094	0	0	1	0	0	0	14352	14353
TP1_synth_reverse		90	T	496	103	0	506	1	72	776813	777991	0	0	0	6	0	0	14346	14352
TP1_synth_reverse		91	C	840	776148	0	216	0	252	99	777555	1	14350	0	1	0	0	0	14352
TP1_synth_reverse		92	C	352	775862	0	149	0	373	227	776963	0	14345	0	4	0	0	0	14349
TP1_synth_reverse		93	G	275	331	0	775102	0	163	123	775994	1	0	0	14340	0	0	0	14341
TP1_synth_reverse		94	T	449	109	0	390	0	76	774359	775383	0	0	0	0	0	0	14341	14341
TP1_synth_reverse		95	C	0	774697	0	0	0	167	0	774864	0	14340	0	0	0	0	0	14340
TP1_synth_reverse		96	C	0	774068	0	0	0	80	0	774148	0	14339	0	0	0	0	0	14339
TP1_synth_reverse		97	C	0	772405	0	0	0	164	0	772569	0	14337	0	0	0	0	0	14337
TP1_synth_reverse		98	A	769685	0	0	0	0	0	0	769685	14329	0	0	0	0	0	0	14329
TP1_synth_reverse		99	G	0	0	0	768360	0	0	0	768360	0	0	0	14323	0	0	0	14323
