



























































































































































































































#AmpliconChromStart	Alias	Position	ProbableRef	rawA	rawC	rawD	rawG	rawI	rawN	rawT	rawDepth	consA	consC	consD	consG	consI	consN	consT	consDepth	
TP1_synth_reverse		1	G	0	0	0	769968	0	0	0	769968	0	0	0	10756	0	0	0	10756
TP1_synth_reverse		2	T	0	0	0	0	0	0	771410	771410	0	0	0	0	0	0	10768	10768
TP1_synth_reverse		3	G	0	0	0	774474	0	72	0	774546	0	0	0	10797	0	0	0	10797
TP1_synth_reverse		4	G	0	0	0	775309	0	33	0	775342	0	0	0	10805	0	0	0	10805
TP1_synth_reverse		5	T	0	0	0	0	0	28	775671	775699	0	0	0	0	0	0	10810	10810
TP1_synth_reverse		6	G	87	71	0	775585	0	11	338	776092	0	0	0	10809	0	0	2	10811
TP1_synth_reverse		7	A	776192	21	0	89	0	49	124	776475	10818	0	0	0	0	0	0	10818
TP1_synth_reverse		8	G	84	66	0	776851	0	104	230	777335	0	0	0	10827	0	0	1	10828
TP1_synth_reverse		9	G	92	119	0	777415	10	29	157	777822	0	0	0	10832	0	0	1	10833
TP1_synth_reverse		10	C	214	777132	346	20	1	27	103	777843	0	10832	2	0	0	0	0	10834
TP1_synth_reverse		11	T	163	123	145	16	312	22	777062	777843	0	0	1	0	4	0	10829	10834
TP1_synth_reverse		12	C	285	774385	2894	19	0	51	233	777867	0	10801	33	0	0	0	1	10835
TP1_synth_reverse		13	C	386	777025	196	28	0	94	138	777867	0	10833	1	0	0	0	1	10835
TP1_synth_reverse		14	C	599	776962	17	22	0	46	221	777867	1	10832	1	0	0	0	1	10835
TP1_synth_reverse		15	C	273	776997	19	27	379	60	112	777867	0	10832	1	0	2	0	0	10835
TP1_synth_reverse		16	T	319	88	1143	13	0	171	776133	777867	0	0	10	0	0	0	10825	10835
TP1_synth_reverse		17	T	295	115	187	6	0	63	777299	777965	0	0	7	0	0	0	10830	10837
TP1_synth_reverse		18	T	265	135	148	10	237	58	777112	777965	0	0	7	0	2	0	10828	10837
TP1_synth_reverse		19	C	313	776800	667	19	99	48	139	778085	0	10824	11	0	2	0	1	10838
TP1_synth_reverse		20	T	220	81	1048	16	0	20	776700	778085	0	0	17	0	0	0	10821	10838
TP1_synth_reverse		21	T	416	142	121	43	268	85	777010	778085	0	0	6	0	3	0	10829	10838
TP1_synth_reverse		22	G	123	334	1286	775973	27	21	321	778085	0	0	13	10823	1	0	1	10838
TP1_synth_reverse		23	C	533	776071	1035	44	82	26	294	778085	2	10818	12	0	3	0	3	10838
TP1_synth_reverse		24	G	200	163	1165	775900	0	37	620	778085	1	0	13	10824	0	0	0	10838
TP1_synth_reverse		25	G	95	555	213	776482	217	132	558	778252	0	0	3	10834	2	0	2	10841
TP1_synth_reverse		26	A	777109	60	688	149	202	18	117	778343	10832	2	10	0	0	0	0	10844
TP1_synth_reverse		27	G	66	667	283	777014	20	22	271	778343	0	0	6	10836	1	0	1	10844
TP1_synth_reverse		28	A	776996	36	1020	90	66	31	104	778343	10826	0	15	0	3	0	0	10844
TP1_synth_reverse		29	T	251	99	927	111	16	114	776858	778376	0	1	15	0	0	0	10830	10846
TP1_synth_reverse		30	T	822	86	727	137	21	125	776458	778376	0	0	12	1	0	0	10833	10846
TP1_synth_reverse		31	C	435	775474	1856	41	214	58	88	778166	0	10819	26	0	1	0	0	10846
TP1_synth_reverse		32	T	480	72	972	180	867	329	775256	778156	0	0	17	1	7	0	10821	10846
TP1_synth_reverse		33	C	366	776570	799	44	164	114	87	778144	0	10827	15	0	3	0	1	10846
TP1_synth_reverse		34	T	614	323	1073	57	0	77	775992	778136	0	2	17	0	0	1	10826	10846
TP1_synth_reverse		35	T	1220	96	850	68	241	77	775129	777681	0	0	14	0	3	0	10828	10845
TP1_synth_reverse		36	C	461	774890	1766	37	2	42	470	777668	0	10816	25	0	0	0	3	10844
TP1_synth_reverse		37	C	511	775579	1248	124	1	71	118	777652	0	10824	18	2	0	0	0	10844
TP1_synth_reverse		38	T	559	71	1286	186	16	24	775505	777647	0	0	17	0	0	0	10828	10845
TP1_synth_reverse		39	C	427	775499	1712	45	3	45	69	777800	0	10826	20	0	0	0	0	10846
TP1_synth_reverse		40	T	1157	154	2184	23	12	143	774111	777784	0	0	26	0	0	0	10820	10846
TP1_synth_reverse		41	G	621	462	2256	774120	6	28	277	777770	0	0	31	10815	0	0	0	10846
TP1_synth_reverse		42	T	1786	87	1908	34	401	36	773462	777714	0	0	29	0	5	0	10813	10847
TP1_synth_reverse		43	G	377	381	2079	774460	40	361	329	778027	0	0	31	10817	1	0	0	10849
TP1_synth_reverse		44	C	443	774477	2062	301	92	155	709	778239	1	10809	30	2	2	0	6	10850
TP1_synth_reverse		45	G	178	294	1555	774599	15	50	1196	777887	0	0	21	10826	1	0	1	10849
TP1_synth_reverse		46	C	690	774985	1853	118	0	11	229	777886	0	10817	28	1	0	0	3	10849
TP1_synth_reverse		47	C	278	775691	1093	41	333	13	275	777724	0	10825	18	0	3	0	2	10848
TP1_synth_reverse		48	G	192	561	1192	774406	218	43	1097	777709	0	1	17	10823	6	0	1	10848
TP1_synth_reverse		49	A	775898	32	1373	98	18	181	147	777747	10827	0	21	0	1	0	0	10849
TP1_synth_reverse		50	T	784	85	1028	112	0	99	775622	777730	0	0	15	0	0	0	10834	10849
TP1_synth_reverse		51	A	775439	75	1743	96	147	123	139	777762	10825	1	24	0	1	0	0	10851
TP1_synth_reverse		52	C	435	775322	1165	84	32	240	475	777753	0	10826	20	0	1	0	4	10851
TP1_synth_reverse		53	A	774676	31	1594	174	964	307	219	777965	10820	0	27	0	6	0	1	10854
TP1_synth_reverse		54	G	370	198	1782	775045	250	96	203	777944	2	0	26	10824	2	0	0	10854
TP1_synth_reverse		55	A	776374	53	1406	98	1	112	79	778123	10835	0	21	0	0	0	0	10856
TP1_synth_reverse		56	A	776519	13	1037	140	179	116	117	778121	10839	0	16	0	1	0	0	10856
TP1_synth_reverse		57	T	1440	63	1013	201	404	198	775194	778513	0	0	18	0	2	0	10839	10859
TP1_synth_reverse		58	A	777013	16	743	92	232	250	93	778439	10844	0	13	0	3	0	0	10860
TP1_synth_reverse		59	T	774	109	865	139	3	371	776138	778399	0	1	12	1	0	0	10846	10860
TP1_synth_reverse		60	C	700	776035	1209	45	29	238	124	778380	0	10841	17	0	1	0	1	10860
TP1_synth_reverse		61	T	1055	75	796	39	0	204	775883	778052	0	0	9	0	0	0	10852	10861
TP1_synth_reverse		62	G	521	228	1335	775195	69	291	336	777975	0	0	12	10847	1	0	1	10861
TP1_synth_reverse		63	T	1712	260	618	23	0	173	775412	778198	0	2	11	0	0	0	10849	10862
TP1_synth_reverse		64	T	1593	64	608	18	16	41	775866	778206	0	0	6	0	0	0	10858	10864
TP1_synth_reverse		65	C	993	774923	1879	33	199	155	145	778327	0	10843	21	0	2	0	0	10866
TP1_synth_reverse		66	G	316	336	849	776357	66	52	328	778304	2	0	12	10851	1	0	0	10866
TP1_synth_reverse		67	C	767	776231	1043	39	0	217	67	778364	0	10854	14	0	0	0	0	10868
TP1_synth_reverse		68	A	777575	198	618	164	10	80	78	778723	10860	0	8	1	0	0	0	10869
TP1_synth_reverse		69	C	292	777285	832	34	43	51	72	778609	0	10857	12	0	1	0	0	10870
TP1_synth_reverse		70	T	936	109	357	40	40	103	777120	778705	0	0	5	0	1	0	10866	10872
TP1_synth_reverse		71	C	339	776212	1705	20	0	287	140	778703	0	10852	17	0	0	0	3	10872
TP1_synth_reverse		72	C	628	777282	413	89	8	120	150	778690	0	10867	5	0	0	0	0	10872
TP1_synth_reverse		73	G	184	417	1741	775292	232	304	493	778663	1	0	15	10853	2	0	1	10872
TP1_synth_reverse		74	A	775965	37	2376	112	17	116	36	778659	10842	0	29	0	1	0	0	10872
TP1_synth_reverse		75	G	105	334	381	777539	1	48	229	778637	0	0	2	10869	0	0	1	10872
TP1_synth_reverse		76	T	747	74	706	29	0	63	777005	778624	0	0	9	0	0	0	10863	10872
TP1_synth_reverse		77	G	298	298	524	776973	277	44	195	778609	2	0	6	10861	3	0	0	10872
TP1_synth_reverse		78	C	446	775888	1096	37	249	447	438	778601	0	10855	10	0	3	0	4	10872
TP1_synth_reverse		79	G	245	457	1872	775541	1	128	344	778588	1	0	18	10850	0	0	3	10872
TP1_synth_reverse		80	G	770	231	208	776836	0	127	387	778559	6	0	4	10861	0	0	1	10872
TP1_synth_reverse		81	C	252	776001	1534	84	434	85	151	778541	0	10859	11	0	2	0	0	10872
TP1_synth_reverse		82	A	776600	38	1474	154	0	55	118	778439	10859	0	12	1	0	0	0	10872
TP1_synth_reverse		83	A	777672	58	350	87	0	204	68	778439	10870	0	2	0	0	0	0	10872
TP1_synth_reverse		84	A	777640	38	211	156	126	202	58	778431	10869	0	1	0	1	0	1	10872
TP1_synth_reverse		85	G	133	255	2	777566	105	111	150	778322	0	0	0	10871	1	0	0	10872
TP1_synth_reverse		86	C	583	777403	9	115	2	69	100	778281	0	10870	0	2	0	0	0	10872
TP1_synth_reverse		87	T	949	76	38	43	0	283	776817	778206	0	0	0	0	0	0	10872	10872
TP1_synth_reverse		88	G	220	420	61	777029	71	117	234	778152	1	0	2	10867	1	0	1	10872
TP1_synth_reverse		89	T	599	99	229	16	1	45	777132	778121	0	0	1	0	0	0	10871	10872
TP1_synth_reverse		90	T	496	103	0	507	1	72	776839	778018	0	0	0	5	0	0	10866	10871
TP1_synth_reverse		91	C	840	776174	0	217	0	252	99	777582	1	10869	0	1	0	0	0	10871
TP1_synth_reverse		92	C	352	775889	0	149	0	373	227	776990	0	10868	0	2	0	0	0	10870
TP1_synth_reverse		93	G	275	331	0	775129	0	163	123	776021	1	0	0	10866	0	0	0	10867
TP1_synth_reverse		94	T	449	109	0	390	0	76	774386	775410	0	0	0	0	0	0	10867	10867
TP1_synth_reverse		95	C	0	774724	0	0	0	167	0	774891	0	10867	0	0	0	0	0	10867
TP1_synth_reverse		96	C	0	774095	0	0	0	80	0	774175	0	10867	0	0	0	0	0	10867
TP1_synth_reverse		97	C	0	772432	0	0	0	164	0	772596	0	10867	0	0	0	0	0	10867
TP1_synth_reverse		98	A	769711	0	0	0	0	0	0	769711	10865	0	0	0	0	0	0	10865
TP1_synth_reverse		99	G	0	0	0	768385	0	0	0	768385	0	0	0	10864	0	0	0	10864
