



























































































































































































































#AmpliconChromStart	Alias	Position	ProbableRef	rawA	rawC	rawD	rawG	rawI	rawN	rawT	rawDepth	consA	consC	consD	consG	consI	consN	consT	consDepth	
TP1_synth_reverse		1	G	0	0	0	451610	0	0	0	451610	0	0	0	3524	0	0	0	3524
TP1_synth_reverse		2	T	0	0	0	0	0	0	453203	453203	0	0	0	0	0	0	3531	3531
TP1_synth_reverse		3	G	0	0	0	454801	0	6	0	454807	0	0	0	3537	0	0	0	3537
TP1_synth_reverse		4	G	0	0	0	455664	0	14	0	455678	0	0	0	3541	0	0	0	3541
TP1_synth_reverse		5	T	0	0	0	0	0	43	455874	455917	0	0	0	0	0	0	3543	3543
TP1_synth_reverse		6	G	90	29	0	456084	0	60	257	456520	0	0	0	3546	0	0	0	3546
TP1_synth_reverse		7	A	456339	31	0	51	0	27	72	456520	3546	0	0	0	0	0	0	3546
TP1_synth_reverse		8	G	67	37	0	456293	0	177	74	456648	0	0	0	3547	0	0	0	3547
TP1_synth_reverse		9	G	70	61	0	456450	0	29	75	456685	0	0	0	3547	0	0	0	3547
TP1_synth_reverse		10	C	120	456462	8	19	0	9	80	456698	0	3547	0	0	0	0	0	3547
TP1_synth_reverse		11	T	147	75	216	17	340	13	455898	456706	0	0	1	0	2	0	3544	3547
TP1_synth_reverse		12	C	169	455553	836	13	0	43	92	456706	0	3541	6	0	0	0	0	3547
TP1_synth_reverse		13	C	231	456105	126	17	1	150	76	456706	0	3546	1	0	0	0	0	3547
TP1_synth_reverse		14	C	165	456396	0	21	0	39	85	456706	0	3547	0	0	0	0	0	3547
TP1_synth_reverse		15	C	136	455732	0	13	44	8	773	456706	0	3544	0	0	1	0	2	3547
TP1_synth_reverse		16	T	296	32	683	13	0	21	455661	456706	0	0	4	0	0	0	3543	3547
TP1_synth_reverse		17	T	317	57	270	10	0	4	456048	456706	0	0	2	0	0	0	3545	3547
TP1_synth_reverse		18	T	226	58	408	9	0	7	456009	456717	0	0	3	0	0	0	3544	3547
TP1_synth_reverse		19	C	248	464739	362	45	0	59	65	465518	0	3549	3	0	0	0	0	3552
TP1_synth_reverse		20	T	383	40	802	39	0	71	464183	465518	0	0	5	0	0	0	3547	3552
TP1_synth_reverse		21	T	1297	68	23	47	3	30	464058	465526	0	0	0	0	0	0	3552	3552
TP1_synth_reverse		22	G	95	405	113	464735	0	9	169	465526	0	0	0	3552	0	0	0	3552
TP1_synth_reverse		23	C	412	464133	353	52	214	37	325	465526	0	3543	5	0	2	0	2	3552
TP1_synth_reverse		24	G	156	60	899	464138	1	23	249	465526	0	0	3	3549	0	0	0	3552
TP1_synth_reverse		25	G	293	301	82	464396	280	37	137	465526	3	0	1	3546	2	0	0	3552
TP1_synth_reverse		26	A	464747	11	434	70	149	5	110	465526	3545	0	6	0	1	0	0	3552
TP1_synth_reverse		27	G	45	153	1451	463091	319	64	403	465526	0	0	9	3539	4	0	0	3552
TP1_synth_reverse		28	A	464102	62	821	52	426	15	48	465526	3543	0	6	0	3	0	0	3552
TP1_synth_reverse		29	T	433	52	1156	593	5	69	463218	465526	0	0	9	0	0	0	3543	3552
TP1_synth_reverse		30	T	2047	81	998	30	618	32	461720	465526	0	0	7	0	2	0	3543	3552
TP1_synth_reverse		31	C	481	464116	743	24	35	50	64	465513	0	3545	6	0	1	0	0	3552
TP1_synth_reverse		32	T	657	110	655	59	0	1	464025	465507	0	1	4	0	0	0	3547	3552
TP1_synth_reverse		33	C	524	463516	1207	18	2	25	54	465346	0	3545	7	0	0	0	0	3552
TP1_synth_reverse		34	T	1898	213	792	1313	2	63	461051	465332	0	1	4	0	0	0	3547	3552
TP1_synth_reverse		35	T	2228	54	949	229	323	27	461303	465113	0	0	8	0	2	0	3542	3552
TP1_synth_reverse		36	C	366	436314	28243	58	3	47	80	465111	0	3365	187	0	0	0	0	3552
TP1_synth_reverse		37	C	279	462931	1163	291	1	25	331	465021	0	3542	9	0	0	0	1	3552
TP1_synth_reverse		38	T	1324	36	2011	50	1	12	461404	464838	0	0	13	0	0	0	3539	3552
TP1_synth_reverse		39	C	215	461558	2625	98	1	18	284	464799	0	3529	20	0	0	0	3	3552
TP1_synth_reverse		40	T	1164	331	2539	88	1	101	460625	464849	0	1	17	0	0	0	3534	3552
TP1_synth_reverse		41	G	85	875	2025	459591	0	35	2223	464834	0	1	16	3535	0	0	0	3552
TP1_synth_reverse		42	T	2208	52	1474	96	102	34	460688	464654	0	0	15	0	1	0	3536	3552
TP1_synth_reverse		43	G	81	234	1386	460863	1	52	2440	465057	0	0	12	3542	0	0	0	3554
TP1_synth_reverse		44	C	408	462892	1307	24	33	10	772	465446	0	3541	12	0	0	0	2	3555
TP1_synth_reverse		45	G	128	107	1056	461224	367	19	2540	465441	0	0	11	3543	1	0	0	3555
TP1_synth_reverse		46	C	656	463626	1003	115	1	19	62	465482	0	3545	10	0	0	0	0	3555
TP1_synth_reverse		47	C	213	463714	1192	37	139	7	179	465481	0	3542	11	0	2	0	0	3555
TP1_synth_reverse		48	G	119	950	1239	460744	1	15	2490	465558	0	0	12	3544	0	0	0	3556
TP1_synth_reverse		49	A	463800	28	1290	28	0	9	83	465238	3582	0	13	0	0	0	0	3595
TP1_synth_reverse		50	T	2381	45	629	13	0	42	462118	465228	0	0	5	0	0	0	3590	3595
TP1_synth_reverse		51	A	464742	29	786	43	0	45	86	465731	3591	0	6	0	0	0	0	3597
TP1_synth_reverse		52	C	380	463355	1523	49	0	43	639	465989	0	3584	9	0	0	0	5	3598
TP1_synth_reverse		53	A	464761	17	882	105	113	22	86	465986	3592	0	5	0	1	0	0	3598
TP1_synth_reverse		54	G	215	329	800	463689	4	59	896	465992	0	0	5	3593	0	0	0	3598
TP1_synth_reverse		55	A	463879	452	1519	37	0	53	51	465991	3587	2	9	0	0	0	0	3598
TP1_synth_reverse		56	A	465343	7	715	42	0	42	97	466246	3596	0	4	0	0	0	0	3600
TP1_synth_reverse		57	T	2862	38	953	136	45	12	462180	466226	0	0	5	0	0	0	3595	3600
TP1_synth_reverse		58	A	465057	3	953	99	0	39	87	466238	3595	0	5	0	0	0	0	3600
TP1_synth_reverse		59	T	1109	30	1403	121	0	38	463699	466400	0	0	9	0	0	0	3592	3601
TP1_synth_reverse		60	C	1634	464571	1097	63	0	66	59	467490	0	3598	7	0	0	0	0	3605
TP1_synth_reverse		61	T	812	49	1001	690	36	80	464575	467243	0	0	6	0	1	0	3599	3606
TP1_synth_reverse		62	G	322	203	1687	463997	245	58	716	467228	0	0	11	3592	1	0	2	3606
TP1_synth_reverse		63	T	3850	36	1992	30	1	17	461289	467215	0	0	11	0	0	0	3595	3606
TP1_synth_reverse		64	T	1754	119	1737	133	1	34	463443	467221	0	1	9	0	0	0	3596	3606
TP1_synth_reverse		65	C	489	464597	1978	21	0	41	90	467216	0	3598	8	0	0	0	0	3606
TP1_synth_reverse		66	G	807	279	1288	463947	1	31	862	467215	0	0	7	3599	0	0	0	3606
TP1_synth_reverse		67	C	696	464750	1361	11	469	54	61	467402	0	3600	5	0	2	0	0	3607
TP1_synth_reverse		68	A	465653	444	1115	120	3	56	34	467425	3603	0	5	0	0	0	0	3608
TP1_synth_reverse		69	C	85	465786	823	40	139	32	593	467498	0	3603	3	0	1	0	2	3609
TP1_synth_reverse		70	T	837	57	640	866	1	68	465116	467585	0	0	1	1	0	0	3608	3610
TP1_synth_reverse		71	C	220	465787	1406	42	0	45	81	467581	0	3606	4	0	0	0	0	3610
TP1_synth_reverse		72	C	548	466273	438	41	65	55	150	467570	0	3606	2	0	1	0	1	3610
TP1_synth_reverse		73	G	460	256	717	465924	45	52	106	467560	0	0	5	3605	0	0	0	3610
TP1_synth_reverse		74	A	466275	141	745	209	10	51	18	467449	3606	0	3	1	0	0	0	3610
TP1_synth_reverse		75	G	313	166	1451	465406	1	33	57	467427	0	0	4	3606	0	0	0	3610
TP1_synth_reverse		76	T	4599	54	311	49	20	74	462193	467300	0	0	2	0	0	0	3608	3610
TP1_synth_reverse		77	G	129	274	836	465343	0	48	651	467281	0	0	5	3605	0	0	0	3610
TP1_synth_reverse		78	C	177	464519	1056	475	268	106	674	467275	0	3603	4	1	2	0	0	3610
TP1_synth_reverse		79	G	141	783	1759	463492	0	53	999	467227	0	0	6	3604	0	0	0	3610
TP1_synth_reverse		80	G	108	162	1217	464940	130	102	546	467205	0	0	6	3603	1	0	0	3610
TP1_synth_reverse		81	C	181	465458	1287	24	16	123	104	467193	0	3605	5	0	0	0	0	3610
TP1_synth_reverse		82	A	456575	23	1626	70	0	59	141	458494	3561	0	5	0	0	0	0	3566
TP1_synth_reverse		83	A	457916	17	381	50	0	37	90	458491	3564	0	2	0	0	0	0	3566
TP1_synth_reverse		84	A	458231	46	0	62	0	42	79	458460	3566	0	0	0	0	0	0	3566
TP1_synth_reverse		85	G	71	149	217	456877	238	15	759	458326	0	0	1	3564	1	0	0	3566
TP1_synth_reverse		86	C	178	457948	7	83	1	16	49	458282	0	3565	0	1	0	0	0	3566
TP1_synth_reverse		87	T	1639	75	38	32	1	68	456370	458223	0	0	0	0	0	0	3566	3566
TP1_synth_reverse		88	G	358	266	28	457417	2	21	102	458194	0	0	0	3566	0	0	0	3566
TP1_synth_reverse		89	T	685	49	541	15	0	43	456832	458165	0	0	0	0	0	0	3566	3566
TP1_synth_reverse		90	T	785	52	0	20	1	70	457026	457954	0	0	0	0	0	0	3566	3566
TP1_synth_reverse		91	C	293	457495	0	29	0	18	71	457906	0	3566	0	0	0	0	0	3566
TP1_synth_reverse		92	C	384	456727	0	20	0	47	136	457314	0	3566	0	0	0	0	0	3566
TP1_synth_reverse		93	G	531	153	0	456151	0	16	65	456916	0	0	0	3566	0	0	0	3566
TP1_synth_reverse		94	T	798	77	0	34	0	49	455826	456784	0	0	0	0	0	0	3565	3565
TP1_synth_reverse		95	C	0	456047	0	0	0	61	0	456108	0	3565	0	0	0	0	0	3565
TP1_synth_reverse		96	C	0	455751	0	0	0	6	0	455757	0	3565	0	0	0	0	0	3565
TP1_synth_reverse		97	C	0	454886	0	0	0	5	0	454891	0	3565	0	0	0	0	0	3565
TP1_synth_reverse		98	A	452982	0	0	0	0	0	0	452982	3565	0	0	0	0	0	0	3565
TP1_synth_reverse		99	G	0	0	0	452450	0	0	0	452450	0	0	0	3565	0	0	0	3565
