



























































































































































































































#AmpliconChromStart	Alias	Position	ProbableRef	rawA	rawC	rawD	rawG	rawI	rawN	rawT	rawDepth	consA	consC	consD	consG	consI	consN	consT	consDepth	
TP1_synth_forward		5	T	0	0	0	0	0	0	153	153	0	0	0	0	0	0	137	137
TP1_synth_forward		6	G	0	0	0	455	0	0	0	455	0	0	0	332	0	0	0	332
TP1_synth_forward		7	A	482	0	0	0	0	1	0	483	350	0	0	0	0	1	0	351
TP1_synth_forward		8	G	0	0	0	658	0	0	0	658	0	0	0	374	0	0	0	374
TP1_synth_forward		9	G	0	0	0	908	0	0	0	908	0	0	0	393	0	0	0	393
TP1_synth_forward		10	C	2	906	0	0	0	0	0	908	2	391	0	0	0	0	0	393
TP1_synth_forward		11	T	6	0	0	1	0	0	974	981	6	0	0	1	0	0	398	405
TP1_synth_forward		12	C	1	980	0	0	0	0	0	981	1	404	0	0	0	0	0	405
TP1_synth_forward		13	C	9	1002	0	0	0	1	0	1012	7	417	0	0	0	0	0	424
TP1_synth_forward		14	C	10	1001	0	0	0	0	1	1012	9	415	0	0	0	0	0	424
TP1_synth_forward		15	C	4	1008	0	0	0	0	0	1012	2	422	0	0	0	0	0	424
TP1_synth_forward		16	T	16	0	70	0	0	0	926	1012	12	0	3	0	0	0	409	424
TP1_synth_forward		17	T	39	0	1	0	0	1	976	1017	29	0	1	0	0	0	397	427
TP1_synth_forward		18	T	7	0	1	0	0	0	1051	1059	5	0	1	0	0	0	462	468
TP1_synth_forward		19	A	1673	0	4	0	0	0	0	1677	1031	0	2	0	0	0	0	1033
TP1_synth_forward		20	T	9	1	2	0	0	0	1665	1677	4	1	1	0	0	0	1027	1033
TP1_synth_forward		21	A	1691	0	1	0	0	0	2	1694	1041	0	0	0	0	0	2	1043
TP1_synth_forward		22	C	3	1690	1	0	0	0	0	1694	3	1039	1	0	0	0	0	1043
TP1_synth_forward		23	A	1694	0	0	0	0	0	0	1694	1043	0	0	0	0	0	0	1043
TP1_synth_forward		24	G	2	13	0	1677	0	0	2	1694	2	7	0	1032	0	0	2	1043
TP1_synth_forward		25	A	1702	0	2	0	0	0	0	1704	1045	0	2	0	0	0	0	1047
TP1_synth_forward		26	A	1703	0	0	0	0	0	1	1704	1046	0	0	0	0	0	1	1047
TP1_synth_forward		27	T	17	0	0	1	1	0	1685	1704	6	0	0	1	1	0	1039	1047
TP1_synth_forward		28	A	1700	0	3	0	0	0	1	1704	1044	0	3	0	0	0	0	1047
TP1_synth_forward		29	T	8	0	4	2	0	0	1690	1704	7	0	3	2	0	0	1035	1047
TP1_synth_forward		30	C	3	1698	3	0	0	0	0	1704	2	1042	3	0	0	0	0	1047
TP1_synth_forward		31	T	17	0	2	0	0	0	1685	1704	13	0	2	0	0	0	1032	1047
TP1_synth_forward		32	G	1	23	4	1746	0	1	2	1777	1	19	2	1027	0	0	2	1051
TP1_synth_forward		33	T	34	0	2	1	0	1	1905	1943	31	0	1	1	0	0	1037	1070
TP1_synth_forward		34	T	20	0	1	3	0	0	1919	1943	12	0	1	3	0	0	1054	1070
TP1_synth_forward		35	C	2	1937	3	1	0	0	0	1943	2	1064	3	1	0	0	0	1070
TP1_synth_forward		36	G	1	12	5	1894	0	1	30	1943	0	11	4	1035	0	0	20	1070
TP1_synth_forward		37	C	7	1931	4	1	0	0	0	1943	6	1060	3	1	0	0	0	1070
TP1_synth_forward		38	A	1936	2	4	0	0	0	1	1943	1066	2	2	0	0	0	0	1070
TP1_synth_forward		39	C	7	1741	193	0	0	0	1	1942	5	1056	8	0	0	0	1	1070
TP1_synth_forward		40	T	22	0	192	7	0	0	1762	1983	15	0	7	6	0	0	1056	1084
TP1_synth_forward		41	C	6	1807	196	2	0	0	0	2011	5	1079	11	2	0	0	0	1097
TP1_synth_forward		42	C	3	1851	192	1	0	0	0	2047	2	1095	7	1	0	0	0	1105
TP1_synth_forward		43	G	1	10	198	1803	0	0	35	2047	1	9	10	1059	0	0	26	1105
TP1_synth_forward		44	A	1853	0	193	0	0	1	0	2047	1097	0	8	0	0	0	0	1105
TP1_synth_forward		45	G	1	5	194	1818	0	0	29	2047	0	3	9	1072	0	0	21	1105
TP1_synth_forward		46	T	28	0	5	0	0	1	2075	2109	19	0	5	0	0	0	1091	1115
TP1_synth_forward		47	G	0	4	6	2058	0	0	41	2109	0	1	2	1088	0	0	24	1115
TP1_synth_forward		48	C	10	2094	4	0	0	0	0	2108	5	1109	1	0	0	0	0	1115
TP1_synth_forward		49	G	1	4	8	2071	1	0	49	2134	1	2	6	1080	1	0	32	1122
TP1_synth_forward		50	G	2	8	2	2096	0	0	24	2132	0	4	2	1102	0	0	12	1120
TP1_synth_forward		51	C	4	2721	5	1	0	0	3	2734	1	1168	5	1	0	0	0	1175
TP1_synth_forward		52	T	12	0	80	3	0	1	1985	2081	6	0	8	2	0	0	559	575
TP1_synth_forward		53	T	23	0	0	2	3	1	2251	2280	14	0	0	2	2	0	589	607
TP1_synth_forward		54	G	7	6	6	2245	0	0	16	2280	1	4	3	589	0	0	10	607
TP1_synth_forward		55	C	8	2265	6	0	0	0	1	2280	3	600	3	0	0	0	1	607
TP1_synth_forward		56	G	6	6	3	2229	0	0	36	2280	1	3	2	579	0	0	22	607
TP1_synth_forward		57	G	14	2	2	2425	0	0	9	2452	7	1	1	611	0	0	5	625
TP1_synth_forward		58	A	2531	0	1	2	0	0	1	2535	627	0	0	1	0	0	1	629
TP1_synth_forward		59	G	17	3	2	2509	0	0	4	2535	9	3	1	614	0	0	2	629
TP1_synth_forward		60	A	2691	1	1	1	0	0	0	2694	634	0	1	0	0	0	0	635
TP1_synth_forward		61	T	12	0	6	3	0	0	2755	2776	5	0	5	3	0	0	631	644
TP1_synth_forward		62	T	5	0	3	0	0	1	2767	2776	4	0	3	0	0	0	637	644
TP1_synth_forward		63	C	9	2944	5	0	0	0	0	2958	8	648	4	0	0	0	0	660
TP1_synth_forward		64	T	19	1	3	0	0	0	2953	2976	11	1	2	0	0	0	647	661
TP1_synth_forward		65	C	11	2959	3	1	0	1	1	2976	5	652	2	1	0	0	1	661
TP1_synth_forward		66	T	11	0	5	0	0	0	2981	2997	6	0	4	0	0	0	655	665
TP1_synth_forward		67	T	16	0	1	3	0	1	3011	3032	8	0	0	1	0	0	667	676
TP1_synth_forward		68	C	6	3024	1	0	0	0	1	3032	4	671	1	0	0	0	0	676
TP1_synth_forward		69	C	8	3185	1	4	0	0	0	3198	3	686	1	3	0	0	0	693
TP1_synth_forward		70	T	6	0	1	1	0	0	3190	3198	2	0	1	1	0	0	689	693
TP1_synth_forward		71	C	3	3204	1	0	0	0	0	3208	3	694	1	0	0	0	0	698
TP1_synth_forward		72	T	11	0	0	2	0	0	3195	3208	4	0	0	0	0	0	694	698
TP1_synth_forward		73	G	6	3	4	3191	0	0	4	3208	5	1	3	686	0	0	3	698
TP1_synth_forward		74	T	11	1	2	1	0	0	3192	3207	7	0	2	1	0	0	687	697
TP1_synth_forward		75	G	7	2	197	2995	0	0	6	3207	7	1	31	653	0	0	5	697
TP1_synth_forward		76	C	6	3005	194	0	1	0	1	3207	6	661	29	0	0	0	1	697
TP1_synth_forward		77	G	10	0	3	2983	0	0	211	3207	5	0	2	644	0	0	46	697
TP1_synth_forward		78	C	6	3068	6	0	0	1	126	3207	6	678	4	0	0	0	9	697
TP1_synth_forward		79	C	5	3202	0	0	0	0	0	3207	4	693	0	0	0	0	0	697
TP1_synth_forward		80	G	4	1	1	3184	0	0	16	3206	3	1	0	678	0	0	14	696
TP1_synth_forward		81	C	3	2597	1	0	0	0	0	2601	1	637	0	0	0	0	0	638
TP1_synth_forward		82	A	2593	0	2	1	0	0	5	2601	637	0	1	0	0	0	0	638
TP1_synth_forward		83	A	2591	1	1	2	0	0	6	2601	637	0	1	0	0	0	0	638
TP1_synth_forward		84	A	2595	0	0	0	0	0	6	2601	638	0	0	0	0	0	0	638
TP1_synth_forward		85	G	2	3	0	2583	2	0	9	2599	1	2	0	628	0	0	6	637
TP1_synth_forward		86	C	7	2591	0	0	0	0	0	2598	4	632	0	0	0	0	0	636
TP1_synth_forward		87	T	26	0	0	0	0	1	2571	2598	12	0	0	0	0	0	624	636
TP1_synth_forward		88	G	0	6	0	2590	0	0	2	2598	0	3	0	631	0	0	2	636
TP1_synth_forward		89	T	11	0	1	1	0	0	2583	2596	7	0	1	1	0	0	626	635
TP1_synth_forward		90	T	10	0	0	3	0	0	2583	2596	7	0	0	0	0	0	628	635
TP1_synth_forward		91	C	5	2587	1	1	0	0	1	2595	1	632	1	0	0	0	0	634
TP1_synth_forward		92	C	5	2588	0	0	0	0	0	2593	2	631	0	0	0	0	0	633
TP1_synth_forward		93	G	1	3	0	2586	0	0	0	2590	1	1	0	630	0	0	0	632
TP1_synth_forward		94	T	8	0	0	4	0	0	2575	2587	4	0	0	2	0	0	625	631
TP1_synth_forward		95	C	0	2587	0	0	0	0	0	2587	0	631	0	0	0	0	0	631
TP1_synth_forward		96	C	0	2582	0	0	0	0	0	2582	0	630	0	0	0	0	0	630
TP1_synth_forward		97	C	0	2574	0	0	0	0	0	2574	0	627	0	0	0	0	0	627
TP1_synth_forward		98	A	2566	0	0	0	0	0	0	2566	626	0	0	0	0	0	0	626
TP1_synth_forward		99	G	0	0	0	2562	0	0	0	2562	0	0	0	624	0	0	0	624
TP1_synth_forward		100	T	0	0	0	0	0	0	2544	2544	0	0	0	0	0	0	622	622
TP1_synth_forward	TP1_synth_forward	1	G	0	0	0	371935	0	0	0	371935	0	0	0	30191	0	0	0	30191
TP1_synth_forward	TP1_synth_forward	2	T	0	0	0	0	0	0	372543	372543	0	0	0	0	0	0	30391	30391
TP1_synth_forward	TP1_synth_forward	3	G	0	0	0	373511	0	10	0	373521	0	0	0	30686	0	1	0	30687
TP1_synth_forward	TP1_synth_forward	4	G	0	0	0	373810	0	17	0	373827	0	0	0	30871	0	1	0	30872
TP1_synth_forward	TP1_synth_forward	5	T	0	0	0	0	0	30	373797	373827	0	0	0	0	0	4	30868	30872
TP1_synth_forward	TP1_synth_forward	6	G	61	34	0	373560	0	59	113	373827	0	4	0	30837	0	24	7	30872
TP1_synth_forward	TP1_synth_forward	7	A	373691	5	0	51	0	23	57	373827	30846	1	0	4	0	17	4	30872
TP1_synth_forward	TP1_synth_forward	8	G	62	24	0	373512	0	171	58	373827	8	3	0	30803	0	47	11	30872
TP1_synth_forward	TP1_synth_forward	9	G	55	45	0	373568	0	24	135	373827	4	7	0	30841	0	6	14	30872
TP1_synth_forward	TP1_synth_forward	10	C	81	373531	72	16	61	4	62	373827	20	30845	1	0	4	1	1	30872
TP1_synth_forward	TP1_synth_forward	11	T	104	62	85	11	57	22	373486	373827	19	3	5	0	1	7	30837	30872
TP1_synth_forward	TP1_synth_forward	12	C	86	370018	3620	9	0	34	60	373827	23	30680	145	1	0	20	3	30872
TP1_synth_forward	TP1_synth_forward	13	C	126	373501	1	10	0	132	57	373827	28	30813	0	0	0	27	4	30872
TP1_synth_forward	TP1_synth_forward	14	C	123	373584	0	9	0	48	63	373827	15	30837	0	0	0	17	3	30872
TP1_synth_forward	TP1_synth_forward	15	C	75	373260	358	2	78	9	45	373827	18	30833	15	0	3	2	1	30872
TP1_synth_forward	TP1_synth_forward	16	T	206	24	4424	3	0	14	369156	373827	50	1	331	0	0	6	30484	30872
TP1_synth_forward	TP1_synth_forward	17	T	191	127	732	6	1	4	372766	373827	43	7	27	2	0	1	30792	30872
TP1_synth_forward	TP1_synth_forward	18	T	479	25	730	5	3	9	372576	373827	45	0	35	0	3	3	30786	30872
TP1_synth_forward	TP1_synth_forward	19	A	371000	3	2447	34	0	51	292	373827	30687	1	159	2	0	12	11	30872
TP1_synth_forward	TP1_synth_forward	20	T	209	49	1065	21	1	58	372424	373827	36	3	94	0	1	7	30731	30872
TP1_synth_forward	TP1_synth_forward	21	A	372634	3	790	44	184	21	151	373827	30773	0	72	2	7	3	15	30872
TP1_synth_forward	TP1_synth_forward	22	C	585	371398	1719	39	1	15	70	373827	45	30716	104	3	1	2	1	30872
TP1_synth_forward	TP1_synth_forward	23	A	372206	12	1280	230	3	23	73	373827	30758	1	95	3	3	10	2	30872
TP1_synth_forward	TP1_synth_forward	24	G	219	45	1259	372137	1	24	142	373827	23	17	96	30704	1	12	19	30872
TP1_synth_forward	TP1_synth_forward	25	A	371166	10	2508	62	0	42	39	373827	30643	1	218	3	0	5	2	30872
TP1_synth_forward	TP1_synth_forward	26	A	372971	3	659	53	72	5	64	373827	30815	0	41	4	8	2	2	30872
TP1_synth_forward	TP1_synth_forward	27	T	811	32	2096	25	1	42	370820	373827	120	2	111	1	0	28	30610	30872
TP1_synth_forward	TP1_synth_forward	28	A	370756	4	2934	26	33	22	52	373827	30668	1	187	1	3	11	1	30872
TP1_synth_forward	TP1_synth_forward	29	T	228	84	2984	101	0	49	370381	373827	55	12	212	14	0	22	30557	30872
TP1_synth_forward	TP1_synth_forward	30	C	313	370036	3388	10	0	33	47	373827	88	30554	215	1	0	13	1	30872
TP1_synth_forward	TP1_synth_forward	31	T	781	36	2406	79	157	39	370206	373704	280	4	182	3	5	15	30282	30771
TP1_synth_forward	TP1_synth_forward	32	G	121	291	3567	368894	0	8	792	373673	18	92	235	30290	0	4	114	30753
TP1_synth_forward	TP1_synth_forward	33	T	1626	38	2376	230	1	15	369195	373481	471	4	185	18	1	11	30052	30742
TP1_synth_forward	TP1_synth_forward	34	T	862	38	1417	271	0	33	370845	373466	138	3	98	44	0	17	30432	30732
TP1_synth_forward	TP1_synth_forward	35	C	544	369204	2934	215	236	22	257	373412	140	30323	216	18	11	4	9	30721
TP1_synth_forward	TP1_synth_forward	36	G	81	401	2282	368358	0	50	2046	373218	4	164	163	30038	0	27	315	30711
TP1_synth_forward	TP1_synth_forward	37	C	127	370358	2567	35	1	20	95	373203	29	30496	163	5	0	5	3	30701
TP1_synth_forward	TP1_synth_forward	38	A	369931	402	2522	81	1	15	247	373199	30451	21	185	7	0	5	30	30699
TP1_synth_forward	TP1_synth_forward	39	C	371	369744	2363	71	34	20	583	373186	40	30401	167	10	8	11	52	30689
TP1_synth_forward	TP1_synth_forward	40	T	477	303	1921	174	49	80	370117	373121	104	14	133	21	11	35	30349	30667
TP1_synth_forward	TP1_synth_forward	41	C	203	369319	3084	113	2	25	143	372889	55	30382	187	5	0	17	12	30658
TP1_synth_forward	TP1_synth_forward	42	C	315	370743	1643	40	2	36	87	372866	111	30392	109	12	1	14	4	30643
TP1_synth_forward	TP1_synth_forward	43	G	501	238	3435	366201	0	48	2179	372602	32	63	200	29955	0	7	353	30610
TP1_synth_forward	TP1_synth_forward	44	A	369946	60	2322	63	150	14	43	372598	30417	12	154	6	8	3	7	30607
TP1_synth_forward	TP1_synth_forward	45	G	79	119	3242	366692	78	13	2349	372572	7	34	229	29980	1	0	339	30590
TP1_synth_forward	TP1_synth_forward	46	T	1194	37	2743	237	1	20	368318	372550	338	0	182	21	1	8	30026	30576
TP1_synth_forward	TP1_synth_forward	47	G	194	321	3359	366037	8	7	2604	372530	13	168	219	29828	5	3	326	30562
TP1_synth_forward	TP1_synth_forward	48	C	161	369307	2488	110	4	14	445	372529	41	30276	198	5	4	2	35	30561
TP1_synth_forward	TP1_synth_forward	49	G	386	83	3136	366638	7	12	2221	372483	32	42	232	29742	4	6	490	30548
TP1_synth_forward	TP1_synth_forward	50	G	196	138	1711	369386	0	23	990	372444	28	51	110	30061	0	6	276	30532
TP1_synth_forward	TP1_synth_forward	51	C	123	369038	2806	337	5	31	96	372436	35	30256	180	29	3	16	6	30525
TP1_synth_forward	TP1_synth_forward	52	T	834	34	2659	799	2	36	368064	372428	293	2	178	127	2	18	29904	30524
TP1_synth_forward	TP1_synth_forward	53	T	776	52	1659	317	198	25	369394	372421	252	4	88	37	12	22	30108	30523
TP1_synth_forward	TP1_synth_forward	54	G	132	269	3794	367337	2	57	811	372402	17	35	212	30129	0	21	101	30515
TP1_synth_forward	TP1_synth_forward	55	C	178	368878	2997	103	1	46	187	372390	56	30249	176	4	1	6	17	30509
TP1_synth_forward	TP1_synth_forward	56	G	203	231	3543	366814	2	36	1555	372384	37	23	233	29781	0	4	428	30506
TP1_synth_forward	TP1_synth_forward	57	G	337	45	1686	369867	0	7	408	372350	74	13	112	30205	0	2	83	30489
TP1_synth_forward	TP1_synth_forward	58	A	369749	13	2264	187	2	38	82	372335	30305	1	153	11	1	4	7	30482
TP1_synth_forward	TP1_synth_forward	59	G	683	163	2125	368990	0	42	308	372311	144	49	131	30061	0	28	56	30469
TP1_synth_forward	TP1_synth_forward	60	A	369233	77	2612	188	81	63	49	372303	30261	4	155	18	5	19	5	30467
TP1_synth_forward	TP1_synth_forward	61	T	312	31	3558	182	0	62	367941	372086	77	3	208	37	0	9	30118	30452
TP1_synth_forward	TP1_synth_forward	62	T	789	189	2083	47	77	50	368827	372062	144	15	135	6	9	19	30115	30443
TP1_synth_forward	TP1_synth_forward	63	C	655	368651	2427	26	1	22	201	371983	157	30084	174	5	1	2	8	30431
TP1_synth_forward	TP1_synth_forward	64	T	1650	176	2735	164	0	36	367121	371882	222	14	207	21	0	22	29930	30416
TP1_synth_forward	TP1_synth_forward	65	C	415	368373	2492	49	132	33	377	371871	56	30119	182	3	10	12	25	30407
TP1_synth_forward	TP1_synth_forward	66	T	1246	53	2997	140	3	30	367397	371866	195	6	211	19	1	8	29965	30405
TP1_synth_forward	TP1_synth_forward	67	T	1682	521	1411	79	0	54	368099	371846	452	42	101	7	0	41	29755	30398
TP1_synth_forward	TP1_synth_forward	68	C	578	368785	2348	27	0	46	61	371845	105	30094	165	3	0	28	3	30398
TP1_synth_forward	TP1_synth_forward	69	C	214	369876	1428	86	0	29	205	371838	45	30232	91	6	0	8	11	30393
TP1_synth_forward	TP1_synth_forward	70	T	349	187	2160	159	0	46	368927	371828	89	12	128	7	0	11	30140	30387
TP1_synth_forward	TP1_synth_forward	71	C	114	369584	1887	93	0	40	107	371825	16	30214	124	7	0	19	5	30385
TP1_synth_forward	TP1_synth_forward	72	T	1298	37	1395	220	2	53	368816	371821	328	5	103	22	1	30	29893	30382
TP1_synth_forward	TP1_synth_forward	73	G	436	181	2351	368648	1	58	140	371815	54	54	189	30037	0	16	30	30380
TP1_synth_forward	TP1_synth_forward	74	T	671	47	1854	216	87	44	368890	371809	186	1	117	19	5	10	30040	30378
TP1_synth_forward	TP1_synth_forward	75	G	416	98	3477	367439	0	23	349	371802	50	26	228	30030	0	9	28	30371
TP1_synth_forward	TP1_synth_forward	76	C	277	367963	2135	406	326	54	639	371800	79	30058	153	25	11	10	34	30370
TP1_synth_forward	TP1_synth_forward	77	G	450	300	1106	369000	1	42	893	371792	33	32	100	30079	0	8	111	30363
TP1_synth_forward	TP1_synth_forward	78	C	87	369106	2359	18	0	82	139	371791	11	30180	122	1	0	35	13	30362
TP1_synth_forward	TP1_synth_forward	79	C	85	370503	411	189	251	50	93	371582	11	30235	32	15	19	32	4	30348
TP1_synth_forward	TP1_synth_forward	80	G	882	467	1820	367423	0	79	891	371562	67	70	104	30002	0	23	74	30340
TP1_synth_forward	TP1_synth_forward	81	C	168	369606	1588	4	6	117	66	371555	8	30222	70	1	2	29	3	30335
TP1_synth_forward	TP1_synth_forward	82	A	369719	14	1659	44	0	56	61	371553	30182	5	112	3	0	28	3	30333
TP1_synth_forward	TP1_synth_forward	83	A	370976	13	280	166	0	33	84	371552	30276	1	26	15	0	7	8	30333
TP1_synth_forward	TP1_synth_forward	84	A	371339	16	24	64	0	41	51	371535	30309	0	6	7	0	4	3	30329
TP1_synth_forward	TP1_synth_forward	85	G	74	128	465	369877	270	18	646	371478	13	29	21	30123	7	2	111	30306
TP1_synth_forward	TP1_synth_forward	86	C	136	371139	62	17	1	20	82	371457	28	30258	3	1	0	7	3	30300
TP1_synth_forward	TP1_synth_forward	87	T	1542	35	3	18	0	54	369749	371401	242	2	0	1	0	27	30010	30282
TP1_synth_forward	TP1_synth_forward	88	G	118	145	120	370655	65	22	93	371218	8	18	6	30205	2	13	20	30272
TP1_synth_forward	TP1_synth_forward	89	T	438	39	110	13	0	39	370448	371087	49	2	6	0	0	22	30187	30266
TP1_synth_forward	TP1_synth_forward	90	T	603	57	0	19	152	63	370163	371057	99	1	0	4	5	25	30121	30255
TP1_synth_forward	TP1_synth_forward	91	C	272	370445	171	38	0	19	78	371023	37	30185	5	3	0	8	6	30244
TP1_synth_forward	TP1_synth_forward	92	C	141	370678	0	15	0	38	96	370968	5	30207	0	0	0	22	6	30240
TP1_synth_forward	TP1_synth_forward	93	G	253	129	0	370123	0	13	53	370571	24	37	0	30137	0	9	10	30217
TP1_synth_forward	TP1_synth_forward	94	T	651	39	0	35	0	37	369630	370392	92	4	0	5	0	18	30072	30191
TP1_synth_forward	TP1_synth_forward	95	C	71	370159	0	29	0	40	68	370367	6	30156	0	1	0	21	1	30185
TP1_synth_forward	TP1_synth_forward	96	C	0	369817	0	0	0	18	0	369835	0	30157	0	0	0	7	0	30164
TP1_synth_forward	TP1_synth_forward	97	C	0	368694	0	0	0	2	0	368696	0	30102	0	0	0	0	0	30102
TP1_synth_forward	TP1_synth_forward	98	A	366895	0	0	0	0	24	0	366919	29994	0	0	0	0	12	0	30006
TP1_synth_forward	TP1_synth_forward	99	G	0	0	0	366220	0	0	0	366220	0	0	0	29946	0	0	0	29946
TP1_synth_forward	TP1_synth_forward	100	T	0	0	0	0	0	0	365186	365186	0	0	0	0	0	0	29835	29835
