



























































































































































































































#AmpliconChromStart	Alias	Position	ProbableRef	rawA	rawC	rawD	rawG	rawI	rawN	rawT	rawDepth	consA	consC	consD	consG	consI	consN	consT	consDepth	
TP1_synth_reverse		1	G	0	0	0	725426	0	0	0	725426	0	0	0	49469	0	0	0	49469
TP1_synth_reverse		2	T	0	0	0	0	0	0	726828	726828	0	0	0	0	0	0	49919	49919
TP1_synth_reverse		3	G	0	0	0	730117	0	124	0	730241	0	0	0	50618	0	43	0	50661
TP1_synth_reverse		4	G	0	0	0	731281	0	66	0	731347	0	0	0	51082	0	11	0	51093
TP1_synth_reverse		5	T	0	0	0	0	0	184	731630	731814	0	0	0	0	0	65	51412	51477
TP1_synth_reverse		6	G	117	80	0	732575	0	37	460	733269	6	12	0	52032	0	20	33	52103
TP1_synth_reverse		7	A	733150	22	0	78	0	14	100	733364	52167	1	0	3	0	1	6	52178
TP1_synth_reverse		8	G	98	81	0	733960	0	89	93	734321	6	14	0	52177	0	3	26	52226
TP1_synth_reverse		9	G	126	152	0	734036	0	12	129	734455	8	42	0	52191	0	2	29	52272
TP1_synth_reverse		10	C	310	733960	5	30	2	17	131	734455	78	52181	3	2	2	2	4	52272
TP1_synth_reverse		11	T	380	138	57	23	10	60	733820	734488	127	4	6	4	2	35	52125	52303
TP1_synth_reverse		12	C	329	733085	779	18	0	88	189	734488	114	52089	54	2	0	35	9	52303
TP1_synth_reverse		13	C	448	733750	1	30	0	131	128	734488	104	52144	0	3	0	43	9	52303
TP1_synth_reverse		14	C	360	733927	0	31	0	48	138	734504	81	52227	0	2	0	2	5	52317
TP1_synth_reverse		15	C	324	733927	1	54	4	63	131	734504	83	52192	1	5	2	26	8	52317
TP1_synth_reverse		16	T	705	72	750	29	2	32	732914	734504	251	2	56	5	1	7	51995	52317
TP1_synth_reverse		17	T	809	95	1	32	0	210	733357	734504	308	3	1	4	0	100	51901	52317
TP1_synth_reverse		18	T	622	143	1	23	192	112	733411	734504	187	21	1	2	9	45	52052	52317
TP1_synth_reverse		19	C	597	735563	7	46	1165	118	100	737596	273	52485	5	5	41	42	5	52856
TP1_synth_reverse		20	T	752	75	250	69	5	66	736379	737596	276	7	41	11	1	17	52503	52856
TP1_synth_reverse		21	T	2608	126	143	84	384	177	734074	737596	1018	3	22	9	25	18	51761	52856
TP1_synth_reverse		22	G	157	857	224	735929	3	128	298	737596	22	471	43	52221	1	9	89	52856
TP1_synth_reverse		23	C	954	735998	195	82	8	95	307	737639	349	52422	20	6	7	45	24	52873
TP1_synth_reverse		24	G	243	182	474	735981	1	72	686	737639	22	70	42	52615	0	28	96	52873
TP1_synth_reverse		25	G	251	542	180	735980	130	86	470	737639	67	277	22	52407	9	6	85	52873
TP1_synth_reverse		26	A	737034	20	186	145	4	120	130	737639	52816	4	23	7	3	14	6	52873
TP1_synth_reverse		27	G	98	219	183	735423	647	82	987	737639	6	76	25	52296	39	32	399	52873
TP1_synth_reverse		28	A	736985	114	317	82	3	49	89	737639	52786	14	38	3	1	28	3	52873
TP1_synth_reverse		29	T	956	92	330	75	1	6	736179	737639	287	7	43	12	1	2	52521	52873
TP1_synth_reverse		30	T	3436	120	358	18	0	75	733632	737639	1247	8	54	3	0	43	51518	52873
TP1_synth_reverse		31	C	1013	735946	365	23	1	20	119	737487	422	52364	59	5	1	3	5	52859
TP1_synth_reverse		32	T	1240	86	423	47	0	59	735578	737433	344	2	59	10	0	12	52424	52851
TP1_synth_reverse		33	C	1067	735813	374	37	1	22	104	737418	495	52286	50	4	1	4	4	52844
TP1_synth_reverse		34	T	1608	135	238	88	5	22	735316	737412	419	5	32	14	2	13	52355	52840
TP1_synth_reverse		35	T	3885	107	336	72	984	45	731965	737394	1453	6	30	11	55	3	51277	52835
TP1_synth_reverse		36	C	805	735041	1346	29	5	54	109	737389	229	52490	85	8	2	10	6	52830
TP1_synth_reverse		37	C	961	735384	601	71	4	34	524	737579	269	52479	53	6	3	5	26	52841
TP1_synth_reverse		38	T	1835	61	882	52	4	102	734619	737555	661	4	61	11	3	6	52077	52823
TP1_synth_reverse		39	C	532	736200	621	52	0	33	111	737549	178	52582	48	3	0	1	8	52820
TP1_synth_reverse		40	T	2011	93	1301	17	0	28	733996	737446	527	1	90	4	0	3	52176	52801
TP1_synth_reverse		41	G	253	1837	1164	732007	0	22	2448	737731	33	807	87	51233	0	8	657	52825
TP1_synth_reverse		42	T	3299	115	1241	30	9	113	733151	737958	1274	5	94	5	9	33	51436	52856
TP1_synth_reverse		43	G	116	1692	1560	733331	2	84	1151	737936	18	518	122	51898	1	6	282	52845
TP1_synth_reverse		44	C	1747	733736	1182	93	640	119	818	738335	461	52238	89	10	19	31	56	52904
TP1_synth_reverse		45	G	205	502	691	733148	3	62	3704	738315	11	154	71	51785	0	9	866	52896
TP1_synth_reverse		46	C	1740	736050	1618	53	0	33	123	739617	739	52154	106	10	0	10	10	53029
TP1_synth_reverse		47	C	527	737976	1236	25	1	6	278	740049	164	52822	89	2	1	0	17	53095
TP1_synth_reverse		48	G	1014	1631	1725	731648	4	16	3115	739153	85	758	118	51350	3	1	738	53053
TP1_synth_reverse		49	A	736037	54	2131	57	0	61	153	738493	54921	10	144	2	0	3	4	55084
TP1_synth_reverse		50	T	3058	89	2714	23	5	24	732569	738482	667	4	166	4	3	5	54229	55078
TP1_synth_reverse		51	A	735560	57	2442	81	0	72	340	738552	54882	10	172	4	0	26	32	55126
TP1_synth_reverse		52	C	829	732192	5241	53	0	60	158	738533	387	54392	302	14	0	6	11	55112
TP1_synth_reverse		53	A	733845	36	4369	160	3	48	105	738566	54822	4	264	9	3	17	14	55133
TP1_synth_reverse		54	G	432	467	3970	733073	3	18	580	738543	66	122	225	54556	2	6	138	55115
TP1_synth_reverse		55	A	733973	190	4696	113	0	46	73	739091	54786	32	278	12	0	25	1	55134
TP1_synth_reverse		56	A	733866	19	4807	92	0	71	124	738979	54821	2	261	8	0	9	20	55121
TP1_synth_reverse		57	T	3916	51	4846	193	0	60	729880	738946	670	4	268	31	0	32	54099	55104
TP1_synth_reverse		58	A	734334	13	4784	71	2	50	123	739377	54815	4	263	4	2	23	4	55115
TP1_synth_reverse		59	T	2607	72	4255	115	0	13	732358	739420	540	4	240	21	0	2	54305	55112
TP1_synth_reverse		60	C	1815	733210	4225	106	0	47	102	739505	593	54242	260	12	0	9	9	55125
TP1_synth_reverse		61	T	1940	99	5414	787	1	20	731525	739786	416	8	296	76	1	5	54332	55134
TP1_synth_reverse		62	G	957	365	7152	730336	298	114	1516	740738	198	94	310	54086	17	28	464	55197
TP1_synth_reverse		63	T	5294	85	4858	42	3	21	730479	740782	1669	6	212	4	1	0	53306	55198
TP1_synth_reverse		64	T	3013	68	3595	92	3	81	733306	740158	535	1	176	17	1	2	54448	55180
TP1_synth_reverse		65	C	801	736224	2833	67	0	114	171	740210	201	54807	150	3	0	15	9	55185
TP1_synth_reverse		66	G	632	473	2278	736366	3	61	924	740737	135	122	143	54392	3	37	381	55213
TP1_synth_reverse		67	C	1281	737761	1554	27	84	154	134	740995	532	54507	112	5	10	48	8	55222
TP1_synth_reverse		68	A	739183	862	610	147	3	139	112	741056	55058	109	32	7	1	16	17	55240
TP1_synth_reverse		69	C	416	739801	1697	39	1	85	232	742271	74	55103	114	4	1	44	11	55351
TP1_synth_reverse		70	T	1471	118	1503	236	0	34	738888	742250	373	5	81	35	0	8	54841	55343
TP1_synth_reverse		71	C	467	737204	4375	47	0	14	131	742238	124	54980	216	8	0	3	5	55336
TP1_synth_reverse		72	C	1346	739375	1165	76	1	58	202	742223	549	54675	68	9	1	18	12	55332
TP1_synth_reverse		73	G	519	368	2126	738223	506	208	232	742182	103	98	167	54817	21	46	46	55298
TP1_synth_reverse		74	A	740333	142	1356	142	1	97	20	742091	55145	11	93	14	1	15	1	55280
TP1_synth_reverse		75	G	230	361	1411	739138	265	21	640	742066	51	89	92	54949	7	9	69	55266
TP1_synth_reverse		76	T	4226	100	869	98	271	32	736448	742044	1379	4	59	16	26	17	53749	55250
TP1_synth_reverse		77	G	396	428	682	738446	0	41	2019	742012	55	119	58	54681	0	28	287	55228
TP1_synth_reverse		78	C	661	738665	264	52	2	65	2296	742005	184	54822	66	4	2	45	102	55225
TP1_synth_reverse		79	G	353	1133	2263	737384	0	197	644	741974	54	572	105	54297	0	18	160	55206
TP1_synth_reverse		80	G	1073	316	93	739914	0	212	333	741941	115	89	13	54875	0	17	79	55188
TP1_synth_reverse		81	C	300	738111	1932	93	1131	170	173	741910	60	54871	110	5	93	21	5	55165
TP1_synth_reverse		82	A	736556	75	2033	151	0	78	118	739011	52418	6	134	8	0	18	8	52592
TP1_synth_reverse		83	A	738372	115	55	153	0	236	78	739009	52537	16	5	11	0	19	4	52592
TP1_synth_reverse		84	A	738512	71	0	260	1	75	39	738958	52553	3	0	15	0	7	4	52582
TP1_synth_reverse		85	G	283	353	88	737600	3	117	389	738833	24	84	16	52321	0	27	53	52525
TP1_synth_reverse		86	C	416	738150	7	43	2	53	96	738767	106	52381	2	1	0	11	2	52503
TP1_synth_reverse		87	T	1643	109	6	101	3	79	736716	738657	298	10	0	13	0	23	52120	52464
TP1_synth_reverse		88	G	244	504	1	736788	823	95	154	738609	37	51	0	52283	29	16	36	52452
TP1_synth_reverse		89	T	1266	98	611	69	0	242	736253	738539	198	7	39	7	0	61	52125	52437
TP1_synth_reverse		90	T	1384	107	0	62	1	156	736585	738295	236	7	0	8	1	16	52114	52382
TP1_synth_reverse		91	C	528	737426	0	73	1	30	129	738187	79	52271	0	4	0	4	7	52365
TP1_synth_reverse		92	C	544	736562	0	422	0	60	478	738066	55	52223	0	26	0	10	18	52332
TP1_synth_reverse		93	G	649	208	0	736046	0	111	146	737160	54	42	0	52139	0	15	22	52272
TP1_synth_reverse		94	T	1071	106	0	141	0	182	735518	737018	149	5	0	13	0	27	52054	52248
TP1_synth_reverse		95	C	0	736419	0	0	0	119	0	736538	0	52168	0	0	0	35	0	52203
TP1_synth_reverse		96	C	0	735259	0	0	0	62	0	735321	0	52073	0	0	0	21	0	52094
TP1_synth_reverse		97	C	0	734373	0	0	0	158	0	734531	0	51965	0	0	0	38	0	52003
TP1_synth_reverse		98	A	733221	0	0	0	0	0	0	733221	51897	0	0	0	0	0	0	51897
TP1_synth_reverse		99	G	0	0	0	732485	0	0	0	732485	0	0	0	51780	0	0	0	51780
