



























































































































































































































#AmpliconChromStart	Alias	Position	ProbableRef	rawA	rawC	rawD	rawG	rawI	rawN	rawT	rawDepth	consA	consC	consD	consG	consI	consN	consT	consDepth	
TP1_synth_reverse		1	G	0	0	0	725426	0	0	0	725426	0	0	0	6709	0	0	0	6709
TP1_synth_reverse		2	T	0	0	0	0	0	0	726828	726828	0	0	0	0	0	0	6718	6718
TP1_synth_reverse		3	G	0	0	0	730117	0	124	0	730241	0	0	0	6737	0	0	0	6737
TP1_synth_reverse		4	G	0	0	0	731281	0	66	0	731347	0	0	0	6741	0	0	0	6741
TP1_synth_reverse		5	T	0	0	0	0	0	184	731630	731814	0	0	0	0	0	0	6742	6742
TP1_synth_reverse		6	G	117	80	0	732575	0	37	460	733269	0	0	0	6745	0	0	1	6746
TP1_synth_reverse		7	A	733150	22	0	78	0	14	100	733364	6748	0	0	0	0	0	0	6748
TP1_synth_reverse		8	G	98	81	0	733960	0	89	93	734321	0	0	0	6751	0	0	0	6751
TP1_synth_reverse		9	G	126	152	0	734036	0	12	129	734455	0	0	0	6754	0	0	0	6754
TP1_synth_reverse		10	C	310	733960	5	30	2	17	131	734455	0	6754	0	0	0	0	0	6754
TP1_synth_reverse		11	T	380	138	57	23	10	60	733820	734488	0	0	0	0	0	0	6754	6754
TP1_synth_reverse		12	C	329	733085	779	18	0	88	189	734488	0	6744	10	0	0	0	0	6754
TP1_synth_reverse		13	C	448	733750	1	30	0	131	128	734488	0	6754	0	0	0	0	0	6754
TP1_synth_reverse		14	C	360	733927	0	31	0	48	138	734504	0	6754	0	0	0	0	0	6754
TP1_synth_reverse		15	C	324	733927	1	54	4	63	131	734504	0	6754	0	0	0	0	0	6754
TP1_synth_reverse		16	T	705	72	750	29	2	32	732914	734504	0	0	9	0	0	0	6745	6754
TP1_synth_reverse		17	T	809	95	1	32	0	210	733357	734504	0	0	0	0	0	0	6754	6754
TP1_synth_reverse		18	T	622	143	1	23	192	112	733411	734504	0	1	0	0	1	0	6752	6754
TP1_synth_reverse		19	C	597	735563	7	46	1165	118	100	737596	0	6753	0	0	2	0	0	6755
TP1_synth_reverse		20	T	752	75	250	69	5	66	736379	737596	0	0	4	0	0	0	6751	6755
TP1_synth_reverse		21	T	2608	126	143	84	384	177	734074	737596	0	0	4	0	1	0	6750	6755
TP1_synth_reverse		22	G	157	857	224	735929	3	128	298	737596	0	0	5	6750	0	0	0	6755
TP1_synth_reverse		23	C	954	735998	195	82	8	95	307	737639	0	6753	3	0	0	0	1	6757
TP1_synth_reverse		24	G	243	182	474	735981	1	72	686	737639	0	0	6	6750	0	0	1	6757
TP1_synth_reverse		25	G	251	542	180	735980	130	86	470	737639	0	0	3	6752	1	0	1	6757
TP1_synth_reverse		26	A	737034	20	186	145	4	120	130	737639	6754	0	3	0	0	0	0	6757
TP1_synth_reverse		27	G	98	219	183	735423	647	82	987	737639	0	0	3	6746	6	0	2	6757
TP1_synth_reverse		28	A	736985	114	317	82	3	49	89	737639	6753	0	4	0	0	0	0	6757
TP1_synth_reverse		29	T	956	92	330	75	1	6	736179	737639	0	0	4	0	0	0	6753	6757
TP1_synth_reverse		30	T	3436	120	358	18	0	75	733632	737639	0	0	5	0	0	0	6752	6757
TP1_synth_reverse		31	C	1013	735946	365	23	1	20	119	737487	1	6751	5	0	0	0	0	6757
TP1_synth_reverse		32	T	1240	86	423	47	0	59	735578	737433	0	0	7	0	0	0	6750	6757
TP1_synth_reverse		33	C	1067	735813	374	37	1	22	104	737418	0	6751	6	0	0	0	0	6757
TP1_synth_reverse		34	T	1608	135	238	88	5	22	735316	737412	0	0	3	0	0	0	6754	6757
TP1_synth_reverse		35	T	3885	107	336	72	984	45	731965	737394	0	1	4	0	6	0	6746	6757
TP1_synth_reverse		36	C	805	735041	1346	29	5	54	109	737389	0	6746	11	0	0	0	0	6757
TP1_synth_reverse		37	C	961	735384	601	71	4	34	524	737579	0	6750	6	0	0	0	4	6760
TP1_synth_reverse		38	T	1835	61	882	52	4	102	734619	737555	0	0	7	0	0	0	6753	6760
TP1_synth_reverse		39	C	532	736200	621	52	0	33	111	737549	0	6755	5	0	0	0	0	6760
TP1_synth_reverse		40	T	2011	93	1301	17	0	28	733996	737446	0	0	9	0	0	0	6749	6758
TP1_synth_reverse		41	G	253	1837	1164	732007	0	22	2448	737731	2	0	10	6750	0	0	0	6762
TP1_synth_reverse		42	T	3299	115	1241	30	9	113	733151	737958	0	0	13	0	0	0	6752	6765
TP1_synth_reverse		43	G	116	1692	1560	733331	2	84	1151	737936	1	0	17	6747	0	0	0	6765
TP1_synth_reverse		44	C	1747	733736	1182	93	640	119	818	738335	5	6741	11	2	2	0	7	6768
TP1_synth_reverse		45	G	205	502	691	733148	3	62	3704	738315	0	0	7	6761	0	0	0	6768
TP1_synth_reverse		46	C	1740	736050	1618	53	0	33	123	739617	0	6761	12	0	0	0	0	6773
TP1_synth_reverse		47	C	527	737976	1236	25	1	6	278	740049	0	6767	10	0	0	0	0	6777
TP1_synth_reverse		48	G	1014	1631	1725	731648	4	16	3115	739153	8	0	14	6754	0	0	0	6776
TP1_synth_reverse		49	A	736037	54	2131	57	0	61	153	738493	6761	0	15	0	0	0	0	6776
TP1_synth_reverse		50	T	3058	89	2714	23	5	24	732569	738482	0	0	17	0	0	0	6759	6776
TP1_synth_reverse		51	A	735560	57	2442	81	0	72	340	738552	6754	0	21	0	0	0	2	6777
TP1_synth_reverse		52	C	829	732192	5241	53	0	60	158	738533	0	6744	33	0	0	0	0	6777
TP1_synth_reverse		53	A	733845	36	4369	160	3	48	105	738566	6745	0	32	0	0	0	0	6777
TP1_synth_reverse		54	G	432	467	3970	733073	3	18	580	738543	2	0	24	6751	0	0	0	6777
TP1_synth_reverse		55	A	733973	190	4696	113	0	46	73	739091	6747	0	31	0	0	0	0	6778
TP1_synth_reverse		56	A	733866	19	4807	92	0	71	124	738979	6748	0	29	0	0	0	0	6777
TP1_synth_reverse		57	T	3916	51	4846	193	0	60	729880	738946	0	0	29	0	0	0	6748	6777
TP1_synth_reverse		58	A	734334	13	4784	71	2	50	123	739377	6746	0	32	0	0	0	0	6778
TP1_synth_reverse		59	T	2607	72	4255	115	0	13	732358	739420	0	0	28	0	0	0	6751	6779
TP1_synth_reverse		60	C	1815	733210	4225	106	0	47	102	739505	0	6752	31	0	0	0	0	6783
TP1_synth_reverse		61	T	1940	99	5414	787	1	20	731525	739786	0	0	36	3	0	0	6748	6787
TP1_synth_reverse		62	G	957	365	7152	730336	298	114	1516	740738	3	0	34	6745	2	0	5	6789
TP1_synth_reverse		63	T	5294	85	4858	42	3	21	730479	740782	0	0	25	0	0	0	6764	6789
TP1_synth_reverse		64	T	3013	68	3595	92	3	81	733306	740158	0	0	23	0	0	0	6767	6790
TP1_synth_reverse		65	C	801	736224	2833	67	0	114	171	740210	0	6771	20	0	0	0	0	6791
TP1_synth_reverse		66	G	632	473	2278	736366	3	61	924	740737	0	0	19	6774	0	0	0	6793
TP1_synth_reverse		67	C	1281	737761	1554	27	84	154	134	740995	0	6777	16	0	1	0	0	6794
TP1_synth_reverse		68	A	739183	862	610	147	3	139	112	741056	6786	4	5	0	0	0	0	6795
TP1_synth_reverse		69	C	416	739801	1697	39	1	85	232	742271	5	6788	12	0	0	0	2	6807
TP1_synth_reverse		70	T	1471	118	1503	236	0	34	738888	742250	0	0	10	0	0	0	6797	6807
TP1_synth_reverse		71	C	467	737204	4375	47	0	14	131	742238	0	6779	28	0	0	0	0	6807
TP1_synth_reverse		72	C	1346	739375	1165	76	1	58	202	742223	0	6800	7	0	0	0	0	6807
TP1_synth_reverse		73	G	519	368	2126	738223	506	208	232	742182	0	0	20	6783	4	0	0	6807
TP1_synth_reverse		74	A	740333	142	1356	142	1	97	20	742091	6794	0	10	1	0	0	0	6805
TP1_synth_reverse		75	G	230	361	1411	739138	265	21	640	742066	2	0	9	6792	1	0	1	6805
TP1_synth_reverse		76	T	4226	100	869	98	271	32	736448	742044	1	0	5	0	2	0	6797	6805
TP1_synth_reverse		77	G	396	428	682	738446	0	41	2019	742012	8	0	8	6783	0	0	6	6805
TP1_synth_reverse		78	C	661	738665	264	52	2	65	2296	742005	0	6789	10	0	0	0	6	6805
TP1_synth_reverse		79	G	353	1133	2263	737384	0	197	644	741974	1	0	13	6791	0	0	0	6805
TP1_synth_reverse		80	G	1073	316	93	739914	0	212	333	741941	2	0	2	6801	0	0	0	6805
TP1_synth_reverse		81	C	300	738111	1932	93	1131	170	173	741910	0	6791	8	0	6	0	0	6805
TP1_synth_reverse		82	A	736556	75	2033	151	0	78	118	739011	6789	0	14	0	0	0	0	6803
TP1_synth_reverse		83	A	738372	115	55	153	0	236	78	739009	6802	0	1	0	0	0	0	6803
TP1_synth_reverse		84	A	738512	71	0	260	1	75	39	738958	6803	0	0	0	0	0	0	6803
TP1_synth_reverse		85	G	283	353	88	737600	3	117	389	738833	2	0	4	6796	0	0	1	6803
TP1_synth_reverse		86	C	416	738150	7	43	2	53	96	738767	0	6803	0	0	0	0	0	6803
TP1_synth_reverse		87	T	1643	109	6	101	3	79	736716	738657	0	0	0	0	0	0	6803	6803
TP1_synth_reverse		88	G	244	504	1	736788	823	95	154	738609	0	0	0	6802	1	0	0	6803
TP1_synth_reverse		89	T	1266	98	611	69	0	242	736253	738539	0	0	3	0	0	0	6800	6803
TP1_synth_reverse		90	T	1384	107	0	62	1	156	736585	738295	0	0	0	0	0	0	6803	6803
TP1_synth_reverse		91	C	528	737426	0	73	1	30	129	738187	0	6803	0	0	0	0	0	6803
TP1_synth_reverse		92	C	544	736562	0	422	0	60	478	738066	1	6799	0	0	0	0	2	6802
TP1_synth_reverse		93	G	649	208	0	736046	0	111	146	737160	0	0	0	6802	0	0	0	6802
TP1_synth_reverse		94	T	1071	106	0	141	0	182	735518	737018	0	0	0	0	0	0	6802	6802
TP1_synth_reverse		95	C	0	736419	0	0	0	119	0	736538	0	6802	0	0	0	0	0	6802
TP1_synth_reverse		96	C	0	735259	0	0	0	62	0	735321	0	6802	0	0	0	0	0	6802
TP1_synth_reverse		97	C	0	734373	0	0	0	158	0	734531	0	6801	0	0	0	0	0	6801
TP1_synth_reverse		98	A	733221	0	0	0	0	0	0	733221	6797	0	0	0	0	0	0	6797
TP1_synth_reverse		99	G	0	0	0	732485	0	0	0	732485	0	0	0	6797	0	0	0	6797
