



























































































































































































































#AmpliconChromStart	Alias	Position	ProbableRef	rawA	rawC	rawD	rawG	rawI	rawN	rawT	rawDepth	consA	consC	consD	consG	consI	consN	consT	consDepth	
TP1_synth_reverse		1	G	0	0	0	844529	0	0	0	844529	0	0	0	10296	0	0	0	10296
TP1_synth_reverse		2	T	0	0	0	0	0	0	846026	846026	0	0	0	0	0	0	10305	10305
TP1_synth_reverse		3	G	0	0	0	847776	0	71	0	847847	0	0	0	10322	0	0	0	10322
TP1_synth_reverse		4	G	0	0	0	848644	0	37	0	848681	0	0	0	10327	0	0	0	10327
TP1_synth_reverse		5	T	0	0	0	0	0	19	849155	849174	0	0	0	0	0	0	10329	10329
TP1_synth_reverse		6	G	104	74	0	850025	0	15	164	850382	0	0	0	10337	0	0	0	10337
TP1_synth_reverse		7	A	850573	29	0	94	0	56	131	850883	10342	0	0	0	0	0	0	10342
TP1_synth_reverse		8	G	104	73	0	853121	0	83	113	853494	0	0	0	10364	0	0	0	10364
TP1_synth_reverse		9	G	103	147	0	852937	190	29	134	853540	0	0	0	10365	0	0	0	10365
TP1_synth_reverse		10	C	237	853157	5	24	9	19	112	853563	0	10366	0	0	0	0	0	10366
TP1_synth_reverse		11	T	154	139	169	18	648	25	852421	853574	0	0	2	0	8	0	10356	10366
TP1_synth_reverse		12	C	329	850632	2359	26	2	72	166	853586	0	10347	19	0	0	0	0	10366
TP1_synth_reverse		13	C	440	852862	80	23	0	73	131	853609	0	10364	2	0	0	0	0	10366
TP1_synth_reverse		14	C	379	853038	0	19	1	46	126	853609	0	10366	0	0	0	0	0	10366
TP1_synth_reverse		15	C	252	851892	318	30	822	49	256	853619	0	10358	2	0	5	0	1	10366
TP1_synth_reverse		16	T	331	91	2808	13	0	198	850178	853619	0	0	30	0	0	0	10336	10366
TP1_synth_reverse		17	T	329	222	70	13	0	66	852919	853619	0	1	1	0	0	0	10364	10366
TP1_synth_reverse		18	T	338	141	70	3	355	62	852657	853626	0	1	1	0	3	0	10361	10366
TP1_synth_reverse		19	C	462	852681	95	14	339	67	96	853754	1	10359	3	0	4	0	0	10367
TP1_synth_reverse		20	T	243	95	879	16	3	28	852490	853754	0	1	8	0	0	0	10358	10367
TP1_synth_reverse		21	T	437	149	19	57	2066	90	850936	853754	0	1	0	1	28	0	10337	10367
TP1_synth_reverse		22	G	248	640	823	850948	124	31	947	853761	2	3	6	10346	1	0	9	10367
TP1_synth_reverse		23	C	526	847184	789	52	4816	33	387	853787	0	10305	9	0	49	0	5	10368
TP1_synth_reverse		24	G	201	183	1111	851500	11	50	731	853787	0	0	9	10357	0	0	2	10368
TP1_synth_reverse		25	G	105	570	399	851849	92	116	656	853787	0	0	4	10357	2	0	5	10368
TP1_synth_reverse		26	A	850316	28	1109	183	1949	47	155	853787	10340	1	10	0	17	0	0	10368
TP1_synth_reverse		27	G	291	671	75	851756	170	23	801	853787	2	0	3	10354	3	0	6	10368
TP1_synth_reverse		28	A	852156	44	335	103	1019	31	99	853787	10355	0	7	0	6	0	0	10368
TP1_synth_reverse		29	T	290	101	1107	137	1	143	852008	853787	0	0	8	0	0	0	10360	10368
TP1_synth_reverse		30	T	913	108	416	50	37	139	852130	853793	0	0	2	0	2	0	10364	10368
TP1_synth_reverse		31	C	511	852464	597	44	12	62	84	853774	0	10361	6	0	1	0	0	10368
TP1_synth_reverse		32	T	595	233	393	48	220	326	851955	853770	1	1	4	0	4	0	10358	10368
TP1_synth_reverse		33	C	408	851582	1117	42	87	134	395	853765	0	10358	8	0	0	0	2	10368
TP1_synth_reverse		34	T	672	139	1018	57	1	65	851809	853761	0	0	10	0	0	0	10358	10368
TP1_synth_reverse		35	T	1367	123	265	67	218	80	851631	853751	0	0	3	0	5	0	10360	10368
TP1_synth_reverse		36	C	517	852719	342	33	1	49	89	853750	0	10361	7	0	0	0	0	10368
TP1_synth_reverse		37	C	551	851960	145	75	490	82	436	853739	0	10355	2	1	4	0	6	10368
TP1_synth_reverse		38	T	665	111	825	221	243	25	851637	853727	0	1	12	0	3	0	10352	10368
TP1_synth_reverse		39	C	410	851935	1085	38	6	53	195	853722	0	10359	8	0	0	0	1	10368
TP1_synth_reverse		40	T	1244	160	959	25	2379	145	848802	853714	0	1	12	0	24	0	10331	10368
TP1_synth_reverse		41	G	546	553	621	850795	498	28	669	853710	2	0	8	10351	4	0	3	10368
TP1_synth_reverse		42	T	2029	90	667	44	2189	60	848626	853705	0	0	12	0	21	0	10335	10368
TP1_synth_reverse		43	G	414	434	673	850410	993	358	430	853712	1	0	8	10351	8	0	1	10369
TP1_synth_reverse		44	C	469	847402	613	85	3076	148	1913	853706	0	10313	9	0	32	0	15	10369
TP1_synth_reverse		45	G	529	356	426	850285	716	49	1325	853686	3	0	6	10353	5	0	2	10369
TP1_synth_reverse		46	C	781	851062	1466	46	0	11	327	853693	1	10352	13	0	0	0	3	10369
TP1_synth_reverse		47	C	335	851344	220	49	1385	26	333	853692	0	10345	2	0	20	0	2	10369
TP1_synth_reverse		48	G	567	658	1316	849348	481	37	1249	853656	4	0	9	10343	7	0	6	10369
TP1_synth_reverse		49	A	851711	65	1233	73	254	189	137	853662	10358	0	9	0	2	0	0	10369
TP1_synth_reverse		50	T	1057	82	478	145	227	103	851555	853647	0	0	4	0	2	0	10363	10369
TP1_synth_reverse		51	A	852631	43	605	114	7	114	149	853663	10365	0	5	0	0	0	0	10370
TP1_synth_reverse		52	C	519	851317	841	114	270	270	325	853656	0	10357	8	0	3	0	2	10370
TP1_synth_reverse		53	A	851306	25	863	228	826	280	139	853667	10355	0	7	0	8	0	0	10370
TP1_synth_reverse		54	G	376	245	1430	849774	958	105	766	853654	2	0	13	10344	6	0	5	10370
TP1_synth_reverse		55	A	851998	80	1235	126	0	123	86	853648	10357	0	13	0	0	0	0	10370
TP1_synth_reverse		56	A	852328	45	318	159	543	102	145	853640	10363	2	3	0	2	0	0	10370
TP1_synth_reverse		57	T	1841	82	288	202	48	230	850912	853603	0	0	4	0	0	0	10366	10370
TP1_synth_reverse		58	A	852781	18	294	96	0	298	115	853602	10366	0	4	0	0	0	0	10370
TP1_synth_reverse		59	T	957	53	878	79	2	344	851249	853562	0	0	8	0	0	0	10362	10370
TP1_synth_reverse		60	C	889	851867	385	55	37	237	73	853543	0	10365	4	0	1	0	0	10370
TP1_synth_reverse		61	T	1154	96	755	46	1130	213	850148	853542	0	0	9	0	10	0	10351	10370
TP1_synth_reverse		62	G	530	461	434	851141	205	330	428	853529	4	1	5	10357	1	0	2	10370
TP1_synth_reverse		63	T	1951	89	1117	21	2	164	850180	853524	0	0	11	0	0	0	10359	10370
TP1_synth_reverse		64	T	1845	73	1213	21	248	46	850076	853522	0	0	9	0	2	0	10360	10371
TP1_synth_reverse		65	C	1238	848521	2795	34	558	130	238	853514	0	10343	23	0	5	0	0	10371
TP1_synth_reverse		66	G	576	432	1516	850169	4	63	736	853496	0	0	14	10353	0	0	4	10371
TP1_synth_reverse		67	C	859	850598	1625	33	66	190	122	853493	0	10356	13	0	1	0	1	10371
TP1_synth_reverse		68	A	851954	243	989	147	1	94	75	853503	10360	1	11	0	0	0	0	10372
TP1_synth_reverse		69	C	290	852139	795	34	0	66	171	853495	0	10362	9	0	0	0	1	10372
TP1_synth_reverse		70	T	1120	231	621	52	185	82	851193	853484	0	2	6	0	1	0	10363	10372
TP1_synth_reverse		71	C	384	851100	1346	37	0	303	307	853477	0	10356	15	0	0	0	1	10372
TP1_synth_reverse		72	C	698	851669	401	65	106	118	411	853468	0	10364	6	0	1	0	1	10372
TP1_synth_reverse		73	G	298	503	694	850457	211	306	992	853461	3	0	9	10355	1	0	4	10372
TP1_synth_reverse		74	A	851252	47	1596	120	274	120	44	853453	10356	0	11	0	5	0	0	10372
TP1_synth_reverse		75	G	755	422	1169	850657	13	48	373	853437	5	0	9	10355	0	0	3	10372
TP1_synth_reverse		76	T	896	353	1471	47	348	51	850259	853425	1	2	14	0	3	0	10352	10372
TP1_synth_reverse		77	G	158	375	572	850906	33	60	1301	853405	1	1	6	10356	1	0	7	10372
TP1_synth_reverse		78	C	425	850200	1234	35	3	437	1054	853388	0	10351	15	0	0	0	6	10372
TP1_synth_reverse		79	G	316	564	1693	850193	0	127	479	853372	0	1	19	10351	0	0	1	10372
TP1_synth_reverse		80	G	627	300	668	851290	0	124	335	853344	5	0	9	10358	0	0	0	10372
TP1_synth_reverse		81	C	254	850659	1553	84	542	79	155	853326	0	10349	20	0	3	0	0	10372
TP1_synth_reverse		82	A	851009	51	1740	210	0	74	127	853211	10354	0	18	0	0	0	0	10372
TP1_synth_reverse		83	A	851765	53	1000	92	0	210	87	853207	10359	0	13	0	0	0	0	10372
TP1_synth_reverse		84	A	852171	48	494	153	24	224	62	853176	10365	0	6	0	1	0	0	10372
TP1_synth_reverse		85	G	183	357	42	852221	46	81	154	853084	1	0	1	10370	0	0	0	10372
TP1_synth_reverse		86	C	643	851560	1	22	372	94	338	853030	1	10368	0	0	3	0	0	10372
TP1_synth_reverse		87	T	1143	252	108	24	1	275	850980	852783	0	1	0	0	0	0	10371	10372
TP1_synth_reverse		88	G	252	665	22	851176	158	136	304	852713	1	0	0	10368	3	0	0	10372
TP1_synth_reverse		89	T	687	98	980	21	0	52	850840	852678	0	0	5	0	0	0	10367	10372
TP1_synth_reverse		90	T	570	133	114	338	0	78	851136	852369	0	0	2	0	0	0	10370	10372
TP1_synth_reverse		91	C	919	850594	0	200	0	263	311	852287	1	10369	0	1	0	0	1	10372
TP1_synth_reverse		92	C	707	850545	0	43	0	354	219	851868	0	10370	0	0	0	0	1	10371
TP1_synth_reverse		93	G	413	419	0	849493	0	159	199	850683	3	0	0	10365	0	0	0	10368
TP1_synth_reverse		94	T	517	107	0	34	0	75	849835	850568	0	0	0	0	0	0	10367	10367
TP1_synth_reverse		95	C	0	849573	0	0	0	152	0	849725	0	10367	0	0	0	0	0	10367
TP1_synth_reverse		96	C	0	848801	0	0	0	116	0	848917	0	10366	0	0	0	0	0	10366
TP1_synth_reverse		97	C	0	847436	0	0	0	136	0	847572	0	10363	0	0	0	0	0	10363
TP1_synth_reverse		98	A	844311	0	0	0	0	0	0	844311	10360	0	0	0	0	0	0	10360
TP1_synth_reverse		99	G	0	0	0	842979	0	0	0	842979	0	0	0	10360	0	0	0	10360
