



























































































































































































































#AmpliconChromStart	Alias	Position	ProbableRef	rawA	rawC	rawD	rawG	rawI	rawN	rawT	rawDepth	consA	consC	consD	consG	consI	consN	consT	consDepth	
TP1_synth_forward		5	T	0	0	0	0	0	0	730	730	0	0	0	0	0	0	486	486
TP1_synth_forward		6	G	0	0	0	1258	0	0	0	1258	0	0	0	876	0	0	0	876
TP1_synth_forward		7	A	2537	0	0	0	0	0	0	2537	949	0	0	0	0	0	0	949
TP1_synth_forward		8	G	0	0	0	3143	0	0	0	3143	0	0	0	983	0	0	0	983
TP1_synth_forward		9	G	0	0	0	3485	0	0	0	3485	0	0	0	1009	0	0	0	1009
TP1_synth_forward		10	C	3	3499	0	0	0	2	1	3505	2	1016	0	0	0	0	0	1018
TP1_synth_forward		11	T	14	0	0	0	0	1	3494	3509	7	0	0	0	0	0	1015	1022
TP1_synth_forward		12	C	6	3517	0	0	0	0	1	3524	4	1027	0	0	0	0	0	1031
TP1_synth_forward		13	C	17	3512	0	2	0	0	0	3531	7	1029	0	2	0	0	0	1038
TP1_synth_forward		14	C	12	3518	0	0	0	1	0	3531	5	1032	0	0	0	1	0	1038
TP1_synth_forward		15	C	5	3524	0	0	2	0	0	3531	3	1033	0	0	2	0	0	1038
TP1_synth_forward		16	T	35	4	0	0	1	1	3498	3539	23	3	0	0	1	0	1019	1046
TP1_synth_forward		17	T	65	0	0	0	0	0	3474	3539	27	0	0	0	0	0	1019	1046
TP1_synth_forward		18	T	36	0	0	1	0	0	3515	3552	18	0	0	0	0	0	1031	1049
TP1_synth_forward		19	A	3547	2	0	0	0	1	2	3552	1047	0	0	0	0	0	2	1049
TP1_synth_forward		20	T	23	0	0	0	3	1	3525	3552	12	0	0	0	2	0	1035	1049
TP1_synth_forward		21	A	3549	1	0	0	0	1	1	3552	1048	1	0	0	0	0	0	1049
TP1_synth_forward		22	C	7	3529	1	1	14	0	0	3552	5	1042	0	0	2	0	0	1049
TP1_synth_forward		23	A	3544	2	3	1	0	1	1	3552	1045	1	3	0	0	0	0	1049
TP1_synth_forward		24	G	1	6	4	3531	2	0	8	3552	0	4	4	1036	1	0	4	1049
TP1_synth_forward		25	A	3543	0	8	0	0	0	1	3552	1043	0	6	0	0	0	0	1049
TP1_synth_forward		26	A	3544	1	3	2	0	0	2	3552	1043	1	3	0	0	0	2	1049
TP1_synth_forward		27	T	47	0	0	1	0	0	3504	3552	28	0	0	0	0	0	1021	1049
TP1_synth_forward		28	A	3548	0	0	1	2	0	1	3552	1047	0	0	1	1	0	0	1049
TP1_synth_forward		29	T	20	0	0	2	0	0	3530	3552	11	0	0	1	0	0	1037	1049
TP1_synth_forward		30	C	7	3545	0	0	1	0	0	3553	4	1045	0	0	1	0	0	1050
TP1_synth_forward		31	T	41	1	0	1	2	0	3508	3553	20	0	0	0	0	0	1030	1050
TP1_synth_forward		32	G	8	18	2	3514	2	0	9	3553	4	8	1	1029	2	0	6	1050
TP1_synth_forward		33	T	54	1	5	1	0	0	3496	3557	36	1	3	0	0	0	1014	1054
TP1_synth_forward		34	T	44	0	0	0	0	0	3516	3560	26	0	0	0	0	0	1031	1057
TP1_synth_forward		35	C	31	3522	0	1	5	0	1	3560	19	1035	0	0	2	0	1	1057
TP1_synth_forward		36	G	3	4	0	3482	0	0	71	3560	1	2	0	997	0	0	57	1057
TP1_synth_forward		37	C	22	3539	0	0	0	0	1	3562	16	1042	0	0	0	0	1	1059
TP1_synth_forward		38	A	3553	3	0	0	1	1	4	3562	1056	2	0	0	1	0	0	1059
TP1_synth_forward		39	C	4	3552	6	0	0	0	0	3562	3	1053	3	0	0	0	0	1059
TP1_synth_forward		40	T	52	4	5	0	0	1	3500	3562	35	3	2	0	0	0	1019	1059
TP1_synth_forward		41	C	12	3547	3	0	0	0	0	3562	9	1048	2	0	0	0	0	1059
TP1_synth_forward		42	C	18	3537	0	2	1	0	4	3562	6	1049	0	0	0	0	4	1059
TP1_synth_forward		43	G	2	12	0	3500	0	0	48	3562	0	4	0	1022	0	0	33	1059
TP1_synth_forward		44	A	3559	2	0	1	0	0	0	3562	1059	0	0	0	0	0	0	1059
TP1_synth_forward		45	G	3	16	0	3517	1	0	25	3562	1	7	0	1034	0	0	17	1059
TP1_synth_forward		46	T	60	0	0	2	6	0	3493	3561	35	0	0	0	2	0	1021	1058
TP1_synth_forward		47	G	19	14	0	3512	0	0	16	3561	15	7	0	1031	0	0	5	1058
TP1_synth_forward		48	C	17	3541	0	0	1	1	1	3561	10	1047	0	0	1	0	0	1058
TP1_synth_forward		49	G	4	9	8	3496	0	1	43	3561	3	7	3	1020	0	0	25	1058
TP1_synth_forward		50	G	14	11	0	3518	0	0	19	3562	4	7	0	1040	0	0	9	1060
TP1_synth_forward		51	C	6	3982	0	6	0	0	1	3995	2	1186	0	1	0	0	1	1190
TP1_synth_forward		52	T	66	1	1	2	0	2	3923	3995	27	1	1	1	0	0	1160	1190
TP1_synth_forward		53	T	64	1	0	3	1	0	3934	4003	36	0	0	3	1	0	1156	1196
TP1_synth_forward		54	G	17	13	0	3960	2	1	16	4009	7	10	0	1173	1	0	9	1200
TP1_synth_forward		55	C	16	3993	0	0	5	0	5	4019	9	1195	0	0	3	0	2	1209
TP1_synth_forward		56	G	6	2	0	3989	0	0	26	4023	3	1	0	1192	0	0	14	1210
TP1_synth_forward		57	G	5	3	0	4030	0	0	19	4057	2	2	0	1203	0	0	9	1216
TP1_synth_forward		58	A	4089	1	0	2	7	0	0	4099	1218	0	0	0	1	0	0	1219
TP1_synth_forward		59	G	3	5	0	4071	0	0	19	4098	1	2	0	1206	0	0	10	1219
TP1_synth_forward		60	A	4154	2	0	0	0	0	0	4156	1220	0	0	0	0	0	0	1220
TP1_synth_forward		61	T	17	0	0	8	0	0	4129	4154	9	0	0	5	0	0	1205	1219
TP1_synth_forward		62	T	29	0	0	8	0	0	4127	4164	18	0	0	3	0	0	1203	1224
TP1_synth_forward		63	C	9	4153	0	1	0	0	1	4164	4	1218	0	1	0	0	1	1224
TP1_synth_forward		64	T	31	0	0	2	0	0	4131	4164	20	0	0	1	0	0	1203	1224
TP1_synth_forward		65	C	8	4155	0	1	0	0	0	4164	4	1219	0	1	0	0	0	1224
TP1_synth_forward		66	T	41	2	1	0	0	0	4124	4168	25	1	0	0	0	0	1199	1225
TP1_synth_forward		67	T	49	0	0	2	0	0	4116	4167	35	0	0	1	0	0	1188	1224
TP1_synth_forward		68	C	7	4131	1	34	0	0	0	4173	5	1200	0	21	0	0	0	1226
TP1_synth_forward		69	C	9	4160	0	2	0	0	2	4173	2	1223	0	0	0	0	1	1226
TP1_synth_forward		70	T	24	0	0	0	0	1	4147	4172	12	0	0	0	0	1	1212	1225
TP1_synth_forward		71	C	5	4164	0	0	0	2	0	4171	3	1221	0	0	0	0	0	1224
TP1_synth_forward		72	T	27	1	0	0	4	0	4138	4170	14	0	0	0	3	0	1206	1223
TP1_synth_forward		73	G	9	18	0	4132	0	0	8	4167	3	9	0	1206	0	0	3	1221
TP1_synth_forward		74	T	25	0	0	1	1	0	4140	4167	16	0	0	0	1	0	1204	1221
TP1_synth_forward		75	G	2	5	2	4146	0	1	10	4166	2	5	2	1207	0	0	4	1220
TP1_synth_forward		76	C	13	4136	0	0	11	0	4	4164	8	1206	0	0	5	0	0	1219
TP1_synth_forward		77	G	5	5	0	4127	1	0	26	4164	2	3	0	1204	0	0	10	1219
TP1_synth_forward		78	C	5	4154	0	3	0	0	2	4164	2	1214	0	2	0	0	1	1219
TP1_synth_forward		79	C	5	4151	0	2	2	1	2	4163	2	1213	0	1	1	1	1	1219
TP1_synth_forward		80	G	2	8	0	4126	0	0	25	4161	1	4	0	1197	0	0	15	1217
TP1_synth_forward		81	C	7	3716	0	1	2	0	1	3727	4	1083	0	0	0	0	0	1087
TP1_synth_forward		82	A	3715	2	2	5	0	0	2	3726	1081	2	2	1	0	0	1	1087
TP1_synth_forward		83	A	3722	1	0	2	0	1	0	3726	1086	0	0	0	0	1	0	1087
TP1_synth_forward		84	A	3717	2	0	0	3	1	3	3726	1085	1	0	0	1	0	0	1087
TP1_synth_forward		85	G	4	2	0	3705	0	1	12	3724	2	1	0	1079	0	0	4	1086
TP1_synth_forward		86	C	10	3710	0	2	0	0	0	3722	4	1080	0	0	0	0	0	1084
TP1_synth_forward		87	T	52	1	0	1	0	0	3667	3721	21	1	0	1	0	0	1061	1084
TP1_synth_forward		88	G	5	11	0	3695	0	0	5	3716	4	6	0	1071	0	0	1	1082
TP1_synth_forward		89	T	40	0	1	0	0	0	3669	3710	19	0	0	0	0	0	1059	1078
TP1_synth_forward		90	T	23	1	0	1	1	0	3682	3708	9	0	0	1	1	0	1065	1076
TP1_synth_forward		91	C	3	3699	1	1	0	0	0	3704	1	1072	0	0	0	0	0	1073
TP1_synth_forward		92	C	5	3694	0	1	0	0	2	3702	3	1067	0	0	0	0	2	1072
TP1_synth_forward		93	G	9	9	0	3677	0	0	4	3699	5	4	0	1062	0	0	0	1071
TP1_synth_forward		94	T	23	0	0	3	0	0	3668	3694	17	0	0	2	0	0	1050	1069
TP1_synth_forward		95	C	5	3686	0	0	0	0	2	3693	1	1068	0	0	0	0	0	1069
TP1_synth_forward		96	C	0	3684	0	0	0	0	0	3684	0	1065	0	0	0	0	0	1065
TP1_synth_forward		97	C	0	3672	0	0	0	0	0	3672	0	1061	0	0	0	0	0	1061
TP1_synth_forward		98	A	3656	0	0	0	0	1	0	3657	1054	0	0	0	0	0	0	1054
TP1_synth_forward		99	G	0	0	0	3646	0	0	0	3646	0	0	0	1048	0	0	0	1048
TP1_synth_forward		100	T	0	0	0	0	1	0	3615	3616	0	0	0	0	1	0	1034	1035
TP1_synth_forward	TP1_synth_forward	1	G	0	0	0	656168	0	0	0	656168	0	0	0	32415	0	0	0	32415
TP1_synth_forward	TP1_synth_forward	2	T	0	0	0	0	0	0	658760	658760	0	0	0	0	0	0	32789	32789
TP1_synth_forward	TP1_synth_forward	3	G	0	0	0	660902	0	4	0	660906	0	0	0	33552	0	2	0	33554
TP1_synth_forward	TP1_synth_forward	4	G	0	0	0	662406	0	9	0	662415	0	0	0	34105	0	2	0	34107
TP1_synth_forward	TP1_synth_forward	5	T	0	0	0	0	0	17	662398	662415	0	0	0	0	0	1	34106	34107
TP1_synth_forward	TP1_synth_forward	6	G	129	63	0	661927	0	164	132	662415	9	5	0	34046	0	30	17	34107
TP1_synth_forward	TP1_synth_forward	7	A	662048	26	0	79	0	145	117	662415	34083	3	0	3	0	13	5	34107
TP1_synth_forward	TP1_synth_forward	8	G	120	36	0	661847	0	39	373	662415	6	2	0	34085	0	0	14	34107
TP1_synth_forward	TP1_synth_forward	9	G	107	104	0	661828	2	273	101	662415	11	32	0	34047	2	10	5	34107
TP1_synth_forward	TP1_synth_forward	10	C	125	661958	25	22	0	173	112	662415	16	34047	3	2	0	37	2	34107
TP1_synth_forward	TP1_synth_forward	11	T	357	104	16	11	15	114	661798	662415	60	7	5	0	9	26	34000	34107
TP1_synth_forward	TP1_synth_forward	12	C	121	659625	1981	14	0	48	626	662415	19	34008	61	0	0	13	6	34107
TP1_synth_forward	TP1_synth_forward	13	C	253	661920	4	17	1	102	118	662415	34	34056	2	0	0	12	3	34107
TP1_synth_forward	TP1_synth_forward	14	C	212	662046	1	20	2	26	108	662415	23	34073	1	1	0	5	4	34107
TP1_synth_forward	TP1_synth_forward	15	C	109	660215	8	12	1904	77	90	662415	7	34052	3	1	35	4	5	34107
TP1_synth_forward	TP1_synth_forward	16	T	391	1063	182	11	1	48	660719	662415	85	31	33	0	0	2	33956	34107
TP1_synth_forward	TP1_synth_forward	17	T	299	87	4	24	2	46	661953	662415	46	2	3	0	0	19	34037	34107
TP1_synth_forward	TP1_synth_forward	18	T	225	59	9	15	728	126	661253	662415	42	0	6	1	15	21	34022	34107
TP1_synth_forward	TP1_synth_forward	19	A	661407	9	515	89	170	53	172	662415	34037	2	39	5	9	6	9	34107
TP1_synth_forward	TP1_synth_forward	20	T	304	80	134	40	2422	96	659339	662415	87	1	11	1	100	18	33889	34107
TP1_synth_forward	TP1_synth_forward	21	A	662081	7	50	85	12	71	109	662415	34080	0	8	3	6	6	4	34107
TP1_synth_forward	TP1_synth_forward	22	C	187	660773	497	58	720	42	138	662415	29	33986	16	4	59	8	5	34107
TP1_synth_forward	TP1_synth_forward	23	A	660494	14	678	120	260	151	698	662415	33936	1	24	8	39	37	62	34107
TP1_synth_forward	TP1_synth_forward	24	G	92	50	1622	658766	1518	162	205	662415	9	11	56	33880	64	56	31	34107
TP1_synth_forward	TP1_synth_forward	25	A	659587	24	2531	100	0	92	81	662415	33931	1	115	5	0	47	8	34107
TP1_synth_forward	TP1_synth_forward	26	A	660926	280	957	90	5	49	108	662415	34010	5	71	2	4	10	5	34107
TP1_synth_forward	TP1_synth_forward	27	T	741	52	526	45	5	56	660990	662415	159	3	72	3	3	2	33865	34107
TP1_synth_forward	TP1_synth_forward	28	A	661273	15	270	68	579	105	105	662415	34031	0	45	1	22	5	3	34107
TP1_synth_forward	TP1_synth_forward	29	T	446	87	425	241	8	90	661118	662415	105	2	49	10	2	46	33893	34107
TP1_synth_forward	TP1_synth_forward	30	C	297	661494	441	51	3	36	93	662415	71	33960	55	5	1	4	11	34107
TP1_synth_forward	TP1_synth_forward	31	T	1642	76	436	20	948	14	659245	662381	344	1	55	1	33	1	33647	34082
TP1_synth_forward	TP1_synth_forward	32	G	176	170	1808	658849	1071	37	247	662358	11	45	62	33828	41	3	76	34066
TP1_synth_forward	TP1_synth_forward	33	T	1530	423	1109	8	8	125	659146	662349	226	12	62	1	3	40	33717	34061
TP1_synth_forward	TP1_synth_forward	34	T	2607	69	258	6	14	139	659232	662325	395	5	26	0	5	34	33578	34043
TP1_synth_forward	TP1_synth_forward	35	C	8644	652375	314	33	698	43	193	662300	382	33544	39	1	41	10	9	34026
TP1_synth_forward	TP1_synth_forward	36	G	190	213	268	660088	172	159	1196	662286	10	60	27	33679	5	45	187	34013
TP1_synth_forward	TP1_synth_forward	37	C	248	660419	286	16	2	158	1156	662285	56	33888	22	2	1	5	38	34012
TP1_synth_forward	TP1_synth_forward	38	A	660918	53	273	96	782	71	87	662280	33938	9	22	6	14	13	6	34008
TP1_synth_forward	TP1_synth_forward	39	C	150	659566	1970	67	1	43	473	662270	37	33860	69	6	1	13	16	34002
TP1_synth_forward	TP1_synth_forward	40	T	1915	1531	1965	17	6	45	656750	662229	369	60	64	1	4	7	33468	33973
TP1_synth_forward	TP1_synth_forward	41	C	301	659897	1808	22	1	83	116	662228	80	33793	55	0	0	41	3	33972
TP1_synth_forward	TP1_synth_forward	42	C	335	659034	275	43	362	45	2126	662220	80	33765	24	1	11	8	78	33967
TP1_synth_forward	TP1_synth_forward	43	G	193	177	286	658803	319	34	2389	662201	11	56	25	33609	23	0	236	33960
TP1_synth_forward	TP1_synth_forward	44	A	661834	19	116	76	5	99	52	662201	33925	5	14	6	4	5	1	33960
TP1_synth_forward	TP1_synth_forward	45	G	111	326	140	660887	3	210	507	662184	9	60	23	33670	2	50	129	33943
TP1_synth_forward	TP1_synth_forward	46	T	1435	85	115	30	1692	92	658715	662164	232	0	14	1	49	25	33606	33927
TP1_synth_forward	TP1_synth_forward	47	G	278	224	130	660789	9	139	584	662153	55	63	15	33700	5	8	73	33919
TP1_synth_forward	TP1_synth_forward	48	C	314	660959	140	36	215	247	240	662151	47	33768	17	1	41	32	12	33918
TP1_synth_forward	TP1_synth_forward	49	G	996	145	3591	652765	0	171	4465	662133	48	40	120	33357	0	60	277	33902
TP1_synth_forward	TP1_synth_forward	50	G	198	238	115	660382	1	113	1050	662097	23	61	14	33689	1	21	71	33880
TP1_synth_forward	TP1_synth_forward	51	C	195	660583	121	837	9	207	137	662089	35	33757	15	37	4	10	16	33874
TP1_synth_forward	TP1_synth_forward	52	T	1530	58	294	118	2	136	659936	662074	327	1	39	8	1	4	33483	33863
TP1_synth_forward	TP1_synth_forward	53	T	1248	91	116	79	487	59	659987	662067	276	3	14	3	23	2	33539	33860
TP1_synth_forward	TP1_synth_forward	54	G	165	171	234	660314	800	150	220	662054	29	42	18	33663	15	24	59	33850
TP1_synth_forward	TP1_synth_forward	55	C	227	658741	146	32	1518	287	1101	662052	41	33612	17	3	67	65	44	33849
TP1_synth_forward	TP1_synth_forward	56	G	1055	119	620	659627	2	224	392	662039	31	38	52	33638	1	24	54	33838
TP1_synth_forward	TP1_synth_forward	57	G	184	77	268	661032	128	63	268	662020	23	25	42	33686	11	5	37	33829
TP1_synth_forward	TP1_synth_forward	58	A	661131	21	272	124	293	50	120	662011	33766	1	43	3	9	0	4	33826
TP1_synth_forward	TP1_synth_forward	59	G	105	115	168	659723	0	26	1834	661971	11	27	22	33637	0	4	98	33799
TP1_synth_forward	TP1_synth_forward	60	A	661603	93	30	125	1	30	87	661969	33751	18	14	2	0	10	3	33798
TP1_synth_forward	TP1_synth_forward	61	T	290	72	12	375	0	68	661135	661952	50	3	7	45	0	4	33680	33789
TP1_synth_forward	TP1_synth_forward	62	T	1230	113	4	331	1	72	660107	661858	237	3	3	26	1	13	33472	33755
TP1_synth_forward	TP1_synth_forward	63	C	321	661249	11	38	1	122	93	661835	60	33670	2	2	0	6	3	33743
TP1_synth_forward	TP1_synth_forward	64	T	1769	109	351	43	16	72	659435	661795	286	8	13	2	3	14	33397	33723
TP1_synth_forward	TP1_synth_forward	65	C	157	661387	5	27	12	112	90	661790	33	33673	3	5	0	4	3	33721
TP1_synth_forward	TP1_synth_forward	66	T	1485	97	378	36	0	46	659740	661782	293	9	11	4	0	3	33398	33718
TP1_synth_forward	TP1_synth_forward	67	T	1816	77	2	29	18	52	659769	661763	265	1	2	0	4	2	33438	33712
TP1_synth_forward	TP1_synth_forward	68	C	262	646159	556	14050	557	81	94	661759	45	33127	26	489	10	3	10	33710
TP1_synth_forward	TP1_synth_forward	69	C	374	661064	12	44	1	103	147	661745	69	33571	3	4	1	40	14	33702
TP1_synth_forward	TP1_synth_forward	70	T	1529	49	18	20	2	171	659941	661730	280	2	5	2	2	32	33369	33692
TP1_synth_forward	TP1_synth_forward	71	C	399	661125	6	18	4	80	95	661727	66	33607	4	0	2	9	3	33691
TP1_synth_forward	TP1_synth_forward	72	T	1833	65	13	20	965	94	658724	661714	346	2	5	3	23	23	33284	33686
TP1_synth_forward	TP1_synth_forward	73	G	1896	287	42	658667	69	104	639	661704	73	65	15	33432	11	9	72	33677
TP1_synth_forward	TP1_synth_forward	74	T	1340	78	34	14	453	106	659672	661697	188	3	15	0	31	8	33428	33673
TP1_synth_forward	TP1_synth_forward	75	G	141	139	220	659571	10	73	1530	661684	20	32	37	33483	0	3	90	33665
TP1_synth_forward	TP1_synth_forward	76	C	629	655666	39	44	3398	147	1757	661680	67	33434	17	2	85	10	49	33664
TP1_synth_forward	TP1_synth_forward	77	G	634	308	98	656175	133	82	4244	661674	31	76	17	33340	8	2	185	33659
TP1_synth_forward	TP1_synth_forward	78	C	166	659188	38	1610	1	108	554	661665	25	33532	15	40	0	9	33	33654
TP1_synth_forward	TP1_synth_forward	79	C	192	660142	45	47	922	122	194	661664	32	33512	13	1	55	37	4	33654
TP1_synth_forward	TP1_synth_forward	80	G	285	435	31	659443	2	41	1402	661639	20	91	7	33354	0	8	152	33632
TP1_synth_forward	TP1_synth_forward	81	C	175	659928	33	36	1313	25	110	661620	24	33533	19	3	36	4	3	33622
TP1_synth_forward	TP1_synth_forward	82	A	660209	45	1053	170	0	37	104	661618	33550	7	52	4	0	0	8	33621
TP1_synth_forward	TP1_synth_forward	83	A	661252	82	4	106	0	88	82	661614	33599	12	2	2	0	2	3	33620
TP1_synth_forward	TP1_synth_forward	84	A	660488	124	0	167	556	198	58	661591	33554	9	0	12	15	22	3	33615
TP1_synth_forward	TP1_synth_forward	85	G	153	228	0	660441	4	128	551	661505	35	48	0	33451	1	9	29	33573
TP1_synth_forward	TP1_synth_forward	86	C	312	660677	0	232	0	127	83	661431	56	33477	0	6	0	10	4	33553
TP1_synth_forward	TP1_synth_forward	87	T	2122	69	2	278	1	122	658746	661340	339	1	0	6	1	31	33151	33529
TP1_synth_forward	TP1_synth_forward	88	G	224	206	43	660507	3	53	244	661280	45	20	3	33394	0	7	46	33515
TP1_synth_forward	TP1_synth_forward	89	T	894	81	619	31	0	18	659585	661228	102	2	16	1	0	8	33376	33505
TP1_synth_forward	TP1_synth_forward	90	T	1609	121	0	14	177	35	659186	661142	210	6	0	3	5	29	33232	33485
TP1_synth_forward	TP1_synth_forward	91	C	362	660449	67	36	0	11	158	661083	55	33388	7	1	0	7	8	33466
TP1_synth_forward	TP1_synth_forward	92	C	279	660333	0	24	0	42	366	661044	25	33417	0	0	0	2	12	33456
TP1_synth_forward	TP1_synth_forward	93	G	371	271	0	659813	0	43	127	660625	24	60	0	33331	0	2	15	33432
TP1_synth_forward	TP1_synth_forward	94	T	1371	84	0	71	0	69	657906	659501	159	2	0	3	0	21	33192	33377
TP1_synth_forward	TP1_synth_forward	95	C	124	659016	0	40	0	104	136	659420	10	33341	0	3	0	12	4	33370
TP1_synth_forward	TP1_synth_forward	96	C	0	658338	0	0	0	58	0	658396	0	33295	0	0	0	20	0	33315
TP1_synth_forward	TP1_synth_forward	97	C	0	657167	0	0	0	65	0	657232	0	33246	0	0	0	7	0	33253
TP1_synth_forward	TP1_synth_forward	98	A	655140	0	0	0	0	18	0	655158	33160	0	0	0	0	1	0	33161
TP1_synth_forward	TP1_synth_forward	99	G	0	0	0	654571	0	0	0	654571	0	0	0	33033	0	0	0	33033
TP1_synth_forward	TP1_synth_forward	100	T	0	0	0	0	0	0	652184	652184	0	0	0	0	0	0	32815	32815
