



























































































































































































































#AmpliconChromStart	Alias	Position	ProbableRef	rawA	rawC	rawD	rawG	rawI	rawN	rawT	rawDepth	consA	consC	consD	consG	consI	consN	consT	consDepth	
TP1_synth_reverse		1	G	0	0	0	882350	0	0	0	882350	0	0	0	12385	0	0	0	12385
TP1_synth_reverse		2	T	0	0	0	0	0	0	884760	884760	0	0	0	0	0	0	12403	12403
TP1_synth_reverse		3	G	0	0	0	887841	0	90	0	887931	0	0	0	12433	0	0	0	12433
TP1_synth_reverse		4	G	0	0	0	889273	0	44	0	889317	0	0	0	12444	0	0	0	12444
TP1_synth_reverse		5	T	0	0	0	0	0	13	891384	891397	0	0	0	0	0	0	12459	12459
TP1_synth_reverse		6	G	129	100	0	891192	0	18	489	891928	0	0	0	12458	0	0	4	12462
TP1_synth_reverse		7	A	891817	23	0	121	0	64	143	892168	12465	0	0	0	0	0	0	12465
TP1_synth_reverse		8	G	124	84	0	893378	0	126	198	893910	0	0	0	12485	0	0	1	12486
TP1_synth_reverse		9	G	130	175	0	892634	278	42	727	893986	0	0	0	12482	2	0	3	12487
TP1_synth_reverse		10	C	290	893496	1	37	5	31	155	894015	0	12486	0	0	0	0	1	12487
TP1_synth_reverse		11	T	209	187	34	10	1162	24	892408	894034	0	0	1	0	16	0	12470	12487
TP1_synth_reverse		12	C	348	892204	1227	21	3	87	144	894034	0	12473	14	0	0	0	0	12487
TP1_synth_reverse		13	C	508	893271	3	33	0	113	119	894047	0	12487	0	0	0	0	0	12487
TP1_synth_reverse		14	C	559	893270	0	20	1	55	149	894054	1	12486	0	0	0	0	0	12487
TP1_synth_reverse		15	C	327	892664	263	23	425	64	305	894071	0	12477	4	0	5	0	1	12487
TP1_synth_reverse		16	T	402	181	1243	14	0	201	892030	894071	0	1	18	0	0	0	12468	12487
TP1_synth_reverse		17	T	395	163	201	10	1	78	893223	894071	0	2	4	0	0	0	12481	12487
TP1_synth_reverse		18	T	388	310	97	8	628	75	892565	894071	0	1	3	0	5	0	12478	12487
TP1_synth_reverse		19	C	375	891871	1021	13	457	77	385	894199	0	12466	14	0	5	0	3	12488
TP1_synth_reverse		20	T	277	167	957	17	4	28	892749	894199	0	1	14	0	0	0	12473	12488
TP1_synth_reverse		21	T	572	341	375	173	4057	114	888567	894199	0	2	5	1	44	0	12436	12488
TP1_synth_reverse		22	G	282	566	830	891709	278	28	506	894199	2	1	14	12466	4	0	1	12488
TP1_synth_reverse		23	C	604	887661	1889	203	3280	39	532	894208	0	12424	22	3	35	0	4	12488
TP1_synth_reverse		24	G	323	354	974	891424	4	51	1078	894208	1	2	9	12472	0	0	4	12488
TP1_synth_reverse		25	G	242	738	295	891695	497	120	636	894223	1	1	5	12473	6	0	3	12489
TP1_synth_reverse		26	A	890690	21	1037	307	1711	36	436	894238	12448	0	13	1	25	0	2	12489
TP1_synth_reverse		27	G	349	832	618	891484	45	36	874	894238	2	0	9	12472	1	0	5	12489
TP1_synth_reverse		28	A	893231	39	490	84	236	33	125	894238	12480	0	7	0	2	0	0	12489
TP1_synth_reverse		29	T	376	145	1099	154	1	143	892320	894238	0	1	13	1	0	0	12474	12489
TP1_synth_reverse		30	T	1140	315	676	54	364	120	891575	894244	0	2	9	0	3	0	12475	12489
TP1_synth_reverse		31	C	590	892551	826	75	39	71	89	894241	0	12475	12	1	1	0	0	12489
TP1_synth_reverse		32	T	653	274	657	55	150	343	892101	894233	0	3	12	0	3	0	12471	12489
TP1_synth_reverse		33	C	467	892007	891	34	570	129	126	894224	0	12467	13	0	7	1	1	12489
TP1_synth_reverse		34	T	898	155	691	79	0	114	892283	894220	0	0	10	0	0	0	12479	12489
TP1_synth_reverse		35	T	1684	424	165	54	442	106	891333	894208	0	5	4	0	2	0	12478	12489
TP1_synth_reverse		36	C	560	891664	1626	22	2	56	286	894216	0	12470	17	0	0	0	2	12489
TP1_synth_reverse		37	C	686	891859	478	65	157	77	881	894203	0	12466	11	0	3	0	9	12489
TP1_synth_reverse		38	T	780	127	1194	246	278	29	891540	894194	0	1	15	0	4	0	12469	12489
TP1_synth_reverse		39	C	465	892492	746	56	33	75	324	894191	0	12480	8	0	0	0	1	12489
TP1_synth_reverse		40	T	1496	138	2599	36	2402	157	887352	894180	0	1	25	0	25	0	12438	12489
TP1_synth_reverse		41	G	846	705	1012	890597	130	36	854	894180	4	0	11	12466	3	0	5	12489
TP1_synth_reverse		42	T	2393	439	1407	33	2230	71	887602	894175	0	2	15	0	30	0	12442	12489
TP1_synth_reverse		43	G	1305	530	452	890562	127	411	773	894160	8	0	7	12468	3	0	3	12489
TP1_synth_reverse		44	C	548	888704	1374	82	1850	189	1424	894171	0	12439	14	0	20	0	17	12490
TP1_synth_reverse		45	G	324	435	786	890212	557	77	1766	894157	2	0	9	12471	3	0	5	12490
TP1_synth_reverse		46	C	812	890976	1631	64	1	14	675	894173	0	12466	21	0	0	0	3	12490
TP1_synth_reverse		47	C	371	891868	109	56	1020	33	708	894165	1	12466	2	0	15	0	6	12490
TP1_synth_reverse		48	G	772	990	924	890047	114	49	1251	894147	6	3	11	12468	1	0	1	12490
TP1_synth_reverse		49	A	892733	167	704	77	131	192	158	894162	12477	2	10	0	1	0	0	12490
TP1_synth_reverse		50	T	1252	86	743	155	159	134	891619	894148	0	0	8	0	2	0	12480	12490
TP1_synth_reverse		51	A	892408	620	578	117	76	135	214	894148	12474	6	6	0	3	0	1	12490
TP1_synth_reverse		52	C	591	892104	630	129	147	245	291	894137	0	12480	6	0	2	0	2	12490
TP1_synth_reverse		53	A	890714	383	1143	182	1175	316	237	894150	12461	3	15	0	11	0	1	12491
TP1_synth_reverse		54	G	589	302	444	891530	478	110	677	894130	9	0	10	12462	6	0	4	12491
TP1_synth_reverse		55	A	891479	499	1803	176	1	114	85	894157	12467	5	19	1	0	0	0	12492
TP1_synth_reverse		56	A	893104	29	581	165	0	112	158	894149	12485	1	6	0	0	0	0	12492
TP1_synth_reverse		57	T	2106	142	1066	260	256	217	890060	894107	0	1	11	0	3	0	12477	12492
TP1_synth_reverse		58	A	892459	87	907	94	14	284	271	894116	12482	1	9	0	0	0	1	12493
TP1_synth_reverse		59	T	1136	62	1319	102	134	386	890950	894089	0	0	16	0	2	0	12475	12493
TP1_synth_reverse		60	C	934	890981	1656	63	122	245	71	894072	0	12476	16	0	1	0	0	12493
TP1_synth_reverse		61	T	1361	181	1975	53	597	241	889658	894066	0	1	23	0	8	0	12461	12493
TP1_synth_reverse		62	G	616	322	447	891264	198	322	882	894051	1	0	6	12479	1	0	6	12493
TP1_synth_reverse		63	T	2235	139	1256	18	0	194	890219	894061	0	1	12	0	0	0	12481	12494
TP1_synth_reverse		64	T	2184	655	535	19	224	53	890370	894040	0	5	8	0	4	0	12477	12494
TP1_synth_reverse		65	C	1257	889712	1357	31	861	144	674	894036	1	12465	15	0	7	0	6	12494
TP1_synth_reverse		66	G	927	456	836	890390	140	78	1202	894029	7	0	13	12463	1	0	10	12494
TP1_synth_reverse		67	C	939	890645	1806	34	289	223	89	894025	0	12470	22	0	2	0	0	12494
TP1_synth_reverse		68	A	891353	233	2049	153	19	121	86	894014	12472	0	21	0	0	0	1	12494
TP1_synth_reverse		69	C	370	890756	1976	54	182	64	602	894004	0	12456	27	0	4	0	7	12494
TP1_synth_reverse		70	T	1295	278	2654	46	257	91	889356	893977	0	2	23	0	1	0	12468	12494
TP1_synth_reverse		71	C	452	890061	2953	33	1	319	150	893969	0	12467	27	0	0	0	0	12494
TP1_synth_reverse		72	C	784	890449	2140	75	97	142	269	893956	0	12471	20	0	2	0	1	12494
TP1_synth_reverse		73	G	821	739	3227	887509	236	320	1083	893935	7	1	24	12456	1	0	5	12494
TP1_synth_reverse		74	A	889572	493	3280	153	243	134	48	893923	12462	5	26	0	1	0	0	12494
TP1_synth_reverse		75	G	100	471	2246	890080	1	83	925	893906	0	0	18	12470	0	0	6	12494
TP1_synth_reverse		76	T	1059	1284	3483	95	404	84	887475	893884	0	9	22	1	4	0	12458	12494
TP1_synth_reverse		77	G	494	755	2417	889120	96	81	900	893863	6	1	21	12456	1	0	9	12494
TP1_synth_reverse		78	C	539	886003	4159	39	621	472	2011	893844	0	12450	33	0	3	0	8	12494
TP1_synth_reverse		79	G	525	655	3197	888734	1	165	560	893837	4	1	31	12455	0	0	3	12494
TP1_synth_reverse		80	G	591	414	1116	890884	1	155	647	893808	5	1	11	12474	0	0	3	12494
TP1_synth_reverse		81	C	345	890862	1988	97	143	119	243	893797	0	12476	15	0	1	0	2	12494
TP1_synth_reverse		82	A	889107	235	3713	391	0	102	133	893681	12461	1	30	2	0	0	0	12494
TP1_synth_reverse		83	A	892663	63	513	102	0	227	105	893673	12488	0	6	0	0	0	0	12494
TP1_synth_reverse		84	A	893005	50	140	160	19	223	45	893642	12493	0	1	0	0	0	0	12494
TP1_synth_reverse		85	G	173	423	271	892112	226	131	193	893529	1	0	2	12490	1	0	0	12494
TP1_synth_reverse		86	C	623	892560	16	67	0	98	109	893473	0	12493	0	1	0	0	0	12494
TP1_synth_reverse		87	T	1306	92	15	26	4	287	891676	893406	0	0	0	0	0	0	12494	12494
TP1_synth_reverse		88	G	220	532	25	892076	5	162	317	893337	1	0	0	12491	0	0	1	12493
TP1_synth_reverse		89	T	770	111	476	19	0	58	891829	893263	0	0	1	0	0	0	12492	12493
TP1_synth_reverse		90	T	697	119	24	25	0	92	892157	893114	0	0	0	0	0	0	12493	12493
TP1_synth_reverse		91	C	667	891871	0	75	1	276	118	893008	0	12493	0	0	0	0	0	12493
TP1_synth_reverse		92	C	476	890737	0	55	0	387	223	891878	0	12492	0	0	0	0	0	12492
TP1_synth_reverse		93	G	332	509	0	889216	0	177	220	890454	1	0	0	12490	0	0	0	12491
TP1_synth_reverse		94	T	611	137	0	58	0	89	889230	890125	0	0	0	0	0	0	12491	12491
TP1_synth_reverse		95	C	0	889292	0	0	0	162	0	889454	0	12491	0	0	0	0	0	12491
TP1_synth_reverse		96	C	0	888464	0	0	0	113	0	888577	0	12490	0	0	0	0	0	12490
TP1_synth_reverse		97	C	0	886689	0	0	0	153	0	886842	0	12488	0	0	0	0	0	12488
TP1_synth_reverse		98	A	884976	0	0	0	0	0	0	884976	12486	0	0	0	0	0	0	12486
TP1_synth_reverse		99	G	0	0	0	883385	1	0	0	883386	0	0	0	12486	0	0	0	12486
