



























































































































































































































#AmpliconChromStart	Alias	Position	ProbableRef	rawA	rawC	rawD	rawG	rawI	rawN	rawT	rawDepth	consA	consC	consD	consG	consI	consN	consT	consDepth	
TP1_synth_reverse		1	G	0	0	0	882350	0	0	0	882350	0	0	0	13962	0	0	0	13962
TP1_synth_reverse		2	T	0	0	0	0	0	0	884760	884760	0	0	0	0	0	0	13981	13981
TP1_synth_reverse		3	G	0	0	0	887841	0	90	0	887931	0	0	0	14014	0	0	0	14014
TP1_synth_reverse		4	G	0	0	0	889273	0	44	0	889317	0	0	0	14028	0	0	0	14028
TP1_synth_reverse		5	T	0	0	0	0	0	13	891384	891397	0	0	0	0	0	0	14043	14043
TP1_synth_reverse		6	G	129	100	0	891192	0	18	489	891928	0	0	0	14042	0	0	4	14046
TP1_synth_reverse		7	A	891817	23	0	121	0	64	143	892168	14050	0	0	0	0	0	0	14050
TP1_synth_reverse		8	G	124	84	0	893378	0	126	198	893910	0	0	0	14070	0	0	1	14071
TP1_synth_reverse		9	G	130	175	0	892634	278	42	727	893986	0	0	0	14067	2	0	3	14072
TP1_synth_reverse		10	C	290	893496	1	37	5	31	155	894015	0	14071	0	0	0	0	1	14072
TP1_synth_reverse		11	T	209	187	34	10	1162	24	892408	894034	0	0	1	0	17	0	14054	14072
TP1_synth_reverse		12	C	348	892220	1227	21	3	87	144	894050	0	14054	18	0	0	0	0	14072
TP1_synth_reverse		13	C	508	893287	3	33	0	113	119	894063	0	14072	0	0	0	0	0	14072
TP1_synth_reverse		14	C	559	893286	0	20	1	55	149	894070	1	14071	0	0	0	0	0	14072
TP1_synth_reverse		15	C	327	892680	263	23	425	64	305	894087	0	14059	4	0	7	0	2	14072
TP1_synth_reverse		16	T	402	181	1243	14	0	201	892046	894087	0	1	20	0	0	0	14051	14072
TP1_synth_reverse		17	T	395	163	201	10	1	78	893239	894087	0	2	4	0	0	0	14066	14072
TP1_synth_reverse		18	T	391	310	97	8	628	75	892578	894087	0	1	3	0	7	0	14061	14072
TP1_synth_reverse		19	C	375	891887	1021	13	457	77	385	894215	0	14051	14	0	5	0	3	14073
TP1_synth_reverse		20	T	277	167	957	17	4	28	892765	894215	0	1	16	0	0	0	14056	14073
TP1_synth_reverse		21	T	573	341	375	173	4057	114	888582	894215	0	2	5	1	44	0	14021	14073
TP1_synth_reverse		22	G	282	568	830	891729	278	28	506	894221	2	1	15	14048	5	0	2	14073
TP1_synth_reverse		23	C	605	887682	1889	203	3280	39	532	894230	0	14004	25	3	37	0	4	14073
TP1_synth_reverse		24	G	323	354	974	891446	4	51	1078	894230	3	3	9	14054	0	0	4	14073
TP1_synth_reverse		25	G	242	739	295	891701	497	120	636	894230	2	1	5	14055	6	0	4	14073
TP1_synth_reverse		26	A	890697	21	1037	307	1711	36	436	894245	14028	0	13	1	29	0	3	14074
TP1_synth_reverse		27	G	349	835	618	891488	45	36	874	894245	3	0	9	14055	1	0	6	14074
TP1_synth_reverse		28	A	893238	39	490	84	236	33	125	894245	14065	0	7	0	2	0	0	14074
TP1_synth_reverse		29	T	377	145	1099	154	1	143	892326	894245	0	1	14	1	0	0	14058	14074
TP1_synth_reverse		30	T	1143	315	676	54	364	120	891579	894251	0	2	10	0	3	0	14059	14074
TP1_synth_reverse		31	C	589	892550	826	75	39	71	89	894239	0	14059	13	1	1	0	0	14074
TP1_synth_reverse		32	T	654	274	657	55	150	343	892098	894231	0	3	12	0	3	0	14056	14074
TP1_synth_reverse		33	C	467	892005	891	34	570	129	126	894222	0	14047	15	0	9	1	2	14074
TP1_synth_reverse		34	T	896	155	691	79	0	114	892283	894218	0	1	13	0	0	0	14060	14074
TP1_synth_reverse		35	T	1685	424	165	54	442	106	891324	894200	0	5	5	0	3	0	14061	14074
TP1_synth_reverse		36	C	558	891658	1626	22	2	56	286	894208	0	14055	17	0	0	0	2	14074
TP1_synth_reverse		37	C	686	891851	478	65	157	77	881	894195	0	14046	12	0	4	0	12	14074
TP1_synth_reverse		38	T	780	127	1194	246	278	29	891532	894186	0	1	16	0	4	0	14053	14074
TP1_synth_reverse		39	C	464	892487	746	56	33	75	324	894185	0	14065	8	0	0	0	1	14074
TP1_synth_reverse		40	T	1499	138	2599	36	2402	157	887343	894174	0	1	25	0	28	0	14020	14074
TP1_synth_reverse		41	G	847	705	1012	890591	130	36	853	894174	5	0	11	14048	4	0	6	14074
TP1_synth_reverse		42	T	2390	439	1407	33	2230	71	887599	894169	0	2	16	0	35	0	14021	14074
TP1_synth_reverse		43	G	1306	531	452	890555	127	411	772	894154	8	0	7	14053	3	0	3	14074
TP1_synth_reverse		44	C	545	888701	1374	82	1850	189	1424	894165	0	14019	15	0	20	0	21	14075
TP1_synth_reverse		45	G	324	436	786	890206	557	77	1765	894151	2	0	9	14056	3	0	5	14075
TP1_synth_reverse		46	C	811	890971	1631	64	1	14	675	894167	0	14051	21	0	0	0	3	14075
TP1_synth_reverse		47	C	370	891872	109	56	1020	33	708	894168	1	14050	2	0	16	0	6	14075
TP1_synth_reverse		48	G	771	991	924	890049	114	49	1252	894150	6	3	12	14050	1	0	3	14075
TP1_synth_reverse		49	A	892736	167	704	77	131	192	158	894165	14062	2	10	0	1	0	0	14075
TP1_synth_reverse		50	T	1251	86	743	155	159	134	891623	894151	0	0	9	0	2	0	14064	14075
TP1_synth_reverse		51	A	892411	620	578	117	76	135	214	894151	14056	7	7	0	4	0	1	14075
TP1_synth_reverse		52	C	592	892107	630	128	147	245	291	894140	0	14063	8	0	2	0	2	14075
TP1_synth_reverse		53	A	890717	383	1143	182	1175	316	237	894153	14044	3	17	0	11	0	1	14076
TP1_synth_reverse		54	G	589	301	444	891534	478	110	677	894133	9	0	10	14046	7	0	4	14076
TP1_synth_reverse		55	A	891483	499	1802	176	1	114	85	894160	14049	5	22	1	0	0	0	14077
TP1_synth_reverse		56	A	893108	29	581	164	0	112	158	894152	14069	1	7	0	0	0	0	14077
TP1_synth_reverse		57	T	2108	142	1066	260	256	217	890061	894110	0	2	13	0	3	0	14059	14077
TP1_synth_reverse		58	A	892462	87	907	94	14	284	271	894119	14066	1	10	0	0	0	1	14078
TP1_synth_reverse		59	T	1134	62	1319	102	134	386	890955	894092	0	0	19	0	2	0	14057	14078
TP1_synth_reverse		60	C	932	890987	1656	62	122	245	71	894075	0	14058	19	0	1	0	0	14078
TP1_synth_reverse		61	T	1362	181	1975	52	597	241	889661	894069	0	1	27	0	8	0	14043	14079
TP1_synth_reverse		62	G	613	320	447	891273	198	322	881	894054	3	0	7	14062	1	0	6	14079
TP1_synth_reverse		63	T	2235	139	1256	18	0	194	890222	894064	0	1	16	0	0	0	14063	14080
TP1_synth_reverse		64	T	2185	655	535	19	224	53	890372	894043	0	6	9	0	4	0	14061	14080
TP1_synth_reverse		65	C	1257	889707	1358	30	861	144	674	894031	1	14047	17	0	9	0	6	14080
TP1_synth_reverse		66	G	927	456	836	890387	140	78	1200	894024	8	0	13	14048	1	0	10	14080
TP1_synth_reverse		67	C	940	890640	1806	34	289	223	89	894021	0	14052	26	0	2	0	0	14080
TP1_synth_reverse		68	A	891349	233	2049	153	19	121	86	894010	14056	0	23	0	0	0	1	14080
TP1_synth_reverse		69	C	371	890751	1976	54	182	64	602	894000	1	14040	28	0	4	0	7	14080
TP1_synth_reverse		70	T	1296	278	2653	46	257	91	889352	893973	0	2	24	0	2	0	14052	14080
TP1_synth_reverse		71	C	450	890059	2953	33	1	319	150	893965	0	14051	29	0	0	0	0	14080
TP1_synth_reverse		72	C	784	890445	2140	75	97	142	269	893952	0	14057	20	0	2	0	1	14080
TP1_synth_reverse		73	G	821	739	3227	887505	236	320	1083	893931	7	1	24	14041	2	0	5	14080
TP1_synth_reverse		74	A	889568	493	3280	153	243	134	48	893919	14046	5	28	0	1	0	0	14080
TP1_synth_reverse		75	G	100	472	2247	890075	1	83	924	893902	0	0	18	14056	0	0	6	14080
TP1_synth_reverse		76	T	1059	1284	3484	95	404	84	887470	893880	0	11	27	1	6	0	14035	14080
TP1_synth_reverse		77	G	494	755	2418	889114	96	81	900	893858	10	2	26	14032	1	0	9	14080
TP1_synth_reverse		78	C	540	886000	4159	39	621	472	2008	893839	1	14027	39	0	3	0	10	14080
TP1_synth_reverse		79	G	525	656	3197	888728	1	165	560	893832	5	1	31	14040	0	0	3	14080
TP1_synth_reverse		80	G	591	414	1116	890880	1	155	646	893803	6	1	11	14059	0	0	3	14080
TP1_synth_reverse		81	C	347	890855	1988	97	143	119	243	893792	0	14062	15	0	1	0	2	14080
TP1_synth_reverse		82	A	889102	235	3713	391	0	102	133	893676	14044	1	33	2	0	0	0	14080
TP1_synth_reverse		83	A	892658	63	513	102	0	227	105	893668	14074	0	6	0	0	0	0	14080
TP1_synth_reverse		84	A	893000	50	140	160	19	223	45	893637	14079	0	1	0	0	0	0	14080
TP1_synth_reverse		85	G	174	423	271	892106	226	131	193	893524	1	0	2	14076	1	0	0	14080
TP1_synth_reverse		86	C	624	892554	16	67	0	98	109	893468	0	14079	0	1	0	0	0	14080
TP1_synth_reverse		87	T	1307	92	15	26	4	287	891670	893401	1	0	0	0	0	0	14079	14080
TP1_synth_reverse		88	G	220	533	25	892070	5	162	317	893332	1	0	0	14077	0	0	1	14079
TP1_synth_reverse		89	T	771	111	476	19	0	58	891824	893259	0	0	1	0	0	0	14078	14079
TP1_synth_reverse		90	T	697	119	24	25	0	92	892153	893110	0	0	0	0	0	0	14079	14079
TP1_synth_reverse		91	C	666	891868	0	75	1	276	118	893004	1	14078	0	0	0	0	0	14079
TP1_synth_reverse		92	C	476	890734	0	54	0	387	223	891874	0	14078	0	0	0	0	0	14078
TP1_synth_reverse		93	G	332	506	0	889215	0	177	221	890451	1	0	0	14076	0	0	0	14077
TP1_synth_reverse		94	T	612	137	0	58	0	89	889226	890122	0	0	0	0	0	0	14077	14077
TP1_synth_reverse		95	C	0	889291	0	0	0	162	0	889453	0	14077	0	0	0	0	0	14077
TP1_synth_reverse		96	C	0	888464	0	0	0	113	0	888577	0	14076	0	0	0	0	0	14076
TP1_synth_reverse		97	C	0	886689	0	0	0	153	0	886842	0	14073	0	0	0	0	0	14073
TP1_synth_reverse		98	A	884978	0	0	0	0	0	0	884978	14069	0	0	0	0	0	0	14069
TP1_synth_reverse		99	G	0	0	0	883389	1	0	0	883390	0	0	0	14069	0	0	0	14069
