



























































































































































































































#AmpliconChromStart	Alias	Position	ProbableRef	rawA	rawC	rawD	rawG	rawI	rawN	rawT	rawDepth	consA	consC	consD	consG	consI	consN	consT	consDepth	
TP1_synth_reverse		1	G	0	0	0	882350	0	0	0	882350	0	0	0	70869	0	0	0	70869
TP1_synth_reverse		2	T	0	0	0	0	0	0	884760	884760	0	0	0	0	0	0	71399	71399
TP1_synth_reverse		3	G	0	0	0	887841	0	90	0	887931	0	0	0	71975	0	42	0	72017
TP1_synth_reverse		4	G	0	0	0	889273	0	44	0	889317	0	0	0	72447	0	19	0	72466
TP1_synth_reverse		5	T	0	0	0	0	0	13	891384	891397	0	0	0	0	0	12	72836	72848
TP1_synth_reverse		6	G	129	100	0	891192	0	18	489	891928	10	7	0	73224	0	7	37	73285
TP1_synth_reverse		7	A	891817	23	0	121	0	64	143	892168	73309	1	0	5	0	20	11	73346
TP1_synth_reverse		8	G	124	84	0	893378	0	126	198	893910	7	12	0	73361	0	45	27	73452
TP1_synth_reverse		9	G	130	175	0	892634	278	42	727	893986	8	34	0	73407	7	5	36	73497
TP1_synth_reverse		10	C	290	893496	1	37	5	31	155	894015	54	73457	0	1	1	1	10	73524
TP1_synth_reverse		11	T	209	187	34	10	1162	24	892408	894034	36	11	8	0	65	1	73417	73538
TP1_synth_reverse		12	C	348	892204	1227	21	3	87	144	894034	64	73360	65	0	1	38	10	73538
TP1_synth_reverse		13	C	508	893258	3	33	0	113	119	894034	68	73403	1	0	0	51	15	73538
TP1_synth_reverse		14	C	559	893257	0	20	1	55	149	894041	81	73440	0	1	0	18	5	73545
TP1_synth_reverse		15	C	327	892651	263	23	425	64	305	894058	72	73406	9	0	35	24	14	73560
TP1_synth_reverse		16	T	402	181	1243	14	0	201	892048	894089	106	22	91	2	0	57	73312	73590
TP1_synth_reverse		17	T	395	163	201	10	1	78	893250	894098	86	9	13	0	0	28	73459	73595
TP1_synth_reverse		18	T	388	310	97	8	628	75	892592	894098	91	13	11	1	47	18	73414	73595
TP1_synth_reverse		19	C	375	891898	1021	13	457	77	385	894226	141	73333	64	0	32	17	22	73609
TP1_synth_reverse		20	T	276	167	957	17	4	28	892777	894226	75	4	106	1	0	11	73412	73609
TP1_synth_reverse		21	T	574	341	375	173	4057	114	888592	894226	153	24	29	11	292	7	73093	73609
TP1_synth_reverse		22	G	282	566	830	891742	278	28	506	894232	26	173	79	73232	24	0	80	73614
TP1_synth_reverse		23	C	606	887692	1889	203	3280	39	532	894241	146	73070	126	15	233	2	27	73619
TP1_synth_reverse		24	G	323	354	974	891455	4	51	1080	894241	24	65	64	73323	0	16	127	73619
TP1_synth_reverse		25	G	242	741	295	891710	497	120	636	894241	22	173	23	73232	33	34	102	73619
TP1_synth_reverse		26	A	890708	21	1037	307	1711	36	436	894256	73355	3	71	21	136	19	23	73628
TP1_synth_reverse		27	G	350	834	618	891499	45	36	874	894256	26	174	43	73238	11	19	117	73628
TP1_synth_reverse		28	A	893249	39	490	84	236	33	125	894256	73537	7	46	5	19	8	6	73628
TP1_synth_reverse		29	T	376	145	1099	154	1	143	892338	894256	86	11	84	11	0	41	73395	73628
TP1_synth_reverse		30	T	1141	315	676	54	364	120	891586	894256	342	15	42	16	26	18	73169	73628
TP1_synth_reverse		31	C	590	892563	826	75	39	71	89	894253	190	73318	62	8	11	27	6	73622
TP1_synth_reverse		32	T	652	274	657	55	150	343	892114	894245	131	18	63	10	16	40	73337	73615
TP1_synth_reverse		33	C	468	892018	891	34	570	129	126	894236	162	73290	83	2	41	22	9	73609
TP1_synth_reverse		34	T	898	155	691	79	0	114	892295	894232	206	9	73	6	0	23	73288	73605
TP1_synth_reverse		35	T	1687	424	165	54	442	106	891342	894220	460	22	30	7	32	45	73007	73603
TP1_synth_reverse		36	C	560	891676	1626	22	2	56	286	894228	132	73312	133	3	1	13	16	73610
TP1_synth_reverse		37	C	689	891867	478	66	157	77	881	894215	181	73257	54	7	27	15	61	73602
TP1_synth_reverse		38	T	780	127	1194	246	278	29	891552	894206	217	8	84	34	12	15	73229	73599
TP1_synth_reverse		39	C	466	892503	746	56	33	75	324	894203	135	73379	43	8	6	18	7	73596
TP1_synth_reverse		40	T	1500	138	2599	36	2401	157	887361	894192	322	18	120	4	162	21	72941	73588
TP1_synth_reverse		41	G	848	710	1012	890602	130	36	854	894192	133	208	92	72998	13	5	140	73589
TP1_synth_reverse		42	T	2394	439	1407	33	2230	71	887613	894187	554	21	115	5	211	14	72667	73587
TP1_synth_reverse		43	G	1308	532	453	890567	127	411	774	894172	111	135	48	73066	11	65	139	73575
TP1_synth_reverse		44	C	549	888714	1375	82	1850	189	1424	894183	125	73067	100	7	102	52	125	73578
TP1_synth_reverse		45	G	323	434	787	890219	557	77	1772	894169	18	129	79	73003	29	39	269	73566
TP1_synth_reverse		46	C	812	890989	1631	63	1	14	675	894185	296	73114	122	9	0	3	34	73578
TP1_synth_reverse		47	C	373	891887	109	56	1020	33	708	894186	72	73339	16	5	105	14	32	73583
TP1_synth_reverse		48	G	771	990	924	890055	114	49	1258	894161	60	246	78	72939	13	23	202	73561
TP1_synth_reverse		49	A	892748	167	704	77	131	192	157	894176	73548	14	69	9	6	25	10	73681
TP1_synth_reverse		50	T	1253	86	743	154	159	134	891633	894162	267	3	56	24	9	40	73268	73667
TP1_synth_reverse		51	A	892423	620	578	117	76	135	213	894162	73522	40	35	10	12	40	8	73667
TP1_synth_reverse		52	C	596	892113	630	129	147	245	291	894151	185	73358	41	33	7	15	18	73657
TP1_synth_reverse		53	A	890728	383	1143	182	1175	316	237	894164	73398	19	100	11	69	41	25	73663
TP1_synth_reverse		54	G	590	298	444	891547	478	110	677	894144	79	57	67	73300	39	32	73	73647
TP1_synth_reverse		55	A	891494	499	1803	175	1	114	85	894171	73447	50	126	13	0	10	3	73649
TP1_synth_reverse		56	A	893119	29	581	164	0	112	158	894163	73534	6	55	16	0	21	15	73647
TP1_synth_reverse		57	T	2109	142	1066	260	256	217	890071	894121	445	13	87	33	22	47	72977	73624
TP1_synth_reverse		58	A	892473	87	907	94	14	284	271	894130	73373	4	73	4	0	148	19	73621
TP1_synth_reverse		59	T	1140	62	1319	102	134	386	890960	894103	256	4	96	14	14	80	73141	73605
TP1_synth_reverse		60	C	934	890996	1656	62	122	245	71	894086	252	73168	122	7	3	37	5	73594
TP1_synth_reverse		61	T	1360	181	1974	53	597	241	889674	894080	298	8	179	8	36	62	73000	73591
TP1_synth_reverse		62	G	614	326	447	891276	198	322	882	894065	86	61	64	73011	7	161	188	73578
TP1_synth_reverse		63	T	2234	139	1256	18	0	194	890234	894075	533	4	75	2	0	72	72894	73580
TP1_synth_reverse		64	T	2188	655	535	19	224	53	890379	894053	382	31	56	3	13	7	73075	73567
TP1_synth_reverse		65	C	1256	889726	1357	31	861	144	674	894049	245	73088	133	5	42	18	32	73563
TP1_synth_reverse		66	G	927	458	836	890403	140	78	1201	894043	83	134	90	73106	8	17	123	73561
TP1_synth_reverse		67	C	940	890658	1806	34	289	223	89	894039	259	73079	156	4	22	33	4	73557
TP1_synth_reverse		68	A	891368	232	2049	153	19	121	86	894028	73355	32	136	7	1	16	4	73551
TP1_synth_reverse		69	C	371	890769	1976	54	182	64	602	894018	88	73268	135	5	10	4	34	73544
TP1_synth_reverse		70	T	1298	278	2654	45	257	91	889368	893991	298	12	137	3	17	16	73044	73527
TP1_synth_reverse		71	C	452	890075	2953	33	1	319	150	893983	113	73114	191	1	1	84	18	73522
TP1_synth_reverse		72	C	787	890460	2140	75	97	142	269	893970	212	73094	111	8	10	52	25	73512
TP1_synth_reverse		73	G	821	740	3227	887522	236	320	1083	893949	51	157	166	72827	11	182	102	73496
TP1_synth_reverse		74	A	889587	493	3280	152	243	134	48	893937	73184	34	193	10	13	52	3	73489
TP1_synth_reverse		75	G	100	473	2246	890092	1	83	925	893920	13	95	128	73141	0	17	81	73475
TP1_synth_reverse		76	T	1060	1284	3483	95	404	84	887488	893898	304	88	211	16	36	10	72801	73466
TP1_synth_reverse		77	G	494	756	2417	889130	96	81	902	893876	51	123	136	73025	10	10	99	73454
TP1_synth_reverse		78	C	543	886011	4159	39	621	472	2011	893856	98	72871	255	5	33	78	102	73442
TP1_synth_reverse		79	G	525	656	3197	888742	1	165	563	893849	47	236	200	72853	0	25	79	73440
TP1_synth_reverse		80	G	592	416	1116	890894	1	155	646	893820	54	101	57	73093	0	39	82	73426
TP1_synth_reverse		81	C	351	890868	1988	97	143	119	243	893809	83	73161	98	7	17	27	25	73418
TP1_synth_reverse		82	A	889119	235	3713	391	0	102	133	893693	73021	15	225	17	0	18	10	73306
TP1_synth_reverse		83	A	892675	63	513	102	0	227	105	893685	73222	6	24	6	0	41	2	73301
TP1_synth_reverse		84	A	893017	50	140	160	19	223	45	893654	73227	3	9	7	6	41	4	73297
TP1_synth_reverse		85	G	174	423	271	892123	226	131	193	893541	33	103	14	73039	7	28	26	73250
TP1_synth_reverse		86	C	625	892567	16	67	0	98	109	893482	115	73084	1	6	0	13	10	73229
TP1_synth_reverse		87	T	1307	92	15	27	4	287	891683	893415	286	3	0	4	2	33	72872	73200
TP1_synth_reverse		88	G	220	533	25	892081	5	162	319	893345	16	52	8	72985	2	34	83	73180
TP1_synth_reverse		89	T	770	111	476	19	0	58	891836	893270	101	3	23	1	0	16	73018	73162
TP1_synth_reverse		90	T	700	119	24	25	0	92	892162	893122	118	4	0	0	0	10	72994	73126
TP1_synth_reverse		91	C	667	891879	0	75	1	276	118	893016	122	72923	0	5	0	33	9	73092
TP1_synth_reverse		92	C	475	890745	0	55	0	387	223	891885	46	72881	0	5	0	81	16	73029
TP1_synth_reverse		93	G	332	508	0	889223	0	177	221	890461	16	121	0	72704	0	48	42	72931
TP1_synth_reverse		94	T	611	137	0	58	0	89	889236	890131	107	9	0	11	0	11	72750	72888
TP1_synth_reverse		95	C	0	889299	0	0	0	162	0	889461	0	72792	0	0	0	14	0	72806
TP1_synth_reverse		96	C	0	888470	0	0	0	113	0	888583	0	72701	0	0	0	23	0	72724
TP1_synth_reverse		97	C	0	886694	0	0	0	153	0	886847	0	72540	0	0	0	56	0	72596
TP1_synth_reverse		98	A	884984	0	0	0	0	0	0	884984	72434	0	0	0	0	0	0	72434
TP1_synth_reverse		99	G	0	0	0	883394	1	0	0	883395	0	0	0	72222	0	0	0	72222
