



























































































































































































































#AmpliconChromStart	Alias	Position	ProbableRef	rawA	rawC	rawD	rawG	rawI	rawN	rawT	rawDepth	consA	consC	consD	consG	consI	consN	consT	consDepth	
TP1_synth_reverse		1	G	0	0	0	882350	0	0	0	882350	0	0	0	15105	0	0	0	15105
TP1_synth_reverse		2	T	0	0	0	0	0	0	884760	884760	0	0	0	0	0	0	15127	15127
TP1_synth_reverse		3	G	0	0	0	887841	0	90	0	887931	0	0	0	15161	0	0	0	15161
TP1_synth_reverse		4	G	0	0	0	889273	0	44	0	889317	0	0	0	15175	0	0	0	15175
TP1_synth_reverse		5	T	0	0	0	0	0	13	891384	891397	0	0	0	0	0	0	15191	15191
TP1_synth_reverse		6	G	129	100	0	891192	0	18	489	891928	0	0	0	15190	0	0	4	15194
TP1_synth_reverse		7	A	891817	23	0	121	0	64	143	892168	15198	0	0	0	0	0	0	15198
TP1_synth_reverse		8	G	124	84	0	893378	0	126	198	893910	0	0	0	15218	0	0	1	15219
TP1_synth_reverse		9	G	130	175	0	892634	278	42	727	893986	0	0	0	15215	2	0	3	15220
TP1_synth_reverse		10	C	290	893496	1	37	5	31	155	894015	0	15219	0	0	0	0	1	15220
TP1_synth_reverse		11	T	209	187	34	10	1162	24	892408	894034	0	0	1	0	18	0	15202	15221
TP1_synth_reverse		12	C	348	892204	1227	21	3	87	144	894034	0	15203	18	0	0	0	0	15221
TP1_synth_reverse		13	C	508	893258	3	33	0	113	119	894034	0	15221	0	0	0	0	0	15221
TP1_synth_reverse		14	C	559	893257	0	20	1	55	149	894041	1	15220	0	0	0	0	0	15221
TP1_synth_reverse		15	C	327	892651	263	23	425	64	305	894058	0	15208	4	0	7	0	2	15221
TP1_synth_reverse		16	T	402	181	1243	14	0	201	892048	894089	0	1	20	0	0	0	15200	15221
TP1_synth_reverse		17	T	395	163	201	10	1	78	893241	894089	0	2	4	0	0	0	15215	15221
TP1_synth_reverse		18	T	388	310	97	8	628	75	892583	894089	0	1	3	0	7	0	15210	15221
TP1_synth_reverse		19	C	375	891889	1021	13	457	77	385	894217	0	15199	15	0	5	0	3	15222
TP1_synth_reverse		20	T	276	167	957	17	4	28	892768	894217	0	1	18	0	0	0	15203	15222
TP1_synth_reverse		21	T	574	341	375	173	4057	114	888583	894217	0	2	6	1	47	0	15166	15222
TP1_synth_reverse		22	G	282	566	830	891733	278	28	506	894223	2	1	16	15194	5	0	4	15222
TP1_synth_reverse		23	C	605	887684	1889	203	3280	39	532	894232	0	15146	29	3	40	0	4	15222
TP1_synth_reverse		24	G	323	354	974	891447	4	51	1079	894232	3	3	10	15202	0	0	4	15222
TP1_synth_reverse		25	G	242	740	295	891702	497	120	636	894232	2	1	5	15204	6	0	4	15222
TP1_synth_reverse		26	A	890699	21	1037	307	1711	36	436	894247	15172	0	14	1	33	0	3	15223
TP1_synth_reverse		27	G	349	832	618	891493	45	36	874	894247	3	0	9	15204	1	0	6	15223
TP1_synth_reverse		28	A	893240	39	490	84	236	33	125	894247	15213	0	8	0	2	0	0	15223
TP1_synth_reverse		29	T	376	145	1099	154	1	143	892329	894247	0	2	17	1	0	0	15203	15223
TP1_synth_reverse		30	T	1141	315	676	54	364	120	891583	894253	0	2	11	0	3	0	15207	15223
TP1_synth_reverse		31	C	590	892560	826	75	39	71	89	894250	0	15206	15	1	1	0	0	15223
TP1_synth_reverse		32	T	652	274	657	55	150	343	892111	894242	1	3	13	0	3	0	15203	15223
TP1_synth_reverse		33	C	468	892015	891	34	570	129	126	894233	0	15194	17	0	9	1	2	15223
TP1_synth_reverse		34	T	896	155	691	79	0	114	892294	894229	0	1	13	0	0	0	15209	15223
TP1_synth_reverse		35	T	1687	424	165	54	442	106	891339	894217	0	5	5	0	5	0	15208	15223
TP1_synth_reverse		36	C	560	891673	1626	22	2	56	286	894225	0	15203	18	0	0	0	2	15223
TP1_synth_reverse		37	C	688	891865	478	66	157	77	881	894212	0	15194	12	0	5	0	12	15223
TP1_synth_reverse		38	T	780	127	1194	246	278	29	891547	894201	0	1	17	0	4	0	15201	15223
TP1_synth_reverse		39	C	465	892499	746	56	33	75	324	894198	0	15214	8	0	0	0	1	15223
TP1_synth_reverse		40	T	1499	138	2599	36	2401	157	887357	894187	0	4	27	0	28	0	15164	15223
TP1_synth_reverse		41	G	848	707	1012	890600	130	36	854	894187	5	0	11	15197	4	0	6	15223
TP1_synth_reverse		42	T	2393	439	1407	33	2230	71	887609	894182	0	2	17	0	38	0	15166	15223
TP1_synth_reverse		43	G	1308	532	453	890563	127	411	773	894167	9	0	7	15201	3	0	3	15223
TP1_synth_reverse		44	C	549	888709	1375	82	1850	189	1424	894178	0	15165	15	0	21	0	23	15224
TP1_synth_reverse		45	G	323	434	787	890215	557	77	1771	894164	3	0	9	15204	3	0	5	15224
TP1_synth_reverse		46	C	811	890984	1631	64	1	14	675	894180	0	15200	22	0	0	0	3	15225
TP1_synth_reverse		47	C	372	891883	109	56	1020	33	708	894181	1	15194	2	0	22	0	6	15225
TP1_synth_reverse		48	G	771	990	924	890059	114	49	1256	894163	8	3	13	15197	1	0	3	15225
TP1_synth_reverse		49	A	892749	167	704	77	131	192	158	894178	15211	2	11	0	1	0	0	15225
TP1_synth_reverse		50	T	1253	86	743	154	159	134	891635	894164	0	0	10	0	2	0	15213	15225
TP1_synth_reverse		51	A	892424	620	578	117	76	135	214	894164	15204	8	8	0	4	0	1	15225
TP1_synth_reverse		52	C	596	892115	630	129	147	245	291	894153	0	15211	9	0	2	0	3	15225
TP1_synth_reverse		53	A	890730	383	1143	182	1175	316	237	894166	15191	3	20	0	11	0	1	15226
TP1_synth_reverse		54	G	590	302	444	891545	478	110	677	894146	9	0	12	15194	7	0	4	15226
TP1_synth_reverse		55	A	891495	499	1803	176	1	114	85	894173	15195	6	24	2	0	0	0	15227
TP1_synth_reverse		56	A	893121	29	581	164	0	112	158	894165	15218	1	8	0	0	0	0	15227
TP1_synth_reverse		57	T	2113	142	1066	260	256	217	890069	894123	0	3	16	0	3	0	15205	15227
TP1_synth_reverse		58	A	892475	87	907	94	14	284	271	894132	15216	1	10	0	0	0	1	15228
TP1_synth_reverse		59	T	1141	62	1319	102	134	386	890961	894105	0	0	20	0	3	0	15205	15228
TP1_synth_reverse		60	C	935	890997	1656	62	122	245	71	894088	0	15207	20	0	1	0	0	15228
TP1_synth_reverse		61	T	1362	181	1975	53	597	241	889673	894082	0	1	31	0	8	0	15189	15229
TP1_synth_reverse		62	G	615	324	447	891279	198	322	882	894067	3	0	9	15210	1	0	6	15229
TP1_synth_reverse		63	T	2236	139	1256	18	0	194	890234	894077	0	1	17	0	0	0	15212	15230
TP1_synth_reverse		64	T	2187	655	535	19	224	53	890386	894059	0	6	9	0	4	0	15211	15230
TP1_synth_reverse		65	C	1259	889721	1357	31	861	144	674	894047	1	15197	17	0	9	0	6	15230
TP1_synth_reverse		66	G	928	457	836	890400	140	78	1202	894041	9	0	13	15197	1	0	10	15230
TP1_synth_reverse		67	C	941	890655	1806	34	289	223	89	894037	0	15203	26	0	2	0	0	15231
TP1_synth_reverse		68	A	891365	233	2049	153	19	121	86	894026	15206	0	23	0	0	0	1	15230
TP1_synth_reverse		69	C	372	890766	1976	54	182	64	602	894016	1	15189	28	0	5	0	7	15230
TP1_synth_reverse		70	T	1297	278	2654	46	257	91	889366	893989	0	2	24	0	2	0	15202	15230
TP1_synth_reverse		71	C	453	890072	2953	33	1	319	150	893981	0	15197	33	0	0	0	0	15230
TP1_synth_reverse		72	C	787	890458	2140	75	97	142	269	893968	0	15206	20	0	2	0	2	15230
TP1_synth_reverse		73	G	821	740	3227	887520	236	320	1083	893947	7	1	26	15188	2	0	6	15230
TP1_synth_reverse		74	A	889584	493	3280	153	243	134	48	893935	15191	6	32	0	1	0	0	15230
TP1_synth_reverse		75	G	100	472	2246	890091	1	83	925	893918	0	0	20	15204	0	0	6	15230
TP1_synth_reverse		76	T	1060	1284	3483	95	404	84	887486	893896	0	11	28	1	6	0	15184	15230
TP1_synth_reverse		77	G	494	756	2417	889128	96	81	902	893874	10	2	27	15180	2	0	9	15230
TP1_synth_reverse		78	C	542	886013	4159	39	621	472	2008	893854	1	15172	43	0	4	0	10	15230
TP1_synth_reverse		79	G	525	656	3197	888741	1	165	562	893847	6	1	34	15186	0	0	3	15230
TP1_synth_reverse		80	G	592	416	1116	890892	1	155	646	893818	7	2	11	15207	0	0	3	15230
TP1_synth_reverse		81	C	350	890867	1988	97	143	119	243	893807	0	15211	16	0	1	0	2	15230
TP1_synth_reverse		82	A	889117	235	3713	391	0	102	133	893691	15188	1	39	2	0	0	0	15230
TP1_synth_reverse		83	A	892673	63	513	102	0	227	105	893683	15224	0	6	0	0	0	0	15230
TP1_synth_reverse		84	A	893015	50	140	160	19	223	45	893652	15228	0	1	0	1	0	0	15230
TP1_synth_reverse		85	G	174	423	271	892121	226	131	193	893539	1	0	2	15226	1	0	0	15230
TP1_synth_reverse		86	C	625	892566	16	67	0	98	109	893481	0	15229	0	1	0	0	0	15230
TP1_synth_reverse		87	T	1307	92	15	27	4	287	891682	893414	1	0	0	0	0	0	15229	15230
TP1_synth_reverse		88	G	220	533	25	892080	5	162	319	893344	1	0	0	15227	0	0	1	15229
TP1_synth_reverse		89	T	769	111	476	19	0	58	891837	893270	0	0	1	0	0	0	15228	15229
TP1_synth_reverse		90	T	700	119	24	25	0	92	892161	893121	0	0	0	0	0	0	15229	15229
TP1_synth_reverse		91	C	667	891878	0	75	1	276	118	893015	1	15228	0	0	0	0	0	15229
TP1_synth_reverse		92	C	475	890744	0	54	0	387	223	891883	0	15228	0	0	0	0	0	15228
TP1_synth_reverse		93	G	332	508	0	889221	0	177	221	890459	1	0	0	15226	0	0	0	15227
TP1_synth_reverse		94	T	611	137	0	58	0	89	889234	890129	0	0	0	0	0	0	15227	15227
TP1_synth_reverse		95	C	0	889298	0	0	0	162	0	889460	0	15227	0	0	0	0	0	15227
TP1_synth_reverse		96	C	0	888469	0	0	0	113	0	888582	0	15226	0	0	0	0	0	15226
TP1_synth_reverse		97	C	0	886693	0	0	0	153	0	886846	0	15222	0	0	0	0	0	15222
TP1_synth_reverse		98	A	884982	0	0	0	0	0	0	884982	15218	0	0	0	0	0	0	15218
TP1_synth_reverse		99	G	0	0	0	883392	1	0	0	883393	0	0	0	15218	0	0	0	15218
